12921	4	3	91	26	760	1	6	8	0.233	128	4096	10	0	0	0	0	29.824	955.16	1.4425e+006	0.11606	0.010006	40.236	0	0	1	0	0	0	11	0	0
979.6	0.024208	-0.019799	-0.13888	-0.24297	-0.34308	-0.3347	-0.55375	-0.73538	-0.83676	-1.1184	-1.4774	-1.5564	-1.6086	-1.4298	-0.1896	0.68724	0.85879	0.75055	0.58846	0.26832	0.099596	-0.0074744	-0.096864	-0.11806	-0.095634	-0.082612	-0.074992	-0.035364	0.014721	0.038956	5.1698
974.07	0.031519	-0.014707	-0.12944	-0.26367	-0.34329	-0.32649	-0.56726	-0.77258	-0.87037	-1.1827	-1.416	-1.7284	-1.79	-1.6552	-0.33462	0.5191	0.83849	0.77082	0.61966	0.30752	0.12355	0.014403	-0.07655	-0.079405	-0.065336	-0.072308	-0.057191	-0.026213	0.026655	0.04833	5.5062
977.26	0.020293	-0.007988	-0.15489	-0.27205	-0.36292	-0.33718	-0.57722	-0.79044	-0.92961	-1.2942	-1.5939	-1.9097	-2.0027	-1.8664	-0.68799	0.52555	0.80361	0.7935	0.66042	0.34245	0.162	0.036199	-0.055503	-0.066603	-0.06805	-0.056735	-0.053218	-0.031146	0.025782	0.032966	5.9227
971.52	0.026007	-0.025929	-0.15265	-0.25584	-0.35724	-0.35861	-0.60364	-0.8235	-0.96251	-1.335	-1.6121	-1.8882	-2.0381	-1.9708	-0.64961	0.40547	0.79259	0.81931	0.7066	0.39294	0.1864	0.073852	-0.024064	-0.049648	-0.043421	-0.059385	-0.053533	-0.017627	0.032269	0.036221	6.3134
977.05	0.029833	-0.023556	-0.14787	-0.25439	-0.36646	-0.35994	-0.61794	-0.83688	-1.0086	-1.5253	-1.7941	-2.0808	-2.292	-2.1996	-0.84852	0.40317	0.73479	0.82896	0.73188	0.41358	0.23587	0.10338	0.0076573	-0.026629	-0.030732	-0.034502	-0.035057	-0.010356	0.027362	0.043621	6.7252
970.25	0.024442	-0.010285	-0.13627	-0.28565	-0.39515	-0.35738	-0.64903	-0.89012	-1.0576	-1.6854	-1.9467	-2.2837	-2.5281	-2.5968	-1.237	0.1428	0.69967	0.84238	0.76952	0.46419	0.26804	0.12529	0.021677	-0.01497	-0.018415	-0.033972	-0.024628	0.012682	0.02676	0.029376	7.1081
971.31	0.025214	-0.025934	-0.15426	-0.30006	-0.41125	-0.36544	-0.67283	-0.89703	-1.0892	-1.6919	-2.1107	-2.224	-2.8787	-2.9053	-1.3205	0.076921	0.62555	0.86005	0.80191	0.50476	0.31075	0.16911	0.048002	-0.0023334	0.0066438	-0.023903	-0.016222	0.0040116	0.023563	0.033168	7.5
970.89	0.018027	-0.025946	-0.17327	-0.30485	-0.40534	-0.37575	-0.68724	-0.92346	-1.1445	-1.7507	-1.9367	-2.5031	-2.9899	-3.109	-1.6184	-0.038135	0.56428	0.86381	0.83777	0.53211	0.33435	0.19606	0.065856	0.028441	0.0081193	-0.017739	-0.0063255	0.003292	0.028329	0.043131	7.8826
968.44	0.026893	-0.018532	-0.17054	-0.28463	-0.3924	-0.39958	-0.71503	-0.97563	-1.1932	-1.7884	-2.1871	-2.6571	-3.2495	-3.4213	-1.9206	-0.236	0.48738	0.85752	0.84367	0.56311	0.36812	0.22187	0.079234	0.052243	0.01331	-0.0061759	0.0089371	0.014152	0.023633	0.044008	8.306
968.87	0.019666	-0.00058305	-0.14832	-0.2915	-0.40705	-0.385	-0.75269	-0.98232	-1.2255	-1.8292	-2.3176	-2.9101	-3.3583	-3.693	-2.0985	-0.48301	0.40256	0.86222	0.8539	0.59664	0.4095	0.24218	0.11183	0.056173	0.031021	0.0069786	0.0051174	0.018487	0.041891	0.030951	8.6733
965.79	0.0076713	-0.028333	-0.17974	-0.30022	-0.4346	-0.40238	-0.7297	-1.0132	-1.2562	-1.81	-2.6151	-3.0345	-3.5428	-3.9083	-2.2589	-0.65807	0.31738	0.86582	0.84675	0.60185	0.41317	0.25441	0.12466	0.061906	0.037785	0.017865	0.0035996	0.020722	0.030072	0.029512	9.0964
967.91	0.019685	-0.0148	-0.16984	-0.31512	-0.43976	-0.41676	-0.76088	-1.0529	-1.2963	-1.9641	-2.5392	-3.151	-3.7005	-4.2434	-2.5437	-0.62363	0.24941	0.85968	0.87444	0.6368	0.45305	0.28816	0.14538	0.092639	0.053959	0.032538	0.020407	0.017056	0.054651	0.04173	9.474
964.19	0.010903	-0.043402	-0.16176	-0.31009	-0.44671	-0.42688	-0.77803	-1.0801	-1.3581	-2.1722	-2.6547	-3.3361	-4.1261	-4.6518	-3.0496	-1.0151	0.091455	0.82809	0.8664	0.67237	0.48473	0.31962	0.16546	0.10174	0.060844	0.031107	0.029695	0.011309	0.030121	0.037267	9.8485
960.79	0.010942	-0.011893	-0.16791	-0.3151	-0.43774	-0.39935	-0.7958	-1.0791	-1.406	-2.2134	-2.6729	-3.4802	-4.3074	-5.0302	-3.3866	-1.2263	-0.042976	0.80711	0.88169	0.70797	0.52201	0.34215	0.1919	0.12363	0.082649	0.035899	0.045968	0.023746	0.03103	0.038944	10.211
961.43	-0.01087	-0.038252	-0.15664	-0.31333	-0.43745	-0.41616	-0.81927	-1.1262	-1.432	-2.0947	-2.8125	-3.5605	-4.487	-5.3336	-3.556	-1.4745	-0.12263	0.80315	0.87576	0.71995	0.54062	0.36248	0.20038	0.14187	0.080362	0.055363	0.031318	0.021545	0.027008	0.011098	10.562
960.26	-0.0011804	-0.028493	-0.14886	-0.33252	-0.4547	-0.40641	-0.8368	-1.1579	-1.4684	-2.2231	-3.1077	-3.6228	-4.7625	-5.5369	-3.6548	-1.5511	-0.20975	0.78105	0.86919	0.72665	0.54682	0.37116	0.2116	0.15241	0.096101	0.072601	0.057553	0.040543	0.048677	0.024265	10.922
960.15	-0.014928	-0.029251	-0.15366	-0.30904	-0.46883	-0.40816	-0.83088	-1.1947	-1.4663	-2.2988	-3.055	-3.648	-4.9934	-5.7029	-3.93	-1.9253	-0.30472	0.74267	0.86317	0.75498	0.5619	0.39014	0.24612	0.15323	0.11027	0.055437	0.055244	0.042737	0.022233	0.03665	11.16
956.64	-0.0093016	-0.025574	-0.14942	-0.3086	-0.45466	-0.45084	-0.83543	-1.1823	-1.5296	-2.2567	-3.1461	-3.7942	-5.0277	-6.0952	-4.1859	-1.9574	-0.42036	0.73081	0.85867	0.75942	0.58301	0.40314	0.2486	0.1658	0.12263	0.077576	0.061635	0.035569	0.02473	0.02824	11.475
957.28	-0.017407	-0.042959	-0.15972	-0.3139	-0.46583	-0.46426	-0.85823	-1.2103	-1.5603	-2.3562	-3.2061	-3.8	-5.2873	-6.3676	-4.4932	-2.2395	-0.53212	0.69774	0.865	0.78143	0.6088	0.42848	0.26494	0.1817	0.12554	0.086918	0.056958	0.047259	0.020693	0.018908	11.763
954.84	-0.010132	-0.049895	-0.17217	-0.31943	-0.47321	-0.42161	-0.86647	-1.2174	-1.5868	-2.4128	-3.2499	-3.9345	-5.5644	-6.6214	-4.6429	-2.4124	-0.69957	0.65654	0.83725	0.80181	0.62547	0.43703	0.27035	0.18778	0.12436	0.09028	0.060203	0.038571	0.042507	0.019734	12.009
956.33	-0.019859	-0.052847	-0.15107	-0.31421	-0.4875	-0.45185	-0.85834	-1.2604	-1.592	-2.4091	-3.3336	-4.053	-5.6914	-6.6744	-4.86	-2.4671	-0.74174	0.62204	0.83058	0.79139	0.63085	0.44627	0.28725	0.20592	0.14287	0.10189	0.060882	0.048037	0.024738	0.012712	12.221
953.13	-0.023183	-0.057583	-0.16604	-0.32316	-0.4714	-0.45509	-0.90207	-1.2614	-1.6106	-2.4087	-3.3982	-4.0332	-5.8544	-6.8791	-4.8849	-2.7014	-0.79405	0.61982	0.82028	0.80827	0.63615	0.46518	0.29216	0.20259	0.13209	0.08415	0.068072	0.051139	0.014325	0.010416	12.444
955.26	-0.049956	-0.049115	-0.16968	-0.28541	-0.47035	-0.46438	-0.9061	-1.192	-1.6263	-2.5045	-3.3817	-4.1739	-5.8174	-7.0696	-5.0121	-2.8374	-0.88051	0.58579	0.80386	0.81983	0.64268	0.46994	0.31042	0.19652	0.13853	0.10044	0.075664	0.053959	0.0094574	0.0018369	12.646
952.39	-0.06152	-0.080441	-0.15411	-0.31472	-0.46201	-0.42097	-0.8899	-1.2431	-1.6592	-2.4444	-3.5435	-4.2199	-6.0112	-7.3767	-5.2957	-2.8459	-0.95556	0.58066	0.81399	0.81979	0.66854	0.48963	0.3074	0.20837	0.15247	0.10704	0.09065	0.054122	0.019181	0.0026221	12.831
952.18	-0.047671	-0.060684	-0.16138	-0.31795	-0.4843	-0.42968	-0.88935	-1.2554	-1.6844	-2.5972	-3.5086	-4.3876	-6.1968	-7.2831	-5.3142	-3.0728	-0.95899	0.53682	0.81032	0.83758	0.65991	0.47728	0.31617	0.2229	0.15701	0.10627	0.083679	0.040887	0.0054478	0.0057422	12.968
953.03	-0.041111	-0.04695	-0.15802	-0.31609	-0.45815	-0.44567	-0.89536	-1.2591	-1.6682	-2.5357	-3.5857	-4.4337	-6.3593	-7.6573	-5.5258	-3.0952	-1.0916	0.52601	0.80652	0.83348	0.6665	0.50008	0.32062	0.22994	0.15612	0.11719	0.057212	0.05335	0.016749	0.0096375	13.096
953.13	-0.065546	-0.07734	-0.18373	-0.28367	-0.45544	-0.44217	-0.86121	-1.271	-1.6983	-2.5017	-3.7368	-4.3582	-6.3106	-7.5613	-5.5079	-3.2791	-1.0963	0.51303	0.79642	0.82836	0.67837	0.49256	0.34112	0.23795	0.16061	0.11089	0.077386	0.058491	0.017552	-0.0090724	13.28
949.73	-0.051064	-0.07304	-0.16341	-0.30292	-0.47487	-0.48351	-0.92201	-1.3127	-1.6732	-2.5954	-3.6339	-4.583	-6.542	-7.9705	-5.8403	-3.3497	-1.1849	0.50191	0.79078	0.8389	0.6824	0.48517	0.31698	0.24122	0.16118	0.10971	0.08078	0.057962	0.0054618	-0.004412	13.381
951.54	-0.085239	-0.089649	-0.15586	-0.31025	-0.46153	-0.46448	-0.88994	-1.2949	-1.6965	-2.599	-3.7073	-4.5158	-6.3372	-7.7805	-5.7685	-3.3014	-1.1714	0.51303	0.7754	0.83395	0.6819	0.51001	0.33932	0.23271	0.15261	0.1158	0.076738	0.034288	0.0094944	-0.013773	13.465
948.24	-0.069978	-0.073919	-0.15236	-0.33515	-0.45512	-0.49466	-0.91281	-1.2824	-1.6891	-2.6675	-3.6127	-4.4813	-6.6086	-8.0229	-5.8755	-3.4643	-1.2587	0.49144	0.78196	0.85199	0.70029	0.51678	0.33653	0.23999	0.16445	0.12964	0.073105	0.045491	0.0030356	0.0010659	13.564
948.88	-0.08957	-0.07845	-0.17325	-0.32778	-0.4557	-0.4528	-0.9008	-1.2767	-1.7316	-2.6826	-3.8251	-4.5536	-6.6925	-7.9697	-5.9846	-3.3863	-1.2764	0.47467	0.77062	0.84553	0.69422	0.51144	0.33472	0.22933	0.15982	0.10585	0.083192	0.035122	0.0062788	-0.0091146	13.614
951.01	-0.076306	-0.074466	-0.16158	-0.27402	-0.45468	-0.4259	-0.9094	-1.2763	-1.6982	-2.6089	-3.638	-4.5768	-6.5974	-7.9359	-5.8671	-3.4039	-1.2131	0.49174	0.78663	0.84197	0.6759	0.50364	0.33714	0.22801	0.16397	0.11507	0.071336	0.046833	-0.0066826	-0.014562	13.62
947.5	-0.051184	-0.091559	-0.16946	-0.28934	-0.44388	-0.41015	-0.94017	-1.302	-1.7209	-2.4485	-3.7231	-4.5267	-6.5655	-8.0531	-5.7757	-3.4586	-1.2605	0.47796	0.78181	0.84761	0.6784	0.50968	0.336	0.23937	0.17515	0.12816	0.073941	0.049963	0.0095349	-0.02481	13.653
950.48	-0.075532	-0.093558	-0.16248	-0.30506	-0.45761	-0.43564	-0.91901	-1.3173	-1.7147	-2.6358	-3.8276	-4.5627	-6.6893	-8.0517	-6.0439	-3.6409	-1.2799	0.46783	0.76546	0.85167	0.69945	0.51723	0.34841	0.2362	0.16707	0.12697	0.091612	0.053493	0.0086943	-0.020043	13.713
947.92	-0.081469	-0.087698	-0.14918	-0.30509	-0.44725	-0.45846	-0.91236	-1.2958	-1.71	-2.5919	-3.6946	-4.6336	-6.7315	-8.0974	-6.1385	-3.4318	-1.2777	0.4639	0.77294	0.83797	0.69652	0.52196	0.3295	0.25058	0.16149	0.11861	0.088739	0.047722	-0.014011	-0.0099071	13.682
946.43	-0.070932	-0.077121	-0.17289	-0.32943	-0.43099	-0.42709	-0.8917	-1.2857	-1.7244	-2.6726	-3.6107	-4.5821	-6.7501	-8.2459	-5.9913	-3.589	-1.2805	0.48024	0.77338	0.85784	0.70725	0.51777	0.33558	0.23559	0.16401	0.11801	0.07637	0.038914	-0.001836	-0.017773	13.668
949.52	-0.090327	-0.10662	-0.15538	-0.29506	-0.45718	-0.44299	-0.89715	-1.2872	-1.7258	-2.5621	-3.8404	-4.5422	-6.7362	-8.1076	-6.0327	-3.5689	-1.3143	0.4441	0.75619	0.85337	0.69135	0.51109	0.34638	0.22434	0.15896	0.11052	0.079239	0.04543	-0.0066931	-0.022411	13.679
946.22	-0.083258	-0.093978	-0.1875	-0.29688	-0.47663	-0.43412	-0.89799	-1.3111	-1.7208	-2.5285	-3.8717	-4.5496	-6.7597	-8.1279	-5.9055	-3.5476	-1.2711	0.48208	0.76658	0.86056	0.69938	0.51705	0.35475	0.24455	0.16783	0.11011	0.08186	0.038184	0.0071077	-0.027986	13.673
948.99	-0.093651	-0.11202	-0.17565	-0.31426	-0.45298	-0.43978	-0.88626	-1.2895	-1.7236	-2.5041	-3.7352	-4.528	-6.7561	-7.9847	-6.0187	-3.5877	-1.2795	0.4703	0.76976	0.85973	0.69334	0.50471	0.34816	0.24061	0.16734	0.10663	0.073825	0.047672	-0.011561	-0.019291	13.689
951.33	-0.095869	-0.099563	-0.18327	-0.26918	-0.46164	-0.48702	-0.89621	-1.2638	-1.6665	-2.5487	-3.7081	-4.3498	-6.4348	-7.8379	-5.8131	-3.4783	-1.162	0.5071	0.79331	0.83413	0.67727	0.50846	0.33386	0.24002	0.14587	0.10086	0.077534	0.023985	0.0070711	-0.018463	13.567
948.99	-0.077288	-0.086836	-0.16596	-0.28016	-0.44497	-0.45448	-0.86878	-1.2838	-1.6628	-2.589	-3.6099	-4.3438	-6.3944	-7.6342	-5.7232	-3.1925	-1.0793	0.53603	0.79449	0.83955	0.67094	0.49721	0.32278	0.22043	0.15528	0.11611	0.076164	0.049148	-0.0066969	-0.012245	13.387
948.14	-0.046237	-0.064762	-0.15803	-0.29549	-0.4623	-0.46095	-0.88629	-1.2405	-1.6713	-2.6083	-3.5236	-4.2472	-6.1588	-7.3938	-5.3891	-2.985	-0.9752	0.55816	0.81068	0.82936	0.65953	0.48932	0.31196	0.22304	0.16372	0.10989	0.073892	0.037367	0.0006024	-0.0012851	13.149
949.63	-0.043712	-0.078387	-0.15456	-0.31643	-0.43399	-0.4438	-0.85148	-1.2757	-1.6321	-2.5109	-3.527	-4.2991	-6.1572	-7.1991	-5.3285	-2.871	-0.90671	0.57975	0.81945	0.83563	0.6505	0.47606	0.30116	0.22108	0.14614	0.099458	0.051962	0.032143	0.0095135	-0.011453	12.977
948.46	-0.054409	-0.066266	-0.1604	-0.3192	-0.45947	-0.43051	-0.89132	-1.2312	-1.6029	-2.4206	-3.594	-4.2876	-6.1085	-7.2797	-5.2307	-2.8073	-0.90136	0.58999	0.82046	0.82235	0.6561	0.46498	0.3055	0.19955	0.14254	0.078244	0.062948	0.033659	0.0087128	-0.01225	12.771
952.5	-0.039503	-0.059902	-0.16374	-0.28861	-0.45575	-0.43988	-0.87163	-1.2333	-1.5899	-2.4441	-3.3381	-4.0192	-5.7543	-6.852	-4.8189	-2.5356	-0.75437	0.63919	0.82006	0.80714	0.64853	0.46218	0.29868	0.21881	0.14344	0.10073	0.061127	0.040139	0.0078699	0.0041811	12.569
946.43	-0.044679	-0.05952	-0.15265	-0.32147	-0.4417	-0.41495	-0.84369	-1.2039	-1.6071	-2.3832	-3.4223	-4.0198	-5.6058	-6.6882	-4.8759	-2.4507	-0.68149	0.66584	0.83926	0.79797	0.63263	0.45177	0.29105	0.20159	0.12849	0.089499	0.073245	0.032251	0.016051	0.0073493	12.379
953.35	-0.027251	-0.040096	-0.14752	-0.30888	-0.46863	-0.39386	-0.83	-1.2297	-1.559	-2.3237	-3.2549	-3.949	-5.4531	-6.5604	-4.5377	-2.2404	-0.61548	0.67565	0.84318	0.77712	0.6153	0.42527	0.27235	0.18084	0.11931	0.080988	0.044776	0.018053	0.014321	0.0049578	12.161
950.48	-0.009362	-0.015072	-0.14152	-0.29635	-0.46027	-0.44168	-0.87349	-1.2044	-1.5637	-2.2798	-3.1576	-3.8356	-5.4455	-6.3336	-4.4647	-2.3395	-0.53029	0.69237	0.84958	0.78702	0.61156	0.4199	0.27318	0.17494	0.11365	0.080445	0.041798	0.038013	0.030556	0.0096634	11.92
952.5	0.00044097	-0.034809	-0.15007	-0.30994	-0.4726	-0.41748	-0.80954	-1.1906	-1.5138	-2.3596	-3.0706	-3.8191	-5.1457	-6.1773	-4.1261	-2.2005	-0.43747	0.70296	0.85856	0.78032	0.58954	0.40324	0.26707	0.16251	0.11491	0.077914	0.042487	0.043817	0.022412	0.019782	11.656
948.99	0.0004426	-0.034175	-0.14739	-0.3333	-0.46277	-0.43805	-0.81558	-1.1732	-1.4929	-2.3004	-3.0015	-3.6909	-5.1245	-5.8417	-4.0371	-1.8218	-0.34544	0.73065	0.86715	0.76135	0.56291	0.40056	0.24346	0.15019	0.10704	0.061617	0.045763	0.026996	0.021684	0.026119	11.382
954.52	-0.010948	-0.030184	-0.14654	-0.30771	-0.44504	-0.42175	-0.81765	-1.1528	-1.4517	-2.2449	-2.8862	-3.5697	-4.8391	-5.6494	-3.8582	-1.7945	-0.26238	0.75909	0.88133	0.73603	0.55329	0.38996	0.22234	0.14611	0.090685	0.062045	0.039296	0.02317	0.023978	0.015071	11.074
950.69	-0.016711	-0.025734	-0.14068	-0.31132	-0.42906	-0.42604	-0.81108	-1.1381	-1.4303	-2.1607	-2.9604	-3.559	-4.6661	-5.4097	-3.6569	-1.5751	-0.16431	0.78978	0.87948	0.73396	0.55312	0.3699	0.20581	0.13058	0.092554	0.063872	0.039454	0.031369	0.041881	0.032325	10.81
956.43	0.0012505	-0.0081634	-0.15346	-0.3008	-0.45387	-0.43464	-0.78359	-1.1112	-1.4093	-2.1225	-2.7917	-3.4462	-4.5344	-5.2745	-3.3762	-1.3821	-0.08723	0.79276	0.8673	0.70118	0.52598	0.34205	0.20773	0.12739	0.076296	0.052517	0.029936	0.026052	0.033584	0.030578	10.508
955.47	0.0061281	-0.029394	-0.15361	-0.31449	-0.43399	-0.39126	-0.80249	-1.0875	-1.3681	-2.0824	-2.8211	-3.3416	-4.3473	-4.9554	-3.1293	-1.1663	0.0080998	0.81933	0.88429	0.69938	0.49471	0.33329	0.18824	0.11309	0.073377	0.043942	0.016803	0.010679	0.022342	0.016611	10.164
957.81	0.017461	-0.019492	-0.16443	-0.29958	-0.44087	-0.43487	-0.76815	-1.0856	-1.354	-1.926	-2.5749	-3.2008	-4.058	-4.6275	-2.7255	-1.0135	0.11126	0.83447	0.88596	0.67351	0.48796	0.30936	0.16578	0.098415	0.057516	0.022709	0.015218	0.015041	0.025501	0.02743	9.8138
960.15	0.0093328	-0.02548	-0.15286	-0.30198	-0.41339	-0.40474	-0.77154	-1.0599	-1.2968	-2.022	-2.4006	-3.284	-3.8337	-4.3013	-2.6931	-0.79491	0.20355	0.8444	0.88075	0.65608	0.45434	0.28967	0.14577	0.095781	0.057376	0.011724	0.014409	0.010627	0.015019	0.032007	9.4559
957.6	0.0077368	-0.027817	-0.16607	-0.31065	-0.39685	-0.41525	-0.7525	-1.0171	-1.2616	-1.9516	-2.4158	-3.1683	-3.589	-3.9812	-2.3902	-0.58036	0.31769	0.84837	0.86088	0.61949	0.41115	0.26484	0.12965	0.057635	0.032133	0.0031467	-0.0048661	0.0033363	0.034348	0.030541	9.107
961	0.01094	-0.038269	-0.16468	-0.30093	-0.42797	-0.40438	-0.72658	-1.0007	-1.2402	-1.8944	-2.3808	-3.0331	-3.5048	-3.731	-2.1844	-0.46204	0.39071	0.86245	0.8586	0.59737	0.39389	0.24004	0.097863	0.048662	0.0037382	0.0031355	-0.00023094	-0.00031923	0.014207	0.030433	8.7292
959.62	0.0028653	-0.0096435	-0.16093	-0.29039	-0.40394	-0.36134	-0.6938	-0.97263	-1.1903	-1.7881	-2.163	-2.7146	-3.2158	-3.3977	-1.9468	-0.3047	0.48947	0.88336	0.84149	0.57162	0.36834	0.2132	0.083885	0.019192	0.015668	-0.0023269	-0.0071688	-0.00031969	0.012622	0.04209	8.3785
963.77	0.021384	-0.019372	-0.17932	-0.28054	-0.38992	-0.37257	-0.71177	-0.9597	-1.156	-1.7553	-1.9686	-2.5381	-2.9962	-3.1085	-1.4764	-0.12122	0.55493	0.85997	0.82569	0.53852	0.34785	0.18521	0.060875	0.032624	-0.011117	-0.021757	-0.026328	-0.0054091	0.028539	0.039596	7.9613
964.62	0.021365	-0.012598	-0.17042	-0.26469	-0.38607	-0.37989	-0.6618	-0.91041	-1.1067	-1.5951	-2.1429	-2.4288	-2.9145	-2.902	-1.5007	-0.05492	0.61639	0.86177	0.79987	0.51985	0.31212	0.15471	0.0577	-0.018234	-0.018522	-0.01397	-0.030909	-0.0068577	0.034098	0.031858	7.6361
963.66	0.019772	-0.0314	-0.1539	-0.26105	-0.36629	-0.40838	-0.66095	-0.88428	-1.054	-1.6552	-1.9953	-2.2911	-2.6562	-2.6459	-1.2711	0.094085	0.68219	0.85496	0.79838	0.48392	0.27224	0.14174	0.020264	-0.015073	-0.028189	-0.038871	-0.040918	-0.0032281	0.016564	0.0396	7.1671
964.19	0.023789	-0.0013366	-0.14587	-0.26012	-0.36346	-0.34686	-0.64563	-0.83691	-1.0189	-1.5457	-1.8709	-2.1168	-2.4886	-2.37	-1.048	0.26783	0.74458	0.84938	0.76446	0.434	0.23035	0.11788	0.020252	-0.027776	-0.037076	-0.051285	-0.036292	-0.0097661	0.020545	0.039579	6.816
969.08	0.013254	-0.041687	-0.1388	-0.26503	-0.36076	-0.3341	-0.61037	-0.80502	-0.98326	-1.6044	-1.6073	-2.1553	-2.1927	-2.0616	-0.85551	0.45589	0.78984	0.84171	0.73336	0.39558	0.21586	0.094437	-0.0062609	-0.043448	-0.047221	-0.061853	-0.049087	-0.016224	0.014089	0.039379	6.4119
967.27	0.021306	-0.013313	-0.14144	-0.24607	-0.3492	-0.29144	-0.59511	-0.81365	-0.9568	-1.4575	-1.6191	-1.8965	-2.0943	-1.8623	-0.64393	0.57226	0.80637	0.80848	0.69075	0.35754	0.17152	0.034938	-0.034287	-0.075211	-0.067275	-0.077465	-0.072888	-0.040886	0.011727	0.0064218	6.0242
969.61	0.031664	-0.020003	-0.14189	-0.2478	-0.35184	-0.31953	-0.58028	-0.7706	-0.90642	-1.213	-1.4664	-1.7363	-1.8061	-1.6394	-0.33616	0.66139	0.82892	0.77944	0.6452	0.32211	0.14683	0.018546	-0.070691	-0.07819	-0.065637	-0.072641	-0.063557	-0.032837	0.016459	0.037824	5.6365
972.37	0.036366	-0.029629	-0.13833	-0.2231	-0.32477	-0.33803	-0.55416	-0.73532	-0.85819	-1.0688	-1.3836	-1.617	-1.6911	-1.4404	-0.28431	0.70878	0.84153	0.75697	0.60867	0.28919	0.1058	-0.018102	-0.093714	-0.095302	-0.088253	-0.10789	-0.083158	-0.034905	0.029868	0.023963	5.244
970.89	0.03562	-0.021468	-0.15906	-0.2374	-0.32788	-0.29459	-0.53346	-0.7254	-0.81532	-1.1617	-1.342	-1.4968	-1.4423	-1.1545	-0.080867	0.62766	0.86176	0.7167	0.55294	0.2288	0.072332	-0.05722	-0.10471	-0.11596	-0.10018	-0.099563	-0.077951	-0.055888	0.025158	0.05308	4.8576
975.35	0.022721	-0.025083	-0.12142	-0.22782	-0.30559	-0.29071	-0.51919	-0.67181	-0.75773	-1.0572	-1.2227	-1.327	-1.2872	-1.0097	0.063258	0.8457	0.8476	0.66461	0.49551	0.17048	0.0066031	-0.078848	-0.15054	-0.14135	-0.12172	-0.12447	-0.090489	-0.067847	0.0092626	0.01932	4.4665
972.16	0.021997	-0.017715	-0.1297	-0.2154	-0.30138	-0.27816	-0.49122	-0.6354	-0.74576	-0.98614	-1.052	-1.2497	-0.95402	-0.80302	0.038012	0.84847	0.86299	0.62457	0.45036	0.12671	-0.012903	-0.10025	-0.15335	-0.16309	-0.14125	-0.12642	-0.10372	-0.057978	0.0037535	0.032374	4.0889
976.2	0.012361	0.0046162	-0.12288	-0.21914	-0.2958	-0.29971	-0.46554	-0.62885	-0.71236	-0.8583	-0.94324	-1.1875	-0.94227	-0.68354	0.19839	0.91852	0.83824	0.57238	0.3974	0.091036	-0.04552	-0.1371	-0.19127	-0.16634	-0.15532	-0.14278	-0.10254	-0.061328	0.0092546	0.05127	3.6778
974.39	0.035494	-0.0065257	-0.12704	-0.20178	-0.29115	-0.25646	-0.44864	-0.58599	-0.73266	-0.82681	-0.89271	-0.91256	-0.87356	-0.46755	0.37651	0.85471	0.81699	0.49931	0.32436	0.040427	-0.090026	-0.17468	-0.20708	-0.18788	-0.15193	-0.14612	-0.11563	-0.06288	0.02033	0.051365	3.303
979.92	0.038463	-0.016835	-0.11616	-0.20141	-0.27312	-0.26004	-0.44317	-0.57487	-0.64322	-0.77284	-0.76636	-0.96416	-0.78302	-0.22574	0.55113	0.75219	0.79284	0.4454	0.25741	0.0002938	-0.14454	-0.2092	-0.23587	-0.21418	-0.17078	-0.16289	-0.13838	-0.056805	0.011576	0.033636	2.8735
977.47	0.042532	-0.0191	-0.12194	-0.17804	-0.27294	-0.24894	-0.42288	-0.55514	-0.60168	-0.69237	-0.90728	-0.6984	-0.65232	-0.11028	0.57783	0.72957	0.7666	0.39193	0.20177	-0.064203	-0.19384	-0.22671	-0.24724	-0.22961	-0.18511	-0.17173	-0.12208	-0.056947	0.0092425	0.028399	2.5122
978.96	0.037706	-0.020553	-0.10845	-0.17546	-0.25267	-0.24436	-0.40603	-0.52065	-0.56752	-0.8641	-0.64568	-0.76225	-0.45656	-0.032898	0.49271	0.79366	0.71379	0.3142	0.13103	-0.12361	-0.21527	-0.25302	-0.27608	-0.24648	-0.20017	-0.17606	-0.11963	-0.066166	0.011587	0.049608	2.1219
979.17	0.028977	0.002383	-0.1053	-0.1662	-0.2578	-0.25521	-0.36985	-0.51115	-0.5334	-0.74053	-0.72359	-0.5106	-0.28508	0.021156	0.6442	0.76904	0.66356	0.23114	0.041113	-0.17412	-0.27338	-0.30061	-0.30524	-0.27303	-0.21328	-0.1898	-0.13471	-0.065435	-0.00020366	0.038213	1.7802
980.24	0.021816	-0.0035315	-0.09424	-0.18829	-0.23166	-0.26247	-0.35032	-0.46448	-0.50112	-0.60003	-0.42826	-0.46142	-0.18363	0.067414	0.67714	0.75194	0.58625	0.16641	-0.041995	-0.22441	-0.3095	-0.31884	-0.32948	-0.28524	-0.21597	-0.17507	-0.12551	-0.089669	0.0029365	0.051059	1.4368
980.77	0.023387	-0.0094369	-0.11762	-0.17514	-0.24101	-0.22885	-0.34498	-0.45485	-0.46841	-0.46008	-0.54059	-0.40447	-0.12908	0.37573	0.82817	0.81661	0.5336	0.098524	-0.097316	-0.28124	-0.33875	-0.35898	-0.35002	-0.30149	-0.22971	-0.19866	-0.15561	-0.086048	0.0068589	0.026788	1.0691
981.3	0.021792	-0.013859	-0.10194	-0.1597	-0.21332	-0.19945	-0.3323	-0.43899	-0.43876	-0.45984	-0.47107	-0.21806	-0.090167	0.38324	0.90336	0.62101	0.46695	0.025697	-0.18771	-0.32907	-0.38732	-0.37409	-0.36747	-0.32084	-0.21792	-0.21078	-0.16458	-0.088144	0.00058204	0.02753	0.76509
981.62	0.027321	-0.023447	-0.098789	-0.14585	-0.22703	-0.22029	-0.32558	-0.42715	-0.40093	-0.41045	-0.52283	-0.25037	0.04197	0.51403	0.76862	0.65331	0.36611	-0.090545	-0.2691	-0.38994	-0.43825	-0.41102	-0.39956	-0.33244	-0.2623	-0.23132	-0.17281	-0.095968	0.0068514	0.032062	0.48535
983.32	0.03517	-0.0094111	-0.098619	-0.13641	-0.1914	-0.23076	-0.28908	-0.39057	-0.35811	-0.49984	-0.3233	-0.1853	0.096178	0.65922	0.71698	0.52232	0.2642	-0.15967	-0.34099	-0.45175	-0.47147	-0.44007	-0.41265	-0.3607	-0.24657	-0.23931	-0.18004	-0.091526	-0.0041151	0.028229	0.14778
983.53	0.027271	0.00016304	-0.088472	-0.13332	-0.1905	-0.18982	-0.29635	-0.36244	-0.34976	-0.36051	-0.38367	-0.080279	0.11944	0.57453	0.75873	0.58713	0.19092	-0.24393	-0.41475	-0.49547	-0.51075	-0.46409	-0.42251	-0.36451	-0.24652	-0.23849	-0.16044	-0.093644	0.015446	0.036534	-0.10164
982.68	0.017022	-0.0072073	-0.082311	-0.14263	-0.17003	-0.17161	-0.27825	-0.35184	-0.31995	-0.42639	-0.055637	-0.13693	0.1661	0.64427	0.79298	0.56329	0.15366	-0.29593	-0.45691	-0.53488	-0.52355	-0.48139	-0.45352	-0.37652	-0.26711	-0.25319	-0.18166	-0.094438	-0.0017683	0.047906	-0.3861
984.06	0.034357	-0.00057264	-0.092317	-0.13095	-0.15176	-0.17136	-0.25881	-0.33733	-0.3022	-0.32757	-0.13323	-0.056017	0.18912	0.7125	0.76672	0.50571	0.077152	-0.35807	-0.52261	-0.57143	-0.56603	-0.50643	-0.48501	-0.37911	-0.28054	-0.26274	-0.18667	-0.09573	0.00058041	0.028964	-0.65691
984.59	0.033548	0.00016286	-0.067368	-0.12171	-0.16455	-0.1646	-0.24695	-0.32781	-0.28551	-0.31922	-0.072785	0.00048774	0.35171	0.65071	0.83333	0.39198	-0.041161	-0.44625	-0.60949	-0.62057	-0.58655	-0.53587	-0.45569	-0.36645	-0.27022	-0.26336	-0.18882	-0.11347	0.034186	0.029704	-0.87603
984.59	0.014621	-0.013079	-0.078261	-0.13471	-0.16455	-0.1571	-0.25354	-0.3107	-0.26748	-0.22105	-0.19352	-0.039845	0.34396	0.84266	0.77469	0.38388	-0.097185	-0.4871	-0.63929	-0.64894	-0.63359	-0.56317	-0.48398	-0.38746	-0.31163	-0.26716	-0.19634	-0.093542	0.008396	0.029704	-1.0906
985.55	0.042969	-0.0071863	-0.059529	-0.11319	-0.16353	-0.14779	-0.23719	-0.29018	-0.24995	-0.31891	-0.064087	0.089145	0.42102	0.85719	0.72372	0.35111	-0.16239	-0.56492	-0.70268	-0.70094	-0.6507	-0.57065	-0.51177	-0.40885	-0.29464	-0.26614	-0.18939	-0.091319	0.007606	0.027412	-1.3098
986.18	0.034283	0.0067715	-0.054052	-0.10548	-0.15914	-0.13104	-0.2151	-0.27524	-0.22729	-0.25335	-0.13294	0.064936	0.38981	0.74931	0.65634	0.20523	-0.22443	-0.60201	-0.74685	-0.7102	-0.65567	-0.56868	-0.54044	-0.4148	-0.31548	-0.25989	-0.20127	-0.1005	-0.0048845	0.038696	-1.4894
981.51	0.032863	0.0060662	-0.089434	-0.11059	-0.16851	-0.11243	-0.20731	-0.27342	-0.22234	-0.23815	0.039459	0.15427	0.50824	0.75287	0.81913	0.32003	-0.29809	-0.68767	-0.8229	-0.7648	-0.69361	-0.60925	-0.53151	-0.41522	-0.31042	-0.27335	-0.19017	-0.10954	-0.0080436	0.042665	-1.6615
986.18	0.03192	0.0075055	-0.064928	-0.1238	-0.14886	-0.10274	-0.19243	-0.27058	-0.19653	-0.20436	0.03065	0.18575	0.42849	0.76465	0.75669	0.043379	-0.39922	-0.73935	-0.87032	-0.78707	-0.71958	-0.6256	-0.53739	-0.42335	-0.31693	-0.28573	-0.20202	-0.10192	-0.00020222	0.037189	-1.8168
983	0.046242	0.0031101	-0.068256	-0.10353	-0.15021	-0.10725	-0.19892	-0.24807	-0.18588	-0.13126	-0.072903	0.17826	0.4609	0.79789	0.81789	-0.07825	-0.44416	-0.7885	-0.90597	-0.82047	-0.74431	-0.65418	-0.5422	-0.45823	-0.33323	-0.28055	-0.21321	-0.11294	0.015454	0.036554	-1.9477
985.76	0.028784	0.0045714	-0.054853	-0.11851	-0.14464	-0.13443	-0.19032	-0.24504	-0.16809	-0.19628	0.065133	0.24224	0.58341	0.91069	0.71521	-0.013271	-0.46778	-0.81877	-0.94362	-0.84327	-0.75147	-0.63791	-0.53686	-0.43208	-0.33303	-0.29573	-0.21111	-0.10125	0.0060439	0.026652	-2.0711
982.57	0.030457	0.014166	-0.074523	-0.095148	-0.13565	-0.14238	-0.18506	-0.2318	-0.17617	-0.13951	0.04807	0.09751	0.57754	0.79053	0.80147	-0.053917	-0.48334	-0.82894	-0.95862	-0.859	-0.76473	-0.6778	-0.55009	-0.44674	-0.33629	-0.29135	-0.21556	-0.11941	0.021726	0.035057	-2.1731
984.59	0.03276	0.0045768	-0.063476	-0.11559	-0.13108	-0.13626	-0.17443	-0.23522	-0.16078	-0.19651	0.0048405	0.26674	0.60733	0.81962	0.81657	-0.053806	-0.52592	-0.85892	-0.98497	-0.86859	-0.78167	-0.66035	-0.5482	-0.45671	-0.34069	-0.2801	-0.21738	-0.10422	0.010741	0.03574	-2.2706
983.74	0.039104	0.0075241	-0.057302	-0.088911	-0.14494	-0.10467	-0.17385	-0.22452	-0.15641	-0.10661	-0.012442	0.3154	0.49932	0.79728	0.69152	0.035379	-0.55441	-0.88303	-1.0082	-0.88151	-0.77772	-0.66333	-0.55862	-0.46256	-0.34462	-0.30015	-0.2123	-0.10146	0.0029261	0.032749	-2.3315
983.21	0.039124	0.0082658	-0.051099	-0.099678	-0.1347	-0.11474	-0.17834	-0.22386	-0.14671	-0.1886	0.07395	0.32366	0.54614	0.69775	0.80933	-0.094473	-0.64432	-0.9553	-1.0483	-0.88766	-0.81907	-0.6862	-0.5727	-0.45346	-0.32734	-0.29879	-0.22069	-0.09795	0.0052759	0.03428	-2.4016
985.44	0.043763	0.0016318	-0.05798	-0.10862	-0.13011	-0.10782	-0.18745	-0.2288	-0.14638	-0.12277	0.030689	0.25038	0.54491	0.84193	0.7238	-0.05376	-0.6654	-0.97396	-1.066	-0.89699	-0.79795	-0.69749	-0.56453	-0.45477	-0.34547	-0.29507	-0.21869	-0.11551	0.0052639	0.039477	-2.4534
983.32	0.029643	0.0067926	-0.046419	-0.10426	-0.13812	-0.11222	-0.18052	-0.21838	-0.1339	-0.18037	0.030755	0.17822	0.67018	0.83606	0.78406	-0.13503	-0.67931	-0.98108	-1.0713	-0.91679	-0.79582	-0.69256	-0.56728	-0.45107	-0.35422	-0.30333	-0.20111	-0.10934	0.0084069	0.044853	-2.4732
984.91	0.033538	0.0045754	-0.068902	-0.11021	-0.1319	-0.11288	-0.17877	-0.21181	-0.15021	-0.12283	0.065189	0.24245	0.66136	0.85007	0.63208	-0.07	-0.65254	-0.95866	-1.0547	-0.92665	-0.80609	-0.68422	-0.58853	-0.47057	-0.32605	-0.28686	-0.20378	-0.10988	0.01308	0.041009	-2.4534
983.63	0.031214	0.0097355	-0.053414	-0.1004	-0.12691	-0.11803	-0.1702	-0.22065	-0.13687	-0.12299	0.030745	0.30737	0.73974	0.61289	0.6832	0.01915	-0.62612	-0.93737	-1.0366	-0.89458	-0.77394	-0.68108	-0.56939	-0.44625	-0.34684	-0.28723	-0.19502	-0.11002	0.01075	0.040306	-2.4564
985.44	0.028004	0.0075112	-0.049428	-0.10709	-0.11639	-0.099489	-0.16915	-0.21636	-0.14713	-0.065552	0.15995	0.26651	0.62231	0.81124	0.77402	-0.005166	-0.68017	-0.96064	-1.0638	-0.88971	-0.79025	-0.68385	-0.58286	-0.45554	-0.34257	-0.28975	-0.21794	-0.10199	0.0099497	0.03571	-2.464
984.06	0.042247	0.01709	-0.060398	-0.098828	-0.13115	-0.11548	-0.17379	-0.23223	-0.14809	-0.073824	-0.0037975	0.33144	0.58442	0.79703	0.6913	-0.12681	-0.60639	-0.93446	-1.0503	-0.90231	-0.80987	-0.69606	-0.57068	-0.47175	-0.34741	-0.29853	-0.21975	-0.1	0.0013605	0.033494	-2.4427
983.21	0.040704	0.0016355	-0.054216	-0.092022	-0.12869	-0.10138	-0.18568	-0.22932	-0.1422	-0.18039	0.065302	0.33981	0.40651	0.85154	0.76738	-0.037657	-0.59211	-0.90939	-1.0199	-0.87468	-0.81444	-0.67736	-0.56045	-0.46982	-0.33535	-0.28583	-0.23047	-0.086548	0.0021454	0.038058	-2.4595
985.33	0.046132	0.011924	-0.050212	-0.090297	-0.14813	-0.091169	-0.20284	-0.23893	-0.15465	-0.057373	0.082387	0.33102	0.5527	0.92642	0.76573	-0.06997	-0.56984	-0.89743	-1.0147	-0.86631	-0.77492	-0.67509	-0.54015	-0.44859	-0.31865	-0.27609	-0.19018	-0.10556	0.0068271	0.041744	-2.3665
984.16	0.025673	0.0023709	-0.068954	-0.11411	-0.12942	-0.09628	-0.19062	-0.24855	-0.17363	-0.27025	0.030729	0.097337	0.52236	0.78925	0.72474	0.10023	-0.51136	-0.84595	-0.95633	-0.8422	-0.75655	-0.65581	-0.55761	-0.45146	-0.34519	-0.28327	-0.19342	-0.10782	0.00058035	0.032735	-2.1823
983.85	0.039098	0.015622	-0.082993	-0.12792	-0.15523	-0.12635	-0.20388	-0.25097	-0.197	-0.07384	-0.038303	0.27502	0.47601	0.66656	0.7166	0.11649	-0.41185	-0.75862	-0.89699	-0.81328	-0.71589	-0.64477	-0.51571	-0.42669	-0.31768	-0.2826	-0.20626	-0.11498	0.014658	0.032745	-2.0056
985.01	0.046147	0.0038386	-0.061894	-0.10026	-0.14303	-0.1387	-0.21096	-0.26079	-0.19076	-0.22094	0.013471	0.15372	0.57611	0.74253	0.78274	0.22166	-0.33203	-0.70689	-0.8371	-0.77261	-0.70733	-0.60628	-0.51816	-0.41841	-0.33764	-0.26781	-0.20451	-0.10915	0.0037046	0.052319	-1.8396
984.27	0.031192	0.012671	-0.080622	-0.10722	-0.1646	-0.15131	-0.21552	-0.27888	-0.20969	-0.11474	-0.081431	0.15384	0.39831	0.79685	0.72466	0.1894	-0.34084	-0.70909	-0.84816	-0.76347	-0.69861	-0.60995	-0.51779	-0.41639	-0.31972	-0.28705	-0.19565	-0.10639	0.00058028	0.01688	-1.6356
984.59	0.034338	-0.0094003	-0.07437	-0.10948	-0.16713	-0.13375	-0.22571	-0.29747	-0.22315	-0.27013	-0.098643	0.13764	0.40594	0.81194	1.0009	0.22988	-0.23102	-0.61299	-0.75626	-0.70405	-0.67061	-0.59289	-0.51074	-0.42248	-0.30001	-0.26792	-0.18732	-0.097101	0.0099583	0.052342	-1.4879
985.55	0.038243	-0.0042456	-0.067302	-0.097915	-0.15324	-0.15445	-0.22549	-0.29873	-0.2402	-0.1718	-0.11577	0.19393	0.35909	0.75746	0.64004	0.24584	-0.16006	-0.53993	-0.70045	-0.69284	-0.63606	-0.57145	-0.51865	-0.39097	-0.30262	-0.26614	-0.19239	-0.10838	0.0052634	0.019874	-1.3068
985.01	0.030381	-0.0071902	-0.074338	-0.11631	-0.20137	-0.15036	-0.24904	-0.30278	-0.25685	-0.35996	-0.18481	0.081133	0.35155	0.76554	0.79948	0.37561	-0.12125	-0.52189	-0.66657	-0.65514	-0.61867	-0.53965	-0.496	-0.38263	-0.28172	-0.26324	-0.19024	-0.090658	0.0076101	0.046285	-1.0921
981.51	0.026535	-0.0079534	-0.087094	-0.12056	-0.17282	-0.18603	-0.2514	-0.32806	-0.28791	-0.33663	-0.21142	0.049053	0.1663	0.71435	0.76033	0.45825	0.018029	-0.405	-0.58151	-0.60138	-0.57446	-0.52305	-0.4832	-0.37775	-0.28492	-0.2596	-0.19168	-0.11097	0.012342	0.026011	-0.83342
984.38	0.035922	-0.0042534	-0.095399	-0.11485	-0.19463	-0.16881	-0.27411	-0.34423	-0.30286	-0.39294	-0.19357	-0.0075773	0.26655	0.62778	0.73296	0.47312	0.051443	-0.3688	-0.52915	-0.56801	-0.5589	-0.49662	-0.45732	-0.3712	-0.26447	-0.25428	-0.1836	-0.084309	0.012304	0.058392	-0.60974
983.53	0.031216	-0.0086745	-0.089251	-0.13944	-0.18019	-0.15727	-0.27728	-0.36244	-0.32268	-0.36051	-0.21964	-0.047975	0.12719	0.65908	0.84259	0.45731	0.16755	-0.26646	-0.4498	-0.52225	-0.52155	-0.48901	-0.45772	-0.34426	-0.27051	-0.24307	-0.16496	-0.10219	0.0060576	0.044844	-0.31003
984.8	0.032753	0.0031044	-0.11169	-0.13162	-0.20484	-0.14456	-0.30109	-0.37598	-0.34555	-0.3355	-0.27971	-0.17696	0.13477	0.56611	0.79965	0.57827	0.19534	-0.23278	-0.3941	-0.49564	-0.48464	-0.46108	-0.43114	-0.32748	-0.25782	-0.25264	-0.16024	-0.09708	0.011518	0.035733	-0.062096
983.63	0.024109	-0.0013102	-0.10326	-0.14708	-0.18705	-0.1656	-0.30585	-0.38577	-0.37303	-0.37685	-0.36637	-0.26602	0.096147	0.58984	0.73351	0.64387	0.261	-0.15962	-0.34983	-0.43863	-0.46437	-0.4343	-0.4041	-0.33721	-0.24794	-0.22551	-0.1672	-0.079386	0.017792	0.04635	0.22534
983.63	0.031213	-0.002782	-0.091578	-0.14708	-0.19134	-0.20815	-0.29485	-0.42004	-0.40086	-0.49968	-0.46995	-0.1368	0.065133	0.43613	0.91799	0.65197	0.34278	-0.090356	-0.28272	-0.39887	-0.43118	-0.41259	-0.37732	-0.33799	-0.23558	-0.21713	-0.1529	-0.097195	0.00058066	0.030488	0.57658
983.63	0.032791	-0.010883	-0.10949	-0.1731	-0.21969	-0.21149	-0.34324	-0.44418	-0.43471	-0.48331	-0.56491	-0.26602	-0.097703	0.40537	0.65806	0.74933	0.44714	0.018961	-0.17832	-0.32423	-0.38022	-0.3724	-0.3689	-0.30528	-0.22977	-0.21409	-0.1529	-0.095771	0.00058066	0.019156	0.83653
981.93	0.031267	-0.010901	-0.10968	-0.18337	-0.23814	-0.20183	-0.37028	-0.43325	-0.4769	-0.46774	-0.48805	-0.49297	-0.22991	0.28286	0.83558	0.75875	0.52906	0.095899	-0.095705	-0.27115	-0.34144	-0.34325	-0.33964	-0.29723	-0.20831	-0.21217	-0.13961	-0.078096	0.007634	0.038107	1.1907
980.87	0.017843	-0.027897	-0.10746	-0.16745	-0.23495	-0.18866	-0.36186	-0.48995	-0.50608	-0.58321	-0.67905	-0.55021	-0.24571	0.12904	0.66831	0.75957	0.59212	0.1755	-0.023272	-0.2267	-0.30388	-0.32024	-0.32236	-0.27802	-0.22166	-0.17878	-0.15484	-0.071751	0.0068566	0.038148	1.5143
981.3	0.018628	-0.005003	-0.10663	-0.19883	-0.25121	-0.22705	-0.40139	-0.5077	-0.55184	-0.74713	-0.75664	-0.61473	-0.28448	0.14439	0.60919	0.79177	0.66447	0.23314	0.033549	-0.18431	-0.26041	-0.29351	-0.2969	-0.26463	-0.20334	-0.19627	-0.11708	-0.074577	0.0052861	0.051004	1.8425
982.57	0.032038	0.0001632	-0.12364	-0.17788	-0.24572	-0.23344	-0.39573	-0.54057	-0.56317	-0.66418	-0.89393	-0.73519	-0.42383	-0.086623	0.6	0.77451	0.7135	0.3239	0.11637	-0.12316	-0.21216	-0.24807	-0.26817	-0.23778	-0.19798	-0.17008	-0.10865	-0.063784	0.021726	0.027495	2.2343
980.02	0.021029	-0.016835	-0.12162	-0.19217	-0.26533	-0.2776	-0.42104	-0.56777	-0.62654	-0.73166	-0.81827	-0.7128	-0.61172	-0.15627	0.38274	0.92309	0.77008	0.39342	0.20274	-0.06485	-0.17397	-0.21805	-0.2466	-0.22745	-0.18098	-0.17052	-0.10138	-0.063949	0.0029372	0.036665	2.5866
982.25	0.024933	-0.0079488	-0.10653	-0.204	-0.2871	-0.26611	-0.43257	-0.5657	-0.64771	-0.89401	-0.86829	-1.0104	-0.71128	-0.34836	0.39028	0.95349	0.79485	0.4435	0.25605	-0.019206	-0.14033	-0.18133	-0.23684	-0.19496	-0.17111	-0.16021	-0.10944	-0.070937	0.011548	0.039608	2.9251
978.96	0.026604	-0.0057544	-0.11158	-0.20238	-0.28375	-0.26281	-0.4495	-0.59656	-0.71035	-0.80649	-0.94059	-0.99756	-0.88507	-0.43448	0.41687	0.83444	0.83665	0.53471	0.33184	0.047575	-0.077196	-0.15125	-0.20457	-0.18935	-0.14976	-0.15386	-0.11132	-0.055427	0.021806	0.041259	3.3182
979.07	0.033738	-0.022029	-0.14052	-0.2208	-0.2794	-0.30386	-0.46271	-0.62623	-0.72992	-0.9216	-0.93181	-1.1354	-0.95508	-0.57343	0.24834	0.84248	0.85065	0.56735	0.3775	0.066316	-0.064778	-0.1367	-0.18456	-0.17525	-0.14682	-0.13394	-0.10753	-0.046118	0.013158	0.048083	3.6915
980.45	0.031316	-0.013871	-0.13876	-0.21589	-0.2859	-0.30009	-0.50104	-0.64019	-0.69644	-0.91208	-1.121	-1.1095	-1.2027	-0.81167	0.14705	0.86572	0.84867	0.62432	0.43907	0.13378	-0.023638	-0.11715	-0.16434	-0.14843	-0.13057	-0.13223	-0.098319	-0.048196	0.015495	0.028313	4.0919
978.96	0.019463	-0.018333	-0.13349	-0.22083	-0.30964	-0.29635	-0.51138	-0.67716	-0.77609	-1.0122	-1.2528	-1.3302	-1.1967	-1.0214	0.063024	0.8752	0.85778	0.66803	0.48544	0.16089	0.023643	-0.076941	-0.13537	-0.12831	-0.11908	-0.10487	-0.076553	-0.036818	0.015518	0.037463	4.4361
