13321	5	3	91	26.2	746	1	15	8	1.165	128	4096	10	0	0	0	0	149.12	918.49	1.4002e+006	0.11487	0.050529	39.838	0	0	1	0	0	0	11	0	0
845.09	-0.013506	-0.043674	-0.14846	-0.33464	-0.49843	-0.61441	-0.88495	-1.2081	-1.5387	-2.3535	-3.3068	-3.8234	-5.2127	-6.2521	-4.4503	-2.185	-0.52863	0.69792	0.85908	0.7856	0.6135	0.42612	0.30224	0.21547	0.15006	0.11378	0.082659	0.066599	0.037808	0.014649	12.114
844.45	-0.033745	-0.054857	-0.15764	-0.34916	-0.49081	-0.64015	-0.90014	-1.2326	-1.6108	-2.3839	-3.3797	-4.0991	-5.5237	-6.4807	-4.7076	-2.4985	-0.676	0.6654	0.85192	0.81266	0.63915	0.4461	0.30781	0.22289	0.15949	0.11564	0.087101	0.05918	0.051509	0.01466	12.506
843.91	-0.0080042	-0.025714	-0.15865	-0.33689	-0.50313	-0.64347	-0.90841	-1.2688	-1.6329	-2.4904	-3.3013	-4.1394	-5.7441	-6.9775	-5.0429	-2.6703	-0.80988	0.62594	0.84637	0.83398	0.66924	0.48293	0.32585	0.23847	0.16553	0.14413	0.11696	0.078316	0.042422	0.026994	12.914
840.17	-0.027447	-0.063757	-0.18124	-0.3572	-0.52348	-0.65904	-0.91932	-1.2844	-1.6736	-2.5494	-3.4474	-4.1767	-6.1147	-7.2426	-5.4384	-2.9101	-1.0123	0.56816	0.82308	0.83389	0.69572	0.48978	0.33536	0.26506	0.18499	0.15013	0.098992	0.070324	0.028869	0.014735	13.313
837.28	-0.035887	-0.041486	-0.16265	-0.33416	-0.51317	-0.67503	-0.95005	-1.298	-1.6971	-2.664	-3.6824	-4.3049	-6.5822	-7.7642	-5.9497	-3.33	-1.1841	0.48384	0.79613	0.85297	0.70085	0.53586	0.36799	0.27604	0.18648	0.14975	0.13114	0.073078	0.044595	0.010348	13.706
836.43	-0.056348	-0.07703	-0.17839	-0.3372	-0.53592	-0.66002	-0.96913	-1.3186	-1.7899	-2.5801	-3.7268	-4.6797	-6.8898	-8.3054	-6.1234	-3.6769	-1.3621	0.45981	0.78204	0.87388	0.72971	0.53263	0.38726	0.26991	0.20463	0.15976	0.11005	0.090747	0.030841	0.020129	14.136
840.38	-0.076409	-0.079252	-0.18849	-0.35443	-0.53641	-0.65887	-0.95942	-1.3716	-1.7868	-2.7692	-4.0124	-4.79	-7.1569	-8.4372	-6.5067	-3.9255	-1.517	0.38829	0.75566	0.86881	0.72085	0.55835	0.39081	0.29507	0.21644	0.15544	0.12626	0.07531	0.035274	0.019151	14.523
845.19	-0.075056	-0.10108	-0.18923	-0.33994	-0.48437	-0.68522	-0.97871	-1.4037	-1.8186	-2.7535	-4.0197	-4.9413	-7.4681	-8.8186	-6.7625	-4.2903	-1.6906	0.32684	0.71491	0.88464	0.73471	0.55423	0.39838	0.30155	0.22705	0.15633	0.12816	0.070736	0.010488	-0.0082097	14.954
849.04	-0.10307	-0.099771	-0.18837	-0.34283	-0.51204	-0.68405	-0.98616	-1.382	-1.8591	-2.8074	-4.0714	-4.8815	-7.7037	-9.1615	-7.1689	-4.7032	-1.8959	0.25285	0.66329	0.87969	0.74212	0.58432	0.41076	0.31282	0.22602	0.17328	0.14588	0.070416	0.029475	0.0014533	15.339
852.46	-0.11722	-0.11806	-0.21727	-0.33881	-0.50602	-0.68612	-0.97628	-1.398	-1.869	-2.9001	-4.1249	-5.2254	-8.0486	-9.6303	-7.3337	-4.6937	-2.0842	0.19214	0.63481	0.88646	0.76675	0.57733	0.42236	0.31606	0.23267	0.18753	0.12968	0.080818	0.02033	-0.014241	15.752
850.65	-0.11383	-0.14811	-0.22044	-0.3705	-0.521	-0.64899	-1.0123	-1.3911	-1.92	-2.8495	-4.3533	-5.2925	-8.2003	-10.077	-7.8535	-5.276	-2.3021	0.12211	0.57581	0.87428	0.7791	0.61203	0.45423	0.32754	0.24998	0.19498	0.14039	0.08758	0.011327	-0.00903	16.162
847.33	-0.13168	-0.16921	-0.23034	-0.33997	-0.52105	-0.67768	-1.0256	-1.4237	-1.9467	-3.0127	-4.3202	-5.5664	-8.7634	-10.26	-8.478	-5.4379	-2.5236	0.0053694	0.56335	0.87958	0.8171	0.62749	0.46489	0.37312	0.26446	0.22493	0.15403	0.078	0.01228	-0.030988	16.57
843.06	-0.183	-0.1967	-0.25514	-0.35509	-0.50164	-0.71228	-1.0214	-1.4709	-1.9864	-3.0758	-4.4428	-5.6134	-9.1155	-10.796	-8.7558	-5.9861	-2.7581	-0.072495	0.50356	0.88499	0.81494	0.64849	0.4869	0.37865	0.27344	0.22251	0.16535	0.089201	-0.0013522	-0.043484	16.997
835.68	-0.20692	-0.2123	-0.27297	-0.37174	-0.50607	-0.66945	-1.0658	-1.4866	-2.0004	-3.1222	-4.543	-6.0147	-9.5245	-11.307	-9.1785	-6.4018	-3.0199	-0.16743	0.4843	0.89662	0.83849	0.66368	0.4966	0.38383	0.28441	0.22268	0.15441	0.099213	-0.015176	-0.058092	17.387
830.22	-0.22137	-0.23027	-0.2923	-0.41498	-0.55723	-0.68769	-1.0146	-1.4216	-2.0171	-3.1136	-4.7365	-6.0638	-9.7066	-11.819	-9.7156	-6.7707	-3.2529	-0.23181	0.42829	0.90828	0.86046	0.67852	0.52162	0.38727	0.30265	0.22685	0.15364	0.094799	-0.023617	-0.06474	17.785
829.58	-0.25337	-0.26974	-0.37195	-0.40985	-0.5597	-0.7278	-1.0223	-1.4883	-2.0116	-3.0383	-4.7606	-6.1451	-10.063	-12.238	-10.011	-7.1415	-3.4558	-0.3339	0.38795	0.91187	0.86845	0.6981	0.53473	0.41158	0.31151	0.23335	0.15198	0.091495	-0.021778	-0.051355	18.145
829.69	-0.29545	-0.29851	-0.35897	-0.50234	-0.59323	-0.73958	-1.077	-1.4549	-2.088	-3.0282	-4.8112	-6.2879	-9.9426	-12.619	-10.289	-7.5349	-3.653	-0.41696	0.32513	0.89829	0.86559	0.71707	0.5392	0.40784	0.2994	0.23242	0.16266	0.086414	-0.045891	-0.077319	18.523
830.65	-0.34091	-0.34002	-0.42127	-0.50629	-0.6546	-0.8247	-1.1122	-1.5067	-1.9867	-3.0053	-4.8567	-6.1945	-10.05	-12.677	-10.535	-7.6511	-3.7889	-0.46194	0.31504	0.90781	0.8847	0.73718	0.5721	0.42489	0.32488	0.24568	0.16781	0.096438	-0.037501	-0.082595	18.891
829.15	-0.35932	-0.38693	-0.46453	-0.54987	-0.72508	-0.86677	-1.1542	-1.5926	-2.092	-2.7485	-4.4866	-5.9854	-9.8847	-12.673	-10.723	-7.8574	-3.89	-0.4895	0.29172	0.91234	0.88997	0.75187	0.56496	0.43767	0.33065	0.23348	0.17972	0.089852	-0.0617	-0.10873	19.206
825.94	-0.41712	-0.42877	-0.49417	-0.55748	-0.73813	-0.83735	-1.3159	-1.7267	-2.1064	-2.7884	-4.576	-5.4989	-8.8703	-11.569	-9.8459	-7.4048	-3.6287	-0.40096	0.33637	0.93521	0.89894	0.76149	0.58629	0.44957	0.34752	0.2489	0.16519	0.08511	-0.069393	-0.11635	19.528
822.63	-0.38199	-0.47187	-0.47474	-0.58169	-0.80992	-1.157	-1.657	-1.9861	-2.1221	-2.7213	-3.5106	-5.0383	-8.0902	-9.9887	-9.1136	-6.7071	-3.2792	-0.29581	0.41887	0.9516	0.94134	0.78186	0.58957	0.46163	0.3324	0.26357	0.18564	0.066713	-0.069672	-0.15475	19.84
818.56	-0.38199	-0.3999	-0.4902	-0.82091	-1.1154	-1.592	-1.815	-2.2112	-2.1417	-2.6758	-4.0052	-4.646	-6.7047	-8.7268	-7.7281	-6.0385	-2.8126	-0.11778	0.52221	1.0109	0.95158	0.79251	0.6109	0.47702	0.34192	0.25572	0.17301	0.079886	-0.070018	-0.1292	20.157
813.85	-0.40138	-0.45828	-0.6333	-0.99861	-1.4198	-1.7807	-2.1197	-2.1101	-2.2386	-2.6517	-2.9746	-3.5309	-3.932	-5.1265	-5.2191	-4.0535	-1.8357	0.19924	0.70459	1.0178	0.96175	0.78641	0.59593	0.46284	0.34565	0.26733	0.18855	0.088958	-0.072314	-0.1546	20.419
809.35	-0.52257	-0.63622	-0.90186	-1.3167	-1.7545	-1.9508	-1.9622	-1.9751	-2.2291	-2.2783	-2.3931	-2.4415	-2.8795	-3.0906	-3.3628	-2.9224	-1.153	0.43868	0.83086	1.051	0.95208	0.75952	0.58157	0.43891	0.33608	0.22437	0.13018	0.014996	-0.14783	-0.21696	20.673
804.1	-0.81856	-0.95382	-1.2955	-1.5265	-1.8016	-1.8676	-1.9292	-1.7917	-1.9465	-2.0728	-1.5956	-1.6177	-2.1016	-1.7381	-2.2565	-1.9887	-0.62417	0.58854	0.89648	1.0132	0.90636	0.74284	0.53669	0.39318	0.25466	0.1755	0.088711	-0.071177	-0.27895	-0.39302	20.888
798.32	-0.98498	-1.0714	-1.4325	-1.6639	-1.747	-1.6673	-1.5096	-1.5735	-1.4954	-1.4925	-1.1392	-1.4006	-1.534	-1.4192	-1.6737	-1.4333	-0.3168	0.70179	0.9526	0.99257	0.86917	0.667	0.48118	0.3586	0.19469	0.096979	-0.012583	-0.17439	-0.45351	-0.58107	21.104
787.92	-1.332	-1.3861	-1.4456	-1.5693	-1.5791	-1.5507	-1.4499	-1.3259	-1.2184	-1.1033	-1.0464	-1.0864	-1.5833	-1.246	-1.5492	-1.118	-0.10902	0.80064	0.97634	0.98034	0.8286	0.62764	0.43021	0.25541	0.11465	0.015504	-0.10289	-0.29408	-0.6519	-0.77356	21.316
782.46	-1.2937	-1.2375	-1.3754	-1.3552	-1.4228	-1.4105	-1.3365	-1.1677	-1.1333	-1.0595	-0.85841	-1.0534	-1.029	-0.83925	-1.4019	-0.86058	0.0047791	0.83561	0.98785	0.95966	0.80042	0.56229	0.38319	0.22195	0.083458	-0.02653	-0.16506	-0.34539	-0.69973	-0.84734	21.55
789.32	-1.1556	-1.1892	-1.2305	-1.311	-1.2787	-1.2454	-1.2709	-1.2556	-1.1038	-1.1625	-0.87245	-1.0543	-1.2616	-0.97564	-1.4524	-0.73179	0.057151	0.83147	0.98112	0.91795	0.75786	0.55841	0.35411	0.21031	0.058267	-0.027251	-0.13739	-0.32463	-0.62735	-0.75808	21.828
808.17	-0.91051	-1.0297	-1.0757	-1.2646	-1.2133	-1.2397	-1.2475	-1.2215	-1.1531	-1.0656	-0.93616	-1.1378	-1.1	-1.0184	-1.5104	-0.78383	0.065295	0.82527	0.95096	0.89554	0.72985	0.53755	0.35237	0.21678	0.073722	-0.0052851	-0.12045	-0.28064	-0.54606	-0.65305	22.031
833.43	-0.92019	-0.94111	-1.0523	-1.135	-1.1796	-1.2001	-1.1621	-1.1496	-1.1554	-1.2266	-1.0199	-1.0366	-1.1857	-1.1236	-1.5141	-0.87497	0.058723	0.82784	0.93095	0.88563	0.70773	0.53739	0.34711	0.2001	0.077497	-0.018615	-0.10437	-0.26709	-0.50735	-0.58779	22.194
861.01	-0.8357	-0.87732	-0.98833	-1.096	-1.0466	-1.1245	-1.15	-1.1252	-1.0454	-0.86928	-0.86884	-0.9296	-1.254	-1.1051	-1.2836	-0.68938	0.1129	0.82992	0.90965	0.848	0.69476	0.50181	0.34386	0.18657	0.064215	-0.018018	-0.10618	-0.24714	-0.48395	-0.56897	22.304
875.75	-0.85267	-0.92375	-1.0286	-1.1077	-1.1062	-1.1	-1.0409	-1.0389	-0.99063	-0.90063	-0.85422	-0.86859	-1.2852	-0.98294	-1.1678	-0.61399	0.12762	0.8094	0.89099	0.82735	0.66746	0.48524	0.30541	0.17293	0.05905	-0.035685	-0.12636	-0.27099	-0.48459	-0.54327	22.392
875.43	-0.97893	-0.94395	-1.1348	-1.1124	-1.0786	-1.0591	-0.99681	-0.98767	-0.95043	-0.79975	-0.90304	-0.9415	-1.1811	-0.92285	-1.2719	-0.64159	0.1793	0.82375	0.91561	0.83313	0.65643	0.48	0.31412	0.17825	0.049268	-0.050252	-0.15345	-0.2975	-0.5507	-0.66993	22.458
858.77	-0.99611	-0.97997	-1.1185	-1.0893	-1.0799	-1.0252	-0.954	-0.93635	-0.92838	-0.99349	-0.79201	-1.0985	-0.91088	-0.93195	-1.1717	-0.44958	0.22381	0.84929	0.92825	0.82977	0.67801	0.458	0.29655	0.16119	0.01191	-0.070428	-0.17796	-0.32285	-0.58557	-0.71494	22.5
835.36	-1.0333	-1.0187	-1.0673	-1.0378	-1.0049	-0.98611	-0.94706	-0.96535	-0.94023	-0.91526	-0.83454	-0.98667	-1.0642	-0.91282	-1.0663	-0.51948	0.26218	0.87801	0.95339	0.84347	0.66701	0.48219	0.29765	0.15653	0.025088	-0.077783	-0.18915	-0.33526	-0.60383	-0.71986	22.588
815.78	-0.95914	-0.94194	-1.0319	-1.0046	-1.0063	-0.96853	-0.98217	-0.96316	-0.93559	-0.98659	-0.84415	-1.0396	-0.87475	-1.0367	-1.1222	-0.32654	0.31355	0.91719	0.97897	0.85394	0.69047	0.48311	0.32325	0.1462	0.019553	-0.055765	-0.18281	-0.31754	-0.59662	-0.69797	22.686
804	-0.88338	-0.91431	-1.0451	-1.0474	-1.0347	-1.0236	-0.99387	-0.99252	-0.92261	-0.90086	-0.84596	-0.99552	-0.935	-0.76036	-1.0463	-0.49014	0.33244	0.92144	0.98875	0.86247	0.68169	0.48035	0.30739	0.16073	0.027845	-0.078954	-0.18364	-0.32829	-0.54794	-0.6241	22.752
803.89	-0.92599	-0.94776	-0.99852	-1.0278	-0.98647	-0.96651	-0.94556	-0.91355	-0.88684	-0.85089	-0.76158	-0.99565	-0.81178	-0.89212	-1.0465	-0.31151	0.33153	0.93382	0.98888	0.85564	0.69406	0.46959	0.30462	0.13121	-0.0006221	-0.066844	-0.18643	-0.32485	-0.55758	-0.64821	22.794
815.35	-0.91203	-0.91757	-0.96476	-0.99216	-0.95084	-0.93581	-0.89335	-0.8885	-0.84353	-0.81917	-0.85502	-0.82577	-0.90327	-0.79613	-0.85981	-0.34628	0.38231	0.92975	0.98308	0.85047	0.67313	0.46978	0.2911	0.13876	0.013423	-0.092562	-0.18381	-0.3177	-0.55447	-0.63728	22.759
825.84	-0.90797	-0.90153	-0.92375	-0.93581	-0.90602	-0.90206	-0.83659	-0.87629	-0.85073	-0.79901	-0.73104	-0.84414	-0.85486	-0.73108	-0.93876	-0.29357	0.39694	0.91994	0.95994	0.82227	0.64895	0.45041	0.28376	0.13886	0.0080555	-0.086848	-0.18416	-0.3264	-0.54463	-0.64088	22.761
832.9	-0.83128	-0.81736	-0.87728	-0.86281	-0.85573	-0.86978	-0.85374	-0.8385	-0.79644	-0.61817	-0.66369	-0.80837	-0.79266	-0.85198	-0.78227	-0.3869	0.38437	0.90819	0.94827	0.83159	0.63798	0.45134	0.27774	0.12756	0.016575	-0.075313	-0.17727	-0.30596	-0.52893	-0.59709	22.77
835.46	-0.74694	-0.79318	-0.859	-0.85475	-0.83288	-0.83567	-0.80364	-0.80016	-0.79045	-0.79944	-0.65147	-0.82491	-0.74457	-0.72266	-0.79962	-0.29019	0.40337	0.91326	0.95239	0.82044	0.64874	0.44617	0.27779	0.12992	0.0028272	-0.078672	-0.17939	-0.29999	-0.48861	-0.56947	22.746
830.12	-0.80601	-0.82883	-0.86176	-0.84938	-0.82195	-0.79161	-0.79578	-0.80071	-0.76168	-0.87252	-0.55338	-0.87806	-0.76775	-0.66358	-0.8147	-0.099781	0.42165	0.92903	0.97089	0.81515	0.64744	0.43571	0.27504	0.13445	0.0028438	-0.067441	-0.18321	-0.28673	-0.49733	-0.56508	22.764
821.34	-0.80327	-0.80946	-0.8206	-0.82179	-0.81325	-0.79407	-0.78058	-0.78501	-0.76711	-0.70531	-0.56964	-0.84876	-0.80383	-0.77192	-0.71295	-0.21743	0.44948	0.92897	0.98216	0.83552	0.64881	0.45576	0.27798	0.13962	0.0080996	-0.077287	-0.16806	-0.30088	-0.49514	-0.58378	22.722
811.06	-0.77133	-0.80454	-0.83289	-0.822	-0.8048	-0.78692	-0.78691	-0.77417	-0.74582	-0.74405	-0.65015	-0.7224	-0.7952	-0.64186	-0.78301	-0.15131	0.47501	0.94984	1.0036	0.8343	0.64298	0.44692	0.26944	0.12627	0.0020292	-0.085658	-0.18296	-0.32284	-0.53083	-0.5921	22.613
802.6	-0.77849	-0.78324	-0.82926	-0.81003	-0.77643	-0.77374	-0.74309	-0.76133	-0.73064	-0.59131	-0.63583	-0.68054	-0.71805	-0.60154	-0.79126	-0.0336	0.48956	0.95986	0.99778	0.85105	0.65449	0.43291	0.26572	0.11901	-0.0086425	-0.1015	-0.20793	-0.31926	-0.51533	-0.58445	22.453
797.78	-0.76568	-0.77436	-0.81218	-0.77813	-0.76418	-0.75373	-0.73763	-0.76017	-0.71929	-0.71605	-0.6184	-0.68465	-0.76063	-0.78524	-0.84772	-0.073813	0.52517	0.9708	1.0102	0.82218	0.64322	0.43949	0.26072	0.11877	-0.016764	-0.09178	-0.20733	-0.34227	-0.50687	-0.57029	22.242
800.89	-0.72877	-0.75327	-0.78703	-0.76477	-0.75699	-0.72211	-0.73387	-0.74479	-0.70819	-0.66297	-0.49936	-0.65224	-0.71007	-0.65947	-0.84443	0.0062013	0.54226	0.97114	0.99533	0.816	0.6265	0.41804	0.24655	0.096308	-0.031882	-0.11482	-0.21392	-0.33219	-0.51067	-0.58292	22.019
815.56	-0.70138	-0.72018	-0.74469	-0.74086	-0.72784	-0.73025	-0.71713	-0.71918	-0.71087	-0.74982	-0.65699	-0.67946	-0.72535	-0.72176	-0.77869	-0.013507	0.53063	0.9587	0.97653	0.80328	0.60685	0.41343	0.24211	0.10303	-0.012889	-0.10173	-0.18921	-0.30215	-0.48261	-0.5287	21.831
836.32	-0.6849	-0.67979	-0.70972	-0.73147	-0.72391	-0.71114	-0.68036	-0.71965	-0.6888	-0.70231	-0.70159	-0.69107	-0.61615	-0.65866	-0.79879	-0.10858	0.5367	0.94374	0.95755	0.78811	0.59542	0.41735	0.255	0.10505	-0.0031639	-0.09293	-0.16239	-0.28125	-0.47063	-0.51025	21.547
856.1	-0.66273	-0.66662	-0.69332	-0.69171	-0.7062	-0.69855	-0.68402	-0.68602	-0.63573	-0.62964	-0.50683	-0.70297	-0.54845	-0.61695	-0.64548	-0.022184	0.54309	0.92386	0.94657	0.76245	0.57545	0.38	0.2157	0.083833	-0.023141	-0.090783	-0.16729	-0.28376	-0.44808	-0.49326	21.359
867.42	-0.6505	-0.66627	-0.68427	-0.67314	-0.65997	-0.65726	-0.65929	-0.65764	-0.62829	-0.61213	-0.51001	-0.62053	-0.59404	-0.69604	-0.68458	0.079304	0.53247	0.90139	0.91392	0.73501	0.55481	0.35954	0.20681	0.063309	-0.04263	-0.10256	-0.19751	-0.30267	-0.44755	-0.4971	21.098
866.03	-0.63092	-0.65312	-0.6836	-0.65683	-0.63859	-0.65263	-0.64453	-0.66311	-0.63954	-0.64101	-0.6383	-0.63986	-0.58619	-0.60987	-0.59045	-0.0034925	0.56517	0.9142	0.91199	0.72882	0.53641	0.34551	0.18715	0.056334	-0.041872	-0.12695	-0.20381	-0.29992	-0.45982	-0.51076	20.781
853	-0.64056	-0.64102	-0.68237	-0.67834	-0.67608	-0.68569	-0.65353	-0.65798	-0.63197	-0.55639	-0.5684	-0.59376	-0.53255	-0.50396	-0.52212	0.12743	0.60973	0.91855	0.91303	0.70441	0.50811	0.34059	0.17501	0.047313	-0.050897	-0.13504	-0.20779	-0.31764	-0.45602	-0.50376	20.51
838.89	-0.67355	-0.66303	-0.67102	-0.68437	-0.66328	-0.67276	-0.63701	-0.64713	-0.6426	-0.58494	-0.50713	-0.64164	-0.58698	-0.66565	-0.5604	0.024918	0.6209	0.93694	0.93189	0.7115	0.53657	0.33218	0.17706	0.040805	-0.071364	-0.1525	-0.21569	-0.31464	-0.45268	-0.49806	20.201
831.4	-0.64693	-0.66639	-0.67982	-0.66699	-0.65604	-0.64822	-0.65142	-0.67323	-0.60923	-0.85178	-0.49126	-0.70473	-0.61061	-0.44431	-0.73409	0.20753	0.64492	0.93155	0.94469	0.70255	0.51674	0.31425	0.16145	0.023666	-0.085772	-0.15658	-0.23543	-0.33517	-0.45861	-0.53204	19.863
831.19	-0.63775	-0.6317	-0.65788	-0.63909	-0.63994	-0.66221	-0.65159	-0.6522	-0.60761	-0.66789	-0.60376	-0.68579	-0.57406	-0.67182	-0.57551	0.11157	0.66905	0.95253	0.93346	0.69984	0.5123	0.30196	0.14338	0.031966	-0.059117	-0.13949	-0.22659	-0.30659	-0.44484	-0.49731	19.554
832.79	-0.5983	-0.60961	-0.63269	-0.64328	-0.64581	-0.61362	-0.5975	-0.65555	-0.60289	-0.60856	-0.62297	-0.56048	-0.66454	-0.70683	-0.5645	0.13052	0.69352	0.93887	0.92197	0.69083	0.48396	0.29474	0.13497	0.0070661	-0.073603	-0.16172	-0.2075	-0.31189	-0.43289	-0.48119	19.159
832.04	-0.59324	-0.61451	-0.63787	-0.61762	-0.60374	-0.6418	-0.59977	-0.61654	-0.60343	-0.60911	-0.54192	-0.65646	-0.5093	-0.70747	-0.37666	0.22656	0.70059	0.94366	0.92721	0.68474	0.46432	0.2798	0.13961	0.01628	-0.087424	-0.14925	-0.22191	-0.31217	-0.44346	-0.45572	18.884
830.86	-0.58753	-0.5997	-0.62586	-0.63299	-0.60968	-0.61208	-0.61191	-0.61834	-0.60873	-0.54211	-0.48134	-0.66694	-0.45494	-0.67207	-0.39706	0.16923	0.7108	0.93412	0.89056	0.65017	0.45492	0.26687	0.12803	-0.0039833	-0.09013	-0.1648	-0.23202	-0.30755	-0.42834	-0.46352	18.532
830.65	-0.57366	-0.60072	-0.62049	-0.5951	-0.60068	-0.58062	-0.59904	-0.61019	-0.56614	-0.69741	-0.51215	-0.7245	-0.54688	-0.73596	-0.41703	0.39024	0.73773	0.92844	0.89432	0.64169	0.44956	0.24885	0.10903	-0.015973	-0.091876	-0.14499	-0.23921	-0.30341	-0.41363	-0.4708	18.165
827.98	-0.58396	-0.57642	-0.60491	-0.60793	-0.57507	-0.58348	-0.55742	-0.57978	-0.53848	-0.66075	-0.53431	-0.49658	-0.61313	-0.72007	-0.32871	0.2855	0.76972	0.94432	0.90961	0.63798	0.42808	0.26589	0.089385	-0.02065	-0.087853	-0.15451	-0.20513	-0.29339	-0.40567	-0.43463	17.782
822.63	-0.57643	-0.57048	-0.5986	-0.55423	-0.54491	-0.54437	-0.56806	-0.58076	-0.54288	-0.64546	-0.61004	-0.7219	-0.63567	-0.71556	-0.28071	0.48139	0.78684	0.93749	0.91286	0.63825	0.43363	0.24647	0.10003	0.0034285	-0.089295	-0.15005	-0.20467	-0.27997	-0.38773	-0.42933	17.396
820.06	-0.52332	-0.55107	-0.57525	-0.57984	-0.58577	-0.56009	-0.56544	-0.58258	-0.56894	-0.6966	-0.48768	-0.65635	-0.64696	-0.75468	-0.43246	0.551	0.7837	0.95444	0.9023	0.60424	0.43592	0.24146	0.10218	-0.025523	-0.099169	-0.156	-0.22876	-0.27743	-0.38707	-0.43158	17.04
819.42	-0.52941	-0.55593	-0.56822	-0.59315	-0.55736	-0.5465	-0.56941	-0.59238	-0.5405	-0.43173	-0.53989	-0.65687	-0.573	-0.74605	-0.28181	0.45405	0.8161	0.9572	0.88958	0.61738	0.42051	0.22524	0.095832	-0.016192	-0.10536	-0.15338	-0.22714	-0.2862	-0.37516	-0.41831	16.626
816.85	-0.56435	-0.55856	-0.55594	-0.54894	-0.56635	-0.57937	-0.535	-0.5436	-0.53858	-0.52183	-0.39603	-0.47417	-0.53746	-0.87797	-0.23222	0.46524	0.84118	0.95418	0.87711	0.59587	0.39487	0.2095	0.062958	-0.035001	-0.11094	-0.14285	-0.20611	-0.27938	-0.39047	-0.43055	16.24
818.02	-0.52272	-0.53562	-0.57106	-0.57392	-0.56864	-0.53339	-0.51483	-0.52783	-0.52514	-0.54078	-0.52006	-0.52204	-0.57398	-0.82125	-0.24197	0.5231	0.8409	0.93976	0.86598	0.57745	0.37573	0.1889	0.065629	-0.039634	-0.10641	-0.1628	-0.22029	-0.29439	-0.37203	-0.41448	15.83
824.77	-0.50809	-0.5251	-0.52924	-0.51447	-0.49227	-0.4912	-0.48176	-0.48729	-0.49663	-0.6145	-0.42312	-0.69113	-0.59703	-0.74121	-0.34998	0.62527	0.83588	0.91715	0.84734	0.53887	0.35517	0.17393	0.045926	-0.042095	-0.12115	-0.15239	-0.21759	-0.26055	-0.38206	-0.40929	15.48
840.49	-0.49027	-0.49028	-0.48014	-0.44305	-0.44486	-0.45955	-0.49077	-0.49458	-0.49526	-0.47841	-0.48593	-0.78216	-0.58586	-0.79031	-0.44157	0.5566	0.83118	0.90975	0.828	0.55252	0.34491	0.16597	0.045962	-0.045866	-0.10782	-0.15934	-0.21352	-0.26568	-0.35477	-0.40606	15.084
853	-0.42392	-0.41517	-0.4255	-0.44626	-0.44131	-0.43646	-0.44637	-0.48015	-0.51141	-0.54694	-0.49874	-0.69619	-0.58621	-1.0801	-0.32874	0.62328	0.81451	0.88872	0.80726	0.50887	0.33985	0.16354	0.0347	-0.05238	-0.11379	-0.1614	-0.18957	-0.24618	-0.33152	-0.36091	14.667
861.54	-0.40259	-0.40516	-0.42217	-0.39378	-0.40359	-0.42641	-0.44194	-0.48072	-0.45482	-0.47607	-0.67119	-0.77226	-0.94337	-1.1834	-0.22017	0.2651	0.80376	0.87609	0.80777	0.51309	0.31533	0.16284	0.034355	-0.054527	-0.1002	-0.15284	-0.17653	-0.24211	-0.29161	-0.31248	14.299
860.37	-0.37877	-0.37036	-0.36843	-0.39519	-0.37958	-0.37071	-0.32435	-0.40836	-0.54487	-0.52352	-0.61289	-1.078	-1.0954	-1.475	-0.58475	0.46954	0.79061	0.87538	0.79097	0.50266	0.30693	0.14192	0.027402	-0.055491	-0.11115	-0.14085	-0.17935	-0.23185	-0.28843	-0.31032	13.902
854.17	-0.35697	-0.32811	-0.3146	-0.32667	-0.24385	-0.26769	-0.41452	-0.46603	-0.54795	-0.6782	-0.81616	-1.4485	-1.5141	-1.7247	-0.72417	0.36082	0.74702	0.87693	0.80701	0.51565	0.31183	0.15313	0.031126	-0.046925	-0.10358	-0.14363	-0.18672	-0.19908	-0.2635	-0.28473	13.513
840.92	-0.2952	-0.28935	-0.28585	-0.25395	-0.30095	-0.26898	-0.4382	-0.44878	-0.52492	-0.75594	-1.0512	-1.6697	-1.9551	-2.0756	-0.98078	0.30958	0.72235	0.90831	0.82845	0.52662	0.34022	0.14238	0.037884	-0.046754	-0.10011	-0.12718	-0.17646	-0.18555	-0.25667	-0.27244	13.111
835.68	-0.21621	-0.23223	-0.25922	-0.27986	-0.33822	-0.30701	-0.40729	-0.3865	-0.56805	-1.0017	-1.3321	-1.8893	-2.2595	-2.2876	-1.0955	0.11097	0.69571	0.90812	0.83979	0.53279	0.32872	0.15652	0.037219	-0.047047	-0.095602	-0.11542	-0.13508	-0.16575	-0.18461	-0.19857	12.742
836.53	-0.20114	-0.22853	-0.25804	-0.27148	-0.28333	-0.27529	-0.25944	-0.43922	-0.65856	-1.1643	-1.5236	-2.0393	-2.3392	-2.466	-1.193	0.11085	0.67576	0.89738	0.84682	0.52557	0.33747	0.16109	0.032683	-0.025934	-0.0861	-0.11172	-0.12609	-0.14716	-0.15314	-0.17794	12.372
845.19	-0.18713	-0.17563	-0.18741	-0.16716	-0.21445	-0.20158	-0.30543	-0.50089	-0.77873	-1.1524	-1.6888	-2.197	-2.6491	-2.7538	-1.3857	-0.12633	0.61083	0.88138	0.84335	0.57211	0.3394	0.16973	0.050159	-0.034733	-0.0666	-0.099047	-0.09504	-0.11663	-0.13792	-0.14007	11.997
850.97	-0.086407	-0.079119	-0.13843	-0.12711	-0.24079	-0.24362	-0.37879	-0.60553	-0.8769	-1.438	-1.857	-2.3314	-2.7387	-2.7618	-1.4829	-0.078573	0.58778	0.88216	0.84711	0.55698	0.35405	0.18065	0.062204	0.0033143	-0.056062	-0.092211	-0.09005	-0.096076	-0.098097	-0.11293	11.618
855.77	-0.050538	-0.054131	-0.074984	-0.18005	-0.21871	-0.2787	-0.46431	-0.68717	-0.92384	-1.5146	-1.8366	-2.5597	-2.9194	-3.0113	-1.5709	-0.19936	0.54867	0.89255	0.8655	0.60141	0.37779	0.18888	0.077685	0.021199	-0.018971	-0.047903	-0.062744	-0.049685	-0.045392	-0.034155	11.285
856.31	-0.040533	-0.073551	-0.095515	-0.15621	-0.20673	-0.28332	-0.48676	-0.744	-0.97683	-1.6266	-1.9446	-2.4004	-2.8196	-3.1507	-1.7144	-0.24585	0.51254	0.89103	0.87095	0.58891	0.39707	0.22108	0.099614	0.026556	-0.0064309	-0.025119	-0.031602	-0.025105	-0.025594	-0.01678	10.923
854.92	-0.051496	-0.062657	-0.082227	-0.14501	-0.24956	-0.3337	-0.54576	-0.78285	-1.0269	-1.6292	-1.9378	-2.6273	-3.0116	-3.3592	-1.8812	-0.32092	0.48201	0.90112	0.85864	0.60387	0.39505	0.21496	0.10594	0.014949	-0.0014227	-0.016393	-0.044635	-0.026784	-0.022033	-0.015939	10.535
846.69	-0.018984	-0.03247	-0.069454	-0.13486	-0.245	-0.39317	-0.57065	-0.81127	-1.0657	-1.5975	-1.9566	-2.7373	-3.0408	-3.4365	-1.7047	-0.22036	0.49031	0.89437	0.86265	0.6088	0.41055	0.21986	0.11586	0.032283	-0.00059065	-0.013012	-0.030215	-0.0096648	-0.012252	-0.0081951	10.218
833.43	0.0077333	3.4005e-005	-0.071478	-0.17223	-0.29452	-0.40337	-0.63166	-0.85911	-1.0924	-1.6326	-2.1202	-2.7999	-3.2631	-3.3914	-1.9198	-0.23344	0.49811	0.89973	0.8931	0.6137	0.4025	0.23379	0.11319	0.056698	0.019998	-0.0069241	-0.012053	-0.0039333	0.013408	0.020202	9.8953
817.81	0.032567	0.036345	-0.071907	-0.20222	-0.33425	-0.43918	-0.62697	-0.8699	-1.1124	-1.713	-2.1919	-2.6979	-3.1762	-3.5394	-1.9161	-0.3062	0.50013	0.94502	0.91734	0.64982	0.43526	0.24599	0.12363	0.053098	0.025627	0.01402	0.0076181	0.019982	0.033424	0.033307	9.5677
807.1	0.039734	0.035932	-0.079505	-0.21796	-0.35229	-0.4745	-0.65048	-0.90991	-1.1693	-1.9154	-2.2946	-2.9207	-3.2656	-3.399	-1.9211	-0.32015	0.53714	0.95451	0.92405	0.62976	0.42033	0.25611	0.12154	0.064245	0.028626	0.01235	0.004053	0.021984	0.043402	0.056764	9.2958
806.46	0.048431	0.037756	-0.10142	-0.23773	-0.34419	-0.46978	-0.65099	-0.93059	-1.1372	-1.7371	-2.0648	-2.726	-3.2303	-3.4579	-1.8306	-0.31051	0.54612	0.93695	0.90387	0.6075	0.40466	0.2269	0.13004	0.078543	0.010022	-0.0034387	0.00038532	0.012443	0.051072	0.063257	8.9906
812.99	0.07383	0.026763	-0.1006	-0.22101	-0.35909	-0.47005	-0.64931	-0.91275	-1.1417	-1.6142	-1.996	-2.5869	-3.2325	-3.2535	-1.9072	-0.13133	0.56152	0.92841	0.90473	0.6095	0.39674	0.2173	0.10863	0.058123	0.021379	0.018715	0.012212	0.017515	0.062019	0.062749	8.7383
827.12	0.060364	0.026306	-0.099811	-0.23088	-0.36828	-0.45607	-0.64258	-0.8916	-1.1222	-1.7132	-2.1261	-2.5235	-3.2234	-3.271	-1.8248	-0.22558	0.57972	0.90461	0.88307	0.60102	0.3817	0.21741	0.10495	0.055279	0.024474	0.0048028	0.012899	0.018062	0.054447	0.068864	8.4768
839.31	0.04746	0.034553	-0.11936	-0.2069	-0.36696	-0.46607	-0.6341	-0.87591	-1.0856	-1.6883	-2.1155	-2.4395	-3.0676	-3.1785	-1.641	-0.18427	0.6005	0.91787	0.8816	0.58563	0.37887	0.22556	0.1115	0.045348	0.0070728	-0.00062503	0.021527	0.033663	0.070158	0.076717	8.2198
854.39	0.066616	0.027161	-0.084969	-0.21118	-0.34071	-0.44824	-0.62883	-0.84162	-1.063	-1.6114	-1.8595	-2.4244	-2.8706	-3.0339	-1.5252	-0.040917	0.59439	0.89592	0.86433	0.56409	0.36597	0.19104	0.090147	0.040065	0.023693	0.02044	0.018549	0.021586	0.047305	0.086667	8.0263
861.44	0.043535	0.025258	-0.10384	-0.22256	-0.32811	-0.45505	-0.61112	-0.84007	-1.0509	-1.5888	-1.9922	-2.3123	-2.9091	-2.9915	-1.4553	-0.11467	0.60998	0.88763	0.84789	0.54835	0.34975	0.17846	0.083293	0.029953	0.019345	0.0028725	0.010666	0.028731	0.059426	0.068709	7.81
860.69	0.056205	0.019389	-0.12618	-0.23937	-0.33723	-0.42683	-0.61333	-0.84169	-1.0252	-1.6464	-1.8656	-2.3328	-2.6812	-2.7921	-1.447	-0.096236	0.62564	0.89127	0.83413	0.53214	0.32535	0.18321	0.096481	0.029091	-0.0039049	0.0063578	-0.0047951	0.014917	0.053217	0.048913	7.6437
854.28	0.035721	0.03225	-0.1065	-0.22002	-0.36646	-0.45982	-0.62637	-0.85518	-1.0424	-1.4984	-1.8796	-2.3689	-2.7817	-2.6891	-1.1971	0.043177	0.65904	0.87297	0.83696	0.538	0.32423	0.16885	0.069011	0.025721	0.028718	-0.004123	0.013355	0.019129	0.043708	0.071023	7.4727
849.36	0.053296	0.0094146	-0.11343	-0.2594	-0.34571	-0.45669	-0.63	-0.83758	-1.0536	-1.7632	-1.9305	-2.261	-2.699	-2.7848	-1.408	0.071617	0.67728	0.90605	0.82885	0.51575	0.32879	0.16424	0.066753	0.0087329	-0.001432	-0.012971	-0.00050302	0.01264	0.049396	0.064437	7.332
844.77	0.030608	0.0026091	-0.13582	-0.23051	-0.36159	-0.47569	-0.6283	-0.84032	-1.0515	-1.5821	-2.0516	-2.2545	-2.5692	-2.6299	-1.113	-0.060266	0.69276	0.90029	0.81773	0.52422	0.30092	0.14828	0.064443	0.0051514	0.0044885	-0.027235	-0.028533	0.017685	0.043288	0.059511	7.1369
843.16	0.038034	0.00089376	-0.15061	-0.23899	-0.35626	-0.47562	-0.62693	-0.85555	-1.0342	-1.6328	-1.9044	-2.1081	-2.5831	-2.4466	-1.0662	0.20463	0.71497	0.8728	0.80711	0.48831	0.29248	0.14013	0.044923	0.0024368	-0.028588	-0.0184	-0.016302	-0.0055491	0.049759	0.056098	7.043
844.55	0.038889	0.018044	-0.12315	-0.2377	-0.38869	-0.47192	-0.62932	-0.84144	-1.0115	-1.5634	-1.9113	-2.1798	-2.5428	-2.371	-1.1133	0.25155	0.72105	0.86844	0.81186	0.47049	0.27762	0.13428	0.035047	0.0024311	-0.031081	-0.035229	-0.022407	-0.016326	0.044211	0.065681	6.928
848.19	0.04971	-0.0093576	-0.1154	-0.25088	-0.36113	-0.4728	-0.62917	-0.84145	-1.0246	-1.5377	-1.8531	-2.1424	-2.4689	-2.4143	-1.0307	0.17519	0.72248	0.85698	0.79108	0.47695	0.28001	0.12345	0.034896	-0.0084156	-0.017455	-0.034195	-0.035393	-0.0013863	0.046742	0.047006	6.8614
854.28	0.041177	0.016991	-0.13072	-0.23676	-0.35361	-0.45214	-0.62215	-0.80586	-1.0077	-1.5456	-1.6808	-2.1178	-2.371	-2.3263	-0.96544	0.24869	0.73347	0.85952	0.77514	0.44832	0.26112	0.11701	0.02231	-0.0056667	-0.026539	-0.016405	-0.025615	0.0010829	0.049112	0.057978	6.7873
857.8	0.028333	0.015234	-0.14447	-0.24368	-0.362	-0.45793	-0.62884	-0.82398	-0.99841	-1.4735	-1.8323	-2.0258	-2.3879	-2.352	-1.0095	0.21045	0.73492	0.84163	0.75314	0.44927	0.25474	0.10916	0.031872	-0.019041	-0.02393	-0.02158	-0.024648	-0.0030067	0.048015	0.068132	6.7449
855.67	0.035661	0.0008807	-0.11886	-0.24693	-0.38858	-0.45908	-0.62536	-0.82425	-0.98707	-1.5242	-1.6582	-2.133	-2.4028	-2.2076	-0.95424	0.31357	0.73228	0.85428	0.76617	0.44293	0.25715	0.11313	0.017876	-0.0047627	-0.029841	-0.019006	-0.025574	-0.014477	0.054428	0.045725	6.7313
848.83	0.050587	0.0094205	-0.13246	-0.25247	-0.37778	-0.45601	-0.63125	-0.82638	-1.0072	-1.4891	-1.6716	-2.0004	-2.2784	-2.2254	-0.91333	0.26908	0.77338	0.86891	0.78098	0.45026	0.25206	0.11404	0.023341	-0.017437	-0.032609	-0.039468	-0.019677	0.0076934	0.040361	0.078483	6.6965
840.81	0.034447	-0.0068553	-0.12188	-0.27188	-0.35625	-0.46621	-0.64327	-0.83881	-1.0142	-1.5033	-1.6977	-2.1801	-2.3908	-2.2826	-0.94167	0.30962	0.74431	0.8811	0.77534	0.45076	0.2644	0.10666	0.02625	-0.017603	-0.021861	-0.032712	-0.038345	-0.0014001	0.038916	0.055372	6.6677
835.57	0.036521	0.029507	-0.12172	-0.23575	-0.36254	-0.46324	-0.61364	-0.82665	-1.0259	-1.5898	-1.7489	-2.1367	-2.3602	-2.4689	-0.87848	0.28291	0.77832	0.88073	0.77669	0.45454	0.26152	0.11585	0.0056943	-0.026881	-0.038261	-0.02933	-0.028847	0.0078155	0.061262	0.048606	6.698
831.83	0.039486	0.016578	-0.14622	-0.24948	-0.37636	-0.45447	-0.63461	-0.83958	-1.0189	-1.6067	-1.6241	-2.0509	-2.49	-2.18	-0.98159	0.16907	0.77353	0.86496	0.77578	0.45563	0.26269	0.12207	0.022008	-0.016873	-0.025536	-0.024055	-0.022749	-0.015736	0.043037	0.054183	6.6934
829.9	0.044256	-0.015673	-0.1364	-0.26367	-0.37825	-0.45355	-0.63348	-0.84522	-1.0338	-1.6686	-1.6279	-2.2375	-2.4222	-2.258	-0.94411	0.34252	0.77994	0.88477	0.77316	0.45668	0.27062	0.10711	0.0275	-0.016912	-0.023871	-0.02682	-0.0335	0.0078689	0.027373	0.054308	6.7176
829.9	0.029286	-0.0086898	-0.13086	-0.25732	-0.38741	-0.48421	-0.62826	-0.86091	-1.032	-1.5522	-1.7916	-2.1417	-2.3947	-2.1851	-0.94411	0.26558	0.76794	0.8818	0.7873	0.44803	0.26239	0.11569	0.033851	-0.011374	-0.035939	-0.02953	-0.035282	0.0019602	0.037574	0.060575	6.701
836.11	0.034641	-0.0016976	-0.15646	-0.26081	-0.37241	-0.48553	-0.63568	-0.86094	-1.0314	-1.5503	-1.7681	-2.1639	-2.4225	-2.2955	-0.94697	0.34954	0.76591	0.87133	0.78146	0.46188	0.26771	0.11578	0.027296	-0.0057899	-0.027116	-0.023036	-0.019094	-0.00476	0.031771	0.046795	6.7131
845.52	0.023235	-0.0059626	-0.1357	-0.24544	-0.39125	-0.49274	-0.62775	-0.83958	-1.0164	-1.3997	-1.6279	-1.9989	-2.4226	-2.1626	-0.8584	0.27958	0.76191	0.86357	0.77363	0.45674	0.27191	0.12477	0.025212	-0.012974	-0.021739	-0.021006	-0.010131	-0.0038771	0.033239	0.052427	6.6874
855.13	0.032052	-0.020292	-0.13059	-0.25237	-0.37894	-0.46704	-0.62743	-0.81939	-1.0076	-1.5629	-1.7685	-2.0321	-2.2616	-2.2709	-1.0609	0.15511	0.7408	0.86922	0.78637	0.46654	0.26885	0.13169	0.038132	-0.002076	-0.0081132	-0.012006	-0.015209	0.023208	0.053563	0.04228	6.7404
858.87	0.017448	0.0025663	-0.1648	-0.27405	-0.38123	-0.48508	-0.64402	-0.84347	-1.0359	-1.5373	-1.7312	-2.125	-2.5004	-2.4019	-1.1235	0.25666	0.72419	0.85396	0.77526	0.46636	0.28448	0.13756	0.04673	0.0095294	-0.0080779	-0.0075911	-0.0030818	0.013316	0.046161	0.049016	6.9311
857.59	0.053691	-0.0058787	-0.13736	-0.27446	-0.38574	-0.47145	-0.66264	-0.86974	-1.059	-1.5678	-1.8129	-2.1467	-2.5041	-2.4936	-1.1252	0.18259	0.71009	0.87247	0.78326	0.47637	0.28756	0.1433	0.057334	0.0068617	-0.013093	-0.014593	0.0046766	0.018237	0.058794	0.059486	7.0945
851.5	0.026719	-0.018679	-0.15004	-0.28527	-0.37163	-0.51531	-0.67331	-0.88676	-1.0831	-1.5128	-1.8858	-2.2833	-2.6206	-2.6002	-1.1526	0.090171	0.68638	0.88546	0.80782	0.52664	0.31459	0.14618	0.071005	-0.0011874	0.015373	0.0090671	-0.0057168	0.029066	0.042043	0.059911	7.3366
848.4	0.042375	0.00088825	-0.16774	-0.28808	-0.41781	-0.51042	-0.65792	-0.90897	-1.1045	-1.8221	-1.8226	-2.4228	-2.6931	-2.7256	-1.4485	0.16576	0.6645	0.89353	0.83238	0.5295	0.33901	0.18213	0.074813	0.035832	-0.008176	0.0064498	-0.0057377	0.012655	0.047639	0.047871	7.5559
848.94	0.024971	-0.033239	-0.16132	-0.29854	-0.4265	-0.52557	-0.68894	-0.9102	-1.1396	-1.7166	-1.9915	-2.4493	-2.7004	-2.8575	-1.467	-0.022353	0.61445	0.87653	0.83272	0.52917	0.33075	0.18202	0.085405	0.046639	0.010364	-0.0032666	-0.0066051	0.00026479	0.05214	0.045215	7.7964
853.53	0.033023	-0.025421	-0.1434	-0.289	-0.42123	-0.53139	-0.72325	-0.94389	-1.1482	-1.8017	-2.0504	-2.5199	-3.0343	-3.1432	-1.691	-0.14378	0.56627	0.87374	0.83426	0.54876	0.35921	0.17548	0.092002	0.025743	0.011146	0.010801	0.016833	0.0092952	0.036534	0.032783	8.0353
858.02	0.024707	-0.016004	-0.13104	-0.29801	-0.43676	-0.55731	-0.72451	-0.94521	-1.1896	-1.9144	-2.0001	-2.553	-3.0362	-3.2854	-1.7879	-0.12444	0.49634	0.87395	0.84272	0.57937	0.37061	0.2188	0.11521	0.055967	0.038596	0.017733	0.0012256	0.021494	0.037238	0.045603	8.3151
859.73	-0.0015349	-0.0185	-0.17355	-0.30443	-0.43786	-0.5562	-0.71804	-0.95848	-1.1924	-1.7794	-2.4208	-2.5479	-3.2431	-3.3668	-1.7939	-0.55118	0.4802	0.85885	0.85213	0.58565	0.36458	0.24228	0.11498	0.060309	0.031032	0.0037494	0.021874	0.026342	0.0488	0.056745	8.5524
858.23	0.020176	-0.019374	-0.16493	-0.32074	-0.43074	-0.57343	-0.75122	-0.97086	-1.2419	-1.7449	-2.2271	-2.7282	-3.3643	-3.6193	-2.0661	-0.43127	0.40695	0.87564	0.86473	0.60898	0.41033	0.23901	0.14763	0.073805	0.045254	0.033447	0.01588	0.036187	0.03723	0.044725	8.8531
857.16	0.016578	-0.01602	-0.15798	-0.28953	-0.42733	-0.58085	-0.74291	-1.0141	-1.2641	-1.8129	-2.329	-2.9633	-3.4931	-4.056	-2.2034	-0.57146	0.33417	0.86237	0.85554	0.63581	0.43565	0.2716	0.15133	0.070322	0.057827	0.042231	0.041791	0.040318	0.048946	0.041314	9.1946
853.42	0.010282	-0.016937	-0.15239	-0.30403	-0.44109	-0.57185	-0.76982	-1.0176	-1.2931	-1.8963	-2.4088	-3.1252	-3.705	-4.2333	-2.503	-0.73291	0.25843	0.85269	0.87218	0.65075	0.45891	0.28483	0.17228	0.11013	0.059757	0.052955	0.028972	0.045422	0.047358	0.042365	9.5193
848.51	0.018578	-0.040084	-0.16682	-0.33152	-0.45659	-0.55582	-0.79808	-1.047	-1.3651	-1.9548	-2.3827	-3.3305	-3.9692	-4.4627	-2.673	-0.85003	0.18679	0.84021	0.86686	0.66769	0.49021	0.30139	0.18481	0.11799	0.080334	0.051496	0.031755	0.036601	0.037655	0.033854	9.8712
841.88	0.0067339	-0.017169	-0.1836	-0.31893	-0.46621	-0.59822	-0.81807	-1.0998	-1.3758	-2.0085	-2.6839	-3.5926	-4.2269	-4.5248	-2.9586	-0.98943	0.089072	0.8478	0.89982	0.68906	0.51031	0.31691	0.19073	0.1444	0.094559	0.067035	0.046066	0.036889	0.047094	0.037649	10.22
834.61	-0.0071636	-0.04075	-0.17969	-0.32441	-0.48039	-0.59163	-0.83384	-1.1498	-1.4552	-2.0742	-2.7073	-3.4146	-4.3003	-5.0081	-3.2512	-1.2562	0.00080903	0.83748	0.89887	0.73044	0.54205	0.3462	0.20953	0.12363	0.098811	0.073006	0.043808	0.052323	0.028142	0.034418	10.549
830.22	-0.014683	-0.04271	-0.17603	-0.34517	-0.50736	-0.64419	-0.87474	-1.143	-1.4727	-2.1628	-2.9262	-3.6335	-4.5802	-5.3897	-3.5465	-1.5416	-0.10531	0.82708	0.90274	0.75545	0.55589	0.36613	0.246	0.14274	0.098472	0.075198	0.056515	0.057664	0.018093	0.031018	10.916
831.83	-0.0071876	-0.035663	-0.17937	-0.33273	-0.4759	-0.59657	-0.85484	-1.1923	-1.501	-2.3232	-2.9409	-3.617	-4.8557	-5.6247	-3.7776	-1.6634	-0.21102	0.787	0.8913	0.76742	0.56851	0.40059	0.25366	0.17101	0.11032	0.087666	0.059965	0.051654	0.02361	0.020242	11.282
838.35	-0.010836	-0.027609	-0.17249	-0.33104	-0.50849	-0.62032	-0.86969	-1.2041	-1.5175	-2.2667	-3.07	-3.5983	-4.9634	-5.8605	-3.886	-1.8789	-0.33	0.74367	0.88173	0.77763	0.5822	0.40407	0.26516	0.16694	0.11799	0.091453	0.070087	0.052926	0.027097	0.028946	11.665
