13631	5	3	91	26.6	747	1	15	8	2.33	128	4096	10	0	0	0	0	298.24	935.26	1.4115e+006	0.11584	0.10015	40.2	0	0	1	0	0	0	11	0	0
830.66	0.023145	-0.018867	-0.17675	-0.32235	-0.4652	-0.56865	-0.78894	-1.065	-1.329	-1.9181	-2.5568	-3.1782	-3.7865	-4.2554	-2.4491	-0.69556	0.27291	0.89748	0.92178	0.70377	0.50861	0.33709	0.2202	0.14759	0.12764	0.098273	0.093375	0.082014	0.075357	0.065119	10.022
848.09	0.029995	-0.0039629	-0.16228	-0.3104	-0.46262	-0.56761	-0.78549	-1.0567	-1.3323	-1.8976	-2.5343	-3.2252	-3.8436	-4.5067	-2.5933	-0.90711	0.20316	0.8771	0.90716	0.7213	0.52054	0.36186	0.23432	0.16262	0.14526	0.11393	0.096689	0.080325	0.062012	0.080426	10.359
864.97	0.033895	0.0044895	-0.14139	-0.30434	-0.43698	-0.56508	-0.76182	-1.0458	-1.3413	-2.112	-2.5143	-3.1715	-4.1213	-4.5935	-2.9431	-0.90784	0.098226	0.85524	0.89709	0.73305	0.54374	0.39228	0.25846	0.18867	0.14491	0.1351	0.11875	0.09091	0.079484	0.079715	10.769
877.78	0.051093	-0.01208	-0.13235	-0.30333	-0.43734	-0.55402	-0.78932	-1.055	-1.3445	-1.9711	-2.584	-3.2157	-4.148	-4.7246	-3.0599	-1.1764	0.0068964	0.81376	0.88901	0.7369	0.55657	0.38385	0.2727	0.19901	0.17131	0.13825	0.1187	0.099961	0.10375	0.081092	11.081
886.21	0.020818	0.0019299	-0.14579	-0.2945	-0.45034	-0.56635	-0.78832	-1.0925	-1.3668	-2.1069	-2.8948	-3.3285	-4.427	-4.9867	-3.2634	-1.4264	-0.088264	0.80047	0.88303	0.75871	0.58041	0.41589	0.29389	0.2196	0.1713	0.13524	0.11924	0.1085	0.094077	0.077804	11.49
891.22	0.030285	-0.017585	-0.13809	-0.30973	-0.44307	-0.56869	-0.78712	-1.0778	-1.4164	-2.104	-2.7833	-3.4256	-4.4706	-5.3319	-3.5597	-1.49	-0.23132	0.75912	0.85667	0.78309	0.60611	0.43662	0.29477	0.22524	0.18879	0.14289	0.1277	0.10553	0.067645	0.069031	11.897
891.76	0.018947	-0.0192	-0.14832	-0.28422	-0.45418	-0.584	-0.82143	-1.1029	-1.4238	-2.0667	-2.8006	-3.4592	-4.7844	-5.6763	-3.8906	-1.7844	-0.36692	0.71817	0.8578	0.78889	0.63811	0.45764	0.34186	0.25002	0.20232	0.17054	0.155	0.11961	0.08141	0.078154	12.313
888.24	0.0085327	-0.0054137	-0.14976	-0.3184	-0.46739	-0.59093	-0.84011	-1.1435	-1.4919	-2.1383	-3.0794	-3.6071	-4.9922	-6.0648	-4.231	-2.2227	-0.50724	0.68497	0.84716	0.7983	0.63722	0.47637	0.35677	0.27688	0.21761	0.18303	0.15395	0.13507	0.074803	0.068425	12.702
880.13	-0.0099152	-0.025212	-0.15724	-0.33331	-0.48994	-0.63368	-0.88473	-1.2036	-1.5343	-2.3136	-3.2814	-3.8479	-5.3675	-6.4987	-4.6542	-2.5697	-0.68426	0.63533	0.83996	0.84012	0.67415	0.52388	0.37289	0.29075	0.24156	0.18131	0.1747	0.1188	0.078989	0.061459	13.131
870.73	-0.0011046	-0.01883	-0.15893	-0.33777	-0.49813	-0.62827	-0.87522	-1.2377	-1.6392	-2.3571	-3.3753	-3.9715	-5.7321	-6.9248	-5.0169	-2.7898	-0.88433	0.58091	0.82544	0.84643	0.69886	0.51318	0.38383	0.29125	0.22691	0.20134	0.1545	0.12974	0.074538	0.061267	13.629
860.91	-0.011038	-0.033347	-0.18299	-0.33201	-0.53719	-0.65927	-0.93464	-1.2795	-1.6768	-2.6927	-3.473	-4.469	-6.1607	-7.5483	-5.4382	-3.072	-1.108	0.52461	0.80078	0.87092	0.72713	0.55027	0.40307	0.32394	0.23864	0.2106	0.15454	0.12715	0.06377	0.048159	14.079
850.22	-0.038575	-0.048248	-0.16007	-0.35477	-0.53301	-0.67335	-0.95741	-1.3334	-1.7309	-2.556	-3.7264	-4.5812	-6.6777	-7.9722	-5.9819	-3.5048	-1.3274	0.47327	0.76771	0.87717	0.73894	0.57671	0.43027	0.3226	0.26267	0.20443	0.16345	0.13205	0.058234	0.033035	14.491
837.4	-0.052147	-0.06369	-0.19179	-0.35301	-0.54824	-0.70817	-0.9738	-1.3502	-1.806	-2.6144	-4.0167	-4.6988	-7.1625	-8.636	-6.4675	-4.0159	-1.5718	0.37956	0.74355	0.90396	0.76659	0.58933	0.43866	0.33944	0.25645	0.19862	0.17567	0.1165	0.059126	0.036203	14.909
827.13	-0.059365	-0.086372	-0.19881	-0.38197	-0.54789	-0.73979	-1.0487	-1.4049	-1.8687	-2.7053	-4.0153	-4.9684	-7.5465	-9.1362	-6.9766	-4.5192	-1.8248	0.28901	0.70756	0.91325	0.7862	0.61959	0.45139	0.36032	0.27692	0.22283	0.17785	0.12896	0.046835	0.033058	15.386
821.78	-0.068256	-0.10456	-0.21595	-0.38995	-0.58025	-0.75759	-1.0546	-1.4364	-1.9511	-3.017	-4.2584	-5.3874	-8.1433	-9.6833	-7.7045	-4.7332	-2.0762	0.21797	0.68181	0.92405	0.81165	0.64094	0.47997	0.36453	0.29352	0.23796	0.18891	0.12894	0.049013	0.027849	15.806
819.85	-0.092094	-0.12424	-0.21459	-0.39178	-0.59089	-0.74335	-1.1037	-1.5145	-1.9936	-2.9455	-4.4445	-5.4873	-8.5625	-10.278	-8.0847	-5.4062	-2.3213	0.12036	0.619	0.91941	0.81356	0.65498	0.48661	0.38034	0.28811	0.22663	0.19657	0.13694	0.035988	0.0034438	16.189
821.46	-0.12311	-0.11695	-0.23375	-0.3956	-0.56196	-0.76888	-1.0585	-1.5452	-2.0644	-3.077	-4.6115	-5.6796	-8.8893	-10.727	-8.4705	-5.7745	-2.5387	0.026202	0.57404	0.92247	0.81566	0.68932	0.49941	0.39545	0.30235	0.24261	0.18808	0.11961	0.015309	-0.0019903	16.599
827.66	-0.12687	-0.14932	-0.25699	-0.40991	-0.59144	-0.76906	-1.1238	-1.5206	-2.0641	-3.0929	-4.6385	-5.8482	-9.2742	-11.058	-8.8554	-5.9915	-2.7983	-0.078128	0.52099	0.91748	0.84716	0.67746	0.50384	0.39064	0.31391	0.24442	0.19204	0.11363	0.02914	-0.00017928	17.034
838.57	-0.13263	-0.17761	-0.22167	-0.40368	-0.55956	-0.74339	-1.0679	-1.4871	-2.0964	-3.1487	-4.6794	-6.1889	-9.5446	-11.464	-9.2615	-6.2847	-2.9884	-0.16423	0.4556	0.88175	0.83976	0.66959	0.51435	0.40291	0.31153	0.25107	0.17719	0.13221	0.024173	-0.0019497	17.469
851.4	-0.13793	-0.14261	-0.23633	-0.37903	-0.57793	-0.73509	-1.1162	-1.5448	-2.0996	-3.1391	-4.7386	-5.7691	-9.6516	-11.611	-9.4416	-6.6962	-3.1549	-0.2437	0.40997	0.89096	0.82176	0.68551	0.52604	0.42294	0.3228	0.26049	0.20406	0.13433	0.026519	-0.0045369	17.817
864.11	-0.14848	-0.16398	-0.25768	-0.40395	-0.54791	-0.72332	-1.0722	-1.5017	-2.0704	-3.0276	-4.6983	-5.9784	-9.845	-11.947	-9.8086	-6.9578	-3.3514	-0.33036	0.34537	0.876	0.83603	0.69555	0.53747	0.43179	0.34039	0.26013	0.21904	0.13641	0.019895	-0.0027514	18.22
873.83	-0.17437	-0.19779	-0.2627	-0.39429	-0.58533	-0.75661	-1.0859	-1.5665	-2.0491	-2.994	-4.7141	-6.021	-9.7356	-12.109	-9.8128	-7.2184	-3.5456	-0.42814	0.30039	0.85256	0.83282	0.69053	0.53408	0.42348	0.33907	0.27096	0.19798	0.13489	0.014391	-0.0069715	18.605
881.62	-0.17812	-0.21412	-0.27602	-0.41215	-0.56482	-0.71733	-1.0796	-1.5057	-2.0544	-3.1594	-4.7206	-6.2921	-9.9177	-12.439	-10.353	-7.4714	-3.7584	-0.51187	0.24366	0.84503	0.84613	0.69878	0.55497	0.44233	0.34824	0.28131	0.20714	0.14403	0.030848	-0.018708	18.984
886.21	-0.19034	-0.21219	-0.27373	-0.40492	-0.53997	-0.71918	-1.0553	-1.5273	-2.0697	-3.0612	-4.8495	-6.1162	-9.8061	-12.776	-10.662	-7.7929	-3.9559	-0.60833	0.18363	0.82715	0.83147	0.7139	0.56739	0.44523	0.34563	0.27732	0.23278	0.13617	0.01419	-0.031189	19.375
884.29	-0.22236	-0.20856	-0.30551	-0.41941	-0.57745	-0.72909	-1.0608	-1.5263	-2.0265	-3.0406	-4.9944	-6.2911	-10.172	-13.051	-11.002	-8.1708	-4.1707	-0.68484	0.14422	0.82984	0.8453	0.72976	0.57458	0.46438	0.36336	0.29487	0.23663	0.14756	0.017702	-0.030415	19.747
877.67	-0.24792	-0.24726	-0.30694	-0.44059	-0.58566	-0.76639	-1.0811	-1.5326	-2.0426	-3.0543	-4.8289	-6.5467	-10.136	-13.451	-11.255	-8.5143	-4.3855	-0.78259	0.079279	0.82974	0.85945	0.74247	0.5892	0.47836	0.38077	0.30393	0.22493	0.1375	0.019588	-0.038264	20.068
869.56	-0.2547	-0.27956	-0.33007	-0.45942	-0.59792	-0.79431	-1.1808	-1.5672	-2.2012	-3.0179	-5.0693	-6.7448	-10.292	-13.837	-11.748	-8.8691	-4.607	-0.84747	0.053869	0.83105	0.87359	0.7403	0.61634	0.48547	0.39666	0.30418	0.22277	0.15087	0.018002	-0.052293	20.453
855.35	-0.28526	-0.27743	-0.38213	-0.4732	-0.61082	-0.79311	-1.1642	-1.6729	-2.153	-3.1152	-5.0443	-6.7454	-10.579	-14.324	-12.233	-9.3709	-4.8313	-0.94504	0.013603	0.84672	0.89875	0.78587	0.63098	0.51413	0.38736	0.31711	0.24723	0.15501	0.0075053	-0.05316	20.808
836.65	-0.33433	-0.34509	-0.38335	-0.52337	-0.71032	-0.79514	-1.2729	-1.9063	-2.24	-3.0596	-5.1469	-6.7538	-10.597	-14.662	-12.704	-9.6758	-5.0556	-1.0172	-0.020287	0.86089	0.91794	0.80912	0.62799	0.52471	0.39859	0.33764	0.26071	0.14173	0.0067521	-0.074774	21.096
816.32	-0.3845	-0.37587	-0.41917	-0.55946	-0.62864	-0.95974	-1.3903	-2.1283	-2.5396	-3.0372	-4.8174	-6.6787	-10.235	-14.74	-12.767	-9.7701	-5.1919	-1.0315	-0.018996	0.89406	0.95103	0.82442	0.67314	0.53027	0.42253	0.33779	0.2518	0.14011	-0.013818	-0.066625	21.341
796.29	-0.41465	-0.4308	-0.46916	-0.50263	-0.71979	-0.84266	-1.8094	-2.3425	-2.8005	-2.9517	-4.3521	-6.2881	-9.7545	-14.342	-12.301	-9.8856	-5.1166	-1.0131	0.035797	0.92757	1.0007	0.86005	0.70047	0.56862	0.43226	0.37828	0.25163	0.15771	-0.019967	-0.094427	21.597
777.74	-0.41556	-0.415	-0.43897	-0.5272	-0.62831	-1.0263	-2.0185	-2.7392	-2.989	-3.3949	-4.4449	-6.0908	-8.5161	-11.622	-11.333	-8.654	-4.682	-0.80398	0.14888	1.0225	1.0607	0.92835	0.74524	0.59499	0.45545	0.35743	0.2757	0.13624	-0.03825	-0.12056	21.85
763.37	-0.4244	-0.45033	-0.45527	-0.43261	-0.72206	-1.2898	-2.5327	-2.7557	-3.3525	-4.0287	-4.017	-4.6966	-6.6282	-9.3843	-9.0611	-7.4371	-4.0075	-0.56966	0.2987	1.0554	1.0876	0.9593	0.7573	0.61021	0.46215	0.37692	0.2838	0.11403	-0.053086	-0.1423	22.071
754.24	-0.39659	-0.39624	-0.38663	-0.54562	-0.66246	-1.6503	-3.0826	-3.2938	-3.0615	-3.5114	-3.4463	-4.0583	-5.7881	-7.5132	-7.7382	-6.469	-3.4892	-0.36543	0.42291	1.101	1.1098	0.96461	0.76846	0.62368	0.47248	0.38546	0.26272	0.13677	-0.063929	-0.12136	22.218
753.38	-0.39601	-0.37266	-0.43995	-0.6022	-0.98847	-1.917	-3.223	-3.2599	-3.0601	-3.4299	-3.5517	-3.7467	-4.3065	-4.9126	-6.0174	-5.0781	-2.765	-0.10544	0.55872	1.1266	1.1051	0.95731	0.77833	0.61829	0.47492	0.3859	0.27676	0.1546	-0.045616	-0.12545	22.407
758.21	-0.35457	-0.35404	-0.39976	-0.76515	-1.5316	-2.6009	-2.9722	-2.8532	-3.5616	-3.2912	-3.2155	-3.0313	-2.8205	-3.0466	-4.2277	-3.7091	-2.0492	0.1518	0.67416	1.1341	1.1211	0.9533	0.76145	0.61638	0.4634	0.37652	0.28281	0.12959	-0.055475	-0.12955	22.54
765.51	-0.34612	-0.34121	-0.54907	-1.1748	-2.049	-2.6661	-2.8808	-2.877	-2.6598	-3.144	-2.6968	-2.9401	-2.6043	-2.8793	-3.6379	-3.4444	-1.7555	0.22434	0.72043	1.1275	1.0895	0.93182	0.74141	0.59749	0.45151	0.36412	0.26658	0.14208	-0.048914	-0.097253	22.664
775.81	-0.3055	-0.34601	-0.7768	-1.7209	-2.4945	-2.8424	-2.7858	-2.6315	-2.4405	-2.6143	-2.5734	-2.338	-2.491	-2.4902	-3.579	-3.1312	-1.5238	0.30918	0.75152	1.1218	1.0643	0.91537	0.73157	0.57474	0.43999	0.33031	0.25636	0.12484	-0.039339	-0.093088	22.759
788.25	-0.43169	-0.52983	-1.1543	-2.1751	-2.7531	-2.7673	-2.557	-2.2527	-2.0134	-2.4402	-2.2635	-2.0189	-2.4711	-1.9138	-2.9889	-2.5756	-1.213	0.3949	0.80573	1.097	1.0591	0.87585	0.70857	0.55595	0.40945	0.31939	0.22135	0.094426	-0.07972	-0.15289	22.816
797.57	-0.63303	-0.78698	-1.5087	-2.4649	-2.6945	-2.5569	-2.236	-1.8959	-1.8693	-1.8764	-1.8005	-1.9555	-2.0597	-1.7682	-2.4163	-2.3453	-1.0096	0.46438	0.83402	1.0872	1.0134	0.84479	0.66819	0.52448	0.37417	0.2931	0.17795	0.043242	-0.1444	-0.2368	22.852
802.07	-0.85697	-1.0815	-1.909	-2.5599	-2.6446	-2.3962	-1.9591	-1.7057	-1.9391	-1.6249	-1.5046	-1.4889	-1.8104	-1.4284	-1.8371	-1.9243	-0.71551	0.55797	0.87689	1.087	0.98117	0.81442	0.62503	0.47378	0.32481	0.22044	0.11699	-0.026016	-0.24145	-0.33923	22.91
802.93	-0.975	-1.2228	-2.156	-2.4719	-2.366	-2.178	-1.7297	-1.7039	-1.5012	-1.5028	-1.1963	-1.0125	-1.2955	-1.0502	-1.6297	-1.5346	-0.49625	0.64223	0.91981	1.0461	0.93473	0.75741	0.57374	0.39504	0.24429	0.12967	0.03118	-0.15166	-0.43958	-0.5554	22.885
799.93	-1.3524	-1.3524	-2.0798	-2.3823	-2.2038	-1.8557	-1.6433	-1.5216	-1.2182	-1.2667	-0.89294	-0.9666	-1.1669	-0.84625	-1.3575	-1.0615	-0.25868	0.72467	0.95535	1.0251	0.89077	0.69304	0.48932	0.32565	0.13612	0.037403	-0.12223	-0.32917	-0.74233	-0.93087	22.937
793.29	-2.4795	-2.2009	-1.8143	-2.297	-2.0923	-1.774	-1.388	-1.261	-0.98412	-0.80011	-0.64352	-0.81447	-0.76321	-0.82475	-1.0153	-0.73838	-0.03969	0.82697	0.97352	1.0025	0.84845	0.64302	0.43838	0.23952	0.068741	-0.061483	-0.24355	-0.50594	-1.0978	-1.4182	22.923
786.11	-3.7191	-3.1617	-1.5521	-1.9627	-1.9126	-1.597	-1.274	-1.0777	-0.89053	-0.65373	-0.6494	-0.57941	-0.61494	-0.69764	-0.96166	-0.60301	0.13537	0.87525	1.0095	0.98222	0.81467	0.60162	0.38876	0.19104	0.022964	-0.12783	-0.26836	-0.57652	-1.2605	-1.6221	22.946
779.89	-3.6611	-3.3643	-1.426	-1.7332	-1.7512	-1.333	-1.2093	-1.0479	-0.83976	-0.68993	-0.61103	-0.79793	-0.53183	-0.82923	-0.95876	-0.56689	0.18556	0.88749	1.0006	0.94196	0.77735	0.56384	0.3658	0.19256	0.0075578	-0.12116	-0.28473	-0.55147	-1.1985	-1.5274	22.947
777.53	-2.8074	-2.2772	-1.3505	-1.5835	-1.5533	-1.281	-1.1907	-1.0294	-0.90321	-1.0753	-0.68933	-0.91273	-1.0828	-0.83175	-1.3117	-0.46597	0.1477	0.87963	0.98005	0.90068	0.73674	0.51165	0.32722	0.15275	-0.027376	-0.1408	-0.29226	-0.53241	-1.0359	-1.3093	22.983
779.03	-1.7285	-1.5597	-1.3046	-1.4356	-1.303	-1.2122	-1.0773	-1.0796	-1.023	-0.93884	-0.97139	-1.0741	-1.1296	-1.0048	-1.2668	-0.66995	0.11103	0.86845	0.97628	0.90202	0.72654	0.50762	0.31886	0.1436	0.0066485	-0.1261	-0.24516	-0.44594	-0.8146	-0.94821	22.937
782.78	-1.257	-1.1701	-1.3551	-1.4258	-1.2622	-1.2389	-1.1274	-1.232	-1.2034	-0.98578	-0.86912	-1.1502	-1.134	-1.2511	-1.3661	-0.7279	0.10071	0.87163	0.96878	0.92012	0.73567	0.54458	0.34522	0.18499	0.040425	-0.063265	-0.17972	-0.35607	-0.66815	-0.76427	22.955
792.65	-0.89949	-0.94264	-0.96231	-1.1545	-1.2604	-1.2048	-1.2899	-1.3336	-1.2024	-1.2072	-1.0511	-1.226	-1.524	-1.1593	-1.5988	-0.67857	0.063694	0.87838	0.9956	0.93888	0.77537	0.57372	0.38461	0.23199	0.092259	-0.0038579	-0.10935	-0.26324	-0.48994	-0.5926	22.95
808.72	-0.82785	-0.89077	-0.97255	-1.1362	-1.182	-1.3017	-1.4186	-1.327	-1.2736	-1.3426	-1.0722	-1.2017	-1.2202	-1.1736	-1.6181	-0.73416	0.032115	0.84571	0.97853	0.90542	0.7825	0.56818	0.39186	0.24159	0.10458	0.013829	-0.084306	-0.20256	-0.40979	-0.50089	22.923
825.74	-0.70735	-0.75927	-0.96086	-1.1256	-1.2201	-1.3583	-1.4872	-1.346	-1.2474	-1.2174	-1.1221	-1.2346	-1.3336	-1.3051	-1.5647	-0.91232	-0.037205	0.80541	0.93438	0.92445	0.7489	0.57467	0.39289	0.25052	0.13707	0.045311	-0.037772	-0.1551	-0.34729	-0.39969	22.932
845.84	-0.66851	-0.76947	-0.98783	-1.1976	-1.2321	-1.2979	-1.3913	-1.3756	-1.2851	-1.1504	-1.1457	-1.2334	-1.5815	-1.3187	-1.5275	-0.90951	-0.074361	0.77753	0.91217	0.91851	0.74816	0.57783	0.38978	0.23642	0.1262	0.023854	-0.041248	-0.17296	-0.34359	-0.39458	22.868
869.35	-0.71921	-0.78866	-1.0501	-1.1791	-1.2328	-1.2845	-1.3304	-1.2706	-1.2273	-0.9988	-1.1928	-1.1727	-1.3895	-1.2744	-1.6475	-0.94001	-0.051199	0.77539	0.89932	0.89001	0.73841	0.54584	0.38358	0.24324	0.1195	0.03183	-0.058004	-0.18037	-0.37236	-0.43861	22.577
889.94	-0.77498	-0.8233	-1.0293	-1.2144	-1.2612	-1.2244	-1.281	-1.1904	-1.1374	-1.3196	-0.91711	-1.2348	-1.366	-1.1005	-1.7299	-0.72096	-0.018164	0.77866	0.89581	0.85327	0.69657	0.53054	0.34679	0.2247	0.0886	0.01425	-0.076611	-0.19588	-0.38882	-0.47688	22.38
904.77	-0.764	-0.85064	-0.95314	-1.2011	-1.2396	-1.246	-1.1428	-1.1031	-1.0346	-1.0933	-0.95841	-1.039	-1.0907	-1.0992	-1.4919	-0.6915	0.016849	0.78405	0.87952	0.84017	0.68516	0.5	0.33112	0.18376	0.067387	-0.013319	-0.09498	-0.22597	-0.40882	-0.49206	22.07
917.77	-0.74979	-0.82439	-1.0139	-1.198	-1.1972	-1.1309	-1.0724	-1.0307	-0.99896	-0.88469	-0.92634	-1.1368	-1.2996	-1.0342	-1.291	-0.59477	0.10677	0.77473	0.86786	0.80827	0.63574	0.44208	0.2846	0.14443	0.038375	-0.05641	-0.14442	-0.26553	-0.44159	-0.49886	21.743
924.26	-0.74704	-0.78725	-1.0524	-1.1448	-1.1449	-1.083	-0.99152	-0.93646	-0.88468	-0.88718	-0.77282	-0.88815	-0.95213	-0.95328	-1.1213	-0.47834	0.18559	0.7906	0.86493	0.7741	0.60663	0.43556	0.2598	0.12186	-0.0013615	-0.075475	-0.16182	-0.29702	-0.48845	-0.55484	21.428
919.68	-0.84447	-0.92032	-1.0793	-1.081	-1.0183	-1.0232	-0.88589	-0.85616	-0.81749	-0.83904	-0.58278	-0.66801	-1.0149	-0.77716	-1.2973	-0.24643	0.26732	0.81507	0.85807	0.7389	0.58322	0.39302	0.2349	0.092481	-0.040253	-0.10763	-0.20043	-0.33431	-0.53272	-0.62546	21.148
909.88	-0.87661	-0.92705	-1.0303	-1.0049	-0.97725	-0.91608	-0.83439	-0.81402	-0.75312	-0.69759	-0.73838	-0.7363	-0.9588	-0.86032	-0.92149	-0.31048	0.34092	0.83016	0.8649	0.73985	0.55446	0.35728	0.20434	0.050537	-0.059553	-0.15492	-0.24405	-0.38566	-0.63318	-0.69998	20.784
896.56	-0.93641	-0.96991	-0.95503	-0.97535	-0.93523	-0.91413	-0.82427	-0.8039	-0.76267	-0.69897	-0.76829	-0.79155	-0.7944	-0.75505	-0.77879	-0.17267	0.39641	0.85074	0.86875	0.72236	0.50595	0.33877	0.16708	0.039324	-0.083573	-0.17812	-0.26006	-0.39686	-0.63916	-0.72861	20.48
872.76	-0.81336	-0.83619	-0.93893	-0.91139	-0.86681	-0.89203	-0.80212	-0.81177	-0.76566	-0.75494	-0.72113	-0.71302	-0.88597	-0.76698	-0.91344	-0.076797	0.44584	0.86735	0.88824	0.71005	0.51713	0.33261	0.16473	0.031621	-0.097325	-0.1761	-0.25613	-0.40527	-0.60191	-0.6974	20.115
845.41	-0.81855	-0.84782	-0.94846	-0.87765	-0.8119	-0.83738	-0.79735	-0.82263	-0.80968	-0.86512	-0.77459	-0.85824	-0.77931	-0.93486	-0.93323	0.033985	0.50557	0.89832	0.91957	0.71131	0.52847	0.31811	0.14513	0.0081744	-0.10555	-0.17737	-0.26354	-0.38688	-0.5786	-0.65404	19.797
822.42	-0.75364	-0.74119	-0.89394	-0.83629	-0.81713	-0.81888	-0.82491	-0.84656	-0.77924	-0.8991	-0.77559	-0.98848	-0.764	-0.961	-0.94929	-0.081499	0.53275	0.95238	0.93547	0.74575	0.55064	0.34816	0.17482	0.044734	-0.074584	-0.15408	-0.23762	-0.34743	-0.51151	-0.58922	19.513
801.97	-0.75059	-0.76822	-0.80592	-0.82101	-0.80215	-0.86432	-0.86393	-0.87579	-0.88122	-0.73118	-0.85891	-0.96415	-0.95467	-0.89123	-0.89123	0.015935	0.56639	0.9736	0.99317	0.77273	0.54195	0.34225	0.17177	0.029635	-0.07381	-0.17109	-0.24276	-0.33882	-0.48521	-0.53754	19.159
786.64	-0.71191	-0.72518	-0.78559	-0.79969	-0.81348	-0.86029	-0.88993	-0.8909	-0.88522	-0.87855	-0.86485	-1.0132	-0.89569	-0.91822	-0.8352	0.036524	0.60664	0.98004	1.0041	0.77054	0.54479	0.34188	0.16841	0.038976	-0.078886	-0.15728	-0.22116	-0.32404	-0.47118	-0.514	18.837
783.43	-0.66329	-0.71707	-0.74481	-0.83468	-0.84378	-0.86068	-0.89359	-0.91314	-0.88507	-0.99525	-0.73833	-0.81459	-0.8507	-1.0957	-0.89125	0.14874	0.61305	0.9893	0.98952	0.75537	0.53636	0.32411	0.14124	0.0098004	-0.10842	-0.16175	-0.24756	-0.31643	-0.45249	-0.51517	18.532
788.25	-0.65135	-0.66398	-0.749	-0.88973	-0.86327	-0.84084	-0.85975	-0.89394	-0.89937	-0.76435	-0.79845	-0.98093	-0.91322	-0.91635	-0.91719	0.20858	0.64039	1.0082	0.98719	0.74872	0.535	0.30206	0.13942	0.0019638	-0.079632	-0.16171	-0.22352	-0.31716	-0.438	-0.48656	18.133
798.22	-0.64516	-0.66748	-0.75116	-0.82016	-0.81438	-0.84062	-0.85173	-0.81272	-0.78989	-0.7649	-0.78848	-0.84927	-0.70116	-0.91437	-0.74041	0.12598	0.68519	0.97714	0.98773	0.71837	0.50264	0.28739	0.14051	-0.0028588	-0.10104	-0.1672	-0.22444	-0.31056	-0.42579	-0.47211	17.767
813.43	-0.66174	-0.68083	-0.75595	-0.77521	-0.78358	-0.82692	-0.7897	-0.77304	-0.73147	-0.7407	-0.56497	-0.78457	-0.75369	-0.89728	-0.66575	0.21191	0.69215	0.95383	0.93139	0.69023	0.4615	0.28105	0.091614	-0.013165	-0.11586	-0.17974	-0.24844	-0.33749	-0.45094	-0.49708	17.382
830.55	-0.66866	-0.69469	-0.72284	-0.7402	-0.73486	-0.75749	-0.71002	-0.72574	-0.65225	-0.66723	-0.58396	-0.66317	-0.79325	-0.84237	-0.513	0.36128	0.70648	0.94405	0.89717	0.64045	0.42822	0.22194	0.072506	-0.060861	-0.14189	-0.20762	-0.26291	-0.35247	-0.46758	-0.52351	17.004
842.85	-0.68194	-0.73869	-0.73683	-0.70349	-0.7061	-0.6734	-0.67485	-0.64152	-0.62782	-0.63839	-0.58552	-0.71005	-0.67309	-1.0095	-0.50551	0.34655	0.73344	0.92053	0.87276	0.58944	0.38323	0.199	0.056264	-0.067244	-0.15424	-0.22059	-0.2819	-0.33984	-0.47811	-0.50705	16.56
852.15	-0.67632	-0.68558	-0.70003	-0.6543	-0.65476	-0.63619	-0.6167	-0.60215	-0.59666	-0.72595	-0.74854	-0.64636	-0.64784	-0.78553	-0.52903	0.36149	0.76319	0.91434	0.84258	0.56053	0.34875	0.1727	0.014134	-0.08539	-0.1727	-0.24369	-0.2849	-0.35751	-0.47108	-0.51286	16.122
856.96	-0.64896	-0.63018	-0.65408	-0.5786	-0.58207	-0.57802	-0.55685	-0.56123	-0.55273	-0.48688	-0.46689	-0.48517	-0.57299	-0.81641	-0.38171	0.45259	0.77589	0.86611	0.82501	0.52759	0.32464	0.14774	0.012299	-0.093851	-0.17007	-0.23533	-0.26258	-0.35224	-0.4424	-0.48744	15.688
858.56	-0.59349	-0.6096	-0.60467	-0.54947	-0.62428	-0.56069	-0.53061	-0.53074	-0.53188	-0.48597	-0.50558	-0.63229	-0.60745	-0.87653	-0.23689	0.49821	0.78962	0.875	0.79614	0.49965	0.30369	0.10602	-0.012274	-0.11241	-0.18474	-0.2375	-0.29311	-0.34668	-0.4353	-0.4597	15.259
858.88	-0.55891	-0.55794	-0.56074	-0.55014	-0.56207	-0.54328	-0.49094	-0.50556	-0.45847	-0.41077	-0.49551	-0.80779	-0.62499	-1.0435	-0.27521	0.49806	0.80627	0.86894	0.77791	0.49296	0.27882	0.10598	-0.035931	-0.11683	-0.18467	-0.23044	-0.27577	-0.3335	-0.40736	-0.44136	14.766
858.99	-0.4784	-0.47524	-0.51072	-0.52203	-0.51774	-0.48779	-0.4573	-0.46001	-0.4541	-0.50449	-0.65362	-0.76144	-0.79362	-0.86729	-0.33279	0.50726	0.82044	0.86215	0.765	0.46038	0.24784	0.084799	-0.047319	-0.13198	-0.19464	-0.25047	-0.26454	-0.32204	-0.37327	-0.39979	14.381
857.92	-0.45818	-0.46063	-0.47296	-0.47091	-0.45929	-0.45204	-0.43685	-0.4079	-0.39172	-0.5239	-0.47626	-0.77164	-0.83907	-0.97412	-0.26591	0.52649	0.85539	0.846	0.76424	0.45072	0.25258	0.088593	-0.035095	-0.12143	-0.19155	-0.22545	-0.27005	-0.30856	-0.36746	-0.38556	13.941
854.18	-0.43473	-0.43128	-0.40508	-0.41569	-0.39897	-0.38771	-0.37628	-0.37022	-0.31635	-0.38474	-0.54793	-0.93312	-1.0749	-1.1643	-0.24775	0.6783	0.84748	0.86508	0.76072	0.45363	0.24568	0.077871	-0.042299	-0.12286	-0.17732	-0.21503	-0.24871	-0.2853	-0.33483	-0.3629	13.586
845.63	-0.38679	-0.38511	-0.37746	-0.3834	-0.36903	-0.37513	-0.31612	-0.25709	-0.21457	-0.25527	-0.54345	-1.0929	-1.1219	-1.2475	-0.24051	0.60022	0.85061	0.87382	0.76754	0.43462	0.23919	0.073048	-0.030264	-0.11685	-0.15543	-0.20569	-0.22323	-0.25918	-0.30181	-0.3156	13.129
835.04	-0.34613	-0.37004	-0.37858	-0.35671	-0.36056	-0.31894	-0.19921	-0.24751	-0.19248	-0.55754	-0.96725	-1.1543	-1.5014	-1.544	-0.49048	0.44536	0.8724	0.88195	0.77639	0.45542	0.23404	0.072081	-0.048676	-0.10824	-0.17282	-0.21009	-0.2234	-0.25491	-0.28997	-0.29113	12.789
821.35	-0.34528	-0.34094	-0.32706	-0.31867	-0.26266	-0.16636	-0.14545	-0.17142	-0.19929	-0.73355	-1.1074	-1.2702	-1.5915	-1.5974	-0.37816	0.54024	0.88975	0.90665	0.77594	0.44455	0.23239	0.073283	-0.041241	-0.10911	-0.15741	-0.19808	-0.22442	-0.25319	-0.27982	-0.28242	12.402
807.64	-0.31268	-0.33507	-0.28708	-0.21317	-0.12902	-0.10921	-0.12291	-0.18666	-0.33824	-0.82578	-1.1683	-1.518	-1.6563	-1.6245	-0.40501	0.68772	0.89631	0.91899	0.7882	0.44814	0.22787	0.041237	-0.048464	-0.14227	-0.17691	-0.20979	-0.21907	-0.24013	-0.29028	-0.28537	12.031
797.47	-0.29525	-0.26487	-0.17642	-0.10734	-0.050137	-0.062232	-0.11182	-0.22363	-0.43533	-0.92723	-1.1513	-1.637	-1.6869	-1.6737	-0.41018	0.51637	0.91255	0.9266	0.79642	0.45586	0.22792	0.055646	-0.058522	-0.1412	-0.1675	-0.21435	-0.23207	-0.23353	-0.28337	-0.26758	11.653
790.29	-0.21639	-0.16555	-0.10047	-0.064501	-0.044179	-0.081491	-0.12561	-0.32163	-0.5329	-1.0783	-1.4303	-1.481	-1.8084	-1.4688	-0.47651	0.65234	0.93635	0.93709	0.79623	0.44688	0.20405	0.046146	-0.07334	-0.13085	-0.17174	-0.21155	-0.20703	-0.23654	-0.21681	-0.22489	11.303
786.54	-0.10685	-0.074254	-0.04348	0.0098394	-0.052985	-0.1111	-0.14272	-0.38453	-0.60975	-1.1142	-1.448	-1.5688	-1.8752	-1.8027	-0.49974	0.54383	0.93205	0.92069	0.79723	0.43278	0.20985	0.033297	-0.058377	-0.1266	-0.16438	-0.2078	-0.19203	-0.19223	-0.16208	-0.15039	10.971
786.96	-0.058449	-0.024517	-0.0054903	-0.078163	-0.10557	-0.10896	-0.22329	-0.45246	-0.65736	-1.1546	-1.3932	-1.8809	-1.7676	-1.8881	-0.44708	0.59425	0.91694	0.93271	0.79027	0.42443	0.20009	0.03127	-0.063129	-0.13335	-0.15974	-0.15531	-0.17876	-0.14583	-0.12972	-0.083271	10.623
790.18	0.01647	0.016829	-0.033584	-0.10357	-0.074126	-0.10332	-0.25433	-0.50201	-0.69869	-1.1091	-1.3446	-1.8431	-1.9342	-1.8518	-0.61227	0.75343	0.91612	0.93514	0.79262	0.44088	0.2281	0.064166	-0.042867	-0.10275	-0.1256	-0.13381	-0.1331	-0.1204	-0.066863	-0.025576	10.292
797.25	-0.003155	0.02849	-0.087098	-0.066771	-0.087245	-0.14976	-0.32354	-0.54272	-0.74445	-1.17	-1.4391	-1.5677	-2.0031	-1.7026	-0.5551	0.53656	0.94451	0.92685	0.82239	0.43397	0.22798	0.067562	-0.039654	-0.096075	-0.10654	-0.12604	-0.10593	-0.083303	-0.019942	-0.0048451	9.9542
811.93	-0.0078788	0.0074574	-0.079864	-0.041458	-0.073181	-0.15818	-0.34345	-0.59424	-0.7556	-1.1488	-1.5282	-1.7448	-2.042	-1.8022	-0.45366	0.48753	0.91611	0.91616	0.80031	0.44283	0.21545	0.068289	-0.028738	-0.07641	-0.091404	-0.099764	-0.092174	-0.061947	0.0031668	0.0098831	9.6054
833.55	-0.020716	-0.057902	-0.020808	-0.058445	-0.088516	-0.20922	-0.37781	-0.58434	-0.75819	-1.0997	-1.3561	-1.7281	-1.861	-1.7645	-0.52104	0.77166	0.86754	0.89634	0.75139	0.40837	0.20986	0.045649	-0.036121	-0.082701	-0.089893	-0.093579	-0.086233	-0.057818	-0.023689	-0.010874	9.3215
858.77	0.0061128	-0.022467	-0.0023547	-0.047962	-0.12134	-0.21932	-0.39274	-0.5645	-0.76348	-1.1612	-1.3558	-1.6496	-1.8951	-1.7743	-0.59218	0.61889	0.85454	0.86141	0.73615	0.40102	0.20635	0.059959	-0.024542	-0.094544	-0.085585	-0.096067	-0.088869	-0.063464	-0.033746	-0.0096895	8.9544
884.72	0.0024232	0.012576	-0.00748	-0.043151	-0.16649	-0.24815	-0.38449	-0.6051	-0.77037	-1.118	-1.412	-1.691	-1.8309	-1.6624	-0.48159	0.58271	0.83381	0.82037	0.71539	0.37843	0.19086	0.049264	-0.051048	-0.070123	-0.089544	-0.097485	-0.079572	-0.075067	-0.011881	-0.010245	8.6491
909.35	0.020289	0.024978	0.0062013	-0.079232	-0.16848	-0.26128	-0.41373	-0.58787	-0.73567	-1.132	-1.3271	-1.5841	-1.7897	-1.501	-0.34157	0.47038	0.81375	0.80086	0.69682	0.36643	0.17817	0.052278	-0.025659	-0.064012	-0.069814	-0.086604	-0.079858	-0.062246	0.0062123	0.01291	8.3332
927.25	0.045018	0.030745	0.012693	-0.091505	-0.18437	-0.28368	-0.41041	-0.58065	-0.73184	-1.0494	-1.3564	-1.5963	-1.747	-1.4965	-0.43281	0.48712	0.80631	0.78186	0.67783	0.35591	0.18046	0.044446	-0.029224	-0.054514	-0.060752	-0.080082	-0.059168	-0.038372	0.016052	0.0086555	8.0535
935.97	0.064509	0.06141	-0.011982	-0.11719	-0.20251	-0.2749	-0.41275	-0.58997	-0.74003	-1.0826	-1.3075	-1.4966	-1.6166	-1.5714	-0.38473	0.58492	0.81353	0.79386	0.66603	0.36538	0.17635	0.069376	-0.0016076	-0.047457	-0.045667	-0.044103	-0.04676	-0.015557	0.022478	0.038739	7.8025
936.08	0.056207	0.042061	-0.03326	-0.13085	-0.21874	-0.3038	-0.41039	-0.60463	-0.7439	-1.0997	-1.2166	-1.3352	-1.6897	-1.4985	-0.52564	0.58484	0.80934	0.78062	0.65968	0.35426	0.17551	0.055853	-0.024123	-0.040904	-0.045662	-0.042498	-0.015143	-0.028281	0.033163	0.037148	7.5469
929.27	0.064975	0.052501	-0.052467	-0.12128	-0.23762	-0.31222	-0.44367	-0.63133	-0.75731	-1.0558	-1.3352	-1.4219	-1.6529	-1.5502	-0.36087	0.43455	0.80208	0.78369	0.67162	0.36029	0.18824	0.057964	-0.013769	-0.048625	-0.056002	-0.050068	-0.047098	-0.022455	0.048313	0.057408	7.3336
916.59	0.05486	0.037424	-0.05737	-0.15416	-0.25012	-0.32459	-0.48364	-0.6434	-0.78635	-1.2022	-1.3814	-1.7622	-1.734	-1.5799	-0.44684	0.48408	0.79562	0.78557	0.6657	0.35047	0.1751	0.040649	-0.017244	-0.035923	-0.042732	-0.049125	-0.050977	-0.0097679	0.039745	0.05739	7.1232
900.08	0.066219	0.0365	-0.079702	-0.17622	-0.26316	-0.34697	-0.4853	-0.66287	-0.80325	-1.0184	-1.52	-1.7593	-1.7404	-1.7265	-0.48253	0.59937	0.81448	0.82097	0.68525	0.38262	0.1935	0.050181	-0.0058541	-0.054457	-0.047489	-0.054189	-0.043693	-0.0091706	0.042186	0.046063	6.9613
881.62	0.048229	0.024941	-0.096143	-0.18845	-0.30029	-0.37099	-0.49546	-0.70107	-0.84272	-1.2316	-1.4651	-1.6159	-1.8979	-1.6854	-0.502	0.53951	0.84195	0.8037	0.68795	0.36438	0.18205	0.059304	-0.020491	-0.039955	-0.059028	-0.068925	-0.03286	-0.018899	0.016881	0.052927	6.816
864.11	0.039323	0.031315	-0.10252	-0.19663	-0.29562	-0.4165	-0.51218	-0.74454	-0.86921	-1.1074	-1.4261	-1.713	-1.8393	-1.6583	-0.38808	0.53196	0.8404	0.83234	0.70189	0.3736	0.17344	0.066911	-0.02352	-0.046083	-0.055259	-0.059046	-0.05236	-0.017661	0.037706	0.064317	6.7237
846.91	0.044705	0.013992	-0.11908	-0.22373	-0.30562	-0.41236	-0.5626	-0.73071	-0.8825	-1.1394	-1.4249	-1.8228	-1.8676	-1.7902	-0.64916	0.58046	0.83485	0.85506	0.70922	0.39344	0.19668	0.04773	0.00088996	-0.055161	-0.069049	-0.060245	-0.055172	-0.018847	0.030296	0.055096	6.6314
831.51	0.042731	0.015123	-0.1176	-0.22515	-0.31636	-0.41407	-0.5869	-0.77833	-0.93532	-1.1992	-1.5841	-1.847	-1.9114	-2.0143	-0.60166	0.47604	0.86413	0.8472	0.71176	0.37674	0.19302	0.036251	-0.031684	-0.078295	-0.072047	-0.079388	-0.050856	-0.017512	0.0179	0.047181	6.5557
819.74	0.042398	0.0047355	-0.11742	-0.23849	-0.3611	-0.44605	-0.59709	-0.79699	-0.95506	-1.4228	-1.5032	-1.9511	-2.1063	-1.8864	-0.67067	0.56076	0.86813	0.85035	0.72914	0.38799	0.18375	0.05992	-0.025711	-0.055121	-0.066975	-0.062242	-0.043464	-0.032295	0.049135	0.047858	6.5012
813.11	0.034149	0.020809	-0.12026	-0.24136	-0.34742	-0.44969	-0.59398	-0.79218	-0.95922	-1.2858	-1.7035	-1.8302	-2.0766	-1.8274	-0.57471	0.61442	0.88558	0.87647	0.75223	0.39704	0.19552	0.048741	-0.024996	-0.05934	-0.069281	-0.080264	-0.045637	-0.031695	0.040072	0.056472	6.4694
811.18	0.049546	0.012822	-0.12999	-0.23173	-0.35971	-0.45177	-0.60784	-0.81768	-0.96788	-1.3783	-1.6029	-1.8933	-1.9687	-1.8784	-0.56591	0.57653	0.88957	0.86945	0.74588	0.38815	0.18756	0.046908	-0.018558	-0.058535	-0.064154	-0.060127	-0.054866	-0.019677	0.039219	0.069431	6.4452
814.28	0.037915	-0.0041241	-0.12197	-0.25303	-0.37494	-0.46215	-0.62235	-0.79857	-0.96329	-1.3532	-1.5237	-2.0031	-2.083	-1.8062	-0.59415	0.63312	0.87395	0.87823	0.74034	0.39353	0.20084	0.058381	-0.010168	-0.047023	-0.056005	-0.057138	-0.044663	-0.0049716	0.049464	0.057304	6.4225
822.1	0.04322	0.0073652	-0.11708	-0.25337	-0.3539	-0.43679	-0.6138	-0.8152	-0.96853	-1.2914	-1.6642	-1.8585	-2.0353	-1.7523	-0.5584	0.54943	0.87123	0.86089	0.74044	0.38882	0.19708	0.041475	-0.032047	-0.051236	-0.062433	-0.059329	-0.043339	-0.026234	0.039634	0.060372	6.4315
832.37	0.037091	-0.0031665	-0.14785	-0.24572	-0.37187	-0.4383	-0.61229	-0.78398	-0.9628	-1.4109	-1.664	-1.7878	-2.0286	-1.9214	-0.61096	0.6002	0.85588	0.84633	0.74011	0.38594	0.18826	0.057113	-0.027129	-0.054285	-0.069396	-0.061298	-0.036583	-0.019176	0.028051	0.053381	6.4225
845.74	0.029159	0.0071593	-0.13193	-0.25163	-0.36299	-0.46437	-0.61967	-0.80782	-0.97732	-1.5124	-1.6679	-1.8629	-2.1678	-1.9268	-0.57203	0.42085	0.82061	0.83489	0.70933	0.37889	0.17002	0.059948	-0.024031	-0.066109	-0.058997	-0.067418	-0.052624	-0.024673	0.025787	0.041116	6.4255
856.85	0.049624	0.0070664	-0.12575	-0.25276	-0.35927	-0.43057	-0.6251	-0.77946	-0.94738	-1.333	-1.4877	-1.8295	-2.0507	-1.84	-0.63201	0.55511	0.81802	0.83364	0.71383	0.38422	0.20238	0.049943	-0.015812	-0.04558	-0.048212	-0.041179	-0.040718	-0.0096332	0.042516	0.072667	6.4391
864.75	0.030314	-0.017286	-0.12637	-0.26263	-0.35892	-0.43423	-0.59687	-0.78208	-0.93872	-1.3208	-1.5625	-1.9322	-1.9791	-1.8669	-0.52132	0.47619	0.81497	0.82697	0.71324	0.40932	0.21019	0.064118	-0.00087002	-0.048709	-0.0486	-0.049469	-0.039489	-0.013596	0.024329	0.061691	6.4346
870.63	0.026543	-0.0096835	-0.14752	-0.26	-0.34388	-0.4445	-0.5945	-0.75832	-0.92729	-1.3119	-1.4739	-1.8553	-2.0445	-1.8804	-0.58412	0.418	0.79275	0.81762	0.70422	0.38731	0.20267	0.078217	-0.010374	-0.03782	-0.030199	-0.042249	-0.026478	-0.016723	0.0498	0.035672	6.433
872.34	0.040731	0.0077724	-0.13142	-0.24396	-0.3587	-0.45115	-0.60243	-0.78933	-0.93904	-1.337	-1.6851	-1.8243	-2.1192	-1.8507	-0.75315	0.42632	0.7912	0.81978	0.72723	0.39844	0.21446	0.068092	0.0069042	-0.019301	-0.023581	-0.035292	-0.0077685	0.0074077	0.054113	0.062857	6.4225
870.63	0.037244	-0.00053145	-0.1352	-0.2427	-0.3662	-0.46147	-0.6003	-0.78384	-0.96043	-1.571	-1.5129	-1.9465	-2.0708	-1.9151	-0.73568	0.44548	0.78659	0.83648	0.73876	0.41022	0.23668	0.10001	0.029396	-0.0070217	-0.019519	-0.014703	-0.012032	0.01386	0.050682	0.05018	6.5042
867.96	0.040937	-0.0047046	-0.1462	-0.25559	-0.3391	-0.46478	-0.62292	-0.81273	-0.9702	-1.2788	-1.586	-1.9708	-2.1739	-2.0952	-0.58591	0.41928	0.77577	0.83716	0.72667	0.44367	0.24703	0.11581	0.033824	-0.0061595	0.013383	0.015476	-0.0061023	0.017939	0.041972	0.070024	6.7343
862.94	0.060969	0.0028208	-0.12397	-0.25882	-0.37045	-0.46272	-0.61651	-0.81835	-0.97327	-1.3796	-1.6543	-1.9086	-2.213	-2.1162	-0.92383	0.39397	0.77762	0.85535	0.77085	0.46289	0.27047	0.14214	0.054084	0.024877	0.020093	0.0086169	0.016153	0.022103	0.070753	0.080762	6.8569
856.64	0.07139	0.03328	-0.14277	-0.25019	-0.36528	-0.46613	-0.61599	-0.82437	-0.99425	-1.5214	-1.8251	-2.0246	-2.2026	-2.1317	-0.94989	0.31302	0.76814	0.87601	0.81162	0.48866	0.29994	0.15887	0.073812	0.049208	0.016066	0.015681	0.033543	0.045988	0.067681	0.071818	7.0688
849.48	0.048227	-0.0039565	-0.11782	-0.27799	-0.37631	-0.49421	-0.64496	-0.86469	-1.0418	-1.5437	-1.7705	-2.2474	-2.3828	-2.4434	-1.1229	0.27809	0.73854	0.90755	0.81501	0.5125	0.31319	0.16207	0.081523	0.043309	0.027145	0.022869	0.0286	0.048026	0.076403	0.073296	7.2972
838.89	0.03958	-0.018682	-0.14762	-0.28957	-0.39819	-0.51904	-0.68749	-0.88199	-1.0955	-1.6112	-2.0459	-2.2758	-2.7038	-2.6815	-1.2256	0.215	0.7095	0.90726	0.83578	0.53324	0.34249	0.18297	0.11037	0.046594	0.048806	0.023157	0.026315	0.034432	0.060854	0.077765	7.5393
829.27	0.030676	-0.015404	-0.16781	-0.29021	-0.42624	-0.51814	-0.68938	-0.9181	-1.1154	-1.7173	-1.9775	-2.4746	-2.8179	-2.7856	-1.2995	0.025028	0.68817	0.91581	0.86318	0.55579	0.3602	0.21275	0.09531	0.065612	0.038159	0.027944	0.022162	0.027226	0.055068	0.075979	7.8176
821.13	0.029087	-0.014677	-0.16853	-0.30225	-0.43561	-0.54826	-0.71641	-0.95518	-1.1454	-1.8226	-2.0281	-2.4508	-2.883	-2.8408	-1.5635	0.07388	0.65114	0.93488	0.88602	0.5817	0.37857	0.22545	0.12651	0.089588	0.054216	0.036437	0.053013	0.030909	0.064047	0.046871	8.0989
809.68	0.025663	-0.011305	-0.17754	-0.31211	-0.43343	-0.55297	-0.75861	-0.99045	-1.2264	-1.8484	-2.256	-2.5345	-3.1687	-3.2638	-1.6976	-0.13207	0.60358	0.94202	0.90761	0.61852	0.41112	0.24719	0.14038	0.088017	0.065582	0.04806	0.040058	0.052983	0.045944	0.078736	8.4012
802.61	0.038465	-0.016819	-0.17052	-0.31486	-0.44461	-0.58137	-0.78237	-1.0145	-1.2575	-1.7844	-2.2442	-2.824	-3.1681	-3.6222	-1.6818	-0.20284	0.54876	0.95339	0.91744	0.65479	0.44312	0.26513	0.16506	0.10406	0.089331	0.064357	0.044099	0.053449	0.062649	0.075725	8.7065
800.47	0.045359	0.0021366	-0.14609	-0.30347	-0.43947	-0.58907	-0.77996	-1.0535	-1.296	-1.8495	-2.4411	-3.0102	-3.5958	-3.6319	-2.2117	-0.23329	0.48802	0.96107	0.94372	0.68046	0.46803	0.2856	0.18431	0.112	0.097611	0.070148	0.060851	0.064096	0.08012	0.070356	9.0737
801.32	0.032714	-0.020461	-0.17557	-0.32382	-0.48434	-0.59971	-0.79262	-1.0534	-1.3352	-1.9983	-2.3855	-3.1458	-3.7062	-3.9299	-2.3432	-0.49196	0.41866	0.93648	0.95461	0.67874	0.47984	0.30503	0.18224	0.13674	0.094828	0.088779	0.063556	0.055283	0.084837	0.058231	9.3925
808.5	0.033383	0.0039077	-0.16548	-0.32466	-0.47482	-0.60657	-0.81056	-1.081	-1.3307	-1.871	-2.4694	-3.167	-3.7865	-4.0727	-2.4142	-0.68501	0.34577	0.92309	0.94432	0.69739	0.49907	0.33753	0.20669	0.14879	0.11257	0.087062	0.078548	0.06866	0.080275	0.077012	9.7338
