12931	4	3	91	26.2	760	1	7	8	0.233	128	4096	10	0	0	0	0	29.824	955.16	1.4412e+006	0.11606	0.010002	40.25	0	0	1	0	0	0	11	0	0
969.4	0.023663	-0.0088009	-0.1514	-0.25795	-0.35802	-0.30859	-0.58934	-0.80318	-0.92951	-1.3379	-1.6243	-1.8842	-1.9324	-1.8894	-0.56595	0.49691	0.81487	0.81179	0.68621	0.35758	0.18446	0.065044	-0.034988	-0.056079	-0.052371	-0.051009	-0.039151	-0.0024851	0.037103	0.052394	6.1499
967.59	0.024509	0.00091384	-0.15248	-0.25065	-0.35694	-0.31086	-0.62025	-0.83397	-0.98783	-1.4986	-1.8292	-2.0191	-2.2119	-2.1429	-0.82272	0.38237	0.76889	0.84215	0.73752	0.41185	0.2209	0.099486	-0.0054915	-0.037181	-0.039163	-0.041036	-0.048398	-0.007559	0.019676	0.040208	6.5572
965.68	0.026165	-0.00058354	-0.16309	-0.26986	-0.37077	-0.31573	-0.63119	-0.87291	-1.0296	-1.5016	-1.7801	-2.1465	-2.3426	-2.3429	-1.0293	0.15174	0.74185	0.85317	0.75341	0.45151	0.26223	0.1177	0.024897	-0.027733	-0.032574	-0.035684	-0.037769	-0.00031907	0.024498	0.04875	6.8993
966.32	0.029363	-0.028317	-0.1614	-0.26812	-0.38102	-0.32316	-0.64944	-0.91356	-1.081	-1.5923	-2.025	-2.2108	-2.6489	-2.5213	-1.1908	0.077319	0.67556	0.86959	0.78024	0.47186	0.29113	0.15199	0.030335	0.001618	-0.0081258	-0.031008	-0.020901	-0.011194	0.031649	0.037953	7.2972
964.72	0.013314	-0.0065911	-0.15293	-0.28027	-0.37815	-0.33646	-0.68415	-0.91586	-1.1196	-1.7786	-1.9667	-2.4532	-2.8905	-3.027	-1.4834	0.019542	0.60044	0.85572	0.81499	0.52062	0.32704	0.17191	0.053793	0.02465	0.0096531	-0.020183	-0.018633	0.0025857	0.03489	0.043407	7.6815
963.87	0.032659	-0.01336	-0.14273	-0.27973	-0.40215	-0.35549	-0.69373	-0.95482	-1.1528	-1.6464	-2.1534	-2.5955	-3.0908	-3.1866	-1.8014	-0.21228	0.53818	0.86754	0.83625	0.5484	0.34308	0.19913	0.072582	0.029441	0.02005	-0.010092	-0.0040673	0.013494	0.034921	0.038049	8.0762
963.45	0.030254	-0.035919	-0.15393	-0.27907	-0.40233	-0.34713	-0.72773	-0.97115	-1.181	-1.7391	-2.2866	-2.8522	-3.1951	-3.4548	-1.9819	-0.27036	0.45731	0.85685	0.84652	0.56852	0.37397	0.23041	0.092927	0.049333	0.022288	-0.017097	-0.0063714	0.018591	0.042127	0.033439	8.4315
961.22	0.010937	-0.012643	-0.15748	-0.28834	-0.42524	-0.3727	-0.73242	-1.0324	-1.2368	-1.9275	-2.3272	-3.0489	-3.5041	-3.8089	-2.1753	-0.53665	0.36193	0.86396	0.86604	0.60886	0.41671	0.25398	0.1135	0.053434	0.038708	0.0078134	0.0090058	0.007698	0.031015	0.03429	8.838
959.62	-0.0011812	-0.0058718	-0.14656	-0.31705	-0.42595	-0.38871	-0.74641	-1.0333	-1.2836	-1.9307	-2.4638	-3.2196	-3.7881	-4.0831	-2.5141	-0.67894	0.26753	0.85428	0.88582	0.65228	0.4451	0.28488	0.13644	0.082264	0.048462	0.01798	0.021355	0.0091732	0.038284	0.038218	9.2475
958.66	0.026356	-0.0088994	-0.16349	-0.29774	-0.42373	-0.3754	-0.74866	-1.0751	-1.325	-1.9411	-2.5637	-3.1316	-4.0385	-4.4578	-2.7833	-0.921	0.1663	0.83886	0.87064	0.67291	0.46693	0.30826	0.14757	0.09593	0.06194	0.042233	0.025236	0.036956	0.043138	0.04058	9.6296
956.33	0.014242	-0.016495	-0.15748	-0.32444	-0.42477	-0.38404	-0.79122	-1.1218	-1.3747	-2.0806	-2.7032	-3.2556	-4.3514	-4.8482	-2.9885	-1.1319	0.040936	0.82632	0.89194	0.69542	0.49983	0.34044	0.19043	0.13141	0.072564	0.039985	0.028393	0.030453	0.038416	0.025918	10.064
956.64	0.0020615	-0.025574	-0.15743	-0.31962	-0.42904	-0.3985	-0.78643	-1.1366	-1.3858	-2.1136	-2.9508	-3.4953	-4.5892	-5.2733	-3.4185	-1.4652	-0.12004	0.80202	0.88168	0.73857	0.5338	0.37669	0.20611	0.14418	0.080764	0.059557	0.029929	0.036302	0.017488	0.022805	10.439
954.2	-0.0052559	-0.044615	-0.15141	-0.31965	-0.45671	-0.43307	-0.82624	-1.1492	-1.4498	-2.1528	-3.0741	-3.5709	-4.6809	-5.4453	-3.7558	-1.6362	-0.2175	0.77655	0.86702	0.74213	0.54233	0.39092	0.22478	0.16141	0.10121	0.057353	0.038536	0.037864	0.036888	0.017412	10.84
953.24	-0.0011891	-0.029463	-0.16201	-0.32786	-0.48198	-0.41026	-0.82858	-1.1696	-1.4816	-2.3746	-3.0682	-3.5494	-4.9656	-5.7363	-4.0277	-1.8471	-0.30693	0.7558	0.86636	0.74539	0.56598	0.40375	0.23685	0.16318	0.11182	0.075494	0.058751	0.044517	0.016745	0.024444	11.202
954.41	-0.014204	-0.01501	-0.16502	-0.31169	-0.46103	-0.44588	-0.8321	-1.1858	-1.5309	-2.3548	-3.0378	-3.8197	-5.0954	-6.0144	-4.2129	-1.9619	-0.39084	0.72478	0.853	0.752	0.58836	0.40326	0.2263	0.16378	0.11917	0.067549	0.048601	0.051071	0.015917	0.0213	11.525
950.48	-0.012629	-0.030312	-0.17457	-0.32248	-0.46027	-0.47018	-0.83934	-1.2141	-1.5458	-2.3137	-3.1665	-3.9275	-5.3653	-6.3336	-4.4647	-2.18	-0.53754	0.67769	0.86502	0.78114	0.60198	0.43238	0.26288	0.18139	0.13246	0.082023	0.061257	0.04391	0.035413	0.037804	11.862
953.24	-0.022367	-0.03858	-0.15799	-0.28996	-0.43855	-0.44384	-0.84977	-1.2114	-1.5995	-2.3324	-3.3622	-4.0494	-5.5737	-6.6484	-4.8238	-2.4667	-0.66216	0.65419	0.84789	0.80902	0.62333	0.45601	0.28028	0.20739	0.14033	0.10773	0.076601	0.045988	0.037732	0.018988	12.167
949.09	-0.028191	-0.04104	-0.15787	-0.28805	-0.44581	-0.46741	-0.89224	-1.2248	-1.6104	-2.5632	-3.3322	-4.1341	-5.8633	-6.9881	-5.1316	-2.8054	-0.8047	0.62073	0.82609	0.80835	0.64206	0.46966	0.29102	0.22121	0.14546	0.10899	0.078496	0.049879	0.027356	0.017506	12.432
949.52	-0.036356	-0.046362	-0.15619	-0.30537	-0.46074	-0.46287	-0.8774	-1.2533	-1.6323	-2.5282	-3.5989	-4.2243	-6.0695	-7.1283	-5.2249	-2.9386	-0.89713	0.59452	0.8095	0.82648	0.65377	0.48195	0.3115	0.21143	0.16272	0.11368	0.074564	0.061666	0.023294	0.012019	12.715
948.14	-0.033952	-0.056358	-0.16773	-0.33122	-0.47745	-0.44363	-0.88705	-1.2704	-1.6565	-2.4978	-3.6311	-4.1969	-6.1588	-7.3938	-5.4325	-3.0439	-0.98085	0.57028	0.81377	0.82768	0.67314	0.50767	0.31751	0.22789	0.1607	0.11147	0.085598	0.051409	0.024952	0.00028276	12.976
946.12	-0.043874	-0.057245	-0.15594	-0.3176	-0.46775	-0.45586	-0.87599	-1.2926	-1.6866	-2.4351	-3.585	-4.5417	-6.4058	-7.7453	-5.6795	-3.1685	-1.1012	0.52985	0.80466	0.82607	0.68581	0.49956	0.3166	0.24053	0.16104	0.1125	0.074049	0.052999	0.0087344	0.0097079	13.199
946.43	-0.061908	-0.061816	-0.1567	-0.30477	-0.43992	-0.4375	-0.88712	-1.2994	-1.7322	-2.5279	-3.6914	-4.4311	-6.5728	-7.8465	-5.6776	-3.2011	-1.1494	0.5236	0.78966	0.8376	0.69361	0.51192	0.34115	0.24854	0.17232	0.12197	0.093568	0.055203	0.011172	0.004994	13.435
945.58	-0.055395	-0.061872	-0.16332	-0.32017	-0.44568	-0.47956	-0.87877	-1.2877	-1.7134	-2.4194	-3.8115	-4.5443	-6.6191	-7.9175	-5.7787	-3.3897	-1.2023	0.50064	0.78339	0.84511	0.69263	0.52242	0.34464	0.25687	0.16945	0.12921	0.090522	0.048583	0.0063007	-0.0091463	13.614
948.56	-0.069135	-0.066259	-0.17008	-0.30726	-0.46031	-0.43132	-0.90566	-1.2941	-1.7119	-2.6836	-3.8085	-4.6556	-6.7028	-8.1238	-5.9866	-3.5305	-1.297	0.46445	0.76778	0.85507	0.69605	0.52911	0.34832	0.24879	0.18174	0.11932	0.093359	0.066158	0.014394	0.0049828	13.817
944.52	-0.066966	-0.071145	-0.17973	-0.29662	-0.47391	-0.4827	-0.90648	-1.3232	-1.7106	-2.695	-3.8248	-4.5914	-6.8446	-8.2466	-6.0995	-3.7061	-1.365	0.4395	0.7501	0.85113	0.6918	0.5297	0.35938	0.24986	0.18176	0.13253	0.086707	0.056056	0.012009	-0.0052226	13.974
945.05	-0.08254	-0.081065	-0.16665	-0.29088	-0.47275	-0.44248	-0.91666	-1.3354	-1.7324	-2.6509	-3.7957	-4.6225	-6.8649	-8.362	-6.2532	-3.7547	-1.3934	0.42883	0.74192	0.8498	0.70828	0.53192	0.36475	0.2489	0.17712	0.13166	0.090573	0.050834	0.012818	-0.017799	14.138
943.88	-0.091691	-0.095746	-0.20176	-0.29602	-0.44558	-0.43781	-0.9262	-1.3013	-1.7384	-2.7054	-3.9263	-4.7208	-7.0512	-8.4925	-6.2784	-3.9623	-1.4982	0.39631	0.72574	0.86439	0.72445	0.53928	0.35483	0.26382	0.18946	0.13818	0.085984	0.056837	0.00060511	-0.028055	14.26
945.48	-0.099747	-0.11474	-0.19494	-0.29871	-0.43768	-0.40755	-0.89565	-1.3299	-1.7715	-2.6242	-3.8478	-4.7212	-7.2491	-8.734	-6.5818	-4.1581	-1.5938	0.35571	0.7152	0.85617	0.73206	0.54506	0.35981	0.26743	0.19444	0.13081	0.087402	0.038214	-0.018931	-0.04058	14.354
944.63	-0.11381	-0.14551	-0.19917	-0.28862	-0.43181	-0.40879	-0.90486	-1.3401	-1.7402	-2.7203	-4.0401	-4.8096	-7.2637	-8.6779	-6.6052	-4.2041	-1.5668	0.37427	0.73837	0.85695	0.73031	0.55978	0.36332	0.2701	0.18098	0.12141	0.098446	0.050857	-0.0018395	-0.037471	14.461
944.63	-0.13436	-0.12634	-0.20566	-0.29021	-0.40766	-0.40879	-0.88348	-1.3092	-1.7551	-2.635	-4.0041	-4.86	-7.191	-8.6459	-6.5528	-4.0098	-1.609	0.36472	0.72594	0.87131	0.73191	0.55643	0.37129	0.27497	0.1931	0.13251	0.085132	0.045665	-0.016504	-0.04691	14.536
941.54	-0.11996	-0.14214	-0.22586	-0.30715	-0.41169	-0.44936	-0.90782	-1.2769	-1.7648	-2.6779	-3.9812	-4.8338	-7.166	-8.7143	-6.5918	-4.006	-1.5744	0.3633	0.72988	0.85975	0.71818	0.5507	0.36771	0.2718	0.18234	0.11145	0.081483	0.048049	-0.019826	-0.044696	14.557
945.05	-0.14334	-0.14391	-0.22583	-0.29964	-0.4352	-0.43032	-0.88384	-1.307	-1.7136	-2.7446	-4.0113	-4.8158	-7.3492	-8.738	-6.6983	-4.2529	-1.6204	0.35674	0.72795	0.87429	0.73882	0.55116	0.36873	0.27079	0.18544	0.12373	0.086658	0.045644	-0.01894	-0.057894	14.631
941.22	-0.15712	-0.16296	-0.22512	-0.29846	-0.42709	-0.40678	-0.89127	-1.3009	-1.7261	-2.6189	-3.9645	-4.8016	-7.3548	-8.8538	-6.7693	-4.1345	-1.6734	0.34162	0.72545	0.88463	0.74343	0.55004	0.36463	0.26945	0.18467	0.12264	0.071292	0.042854	-0.028827	-0.062867	14.685
944.31	-0.17963	-0.16933	-0.23656	-0.31901	-0.4087	-0.39937	-0.87079	-1.2732	-1.7345	-2.8662	-3.8166	-4.8533	-7.1692	-8.6408	-6.6948	-4.0619	-1.5852	0.3631	0.72464	0.86738	0.72492	0.55746	0.36264	0.2564	0.18635	0.11351	0.093778	0.036033	-0.027104	-0.05086	14.693
943.46	-0.18226	-0.16948	-0.22621	-0.32648	-0.42608	-0.42931	-0.8387	-1.3076	-1.7039	-2.5785	-3.9281	-4.8745	-7.1514	-8.8008	-6.561	-4.0994	-1.6085	0.35908	0.72373	0.86901	0.7465	0.55377	0.39169	0.27125	0.17969	0.12791	0.073476	0.033838	-0.020602	-0.072169	14.682
941.75	-0.15373	-0.18902	-0.2494	-0.31987	-0.42685	-0.38912	-0.85324	-1.2961	-1.7007	-2.6516	-3.809	-4.7314	-7.3101	-8.5839	-6.6342	-4.0136	-1.5976	0.35363	0.71726	0.8638	0.71963	0.55057	0.37002	0.27337	0.18077	0.12735	0.084605	0.034644	-0.037801	-0.06441	14.651
943.77	-0.16081	-0.17634	-0.28377	-0.34072	-0.45101	-0.40394	-0.85523	-1.2179	-1.661	-2.6374	-3.7198	-4.755	-7.0278	-8.6456	-6.4452	-3.9965	-1.5463	0.37896	0.72893	0.86871	0.72855	0.56028	0.36205	0.25736	0.19024	0.1231	0.071883	0.036796	-0.034457	-0.062697	14.655
940.48	-0.21173	-0.18697	-0.26848	-0.37953	-0.40317	-0.39488	-0.84136	-1.2474	-1.6747	-2.6723	-3.8141	-4.7463	-6.9713	-8.4509	-6.5116	-3.8323	-1.4972	0.39775	0.74552	0.85564	0.73191	0.55132	0.36732	0.28188	0.17341	0.10999	0.072921	0.019045	-0.036215	-0.077137	14.648
944.52	-0.20507	-0.22604	-0.27949	-0.35002	-0.41934	-0.42013	-0.8515	-1.2599	-1.608	-2.4989	-3.7438	-4.7092	-6.7234	-8.2546	-6.3266	-3.7906	-1.4023	0.42559	0.7734	0.84944	0.71833	0.53975	0.3538	0.2604	0.16586	0.11507	0.068693	0.025641	-0.045022	-0.083101	14.643
941.43	-0.18843	-0.16908	-0.26902	-0.35516	-0.40815	-0.40146	-0.82365	-1.2144	-1.5583	-2.4985	-3.693	-4.4799	-6.6969	-8.0167	-5.8742	-3.5741	-1.3011	0.45838	0.76502	0.84798	0.69971	0.52976	0.35176	0.22789	0.16032	0.10589	0.074418	0.019025	-0.0419	-0.073902	14.542
942.39	-0.13056	-0.13125	-0.23135	-0.34362	-0.43822	-0.3514	-0.80368	-1.2245	-1.5873	-2.3421	-3.6532	-4.4248	-6.5363	-7.9764	-5.7807	-3.4689	-1.2242	0.4823	0.77203	0.85051	0.699	0.52251	0.34341	0.23985	0.16471	0.11135	0.053933	0.036851	-0.03859	-0.041501	14.366
942.18	-0.11823	-0.13512	-0.21758	-0.31174	-0.41679	-0.40027	-0.83984	-1.224	-1.6254	-2.5649	-3.672	-4.4342	-6.6025	-7.8338	-5.7995	-3.4781	-1.2196	0.48502	0.77999	0.84647	0.69029	0.51759	0.3355	0.24479	0.16779	0.10661	0.068864	0.033883	-0.02798	-0.046242	14.154
943.03	-0.12553	-0.11964	-0.21169	-0.30108	-0.41552	-0.38772	-0.83526	-1.2188	-1.6388	-2.4601	-3.7318	-4.5903	-6.451	-7.7706	-5.7593	-3.3565	-1.199	0.50025	0.79406	0.84147	0.68967	0.51042	0.33839	0.24862	0.16081	0.10651	0.079001	0.042772	-0.021429	-0.051716	13.938
943.56	-0.11476	-0.10806	-0.20183	-0.28496	-0.40633	-0.42926	-0.83249	-1.2222	-1.6277	-2.51	-3.5587	-4.3267	-6.3827	-7.7582	-5.5725	-3.3039	-1.1147	0.5365	0.79362	0.85622	0.68928	0.50845	0.34618	0.24524	0.15238	0.10566	0.06406	0.039776	-0.0091838	-0.032788	13.756
941.75	-0.095196	-0.10442	-0.177	-0.2943	-0.43403	-0.4205	-0.83869	-1.2612	-1.612	-2.4806	-3.4934	-4.3434	-6.3301	-7.749	-5.627	-3.2679	-1.1404	0.50877	0.80059	0.83329	0.69141	0.52454	0.33965	0.24734	0.1633	0.10347	0.068895	0.024226	-0.0010269	-0.01944	13.555
945.16	-0.074313	-0.080292	-0.16907	-0.27253	-0.42442	-0.40248	-0.8227	-1.2372	-1.632	-2.5228	-3.4988	-4.2185	-6.2266	-7.5211	-5.5195	-3.0957	-1.0626	0.53907	0.79305	0.82522	0.66482	0.49003	0.31294	0.22456	0.16045	0.11182	0.060819	0.019691	-0.013239	-0.021727	13.366
944.41	-0.064507	-0.081888	-0.15217	-0.27912	-0.44175	-0.3689	-0.84702	-1.2308	-1.6341	-2.4395	-3.5015	-4.2892	-6.0942	-7.2949	-5.2706	-2.946	-0.96038	0.56644	0.82319	0.84193	0.67499	0.49544	0.3092	0.21744	0.14543	0.09842	0.074967	0.035288	-0.00021116	-0.01073	13.116
942.28	-0.038284	-0.062858	-0.14682	-0.30292	-0.44275	-0.39587	-0.87572	-1.2556	-1.6236	-2.4877	-3.3743	-4.1134	-5.9623	-7.1188	-5.2037	-2.8256	-0.88043	0.59211	0.83284	0.82266	0.66523	0.48145	0.30111	0.2098	0.15335	0.089893	0.061789	0.039086	0.0046888	0.0010726	12.932
944.73	-0.034898	-0.053496	-0.1513	-0.29496	-0.43713	-0.43568	-0.85208	-1.2507	-1.6092	-2.4983	-3.4374	-4.1195	-5.7854	-6.8683	-5.1029	-2.6156	-0.77598	0.62273	0.84	0.81292	0.63779	0.47016	0.28838	0.19304	0.14235	0.093626	0.071808	0.033792	0.016896	-0.0012898	12.67
940.16	-0.040022	-0.036037	-0.15204	-0.30921	-0.42847	-0.44129	-0.84165	-1.2649	-1.606	-2.3306	-3.5083	-4.0635	-5.6351	-6.958	-4.7418	-2.6792	-0.74308	0.65107	0.83862	0.8033	0.64655	0.46572	0.28898	0.20946	0.12555	0.094082	0.063504	0.03023	0.0087928	-0.010779	12.358
946.86	-0.020878	-0.032723	-0.1542	-0.30304	-0.42723	-0.43557	-0.86159	-1.2147	-1.5533	-2.3141	-3.2234	-3.9425	-5.4663	-6.6053	-4.8127	-2.4159	-0.61889	0.66641	0.84431	0.79256	0.62112	0.44238	0.29012	0.19665	0.12919	0.083918	0.058367	0.038158	0.034737	0.012839	12.089
944.52	-0.019285	-0.035871	-0.14809	-0.29423	-0.46675	-0.39145	-0.837	-1.1853	-1.5313	-2.2431	-3.2584	-3.8177	-5.2618	-6.3176	-4.2745	-2.2191	-0.48577	0.69934	0.86271	0.781	0.60336	0.4192	0.25019	0.16875	0.11815	0.073016	0.047545	0.044187	0.022601	0.0081489	11.799
947.82	-0.00037562	-0.015878	-0.15081	-0.28685	-0.4366	-0.39616	-0.82876	-1.1618	-1.4853	-2.1503	-3.0052	-3.7374	-4.978	-5.9287	-4.1204	-1.9167	-0.36688	0.73069	0.85197	0.74881	0.56601	0.39522	0.24059	0.15927	0.099627	0.060903	0.050503	0.038858	0.02496	0.01753	11.44
944.63	0.0086646	-0.020532	-0.14483	-0.31332	-0.44076	-0.42964	-0.81323	-1.1754	-1.4778	-2.1575	-2.9794	-3.6743	-4.8898	-5.5805	-3.7851	-1.7795	-0.2489	0.77573	0.87814	0.74712	0.56792	0.37311	0.23024	0.1444	0.088605	0.067454	0.045974	0.041214	0.025041	0.023879	11.106
948.88	-0.0077405	-0.012807	-0.16356	-0.28891	-0.44858	-0.42772	-0.82631	-1.1322	-1.4541	-2.2158	-3.0018	-3.4485	-4.5946	-5.42	-3.5334	-1.6538	-0.18562	0.80426	0.88425	0.73956	0.54697	0.37061	0.20541	0.14133	0.084439	0.066364	0.032513	0.029952	0.022497	0.032387	10.798
948.77	-0.005286	-0.010518	-0.15712	-0.31275	-0.4228	-0.44593	-0.79523	-1.0831	-1.416	-2.1396	-2.8321	-3.4992	-4.4584	-5.2772	-3.3426	-1.3596	-0.087934	0.81127	0.88358	0.72535	0.52062	0.34148	0.20226	0.13488	0.079925	0.041882	0.017701	0.029218	0.029799	0.020644	10.446
949.84	0.0020762	-0.012794	-0.16017	-0.31002	-0.45524	-0.40568	-0.79586	-1.1012	-1.37	-2.1372	-2.6769	-3.236	-4.2286	-4.8574	-3.1044	-1.1648	0.04525	0.82246	0.87409	0.68925	0.49685	0.31695	0.17747	0.11457	0.064022	0.0371	0.019239	0.024758	0.029765	0.030007	10.083
952.28	0.0045172	-0.023409	-0.17263	-0.29499	-0.44076	-0.40981	-0.77034	-1.0654	-1.3385	-2.0302	-2.5809	-3.2694	-3.9855	-4.4877	-2.7327	-0.88528	0.15857	0.835	0.87262	0.65898	0.46527	0.29953	0.16279	0.1014	0.053343	0.0252	0.020744	0.022487	0.027268	0.026028	9.7202
953.67	0.019167	0.00092718	-0.14908	-0.29772	-0.40911	-0.40405	-0.73519	-1.0381	-1.2978	-1.9766	-2.4436	-3.0897	-3.7557	-4.1799	-2.4606	-0.6999	0.26679	0.85961	0.87751	0.64464	0.43673	0.26759	0.14834	0.069923	0.041265	0.026736	0.011403	0.0040858	0.032068	0.034562	9.3547
953.13	0.01266	-0.014269	-0.16122	-0.30184	-0.4253	-0.3638	-0.7303	-1.0162	-1.2644	-1.8847	-2.5073	-3.0581	-3.8059	-4.0315	-2.3495	-0.70029	0.31516	0.85665	0.87261	0.62742	0.42662	0.25945	0.11999	0.065138	0.034535	0.0047332	-0.0072176	0.0033533	0.015939	0.034581	8.9695
955.58	0.023191	-0.031665	-0.14638	-0.27507	-0.4251	-0.38606	-0.72315	-1.008	-1.2139	-1.9473	-2.261	-2.8923	-3.389	-3.5544	-2.0414	-0.46467	0.45065	0.86992	0.85272	0.57487	0.37467	0.22982	0.10078	0.050542	0.015734	-0.0093945	-0.0017798	0.0011447	0.029586	0.03216	8.5841
955.16	0.017509	-0.017273	-0.15366	-0.30593	-0.41113	-0.3785	-0.72574	-0.97236	-1.1812	-1.788	-2.1998	-2.6857	-3.159	-3.3027	-1.861	-0.32284	0.50459	0.88319	0.84926	0.55173	0.35734	0.20757	0.078761	0.0257	-0.0059741	-0.017245	-0.0095262	0.0048141	0.028796	0.048509	8.2047
956.43	-0.0028079	-0.027093	-0.14224	-0.27798	-0.38673	-0.34281	-0.68631	-0.94864	-1.1409	-1.7098	-2.108	-2.6157	-2.8597	-3.0928	-1.7378	-0.097118	0.568	0.86485	0.83126	0.52847	0.32193	0.18001	0.058981	0.012849	-0.017183	-0.031328	-0.023438	-0.0032525	0.015884	0.031353	7.7964
958.03	0.0093535	-0.01571	-0.1532	-0.28694	-0.39755	-0.38594	-0.65204	-0.89188	-1.0888	-1.6481	-2.1223	-2.3211	-2.8231	-2.8193	-1.3733	0.028004	0.65662	0.86598	0.79695	0.48927	0.30871	0.15578	0.031383	-0.0079634	-0.030594	-0.03284	-0.026486	-0.0098289	0.022283	0.042934	7.4516
959.51	0.016623	-0.022478	-0.16414	-0.2661	-0.38461	-0.37764	-0.64953	-0.8881	-1.047	-1.4692	-1.8623	-2.2265	-2.5484	-2.618	-1.2164	0.22755	0.71867	0.85523	0.77889	0.4594	0.26313	0.13411	0.014074	-0.028711	-0.03502	-0.045287	-0.04495	-0.02223	0.017436	0.028155	7.0445
960.05	0.014187	-0.016431	-0.15846	-0.25733	-0.35535	-0.34408	-0.62287	-0.84133	-0.9848	-1.5188	-1.8082	-2.0929	-2.4199	-2.2149	-0.8206	0.33549	0.74461	0.84193	0.73415	0.4234	0.22581	0.095326	-4.6319e-005	-0.046251	-0.042451	-0.047604	-0.040302	-0.022216	0.025442	0.044393	6.648
958.45	0.023931	-0.010412	-0.16672	-0.26011	-0.37269	-0.3104	-0.59908	-0.83713	-0.95943	-1.3448	-1.6872	-1.9637	-2.2887	-2.116	-0.59822	0.31109	0.77622	0.81935	0.71394	0.3933	0.19291	0.068259	-0.021251	-0.061516	-0.05073	-0.068014	-0.042685	-0.025908	0.023879	0.033613	6.2498
962.6	0.032702	-0.022406	-0.14292	-0.2543	-0.33597	-0.29627	-0.58526	-0.7802	-0.90073	-1.4896	-1.53	-1.8232	-1.8985	-1.7064	-0.57852	0.56674	0.81506	0.79024	0.66438	0.3344	0.155	0.040037	-0.050094	-0.070005	-0.078747	-0.075506	-0.060945	-0.024341	0.013383	0.038871	5.8743
961.11	0.012555	-0.011138	-0.13039	-0.24843	-0.31539	-0.26001	-0.58692	-0.76467	-0.86364	-1.274	-1.3821	-1.8922	-1.6316	-1.5674	-0.43353	0.62574	0.84183	0.75645	0.62878	0.28427	0.1181	0.014595	-0.076016	-0.077288	-0.084822	-0.097457	-0.066429	-0.049168	0.015806	0.032749	5.4425
965.89	0.021335	0.0046654	-0.12895	-0.25499	-0.33395	-0.25447	-0.52278	-0.73312	-0.83102	-1.2594	-1.3138	-1.5785	-1.6314	-1.3327	-0.2179	0.81267	0.8559	0.7442	0.58921	0.25725	0.086857	-0.010037	-0.089666	-0.10625	-0.097732	-0.10473	-0.072227	-0.040944	0.022101	0.050277	5.0789
964.3	0.032645	-0.0035899	-0.13075	-0.24995	-0.3161	-0.24893	-0.53935	-0.71129	-0.7925	-1.0944	-1.1574	-1.5235	-1.4838	-1.2094	-0.064323	0.8223	0.85573	0.69947	0.54227	0.22871	0.054714	-0.062532	-0.12338	-0.12947	-0.11347	-0.11035	-0.094595	-0.054092	0.038898	0.027246	4.6681
968.02	0.016477	0.01064	-0.12709	-0.24976	-0.30529	-0.25052	-0.50375	-0.68244	-0.75506	-0.99037	-1.0916	-1.3289	-1.2418	-0.94706	0.16599	0.79441	0.85165	0.65184	0.47047	0.15858	0.0090052	-0.089248	-0.14857	-0.14084	-0.1219	-0.11457	-0.089645	-0.054607	0.022053	0.037119	4.2648
966.21	0.034991	-0.0073301	-0.1408	-0.2105	-0.28924	-0.25014	-0.47857	-0.67262	-0.7626	-0.96721	-1.0497	-1.1258	-1.0862	-0.58888	0.23458	0.87022	0.85404	0.61228	0.42428	0.11841	-0.029488	-0.11642	-0.16754	-0.16331	-0.14656	-0.14348	-0.098237	-0.051082	0.018907	0.032576	3.9038
971.21	0.024418	-0.0072924	-0.13535	-0.20167	-0.27731	-0.24294	-0.44417	-0.60763	-0.7244	-0.89587	-1.0093	-1.1037	-1.0021	-0.6637	0.26734	0.84111	0.83939	0.56349	0.36772	0.061924	-0.062175	-0.15246	-0.19148	-0.1743	-0.15317	-0.12731	-0.10459	-0.049377	0.021188	0.039293	3.5291
971.74	0.026001	-0.0057972	-0.12108	-0.2062	-0.27542	-0.2107	-0.44764	-0.59705	-0.63721	-0.92025	-1.035	-0.87419	-0.76606	-0.42216	0.42845	0.73388	0.82237	0.50068	0.30864	0.020006	-0.11919	-0.1833	-0.20532	-0.18761	-0.16339	-0.14884	-0.10834	-0.071704	0.035431	0.027801	3.1634
972.06	0.037177	0.0068713	-0.10213	-0.19839	-0.25012	-0.22077	-0.41633	-0.5803	-0.60428	-0.78738	-0.79877	-0.82487	-0.56965	-0.19646	0.51316	0.93066	0.78743	0.42367	0.23308	-0.043215	-0.1668	-0.19869	-0.25404	-0.21828	-0.18247	-0.15727	-0.11819	-0.056543	0.009294	0.046138	2.7582
974.39	0.037087	0.0061105	-0.11446	-0.20255	-0.26253	-0.23877	-0.38869	-0.56554	-0.60131	-0.75242	-0.75327	-0.73322	-0.65439	0.013491	0.52039	0.8793	0.73994	0.3561	0.16251	-0.080785	-0.19056	-0.23554	-0.2627	-0.22798	-0.1835	-0.16843	-0.11411	-0.057128	0.010853	0.047552	2.4408
972.91	0.029164	0.0016529	-0.10361	-0.18352	-0.23253	-0.18177	-0.36927	-0.542	-0.55432	-0.63766	-0.71951	-0.68534	-0.31827	0.021293	0.7416	0.86423	0.68594	0.2959	0.086613	-0.13423	-0.22909	-0.26435	-0.27471	-0.24723	-0.19701	-0.17485	-0.14318	-0.080982	0.017988	0.036933	2.0931
975.88	0.030665	0.0038745	-0.10958	-0.16676	-0.23875	-0.16943	-0.37923	-0.52779	-0.5261	-0.56969	-0.72602	-0.61001	-0.3173	0.20718	0.70554	0.85341	0.64774	0.24117	0.035237	-0.18942	-0.26186	-0.30162	-0.30627	-0.2661	-0.21107	-0.17278	-0.13592	-0.074991	0.016357	0.041389	1.7468
974.82	0.035477	0.0023936	-0.096336	-0.15922	-0.22861	-0.18309	-0.3678	-0.52836	-0.49176	-0.58683	-0.62227	-0.59437	-0.20811	0.14535	0.7486	0.78067	0.59422	0.15807	-0.041475	-0.22565	-0.31823	-0.33034	-0.31587	-0.27582	-0.22084	-0.18988	-0.12621	-0.082979	0.014006	0.038384	1.4596
974.71	0.035482	-0.0035516	-0.09556	-0.15615	-0.2191	-0.1789	-0.3449	-0.45925	-0.45842	-0.52905	-0.60493	-0.40698	-0.090761	0.33152	0.77407	0.74801	0.55027	0.12187	-0.082869	-0.27153	-0.34865	-0.33768	-0.34138	-0.30493	-0.22086	-0.20067	-0.14444	-0.078675	0.019533	0.032292	1.1512
976.84	0.037788	0.0023887	-0.095352	-0.16583	-0.22208	-0.16255	-0.3257	-0.42531	-0.42637	-0.56088	-0.37761	-0.30038	-0.012496	0.39271	0.70486	0.66468	0.46516	0.017411	-0.17355	-0.33057	-0.37976	-0.3588	-0.36222	-0.30897	-0.21452	-0.21404	-0.14715	-0.083525	0.028157	0.048193	0.86389
976.73	0.030639	-0.0087348	-0.091441	-0.1435	-0.20394	-0.13735	-0.30948	-0.43085	-0.41051	-0.47847	-0.45588	-0.25975	-0.043731	0.35406	0.78093	0.66476	0.40246	-0.034689	-0.21863	-0.37064	-0.4109	-0.39203	-0.3769	-0.3192	-0.22626	-0.20869	-0.15171	-0.09071	0.025007	0.037548	0.61611
976.94	0.036991	0.0023884	-0.096125	-0.16812	-0.19352	-0.13732	-0.32566	-0.40802	-0.39225	-0.51958	-0.36888	-0.25157	0.13585	0.49327	0.89893	0.80348	0.35375	-0.080055	-0.2794	-0.40569	-0.42636	-0.41704	-0.39146	-0.34423	-0.2328	-0.22322	-0.18046	-0.084233	0.01555	0.048949	0.36676
976.84	0.023482	0.0023887	-0.096137	-0.12884	-0.17451	-0.16675	-0.30724	-0.3963	-0.37033	-0.41246	-0.40367	-0.25973	0.20614	0.64812	0.83149	0.69736	0.28556	-0.14056	-0.31847	-0.43923	-0.45516	-0.44218	-0.41385	-0.3427	-0.24235	-0.22401	-0.17063	-0.082808	0.01949	0.021572	0.12345
976.41	0.029852	0.005358	-0.085979	-0.13121	-0.17718	-0.14076	-0.2889	-0.39647	-0.347	-0.39615	-0.25602	-0.12967	0.096858	0.64065	0.93322	0.65679	0.23311	-0.20199	-0.36819	-0.47702	-0.49191	-0.4618	-0.4333	-0.35383	-0.25124	-0.24407	-0.18965	-0.092891	0.0076772	0.034517	-0.10316
976.62	0.037797	0.0046142	-0.092235	-0.12193	-0.17887	-0.11131	-0.27629	-0.35559	-0.31284	-0.42079	-0.15162	-0.11338	0.2999	0.64826	0.82323	0.58311	0.20325	-0.24061	-0.43421	-0.50143	-0.51824	-0.46089	-0.44245	-0.35062	-0.26583	-0.24478	-0.179	-0.088565	-0.00020419	0.03451	-0.31916
979.17	0.02184	0.017916	-0.089648	-0.127	-0.1879	-0.15042	-0.25789	-0.36171	-0.31429	-0.2963	-0.24663	-0.0076176	0.29913	0.70836	0.88005	0.63864	0.10257	-0.31795	-0.4975	-0.54821	-0.53318	-0.49361	-0.45207	-0.39195	-0.2666	-0.24644	-0.17476	-0.098355	0.012371	0.030625	-0.49868
977.47	0.046503	0.0090549	-0.071776	-0.1226	-0.17094	-0.10786	-0.24284	-0.33882	-0.28835	-0.28035	-0.22966	-0.023875	0.22942	0.62449	0.83939	0.5173	0.053376	-0.35797	-0.54039	-0.56712	-0.55431	-0.49851	-0.42282	-0.36912	-0.2678	-0.2461	-0.17657	-0.094223	0.0060952	0.036001	-0.66452
977.05	0.051292	0.014989	-0.07024	-0.1265	-0.16063	-0.12975	-0.25328	-0.33113	-0.28317	-0.17329	-0.308	0.10619	0.29197	0.78726	0.8482	0.46035	-0.021092	-0.42953	-0.58567	-0.60657	-0.59108	-0.52544	-0.44997	-0.37399	-0.2745	-0.26692	-0.19255	-0.098567	-0.0025671	0.038298	-0.82581
979.7	0.037678	0.0068177	-0.066922	-0.11079	-0.15243	-0.11012	-0.24155	-0.31303	-0.27108	-0.27971	-0.0038144	0.0085938	0.37681	0.81599	0.83748	0.49168	-0.055442	-0.45937	-0.61702	-0.62774	-0.59567	-0.53693	-0.5202	-0.38783	-0.2869	-0.2639	-0.17391	-0.090433	0.01472	0.041984	-0.96582
975.56	0.033859	0.0053598	-0.062494	-0.12669	-0.16347	-0.14088	-0.24258	-0.30886	-0.25403	-0.2396	-0.099556	0.024922	0.36277	0.92021	0.82412	0.33835	-0.11458	-0.5118	-0.66024	-0.66885	-0.63323	-0.55623	-0.48769	-0.38555	-0.29325	-0.28039	-0.18223	-0.10231	0.01005	0.049019	-1.0815
980.13	0.025779	0.011247	-0.064547	-0.12303	-0.15064	-0.09249	-0.23777	-0.2996	-0.24001	-0.27959	-0.073099	0.13017	0.44669	0.69223	0.80345	0.29605	-0.13202	-0.53957	-0.69384	-0.67876	-0.6326	-0.55767	-0.49233	-0.3947	-0.30283	-0.27296	-0.1761	-0.095398	-0.0096244	0.035903	-1.1972
977.79	0.02981	0.000164	-0.070187	-0.10177	-0.14928	-0.14224	-0.2199	-0.29562	-0.23226	-0.25552	-0.08197	0.14672	0.50236	0.81759	0.70416	0.30492	-0.22714	-0.58871	-0.74801	-0.71466	-0.65508	-0.57032	-0.50736	-0.41288	-0.30794	-0.25829	-0.18181	-0.087743	0.0076663	0.054226	-1.2657
978.85	0.031365	0.021622	-0.070893	-0.11243	-0.15343	-0.1337	-0.21671	-0.29295	-0.23277	-0.16473	-0.099221	0.1628	0.46285	0.69312	0.92247	0.21491	-0.20967	-0.58052	-0.74345	-0.70165	-0.66291	-0.58344	-0.53526	-0.41087	-0.30688	-0.25877	-0.2058	-0.096954	0.013948	0.026082	-1.3509
978.11	0.037739	0.0097905	-0.074862	-0.12713	-0.15182	-0.1103	-0.21466	-0.29396	-0.22236	-0.23898	0.10035	0.13855	0.36182	0.77868	0.84726	0.19877	-0.24351	-0.60866	-0.75601	-0.7079	-0.66807	-0.57984	-0.57107	-0.40804	-0.31296	-0.27353	-0.21352	-0.086281	0.0029429	0.02914	-1.3768
978.75	0.036922	0.015704	-0.07638	-0.10167	-0.15086	-0.10352	-0.216	-0.29533	-0.2139	-0.1483	-0.0038181	0.13035	0.53305	0.82451	0.79616	0.17417	-0.19561	-0.58394	-0.72629	-0.71967	-0.6622	-0.58592	-0.52455	-0.40386	-0.29595	-0.27718	-0.19071	-0.092669	0.011589	0.045063	-1.4453
977.9	0.033778	0.0009042	-0.077231	-0.111	-0.13716	-0.11453	-0.22799	-0.28462	-0.21408	-0.26375	0.039604	0.065486	0.4399	0.80976	0.64504	0.12536	-0.24122	-0.63145	-0.77793	-0.73172	-0.69772	-0.58805	-0.52039	-0.42772	-0.29986	-0.27665	-0.20827	-0.094182	0.0084535	0.028387	-1.494
980.87	0.038426	0.0075461	-0.061375	-0.10068	-0.15225	-0.1125	-0.20818	-0.28219	-0.22324	-0.21367	0.039484	0.08957	0.40748	0.7919	0.559	0.20634	-0.24595	-0.62033	-0.77109	-0.72543	-0.66774	-0.59272	-0.56102	-0.40768	-0.30771	-0.26435	-0.18501	-0.1089	0.0021505	0.044965	-1.4712
978.32	0.027416	0.013489	-0.064666	-0.12172	-0.1371	-0.11028	-0.21535	-0.28058	-0.22609	-0.26363	0.082977	0.097918	0.39293	0.84033	0.78806	0.23952	-0.23955	-0.61775	-0.75735	-0.73874	-0.68578	-0.58052	-0.51016	-0.40169	-0.31509	-0.27577	-0.18625	-0.11778	-0.0017761	0.04812	-1.4955
979.49	0.02104	0.026044	-0.055987	-0.11005	-0.14211	-0.12356	-0.22025	-0.28572	-0.22808	-0.25508	-0.18585	0.089696	0.49369	0.6541	0.7282	0.30439	-0.23691	-0.62288	-0.77068	-0.73542	-0.66403	-0.60243	-0.51417	-0.41138	-0.30376	-0.26702	-0.20038	-0.093314	0.013152	0.032134	-1.4651
979.17	0.028183	0.016436	-0.077912	-0.12238	-0.15338	-0.13617	-0.21443	-0.29285	-0.22514	-0.31275	-0.16858	0.1303	0.43933	0.73149	0.8295	0.2556	-0.23073	-0.62392	-0.76943	-0.72588	-0.67898	-0.57921	-0.52663	-0.39978	-0.28706	-0.2495	-0.20271	-0.12125	0.0021542	0.037455	-1.4346
978.75	0.032956	0.0053423	-0.086556	-0.11782	-0.15604	-0.12281	-0.22853	-0.29376	-0.21541	-0.10716	-0.12526	0.089764	0.40836	0.68547	0.87202	0.14971	-0.25353	-0.63174	-0.77351	-0.70499	-0.66298	-0.58996	-0.52379	-0.40778	-0.29595	-0.27029	-0.19071	-0.096965	0.006873	0.025324	-1.4712
981.09	0.026546	-0.005742	-0.07698	-0.11907	-0.15739	-0.1426	-0.22725	-0.31024	-0.23978	-0.29573	-0.055728	0.12194	0.32186	0.70698	0.86153	0.19002	-0.1928	-0.58171	-0.73354	-0.69274	-0.65598	-0.5676	-0.46653	-0.39666	-0.29889	-0.27728	-0.18799	-0.11245	-0.00098571	0.038139	-1.3646
976.2	0.025883	-0.0020631	-0.077365	-0.10502	-0.15904	-0.10968	-0.22986	-0.32121	-0.24628	-0.30545	-0.21257	0.16324	0.4016	0.72599	0.83205	0.32994	-0.090172	-0.50979	-0.66958	-0.66187	-0.63748	-0.56234	-0.50973	-0.40727	-0.27767	-0.26101	-0.19499	-0.095065	0.0053137	0.020825	-1.1895
979.17	0.028977	-0.002054	-0.066175	-0.12238	-0.18445	-0.13114	-0.25421	-0.32884	-0.26594	-0.38679	-0.17724	0.04917	0.35364	0.74695	0.77054	0.39415	-0.024177	-0.45375	-0.60612	-0.62563	-0.59832	-0.52833	-0.4905	-0.39508	-0.3024	-0.25027	-0.19365	-0.090482	-0.0080628	0.037455	-1.0373
978.64	0.01947	0.014964	-0.080303	-0.12553	-0.15692	-0.13792	-0.25213	-0.32667	-0.29405	-0.41169	-0.14264	0.032956	0.27591	0.56967	0.65299	0.41883	-0.0061841	-0.42296	-0.56673	-0.59824	-0.58235	-0.51408	-0.49154	-0.38042	-0.26163	-0.23892	-0.1877	-0.095543	0.001368	0.030643	-0.8669
979.92	0.023409	0.010511	-0.08958	-0.13074	-0.16792	-0.14193	-0.27021	-0.35283	-0.30952	-0.32896	-0.064455	0.008592	0.3378	0.73866	0.84571	0.49973	0.056369	-0.37885	-0.5338	-0.57385	-0.56222	-0.51018	-0.46555	-0.35178	-0.26713	-0.23631	-0.17689	-0.088268	0.017073	0.055624	-0.69039
979.07	0.029771	-0.00057556	-0.088092	-0.13239	-0.16807	-0.14373	-0.27486	-0.36957	-0.3249	-0.40329	-0.21195	-0.096863	0.20567	0.80109	0.77906	0.47569	0.12058	-0.31044	-0.48107	-0.52952	-0.53944	-0.49366	-0.45519	-0.34192	-0.26371	-0.24111	-0.17553	-0.082619	-0.0096348	0.032905	-0.49868
979.49	0.033723	0.0090362	-0.085708	-0.13617	-0.17748	-0.16043	-0.28652	-0.38114	-0.32627	-0.45245	-0.18585	-0.20225	0.11213	0.61549	0.8124	0.4592	0.15025	-0.28181	-0.45016	-0.52033	-0.52835	-0.47085	-0.43808	-0.33551	-0.26506	-0.25401	-0.16186	-0.081153	0.019437	0.048822	-0.30851
978.85	0.026607	0.0016442	-0.079502	-0.13165	-0.17156	-0.15131	-0.29481	-0.38452	-0.3484	-0.50212	-0.36816	-0.088773	0.14337	0.60818	0.79607	0.60626	0.21453	-0.21994	-0.3995	-0.48805	-0.48991	-0.4558	-0.43453	-0.32164	-0.26523	-0.23504	-0.16801	-0.091944	0.026527	0.037467	-0.11837
976.09	0.041795	0.00016428	-0.082866	-0.14359	-0.17724	-0.17528	-0.31634	-0.40288	-0.37592	-0.42927	-0.33439	-0.32502	0.042207	0.45498	0.73073	0.52621	0.30775	-0.14067	-0.31421	-0.43711	-0.47185	-0.42307	-0.40953	-0.35709	-0.24546	-0.23801	-0.15636	-0.088614	0.014774	0.036051	0.1417
978.75	0.025022	0.0083035	-0.11239	-0.15781	-0.19316	-0.17229	-0.30369	-0.41979	-0.40967	-0.43634	-0.34215	-0.29168	-0.028049	0.42284	0.82144	0.64709	0.37423	-0.086615	-0.26989	-0.40005	-0.44186	-0.41061	-0.4015	-0.33029	-0.21045	-0.21745	-0.15216	-0.071906	0.0060872	0.041267	0.39565
976.09	0.031454	-0.0020633	-0.10327	-0.1567	-0.20061	-0.16856	-0.33703	-0.44212	-0.42821	-0.58607	-0.3083	-0.36572	0.0031286	0.40076	0.81523	0.77148	0.40664	-0.043122	-0.22553	-0.37824	-0.40261	-0.38986	-0.38409	-0.33825	-0.22714	-0.20653	-0.17152	-0.078563	0.02187	0.028439	0.65563
977.26	0.0338	0.00016408	-0.11883	-0.15035	-0.19432	-0.19019	-0.34548	-0.45178	-0.44587	-0.48646	-0.60335	-0.41406	-0.020291	0.38479	0.78892	0.81954	0.48377	0.049321	-0.15096	-0.31491	-0.37105	-0.36997	-0.36899	-0.30727	-0.22321	-0.19938	-0.14482	-0.077753	0.019482	0.042089	0.89885
978.11	0.035357	0.0016441	-0.10384	-0.16869	-0.22352	-0.17325	-0.35624	-0.48272	-0.46439	-0.56839	-0.63756	-0.40557	-0.12943	0.36901	0.7208	0.65565	0.53817	0.10886	-0.10058	-0.27303	-0.33113	-0.34217	-0.34251	-0.28899	-0.23033	-0.20916	-0.13864	-0.061924	0.0013688	0.016226	1.2393
976.41	0.031445	-0.016897	-0.10638	-0.16975	-0.22478	-0.21138	-0.36572	-0.50004	-0.49702	-0.59412	-0.71695	-0.41442	-0.15311	0.19156	0.73049	0.71403	0.58541	0.17967	-0.019622	-0.22855	-0.29282	-0.31685	-0.32229	-0.27223	-0.21022	-0.18113	-0.13055	-0.064903	0.010829	0.041366	1.5478
976.09	0.029862	0.0046167	-0.10484	-0.17906	-0.23783	-0.21565	-0.35993	-0.5316	-0.54039	-0.72635	-0.75196	-0.64242	-0.29381	0.090953	0.59555	0.90228	0.65859	0.2428	0.041995	-0.17385	-0.26647	-0.28374	-0.29694	-0.24877	-0.21322	-0.16967	-0.11771	-0.070667	0.013198	0.040618	1.8683
975.35	0.026702	-0.010232	-0.12613	-0.18846	-0.25621	-0.22423	-0.38979	-0.55949	-0.56962	-0.75995	-0.68289	-0.61034	-0.44262	-0.071771	0.6552	0.7966	0.70936	0.30105	0.099181	-0.11671	-0.21295	-0.25558	-0.28328	-0.24346	-0.18038	-0.16903	-0.12007	-0.062817	0.025043	0.040649	2.204
973.54	0.028346	0.00090825	-0.12243	-0.19809	-0.24974	-0.19261	-0.39273	-0.57784	-0.61399	-0.7779	-0.75393	-0.66857	-0.59229	-0.16509	0.60556	0.83088	0.75553	0.36569	0.16491	-0.071839	-0.17825	-0.226	-0.26602	-0.21401	-0.17264	-0.16319	-0.11725	-0.050698	0.039317	0.044541	2.5319
976.41	0.03542	-0.012446	-0.13462	-0.20599	-0.27757	-0.20969	-0.42777	-0.58242	-0.66068	-0.83336	-0.76911	-0.90254	-0.67647	-0.29623	0.51088	0.89383	0.79176	0.44111	0.24932	-0.017685	-0.14584	-0.20428	-0.24211	-0.20789	-0.16407	-0.14966	-0.10176	-0.046961	0.034475	0.042887	2.8538
974.18	0.034705	-0.0080132	-0.13336	-0.20878	-0.27733	-0.23292	-0.45096	-0.59162	-0.6546	-0.79392	-0.95392	-0.83938	-0.74065	-0.38229	0.5205	0.7566	0.80458	0.48931	0.28603	0.018317	-0.11577	-0.1731	-0.20867	-0.18949	-0.16592	-0.13462	-0.1111	-0.061455	0.023494	0.033834	3.2408
974.71	0.02433	-0.011724	-0.12307	-0.21716	-0.28932	-0.25301	-0.46181	-0.61252	-0.73622	-0.81002	-1.0318	-1.0753	-0.86545	-0.48292	0.45253	0.79712	0.85523	0.57831	0.37392	0.0748	-0.055717	-0.12757	-0.17458	-0.14773	-0.14088	-0.12301	-0.092826	-0.030509	0.02585	0.033052	3.5928
972.48	0.025184	0.0091028	-0.13832	-0.21301	-0.28998	-0.273	-0.47919	-0.62653	-0.74855	-0.95269	-0.97306	-1.1104	-1.0164	-0.71725	0.20761	0.91385	0.86113	0.61508	0.43135	0.12831	-0.026173	-0.099409	-0.17111	-0.14807	-0.1309	-0.11558	-0.089996	-0.029858	0.0061264	0.027016	3.963
973.86	0.029135	-0.01471	-0.13812	-0.24904	-0.32254	-0.25997	-0.49258	-0.66812	-0.77332	-1.0341	-1.0937	-1.2312	-1.2421	-0.84821	0.13957	0.79782	0.86621	0.62686	0.46991	0.16582	0.0073925	-0.076532	-0.14149	-0.14	-0.11162	-0.10695	-0.087589	-0.040609	0.012439	0.044526	4.3057
972.8	0.022781	-0.025895	-0.15324	-0.23383	-0.31855	-0.28473	-0.52574	-0.70665	-0.79318	-0.96893	-1.0949	-1.3223	-1.3846	-0.93462	-0.012887	0.83971	0.84431	0.68745	0.52848	0.20785	0.051114	-0.048167	-0.11611	-0.1055	-0.094831	-0.10399	-0.077038	-0.057221	0.032228	0.052211	4.6969
973.65	0.033925	-0.020663	-0.15468	-0.24059	-0.33563	-0.30893	-0.53491	-0.73672	-0.82136	-1.0922	-1.2422	-1.4272	-1.5949	-1.1745	-0.063705	0.69964	0.8601	0.73406	0.58603	0.26668	0.086165	-0.014828	-0.094364	-0.097536	-0.083731	-0.080037	-0.074691	-0.028383	0.037733	0.051404	5.0652
971.84	0.018009	-0.016231	-0.12422	-0.26582	-0.32756	-0.29599	-0.55891	-0.76411	-0.86171	-1.2683	-1.4368	-1.716	-1.8176	-1.5034	-0.35235	0.64346	0.84199	0.78863	0.63165	0.30741	0.13321	0.020943	-0.068206	-0.07328	-0.064751	-0.053195	-0.058083	-0.026273	0.025926	0.046148	5.4668
