14101	6	3	91	24.7	748	1	16	8	4.077	128	4096	10	0	0	0	0	521.92	957.94	1.4411e+006	0.11715	0.17382	40.528	0	0	1	0	0	0	11	0	0
904.82	0.039938	0.018684	-0.094999	-0.21691	-0.31301	-0.41068	-0.60183	-0.79778	-0.98977	-1.5239	-1.7649	-2.1293	-2.5452	-2.5389	-1.1753	0.05645	0.60778	0.86748	0.81955	0.55013	0.38561	0.24092	0.14469	0.11222	0.099175	0.071135	0.05931	0.057169	0.065659	0.040073	9.6854
887.33	0.038976	0.026397	-0.089965	-0.22967	-0.3506	-0.45948	-0.60637	-0.84717	-1.0526	-1.5811	-1.9145	-2.404	-2.6985	-2.836	-1.4959	-0.16726	0.58263	0.87995	0.84149	0.59335	0.41375	0.26616	0.16196	0.12307	0.10113	0.086895	0.083827	0.099359	0.086032	0.071845	9.9482
867.27	0.055097	0.042041	-0.10883	-0.24974	-0.386	-0.49377	-0.64369	-0.89946	-1.1094	-1.6827	-2.0665	-2.5604	-3.1039	-3.1109	-1.7207	-0.23556	0.54841	0.90315	0.87788	0.6402	0.43996	0.30696	0.19782	0.14446	0.11667	0.10533	0.09856	0.10812	0.0756	0.078646	10.217
842.37	0.04843	0.020929	-0.10841	-0.25087	-0.39941	-0.49082	-0.68754	-0.93241	-1.1466	-1.8185	-2.2183	-2.7492	-3.1685	-3.4721	-1.9478	-0.2899	0.50277	0.94154	0.92995	0.67712	0.49443	0.34138	0.22601	0.19057	0.13964	0.12178	0.12431	0.11631	0.09793	0.081854	10.504
815.62	0.067156	0.033159	-0.12417	-0.28032	-0.43634	-0.50792	-0.71539	-0.97519	-1.2359	-1.809	-2.2598	-2.8004	-3.4501	-3.6045	-2.042	-0.41681	0.44882	0.97141	0.96044	0.73944	0.53672	0.38359	0.26387	0.20997	0.18368	0.1414	0.13383	0.13301	0.12567	0.10549	10.774
786.81	0.062706	0.032532	-0.13359	-0.28197	-0.41473	-0.57973	-0.7746	-1.0323	-1.2802	-1.691	-2.3425	-2.9535	-3.8285	-4.1305	-2.4837	-0.6045	0.38638	0.99447	0.99376	0.77667	0.57375	0.40669	0.27545	0.22156	0.19405	0.16182	0.14249	0.13343	0.1205	0.089523	11.051
761.49	0.03828	0.040271	-0.14206	-0.32199	-0.47734	-0.62703	-0.83445	-1.1451	-1.3976	-1.9799	-2.8665	-3.5002	-4.2663	-4.655	-2.902	-1.0752	0.28755	0.99411	1.0143	0.80249	0.5998	0.42852	0.29746	0.22288	0.20426	0.15834	0.1482	0.13786	0.089132	0.081767	11.333
739.37	-0.0046838	-0.027094	-0.18775	-0.36929	-0.4882	-0.67688	-0.87404	-1.2343	-1.5164	-2.2789	-2.9982	-4.0025	-4.4558	-5.1112	-3.3458	-1.2369	0.177	0.99943	1.0297	0.83406	0.63007	0.44134	0.31451	0.25235	0.18909	0.17423	0.13262	0.12872	0.09076	0.0611	11.716
718.51	0.005987	-0.015785	-0.19747	-0.37268	-0.56117	-0.72509	-0.93555	-1.2669	-1.6037	-2.4459	-3.227	-4.1076	-4.9142	-5.5227	-3.6266	-1.4394	0.053123	0.97704	1.0729	0.89159	0.66633	0.51138	0.3404	0.26394	0.21548	0.17615	0.16633	0.12953	0.095536	0.071146	12.034
699.14	0.010597	-0.0058627	-0.21609	-0.37978	-0.56705	-0.73931	-0.97798	-1.3294	-1.7106	-2.3985	-3.45	-4.0055	-5.214	-6.0325	-3.7978	-1.5478	-0.079094	1.0029	1.0963	0.95624	0.73801	0.53572	0.38643	0.30961	0.25623	0.2207	0.17834	0.15717	0.11689	0.085869	12.357
681.37	0.021128	0.00036266	-0.21161	-0.40846	-0.57564	-0.74895	-1.0204	-1.3765	-1.7628	-2.5556	-3.4154	-4.2499	-5.518	-6.667	-4.4053	-1.9044	-0.20146	0.99897	1.1314	0.99524	0.80072	0.58915	0.41308	0.3413	0.27656	0.23745	0.2058	0.15922	0.11655	0.085929	12.721
669.51	0.024982	-0.013695	-0.22337	-0.41345	-0.59719	-0.77938	-1.0579	-1.4512	-1.8702	-2.6971	-3.7042	-4.4082	-5.9688	-7.1577	-4.7543	-2.4268	-0.37896	0.99828	1.1438	1.0534	0.83872	0.62793	0.45075	0.3542	0.30176	0.25621	0.20834	0.20286	0.12437	0.097437	13.068
663.47	0.011167	-0.018183	-0.23001	-0.42742	-0.61791	-0.83349	-1.123	-1.4967	-1.9865	-2.8188	-4.0706	-4.7716	-6.5749	-7.6787	-5.4067	-2.7015	-0.56254	0.9356	1.1354	1.0594	0.87268	0.64318	0.45599	0.39322	0.30774	0.25515	0.23476	0.18463	0.13942	0.080407	13.471
660.13	-0.0052461	-0.022666	-0.20797	-0.45125	-0.64408	-0.85884	-1.1396	-1.5194	-1.9753	-2.8819	-4.1556	-5.0605	-6.77	-8.1413	-5.684	-2.9691	-0.72323	0.92045	1.1189	1.0974	0.8886	0.67399	0.50961	0.40566	0.33097	0.28142	0.23147	0.20468	0.13896	0.098822	13.873
660.24	-0.0017145	0.0014706	-0.22534	-0.41926	-0.65805	-0.82887	-1.1678	-1.5783	-2.0131	-3.1254	-4.2706	-5.1439	-6.9422	-8.3919	-6.1827	-3.3312	-0.92733	0.82705	1.1209	1.1044	0.91261	0.69783	0.52549	0.4346	0.35366	0.2984	0.26729	0.21844	0.14709	0.11231	14.282
662.18	0.020569	-0.0039995	-0.22005	-0.45099	-0.66633	-0.83759	-1.1763	-1.5934	-2.0641	-2.9703	-4.1043	-5.0808	-7.2213	-8.7098	-6.3888	-3.3576	-1.075	0.7924	1.0988	1.1337	0.95236	0.74474	0.55692	0.46919	0.38611	0.32016	0.27433	0.22521	0.13388	0.11198	14.669
670.48	0.01105	-0.0039541	-0.18762	-0.42745	-0.64926	-0.88109	-1.1844	-1.6102	-2.1103	-3.0296	-4.2181	-5.243	-7.6097	-9.177	-6.6664	-3.8873	-1.2937	0.70056	1.0513	1.1304	0.92585	0.75203	0.55451	0.44967	0.38026	0.30838	0.27203	0.2151	0.13222	0.098406	15.025
686.43	0.010793	-0.060837	-0.2	-0.4537	-0.65017	-0.84029	-1.202	-1.5795	-2.0979	-3.3699	-4.5901	-5.6766	-8.0773	-9.8229	-7.4006	-4.1806	-1.4957	0.61732	0.98519	1.0949	0.93642	0.74147	0.56136	0.45819	0.37247	0.32632	0.27864	0.19785	0.13699	0.098283	15.449
706.03	-0.013702	-0.044787	-0.19228	-0.41658	-0.66444	-0.82626	-1.1993	-1.591	-2.0847	-3.2764	-4.4146	-5.5866	-8.1556	-9.8822	-7.4055	-4.4376	-1.6539	0.53624	0.94122	1.0871	0.93731	0.75448	0.57563	0.45958	0.36517	0.32788	0.28348	0.21618	0.14082	0.082927	15.826
727.54	-0.018635	-0.051424	-0.18133	-0.41047	-0.61111	-0.81537	-1.142	-1.584	-2.0607	-3.102	-4.3191	-5.4869	-8.3442	-9.8601	-7.7873	-4.6903	-1.8682	0.43464	0.88214	1.0867	0.96283	0.76586	0.57103	0.48074	0.38681	0.33364	0.28527	0.21268	0.13983	0.085582	16.218
749.79	-0.026364	-0.042173	-0.17186	-0.37019	-0.57608	-0.78899	-1.0783	-1.5503	-2.0479	-2.9777	-4.4514	-5.3877	-8.4324	-10.042	-7.7873	-4.8811	-2.0151	0.35497	0.80901	1.0598	0.94236	0.76529	0.5832	0.48692	0.41254	0.34073	0.29457	0.21945	0.12747	0.093943	16.566
774.47	-0.013494	-0.031477	-0.18221	-0.3545	-0.56862	-0.76808	-1.0849	-1.5325	-2.0294	-3.0388	-4.3753	-5.3903	-8.4886	-10.288	-8.0502	-5.2098	-2.1764	0.25356	0.73965	1.0198	0.91429	0.75213	0.59183	0.46645	0.40031	0.34245	0.29091	0.22331	0.12639	0.082314	16.974
803.63	-0.039092	-0.051063	-0.17083	-0.3688	-0.57533	-0.73613	-1.0501	-1.515	-2.0037	-3.1391	-4.523	-5.5209	-8.6077	-10.366	-8.1482	-5.2988	-2.3196	0.14631	0.65714	0.98483	0.90568	0.73271	0.57878	0.47241	0.39113	0.33282	0.29416	0.20998	0.098821	0.06546	17.354
833.07	-0.06008	-0.085774	-0.19423	-0.35577	-0.54182	-0.73869	-1.0658	-1.5056	-1.9586	-2.9314	-4.6792	-5.488	-8.6149	-10.381	-8.276	-5.7343	-2.4427	0.071179	0.59078	0.95482	0.86912	0.72391	0.58544	0.47227	0.38418	0.33096	0.29887	0.21349	0.10365	0.070281	17.726
859.47	-0.038359	-0.063757	-0.16241	-0.32995	-0.5291	-0.716	-1.0104	-1.4745	-1.9355	-2.8508	-4.4366	-5.4857	-8.7052	-10.352	-8.3961	-5.8181	-2.5932	-0.02078	0.53764	0.92642	0.86186	0.73111	0.56658	0.46935	0.39401	0.33474	0.27247	0.23221	0.11479	0.067257	18.124
882.21	-0.053213	-0.07525	-0.19643	-0.3496	-0.53654	-0.70126	-0.99495	-1.3575	-1.904	-2.8777	-4.3992	-5.4343	-8.9217	-10.608	-8.4788	-6.0209	-2.7599	-0.098402	0.49052	0.90978	0.85083	0.72302	0.57074	0.46767	0.3944	0.33546	0.27886	0.21987	0.11008	0.065523	18.53
900.56	-0.051265	-0.076933	-0.19498	-0.33496	-0.49183	-0.70247	-0.98189	-1.4532	-1.8989	-2.8012	-4.3756	-5.4118	-8.9686	-10.677	-8.6358	-6.1552	-2.9402	-0.18846	0.41048	0.89744	0.84615	0.70565	0.57751	0.47601	0.39271	0.33944	0.28304	0.2294	0.12151	0.061713	18.923
919.31	-0.063734	-0.073789	-0.18184	-0.31011	-0.49007	-0.70243	-0.98618	-1.4377	-1.9101	-2.7966	-4.4526	-5.5779	-9.0843	-11.06	-9.0607	-6.4897	-3.1252	-0.30158	0.34466	0.84007	0.8388	0.68953	0.56982	0.45796	0.3847	0.34149	0.28853	0.21099	0.10731	0.046716	19.321
935.18	-0.098356	-0.10584	-0.20661	-0.33222	-0.4935	-0.7028	-0.99181	-1.3904	-1.888	-2.775	-4.5405	-5.7212	-9.0362	-11.228	-9.3303	-6.849	-3.2786	-0.38687	0.29567	0.85057	0.82863	0.7218	0.57142	0.47968	0.40724	0.3381	0.27652	0.20817	0.11619	0.04195	19.707
944.76	-0.099823	-0.13313	-0.17207	-0.34956	-0.49744	-0.68438	-0.99168	-1.4266	-1.9432	-3.0197	-4.5125	-5.7893	-9.1545	-11.57	-9.6285	-6.9485	-3.4789	-0.4733	0.25541	0.83096	0.83148	0.73625	0.58634	0.49428	0.40084	0.33943	0.28311	0.21347	0.10442	0.06276	20.111
948.48	-0.11253	-0.10588	-0.17867	-0.322	-0.48301	-0.64275	-1.0022	-1.4266	-1.9722	-2.8295	-4.5932	-5.7665	-9.2714	-11.852	-9.8603	-7.2998	-3.7108	-0.55107	0.19872	0.81929	0.84023	0.75336	0.61261	0.51011	0.42491	0.36338	0.3015	0.23332	0.11375	0.057813	20.507
946.46	-0.10785	-0.093098	-0.18391	-0.32189	-0.48583	-0.67881	-0.99599	-1.4102	-2.0069	-2.8611	-4.5492	-6.0558	-9.2589	-12.308	-10.291	-7.6358	-3.9624	-0.64677	0.11622	0.81008	0.84924	0.75414	0.62426	0.51848	0.43866	0.38554	0.3209	0.22567	0.11318	0.054011	20.885
943.16	-0.11893	-0.13182	-0.20567	-0.33898	-0.48484	-0.68554	-0.99183	-1.4802	-2.05	-2.9992	-4.8082	-6.2118	-9.5016	-12.72	-10.86	-8.204	-4.2256	-0.76043	0.060631	0.80276	0.84094	0.75845	0.62804	0.53005	0.44702	0.38927	0.30869	0.24281	0.10215	0.044746	21.261
938.26	-0.13362	-0.1603	-0.20593	-0.35439	-0.50718	-0.67162	-1.0147	-1.5254	-2.0513	-2.9462	-4.8152	-6.1849	-9.4455	-13.214	-11.207	-8.6551	-4.4567	-0.86763	0.0093517	0.79759	0.84209	0.76746	0.63372	0.532	0.44097	0.37932	0.31661	0.22989	0.094483	0.048148	21.618
929	-0.17089	-0.16969	-0.24591	-0.37737	-0.50405	-0.68361	-1.0714	-1.5481	-2.1131	-3.1489	-4.8358	-6.4603	-9.8434	-13.712	-11.843	-9.0077	-4.718	-0.95934	-0.031614	0.79953	0.86193	0.79129	0.64004	0.54719	0.45691	0.39198	0.32614	0.22614	0.086314	0.03663	21.962
916.22	-0.18598	-0.18945	-0.26272	-0.38099	-0.5157	-0.74421	-1.0485	-1.5931	-2.1563	-3.0522	-5.1071	-6.6805	-10.006	-14.2	-12.125	-9.4295	-5.0163	-1.0677	-0.089697	0.80022	0.89135	0.8075	0.67772	0.56821	0.47812	0.40644	0.33553	0.24306	0.10516	0.044438	22.288
898.42	-0.1888	-0.20932	-0.26878	-0.38686	-0.53438	-0.72058	-1.1191	-1.6127	-2.1867	-3.1037	-5.0004	-6.8394	-10.374	-14.776	-12.787	-9.936	-5.3271	-1.1994	-0.13393	0.80542	0.91155	0.83934	0.68779	0.58543	0.48042	0.41449	0.32571	0.24944	0.098675	0.032089	22.601
880.29	-0.20769	-0.22927	-0.31348	-0.41279	-0.57322	-0.77646	-1.2142	-1.7495	-2.3225	-3.2042	-5.2481	-7.0705	-10.7	-15.338	-13.538	-10.603	-5.6405	-1.3481	-0.21918	0.79753	0.90962	0.83328	0.69427	0.58792	0.47407	0.40515	0.33494	0.23149	0.07448	0.013337	22.901
863.1	-0.24331	-0.26404	-0.31528	-0.42973	-0.61792	-0.7748	-1.2292	-1.9592	-2.4913	-3.4174	-5.3034	-7.3401	-10.931	-15.941	-13.989	-11.101	-5.973	-1.4396	-0.26774	0.81157	0.92686	0.86179	0.7142	0.58631	0.49014	0.4167	0.32704	0.2288	0.068833	0.01102	23.184
845.04	-0.30456	-0.31254	-0.36372	-0.47454	-0.64713	-0.8137	-1.3067	-2.0944	-2.6286	-3.3379	-5.1554	-7.3654	-11.246	-16.273	-14.493	-11.376	-6.2384	-1.5452	-0.30124	0.81569	0.96643	0.88301	0.72946	0.6333	0.50062	0.41762	0.35066	0.22705	0.063928	-0.0028131	23.403
825.47	-0.3052	-0.31118	-0.41875	-0.54689	-0.66042	-0.75245	-1.4163	-2.378	-3.0199	-3.2219	-4.8868	-6.9145	-11.355	-16.686	-14.817	-11.965	-6.4671	-1.6236	-0.36169	0.83987	0.98015	0.91736	0.77138	0.63439	0.52462	0.44023	0.34553	0.24262	0.061715	-0.013682	23.716
803.74	-0.34919	-0.37546	-0.43675	-0.50923	-0.61625	-0.79935	-1.355	-2.6148	-3.269	-3.4693	-4.6386	-6.1428	-10.552	-16.121	-14.602	-12.109	-6.5686	-1.6563	-0.36691	0.85662	1.0142	0.95987	0.78943	0.65917	0.52456	0.42976	0.35119	0.23523	0.033703	-0.028841	23.895
782.95	-0.36938	-0.42058	-0.47477	-0.52756	-0.60132	-0.77759	-1.4647	-2.9377	-3.6998	-3.829	-4.7401	-6.4683	-9.8483	-14.512	-13.546	-11.646	-6.3007	-1.5577	-0.27266	0.93033	1.0635	1.0015	0.81327	0.68939	0.55768	0.44883	0.35296	0.23432	0.032631	-0.031506	24.058
766.11	-0.46567	-0.5187	-0.5122	-0.55095	-0.60792	-0.71754	-1.5929	-3.4322	-4.1442	-4.6491	-4.8776	-6.8179	-8.7605	-11.525	-11.648	-10.308	-5.7922	-1.3701	-0.15036	0.98516	1.1116	1.0277	0.82919	0.69455	0.55313	0.44793	0.34623	0.22392	0.0012057	-0.067112	24.226
750.11	-0.50252	-0.54907	-0.49759	-0.51754	-0.5916	-0.72737	-1.973	-3.8629	-4.5058	-4.6623	-5.1853	-5.6395	-7.3916	-9.4123	-9.5652	-9.1452	-5.1048	-1.1258	-0.0078604	1.0721	1.1647	1.0622	0.88299	0.72161	0.5716	0.45549	0.35362	0.21002	-0.0059479	-0.096277	24.416
735.82	-0.55976	-0.58237	-0.51246	-0.52452	-0.63869	-0.80954	-2.525	-4.1316	-4.6305	-5.2236	-4.9629	-5.328	-5.3791	-7.5402	-7.7109	-8.0213	-4.3856	-0.881	0.15647	1.1038	1.1894	1.0872	0.88582	0.72521	0.56229	0.45109	0.34138	0.17886	-0.039529	-0.11834	24.512
723.03	-0.54282	-0.58466	-0.49822	-0.48071	-0.56701	-0.86474	-2.7113	-4.2534	-4.6787	-4.6922	-4.6631	-4.2357	-5.0207	-5.5195	-6.5241	-7.0153	-3.8253	-0.62753	0.27895	1.1542	1.2367	1.102	0.8942	0.75182	0.57916	0.4684	0.35049	0.18396	-0.04981	-0.13482	24.592
711.52	-0.53741	-0.56256	-0.43629	-0.40068	-0.48593	-1.1302	-3.7759	-4.7389	-4.3052	-3.9643	-4.2254	-4.2931	-4.6946	-4.9713	-4.775	-5.9624	-3.2864	-0.45079	0.40201	1.1942	1.2385	1.1165	0.90232	0.73599	0.55335	0.42963	0.30833	0.15247	-0.091714	-0.16833	24.613
703.98	-0.52993	-0.55726	-0.43878	-0.44453	-0.71798	-1.6495	-4.2999	-4.3097	-3.8962	-4.0182	-3.8243	-3.4476	-3.7263	-4.015	-4.2403	-5.312	-2.7578	-0.25507	0.50634	1.2093	1.2291	1.0768	0.87349	0.69054	0.51965	0.40761	0.28326	0.12922	-0.11674	-0.19757	24.628
701.72	-0.51282	-0.4992	-0.4533	-0.51997	-1.0093	-2.2163	-4.3312	-3.8509	-3.602	-3.5834	-3.5825	-3.6851	-3.4775	-3.4246	-3.6546	-4.9652	-2.4097	-0.10968	0.57487	1.2075	1.2147	1.06	0.85806	0.67311	0.50195	0.39718	0.27046	0.11066	-0.10944	-0.20033	24.643
703.45	-0.4928	-0.46605	-0.42714	-0.62143	-1.3383	-3.0417	-4.3114	-3.7902	-3.3817	-3.2082	-3.1392	-3.1341	-2.9919	-3.0508	-3.0828	-4.0568	-2.0825	0.029453	0.63082	1.1829	1.2041	1.0529	0.85382	0.68018	0.49462	0.39194	0.24351	0.098437	-0.11574	-0.203	24.641
706.89	-0.43877	-0.43202	-0.489	-0.81113	-1.8124	-3.4577	-3.8537	-3.2321	-3.1382	-3.1812	-2.5834	-2.8266	-2.5889	-2.5546	-2.7761	-3.5065	-1.8589	0.1222	0.69311	1.1986	1.194	1.0254	0.83795	0.65519	0.48614	0.36459	0.235	0.094984	-0.10102	-0.19151	24.608
709.37	-0.44381	-0.44481	-0.61365	-1.1022	-2.3814	-3.6423	-3.828	-3.0264	-2.88	-2.8976	-2.3828	-2.5032	-2.4401	-2.1727	-2.8595	-3.393	-1.7055	0.20278	0.71344	1.1517	1.1374	0.9761	0.78091	0.60862	0.45722	0.33479	0.21749	0.068968	-0.12887	-0.20026	24.61
716.79	-0.42513	-0.4493	-0.77296	-1.5319	-2.8506	-3.868	-3.6555	-2.8112	-2.4425	-2.4181	-2.216	-2.2224	-2.1594	-2.3295	-2.4847	-3.0238	-1.458	0.27511	0.76541	1.1698	1.1362	0.96268	0.78857	0.62476	0.46745	0.34387	0.21937	0.073143	-0.11466	-0.18886	24.668
728.51	-0.47158	-0.5216	-0.91091	-1.9185	-3.1469	-3.8091	-3.3641	-2.6555	-2.2814	-2.2686	-1.8656	-2.1757	-1.8315	-2.0222	-2.5353	-2.7342	-1.2495	0.35519	0.80041	1.1488	1.0981	0.93308	0.74179	0.59158	0.43343	0.32085	0.19756	0.053692	-0.135	-0.19908	24.53
739.9	-0.47587	-0.56251	-1.0812	-2.1361	-3.1704	-3.6528	-3.0335	-2.3051	-1.9663	-1.8962	-1.8139	-1.7558	-1.7518	-1.6436	-2.3179	-2.3901	-1.0957	0.42738	0.83568	1.1473	1.0832	0.91764	0.70188	0.52241	0.38518	0.27336	0.18052	0.059493	-0.090275	-0.17392	24.287
750	-0.5088	-0.63992	-1.2954	-2.4366	-3.2483	-3.5446	-2.8474	-2.0442	-1.6843	-1.6559	-1.6197	-1.7533	-1.9418	-1.561	-2.1547	-2.1025	-0.94199	0.4851	0.86061	1.1329	1.0636	0.90318	0.67838	0.52048	0.36951	0.27068	0.16822	0.042811	-0.12189	-0.18248	24.165
757.41	-0.58071	-0.76945	-1.5306	-2.6691	-3.3002	-3.3517	-2.6301	-2.0171	-1.5379	-1.5227	-1.4021	-1.4635	-1.4696	-1.4559	-1.7634	-1.8502	-0.79218	0.5443	0.89965	1.1292	1.0452	0.89017	0.66379	0.49314	0.33284	0.24627	0.14216	0.0053853	-0.14712	-0.23072	24.019
764.71	-0.6828	-0.90796	-1.7704	-2.8799	-3.314	-3.1597	-2.2938	-1.7404	-1.4459	-1.5082	-1.3109	-1.304	-1.4756	-1.5409	-1.8113	-1.7595	-0.64836	0.58526	0.92079	1.0976	1.0163	0.82067	0.60824	0.43534	0.28851	0.18511	0.090495	-0.051476	-0.2232	-0.30625	23.785
771.79	-0.82341	-1.0441	-2.0212	-3.0515	-3.2431	-2.8755	-1.8877	-1.6907	-1.4681	-1.3691	-1.1449	-1.2818	-1.5806	-1.2525	-1.6237	-1.7743	-0.50146	0.64795	0.93516	1.0844	1.0011	0.79879	0.58705	0.39958	0.23953	0.14166	0.03886	-0.10639	-0.31687	-0.39586	23.611
774.26	-0.91305	-1.2045	-2.2206	-3.0962	-3.1192	-2.6596	-1.674	-1.5003	-1.1978	-1.2191	-1.0535	-1.0623	-1.1421	-1.1704	-1.3628	-1.4595	-0.33957	0.69465	0.95397	1.0706	0.9626	0.76561	0.55505	0.37258	0.20643	0.086034	-0.018594	-0.16668	-0.41227	-0.49632	23.32
775.01	-1.0083	-1.2725	-2.258	-3.0388	-2.8709	-2.3456	-1.502	-1.3406	-1.0276	-1.01	-0.89907	-0.887	-1.0131	-0.87659	-1.2232	-1.1285	-0.21666	0.75329	0.97102	1.0531	0.92443	0.72406	0.50983	0.32477	0.14532	0.026961	-0.091124	-0.26688	-0.53797	-0.65881	23.095
772.33	-1.3567	-1.3801	-2.3005	-2.9314	-2.7047	-2.0211	-1.2663	-1.1013	-0.90764	-0.98222	-0.63832	-0.78723	-0.79932	-0.66426	-1.0779	-1.0085	-0.052751	0.81861	1.0124	1.0227	0.8775	0.66822	0.42778	0.24158	0.053215	-0.076777	-0.19489	-0.40753	-0.75306	-0.91604	22.861
769.22	-2.0496	-1.7651	-2.2521	-2.7368	-2.3422	-1.6804	-1.0811	-1.036	-0.79109	-0.97573	-0.7513	-0.57355	-0.7629	-0.70628	-0.8035	-0.64945	0.1283	0.87421	1.0212	0.99673	0.82083	0.61027	0.3708	0.16288	-0.023749	-0.16477	-0.33802	-0.58317	-1.0752	-1.3051	22.555
766.86	-3.1575	-2.3986	-2.1601	-2.5047	-2.0982	-1.419	-1.1117	-0.91933	-0.69512	-0.95774	-0.66503	-0.67891	-0.77521	-0.60001	-0.76295	-0.64105	0.2256	0.90688	1.012	0.9384	0.7481	0.51213	0.29145	0.085459	-0.11243	-0.27181	-0.44036	-0.72659	-1.4147	-1.7926	22.276
763.96	-5.3222	-3.5605	-2.2465	-2.195	-1.7832	-1.1407	-0.96298	-0.82554	-0.6813	-0.76103	-0.66758	-0.67107	-0.55849	-0.69134	-0.78745	-0.37187	0.36585	0.95114	1.011	0.91167	0.71515	0.4706	0.26398	0.042661	-0.14843	-0.28167	-0.47205	-0.76695	-1.548	-2.0698	22.007
761.7	-6.2951	-5.178	-1.9796	-2.0473	-1.4601	-1.0277	-1.0312	-0.78775	-0.59687	-0.69985	-0.5915	-0.62092	-0.62023	-0.64376	-0.84393	-0.21582	0.43231	0.96689	1.0178	0.8777	0.68138	0.46369	0.23413	0.034742	-0.14793	-0.27955	-0.4647	-0.77566	-1.5395	-2.0701	21.668
758.59	-5.586	-5.1639	-1.7574	-1.9009	-1.2132	-0.93565	-0.86806	-0.72736	-0.64711	-0.57529	-0.53794	-0.64442	-0.55239	-0.65637	-0.70605	-0.15359	0.47852	0.97627	1.0172	0.86446	0.66315	0.43224	0.21921	0.0066049	-0.15702	-0.29552	-0.45881	-0.75021	-1.4819	-1.9238	21.401
756.34	-4.4601	-4.5904	-1.5925	-1.4707	-1.0973	-0.89177	-0.90211	-0.72851	-0.7224	-0.64089	-0.69675	-0.70934	-0.6952	-0.7183	-0.76267	-0.17513	0.49514	0.97267	0.99403	0.82695	0.61794	0.40112	0.17906	-0.0055296	-0.17262	-0.3073	-0.46507	-0.75245	-1.4222	-1.8009	21.084
757.52	-3.6382	-3.4139	-1.7953	-1.4952	-1.0498	-0.97923	-0.87119	-0.78705	-0.82577	-0.90574	-0.71809	-0.91797	-0.86531	-0.87688	-1.0337	-0.08006	0.48425	0.95923	0.96827	0.78352	0.55784	0.35039	0.11519	-0.047997	-0.21768	-0.33254	-0.47802	-0.71982	-1.2605	-1.546	20.757
760.42	-2.686	-2.3646	-1.8852	-1.4331	-1.0092	-0.9701	-0.84795	-0.74576	-1.0396	-0.84933	-0.7935	-0.96669	-0.77173	-0.95307	-0.98634	-0.17419	0.47838	0.93075	0.94046	0.75744	0.53873	0.29914	0.10782	-0.068971	-0.23754	-0.32536	-0.44798	-0.66548	-1.0978	-1.3544	20.488
763.42	-2.0418	-1.9047	-1.5155	-1.18	-1.0461	-1.0028	-0.85784	-0.93249	-1.05	-1.0464	-0.9906	-0.9837	-0.9885	-1.2266	-1.0149	-0.089908	0.47248	0.93568	0.92907	0.71265	0.49881	0.28139	0.090634	-0.079738	-0.2085	-0.29659	-0.40552	-0.57107	-0.88382	-1.0386	20.192
764.71	-1.6068	-1.4885	-1.3376	-1.1652	-1.009	-1.101	-0.92147	-1.1413	-1.1179	-0.92882	-1.0222	-1.034	-1.0965	-1.0762	-0.85139	-0.11062	0.46167	0.92659	0.92847	0.73128	0.50691	0.28815	0.096386	-0.027509	-0.17822	-0.26277	-0.36807	-0.51513	-0.77767	-0.93196	19.839
765.46	-1.0909	-1.1597	-1.1962	-1.108	-1.0169	-1.0023	-0.95355	-1.2353	-1.1622	-1.1278	-0.98796	-1.0849	-1.0357	-1.1641	-1.0768	-0.13135	0.43619	0.9289	0.92085	0.72326	0.51633	0.3044	0.11104	-0.034488	-0.13039	-0.23314	-0.29426	-0.40478	-0.62108	-0.68741	19.562
771.36	-0.91044	-0.96022	-0.97253	-0.93168	-0.99923	-0.98081	-1.0556	-1.199	-1.1457	-1.2028	-1.1896	-1.2413	-1.2057	-1.2924	-1.3359	-0.3476	0.44477	0.91648	0.92997	0.73531	0.5114	0.30105	0.1219	-0.019327	-0.13217	-0.2129	-0.27474	-0.3499	-0.52555	-0.58487	19.237
780.59	-0.7077	-0.83382	-0.80204	-0.79338	-0.8402	-1.0197	-1.1337	-1.229	-1.2203	-1.1576	-1.2408	-1.1961	-1.2013	-1.2965	-1.2884	-0.13902	0.44737	0.93719	0.93965	0.74503	0.54329	0.337	0.14361	0.014272	-0.096707	-0.15469	-0.23548	-0.32332	-0.41681	-0.47706	18.963
789.91	-0.61186	-0.69744	-0.70432	-0.7173	-0.84847	-1.0284	-1.1048	-1.2319	-1.2265	-1.2867	-1.1616	-1.1921	-1.3029	-1.262	-1.3045	-0.29903	0.43917	0.95003	0.96663	0.75138	0.54842	0.33902	0.15906	0.020892	-0.061155	-0.12251	-0.17838	-0.25564	-0.3661	-0.39242	18.673
799.88	-0.57512	-0.60364	-0.63616	-0.63026	-0.87593	-1.0259	-1.0956	-1.3037	-1.3009	-1.1498	-1.1259	-1.2169	-1.096	-1.3692	-1.1748	-0.17559	0.45382	0.93819	0.96101	0.76098	0.57101	0.35852	0.17967	0.069479	-0.038932	-0.0835	-0.15766	-0.2104	-0.30959	-0.37638	18.333
807.7	-0.44554	-0.41756	-0.50005	-0.65957	-0.90406	-0.99156	-1.0716	-1.3499	-1.292	-1.2185	-0.97833	-1.097	-1.2554	-1.1219	-1.1022	-0.10473	0.45606	0.94842	0.97804	0.7714	0.56266	0.39225	0.20123	0.082084	-0.0049063	-0.069701	-0.10301	-0.18321	-0.27515	-0.30283	17.944
818.73	-0.36746	-0.36239	-0.54946	-0.73251	-0.90943	-0.96116	-1.2518	-1.3851	-1.2963	-1.3103	-1.2659	-1.4703	-1.2943	-1.3746	-1.2384	-0.31775	0.43121	0.93564	0.95053	0.74443	0.53932	0.34737	0.17829	0.054778	-0.029299	-0.075172	-0.1477	-0.18587	-0.24325	-0.27878	17.634
834.03	-0.35513	-0.33056	-0.53387	-0.76149	-0.84006	-1.0213	-1.3023	-1.2265	-1.2663	-1.2573	-1.1918	-1.3671	-1.298	-1.3766	-1.3245	-0.25451	0.4481	0.90175	0.92781	0.73078	0.52851	0.33816	0.15787	0.046423	-0.031337	-0.091764	-0.12637	-0.16398	-0.22033	-0.24872	17.295
851.24	-0.26951	-0.34004	-0.57618	-0.74344	-0.85782	-1.0064	-1.3082	-1.2323	-1.1564	-1.194	-1.1777	-1.2741	-1.2808	-1.331	-1.3365	-0.21186	0.45164	0.90183	0.91164	0.71788	0.51782	0.3211	0.15998	0.043687	-0.038264	-0.093431	-0.13685	-0.16725	-0.21949	-0.25155	16.937
868.23	-0.34472	-0.36426	-0.5402	-0.69769	-0.86926	-1.1087	-1.2236	-1.1658	-1.1474	-1.1614	-0.91992	-1.1486	-1.1151	-1.1569	-1.1108	-0.15256	0.49839	0.89459	0.91155	0.70016	0.50595	0.3221	0.14472	0.046362	-0.030926	-0.082108	-0.10349	-0.14219	-0.18507	-0.21411	16.525
879.97	-0.34894	-0.37503	-0.48423	-0.61909	-0.95656	-1.1461	-1.1426	-1.1616	-1.053	-0.93531	-0.93659	-0.96173	-0.95292	-0.98682	-0.8336	-0.077983	0.51699	0.89011	0.89688	0.69444	0.50006	0.31421	0.16246	0.058802	-0.023195	-0.067385	-0.10211	-0.13392	-0.19571	-0.22392	16.141
889.25	-0.36451	-0.37275	-0.46626	-0.66342	-0.98174	-1.1083	-1.112	-1.0754	-0.98547	-0.9346	-0.85041	-0.93384	-0.92581	-1.1041	-0.87127	-0.050227	0.54088	0.89743	0.88999	0.68181	0.47434	0.2967	0.14807	0.039235	-0.019738	-0.067524	-0.1077	-0.13016	-0.19453	-0.22994	15.751
899.6	-0.3655	-0.34431	-0.42938	-0.7403	-0.9742	-1.0874	-1.1313	-0.98721	-0.96591	-1.0492	-0.85008	-0.89661	-1.0508	-1.1502	-0.92542	-0.076282	0.56532	0.88985	0.88628	0.65267	0.46973	0.27923	0.13632	0.039635	-0.015535	-0.069247	-0.086728	-0.14112	-0.19914	-0.2306	15.368
910.58	-0.34318	-0.32743	-0.43683	-0.77353	-0.93184	-0.95977	-0.95287	-0.9568	-0.93477	-0.9481	-0.7559	-0.83345	-1.0633	-1.0367	-0.76029	-0.20682	0.61319	0.88003	0.85868	0.64656	0.44072	0.27239	0.12145	0.023172	-0.026344	-0.088166	-0.10599	-0.13404	-0.20435	-0.22211	14.947
921.66	-0.32811	-0.33135	-0.51802	-0.78138	-0.83262	-0.85382	-0.87568	-0.92285	-0.90266	-0.87552	-0.79289	-0.78896	-0.78567	-1.0817	-0.54532	0.098722	0.63242	0.88815	0.84677	0.61974	0.43213	0.25796	0.12653	0.017906	-0.03146	-0.082226	-0.093482	-0.13395	-0.17851	-0.20895	14.535
927.83	-0.34266	-0.40565	-0.57568	-0.76401	-0.8207	-0.80125	-0.81466	-0.9357	-0.78104	-0.58322	-0.68694	-0.68953	-0.81334	-0.87889	-0.71059	0.18408	0.64555	0.87162	0.83401	0.59583	0.4137	0.24772	0.12001	0.027696	-0.033563	-0.075217	-0.10163	-0.12248	-0.18147	-0.21397	14.139
926.87	-0.39747	-0.44514	-0.63331	-0.75262	-0.80423	-0.72149	-0.8085	-0.82839	-0.76189	-0.67073	-0.67848	-0.63025	-0.73187	-0.91241	-0.50666	0.27037	0.67928	0.86898	0.823	0.58181	0.39364	0.22836	0.10226	0.013671	-0.051347	-0.078529	-0.1177	-0.15209	-0.22151	-0.24626	13.726
923.15	-0.44617	-0.52225	-0.67736	-0.71489	-0.72693	-0.68706	-0.81098	-0.77281	-0.69043	-0.72577	-0.80999	-0.77048	-0.77615	-1.1126	-0.58019	0.2801	0.68119	0.86448	0.81123	0.56514	0.36562	0.20615	0.079844	-0.0095102	-0.061627	-0.11132	-0.14943	-0.1603	-0.23908	-0.28105	13.316
917.08	-0.42711	-0.52255	-0.70523	-0.69992	-0.64145	-0.68713	-0.73928	-0.67768	-0.68936	-0.58128	-0.68573	-0.67163	-0.87277	-1.0211	-0.39517	0.28195	0.70993	0.86573	0.8126	0.54365	0.35562	0.18165	0.059031	-0.037977	-0.079972	-0.1186	-0.17058	-0.20109	-0.25408	-0.30803	12.916
911	-0.50326	-0.52921	-0.67629	-0.67237	-0.66891	-0.64306	-0.65474	-0.64436	-0.65254	-0.5763	-0.57846	-0.76331	-0.70277	-1.0279	-0.35253	0.37142	0.73652	0.86159	0.79789	0.52186	0.32215	0.15249	0.037116	-0.06598	-0.12212	-0.149	-0.18634	-0.21474	-0.29632	-0.34842	12.556
902.69	-0.52424	-0.55495	-0.6647	-0.60267	-0.60674	-0.57533	-0.58247	-0.65878	-0.63724	-0.56377	-0.57436	-0.59434	-0.80218	-0.93685	-0.21873	0.49862	0.77895	0.8668	0.79224	0.49573	0.3024	0.13987	0.0024357	-0.066588	-0.13354	-0.17694	-0.20199	-0.23146	-0.3144	-0.35574	12.17
887.55	-0.55943	-0.56115	-0.6277	-0.6172	-0.61519	-0.53798	-0.59648	-0.60787	-0.57226	-0.60062	-0.46935	-0.72083	-0.80726	-1.0977	-0.25963	0.46218	0.80346	0.85847	0.76113	0.47721	0.27334	0.11108	-0.0017625	-0.09103	-0.1463	-0.17743	-0.22127	-0.24646	-0.3215	-0.37604	11.822
869.19	-0.53729	-0.58633	-0.6154	-0.60685	-0.60193	-0.56917	-0.62152	-0.56165	-0.63712	-0.5855	-0.55743	-0.77261	-0.9033	-1.1643	-0.33154	0.4903	0.8222	0.86149	0.7637	0.45148	0.26164	0.075217	-0.033843	-0.11763	-0.16749	-0.21135	-0.24467	-0.27021	-0.34865	-0.378	11.46
847.93	-0.56542	-0.57883	-0.60553	-0.60076	-0.5941	-0.55827	-0.55715	-0.54502	-0.57457	-0.63818	-0.65151	-0.89503	-1.1598	-1.14	-0.39822	0.54023	0.83739	0.85695	0.74651	0.43551	0.23417	0.056585	-0.05067	-0.12781	-0.18687	-0.19102	-0.23423	-0.28194	-0.3347	-0.36995	11.124
826.54	-0.56032	-0.58417	-0.5693	-0.52615	-0.54405	-0.53299	-0.56284	-0.54985	-0.48919	-0.57671	-0.60675	-1.0816	-1.116	-1.2153	-0.47837	0.64112	0.86277	0.86721	0.75341	0.42168	0.20807	0.051354	-0.068375	-0.14317	-0.20036	-0.22317	-0.24745	-0.26211	-0.32009	-0.35346	10.827
806.84	-0.47584	-0.42788	-0.53382	-0.52873	-0.50183	-0.55618	-0.49077	-0.47022	-0.44153	-0.28131	-0.69523	-1.0981	-1.1811	-1.2918	-0.36737	0.59742	0.89712	0.88838	0.77726	0.42999	0.22445	0.051626	-0.063514	-0.13907	-0.18575	-0.20725	-0.23332	-0.25722	-0.30787	-0.34091	10.514
787.13	-0.46606	-0.48828	-0.48587	-0.47694	-0.50151	-0.51275	-0.44716	-0.4236	-0.35766	-0.4828	-0.72344	-1.1862	-1.2979	-1.132	-0.19844	0.83542	0.94003	0.91585	0.76877	0.42556	0.22235	0.053925	-0.065105	-0.15715	-0.18586	-0.20482	-0.22506	-0.24942	-0.30581	-0.34944	10.214
769.75	-0.45943	-0.48895	-0.46997	-0.49553	-0.51174	-0.47314	-0.41416	-0.34757	-0.29461	-0.53555	-0.92728	-1.2646	-1.5154	-1.3638	-0.22436	0.66769	0.96722	0.91946	0.78612	0.41754	0.20271	0.033569	-0.085153	-0.14577	-0.18355	-0.21626	-0.23975	-0.25869	-0.30171	-0.35057	9.9316
753.98	-0.42991	-0.47037	-0.43103	-0.46896	-0.46417	-0.46018	-0.31091	-0.28981	-0.27036	-0.82453	-1.1381	-1.3437	-1.6382	-1.3523	-0.40406	0.68162	1.0088	0.93652	0.78798	0.40511	0.19285	0.040564	-0.079947	-0.16203	-0.18834	-0.22178	-0.23692	-0.26689	-0.31313	-0.32441	9.69
739.8	-0.41191	-0.42456	-0.41651	-0.46371	-0.47192	-0.388	-0.23107	-0.2674	-0.32354	-0.99277	-1.2059	-1.6379	-1.7521	-1.5315	-0.40067	0.77019	1.0281	0.96335	0.80804	0.4215	0.20476	0.041342	-0.094707	-0.14546	-0.18228	-0.19969	-0.21846	-0.23223	-0.2744	-0.30752	9.5042
729.26	-0.38059	-0.3999	-0.3721	-0.42808	-0.41501	-0.26755	-0.12265	-0.17672	-0.40024	-0.84143	-0.96713	-1.2694	-1.5786	-1.2426	-0.30466	0.75947	1.0682	0.96038	0.81468	0.42212	0.20147	0.038686	-0.071302	-0.14861	-0.16824	-0.21183	-0.20539	-0.22405	-0.27098	-0.28547	9.332
722.27	-0.38535	-0.38171	-0.37039	-0.43118	-0.26343	-0.16785	-0.17477	-0.24101	-0.48708	-0.96108	-1.2351	-1.5126	-1.5834	-1.3279	-0.12492	0.9215	1.0541	0.9674	0.79108	0.42068	0.17818	0.017169	-0.089709	-0.16383	-0.19265	-0.22322	-0.23093	-0.22622	-0.26721	-0.27898	9.1251
721.41	-0.37613	-0.37011	-0.33473	-0.31275	-0.14076	-0.16237	-0.13499	-0.2997	-0.57893	-1.0515	-1.1542	-1.5695	-1.6381	-1.3609	-0.21652	0.95579	1.0575	0.95149	0.79202	0.3891	0.16787	-0.0036369	-0.12007	-0.17146	-0.20676	-0.22972	-0.23223	-0.25757	-0.27499	-0.29064	8.9498
726.15	-0.37474	-0.34676	-0.33044	-0.20187	-0.11424	-0.11609	-0.17284	-0.37899	-0.59961	-0.97815	-1.4741	-1.6577	-1.7535	-1.4666	-0.19241	0.67481	1.0274	0.94189	0.75453	0.37228	0.14272	-0.028659	-0.11722	-0.19461	-0.20245	-0.22925	-0.24498	-0.25203	-0.27956	-0.30307	8.8456
733.03	-0.3511	-0.32473	-0.26149	-0.12809	-0.092424	-0.14748	-0.18106	-0.41619	-0.64041	-1.1008	-1.1359	-1.6313	-1.8307	-1.3806	-0.29185	0.75557	1.0125	0.90058	0.74045	0.34592	0.14035	-0.032704	-0.13049	-0.17606	-0.23276	-0.2363	-0.22855	-0.24489	-0.25804	-0.28806	8.7292
744.52	-0.30188	-0.26621	-0.17102	-0.073541	-0.12277	-0.16174	-0.20248	-0.49003	-0.67921	-1.0514	-1.3807	-1.5528	-1.6795	-1.4405	-0.29841	0.75461	1.0082	0.90321	0.72212	0.35451	0.12594	-0.020515	-0.12848	-0.18261	-0.19265	-0.21755	-0.21509	-0.23263	-0.24682	-0.27763	8.64
760.31	-0.20165	-0.20258	-0.11205	-0.055182	-0.128	-0.14111	-0.24571	-0.50706	-0.68068	-0.90241	-1.2068	-1.5101	-1.5543	-1.2515	-0.16206	0.98036	0.99536	0.8661	0.71292	0.31776	0.12832	-0.020089	-0.12185	-0.16168	-0.17643	-0.19726	-0.19505	-0.19555	-0.21234	-0.20053	8.5584
779.3	-0.16087	-0.096338	-0.064095	-0.089578	-0.1238	-0.13977	-0.31006	-0.54779	-0.70871	-1.0975	-1.3082	-1.5345	-1.6241	-1.4636	-0.26394	0.62875	0.95636	0.84184	0.68236	0.31514	0.10278	-0.036851	-0.12468	-0.16954	-0.18222	-0.18957	-0.17891	-0.1737	-0.17656	-0.1699	8.4571
801.38	-0.11962	-0.11085	-0.10631	-0.16037	-0.14886	-0.18713	-0.33481	-0.56615	-0.73718	-1.0974	-1.4735	-1.5814	-1.7221	-1.4987	-0.28755	0.72098	0.90515	0.82376	0.65624	0.28953	0.10848	-0.029915	-0.11467	-0.1534	-0.17095	-0.17593	-0.17121	-0.14968	-0.13712	-0.14853	8.4451
821.72	-0.1091	-0.090484	-0.12046	-0.17564	-0.14003	-0.20348	-0.40025	-0.59503	-0.74774	-1.1584	-1.2096	-1.5906	-1.7816	-1.388	-0.30049	0.72254	0.88367	0.7754	0.64267	0.30275	0.098399	-0.020515	-0.11458	-0.14401	-0.1467	-0.17431	-0.17147	-0.15194	-0.11687	-0.096929	8.4178
841.41	-0.060407	-0.088367	-0.14769	-0.13664	-0.13876	-0.22798	-0.38832	-0.58475	-0.75663	-1.0835	-1.3125	-1.7233	-1.5767	-1.3375	-0.24446	0.74359	0.85025	0.80116	0.63984	0.29472	0.11415	-0.0087554	-0.087744	-0.12061	-0.13562	-0.12659	-0.11822	-0.097586	-0.059264	-0.058456	8.4587
859.58	-0.045581	-0.077229	-0.13565	-0.11712	-0.13682	-0.2308	-0.41787	-0.592	-0.75871	-0.92002	-1.2947	-1.5021	-1.6055	-1.4764	-0.22011	0.68146	0.84833	0.78232	0.63997	0.31913	0.12764	0.016263	-0.06312	-0.10736	-0.090315	-0.11171	-0.10023	-0.081665	-0.054431	-0.030427	8.4224
875.17	-0.064287	-0.083302	-0.1166	-0.10729	-0.15852	-0.25952	-0.40713	-0.61909	-0.77647	-1.0141	-1.291	-1.5842	-1.5072	-1.4501	-0.28214	0.69668	0.82708	0.77963	0.6336	0.31983	0.14445	0.015071	-0.049095	-0.080063	-0.1026	-0.10972	-0.095911	-0.068201	-0.045547	-0.050259	8.4496
890.53	-0.057947	-0.047708	-0.093942	-0.11558	-0.17855	-0.28823	-0.43736	-0.61959	-0.78717	-1.1322	-1.326	-1.655	-1.6867	-1.5439	-0.53659	0.55919	0.80249	0.75973	0.6342	0.31252	0.14622	0.014811	-0.064307	-0.083843	-0.093602	-0.096882	-0.095087	-0.079614	-0.038712	-0.048558	8.4647
901.62	-0.050344	-0.031052	-0.074943	-0.10748	-0.20728	-0.30289	-0.44878	-0.63746	-0.79225	-1.1541	-1.4132	-1.5994	-1.7168	-1.592	-0.59404	0.54344	0.78752	0.76768	0.63291	0.33434	0.16885	0.035676	-0.051828	-0.074315	-0.08293	-0.081559	-0.075866	-0.072416	-0.040797	-0.034775	8.4511
909.51	-0.026857	-0.030786	-0.074293	-0.12889	-0.20734	-0.32102	-0.47581	-0.64204	-0.80002	-1.0998	-1.2796	-1.6816	-1.878	-1.6364	-0.50727	0.44223	0.76469	0.77366	0.65645	0.3446	0.16154	0.043192	-0.024068	-0.050927	-0.067268	-0.072612	-0.062193	-0.059461	-0.029445	-0.02222	8.439
914.63	-0.033499	-0.026654	-0.072203	-0.12077	-0.21912	-0.33089	-0.47473	-0.66861	-0.81334	-1.1376	-1.3839	-1.594	-1.7924	-1.6355	-0.54951	0.57063	0.75622	0.76395	0.65759	0.36013	0.18139	0.059376	-0.017348	-0.044779	-0.044997	-0.060734	-0.053756	-0.045338	-0.015816	-0.017221	8.4587
917.93	-0.023227	-0.021033	-0.054415	-0.13591	-0.25791	-0.34133	-0.48245	-0.66954	-0.81042	-1.0985	-1.2864	-1.6402	-1.8691	-1.5884	-0.64637	0.47295	0.74516	0.77193	0.66881	0.36405	0.1857	0.079834	-0.012365	-0.041279	-0.03003	-0.046635	-0.030996	-0.025327	-0.019114	-0.0017807	8.4178
924	-0.015512	-0.013841	-0.073958	-0.15294	-0.28365	-0.36395	-0.50347	-0.6983	-0.85794	-1.2743	-1.4342	-1.767	-1.9806	-1.8807	-0.74924	0.23665	0.71539	0.76508	0.65489	0.36943	0.18941	0.069043	-0.014728	-0.036033	-0.043766	-0.043085	-0.048408	-0.030471	-0.026483	-0.022675	8.439
929.64	-0.002054	-0.019211	-0.066915	-0.1763	-0.28102	-0.37146	-0.53067	-0.71137	-0.85352	-1.2579	-1.5899	-1.7477	-1.9522	-1.9344	-0.83341	0.32106	0.70857	0.77898	0.67222	0.37749	0.2144	0.094991	0.0064129	-0.024279	-0.028883	-0.025894	-0.044931	-0.014456	-0.0031446	-0.0025571	8.631
932.52	0.01294	-0.016045	-0.093	-0.19352	-0.29556	-0.38792	-0.54606	-0.72725	-0.88183	-1.3145	-1.6032	-1.6572	-2.1506	-1.9933	-0.95467	0.14891	0.69324	0.7757	0.68431	0.41826	0.22921	0.11081	0.03061	-0.0028427	0.0049568	-0.0089363	-0.0098849	0.0088816	0.011719	0.01259	8.8274
932.3	0.02377	0.011919	-0.072476	-0.17096	-0.30197	-0.41266	-0.53999	-0.74139	-0.87727	-1.2889	-1.64	-1.7087	-2.0857	-1.9937	-0.83103	0.27735	0.69176	0.80141	0.71121	0.44574	0.27406	0.16427	0.064527	0.038245	0.018767	0.018394	0.0091575	0.042705	0.034008	0.034907	8.9468
927.94	0.025556	0.022122	-0.080248	-0.19285	-0.29702	-0.41283	-0.52776	-0.73084	-0.89814	-1.2515	-1.6294	-1.8451	-2.2352	-2.1335	-0.98604	0.25287	0.68676	0.83437	0.75013	0.47192	0.304	0.17526	0.085922	0.046681	0.038895	0.033018	0.02674	0.039886	0.035825	0.033471	9.0813
922.72	0.029906	0.012043	-0.10478	-0.20781	-0.30511	-0.42495	-0.56123	-0.76653	-0.94812	-1.4419	-1.6018	-1.9847	-2.4297	-2.3258	-1.0452	0.063999	0.65494	0.82396	0.76152	0.48151	0.32053	0.19425	0.10191	0.071852	0.053068	0.027519	0.050945	0.040111	0.04687	0.036075	9.2928
915.8	0.025895	0.019251	-0.10557	-0.22335	-0.34432	-0.44251	-0.60091	-0.80411	-0.98195	-1.4792	-1.7901	-2.1645	-2.5147	-2.5167	-1.2603	-0.12722	0.62392	0.84095	0.79051	0.53046	0.34451	0.20781	0.13473	0.088289	0.0769	0.061279	0.046484	0.052659	0.050585	0.058252	9.5193
