% Time() Angle(deg) Cn Ct Cm
0	8.0021	0.82438	0.081641	-0.010465
0.05	8.3801	0.86469	0.083114	-0.012846
0.1	8.7458	0.90408	0.095252	-0.011823
0.15	9.1342	0.92912	0.10066	-0.015757
0.2	9.5269	0.95156	0.10789	-0.012444
0.25	9.8878	0.99005	0.11865	-0.011025
0.29	10.32	1.0367	0.13167	-0.0129
0.34	10.694	1.0525	0.13596	-0.016642
0.39	11.124	1.0804	0.14875	-0.012891
0.44	11.561	1.1	0.15449	-0.013225
0.49	12.022	1.1345	0.16687	-0.014423
0.54	12.432	1.1707	0.1792	-0.013076
0.59	12.89	1.2131	0.19936	-0.011255
0.64	13.334	1.2321	0.20901	-0.0085186
0.69	13.766	1.3008	0.22814	-0.010914
0.74	14.195	1.3559	0.24734	-0.010199
0.79	14.643	1.3826	0.26216	-0.008121
0.83	15.035	1.4311	0.28234	-0.0077785
0.88	15.471	1.4831	0.30264	-0.0066702
0.93	15.842	1.5173	0.32075	-0.0044268
0.98	16.26	1.5626	0.33971	-0.0063197
1.03	16.623	1.5807	0.35415	-0.0051216
1.08	17.033	1.5988	0.36885	-0.0036149
1.13	17.352	1.5988	0.38321	-0.0032225
1.18	17.709	1.631	0.39862	-0.002269
1.23	18.072	1.6217	0.40006	-0.0067975
1.28	18.416	1.6332	0.4131	-0.0058103
1.33	18.703	1.6421	0.42633	-0.0089082
1.37	19.017	1.6577	0.43347	-0.0079994
1.42	19.33	1.6761	0.44564	-0.011305
1.47	19.586	1.6997	0.459	-0.011579
1.52	19.819	1.7402	0.4641	-0.017868
1.57	20.051	1.7727	0.4731	-0.027659
1.62	20.276	1.8179	0.47571	-0.040742
1.67	20.449	1.8408	0.47326	-0.047059
1.72	20.593	1.8849	0.46488	-0.053533
1.77	20.745	1.9653	0.43839	-0.060165
1.82	20.848	2.0682	0.38858	-0.076988
1.87	20.95	2.1378	0.33473	-0.085315
1.91	21.005	2.1385	0.2583	-0.11386
1.96	21.056	2.2067	0.19525	-0.15524
2.01	21.063	2.1752	0.135	-0.20559
2.06	21.102	2.1877	0.096617	-0.25038
2.11	21.065	2.2084	0.052256	-0.304
2.16	21.047	2.2103	0.033885	-0.3445
2.21	21.128	2.1452	-0.0052863	-0.3831
2.26	21.081	1.993	-0.037744	-0.38271
2.31	21.083	1.8023	-0.067718	-0.35543
2.36	21.057	1.665	-0.08543	-0.34313
2.41	21.008	1.5553	-0.10397	-0.33742
2.45	20.875	1.4588	-0.11071	-0.32369
2.5	20.77	1.3021	-0.097257	-0.26155
2.55	20.601	1.2073	-0.075347	-0.21017
2.6	20.412	1.1269	-0.057831	-0.1681
2.65	20.273	1.1093	-0.036098	-0.14031
2.7	20.023	1.1086	-0.026896	-0.12834
2.75	19.812	1.1492	-0.020095	-0.13222
2.8	19.568	1.1407	-0.025044	-0.13936
2.85	19.299	1.1412	-0.028513	-0.15156
2.9	18.975	1.1219	-0.036722	-0.16606
2.95	18.652	1.0578	-0.043891	-0.17038
2.99	18.28	0.97973	-0.050725	-0.1608
3.04	17.91	0.90342	-0.052183	-0.14671
3.09	17.573	0.83236	-0.05424	-0.13197
3.14	17.16	0.75094	-0.055369	-0.11542
3.19	16.812	0.70689	-0.054637	-0.099958
3.24	16.41	0.67299	-0.051781	-0.090358
3.29	16.05	0.62845	-0.051679	-0.081209
3.34	15.694	0.59476	-0.050251	-0.073559
3.39	15.33	0.5662	-0.04952	-0.066357
3.44	14.92	0.54767	-0.048022	-0.060522
3.49	14.538	0.49985	-0.051582	-0.049637
3.53	14.187	0.46162	-0.045238	-0.035646
3.58	13.777	0.44345	-0.040082	-0.02924
3.63	13.369	0.39882	-0.036376	-0.017871
3.68	12.961	0.36498	-0.032589	-0.015223
3.73	12.513	0.32418	-0.029287	-0.010227
3.78	12.111	0.31851	-0.019487	-0.0030661
3.83	11.716	0.29661	-0.010807	0.0075089
3.88	11.243	0.27363	-0.004576	0.012173
3.93	10.866	0.25039	0.0032362	0.023449
3.98	10.461	0.24822	0.006811	0.029645
4.03	10.07	0.2544	0.012596	0.035617
4.07	9.6779	0.24399	0.016496	0.043324
4.12	9.3245	0.24549	0.022132	0.050284
4.17	8.9392	0.27185	0.027364	0.05604
4.22	8.5886	0.316	0.034026	0.051901
4.27	8.2516	0.34661	0.030148	0.041557
4.32	7.9053	0.36574	0.034159	0.04345
4.37	7.5711	0.38046	0.028892	0.034675
4.42	7.2322	0.39089	0.034616	0.036513
4.47	6.928	0.41351	0.035213	0.036188
4.52	6.6283	0.41215	0.032626	0.03138
4.57	6.315	0.4218	0.029255	0.022142
4.61	6.053	0.40723	0.027578	0.022128
4.66	5.8364	0.4166	0.026252	0.016631
4.71	5.5728	0.41077	0.029477	0.015217
4.76	5.3607	0.39613	0.026493	0.010966
4.81	5.1683	0.37737	0.022839	0.0085554
4.86	5.0031	0.3684	0.018658	0.0058847
4.91	4.8576	0.35848	0.021169	0.0078765
4.96	4.75	0.35387	0.016694	0.0022628
5.01	4.6226	0.36452	0.020693	0.0013572
5.06	4.5256	0.3685	0.019353	0.0031019
5.11	4.4619	0.36312	0.018683	0.00038478
5.15	4.468	0.38626	0.019245	0.001042
5.2	4.424	0.38145	0.017953	-0.0022073
5.25	4.3876	0.38667	0.019791	0.001269
5.3	4.3967	0.40709	0.020576	0.00077826
5.35	4.421	0.41147	0.020074	0.00019888
5.4	4.421	0.414	0.019738	0.00046435
5.45	4.427	0.41678	0.018598	-0.0034152
5.5	4.427	0.43173	0.023423	-0.0017551
5.55	4.4225	0.44367	0.024743	-0.0043161
5.6	4.4422	0.45781	0.02309	-0.0040005
5.65	4.5332	0.4558	0.018133	-0.011727
5.69	4.7439	0.47356	0.023289	-0.0069477
5.74	4.8985	0.49272	0.02642	-0.0093771
5.79	5.1152	0.50267	0.028074	-0.0095258
5.84	5.3213	0.53562	0.032564	-0.0087781
5.89	5.535	0.53825	0.033407	-0.0083244
5.94	5.8319	0.57272	0.036887	-0.012013
5.99	6.103	0.60354	0.0395	-0.01221
6.04	6.3922	0.627	0.041513	-0.015729
6.09	6.7131	0.67581	0.050847	-0.013082
6.14	7.0279	0.71172	0.055422	-0.014727
6.19	7.4092	0.74603	0.061542	-0.012149
6.23	7.745	0.78969	0.068041	-0.015366
