12712	4	3	91	24.2	760	1	20	10	2.33	128	4096	10	0	0	0	0	298.24	953.5	1.4524e+006	0.11595	0.10045	40.08	0	0	1	0	0	0	11	0	0
842.92	-0.0061522	-0.049817	-0.12344	-0.32243	-0.49154	-1.3975	-0.8841	-1.2251	-1.6173	-2.47	-3.4207	-4.3548	-6.0099	-7.2805	-5.43	-3.1175	-1.04	0.53031	0.81415	0.86692	0.7314	0.55089	0.41687	0.32885	0.26498	0.21823	0.19483	0.13043	0.085525	0.064595	14.118
826.23	-0.0081567	-0.051701	-0.15839	-0.32165	-0.50351	-1.4396	-0.92814	-1.286	-1.7127	-2.4907	-3.6233	-4.5292	-6.4267	-7.9674	-5.919	-3.4895	-1.2641	0.4834	0.7933	0.90568	0.78385	0.58594	0.44989	0.35404	0.27812	0.23533	0.18981	0.14663	0.083525	0.064102	14.568
807.39	-0.019888	-0.067259	-0.16019	-0.33009	-0.51316	-1.461	-1.0079	-1.3616	-1.749	-2.6885	-3.9077	-4.6743	-6.8789	-8.4998	-6.3023	-3.8477	-1.4634	0.43368	0.76911	0.91792	0.78898	0.62605	0.4781	0.3623	0.29259	0.24454	0.21898	0.16741	0.084523	0.065598	15.016
790.14	-0.017372	-0.088894	-0.17823	-0.37254	-0.55003	-1.5127	-1.0499	-1.3942	-1.8658	-3.002	-4.0468	-4.9673	-7.7627	-9.0872	-7.0766	-4.3357	-1.7504	0.33511	0.76084	0.95815	0.80812	0.64573	0.48663	0.39639	0.31074	0.25083	0.23218	0.14535	0.090264	0.051042	15.465
778.03	-0.063552	-0.083762	-0.19085	-0.39286	-0.54991	-1.5288	-1.0413	-1.4681	-1.9728	-2.8313	-4.3171	-5.3612	-8.0503	-9.8603	-7.4624	-4.834	-2.012	0.27176	0.71801	0.97718	0.86561	0.68119	0.51743	0.41733	0.32753	0.26725	0.23485	0.15932	0.084746	0.046109	15.901
770.73	-0.06516	-0.12684	-0.19663	-0.39853	-0.56279	-1.5838	-1.097	-1.5078	-2.0491	-3.1612	-4.6445	-5.7727	-8.7895	-10.277	-8.2179	-5.2525	-2.3074	0.1838	0.68483	0.97193	0.86788	0.71021	0.54382	0.43619	0.34084	0.28145	0.24379	0.16356	0.076559	0.044616	16.353
768.69	-0.077455	-0.12529	-0.22506	-0.37804	-0.57747	-1.5655	-1.1111	-1.5437	-2.042	-3.1172	-4.6457	-5.7983	-9.0906	-10.934	-8.6153	-5.7128	-2.6175	0.065759	0.6189	0.97866	0.9176	0.73575	0.56974	0.4513	0.37059	0.31827	0.2608	0.15852	0.077765	0.023469	16.874
772.13	-0.1113	-0.1435	-0.21215	-0.37636	-0.59132	-1.5894	-1.1473	-1.5557	-2.1661	-3.2389	-4.977	-6.0297	-9.8108	-11.581	-9.3354	-6.2972	-2.9065	-0.056789	0.56199	0.97948	0.89779	0.74681	0.5828	0.45624	0.35875	0.30715	0.26155	0.15691	0.059482	0.022403	17.348
780.49	-0.094189	-0.16608	-0.24227	-0.3839	-0.59364	-1.5692	-1.0897	-1.5665	-2.2187	-3.2249	-4.891	-6.2094	-9.862	-11.844	-9.5946	-6.8125	-3.1894	-0.18764	0.47233	0.94239	0.92222	0.74387	0.59585	0.48766	0.3769	0.3317	0.24833	0.16959	0.047012	0.0069305	17.847
789.07	-0.13745	-0.17254	-0.23187	-0.37877	-0.58184	-1.5896	-1.1473	-1.5485	-2.2209	-3.2205	-5.0961	-6.3533	-10.18	-12.309	-10.191	-7.3554	-3.4917	-0.32916	0.39654	0.93518	0.89198	0.75683	0.59795	0.49596	0.4009	0.32525	0.26531	0.16064	0.072832	0.022863	18.382
801.39	-0.14793	-0.16356	-0.24742	-0.41615	-0.55918	-1.5519	-1.1216	-1.5515	-2.1627	-3.2312	-4.9859	-6.4637	-10.395	-12.724	-10.497	-7.6107	-3.7448	-0.44393	0.31814	0.90985	0.89911	0.76296	0.61224	0.4998	0.39831	0.3268	0.27324	0.16954	0.040025	0.0076782	18.888
815.96	-0.18335	-0.2068	-0.29746	-0.44009	-0.61651	-1.5332	-1.1511	-1.6064	-2.1903	-3.4302	-5.3548	-6.5138	-10.536	-13.229	-11.068	-8.0519	-4.0122	-0.58489	0.22886	0.90339	0.88586	0.76581	0.60408	0.49182	0.38419	0.31361	0.27289	0.17167	0.038367	-0.012493	19.42
825.06	-0.20956	-0.22471	-0.3044	-0.41699	-0.57592	-1.5302	-1.1576	-1.6425	-2.2191	-3.3631	-5.1517	-6.7501	-10.134	-13.55	-11.386	-8.4855	-4.3144	-0.71872	0.15076	0.87118	0.89726	0.76599	0.61201	0.49011	0.40682	0.33105	0.26181	0.17062	0.031415	0.00025244	19.937
834.68	-0.23878	-0.26897	-0.29813	-0.44284	-0.61382	-1.5342	-1.1261	-1.6016	-2.2599	-3.3243	-5.2144	-6.7865	-10.528	-13.928	-11.877	-8.8848	-4.6069	-0.86384	0.047088	0.82576	0.85871	0.77705	0.61127	0.49914	0.39356	0.31915	0.27297	0.16278	0.024599	-0.018444	20.483
841.85	-0.24966	-0.27529	-0.31653	-0.44176	-0.62766	-1.4812	-1.1679	-1.5934	-2.2504	-3.2482	-5.3011	-6.9363	-10.756	-14.304	-12.197	-9.2831	-4.9044	-0.98227	-0.040446	0.83295	0.89018	0.77983	0.63378	0.51219	0.40975	0.34047	0.27592	0.16639	0.025303	-0.027995	21.018
843.02	-0.29997	-0.29724	-0.35425	-0.46793	-0.59972	-1.5239	-1.1723	-1.6993	-2.206	-3.1099	-5.2635	-6.8983	-10.551	-14.822	-12.718	-9.8192	-5.1702	-1.1055	-0.096946	0.81569	0.88714	0.78812	0.63826	0.53056	0.42445	0.35244	0.29309	0.17197	0.0134	-0.01738	21.567
843.34	-0.29525	-0.34264	-0.36865	-0.49006	-0.63957	-1.5574	-1.2907	-1.7732	-2.3069	-3.1278	-5.1306	-7.0276	-10.538	-14.968	-12.958	-10.27	-5.4299	-1.2336	-0.15779	0.81538	0.8895	0.82345	0.67193	0.55579	0.44634	0.36741	0.27368	0.18686	0.027996	-0.043803	22.074
840.99	-0.321	-0.36169	-0.44165	-0.49233	-0.63835	-1.591	-1.3209	-1.9849	-2.4726	-2.8971	-5.0036	-6.7922	-10.477	-15.307	-13.259	-10.668	-5.6619	-1.3229	-0.22278	0.81482	0.91095	0.83703	0.68276	0.56828	0.45269	0.38805	0.30347	0.18322	0.0079439	-0.041275	22.579
835.11	-0.37533	-0.39719	-0.44109	-0.55529	-0.59731	-1.4882	-1.4304	-2.4328	-2.7823	-2.8307	-4.4084	-6.3169	-10.039	-15.216	-13.273	-10.83	-5.7733	-1.3627	-0.23313	0.82151	0.94556	0.85429	0.73444	0.58512	0.48586	0.39886	0.30915	0.21304	0.019979	-0.034448	23.096
825.91	-0.39925	-0.47878	-0.52021	-0.46669	-0.57123	-1.5595	-1.5721	-3.0406	-3.2737	-3.2523	-4.4678	-6.7335	-9.2643	-13.454	-12.053	-10.119	-5.3989	-1.2576	-0.1327	0.86931	1.003	0.91551	0.749	0.6204	0.49907	0.41963	0.32604	0.19929	-0.0068195	-0.067219	23.558
813.82	-0.49869	-0.57846	-0.49688	-0.4431	-0.59218	-1.5635	-2.2265	-3.1856	-3.5915	-3.944	-4.2107	-4.9107	-6.6559	-8.6463	-8.8977	-7.9162	-4.389	-0.8517	0.090657	0.98618	1.0655	0.96312	0.78603	0.67574	0.53637	0.43784	0.34633	0.19967	-0.020159	-0.10565	24.062
798.18	-0.49776	-0.54623	-0.48934	-0.44895	-0.55296	-1.6959	-2.4264	-3.7068	-3.7008	-4.1525	-4.1975	-4.3401	-3.7476	-4.2313	-5.7551	-5.7017	-3.2512	-0.48583	0.29737	1.0375	1.0911	0.98694	0.81935	0.68322	0.54329	0.44548	0.35961	0.20973	-0.035015	-0.10213	24.54
776.85	-0.49843	-0.54352	-0.41895	-0.3857	-0.79004	-2.1271	-3.2738	-3.7375	-3.6672	-3.3748	-3.1979	-3.0584	-3.7818	-2.8682	-4.7771	-4.5331	-2.6768	-0.25932	0.42072	1.0793	1.1103	1.0161	0.84476	0.70297	0.55821	0.45675	0.35901	0.20376	-0.044892	-0.13076	25.001
755.81	-0.45991	-0.5069	-0.40222	-0.4781	-1.0412	-2.6565	-3.7953	-3.3297	-2.8599	-2.8719	-2.6465	-2.6496	-3.2412	-2.4379	-3.8516	-3.7829	-2.3398	-0.10363	0.5091	1.0988	1.1382	1.0245	0.86328	0.71645	0.56806	0.46252	0.35432	0.17327	-0.051234	-0.16389	25.451
735.51	-0.42299	-0.46575	-0.48937	-0.74203	-1.7489	-3.4631	-3.7236	-3.0529	-2.5415	-2.3489	-2.0615	-1.9559	-2.2314	-2.0529	-3.3411	-3.2689	-1.9856	0.043057	0.58997	1.1606	1.1789	1.0538	0.88507	0.73415	0.5818	0.47426	0.34599	0.17996	-0.064156	-0.1472	25.83
714.22	-0.44973	-0.51411	-0.68094	-1.2173	-2.5831	-3.8881	-3.6538	-2.7019	-2.1802	-2.1708	-1.8613	-1.7139	-1.0164	-1.8601	-3.0828	-2.83	-1.7187	0.17536	0.67123	1.2153	1.2215	1.083	0.90196	0.75281	0.60415	0.47686	0.36563	0.18925	-0.068222	-0.14327	26.216
697.11	-0.51201	-0.60985	-0.99988	-2.0959	-3.3604	-4.1837	-3.4083	-2.4111	-2.0395	-1.889	-1.5172	-1.699	-1.4243	-1.7647	-2.8153	-2.7736	-1.5818	0.26209	0.75506	1.2474	1.2678	1.1085	0.9349	0.77239	0.6077	0.50469	0.37991	0.20194	-0.048924	-0.14679	26.562
683.64	-0.62545	-0.80726	-1.414	-2.6426	-3.5934	-4.1749	-3.0576	-2.1414	-1.9043	-2.0322	-1.5844	-1.6976	-2.1553	-1.6115	-2.8105	-2.5013	-1.5502	0.30327	0.77529	1.2452	1.2484	1.1234	0.92249	0.76182	0.5799	0.47188	0.36142	0.16184	-0.10392	-0.22141	26.849
672.33	-0.82999	-1.0718	-1.9472	-3.1909	-3.7067	-4.0474	-2.7218	-1.945	-1.8605	-1.731	-1.75	-1.5844	-1.3293	-1.6611	-2.7596	-2.5553	-1.4566	0.35476	0.8418	1.316	1.2852	1.1282	0.94921	0.75414	0.5769	0.43412	0.31138	0.092654	-0.20525	-0.3257	27.14
664.56	-1.1295	-1.4255	-2.4287	-3.5283	-3.7576	-3.7821	-2.2902	-1.8778	-1.851	-1.6542	-1.3104	-1.4116	-1.6088	-1.3506	-2.4568	-2.1529	-1.2004	0.47872	0.91785	1.3001	1.2808	1.1009	0.89574	0.7007	0.49646	0.37604	0.2126	-0.019084	-0.38249	-0.54081	27.413
662.84	-1.4112	-1.6816	-2.6466	-3.5216	-3.5201	-3.475	-1.9861	-1.6099	-1.5478	-1.3304	-0.9039	-1.1996	-0.91111	-1.0233	-1.8784	-1.7371	-0.90765	0.57656	0.99107	1.3071	1.2566	1.0596	0.82766	0.6378	0.41682	0.2696	0.098197	-0.18193	-0.62149	-0.76977	27.609
666.29	-1.7954	-1.8066	-2.7134	-3.3339	-3.0923	-3.0985	-1.7257	-1.3912	-1.1745	-1.1422	-0.77177	-1.1457	-1.1124	-0.75705	-1.6829	-1.5245	-0.6155	0.69676	1.0454	1.2716	1.1658	0.98412	0.73299	0.49996	0.26438	0.092731	-0.089959	-0.44391	-1.0075	-1.2453	27.82
674.05	-3.6052	-2.8517	-2.3036	-2.8187	-2.5201	-2.5818	-1.2468	-1.1444	-0.97656	-0.73469	-0.46054	-0.7554	-0.54517	-0.65861	-1.1497	-1.1399	-0.31858	0.78981	1.0801	1.2238	1.1062	0.88246	0.66313	0.39646	0.15098	-0.030643	-0.24697	-0.70492	-1.5884	-2.0433	28.047
690.86	-5.9136	-5.6107	-2.1544	-2.1596	-1.9451	-2.2017	-1.1841	-1.0334	-0.74505	-0.56524	-0.54766	-0.61055	-0.34422	-0.52221	-0.89488	-0.84647	-0.11011	0.86684	1.0878	1.1929	1.0386	0.83008	0.59579	0.34689	0.10589	-0.081967	-0.31592	-0.78108	-1.826	-2.4302	28.273
711.53	-6.2078	-6.143	-2.796	-1.5319	-1.5157	-1.9474	-1.023	-0.9991	-0.66622	-0.58278	-0.31694	-0.38069	-0.88092	-0.56018	-0.93844	-0.73216	-0.015395	0.88895	1.0799	1.1459	1.0031	0.79597	0.56685	0.33466	0.12694	-0.050096	-0.26515	-0.69733	-1.6929	-2.2396	28.491
735.94	-4.8561	-4.9659	-2.6013	-1.43	-1.4333	-1.9364	-0.97929	-0.97637	-0.74968	-0.80423	-0.64105	-0.68109	-0.74806	-0.71623	-1.2771	-0.94643	-0.10025	0.79589	0.98432	1.0602	0.92542	0.73411	0.52657	0.31732	0.11107	-0.048434	-0.26139	-0.63802	-1.5071	-1.9351	28.716
761.72	-3.7835	-4.0182	-2.2316	-1.6711	-1.5312	-1.9818	-1.0986	-1.066	-0.92924	-0.90393	-0.95379	-0.96044	-1.2334	-0.8905	-1.4938	-1.1554	-0.26281	0.69999	0.89901	0.98134	0.85822	0.67709	0.48207	0.29451	0.10449	-0.04581	-0.24186	-0.57136	-1.2813	-1.6258	28.936
787.68	-2.5045	-2.6058	-2.2038	-1.7632	-1.4711	-2.0572	-1.2492	-1.2352	-1.1682	-1.1298	-0.98705	-1.1103	-1.5994	-1.1299	-1.7901	-1.5833	-0.4759	0.58314	0.81164	0.94292	0.84921	0.63972	0.45949	0.28189	0.12375	-0.011951	-0.1888	-0.43955	-0.94211	-1.1656	29.146
816.92	-1.6754	-1.7031	-1.7188	-1.3389	-1.2974	-2.0177	-1.3978	-1.3747	-1.3319	-1.3457	-1.222	-1.3137	-1.6823	-1.2005	-1.9279	-1.6048	-0.63142	0.51705	0.76463	0.91795	0.84112	0.69231	0.50662	0.3487	0.18411	0.068294	-0.048015	-0.29086	-0.69737	-0.88652	29.359
847.41	-1.1313	-1.1564	-0.99702	-1.2285	-1.2866	-2.0323	-1.505	-1.488	-1.4577	-1.4874	-1.4385	-1.5851	-1.8737	-1.3982	-2.2284	-1.8767	-0.81122	0.43742	0.73366	0.94049	0.86104	0.73086	0.55945	0.40848	0.27286	0.15958	0.052363	-0.14479	-0.49339	-0.60211	29.544
878.38	-0.73872	-0.83689	-0.89034	-1.1689	-1.3269	-2.0214	-1.5406	-1.6056	-1.5798	-1.6	-1.4555	-1.683	-1.9553	-1.4952	-2.2437	-1.8832	-0.92739	0.39116	0.70612	0.95094	0.90762	0.7618	0.59885	0.47431	0.34467	0.24269	0.14064	-0.039169	-0.28063	-0.37364	29.76
905.47	-0.73033	-0.83905	-0.81632	-1.183	-1.5755	-2.164	-1.6546	-1.643	-1.6608	-1.6678	-1.6464	-1.7379	-1.6778	-1.5089	-2.2039	-2.2851	-1.0579	0.31418	0.6615	0.93394	0.90479	0.77481	0.62666	0.49227	0.36358	0.26688	0.17401	0.01927	-0.23058	-0.34276	29.821
926.35	-0.64514	-0.73883	-1.0493	-1.3814	-1.6258	-2.2348	-1.7154	-1.6813	-1.6745	-1.6911	-1.6184	-1.7159	-2.0269	-1.5892	-2.0385	-2.1992	-1.0481	0.29913	0.64659	0.94821	0.9098	0.77954	0.64341	0.50268	0.3801	0.27786	0.19086	0.030939	-0.2204	-0.31579	29.839
934.34	-0.66788	-0.82786	-1.1543	-1.5944	-1.8081	-2.2921	-1.8049	-1.6792	-1.646	-1.7714	-1.6591	-1.6842	-1.7647	-1.6241	-1.8798	-2.0864	-1.0153	0.2913	0.65755	0.93328	0.89309	0.78218	0.62663	0.50494	0.37685	0.27228	0.19635	0.039673	-0.1831	-0.27492	29.806
926.89	-0.71765	-0.78216	-1.3372	-1.7891	-1.84	-2.3221	-1.7588	-1.6324	-1.5474	-1.5337	-1.2969	-1.5435	-1.3263	-1.1886	-1.5657	-1.8793	-0.94416	0.32375	0.67708	0.95972	0.91993	0.80553	0.62517	0.49412	0.3683	0.26476	0.17798	0.0089968	-0.23107	-0.33244	29.814
909.2	-0.82042	-1.0132	-1.5595	-1.963	-1.9334	-2.2986	-1.6756	-1.5588	-1.4474	-1.3066	-1.182	-1.4162	-1.4612	-1.3531	-1.4964	-1.8896	-0.83023	0.38963	0.70961	0.97224	0.93699	0.80554	0.63485	0.49952	0.35973	0.26002	0.14808	-0.0085545	-0.27704	-0.39529	29.774
884.78	-0.96944	-1.06	-1.7662	-2.0512	-1.9161	-2.1988	-1.5001	-1.3628	-1.3251	-1.3335	-1.205	-1.3745	-1.5015	-1.2622	-1.4165	-1.6441	-0.74231	0.44121	0.7665	1.0054	0.94912	0.81616	0.65492	0.50725	0.35107	0.23247	0.12541	-0.087987	-0.39427	-0.53636	29.802
853.18	-1.4704	-1.4278	-1.8146	-2.1572	-1.9048	-2.1725	-1.3748	-1.2562	-1.2008	-1.2035	-1.17	-1.1554	-0.96709	-1.247	-1.3336	-1.6301	-0.62704	0.52682	0.80779	1.0295	0.96915	0.81488	0.63419	0.47665	0.3012	0.18661	0.045074	-0.17255	-0.61182	-0.80704	29.682
817.14	-2.1615	-2.0714	-1.9818	-2.1446	-1.9785	-2.2382	-1.3321	-1.1006	-1.0745	-1.0496	-0.86832	-1.0703	-0.97242	-1.0244	-1.0594	-1.3407	-0.45312	0.62741	0.89459	1.0505	0.98773	0.79857	0.61795	0.41611	0.24884	0.1123	-0.04438	-0.32509	-0.84693	-1.1227	29.532
779.42	-3.0381	-2.7273	-2.0011	-2.1267	-1.9897	-2.3128	-1.2513	-1.1126	-0.98976	-0.89372	-0.75779	-1.0202	-0.87269	-1.0158	-0.96252	-1.2315	-0.31876	0.67567	0.92188	1.0676	0.95271	0.77026	0.57252	0.37039	0.16452	0.018692	-0.16612	-0.47747	-1.1841	-1.5421	29.343
739.06	-3.9762	-3.6769	-1.9217	-1.9026	-1.9886	-2.398	-1.2699	-1.1018	-0.95673	-0.94253	-0.78772	-0.94692	-0.86874	-0.75414	-0.89231	-1.0396	-0.20659	0.77588	0.99605	1.0827	0.97803	0.75027	0.55388	0.34086	0.11931	-0.019834	-0.22425	-0.56043	-1.2821	-1.6887	29.18
697.11	-3.8079	-3.7236	-2.034	-1.7191	-1.8453	-2.3633	-1.2118	-1.1242	-0.95805	-0.89525	-0.70113	-0.9583	-0.76786	-0.85374	-1.0525	-0.90758	-0.14869	0.83788	1.0581	1.1169	0.99223	0.75459	0.51379	0.31851	0.09263	-0.073709	-0.2664	-0.63738	-1.3637	-1.7178	28.982
660.79	-3.5154	-3.4306	-1.7597	-1.6507	-1.6986	-2.4075	-1.2151	-1.2184	-1.0745	-0.8957	-1.1123	-0.96289	-1.0525	-0.9121	-0.92313	-1.1265	-0.13947	0.86405	1.0807	1.1336	0.987	0.747	0.51924	0.28152	0.063083	-0.11859	-0.29447	-0.63954	-1.335	-1.6717	28.765
639.96	-2.8157	-2.7331	-1.9738	-1.6362	-1.5281	-2.3781	-1.3144	-1.2246	-1.1916	-1.3025	-1.0158	-1.1804	-1.2535	-1.1072	-1.198	-1.0634	-0.17993	0.86909	1.0838	1.1568	0.97404	0.74537	0.4985	0.25956	0.064021	-0.10605	-0.28672	-0.61765	-1.2305	-1.5055	28.53
636.07	-2.192	-2.0108	-1.6992	-1.2048	-1.4524	-2.372	-1.3848	-1.3537	-1.321	-1.2344	-1.0621	-1.0128	-1.3572	-1.0664	-1.3609	-1.1201	-0.19307	0.8744	1.0927	1.1564	0.99312	0.76111	0.52167	0.28283	0.10489	-0.051324	-0.21519	-0.52338	-1.0275	-1.2227	28.318
650.97	-1.4465	-1.3318	-1.3508	-1.1772	-1.3011	-2.372	-1.5281	-1.4322	-1.3862	-1.3918	-1.2726	-1.3801	-1.5721	-1.3556	-1.4692	-1.4745	-0.25103	0.83043	1.0722	1.1397	0.97623	0.76434	0.52361	0.31284	0.12666	-0.019064	-0.16708	-0.41345	-0.79713	-0.93103	28.052
681.92	-0.9504	-0.9941	-1.1873	-1.1723	-1.3895	-2.369	-1.5233	-1.457	-1.3949	-1.3286	-1.2024	-1.1777	-1.5455	-1.283	-1.6927	-1.3257	-0.30367	0.78913	1.0483	1.1289	0.98648	0.76675	0.55724	0.36268	0.20168	0.052141	-0.075964	-0.27446	-0.58266	-0.70028	27.771
725.73	-0.75822	-0.75944	-0.98895	-1.2406	-1.4174	-2.3108	-1.4989	-1.4419	-1.4137	-1.2817	-1.2819	-1.2598	-1.5888	-1.4451	-1.727	-1.4326	-0.36029	0.72792	0.97594	1.063	0.94368	0.72047	0.54435	0.36084	0.18458	0.08617	-0.024485	-0.19706	-0.44039	-0.53004	27.493
775.56	-0.63041	-0.70318	-1.0252	-1.2958	-1.3568	-2.1772	-1.4603	-1.4066	-1.3381	-1.3448	-1.0025	-1.312	-1.2999	-1.245	-1.6904	-1.3817	-0.41518	0.66422	0.89337	0.99161	0.88403	0.71088	0.51617	0.36828	0.21145	0.10479	-0.0028796	-0.14465	-0.34363	-0.40785	27.152
823.45	-0.75122	-0.825	-1.0809	-1.2789	-1.3661	-2.0556	-1.4209	-1.3201	-1.2818	-1.3448	-1.2741	-1.4673	-1.6411	-1.2002	-1.7524	-1.4467	-0.40871	0.62758	0.86724	0.94556	0.84368	0.66954	0.47883	0.3329	0.19655	0.086865	0.0071702	-0.13879	-0.33859	-0.43195	26.781
863.22	-0.84074	-0.90361	-1.1465	-1.1956	-1.3238	-1.9228	-1.3162	-1.262	-1.1722	-1.1989	-1.1466	-1.1972	-1.2916	-1.1449	-1.5666	-1.3061	-0.32953	0.64716	0.84343	0.94175	0.82064	0.64968	0.47509	0.30958	0.18004	0.090677	-0.0077298	-0.13808	-0.34974	-0.45852	26.411
890.12	-0.98631	-0.97232	-1.1506	-1.2542	-1.2496	-1.9044	-1.2286	-1.1429	-1.0711	-1.0993	-1.1024	-1.1521	-0.9955	-0.9489	-1.4266	-1.168	-0.25416	0.65804	0.84102	0.90433	0.79755	0.61939	0.44382	0.29334	0.15209	0.066887	-0.018301	-0.18035	-0.41438	-0.53899	25.964
903.24	-0.97199	-0.97664	-1.1067	-1.2518	-1.2745	-1.8385	-1.1077	-1.0127	-0.9794	-0.93173	-0.87016	-0.98587	-1.0317	-0.91	-1.3876	-0.93017	-0.16395	0.6812	0.84424	0.88501	0.76159	0.58764	0.40903	0.26363	0.1293	0.031068	-0.064722	-0.2173	-0.46971	-0.56818	25.522
902.6	-1.0191	-0.90512	-1.043	-1.2527	-1.1275	-1.7471	-1.0326	-0.95227	-0.90551	-0.88778	-0.80493	-0.91615	-0.9057	-0.96091	-1.2241	-0.91315	-0.075796	0.71078	0.84565	0.86265	0.731	0.55126	0.38931	0.23496	0.092144	0.0028564	-0.10903	-0.26015	-0.52631	-0.64514	25.016
889.8	-1.0853	-1.0834	-1.1398	-1.1725	-1.0715	-1.6938	-0.95829	-0.89536	-0.87031	-0.83716	-0.71151	-0.90254	-0.89301	-0.92376	-1.2046	-0.63929	0.0066309	0.74868	0.85451	0.85802	0.71335	0.52808	0.36023	0.20304	0.062925	-0.016474	-0.14053	-0.31271	-0.57626	-0.68865	24.546
868.13	-1.0158	-1.0445	-1.0729	-1.1342	-1.0554	-1.6708	-0.91824	-0.87535	-0.85027	-0.87662	-0.72927	-0.87016	-1.0647	-0.79005	-1.2062	-0.55413	0.11269	0.78249	0.87584	0.84542	0.69266	0.50848	0.325	0.17457	0.03401	-0.079906	-0.16108	-0.35926	-0.63496	-0.73836	24.029
840.67	-1.1164	-1.0657	-0.99407	-1.0441	-1.0085	-1.6649	-0.88303	-0.85656	-0.82877	-0.87651	-0.80361	-0.81356	-0.83633	-0.72592	-1.0003	-0.49628	0.20386	0.82856	0.9123	0.855	0.69903	0.49405	0.32666	0.16934	0.02151	-0.071819	-0.1901	-0.36683	-0.64106	-0.76513	23.584
806.86	-1.1006	-1.0601	-0.97876	-0.97122	-0.98895	-1.6817	-0.86462	-0.89245	-0.86258	-0.84336	-0.78465	-0.84765	-0.89972	-0.83132	-0.94	-0.36872	0.27127	0.86938	0.96599	0.8661	0.69256	0.48339	0.29743	0.1451	0.0064541	-0.077615	-0.20999	-0.36136	-0.61738	-0.74655	23.069
769.55	-0.9905	-0.9176	-0.98241	-0.97135	-0.95784	-1.7505	-0.89809	-0.873	-0.88709	-0.82145	-0.86685	-0.85778	-0.93343	-0.92073	-1.0606	-0.3866	0.34117	0.93393	1.01	0.89668	0.69851	0.49963	0.32066	0.14318	0.01885	-0.087222	-0.18844	-0.3461	-0.5843	-0.69006	22.632
731.32	-0.78322	-0.89031	-0.9971	-0.99434	-0.94899	-1.7937	-0.92927	-0.91445	-0.91829	-0.78728	-0.91216	-0.98953	-0.78408	-0.83447	-0.91302	-0.37407	0.40405	1.0086	1.0517	0.93592	0.73191	0.51818	0.32404	0.15276	0.0041864	-0.077432	-0.18616	-0.31628	-0.53593	-0.61437	22.207
696.89	-0.84196	-0.83348	-1.0596	-1.0348	-0.93039	-1.8682	-0.95034	-0.93983	-0.97003	-0.80307	-0.70133	-0.92442	-0.82281	-0.7672	-1.1475	-0.094802	0.47788	1.0808	1.1268	0.96154	0.78986	0.53357	0.33356	0.1669	0.021841	-0.054372	-0.15395	-0.29973	-0.5094	-0.59888	21.755
671.14	-0.84187	-0.89999	-0.92213	-1.0016	-0.97994	-1.9093	-1.0061	-1.0021	-0.96646	-1.0499	-0.86743	-0.88887	-1.0703	-0.86423	-0.9826	-0.25302	0.5453	1.1247	1.2029	1.0282	0.79867	0.57878	0.35758	0.15961	0.036534	-0.070976	-0.14001	-0.28409	-0.48882	-0.56097	21.308
659.17	-0.85599	-0.8603	-0.92377	-0.965	-0.96697	-1.9377	-1.0014	-1.0064	-0.96493	-1.0445	-1.0378	-0.95321	-0.81203	-0.99462	-1.013	-0.30604	0.57264	1.1775	1.2169	1.0323	0.7982	0.55691	0.34123	0.16715	0.029602	-0.06317	-0.15266	-0.27543	-0.47902	-0.54411	20.863
662.73	-0.84787	-0.84912	-0.93268	-0.96663	-0.99748	-1.9546	-0.99061	-0.98597	-0.9564	-1.0511	-1.0066	-1.068	-1.1645	-0.93223	-1.132	-0.37665	0.57881	1.1464	1.1761	0.99546	0.7561	0.5217	0.30419	0.15123	0.0024624	-0.10354	-0.17305	-0.32259	-0.50547	-0.5793	20.385
679.76	-0.78093	-0.90029	-0.91832	-0.96566	-0.95259	-1.8839	-0.92866	-0.91843	-0.90087	-0.95364	-0.85642	-0.91266	-0.97818	-0.94226	-0.89736	-0.073724	0.62404	1.1189	1.139	0.94234	0.7014	0.46675	0.27885	0.11701	-0.021801	-0.11418	-0.1981	-0.34027	-0.51431	-0.56806	19.891
705.72	-0.71371	-0.76045	-0.87803	-0.91308	-0.85051	-1.7657	-0.88224	-0.85643	-0.83944	-0.89576	-0.7768	-0.86782	-0.84495	-0.8433	-0.84097	-0.048409	0.65319	1.0894	1.12	0.89185	0.65516	0.42718	0.2302	0.070366	-0.054444	-0.12591	-0.20654	-0.33371	-0.50521	-0.55244	19.426
737.12	-0.70437	-0.74083	-0.79905	-0.81496	-0.77645	-1.666	-0.79377	-0.77525	-0.75952	-0.5516	-0.55939	-0.79854	-0.68477	-0.77662	-0.81633	0.11608	0.695	1.0552	1.0693	0.83653	0.61386	0.39396	0.21018	0.068409	-0.056977	-0.13783	-0.19974	-0.32045	-0.47429	-0.54099	18.945
766.87	-0.69324	-0.7102	-0.76007	-0.7539	-0.732	-1.5586	-0.73383	-0.71022	-0.68278	-0.69827	-0.69271	-0.77791	-0.60847	-0.83523	-0.65561	0.29887	0.713	1.025	1.0288	0.76037	0.57519	0.35084	0.16767	0.034786	-0.082746	-0.15007	-0.19971	-0.32355	-0.44686	-0.49676	18.446
794.43	-0.65551	-0.68739	-0.70381	-0.67184	-0.65024	-1.4942	-0.62666	-0.64508	-0.60602	-0.58281	-0.47628	-0.64094	-0.66418	-0.65398	-0.45638	0.33872	0.75094	0.99354	0.97464	0.735	0.51318	0.3327	0.15996	0.034543	-0.077176	-0.13543	-0.18906	-0.30615	-0.3994	-0.46269	17.944
820.56	-0.59773	-0.60636	-0.65712	-0.62476	-0.60893	-1.4136	-0.55485	-0.57785	-0.57319	-0.55442	-0.68879	-0.59149	-0.7081	-0.82664	-0.48204	0.29879	0.75691	0.9689	0.93555	0.67464	0.46815	0.28259	0.1356	0.0082363	-0.090408	-0.15304	-0.20919	-0.2947	-0.40262	-0.43256	17.453
845.38	-0.53702	-0.57143	-0.61245	-0.56902	-0.53109	-1.3138	-0.50529	-0.51648	-0.52136	-0.48097	-0.53799	-0.67748	-0.52491	-0.82025	-0.29229	0.4977	0.76369	0.92492	0.89247	0.63217	0.43375	0.24904	0.1058	-0.014661	-0.085216	-0.1583	-0.20655	-0.28936	-0.38716	-0.42602	16.964
866.85	-0.51117	-0.55978	-0.53718	-0.49848	-0.47796	-1.2671	-0.46781	-0.48601	-0.50674	-0.54339	-0.51485	-0.57823	-0.5999	-0.79121	-0.56096	0.33806	0.75537	0.88213	0.83736	0.58061	0.38271	0.20912	0.077127	-0.040812	-0.10291	-0.1734	-0.20484	-0.28623	-0.37668	-0.41546	16.45
885.85	-0.47742	-0.49054	-0.49885	-0.44361	-0.43719	-1.2112	-0.42277	-0.43408	-0.45411	-0.40445	-0.47505	-0.39545	-0.45787	-0.78277	-0.18583	0.42088	0.77376	0.86969	0.80036	0.54834	0.35478	0.1725	0.079721	-0.034749	-0.10474	-0.1646	-0.21298	-0.27456	-0.34949	-0.3881	16.036
901.64	-0.45184	-0.45383	-0.44933	-0.43835	-0.42298	-1.1754	-0.39057	-0.43922	-0.4117	-0.31696	-0.38198	-0.67045	-0.39064	-0.76069	-0.34722	0.4932	0.76107	0.83171	0.77984	0.50953	0.33762	0.16861	0.043262	-0.055383	-0.11401	-0.16588	-0.20761	-0.27519	-0.33313	-0.37306	15.531
909.31	-0.40619	-0.42531	-0.40257	-0.40402	-0.38131	-1.1501	-0.37617	-0.39002	-0.39114	-0.30543	-0.34139	-0.54249	-0.57189	-0.81247	-0.19012	0.55922	0.77402	0.84003	0.75954	0.50084	0.3139	0.14718	0.016408	-0.074292	-0.13507	-0.17107	-0.1969	-0.24359	-0.3117	-0.33315	15.13
907.07	-0.39435	-0.40401	-0.40695	-0.37929	-0.37293	-1.1349	-0.35324	-0.36902	-0.35948	-0.3417	-0.60435	-0.59637	-0.72465	-0.87282	-0.23604	0.47262	0.77762	0.81948	0.74039	0.47656	0.28956	0.12227	0.016448	-0.077011	-0.12436	-0.16158	-0.20963	-0.2465	-0.31586	-0.31677	14.688
897.9	-0.36119	-0.36296	-0.37185	-0.35214	-0.33533	-1.1282	-0.32954	-0.33183	-0.37387	-0.33621	-0.52542	-0.77056	-0.56216	-0.99119	-0.15577	0.4508	0.77362	0.81871	0.7406	0.46721	0.27814	0.12704	0.0065569	-0.060732	-0.12165	-0.1674	-0.20105	-0.24278	-0.28738	-0.30842	14.287
882.22	-0.35177	-0.36859	-0.35762	-0.34816	-0.33363	-1.1333	-0.30923	-0.34381	-0.32432	-0.27829	-0.58287	-0.75722	-0.82286	-1.0002	-0.28008	0.54021	0.81255	0.82024	0.74877	0.46918	0.27878	0.11765	0.0041135	-0.071364	-0.12949	-0.17038	-0.18702	-0.24948	-0.27766	-0.30379	13.858
861.83	-0.34567	-0.35714	-0.3563	-0.35029	-0.32976	-1.1544	-0.31822	-0.27105	-0.29766	-0.49983	-0.44888	-0.83966	-1.0282	-1.138	-0.19101	0.63635	0.83	0.83964	0.74947	0.45158	0.2607	0.10483	0.0059567	-0.092608	-0.13504	-0.18484	-0.21462	-0.24643	-0.29673	-0.31012	13.504
841.21	-0.356	-0.37709	-0.34227	-0.33024	-0.30269	-1.1535	-0.2703	-0.28954	-0.32079	-0.5887	-0.76272	-1.068	-1.2438	-1.2018	-0.431	0.48118	0.81756	0.83681	0.75302	0.43135	0.2373	0.077323	-0.030585	-0.12129	-0.17151	-0.20274	-0.21372	-0.25748	-0.30583	-0.31596	13.129
823.45	-0.3335	-0.37115	-0.33383	-0.2944	-0.26407	-1.1245	-0.24985	-0.26415	-0.31693	-0.45465	-0.95447	-1.1103	-1.4003	-1.2461	-0.32011	0.64661	0.82589	0.84888	0.74877	0.42223	0.23504	0.056904	-0.046783	-0.11832	-0.16218	-0.19801	-0.22912	-0.26728	-0.27879	-0.30382	12.812
807.5	-0.34393	-0.35247	-0.32051	-0.26759	-0.2201	-1.1386	-0.253	-0.27601	-0.34518	-0.65317	-0.99435	-1.329	-1.683	-1.4954	-0.4592	0.48151	0.83651	0.8382	0.74267	0.40982	0.21712	0.032568	-0.061691	-0.13774	-0.18133	-0.22513	-0.24189	-0.27777	-0.3024	-0.3135	12.423
795.18	-0.33169	-0.33152	-0.25321	-0.20547	-0.20757	-1.1273	-0.22699	-0.2562	-0.39518	-0.89626	-1.1059	-1.3196	-1.7282	-1.4995	-0.44558	0.44881	0.83598	0.86357	0.73388	0.38706	0.18706	0.050973	-0.075899	-0.14084	-0.19044	-0.20882	-0.2354	-0.27062	-0.29838	-0.295	12.102
786.5	-0.27117	-0.26243	-0.19756	-0.14649	-0.18193	-1.1074	-0.21207	-0.25318	-0.38826	-0.79352	-1.1937	-1.4655	-1.8443	-1.6026	-0.49244	0.57552	0.85105	0.86058	0.74665	0.42178	0.20457	0.032435	-0.058552	-0.14044	-0.19072	-0.2178	-0.24835	-0.26202	-0.28308	-0.27747	11.793
778.99	-0.209	-0.19244	-0.13062	-0.14693	-0.12402	-1.1107	-0.203	-0.28414	-0.47652	-1.07	-1.3251	-1.704	-1.6858	-1.6084	-0.51835	0.56059	0.86614	0.88257	0.77738	0.43404	0.21629	0.03985	-0.067814	-0.13983	-0.16961	-0.21027	-0.2061	-0.20518	-0.23246	-0.21434	11.505
777.17	-0.13656	-0.13884	-0.11516	-0.12403	-0.14389	-1.1746	-0.16914	-0.32227	-0.56902	-1.0621	-1.2735	-1.6568	-1.8174	-1.8067	-0.69998	0.54138	0.85733	0.89203	0.7641	0.43197	0.20507	0.049104	-0.057317	-0.1165	-0.17	-0.17026	-0.1647	-0.18041	-0.16072	-0.16799	11.182
779.53	-0.099287	-0.13098	-0.09417	-0.079238	-0.17272	-1.0626	-0.21767	-0.39893	-0.64133	-1.0486	-1.4875	-1.7435	-1.9978	-1.9564	-0.64497	0.57045	0.84982	0.90513	0.77967	0.43067	0.2327	0.051996	-0.033005	-0.090594	-0.1282	-0.15821	-0.14522	-0.16279	-0.12964	-0.1103	10.934
788.53	-0.075507	-0.10377	-0.092124	-0.14706	-0.089304	-1.0869	-0.24719	-0.45753	-0.70061	-1.1388	-1.6321	-1.9352	-2.062	-1.8573	-0.81541	0.402	0.83623	0.88126	0.78193	0.45004	0.24352	0.069452	-0.018308	-0.075957	-0.096801	-0.13264	-0.12386	-0.1316	-0.11742	-0.098672	10.655
802.79	-0.022903	-0.040579	-0.079036	-0.083506	-0.1214	-1.0788	-0.303	-0.51812	-0.73149	-1.2089	-1.4762	-1.8315	-1.9779	-1.9939	-0.67766	0.38493	0.8252	0.88913	0.78175	0.45795	0.25718	0.092842	0.00077028	-0.048842	-0.067463	-0.084544	-0.0848	-0.093481	-0.073158	-0.0599	10.466
819.38	-0.029072	-0.062739	-0.078371	-0.089163	-0.11172	-1.079	-0.31887	-0.51884	-0.7564	-1.0959	-1.6017	-1.872	-2.124	-2.0919	-0.88537	0.32841	0.80848	0.87813	0.77845	0.46036	0.26865	0.11123	0.034745	-0.035699	-0.054748	-0.052648	-0.061413	-0.069354	-0.011571	-0.012441	10.277
833.93	0.0021603	-0.021693	-0.11467	-0.10747	-0.12801	-1.0503	-0.36779	-0.56399	-0.79554	-1.1637	-1.4109	-1.7822	-1.9863	-1.9919	-0.77102	0.41837	0.78151	0.88742	0.78597	0.46382	0.29401	0.11972	0.025111	-0.03232	-0.051221	-0.049032	-0.039051	-0.054699	-0.019673	-0.026479	10.096
844.09	0.0067347	-0.029156	-0.065184	-0.082095	-0.13048	-1.0805	-0.41377	-0.61801	-0.80613	-1.3501	-1.5548	-1.8831	-2.1883	-2.1561	-0.89853	0.30936	0.7594	0.87382	0.78434	0.47052	0.27698	0.11827	0.029267	-0.005607	-0.041284	-0.046667	-0.021051	-0.027477	-0.00029094	0.016972	9.9376
847.09	-0.014372	-0.033328	-0.046867	-0.077361	-0.15196	-1.1116	-0.44978	-0.63211	-0.84956	-1.3453	-1.6997	-1.9233	-2.2796	-2.318	-0.90509	0.22349	0.73682	0.88527	0.80494	0.48488	0.31096	0.15613	0.068265	0.0025514	-0.022561	-0.038539	-0.020102	-0.02407	0.018787	0.011647	9.8229
842.7	-0.0098408	-0.024906	-0.032564	-0.075977	-0.18283	-1.1427	-0.48121	-0.67085	-0.8812	-1.3332	-1.6783	-2.037	-2.3096	-2.3839	-1.1055	0.25305	0.72702	0.87234	0.79956	0.49119	0.30987	0.15037	0.059687	0.023475	-0.0048547	-0.0067231	-0.007918	-0.024196	0.0061025	0.0090642	9.7247
830.51	0.012453	-0.016551	-0.018283	-0.1061	-0.22621	-1.194	-0.49783	-0.69177	-0.9262	-1.3916	-1.7847	-2.1147	-2.4537	-2.4189	-1.2509	0.35285	0.72754	0.89404	0.81306	0.52915	0.33179	0.17258	0.070533	0.012749	0.018327	-0.0014086	-0.0062537	-0.013583	-0.0067817	0.021722	9.6628
813.82	0.013664	0.0017987	-0.036545	-0.11475	-0.25889	-1.2347	-0.5302	-0.73891	-0.95975	-1.4993	-1.8109	-2.1777	-2.4197	-2.5893	-1.2765	0.12474	0.68975	0.90633	0.84596	0.54883	0.34513	0.19458	0.082154	0.024308	0.007279	-0.0088043	-0.010016	-0.00094682	0.0063191	0.019428	9.6054
799.68	0.052745	0.032624	-0.052518	-0.15443	-0.28248	-1.2637	-0.57114	-0.79125	-1.0054	-1.5057	-1.9067	-2.246	-2.7486	-2.8336	-1.4022	0.027154	0.67991	0.93364	0.87835	0.58148	0.36738	0.2257	0.10243	0.064017	0.035133	0.023844	0.012935	0.030582	0.038184	0.039283	9.5979
786.39	0.050674	0.023043	-0.034896	-0.18001	-0.30337	-1.2694	-0.57987	-0.78319	-1.0205	-1.5926	-1.9605	-2.3445	-2.9115	-2.843	-1.4364	0.05806	0.68361	0.94942	0.92117	0.61262	0.41317	0.25264	0.13767	0.080685	0.053918	0.029011	0.041377	0.013278	0.036873	0.056955	9.619
775.02	0.061434	0.050483	-0.048259	-0.17391	-0.30782	-1.3293	-0.59955	-0.83817	-1.067	-1.46	-2.055	-2.5839	-2.9049	-3.1481	-1.6384	0.04862	0.66991	0.96864	0.92427	0.63499	0.42315	0.2492	0.13483	0.079891	0.056555	0.032338	0.041984	0.043309	0.060252	0.080797	9.6266
769.55	0.075999	0.040488	-0.039642	-0.18297	-0.30891	-1.3387	-0.63286	-0.85906	-1.1207	-1.8053	-2.1247	-2.6642	-3.1437	-3.141	-1.7572	0.0074882	0.66173	0.99473	0.96039	0.64987	0.43208	0.26228	0.15731	0.092406	0.060675	0.053992	0.051896	0.0336	0.064682	0.071716	9.6281
770.52	0.091017	0.038558	-0.072402	-0.20326	-0.31182	-1.3285	-0.6433	-0.87091	-1.127	-1.6776	-2.1882	-2.5268	-3.1496	-3.1862	-1.6694	-0.24109	0.63405	0.97324	0.92968	0.64595	0.44435	0.27632	0.16883	0.097261	0.084733	0.068516	0.040306	0.059931	0.075584	0.083199	9.6371
772.45	0.064657	0.033774	-0.079164	-0.21347	-0.32635	-1.3677	-0.65196	-0.90841	-1.1289	-1.809	-2.0508	-2.6748	-3.2108	-3.3446	-1.9108	-0.18884	0.58586	0.96762	0.94445	0.6619	0.46683	0.27563	0.15964	0.09206	0.063225	0.052818	0.065108	0.054338	0.081373	0.092608	9.6281
774.59	0.084524	0.041161	-0.074	-0.24786	-0.35272	-1.3745	-0.66692	-0.88413	-1.1583	-1.6688	-2.2644	-2.6673	-3.2118	-3.4329	-1.7884	-0.25014	0.54566	0.97766	0.94183	0.65801	0.46064	0.2769	0.19126	0.1195	0.10183	0.075895	0.073524	0.069566	0.084126	0.076047	9.6205
778.35	0.072147	0.022351	-0.12384	-0.25343	-0.36187	-1.4006	-0.69057	-0.90743	-1.1632	-1.6401	-2.308	-2.777	-3.3923	-3.5038	-1.9069	-0.454	0.51054	0.96766	0.9599	0.68457	0.47208	0.29589	0.20001	0.11498	0.097666	0.0659	0.058911	0.06563	0.091631	0.081408	9.6311
778.88	0.041193	0.0065297	-0.12081	-0.26679	-0.38549	-1.4038	-0.72529	-0.95401	-1.2364	-1.9285	-2.35	-2.8668	-3.4193	-3.8508	-2.128	-0.29998	0.47774	0.94803	0.96301	0.68615	0.48638	0.31396	0.19504	0.13654	0.090253	0.075477	0.088315	0.064684	0.071808	0.080397	9.7459
782.32	0.064831	0.0083516	-0.12321	-0.28005	-0.40324	-1.404	-0.72026	-0.96648	-1.2424	-1.8891	-2.3831	-3.0066	-3.6676	-3.9499	-2.34	-0.55371	0.43451	0.95332	0.95035	0.70354	0.51045	0.34391	0.21151	0.15161	0.1246	0.085686	0.080363	0.073357	0.079362	0.087643	9.9452
785.64	0.050722	0.012925	-0.15877	-0.27216	-0.40476	-1.4158	-0.75118	-0.97116	-1.2833	-1.8812	-2.5352	-3.3073	-3.7394	-4.0871	-2.3091	-0.57167	0.36441	0.93988	0.9622	0.72088	0.50539	0.33239	0.21828	0.15682	0.12407	0.10154	0.094147	0.077507	0.096659	0.092	10.134
788.96	0.050509	0.0018553	-0.1212	-0.28533	-0.40841	-1.3849	-0.75259	-0.99912	-1.2919	-2.0059	-2.3415	-3.2833	-3.8784	-4.3861	-2.6026	-0.77156	0.29782	0.92447	0.96837	0.74414	0.55331	0.36407	0.23835	0.18432	0.14621	0.11631	0.10969	0.077181	0.10405	0.10103	10.362
800	0.053692	0.0099767	-0.15018	-0.30867	-0.44397	-1.3904	-0.75663	-1.0227	-1.337	-1.9984	-2.5746	-3.2876	-4.006	-4.5241	-2.711	-0.90057	0.20465	0.90659	0.93943	0.74185	0.55327	0.37782	0.2407	0.17316	0.14866	0.12501	0.11465	0.091005	0.082418	0.080135	10.588
814.35	0.04512	0.0017975	-0.13342	-0.27828	-0.4237	-1.381	-0.75392	-1.0122	-1.3134	-2.0225	-2.6543	-3.376	-4.1695	-4.565	-2.8556	-1.0709	0.12672	0.8886	0.93638	0.7572	0.5631	0.41874	0.26234	0.2021	0.16273	0.12097	0.12535	0.10661	0.090415	0.091494	10.861
829.44	0.062085	0.011371	-0.12453	-0.26868	-0.40987	-1.348	-0.75412	-1.0252	-1.3288	-1.9955	-2.821	-3.2954	-4.2868	-4.8192	-3.0026	-1.1957	0.046831	0.84274	0.92288	0.77709	0.57941	0.41875	0.29206	0.20304	0.1753	0.15943	0.13021	0.11819	0.089698	0.086248	11.098
844.63	0.051776	0.0051628	-0.12319	-0.29147	-0.44152	-1.3364	-0.76362	-1.0303	-1.3469	-1.9405	-2.7603	-3.2644	-4.3994	-5.0459	-3.1341	-1.2876	-0.057415	0.80913	0.89848	0.77446	0.58248	0.40748	0.29839	0.22297	0.17976	0.14946	0.14538	0.11192	0.10722	0.087335	11.44
858.63	0.026515	-0.016009	-0.12654	-0.30688	-0.47664	-1.3413	-0.78476	-1.0617	-1.3853	-2.1059	-2.8339	-3.3037	-4.3898	-5.1485	-3.5056	-1.5361	-0.16979	0.76056	0.87443	0.76184	0.59155	0.42293	0.29177	0.21933	0.17683	0.14091	0.1344	0.085608	0.079479	0.067737	11.795
868.35	0.03069	-0.017499	-0.12336	-0.29825	-0.41681	-1.315	-0.78761	-1.0569	-1.3825	-2.073	-2.7729	-3.3673	-4.5427	-5.3521	-3.6279	-1.7303	-0.27994	0.74354	0.88322	0.77353	0.60067	0.45189	0.31278	0.25658	0.21109	0.17041	0.13374	0.10644	0.087452	0.071257	12.156
873.79	0.039385	-0.024848	-0.13311	-0.29898	-0.42001	-1.3171	-0.7761	-1.0968	-1.3993	-2.1154	-2.9208	-3.5009	-4.7763	-5.6216	-3.8035	-1.9753	-0.41147	0.70039	0.84414	0.78058	0.63343	0.46717	0.35218	0.25673	0.2196	0.17192	0.15323	0.12181	0.093952	0.075067	12.544
870.06	0.029736	-0.00081513	-0.13016	-0.28988	-0.4257	-1.352	-0.80513	-1.12	-1.4683	-2.1615	-2.9431	-3.7168	-4.9896	-6.0802	-4.2938	-2.2222	-0.54443	0.65623	0.84861	0.8142	0.6536	0.49735	0.35802	0.28866	0.23041	0.1985	0.1913	0.14489	0.10143	0.0882	12.952
863.54	0.026364	-0.025143	-0.13647	-0.30252	-0.44555	-1.3565	-0.85213	-1.1187	-1.5059	-2.3457	-3.2996	-3.846	-5.4336	-6.4762	-4.6127	-2.5809	-0.69581	0.63266	0.83463	0.83605	0.67261	0.52217	0.38077	0.30059	0.23795	0.19826	0.17304	0.13137	0.076354	0.076818	13.393
853.93	0.026661	-0.016945	-0.13531	-0.28742	-0.46937	-1.3651	-0.85834	-1.16	-1.5835	-2.4193	-3.4163	-3.8707	-5.6555	-6.8325	-4.964	-2.8717	-0.88936	0.57538	0.83457	0.86416	0.70952	0.55582	0.40092	0.31833	0.25319	0.21366	0.18712	0.13449	0.094336	0.069853	13.801
