12262	1	3	91	28	757	1	10	6	4.077	128	4096	10	0	0	0	0	521.92	956.75	1.4286e+006	0.11638	0.17401	40.484	0	0	1	0	0	0	11	0	0
946.5	0.042873	-0.017537	-0.15834	-0.27981	-0.38713	-0.45776	-0.59729	-0.72346	-0.86098	-1.1317	-1.2251	-1.417	-1.8594	-1.0989	-0.05663	0.87215	0.86729	0.71009	0.55939	0.23561	0.08644	-0.010108	-0.0505	-0.07241	-0.06124	-0.055933	-0.041081	0.00010575	0.030555	0.060744	4.7075
946.28	0.043703	-0.017541	-0.1689	-0.25999	-0.37203	-0.46133	-0.5898	-0.75034	-0.85961	-1.2596	-1.3151	-1.6524	-2.021	-1.283	-0.26582	0.83863	0.87234	0.74408	0.60215	0.26434	0.10572	-0.013452	-0.073579	-0.070808	-0.08015	-0.057531	-0.042656	-0.018406	0.037068	0.063897	4.9091
947.35	0.028901	-0.025167	-0.16224	-0.28035	-0.39748	-0.48681	-0.64624	-0.75839	-0.88519	-1.2327	-1.2688	-1.6086	-2.0429	-1.2336	-0.19588	0.68605	0.86489	0.75537	0.61231	0.28594	0.12724	-0.0067588	-0.039331	-0.041615	-0.034004	-0.022657	-0.02933	-0.0087724	0.032151	0.04814	5.1167
947.77	0.033804	-0.038145	-0.16297	-0.2842	-0.38661	-0.47187	-0.62616	-0.77017	-0.91524	-1.0877	-1.2593	-1.5492	-1.9052	-1.3288	-0.2741	0.71942	0.86451	0.77669	0.62365	0.31191	0.14481	0.023276	-0.019457	-0.054528	-0.048328	-0.041625	-0.012927	-0.016162	0.032136	0.048904	5.3122
947.46	0.027259	-0.028222	-0.15737	-0.26682	-0.40725	-0.49802	-0.63246	-0.78256	-0.92804	-1.2666	-1.3942	-1.5833	-1.9138	-1.3452	-0.27421	0.61016	0.84863	0.78388	0.64321	0.31539	0.13444	0.023286	-0.013904	-0.050503	-0.037021	-0.031357	-0.012149	0.014157	0.052454	0.054408	5.4804
946.5	0.022363	-0.025189	-0.14296	-0.28379	-0.40766	-0.48811	-0.64834	-0.79388	-0.95633	-1.3104	-1.3956	-1.8534	-2.0367	-1.5862	-0.48361	0.61079	0.83815	0.80549	0.65859	0.34353	0.16266	0.046699	-0.0059648	-0.033558	-0.030256	-0.024261	-0.0082525	-0.0013769	0.041937	0.054463	5.7183
946.07	0.020732	-0.029028	-0.15679	-0.30062	-0.4141	-0.49788	-0.64254	-0.81529	-0.97084	-1.3706	-1.5129	-1.6611	-1.957	-1.5709	-0.52742	0.52669	0.8442	0.81105	0.67982	0.36224	0.18199	0.063436	0.0083552	-0.020616	-0.02649	-0.01635	-0.015295	0.0030668	0.037888	0.042708	5.9424
945.11	0.028969	-0.021394	-0.16181	-0.30332	-0.42703	-0.51922	-0.6615	-0.8307	-0.98904	-1.3805	-1.5594	-1.8309	-1.9912	-1.6365	-0.69375	0.48503	0.82641	0.79798	0.70146	0.36514	0.20307	0.065176	0.00039903	-0.01091	-0.0068409	-0.002886	0.0058249	0.011968	0.060726	0.044323	6.1438
944.37	0.017481	-0.026013	-0.19195	-0.30515	-0.40231	-0.50051	-0.65133	-0.84596	-1.0047	-1.5778	-1.5696	-1.9585	-2.0089	-1.918	-0.72925	0.4854	0.81165	0.82468	0.72454	0.41022	0.21288	0.096206	0.0067754	-0.0068619	-0.026539	-0.022728	-0.015322	0.01346	0.054254	0.04908	6.3831
944.37	0.0018584	-0.025246	-0.18384	-0.31232	-0.43632	-0.53702	-0.69257	-0.86219	-1.0125	-1.5181	-1.8213	-1.8828	-1.9201	-1.942	-0.65937	0.44315	0.79948	0.83512	0.73619	0.42881	0.23137	0.1096	0.042644	0.024778	0.011332	0.0050479	0.01053	0.017169	0.036327	0.052225	6.6828
944.37	0.02077	-0.042118	-0.18952	-0.29319	-0.44079	-0.53615	-0.68493	-0.87598	-1.0572	-1.4669	-1.6865	-2.009	-1.9443	-1.998	-0.82531	0.40935	0.77758	0.83685	0.74551	0.42374	0.25389	0.12719	0.051411	0.029644	0.019662	0.0010806	0.016795	0.012719	0.046105	0.045932	6.8947
943.52	0.02408	-0.032944	-0.18563	-0.31101	-0.45014	-0.54533	-0.69167	-0.86215	-1.0817	-1.5109	-1.832	-2.1203	-1.9138	-2.2082	-0.96591	0.45201	0.75148	0.84892	0.75862	0.44527	0.26619	0.134	0.043481	0.015054	0.0022436	-0.0044787	0.0097546	0.023871	0.033913	0.048336	7.1747
943.52	0.012559	-0.0506	-0.19944	-0.36366	-0.47432	-0.57056	-0.71918	-0.91412	-1.1044	-1.6048	-1.76	-2.1792	-2.0431	-2.4245	-1.0358	0.33359	0.73281	0.86371	0.77573	0.46472	0.28872	0.14909	0.076986	0.029671	0.023469	0.02491	0.012109	0.028326	0.052673	0.049911	7.4939
943.94	0.0084409	-0.060552	-0.18798	-0.33958	-0.47411	-0.54943	-0.73643	-0.90802	-1.1384	-1.6809	-1.9571	-2.3549	-1.9291	-2.6877	-1.1577	0.088261	0.69027	0.87288	0.78004	0.49495	0.29985	0.16578	0.086522	0.041831	0.034068	0.02887	0.023074	0.037222	0.04205	0.06012	7.742
944.16	0.0010353	-0.030623	-0.17496	-0.33711	-0.46416	-0.56583	-0.73245	-0.92729	-1.1413	-1.689	-2.0466	-2.3376	-1.9367	-2.6951	-1.3583	0.0037159	0.65604	0.87443	0.82415	0.53033	0.32794	0.18584	0.099259	0.065352	0.040878	0.032037	0.030905	0.042408	0.04367	0.048303	8.0278
944.26	0.011725	-0.029852	-0.19117	-0.34504	-0.46231	-0.57011	-0.74459	-0.95072	-1.1835	-1.7571	-2.1003	-2.3457	-2.0173	-2.911	-1.4019	0.054444	0.63	0.86998	0.82328	0.54211	0.34881	0.20005	0.10403	0.079949	0.052993	0.039178	0.047354	0.040177	0.039591	0.035709	8.3725
945.33	0.012535	-0.035947	-0.19419	-0.34545	-0.48325	-0.57989	-0.77198	-0.97072	-1.2126	-1.704	-2.1878	-2.4859	-1.9988	-3.0757	-1.6097	-0.097584	0.57418	0.89244	0.85261	0.57779	0.38054	0.22743	0.13656	0.09931	0.080171	0.06371	0.057475	0.056439	0.047689	0.038027	8.6476
945.97	0.010886	-0.022141	-0.17381	-0.3484	-0.46863	-0.58904	-0.76002	-1	-1.229	-1.6773	-2.2491	-2.4507	-1.9572	-3.1775	-1.8353	-0.29999	0.52115	0.86494	0.85979	0.5985	0.39795	0.24316	0.13806	0.10491	0.077093	0.055744	0.066038	0.039363	0.070433	0.048997	8.9513
947.46	0.00021419	-0.054212	-0.20588	-0.34467	-0.48573	-0.60111	-0.78623	-1.013	-1.2552	-1.8277	-2.2546	-2.6396	-1.9783	-3.4598	-1.9891	-0.27424	0.47263	0.86965	0.86773	0.60177	0.41175	0.25279	0.16168	0.11041	0.073198	0.068313	0.068277	0.061489	0.045955	0.042646	9.2988
948.09	-0.0022431	-0.041189	-0.19039	-0.34285	-0.46936	-0.60936	-0.7819	-1.0333	-1.2832	-1.8774	-2.2441	-2.906	-2.0574	-3.6169	-2.0747	-0.50974	0.39231	0.85608	0.86792	0.61651	0.4339	0.28098	0.1711	0.12326	0.091253	0.077752	0.073694	0.042232	0.049172	0.05202	9.6175
948.63	0.027226	-0.046511	-0.19513	-0.36329	-0.48424	-0.60729	-0.821	-1.0392	-1.3238	-1.9018	-2.4039	-3.1053	-1.7989	-3.8301	-2.2214	-0.50946	0.33717	0.86425	0.86588	0.65571	0.44967	0.28749	0.19163	0.13369	0.10628	0.083239	0.068973	0.065845	0.046711	0.062958	9.9301
948.31	0.01577	-0.046526	-0.18066	-0.33722	-0.47549	-0.59884	-0.82051	-1.0476	-1.3407	-2.0129	-2.4674	-3.2069	-2.0006	-4.1104	-2.5526	-0.70319	0.26296	0.86281	0.87701	0.66013	0.47784	0.29842	0.20757	0.13293	0.10255	0.079316	0.055733	0.066607	0.051596	0.051224	10.24
947.67	-0.0079795	-0.058786	-0.21877	-0.36843	-0.51594	-0.63476	-0.83933	-1.0904	-1.3627	-2.0652	-2.5587	-3.2677	-1.9134	-4.2648	-2.7284	-0.82997	0.18553	0.84607	0.88456	0.68584	0.49499	0.31948	0.21248	0.1508	0.11771	0.085696	0.06748	0.068869	0.054065	0.050477	10.522
947.03	0.0092329	-0.052707	-0.19465	-0.36073	-0.49666	-0.65079	-0.84599	-1.1025	-1.3823	-2.1262	-2.6232	-3.3454	-1.9791	-4.6269	-2.7215	-0.92322	0.12903	0.84664	0.87277	0.69642	0.51537	0.34809	0.23487	0.16627	0.1261	0.099209	0.076899	0.068176	0.060603	0.037173	10.857
947.03	-0.0022456	-0.034353	-0.21083	-0.37026	-0.51539	-0.63172	-0.86579	-1.1203	-1.4331	-2.1772	-2.8115	-3.3957	-1.963	-4.7227	-2.948	-1.0749	0.060267	0.83017	0.89213	0.71917	0.5258	0.3556	0.2309	0.18003	0.1193	0.092086	0.09643	0.062995	0.049227	0.055218	11.137
946.07	-0.0088132	-0.039747	-0.20457	-0.36905	-0.51145	-0.64884	-0.8781	-1.1343	-1.4494	-2.2135	-2.8413	-3.416	-2.1504	-5.0471	-3.195	-1.2447	-0.029556	0.80151	0.87908	0.7258	0.53676	0.38187	0.23988	0.18912	0.13001	0.10485	0.10044	0.072688	0.056597	0.048205	11.469
944.37	-0.012941	-0.061291	-0.19845	-0.37609	-0.52669	-0.6813	-0.8919	-1.1421	-1.5022	-2.2601	-2.8554	-3.4642	-2.0413	-5.3444	-3.4191	-1.492	-0.13183	0.78557	0.87289	0.75246	0.55703	0.40014	0.25148	0.19676	0.14463	0.11933	0.10845	0.072819	0.042846	0.046718	11.755
942.67	0.0059811	-0.054488	-0.21424	-0.3608	-0.55273	-0.6747	-0.89428	-1.1579	-1.5017	-2.1958	-2.8425	-3.5884	-2.0773	-5.5064	-3.6265	-1.6047	-0.21902	0.76435	0.87058	0.74874	0.57656	0.40003	0.27429	0.20524	0.15931	0.13226	0.098447	0.078898	0.05272	0.03104	12.051
941.39	-0.015457	-0.063793	-0.20884	-0.36848	-0.54451	-0.67474	-0.91081	-1.21	-1.5556	-2.3357	-2.9997	-3.8802	-2.0801	-5.8432	-3.9819	-1.8273	-0.33732	0.73487	0.8702	0.7684	0.60154	0.40981	0.28266	0.20959	0.14357	0.12687	0.093078	0.079005	0.054426	0.035818	12.355
940.22	-0.022909	-0.050009	-0.21073	-0.38576	-0.5371	-0.69217	-0.91041	-1.2204	-1.5757	-2.3643	-3.2112	-3.8428	-2.034	-5.963	-4.1009	-2.0588	-0.43308	0.70959	0.86817	0.78888	0.62087	0.42966	0.29662	0.23022	0.16429	0.12942	0.10342	0.082829	0.039763	0.026377	12.617
938.84	-0.025424	-0.076311	-0.20451	-0.35666	-0.54599	-0.68881	-0.93941	-1.241	-1.6079	-2.3678	-3.3335	-3.8823	-2.0289	-6.2778	-4.3705	-2.3253	-0.54633	0.68528	0.85616	0.81215	0.62664	0.45556	0.3163	0.2428	0.19043	0.14558	0.11776	0.084443	0.035722	0.032749	12.914
937.56	-0.0088948	-0.078732	-0.20724	-0.39167	-0.52781	-0.67925	-0.94915	-1.2582	-1.6583	-2.414	-3.3471	-3.9553	-2.0073	-6.5767	-4.5876	-2.3455	-0.65493	0.66083	0.84403	0.82517	0.63883	0.46377	0.32717	0.23986	0.18611	0.15137	0.13212	0.10025	0.040695	0.026455	13.158
936.18	-0.022177	-0.06647	-0.19364	-0.36652	-0.5331	-0.70392	-0.92898	-1.2814	-1.6734	-2.538	-3.5606	-4.1394	-2.0184	-6.9094	-4.9732	-2.7326	-0.8032	0.61008	0.84763	0.83577	0.66492	0.49571	0.34212	0.26886	0.19174	0.14519	0.11414	0.084683	0.041576	0.029667	13.471
935.32	-0.031329	-0.068854	-0.19954	-0.3749	-0.50648	-0.69228	-0.98766	-1.2932	-1.7128	-2.5489	-3.5457	-4.1771	-2.0284	-7.0774	-5.1453	-2.9057	-0.91533	0.57553	0.81938	0.82458	0.66715	0.497	0.36336	0.26009	0.1965	0.15894	0.13007	0.088507	0.056426	0.024928	13.724
934.58	-0.031354	-0.062709	-0.18413	-0.37197	-0.54486	-0.70161	-0.96838	-1.2475	-1.73	-2.6027	-3.7212	-4.2399	-2.0218	-7.4875	-5.3435	-3.0788	-1.0439	0.55139	0.78864	0.85086	0.7018	0.50586	0.36284	0.26358	0.19819	0.16147	0.1278	0.10132	0.058117	0.049594	13.956
933.3	-0.030565	-0.068226	-0.2049	-0.36281	-0.54923	-0.71665	-0.97898	-1.2869	-1.7372	-2.5545	-3.5443	-4.4755	-2.1472	-7.7165	-5.6513	-3.3395	-1.1529	0.51345	0.78579	0.86998	0.71009	0.52265	0.36334	0.27954	0.21532	0.16571	0.13907	0.090199	0.04088	0.044884	14.19
931.81	-0.02978	-0.069891	-0.18961	-0.39085	-0.5492	-0.70546	-0.99835	-1.3071	-1.7979	-2.7574	-3.7504	-4.4742	-1.9296	-7.8667	-5.9435	-3.3877	-1.2444	0.47023	0.7713	0.85509	0.71856	0.52943	0.38492	0.28821	0.21413	0.17643	0.1377	0.10538	0.047553	0.017048	14.433
931.07	-0.022299	-0.0505	-0.20375	-0.36368	-0.54601	-0.71308	-1.003	-1.355	-1.7834	-2.6817	-3.7717	-4.6143	-2.1196	-8.0598	-6.028	-3.5275	-1.3309	0.45121	0.77901	0.87035	0.73136	0.54004	0.40059	0.29996	0.2143	0.17416	0.13225	0.1002	0.051723	0.023446	14.611
930.32	-0.029828	-0.066888	-0.18003	-0.36559	-0.52011	-0.70571	-0.98755	-1.3619	-1.8008	-2.7185	-3.7199	-4.6777	-2.1049	-8.4238	-6.352	-3.7277	-1.4613	0.40657	0.74494	0.86333	0.73766	0.55152	0.40091	0.30761	0.226	0.18799	0.13554	0.095008	0.032739	0.030652	14.828
929.9	-0.048212	-0.063803	-0.20071	-0.36009	-0.54215	-0.72898	-0.97481	-1.3469	-1.8525	-2.6245	-4.0412	-4.7653	-2.1222	-8.5496	-6.4791	-3.9353	-1.5518	0.37498	0.7374	0.87917	0.73718	0.54582	0.40515	0.31104	0.23226	0.18002	0.13162	0.091284	0.038547	0.01948	14.939
929.04	-0.031541	-0.063083	-0.18523	-0.35961	-0.52992	-0.72612	-0.97105	-1.3225	-1.8168	-2.7136	-4.0998	-4.8466	-2.1734	-8.8748	-6.5383	-4.1451	-1.6365	0.35677	0.71991	0.88513	0.73459	0.5642	0.41281	0.31545	0.24479	0.18906	0.14846	0.081563	0.034442	0.038692	15.118
927.87	-0.036602	-0.076431	-0.20115	-0.38115	-0.59433	-0.7058	-0.99715	-1.382	-1.8693	-2.5868	-3.867	-5.0325	-2.1022	-9.0001	-6.7865	-4.2965	-1.7095	0.32537	0.7058	0.88367	0.75516	0.57428	0.41252	0.31007	0.22814	0.18364	0.13908	0.089974	0.020386	0.018722	15.256
926.91	-0.055907	-0.083544	-0.17904	-0.35394	-0.51746	-0.71184	-1.006	-1.39	-1.8904	-2.6763	-4.0634	-4.9863	-2.1455	-9.1889	-6.9804	-4.5162	-1.7733	0.30091	0.7002	0.88716	0.74939	0.58	0.41457	0.31039	0.24072	0.17413	0.14082	0.10367	0.039502	0.019543	15.351
926.17	-0.060143	-0.089867	-0.18332	-0.38917	-0.50875	-0.69735	-0.98808	-1.4003	-1.9087	-2.7133	-4.195	-5.0761	-2.1637	-9.4575	-7.173	-4.4682	-1.8781	0.25773	0.68017	0.88271	0.75901	0.57278	0.41815	0.31147	0.24169	0.18155	0.14174	0.086356	0.035381	0.019559	15.498
926.49	-0.058446	-0.077328	-0.18739	-0.35004	-0.53138	-0.7228	-1.0134	-1.4138	-1.9152	-2.8862	-4.1478	-5.0572	-2.2371	-9.4705	-7.5266	-4.6733	-1.9461	0.22752	0.6744	0.89102	0.76694	0.57941	0.40745	0.31467	0.21922	0.17421	0.1369	0.07725	0.028723	0.003514	15.563
926.28	-0.064329	-0.085165	-0.19405	-0.33386	-0.51417	-0.6698	-1.0129	-1.4175	-1.9308	-2.8608	-4.2037	-5.127	-1.9741	-9.538	-7.4304	-4.7433	-2.0334	0.19301	0.64842	0.88605	0.77942	0.57783	0.42948	0.3106	0.22776	0.17829	0.13773	0.085588	0.024576	0.01715	15.621
925	-0.040912	-0.091546	-0.18272	-0.3449	-0.52401	-0.6654	-1.026	-1.4012	-1.9143	-2.8822	-4.2095	-5.3315	-2.0923	-9.7719	-7.5566	-4.8879	-2.0718	0.18351	0.6509	0.87865	0.77229	0.58291	0.42112	0.30607	0.21648	0.1753	0.13072	0.087979	0.022112	0.016372	15.698
923.4	-0.05528	-0.08543	-0.17723	-0.32675	-0.47642	-0.68522	-1.0074	-1.4219	-1.8912	-2.9395	-4.318	-5.3666	-2.1206	-9.8706	-7.6501	-4.9137	-2.1302	0.17405	0.63614	0.88708	0.77938	0.58563	0.42348	0.31655	0.22847	0.16911	0.11973	0.074473	0.046321	0.0164	15.698
922.02	-0.057046	-0.090272	-0.19329	-0.34439	-0.50463	-0.69693	-0.99957	-1.3825	-1.9293	-2.9002	-4.1955	-5.4522	-1.9667	-9.8527	-7.6437	-4.9037	-2.1732	0.16274	0.61482	0.89101	0.77396	0.58736	0.43881	0.31703	0.22416	0.16936	0.11911	0.070024	0.017177	0.0067526	15.7
921.59	-0.061284	-0.10524	-0.18257	-0.3323	-0.56354	-0.67142	-0.99221	-1.4047	-1.911	-2.9191	-4.2251	-5.2651	-2.1496	-9.8982	-7.7456	-5.2437	-2.2075	0.13877	0.61988	0.88363	0.76773	0.59707	0.41288	0.30969	0.22271	0.15318	0.11435	0.070058	0.019692	-0.0045296	15.692
921.27	-0.091648	-0.088772	-0.19344	-0.34303	-0.51421	-0.69839	-0.99255	-1.3761	-1.8875	-2.9288	-4.4201	-5.5514	-2.0924	-9.9017	-7.6409	-5.1243	-2.2332	0.14862	0.61691	0.89173	0.77129	0.57926	0.42936	0.30897	0.2127	0.14916	0.11037	0.060955	0.017191	-0.0093721	15.679
920.95	-0.063856	-0.11161	-0.17604	-0.3219	-0.48503	-0.67456	-0.94826	-1.3691	-1.9211	-2.8249	-4.2926	-5.2601	-2.176	-10.028	-7.6794	-5.152	-2.2107	0.14956	0.61951	0.90591	0.77156	0.58976	0.41807	0.28661	0.20578	0.15328	0.12085	0.063258	-0.00035003	-0.011793	15.697
920.42	-0.096793	-0.10695	-0.19445	-0.35725	-0.49449	-0.69368	-0.97075	-1.3691	-1.8957	-2.7653	-4.2858	-5.289	-2.1855	-9.8862	-7.7465	-5.0856	-2.2186	0.13984	0.62465	0.87782	0.76705	0.57292	0.41831	0.30842	0.21756	0.15337	0.10806	0.056444	0.0021582	-0.013416	15.703
919.57	-0.090128	-0.099176	-0.17797	-0.33712	-0.51424	-0.7095	-0.97871	-1.4103	-1.9297	-2.8642	-4.2898	-5.2766	-2.1627	-10.002	-7.7268	-5.1771	-2.2457	0.11676	0.60689	0.89252	0.77107	0.57689	0.40396	0.29621	0.20842	0.147	0.11057	0.054972	-0.0070464	-0.011811	15.7
919.57	-0.081686	-0.11808	-0.19963	-0.35022	-0.49311	-0.64612	-0.9591	-1.3737	-1.9208	-2.8729	-4.2251	-5.3112	-2.2041	-9.9282	-8.0138	-5.1945	-2.2357	0.13729	0.62683	0.88471	0.77189	0.57689	0.41379	0.27621	0.18509	0.14537	0.10575	0.061829	-0.0011869	-0.0207	15.706
919.67	-0.096873	-0.15193	-0.18545	-0.32808	-0.48754	-0.64783	-0.99192	-1.4368	-1.9141	-2.8726	-4.2985	-5.3624	-2.1873	-9.9189	-7.8425	-5.2199	-2.2479	0.13192	0.63632	0.88721	0.77098	0.56565	0.41783	0.29201	0.19984	0.14453	0.092864	0.04506	-0.00035051	-0.013427	15.683
919.99	-0.089243	-0.12747	-0.20537	-0.32469	-0.53421	-0.67527	-0.99785	-1.4205	-1.8765	-2.9592	-4.1586	-5.326	-2.1534	-9.9072	-7.8308	-5.2268	-2.2346	0.14526	0.62255	0.89037	0.78392	0.59295	0.41769	0.2969	0.20055	0.15263	0.10489	0.058753	-0.0095527	-0.031997	15.623
920.21	-0.093441	-0.11642	-0.19949	-0.33525	-0.4744	-0.63854	-0.94746	-1.3802	-1.8978	-3.0285	-4.3606	-5.3161	-2.0949	-9.8392	-7.7483	-5.0348	-2.2067	0.15503	0.61523	0.88496	0.76145	0.57134	0.41432	0.28268	0.18341	0.13794	0.091201	0.056457	-0.012059	-0.027146	15.53
921.38	-0.080682	-0.11156	-0.19092	-0.30623	-0.45362	-0.62169	-0.9259	-1.292	-1.8945	-2.7274	-4.2076	-5.3266	-2.0839	-9.9744	-7.6669	-5.0457	-2.1881	0.16731	0.63037	0.89336	0.78109	0.59292	0.41297	0.2765	0.18938	0.11661	0.080648	0.04878	-0.011208	-0.01179	15.444
922.87	-0.071296	-0.10902	-0.17484	-0.32694	-0.47853	-0.62157	-0.96583	-1.3638	-1.8201	-2.8452	-4.3297	-5.1889	-2.0062	-9.7862	-7.6277	-4.9597	-2.1413	0.16793	0.62458	0.86944	0.76173	0.57654	0.41312	0.29847	0.20148	0.14566	0.090938	0.044144	-0.008688	-0.029483	15.33
924.25	-0.08799	-0.13158	-0.18867	-0.31749	-0.48604	-0.63663	-0.90273	-1.3509	-1.8126	-2.8584	-4.2497	-5.121	-2.226	-9.6898	-7.6698	-4.9609	-2.0926	0.17478	0.63555	0.87677	0.76305	0.56541	0.4068	0.28227	0.19112	0.13895	0.086001	0.044837	-0.0011809	-0.027027	15.165
925.32	-0.085373	-0.12674	-0.17769	-0.29191	-0.44713	-0.55162	-0.89234	-1.2674	-1.7697	-2.768	-4.1622	-5.2524	-2.2399	-9.5887	-7.3846	-4.7655	-2.0115	0.20563	0.65305	0.86024	0.75232	0.55707	0.386	0.26125	0.16616	0.11045	0.091498	0.036456	-0.0070026	-0.015753	15.052
926.38	-0.097847	-0.1305	-0.1932	-0.30295	-0.44023	-0.61656	-0.88275	-1.2999	-1.8316	-2.7474	-4.0016	-5.1349	-2.155	-9.2349	-7.1714	-4.5877	-1.9472	0.22754	0.65309	0.86183	0.73425	0.55643	0.3888	0.27997	0.17523	0.12003	0.082607	0.030363	-0.021947	-0.038193	14.86
928.41	-0.091779	-0.12944	-0.18288	-0.30472	-0.44109	-0.60018	-0.92511	-1.3234	-1.8165	-2.6634	-4.0112	-5.1494	-2.2489	-9.1985	-7.1113	-4.466	-1.8752	0.27302	0.67221	0.85565	0.72856	0.53222	0.37904	0.26286	0.16638	0.11331	0.06649	0.016712	-0.027701	-0.043712	14.697
929.9	-0.086622	-0.11833	-0.20648	-0.28804	-0.44402	-0.56303	-0.88019	-1.2917	-1.7563	-2.6591	-4.0047	-4.9191	-2.1386	-9.1269	-7.0024	-4.3559	-1.8096	0.29377	0.68139	0.85686	0.72412	0.51861	0.3582	0.22948	0.14688	0.091364	0.040925	0.011409	-0.025174	-0.052431	14.527
931.39	-0.09482	-0.13058	-0.19628	-0.31021	-0.44421	-0.56654	-0.85865	-1.2106	-1.7709	-2.5943	-3.8251	-5.0562	-2.0861	-9.0067	-6.8318	-4.3232	-1.7401	0.31092	0.68975	0.86234	0.70421	0.5025	0.34065	0.21513	0.12131	0.08478	0.040859	0.026438	-0.01935	-0.032402	14.342
933.73	-0.10955	-0.14887	-0.18348	-0.30218	-0.43314	-0.56863	-0.86499	-1.2453	-1.7126	-2.4843	-3.7882	-4.6436	-2.1135	-8.717	-6.7086	-4.0047	-1.6422	0.34003	0.70138	0.84308	0.70244	0.49616	0.33738	0.2269	0.13938	0.095806	0.051057	0.0098619	-0.048146	-0.061764	14.13
934.9	-0.10609	-0.11149	-0.18653	-0.28087	-0.4082	-0.58284	-0.84771	-1.2446	-1.6598	-2.6104	-3.8016	-4.6973	-2.0783	-8.4553	-6.4797	-4.0338	-1.5533	0.37736	0.72011	0.84459	0.67882	0.49554	0.32568	0.20039	0.11396	0.072438	0.044663	0.0061012	-0.044792	-0.048972	13.914
935.22	-0.086959	-0.10603	-0.1709	-0.27916	-0.39993	-0.5686	-0.83045	-1.2147	-1.6846	-2.4976	-3.7368	-4.5513	-2.1999	-8.2665	-6.2041	-3.7252	-1.443	0.39742	0.73085	0.84089	0.68914	0.48184	0.3135	0.19623	0.10322	0.067605	0.028827	-0.00064324	-0.030789	-0.048159	13.686
936.28	-0.073592	-0.10901	-0.17479	-0.28286	-0.40579	-0.52763	-0.80563	-1.2018	-1.6755	-2.5635	-3.4695	-4.4274	-2.0996	-8.0472	-6.1266	-3.5164	-1.3546	0.42678	0.74412	0.8297	0.67944	0.48467	0.31234	0.187	0.096224	0.061123	0.032744	-0.023095	-0.044726	-0.068738	13.465
936.18	-0.086041	-0.12372	-0.18873	-0.24591	-0.40854	-0.54698	-0.79108	-1.1979	-1.6157	-2.538	-3.5878	-4.3685	-2.2384	-7.8462	-5.8718	-3.5339	-1.2426	0.45839	0.77554	0.82127	0.64869	0.46615	0.2971	0.1903	0.092415	0.052326	0.020894	-0.019354	-0.051308	-0.04573	13.205
936.6	-0.095121	-0.11593	-0.18046	-0.26187	-0.3849	-0.5292	-0.81767	-1.1777	-1.6055	-2.5713	-3.5227	-4.4343	-2.107	-7.6489	-5.7634	-3.1829	-1.1513	0.48798	0.76892	0.80471	0.65245	0.44567	0.28812	0.15995	0.083209	0.043499	0.004299	-0.014858	-0.060322	-0.059987	12.988
936.6	-0.11419	-0.13217	-0.1821	-0.25785	-0.39392	-0.49765	-0.78533	-1.1417	-1.6047	-2.4251	-3.4411	-4.2477	-2.0256	-7.4633	-5.4993	-3.1829	-1.0662	0.51252	0.78224	0.81068	0.63867	0.43216	0.26883	0.16976	0.076337	0.029096	0.0019291	-0.017101	-0.051285	-0.04571	12.751
936.07	-0.095176	-0.1129	-0.18465	-0.2387	-0.3788	-0.49355	-0.74186	-1.1587	-1.5795	-2.4264	-3.3615	-4.3435	-2.0268	-7.2413	-5.2381	-3.0057	-0.96862	0.55139	0.80698	0.80517	0.63417	0.42227	0.25773	0.16331	0.074852	0.021908	-0.0028137	-0.029836	-0.048026	-0.056053	12.467
935.43	-0.09773	-0.11453	-0.18314	-0.25013	-0.3899	-0.50266	-0.7894	-1.1538	-1.5521	-2.497	-3.3637	-4.1427	-2.0445	-7.1089	-5.03	-2.7689	-0.86281	0.58424	0.80125	0.79975	0.59726	0.40735	0.25066	0.13722	0.051964	0.013108	-0.0043965	-0.040345	-0.058754	-0.068005	12.211
934.9	-0.10775	-0.12544	-0.16112	-0.22451	-0.35126	-0.51612	-0.77056	-1.1061	-1.5435	-2.1882	-3.4292	-3.9496	-2.0783	-6.9431	-4.9182	-2.7022	-0.78955	0.60213	0.80406	0.79423	0.5911	0.39574	0.24356	0.1209	0.047404	-0.0029176	-0.012312	-0.038869	-0.061255	-0.05374	11.921
935.01	-0.097775	-0.11535	-0.15865	-0.23897	-0.35212	-0.47129	-0.78513	-1.0904	-1.5117	-2.2225	-3.2291	-4.0256	-2.0943	-6.7564	-4.6354	-2.5226	-0.71162	0.62137	0.82358	0.76939	0.58535	0.37793	0.23145	0.12335	0.042808	0.015519	-0.017057	-0.046359	-0.057956	-0.053734	11.653
934.26	-0.077075	-0.10382	-0.14975	-0.22547	-0.36506	-0.49187	-0.73789	-1.0757	-1.497	-2.3535	-3.1044	-3.8673	-2.1042	-6.6242	-4.5773	-2.2684	-0.61132	0.66228	0.82503	0.75975	0.56793	0.374	0.22197	0.10459	0.021405	-0.0069298	-0.038453	-0.051646	-0.05965	-0.055367	11.344
934.05	-0.088731	-0.09376	-0.13338	-0.22713	-0.34072	-0.51132	-0.74347	-1.0448	-1.4538	-2.0695	-3.1324	-3.8511	-2.023	-6.2372	-4.3046	-2.2005	-0.52124	0.68968	0.8417	0.74967	0.55749	0.35546	0.21638	0.10543	0.037492	-0.01255	-0.040045	-0.050158	-0.057191	-0.056174	11.059
934.15	-0.05298	-0.076693	-0.12106	-0.21099	-0.33526	-0.45942	-0.72176	-1.0602	-1.441	-2.1296	-2.8866	-3.6211	-2.0881	-5.9451	-4.0746	-1.8159	-0.41703	0.70629	0.84868	0.73335	0.53304	0.33172	0.19138	0.078355	0.020644	-0.011745	-0.029745	-0.043399	-0.053066	-0.049806	10.769
934.26	-0.055468	-0.063505	-0.11285	-0.21499	-0.33251	-0.46815	-0.69852	-1.0495	-1.4091	-2.2673	-2.9862	-3.5867	-2.1776	-5.6774	-4.0388	-1.8157	-0.3112	0.7396	0.8635	0.72985	0.53461	0.32576	0.17927	0.075886	0.017579	-0.010138	-0.023408	-0.041144	-0.044823	-0.049005	10.464
934.69	-0.039658	-0.082074	-0.10296	-0.19798	-0.35767	-0.47145	-0.74682	-1.0088	-1.3887	-2.1887	-2.7578	-3.5086	-2.144	-5.5292	-3.7104	-1.5245	-0.20532	0.76297	0.87723	0.72269	0.5108	0.30954	0.1663	0.067654	0.0037974	-0.025369	-0.043975	-0.059867	-0.045627	-0.050572	10.19
934.79	-0.051282	-0.071217	-0.10705	-0.20601	-0.35039	-0.47227	-0.70507	-0.9874	-1.3577	-2.266	-2.7756	-3.3892	-2.0622	-5.3102	-3.5247	-1.3451	-0.11105	0.78308	0.87478	0.7098	0.50587	0.29174	0.15743	0.056173	-0.0061503	-0.026168	-0.042388	-0.046369	-0.048916	-0.027517	9.8938
935.01	-0.036323	-0.050288	-0.089	-0.18584	-0.32049	-0.45022	-0.69411	-0.96423	-1.3376	-2.0502	-2.7386	-3.346	-2.0209	-5.0179	-3.2152	-1.3106	-0.045474	0.81626	0.87536	0.70367	0.47814	0.28237	0.14934	0.031579	-0.0099745	-0.039788	-0.049498	-0.045608	-0.042319	-0.036251	9.5631
935.64	-0.008913	-0.041737	-0.1135	-0.21306	-0.34375	-0.46307	-0.72832	-0.96848	-1.3224	-2.0918	-2.6279	-3.2078	-1.9625	-4.7882	-3.0103	-1.0453	0.024974	0.81834	0.86143	0.66566	0.45996	0.25091	0.14843	0.026644	-0.026021	-0.034955	-0.053419	-0.056812	-0.039823	-0.03305	9.2913
936.71	-0.027139	-0.054834	-0.095381	-0.22889	-0.36772	-0.45641	-0.70978	-0.98292	-1.3044	-2.0636	-2.5705	-3.3314	-1.9521	-4.3712	-2.8484	-1.0186	0.096101	0.82442	0.86359	0.6436	0.4416	0.24049	0.1129	0.02498	-0.023701	-0.048518	-0.069944	-0.057495	-0.039778	-0.019528	8.9785
937.56	-0.020488	-0.039334	-0.088756	-0.203	-0.34666	-0.45162	-0.67683	-0.94935	-1.2677	-1.9758	-2.5863	-3.2436	-2.0642	-4.3511	-2.6874	-0.83041	0.18508	0.83943	0.85342	0.63621	0.4242	0.23522	0.10799	0.0069782	-0.031308	-0.045275	-0.065147	-0.054452	-0.039742	-0.015547	8.7096
938.52	0.0060075	-0.013057	-0.077237	-0.2076	-0.3508	-0.44678	-0.66692	-0.93205	-1.2143	-1.7764	-2.4932	-3.0626	-2.0865	-4.113	-2.5177	-0.84656	0.25836	0.84032	0.87052	0.6262	0.41001	0.22487	0.099855	0.011871	-0.03966	-0.062797	-0.061926	-0.063356	-0.039701	-0.026616	8.4042
938.73	0.0026978	-0.029256	-0.09436	-0.20755	-0.33902	-0.45892	-0.666	-0.92531	-1.2149	-1.7588	-2.4293	-3.0788	-2.021	-3.9993	-2.3414	-0.57433	0.31706	0.85587	0.85392	0.59971	0.37999	0.18944	0.085398	-0.00037465	-0.041174	-0.072364	-0.072157	-0.057371	-0.029854	-0.01078	8.1457
939.16	0.0084839	-0.0030225	-0.09921	-0.20185	-0.30828	-0.46396	-0.67261	-0.889	-1.1741	-1.8867	-2.2654	-2.9082	-2.0851	-3.8204	-2.1823	-0.4636	0.39115	0.86073	0.85431	0.59434	0.37415	0.18767	0.068529	-0.011793	-0.050294	-0.060361	-0.068187	-0.06182	-0.020007	-0.0028635	7.8524
938.73	0.021723	0.0023769	-0.09436	-0.19232	-0.33632	-0.43094	-0.62682	-0.87471	-1.1487	-1.8275	-2.2212	-2.7488	-2.0048	-3.6128	-2.1657	-0.23429	0.42316	0.86024	0.85391	0.56145	0.35653	0.16501	0.060542	-0.019146	-0.061747	-0.069969	-0.080038	-0.067074	-0.028214	-0.0091948	7.5529
938.41	0.012627	-0.026951	-0.091125	-0.21484	-0.33734	-0.44771	-0.63779	-0.88072	-1.1506	-1.6736	-2.1406	-2.7074	-2.0786	-3.4206	-1.8764	-0.23437	0.49433	0.85966	0.84482	0.55654	0.33642	0.14821	0.038906	-0.044459	-0.061768	-0.063604	-0.07297	-0.056644	-0.025763	-0.0084081	7.2488
937.99	0.020084	-0.013835	-0.091983	-0.22698	-0.33209	-0.45754	-0.6127	-0.86397	-1.122	-1.6229	-2.1053	-2.5985	-2.1365	-3.2529	-1.8949	-0.20895	0.54601	0.86793	0.82722	0.53382	0.31309	0.13732	0.032503	-0.041212	-0.068658	-0.075617	-0.087989	-0.064139	-0.016752	0.0026792	6.9553
937.13	0.025902	0.01011	-0.078987	-0.2304	-0.3378	-0.46408	-0.63558	-0.82715	-1.0938	-1.5298	-2.0438	-2.4653	-2.0977	-3.0542	-1.571	-0.13248	0.58492	0.87397	0.82171	0.52153	0.29798	0.11973	0.015663	-0.053512	-0.066432	-0.080485	-0.073069	-0.055225	-0.006092	0.01933	6.6556
936.28	0.027585	0.004704	-0.081512	-0.229	-0.31193	-0.42856	-0.5961	-0.82136	-1.0798	-1.5656	-1.9187	-2.4251	-1.9367	-2.9116	-1.3081	0.020817	0.62228	0.86162	0.80914	0.49729	0.27554	0.10717	0.017286	-0.055198	-0.072603	-0.088563	-0.079456	-0.056773	-0.020891	0.008239	6.3876
935.33	0.027613	-0.0045827	-0.11354	-0.22118	-0.32038	-0.4448	-0.58129	-0.81728	-1.0492	-1.6102	-2.0024	-2.2322	-2.1181	-2.8338	-1.283	0.029366	0.65404	0.8625	0.78488	0.48074	0.26121	0.082766	-0.010864	-0.079009	-0.087971	-0.10628	-0.084284	-0.067318	-0.0069277	0.015396	6.1484
934.9	0.01932	-0.016205	-0.11687	-0.24383	-0.31149	-0.45115	-0.61704	-0.80864	-1.0291	-1.6282	-1.867	-2.2418	-1.9477	-2.4873	-1.213	0.1318	0.67564	0.83831	0.78209	0.45876	0.24021	0.069269	-0.017311	-0.066753	-0.093368	-0.095908	-0.098566	-0.059106	-0.0044613	0.011428	5.8728
935.01	0.047551	-0.0053599	-0.12751	-0.21562	-0.33676	-0.42915	-0.60231	-0.77577	-1.0029	-1.5333	-1.9213	-2.1396	-2.0617	-2.4143	-0.98352	0.22567	0.73456	0.8426	0.77181	0.43225	0.22069	0.066724	-0.026969	-0.089688	-0.11095	-0.11032	-0.074028	-0.064343	-0.007751	0.029704	5.638
935.33	0.035083	-0.0014855	-0.11845	-0.22521	-0.34929	-0.43163	-0.57821	-0.77059	-0.98832	-1.6102	-1.7028	-2.0624	-2.1018	-2.1305	-0.95674	0.30239	0.75725	0.83968	0.75194	0.40992	0.21088	0.046412	-0.040641	-0.0872	-0.099442	-0.099069	-0.1009	-0.050837	0.0095275	0.031284	5.391
936.39	0.035043	-0.017727	-0.12896	-0.25389	-0.34258	-0.42062	-0.58756	-0.76972	-0.96587	-1.3847	-1.6373	-2.1279	-2.0098	-2.1846	-0.84115	0.45545	0.77029	0.83785	0.7127	0.37877	0.18631	0.016806	-0.034968	-0.10101	-0.11079	-0.10296	-0.09683	-0.062752	-0.0077396	0.028074	5.1789
937.24	0.023413	-0.012301	-0.11821	-0.21832	-0.32424	-0.41937	-0.57087	-0.76085	-0.93657	-1.4866	-1.5453	-1.8971	-2.0161	-1.8761	-0.72598	0.47205	0.80801	0.81782	0.69796	0.34267	0.15049	0.019322	-0.052606	-0.10909	-0.10305	-0.10846	-0.090428	-0.053725	-0.00034394	0.024877	4.9622
940.11	0.041511	-0.0053308	-0.11704	-0.20645	-0.30437	-0.40674	-0.56298	-0.7357	-0.92112	-1.3964	-1.5315	-1.8829	-2.0586	-1.8463	-0.522	0.58945	0.82673	0.81532	0.68413	0.35096	0.14357	-0.0084952	-0.063653	-0.1055	-0.099696	-0.098564	-0.092512	-0.065485	0.011115	0.041399	4.7757
942.88	0.022449	-0.031431	-0.12563	-0.24815	-0.31871	-0.40293	-0.54756	-0.71323	-0.90586	-1.2044	-1.6441	-1.7847	-2.1011	-1.7206	-0.58169	0.64699	0.82755	0.78594	0.66267	0.322	0.12945	-0.017693	-0.074643	-0.12063	-0.10396	-0.1102	-0.092241	-0.059347	-0.010952	0.026306	4.5938
943.94	0.033117	0.0046658	-0.12549	-0.20641	-0.33894	-0.42074	-0.57522	-0.7108	-0.89309	-1.2542	-1.5613	-1.7238	-2.0745	-1.6145	-0.40629	0.65472	0.85341	0.79114	0.6526	0.30134	0.10678	-0.025213	-0.074559	-0.10426	-0.099291	-0.10372	-0.083516	-0.054827	0.019226	0.03336	4.427
945.65	0.04948	-0.0091284	-0.11635	-0.21797	-0.33029	-0.38699	-0.55588	-0.71196	-0.85627	-1.2094	-1.2801	-1.5611	-2.0385	-1.4357	-0.35322	0.72948	0.84458	0.76802	0.63203	0.29911	0.11382	-0.026003	-0.087957	-0.12189	-0.11424	-0.094026	-0.084147	-0.056211	0.014307	0.035657	4.2799
947.03	0.039569	-0.004526	-0.10486	-0.21925	-0.30839	-0.41243	-0.53526	-0.69797	-0.85424	-1.1651	-1.3948	-1.4414	-2.0033	-1.4017	-0.26561	0.57673	0.8571	0.75823	0.59858	0.27677	0.085589	-0.035151	-0.087828	-0.11686	-0.11105	-0.10101	-0.079337	-0.04947	0.012661	0.034034	4.1207
947.56	0.029715	-0.015226	-0.13956	-0.22786	-0.33408	-0.41567	-0.56084	-0.70567	-0.83659	-1.1899	-1.3134	-1.5328	-2.0344	-1.2094	-0.30028	0.67746	0.84934	0.72748	0.5936	0.2505	0.069512	-0.043476	-0.097312	-0.12003	-0.12382	-0.10491	-0.091005	-0.051661	0.0037197	0.019901	4.051
948.31	0.041153	0.0069358	-0.11764	-0.24515	-0.3258	-0.42399	-0.5353	-0.70107	-0.82189	-1.1125	-1.1959	-1.3975	-1.9443	-1.1925	-0.26526	0.70219	0.84463	0.71999	0.56529	0.23516	0.073463	-0.038439	-0.097236	-0.11913	-0.11844	-0.10799	-0.08313	-0.044968	0.011019	0.029288	3.9706
948.63	0.031318	-0.0083352	-0.11922	-0.21491	-0.33281	-0.40741	-0.53436	-0.67338	-0.83175	-1.0612	-1.2224	-1.4389	-1.807	-1.1284	-0.11736	0.65988	0.85404	0.71196	0.54809	0.22667	0.059028	-0.053429	-0.094029	-0.1207	-0.11162	-0.12138	-0.095581	-0.042	0.0077724	0.034761	3.8492
947.88	0.030522	-0.027445	-0.14113	-0.24605	-0.31792	-0.41726	-0.54163	-0.68118	-0.80353	-1.0875	-1.1965	-1.5323	-2.0337	-1.1213	-0.10876	0.74459	0.84825	0.69693	0.5431	0.22516	0.049462	-0.072658	-0.10284	-0.11837	-0.10944	-0.10487	-0.080827	-0.044989	0.014273	0.044193	3.8128
947.24	0.042018	0.0023555	-0.15255	-0.23271	-0.33598	-0.39847	-0.52753	-0.68407	-0.79391	-1.1903	-1.1793	-1.3404	-1.9304	-0.95442	-0.11753	0.73666	0.85448	0.69393	0.52256	0.20509	0.035065	-0.069366	-0.10291	-0.10875	-0.11178	-0.097822	-0.07229	-0.031705	0.019969	0.034029	3.7506
946.5	0.03877	-0.022895	-0.13001	-0.23448	-0.32285	-0.40833	-0.53861	-0.68137	-0.8047	-1.0891	-1.3776	-1.4674	-1.9883	-0.93918	0.13507	0.83844	0.84948	0.68754	0.52839	0.19767	0.039907	-0.07694	-0.11571	-0.12907	-0.1164	-0.11136	-0.077037	-0.051716	0.035432	0.034053	3.7203
945.43	0.034708	-0.016024	-0.15203	-0.24828	-0.3393	-0.40445	-0.53541	-0.66674	-0.797	-1.0392	-1.3073	-1.3514	-2.1116	-0.98823	0.082874	0.72965	0.86016	0.68137	0.5189	0.19198	0.030314	-0.061973	-0.11027	-0.13327	-0.11427	-0.095633	-0.071646	-0.051775	0.0077987	0.038808	3.6975
944.9	0.021581	-0.012201	-0.12942	-0.25479	-0.34843	-0.42639	-0.53571	-0.68252	-0.76534	-1.0057	-1.2002	-1.3521	-2.0482	-0.94077	-0.048002	0.73006	0.85416	0.66438	0.5091	0.1904	0.029527	-0.069538	-0.10635	-0.12037	-0.10903	-0.094892	-0.076384	-0.040682	0.023276	0.049838	3.7263
944.26	0.024883	-0.01988	-0.15466	-0.22547	-0.33167	-0.41016	-0.53072	-0.6627	-0.7925	-0.94669	-1.1651	-1.3699	-2.09	-0.80529	0.039312	0.80661	0.86366	0.66657	0.51644	0.1863	0.027134	-0.08131	-0.11599	-0.11396	-0.10911	-0.10131	-0.071735	-0.039225	0.018403	0.027052	3.7142
944.8	0.03884	-0.014503	-0.14484	-0.25004	-0.34668	-0.40646	-0.53348	-0.68178	-0.79284	-0.95469	-1.2453	-1.2514	-1.9758	-0.87687	0.1004	0.78925	0.85912	0.66272	0.51382	0.18451	0.030335	-0.086285	-0.10238	-0.11308	-0.11434	-0.10125	-0.085006	-0.038462	0.037939	0.043553	3.7218
945.33	0.029785	0.0038918	-0.13179	-0.24512	-0.34381	-0.41317	-0.55607	-0.66924	-0.79083	-0.98824	-1.2087	-1.3935	-1.8213	-0.96434	-0.039261	0.75506	0.85621	0.68145	0.51586	0.18525	0.022285	-0.090418	-0.11824	-0.13652	-0.10747	-0.10674	-0.08574	-0.046593	0.024081	0.054531	3.7172
945.86	0.038796	-0.0083596	-0.12362	-0.25692	-0.32485	-0.43203	-0.54126	-0.66887	-0.78021	-0.90252	-1.0554	-1.2836	-1.8526	-0.99577	-0.074115	0.69557	0.85006	0.67065	0.50626	0.18346	0.019864	-0.091204	-0.12295	-0.12835	-0.12253	-0.096382	-0.064575	-0.041381	0.032202	0.034076	3.7051
946.39	0.035493	-0.023661	-0.14297	-0.23848	-0.34699	-0.3997	-0.54096	-0.65959	-0.76414	-1.0041	-1.0638	-1.3836	-1.9805	-1.0671	0.047933	0.79635	0.85767	0.67808	0.5114	0.19769	0.028677	-0.076114	-0.10936	-0.12827	-0.11944	-0.10108	-0.076264	-0.037655	0.015108	0.045834	3.7339
946.07	0.025657	-0.019842	-0.13978	-0.23459	-0.33461	-0.38682	-0.52895	-0.66224	-0.79724	-1.0726	-1.0372	-1.3253	-1.9167	-0.93162	-0.082811	0.81351	0.85149	0.66269	0.51468	0.20197	0.043134	-0.070289	-0.11656	-0.13075	-0.1157	-0.0924	-0.06847	-0.035446	0.037077	0.050562	3.7309
945.54	0.046201	-0.022151	-0.14391	-0.25701	-0.3625	-0.42524	-0.52543	-0.66747	-0.79143	-1.0476	-1.1635	-1.1664	-1.8532	-0.94014	0.0043707	0.67047	0.8309	0.66827	0.50178	0.19027	0.031112	-0.0812	-0.10867	-0.14459	-0.12257	-0.11068	-0.076333	-0.019905	0.033841	0.031731	3.7081
945.33	0.03389	-0.015262	-0.13746	-0.23955	-0.35543	-0.42099	-0.55454	-0.66681	-0.80413	-1.0223	-1.1009	-1.2171	-1.9585	-0.84438	-0.039261	0.69595	0.8635	0.65713	0.49723	0.18778	0.022285	-0.072854	-0.11028	-0.11788	-0.10369	-0.0893	-0.069306	-0.022133	0.043616	0.047458	3.7552
946.5	0.033028	-0.008354	-0.15186	-0.26947	-0.34874	-0.42654	-0.53861	-0.66842	-0.79297	-1.0636	-1.27	-1.3666	-2.0689	-0.89925	0.13507	0.77942	0.86729	0.66326	0.50204	0.19345	0.020651	-0.055219	-0.11492	-0.1234	-0.093734	-0.09315	-0.065313	-0.018402	0.031367	0.062313	3.8689
946.6	0.024821	-0.022126	-0.13728	-0.26149	-0.34781	-0.42909	-0.54541	-0.67886	-0.79914	-1.055	-1.1442	-1.3581	-1.9156	-0.92311	-0.021775	0.92265	0.86638	0.67793	0.49501	0.17994	0.036693	-0.066907	-0.097411	-0.11692	-0.099769	-0.077304	-0.062178	-0.025064	0.035429	0.055243	4.0312
946.6	0.034665	-0.029013	-0.14861	-0.26467	-0.38262	-0.44817	-0.57741	-0.69505	-0.83274	-0.96137	-1.1532	-1.3917	-1.972	-0.85123	0.18733	0.87205	0.86962	0.67619	0.50664	0.20523	0.047121	-0.049367	-0.08071	-0.089398	-0.061989	-0.06226	-0.048892	-0.030246	0.045996	0.065447	4.1328
946.71	0.032201	-0.0075889	-0.16073	-0.26464	-0.37097	-0.42904	-0.55068	-0.68607	-0.82093	-1.1399	-1.1082	-1.3076	-1.9315	-0.98689	0.021779	0.88882	0.87438	0.69779	0.53137	0.20268	0.047116	-0.042679	-0.084678	-0.10476	-0.071048	-0.082837	-0.049669	-0.027282	0.041115	0.058376	4.2618
947.35	0.037918	-0.03587	-0.15011	-0.26764	-0.37875	-0.46861	-0.56858	-0.70502	-0.80319	-1.0882	-1.2509	-1.4493	-1.9785	-0.93036	0.030483	0.75343	0.84953	0.70512	0.53876	0.22782	0.059107	-0.045988	-0.079853	-0.09337	-0.086854	-0.073289	-0.034016	-0.016169	0.050834	0.054414	4.4119
948.09	0.032972	-0.023619	-0.15969	-0.27934	-0.38024	-0.44227	-0.59476	-0.71497	-0.8369	-1.0363	-1.2141	-1.5151	-1.8563	-1.137	-0.039146	0.69392	0.86179	0.71409	0.55536	0.22932	0.070276	-0.036778	-0.067088	-0.082792	-0.067172	-0.059792	-0.048033	-0.025762	0.025633	0.05202	4.6105
