12062	1	3	91	27.3	757	1	10	6	1.165	128	4096	10	0	0	0	0	149.12	936.39	1.4175e+006	0.11514	0.050319	40.004	0	0	1	0	0	0	11	0	0
953.69	0.012116	-0.056896	-0.17739	-0.30566	-0.413	-0.52817	-0.68164	-0.88114	-1.0736	-1.514	-2.0105	-2.3549	4.3263	-2.6466	-1.2528	0.18694	0.67893	0.85372	0.77682	0.47914	0.27852	0.12949	0.045431	-0.0016375	-0.01509	-0.023244	-0.024046	-0.0082572	0.021788	0.03456	7.5363
950.39	0.0072553	-0.044138	-0.15866	-0.28533	-0.42422	-0.5205	-0.67414	-0.91563	-1.1341	-1.7312	-2.0085	-2.3129	4.3413	-2.8786	-1.4046	-0.0055455	0.63695	0.85582	0.80499	0.50684	0.30985	0.16904	0.055885	0.018509	-0.008367	-0.012286	-0.0046692	-0.012709	0.010526	0.031552	7.8433
949.22	0.010536	-0.048008	-0.17903	-0.30868	-0.43987	-0.53671	-0.71069	-0.91999	-1.1667	-1.7503	-2.0736	-2.5249	4.5073	-2.9857	-1.5975	-0.16528	0.58931	0.86898	0.82916	0.53941	0.33583	0.18758	0.084503	0.036287	0.023269	0.0011226	-0.013249	0.0079438	0.026754	0.045681	8.1215
949.54	0.0097152	-0.043414	-0.16687	-0.31175	-0.42282	-0.55468	-0.73171	-0.94146	-1.2045	-1.7412	-2.3233	-2.7081	4.3773	-3.327	-1.7968	-0.22406	0.50843	0.85832	0.82656	0.54007	0.34772	0.18918	0.10746	0.046764	0.011962	-0.0028265	-0.00077846	0.0072036	0.028364	0.0441	8.4254
951.56	0.015406	-0.031146	-0.1802	-0.29685	-0.43257	-0.55437	-0.73319	-0.96845	-1.2113	-1.7544	-2.1042	-2.7274	4.4081	-3.4789	-1.8536	-0.30745	0.46709	0.85563	0.83637	0.58756	0.38129	0.22451	0.11594	0.061158	0.051776	0.016084	0.024102	0.013815	0.016174	0.033859	8.7322
953.69	-0.00091163	-0.054619	-0.16775	-0.30881	-0.44667	-0.56604	-0.73761	-0.98316	-1.2535	-1.8012	-2.4378	-2.8046	4.2943	-3.6693	-2.1003	-0.59964	0.4042	0.84684	0.86527	0.60466	0.40035	0.25137	0.13462	0.074678	0.04416	0.025477	0.028704	0.015988	0.03631	0.043131	9.0616
952.31	-0.0066204	-0.043288	-0.17684	-0.3227	-0.43578	-0.57031	-0.77049	-1.0079	-1.2771	-1.8207	-2.4592	-3.2258	4.3726	-4.0477	-2.3112	-0.70106	0.31146	0.85324	0.86037	0.629	0.42724	0.26751	0.14746	0.08122	0.056242	0.026302	0.012431	0.016747	0.025052	0.033051	9.3592
947.63	0.0048181	-0.03051	-0.16801	-0.31476	-0.44953	-0.58959	-0.7644	-1.0234	-1.3186	-1.9147	-2.4803	-3.1076	4.3942	-4.2353	-2.488	-0.84769	0.24994	0.84532	0.86461	0.65906	0.4582	0.29303	0.16487	0.10022	0.064821	0.047786	0.032791	0.022745	0.019489	0.048896	9.6703
945.07	-0.016529	-0.045918	-0.18387	-0.32358	-0.45253	-0.58423	-0.78096	-1.0367	-1.3519	-1.9199	-2.6398	-3.3093	4.398	-4.4627	-2.7478	-0.92598	0.17199	0.85282	0.87626	0.69461	0.46908	0.31055	0.18682	0.11103	0.091484	0.038398	0.039924	0.031704	0.013842	0.034088	9.9753
945.07	-0.0050272	-0.042087	-0.17657	-0.31959	-0.44985	-0.60855	-0.81683	-1.0578	-1.3746	-2.0307	-2.7026	-3.2673	4.3334	-4.7027	-2.9921	-1.1455	0.073088	0.80679	0.87083	0.69546	0.49319	0.31976	0.19558	0.12562	0.084672	0.051086	0.042272	0.016875	0.021171	0.027801	10.312
945.5	0.00072358	-0.048197	-0.16677	-0.33537	-0.46126	-0.60046	-0.8157	-1.0735	-1.3904	-2.1661	-2.7194	-3.417	4.396	-4.9325	-3.0344	-1.1872	0.00094245	0.81163	0.87121	0.70865	0.51625	0.33634	0.21301	0.13447	0.091443	0.066916	0.049294	0.026502	0.021162	0.03879	10.609
946.67	0.004823	-0.044311	-0.19003	-0.32144	-0.47854	-0.6266	-0.83602	-1.0973	-1.4449	-2.1294	-2.7788	-3.4464	4.4067	-5.166	-3.3791	-1.3543	-0.096173	0.79242	0.86394	0.72969	0.54048	0.36015	0.23899	0.14726	0.11022	0.073166	0.056269	0.037572	0.021136	0.029323	10.937
945.61	-0.023911	-0.05049	-0.15865	-0.3226	-0.46836	-0.60821	-0.85374	-1.1487	-1.5037	-2.1999	-2.9346	-3.509	4.4117	-5.5875	-3.6359	-1.7103	-0.20566	0.76727	0.86569	0.74401	0.54671	0.37895	0.24085	0.15957	0.11564	0.077212	0.068848	0.035391	0.038249	0.030928	11.234
944.22	-0.015722	-0.058999	-0.17835	-0.33981	-0.50126	-0.61345	-0.87409	-1.1529	-1.5192	-2.2031	-3.0828	-3.6656	4.3616	-5.7318	-3.8508	-1.848	-0.29521	0.73884	0.86618	0.75947	0.56923	0.39793	0.24598	0.17522	0.12338	0.0932	0.073651	0.052512	0.033416	0.030973	11.534
942.2	-0.007515	-0.062202	-0.17061	-0.36531	-0.50862	-0.63741	-0.86219	-1.1602	-1.5664	-2.1309	-3.0083	-3.8084	4.46	-6.0891	-4.0429	-1.9537	-0.41943	0.72387	0.86337	0.78143	0.60188	0.41724	0.27687	0.17804	0.132	0.099763	0.069883	0.054111	0.02532	0.038925	11.853
941.78	-0.030603	-0.056847	-0.18288	-0.36068	-0.50257	-0.64816	-0.87177	-1.1949	-1.5632	-2.3029	-3.217	-3.9535	4.3729	-6.2444	-4.3688	-2.2426	-0.51073	0.69108	0.84117	0.77839	0.60457	0.42247	0.2754	0.19846	0.14193	0.10299	0.07934	0.039254	0.012257	0.024741	12.131
942.1	-0.014109	-0.061439	-0.18201	-0.33419	-0.48715	-0.69237	-0.89674	-1.1986	-1.6027	-2.362	-3.3511	-3.9437	4.4362	-6.5312	-4.6299	-2.4367	-0.62847	0.65948	0.83387	0.79423	0.61887	0.43072	0.29927	0.21384	0.15631	0.12046	0.081671	0.064531	0.031857	0.025522	12.447
943.37	-0.02479	-0.052911	-0.17527	-0.33373	-0.5053	-0.6575	-0.91463	-1.2294	-1.6249	-2.3844	-3.3466	-3.9721	4.4706	-6.8189	-4.8685	-2.5941	-0.75675	0.61943	0.8273	0.81092	0.63092	0.46366	0.32201	0.23142	0.15382	0.11473	0.087833	0.059987	0.037524	0.023914	12.738
941.99	-0.034717	-0.076055	-0.1739	-0.34461	-0.50963	-0.69071	-0.91292	-1.2369	-1.6712	-2.5418	-3.3786	-4.2562	4.3719	-7.1821	-5.1645	-2.6657	-0.87741	0.59594	0.8036	0.82566	0.65441	0.47358	0.32248	0.21793	0.16847	0.11968	0.08482	0.051149	0.012255	0.01054	12.998
939.01	-0.053847	-0.071669	-0.15895	-0.33368	-0.51575	-0.64745	-0.93117	-1.2653	-1.7183	-2.5671	-3.543	-4.2443	4.3695	-7.5108	-5.4093	-3.1586	-1.0067	0.54975	0.79912	0.83508	0.66781	0.48266	0.32831	0.23657	0.17663	0.12484	0.10006	0.05952	0.0057379	0.012946	13.244
937.84	-0.037355	-0.074075	-0.1763	-0.33731	-0.49747	-0.64475	-0.94464	-1.2832	-1.6983	-2.5445	-3.7919	-4.3258	4.4563	-7.6975	-5.6887	-3.3242	-1.1206	0.51018	0.78213	0.84378	0.68727	0.49675	0.34558	0.24422	0.17685	0.1282	0.10728	0.061834	0.032	0.0089998	13.486
938.05	-0.053902	-0.087184	-0.17953	-0.34285	-0.49285	-0.63673	-0.93366	-1.3107	-1.7287	-2.6985	-3.7367	-4.5365	4.309	-7.9537	-5.9599	-3.383	-1.211	0.47418	0.75849	0.81892	0.67902	0.50001	0.34951	0.25396	0.17147	0.12657	0.10805	0.049869	0.017229	-0.00050634	13.73
936.88	-0.054797	-0.083428	-0.15767	-0.34489	-0.53135	-0.66907	-0.95023	-1.3132	-1.7482	-2.6159	-3.7505	-4.6016	4.4365	-8.1169	-5.9498	-3.498	-1.3221	0.45287	0.75474	0.85657	0.69851	0.52342	0.36602	0.26655	0.1984	0.15233	0.11055	0.073116	0.013965	0.020113	13.933
937.84	-0.073784	-0.091836	-0.16813	-0.3341	-0.50287	-0.6395	-0.92926	-1.3012	-1.763	-2.8022	-3.8462	-4.6223	4.4401	-8.2699	-6.2427	-3.7327	-1.4204	0.42615	0.74928	0.85825	0.7148	0.52963	0.37608	0.26872	0.20354	0.15137	0.1128	0.070054	0.010667	0.0010772	14.174
936.99	-0.066394	-0.091147	-0.16665	-0.32958	-0.47177	-0.66461	-0.95704	-1.3212	-1.7954	-2.7703	-3.886	-4.8045	4.3301	-8.471	-6.3452	-3.7957	-1.497	0.38274	0.71943	0.85903	0.70572	0.54362	0.37401	0.25998	0.18922	0.14031	0.10343	0.064134	0.026284	0.0034587	14.375
934.01	-0.061618	-0.13098	-0.17374	-0.33466	-0.50855	-0.67552	-0.96396	-1.2959	-1.8178	-2.7705	-3.8075	-4.9814	4.3521	-8.7814	-6.4449	-3.8761	-1.5993	0.36375	0.71858	0.86006	0.7283	0.53688	0.4018	0.29197	0.20514	0.16242	0.10059	0.06134	-0.0057659	-0.0013021	14.556
931.77	-0.090099	-0.11498	-0.18403	-0.33466	-0.45899	-0.68331	-0.9833	-1.3294	-1.7959	-2.6908	-3.9715	-4.9081	4.3462	-8.8268	-6.7436	-4.0567	-1.6566	0.34612	0.71401	0.87754	0.73331	0.55684	0.39307	0.29514	0.2087	0.15075	0.11672	0.065998	0.014867	-0.0044961	14.718
930.18	-0.089417	-0.11595	-0.17858	-0.3498	-0.47522	-0.67389	-0.96871	-1.3696	-1.8316	-2.7647	-4.1244	-4.9592	4.3291	-9.1183	-7.0035	-4.4069	-1.7814	0.30347	0.68921	0.86875	0.74354	0.55695	0.39212	0.28659	0.20598	0.15987	0.11294	0.063852	0.0008282	-0.018883	14.863
930.49	-0.10775	-0.12992	-0.20239	-0.30357	-0.49322	-0.67807	-0.94047	-1.3732	-1.8724	-2.781	-4.1047	-5.0856	4.3849	-9.2208	-6.9833	-4.5769	-1.8244	0.27073	0.68109	0.87874	0.74492	0.5763	0.4017	0.29884	0.21821	0.16545	0.12165	0.068348	-0.00082677	-0.017279	15.008
933.37	-0.092439	-0.1334	-0.1911	-0.31312	-0.49532	-0.65576	-0.9708	-1.3895	-1.8262	-2.7638	-4.1467	-5.0274	4.445	-9.3382	-7.1651	-4.5799	-1.8885	0.26286	0.67664	0.87604	0.75076	0.57114	0.41336	0.31023	0.21907	0.16816	0.12048	0.068137	0.0024734	-0.014042	15.129
933.79	-0.12649	-0.14575	-0.20332	-0.34119	-0.49419	-0.67831	-0.95877	-1.3659	-1.8982	-2.7539	-4.163	-5.1782	4.3204	-9.5687	-7.3031	-4.7145	-1.9459	0.22934	0.65826	0.87478	0.74717	0.57765	0.41237	0.2904	0.20902	0.14882	0.10933	0.066605	-0.015657	-0.018808	15.252
932.62	-0.13331	-0.16302	-0.21179	-0.29965	-0.48032	-0.6422	-0.97235	-1.3627	-1.895	-2.9129	-4.2046	-5.1762	4.4404	-9.4429	-7.4272	-4.6862	-1.9862	0.22875	0.65909	0.88101	0.76602	0.58516	0.41854	0.30473	0.20775	0.15704	0.11582	0.056921	-0.012377	-0.03636	15.347
931.77	-0.13343	-0.16084	-0.20458	-0.33385	-0.48801	-0.62781	-0.96473	-1.3623	-1.8309	-2.8809	-4.1811	-5.1468	4.3708	-9.5733	-7.4252	-4.7933	-2.0414	0.20077	0.65891	0.88867	0.7659	0.58654	0.41973	0.30419	0.21177	0.15397	0.12069	0.058477	-0.014866	-0.044367	15.435
932.41	-0.15582	-0.18481	-0.21512	-0.33766	-0.47589	-0.63706	-0.94008	-1.326	-1.8542	-2.853	-4.0963	-5.3393	4.2778	-9.6965	-7.4732	-4.9612	-2.0647	0.18742	0.64508	0.88122	0.75968	0.57681	0.41459	0.29822	0.21393	0.1627	0.10553	0.056934	-0.020633	-0.049118	15.51
930.71	-0.13942	-0.18904	-0.22622	-0.34313	-0.46678	-0.6153	-0.95498	-1.3449	-1.8648	-2.815	-4.1403	-5.3405	4.4741	-9.7223	-7.5755	-4.9017	-2.0602	0.21158	0.65887	0.89312	0.77168	0.58382	0.4291	0.29877	0.20587	0.14931	0.10811	0.057792	-0.027285	-0.047611	15.534
930.6	-0.16113	-0.19995	-0.23118	-0.32456	-0.47955	-0.61978	-0.92099	-1.2875	-1.8451	-2.9365	-4.0586	-5.1875	4.3353	-9.5772	-7.4168	-4.7307	-2.0366	0.20808	0.65106	0.87693	0.77258	0.60427	0.43643	0.3021	0.22664	0.17027	0.12322	0.041986	-0.038037	-0.048414	15.582
931.88	-0.18841	-0.18802	-0.24238	-0.34027	-0.47617	-0.6295	-0.9174	-1.3153	-1.8712	-2.8979	-4.1533	-5.2485	4.272	-9.6452	-7.6544	-4.7585	-2.0757	0.18753	0.6486	0.88258	0.76174	0.58478	0.41968	0.30908	0.20868	0.13465	0.10082	0.043433	-0.0256	-0.055524	15.623
930.81	-0.18696	-0.21469	-0.22619	-0.30832	-0.45492	-0.60024	-0.91148	-1.3423	-1.8383	-2.8233	-4.0942	-5.1948	4.408	-9.64	-7.3974	-4.8583	-2.0657	0.1948	0.65485	0.89044	0.75772	0.59054	0.4145	0.2938	0.20431	0.15332	0.10253	0.051011	-0.043816	-0.069955	15.647
927.94	-0.18837	-0.23955	-0.25001	-0.34659	-0.47091	-0.6021	-0.92674	-1.3118	-1.8392	-2.8234	-4.0062	-5.228	4.4463	-9.5965	-7.3759	-4.6927	-2.0581	0.19098	0.64345	0.89406	0.7748	0.57704	0.42308	0.30214	0.20956	0.15056	0.10365	0.042861	-0.038147	-0.066169	15.652
926.55	-0.22134	-0.23522	-0.26609	-0.3536	-0.49623	-0.60565	-0.87052	-1.298	-1.7981	-2.9059	-4.168	-5.1844	4.2472	-9.5701	-7.5471	-4.6911	-1.9876	0.2205	0.66103	0.87559	0.74563	0.58131	0.40665	0.2935	0.1983	0.15969	0.10619	0.036876	-0.041526	-0.074287	15.67
928.26	-0.22846	-0.23869	-0.27468	-0.3635	-0.47256	-0.62134	-0.9	-1.3171	-1.829	-2.6749	-4.014	-5.1235	4.3955	-9.4792	-7.3022	-4.7771	-1.9839	0.22629	0.64796	0.87656	0.75408	0.57002	0.40185	0.28635	0.20718	0.14486	0.099623	0.033033	-0.060516	-0.082155	15.671
932.62	-0.19908	-0.24068	-0.28572	-0.34242	-0.45314	-0.58499	-0.86872	-1.2477	-1.7689	-2.6451	-4.0498	-5.0229	4.3177	-9.3619	-7.0647	-4.652	-1.9632	0.22875	0.66224	0.87502	0.74973	0.5682	0.41047	0.28912	0.20544	0.12972	0.088846	0.042646	-0.052808	-0.079381	15.626
935.28	-0.20765	-0.2338	-0.28327	-0.35594	-0.46088	-0.56314	-0.87628	-1.236	-1.775	-2.6979	-3.9747	-5.0935	4.3706	-9.3918	-7.1945	-4.5364	-1.9174	0.22985	0.65878	0.87851	0.75816	0.56067	0.39561	0.29239	0.20104	0.14057	0.094919	0.031287	-0.049366	-0.090276	15.63
932.62	-0.20075	-0.22282	-0.2964	-0.39246	-0.50387	-0.62371	-0.878	-1.2493	-1.7586	-2.8006	-4.0134	-5.057	4.285	-9.3456	-7.3034	-4.5579	-1.913	0.24195	0.66538	0.86989	0.74973	0.56905	0.40724	0.28584	0.18704	0.1482	0.081706	0.013343	-0.061884	-0.08894	15.65
930.71	-0.20199	-0.23728	-0.30524	-0.39732	-0.50763	-0.61706	-0.87129	-1.2552	-1.7638	-2.7198	-3.9669	-4.9479	4.2692	-9.1781	-7.1678	-4.5587	-1.8824	0.27684	0.68251	0.88283	0.75944	0.57192	0.41535	0.2856	0.19357	0.12757	0.085848	0.020148	-0.067799	-0.10828	15.644
930.39	-0.2296	-0.25293	-0.32181	-0.39179	-0.52506	-0.65256	-0.79949	-1.1741	-1.7167	-2.6601	-3.8588	-5.0008	4.3035	-9.1975	-7.1082	-4.4059	-1.8476	0.26547	0.67171	0.8857	0.74256	0.56192	0.38475	0.27911	0.18902	0.12761	0.077132	0.0073519	-0.058726	-0.09634	15.64
928.05	-0.22851	-0.24421	-0.32758	-0.4382	-0.55188	-0.63564	-0.84814	-1.225	-1.7338	-2.797	-3.9692	-4.9193	4.3636	-9.0333	-6.9395	-4.3826	-1.7987	0.28029	0.68842	0.86472	0.73871	0.55226	0.37761	0.27651	0.16175	0.12309	0.078122	0.0096357	-0.068824	-0.098987	15.644
929.22	-0.26081	-0.27352	-0.32881	-0.44008	-0.53027	-0.59862	-0.86958	-1.169	-1.6608	-2.5335	-3.8088	-4.6566	4.3499	-8.7046	-6.8509	-4.2311	-1.6966	0.33382	0.70966	0.87308	0.74104	0.54731	0.37471	0.25968	0.16925	0.12616	0.066082	-0.0031975	-0.062111	-0.11245	15.513
929.75	-0.2498	-0.25233	-0.34181	-0.40501	-0.5536	-0.65125	-0.85589	-1.1626	-1.6566	-2.6706	-3.7792	-4.7992	4.2408	-8.6752	-6.6252	-4.1257	-1.6182	0.36188	0.7132	0.87344	0.71938	0.52829	0.36802	0.24799	0.16069	0.10836	0.053314	0.00057343	-0.091871	-0.1068	15.333
927.41	-0.25211	-0.24672	-0.3435	-0.44986	-0.5304	-0.67767	-0.85961	-1.1572	-1.6345	-2.6253	-3.7064	-4.7	4.1528	-8.4607	-6.3574	-3.9296	-1.4975	0.37784	0.73873	0.8722	0.72366	0.54582	0.35677	0.2511	0.16187	0.10055	0.057435	-0.0032037	-0.085467	-0.11027	15.115
924.85	-0.27547	-0.3265	-0.29309	-0.39739	-0.58028	-0.65824	-0.83001	-1.1712	-1.5814	-2.4409	-3.5697	-4.5412	4.3952	-8.2552	-6.1609	-3.7937	-1.4263	0.42326	0.76377	0.86771	0.72155	0.52938	0.36671	0.25345	0.15149	0.11136	0.055996	-0.00018221	-0.085703	-0.10656	14.984
926.66	-0.23388	-0.26802	-0.3785	-0.44292	-0.59101	-0.71719	-0.85797	-1.1367	-1.5448	-2.497	-3.4894	-4.5495	4.3043	-8.0922	-6.2112	-3.6399	-1.3069	0.45255	0.77415	0.86085	0.71277	0.53175	0.34325	0.23724	0.1481	0.091732	0.05828	-0.0092538	-0.071416	-0.11437	14.795
930.28	-0.25467	-0.26698	-0.3342	-0.51482	-0.61686	-0.74352	-0.87013	-1.1084	-1.5141	-2.3834	-3.485	-4.4378	4.2876	-7.8819	-5.7881	-3.4284	-1.203	0.47903	0.7806	0.85578	0.68632	0.51524	0.34677	0.21491	0.14599	0.092985	0.046922	-0.0039452	-0.090165	-0.10434	14.604
934.01	-0.27693	-0.2884	-0.34681	-0.46845	-0.59812	-0.6887	-0.84813	-1.0547	-1.4431	-2.21	-3.262	-4.1395	4.3848	-7.3648	-5.4912	-3.2353	-1.0834	0.53073	0.7979	0.85322	0.68602	0.49794	0.34297	0.21897	0.13239	0.077369	0.04119	-0.015184	-0.087335	-0.12301	14.402
935.28	-0.23587	-0.2671	-0.36764	-0.52817	-0.57381	-0.66319	-0.80379	-1.0148	-1.381	-2.2759	-3.2121	-4.0404	4.2809	-7.177	-5.2192	-2.9664	-0.94513	0.55019	0.80309	0.83499	0.65829	0.46767	0.30226	0.19737	0.10774	0.070854	0.019775	-0.028648	-0.088036	-0.11967	14.249
935.07	-0.30568	-0.35236	-0.46194	-0.48965	-0.53328	-0.63701	-0.77003	-0.96586	-1.3877	-2.0955	-3.2946	-3.8629	4.3309	-6.9118	-4.9293	-2.822	-0.81426	0.60211	0.82445	0.8258	0.64301	0.45848	0.29669	0.18431	0.11541	0.047627	0.023735	-0.038397	-0.10863	-0.1332	13.905
935.28	-0.32138	-0.34918	-0.38812	-0.4839	-0.5711	-0.63247	-0.75135	-0.91568	-1.3439	-2.0261	-3.1849	-3.7941	4.3625	-6.6677	-4.6725	-2.6166	-0.73134	0.65989	0.83132	0.80598	0.61932	0.44738	0.28294	0.16871	0.087853	0.040404	-0.0039526	-0.050374	-0.12589	-0.15145	13.677
936.56	-0.29607	-0.30385	-0.41867	-0.43582	-0.49003	-0.62197	-0.70027	-0.89071	-1.3215	-2.2384	-2.9811	-3.8483	4.2751	-6.4487	-4.5252	-2.2807	-0.64936	0.6511	0.83097	0.79807	0.61685	0.41469	0.27934	0.1603	0.083152	0.045149	-0.01422	-0.047313	-0.12078	-0.15997	13.461
934.54	-0.25683	-0.29289	-0.35071	-0.43838	-0.48024	-0.5346	-0.66629	-0.91313	-1.2895	-2.1829	-3.0239	-3.5931	4.2599	-6.2119	-4.4379	-2.1405	-0.54912	0.68589	0.86181	0.79638	0.61006	0.41982	0.25739	0.14999	0.072616	0.034019	-0.0015822	-0.06766	-0.1161	-0.14282	13.144
935.28	-0.28402	-0.31124	-0.3275	-0.35674	-0.44462	-0.557	-0.63491	-0.90994	-1.3051	-2.1639	-2.8853	-3.5138	4.3706	-5.9644	-4.3197	-2.0534	-0.47332	0.70465	0.85563	0.79062	0.60227	0.41018	0.24994	0.14004	0.069501	0.02037	0.0079119	-0.051125	-0.12424	-0.15224	12.911
939.12	-0.23905	-0.26292	-0.31638	-0.37773	-0.43021	-0.51626	-0.6423	-0.91684	-1.3218	-2.0865	-3.0182	-3.601	4.2797	-5.8515	-4.0211	-2.0111	-0.40694	0.72712	0.87557	0.77635	0.56909	0.39336	0.24492	0.1362	0.068455	0.017892	-0.014967	-0.052409	-0.10488	-0.12709	12.646
939.97	-0.20661	-0.24882	-0.27534	-0.32774	-0.40735	-0.47738	-0.60336	-0.94942	-1.3206	-2.0931	-2.889	-3.5554	4.3002	-5.7417	-3.8946	-1.8225	-0.33159	0.73432	0.86073	0.77395	0.56292	0.36776	0.23749	0.12467	0.053174	0.01389	-0.01023	-0.054597	-0.11134	-0.11275	12.373
937.95	-0.21865	-0.20611	-0.25796	-0.32122	-0.37669	-0.43902	-0.59466	-0.93922	-1.3211	-2.0891	-2.8137	-3.4784	4.2607	-5.5364	-3.7623	-1.7243	-0.26451	0.74991	0.86807	0.73648	0.54632	0.3635	0.21312	0.11595	0.054815	0.018715	-0.018142	-0.050232	-0.087786	-0.1122	12.101
936.35	-0.18088	-0.20337	-0.22076	-0.29202	-0.34846	-0.44591	-0.66192	-0.93836	-1.3186	-2.1356	-2.8095	-3.4419	4.3738	-5.4167	-3.6542	-1.5397	-0.18233	0.77047	0.87581	0.73859	0.53509	0.34469	0.20705	0.10633	0.04956	0.0051379	-0.017381	-0.045828	-0.097799	-0.11318	11.825
936.14	-0.16681	-0.17324	-0.22491	-0.29772	-0.35215	-0.44952	-0.66746	-0.95085	-1.3284	-2.0071	-2.8645	-3.4512	4.3993	-5.2645	-3.3643	-1.5145	-0.12099	0.79432	0.87053	0.72426	0.51006	0.33548	0.20388	0.10063	0.050335	0.007541	-0.022917	-0.04509	-0.077269	-0.083051	11.487
940.71	-0.11813	-0.16239	-0.15703	-0.24426	-0.33157	-0.45257	-0.67878	-0.96333	-1.318	-2.023	-2.7784	-3.2824	4.3941	-4.9897	-3.1813	-1.3799	-0.060135	0.80006	0.87097	0.70802	0.50677	0.33469	0.19249	0.10828	0.045531	0.0027253	-0.014941	-0.048593	-0.062988	-0.067639	11.226
943.9	-0.11526	-0.13498	-0.15812	-0.23705	-0.35283	-0.44842	-0.70094	-0.97468	-1.3316	-2.0162	-2.5531	-3.3639	4.2095	-4.9488	-3.1793	-1.0962	0.011493	0.81735	0.87968	0.68617	0.49621	0.31848	0.1711	0.079508	0.027948	0.01145	-0.016457	-0.039522	-0.041579	-0.058752	10.934
942.1	-0.084989	-0.11756	-0.13647	-0.22153	-0.36068	-0.48675	-0.6908	-0.96924	-1.32	-2.02	-2.6841	-3.2945	4.3148	-4.7095	-3.0191	-1.2254	0.029408	0.81108	0.86502	0.68495	0.47701	0.30398	0.15705	0.069903	0.026481	0.00033453	-0.014133	-0.038111	-0.05636	-0.059654	10.612
940.07	-0.050482	-0.083913	-0.12209	-0.24122	-0.36505	-0.51661	-0.72374	-0.99903	-1.3236	-1.9644	-2.5996	-3.31	4.3159	-4.7197	-2.9378	-0.93939	0.094667	0.83902	0.85986	0.67709	0.46673	0.27688	0.16219	0.071683	0.028821	-0.002855	-0.019674	-0.031484	-0.035199	-0.021845	10.333
942.73	-0.040457	-0.054484	-0.13638	-0.24693	-0.37299	-0.51254	-0.71328	-1.0051	-1.2822	-1.9503	-2.5652	-3.2501	4.2633	-4.3375	-2.7108	-0.89442	0.17322	0.8262	0.86521	0.65147	0.4485	0.27526	0.13698	0.073919	0.019636	-0.0076157	-0.0086317	-0.029908	-0.0097948	-0.024936	10.058
943.58	-0.0099729	-0.054435	-0.11271	-0.25229	-0.39235	-0.50512	-0.71952	-0.96365	-1.2685	-1.9741	-2.401	-3.1293	4.2352	-4.2694	-2.6385	-0.80057	0.19824	0.83764	0.85277	0.62636	0.43522	0.25658	0.12569	0.048684	0.018859	-0.0099903	-0.012543	-0.012059	-0.0073392	-0.0012919	9.7459
945.71	-0.0050238	-0.044356	-0.11084	-0.24456	-0.36913	-0.5118	-0.71561	-0.96229	-1.2547	-1.7993	-2.3596	-3.0719	4.266	-4.1159	-2.4145	-0.64689	0.26827	0.85224	0.87334	0.63845	0.42059	0.25516	0.14133	0.059914	0.032431	-0.0067982	-0.0054757	-0.029813	-0.0048813	0.017568	9.4453
946.24	0.0048252	-0.025963	-0.1294	-0.25079	-0.40018	-0.52973	-0.73503	-0.96579	-1.2431	-1.9516	-2.3852	-3.0114	4.2233	-3.9139	-2.4393	-0.5875	0.31265	0.84916	0.85115	0.61532	0.4051	0.25084	0.11738	0.042069	0.015784	-0.015508	-0.019544	-0.0098038	0.0016269	0.020699	9.1583
943.48	0.016363	-0.037552	-0.13871	-0.27625	-0.40493	-0.49822	-0.71272	-0.94833	-1.2334	-1.8975	-2.2752	-2.9865	4.2114	-3.7811	-2.3503	-0.58075	0.34036	0.84382	0.86297	0.60528	0.4087	0.22057	0.11135	0.043817	0.0082493	-0.0084036	-0.0078397	-0.025429	0.017943	0.022335	8.8531
938.37	0.0023831	-0.024635	-0.14109	-0.27294	-0.41614	-0.52892	-0.72198	-0.93553	-1.2188	-1.7791	-2.2152	-2.8758	4.3807	-3.6647	-2.1433	-0.43083	0.40018	0.87116	0.86611	0.59157	0.38584	0.21418	0.095907	0.022012	0.0021954	-0.015638	-0.014979	0.0013159	0.018862	0.035125	8.5584
938.8	0.026368	-0.0037949	-0.13532	-0.28725	-0.40335	-0.51644	-0.6986	-0.91225	-1.208	-1.7955	-2.1509	-2.7307	4.3462	-3.5181	-2.0545	-0.37113	0.45794	0.86726	0.85556	0.59385	0.37354	0.21409	0.091857	0.035875	0.0014344	-0.022017	-0.0063051	-0.017346	0.022134	0.039067	8.241
940.18	0.014769	-0.026127	-0.14979	-0.26601	-0.39916	-0.52529	-0.68147	-0.92395	-1.1583	-1.6986	-2.2019	-2.7773	4.2668	-3.3601	-1.8848	-0.26872	0.49801	0.87297	0.83557	0.56921	0.34552	0.18181	0.071703	0.0081165	-0.0084579	-0.027565	-0.024392	-0.0061397	-0.0016363	0.034266	7.9174
945.39	0.028649	-0.024452	-0.11979	-0.26295	-0.38266	-0.49721	-0.6861	-0.88806	-1.1237	-1.8255	-1.9832	-2.5604	4.2997	-3.2217	-1.7087	-0.10686	0.53092	0.8699	0.83795	0.55763	0.34683	0.16994	0.078476	0.017797	-0.018247	-0.02345	-0.024257	-0.0061059	0.025235	0.036435	7.6588
948.05	0.026111	-0.030496	-0.1348	-0.25745	-0.37624	-0.50361	-0.64614	-0.90981	-1.1049	-1.676	-2.0135	-2.4107	4.175	-3.0691	-1.556	-0.11498	0.58114	0.85533	0.82245	0.51735	0.31622	0.16446	0.042527	-0.0097283	-0.032529	-0.040775	-0.035895	-0.01422	0.029222	0.017525	7.3714
951.56	0.028463	-0.029623	-0.14155	-0.2747	-0.3793	-0.47846	-0.64982	-0.84768	-1.0768	-1.7629	-2.0953	-2.3768	4.1676	-2.8432	-1.4809	0.011257	0.63133	0.85649	0.79783	0.49615	0.29351	0.13892	0.051862	-0.0088878	-0.03166	-0.050075	-0.029542	-0.02374	0.015367	0.028392	7.0642
952.41	0.021916	-0.021232	-0.13901	-0.26418	-0.39049	-0.50389	-0.64167	-0.84532	-1.0843	-1.4992	-1.8705	-2.2496	4.3401	-2.7216	-1.2977	0.011231	0.65249	0.85573	0.78633	0.47811	0.26853	0.11887	0.032847	-0.033814	-0.039141	-0.047671	-0.026409	-0.028133	0.025049	0.031485	6.7782
954.43	0.02431	-0.023463	-0.12588	-0.2305	-0.36576	-0.4667	-0.63426	-0.82105	-1.0239	-1.5804	-1.6797	-2.2698	4.1471	-2.3911	-1.1135	0.14499	0.68482	0.85219	0.77852	0.46706	0.2616	0.10205	0.017792	-0.025716	-0.045053	-0.056207	-0.064335	-0.015593	0.026607	0.036869	6.5587
950.5	0.028493	-0.016701	-0.14735	-0.25679	-0.3815	-0.47467	-0.60805	-0.82848	-1.0235	-1.6123	-1.7581	-2.2207	4.1402	-2.3294	-0.98797	0.26314	0.73199	0.83673	0.75165	0.42282	0.23552	0.080012	-0.0043079	-0.05081	-0.067814	-0.059594	-0.055261	-0.042934	0.033196	0.029987	6.262
951.24	0.037451	-0.019734	-0.12952	-0.25422	-0.36521	-0.47603	-0.60075	-0.78917	-1.0017	-1.4163	-1.7211	-2.077	4.169	-2.2799	-0.84847	0.24615	0.75074	0.83089	0.73641	0.41746	0.21857	0.066649	-0.0027213	-0.053187	-0.056484	-0.065062	-0.048996	-0.025221	0.019417	0.033088	6.0288
952.63	0.019466	-0.03567	-0.15105	-0.25227	-0.37	-0.42881	-0.61124	-0.78642	-0.97227	-1.5918	-1.4779	-2.0656	4.2751	-2.1814	-0.82128	0.48874	0.77056	0.82538	0.71609	0.39675	0.18876	0.054102	-0.029583	-0.073215	-0.078174	-0.077554	-0.063681	-0.049457	0.0064633	0.02992	5.8061
953.05	0.039824	-0.028056	-0.13892	-0.26005	-0.38048	-0.45446	-0.60869	-0.76356	-0.95088	-1.5911	-1.4861	-1.898	4.3052	-1.7362	-0.77763	0.51364	0.7879	0.81123	0.68806	0.34968	0.17115	0.036654	-0.031149	-0.075594	-0.080392	-0.074374	-0.069085	-0.033261	0.016149	0.024448	5.591
949.54	0.027705	-0.01138	-0.15315	-0.24357	-0.35251	-0.43712	-0.58284	-0.73895	-0.90297	-1.2662	-1.5006	-1.7126	4.3211	-1.6152	-0.51994	0.50712	0.82067	0.77965	0.66125	0.32491	0.14619	0.021802	-0.055839	-0.083133	-0.085208	-0.088858	-0.070899	-0.057735	0.0089157	0.02767	5.3456
950.39	0.015425	-0.02661	-0.11674	-0.24811	-0.35665	-0.44191	-0.57018	-0.7399	-0.89671	-1.2226	-1.4009	-1.7947	4.2691	-1.5819	-0.45004	0.54026	0.82477	0.76859	0.63982	0.31371	0.12768	0.0068069	-0.070838	-0.092733	-0.094915	-0.093508	-0.077063	-0.049575	0.017813	0.027645	5.1804
950.18	0.021967	-0.03805	-0.14015	-0.25846	-0.34694	-0.423	-0.56955	-0.7183	-0.87823	-1.189	-1.4727	-1.6697	4.2058	-1.455	-0.26786	0.59077	0.84672	0.75407	0.61449	0.28942	0.10933	-0.016494	-0.09145	-0.11452	-0.099453	-0.10457	-0.079416	-0.038522	0.019439	0.036251	4.9819
955.29	0.04786	-0.026473	-0.12576	-0.25314	-0.34332	-0.43191	-0.55518	-0.70965	-0.82397	-1.0815	-1.3138	-1.4861	4.1833	-1.3285	-0.21464	0.65446	0.83097	0.74317	0.5828	0.26783	0.089665	-0.024683	-0.068111	-0.1107	-0.09967	-0.081262	-0.077444	-0.041251	0.02336	0.039947	4.8106
959.43	0.022563	-0.0029574	-0.14359	-0.22459	-0.33215	-0.43176	-0.53849	-0.70578	-0.80807	-1.0432	-1.3789	-1.4549	4.2606	-1.2203	-0.13634	0.70984	0.84255	0.71087	0.55887	0.23756	0.075824	-0.036938	-0.092138	-0.11582	-0.094766	-0.098878	-0.088675	-0.057871	0.013637	0.045969	4.612
961.88	0.01605	-0.030058	-0.14322	-0.24045	-0.31549	-0.41957	-0.52888	-0.68647	-0.78525	-1.0155	-1.3577	-1.3273	4.1784	-1.1464	0.0097792	0.55042	0.8412	0.69114	0.54449	0.22948	0.04721	-0.057395	-0.10364	-0.12269	-0.1213	-0.11421	-0.076911	-0.044612	0.0136	0.042764	4.4195
959.22	0.037949	-0.049773	-0.12285	-0.2317	-0.32253	-0.40875	-0.53034	-0.6676	-0.79051	-1.077	-1.0694	-1.3392	4.2536	-0.96834	-0.10198	0.76823	0.82517	0.66054	0.50164	0.1852	0.038633	-0.081459	-0.11021	-0.1414	-0.12312	-0.12781	-0.091008	-0.052769	0.026475	0.027391	4.3285
958.26	0.02259	-0.02488	-0.14056	-0.22093	-0.30963	-0.39117	-0.51356	-0.64348	-0.75424	-1.0613	-1.1679	-1.266	4.234	-0.96931	-0.0074046	0.81065	0.84038	0.65349	0.50444	0.17289	0.025202	-0.076591	-0.12603	-0.13914	-0.1322	-0.12324	-0.091099	-0.05721	0.0080305	0.049903	4.2056
955.82	0.0096514	-0.028732	-0.1297	-0.2341	-0.33252	-0.38959	-0.52468	-0.64433	-0.77552	-0.98818	-1.1887	-1.2443	4.2129	-0.89269	0.03573	0.72088	0.84814	0.63627	0.4735	0.15914	-0.0025431	-0.10491	-0.14289	-0.15312	-0.13329	-0.11964	-0.10372	-0.060288	0.0072479	0.041479	4.1101
956.56	0.03643	-0.021896	-0.10637	-0.23077	-0.30929	-0.385	-0.51297	-0.63181	-0.77105	-0.97057	-1.1789	-1.343	4.2894	-0.75765	0.18228	0.77037	0.83867	0.64436	0.46009	0.15985	-0.0080965	-0.104	-0.13412	-0.1474	-0.12646	-0.12738	-0.07734	-0.057312	0.0048286	0.038341	4.0145
957.84	0.031519	-0.041526	-0.10863	-0.22968	-0.30888	-0.37849	-0.504	-0.61658	-0.73604	-0.96085	-0.97338	-1.2665	4.3792	-0.78819	0.25092	0.84435	0.84475	0.63407	0.43651	0.14047	-0.01522	-0.10634	-0.13709	-0.1576	-0.12629	-0.1233	-0.088049	-0.041141	0.0072326	0.035187	3.9296
958.69	0.03068	-0.044511	-0.1421	-0.22712	-0.31566	-0.37815	-0.50656	-0.60404	-0.74696	-1.0944	-0.97252	-1.1991	4.2401	-0.67709	0.15606	0.76866	0.844	0.61809	0.44759	0.13286	-0.02788	-0.11945	-0.16209	-0.15666	-0.12617	-0.12632	-0.10186	-0.056455	0.012041	0.033604	3.8401
956.24	0.028324	-0.044626	-0.11683	-0.2151	-0.30498	-0.38599	-0.489	-0.60398	-0.72411	-0.88665	-1.0105	-1.1357	4.3387	-0.74208	0.27721	0.67049	0.83414	0.59307	0.41039	0.11233	-0.034306	-0.1305	-0.16172	-0.16267	-0.12725	-0.12194	-0.081234	-0.066125	0.011266	0.029806	3.7628
956.45	0.033187	-0.021897	-0.13042	-0.22843	-0.30403	-0.38161	-0.49191	-0.61186	-0.7402	-0.95382	-1.0902	-1.2434	4.1862	-0.65497	0.22541	0.74542	0.84678	0.58779	0.40646	0.12065	-0.03906	-0.12386	-0.17191	-0.16744	-0.13993	-0.13523	-0.09978	-0.039737	0.021723	0.060871	3.7218
958.9	0.0080018	-0.03997	-0.12369	-0.22079	-0.30325	-0.38149	-0.50419	-0.59752	-0.74525	-0.91779	-1.0254	-1.2817	4.2153	-0.62176	0.21624	0.88502	0.82464	0.55376	0.37406	0.079564	-0.056382	-0.14498	-0.16284	-0.1766	-0.15002	-0.13176	-0.095667	-0.049135	-0.0016044	0.04367	3.7006
964.32	0.049827	-0.014208	-0.123	-0.21408	-0.29892	-0.37935	-0.47892	-0.57747	-0.705	-0.779	-0.9052	-1.0027	4.2311	-0.58689	0.23213	0.82211	0.83431	0.55575	0.38717	0.082425	-0.052916	-0.13679	-0.1588	-0.16369	-0.14769	-0.11936	-0.10127	-0.045951	0.04389	0.045736	3.6884
968.15	0.0063192	-0.020887	-0.12251	-0.20779	-0.30472	-0.38039	-0.47852	-0.58706	-0.73584	-0.95895	-0.9718	-1.0151	4.2144	-0.53773	0.28234	0.79413	0.8318	0.56203	0.37428	0.084574	-0.049571	-0.14278	-0.16051	-0.16383	-0.13824	-0.12586	-0.10316	-0.047219	0.00079572	0.035578	3.6444
969	0.018336	-0.027594	-0.13031	-0.2045	-0.30009	-0.3826	-0.45949	-0.59603	-0.781	-0.85835	-1.0586	-1.0306	4.313	-0.55285	0.42677	0.79342	0.83265	0.54968	0.36259	0.074616	-0.073821	-0.14837	-0.17357	-0.17318	-0.14624	-0.14044	-0.09696	-0.047175	0.021444	0.046283	3.6277
965.28	0.033689	-0.040458	-0.13399	-0.23024	-0.31438	-0.38322	-0.48517	-0.59595	-0.74416	-0.92843	-0.9219	-1.1251	4.3138	-0.58631	0.26606	0.87917	0.82951	0.54585	0.36475	0.080691	-0.067025	-0.15549	-0.17268	-0.17861	-0.15347	-0.1503	-0.11343	-0.05607	0.0015949	0.048002	3.6384
963.47	0.021664	-0.023993	-0.11038	-0.22365	-0.3062	-0.38309	-0.48608	-0.59389	-0.69411	-0.91344	-1.003	-1.1107	4.227	-0.54818	0.23234	0.84767	0.83743	0.55454	0.3662	0.073387	-0.071878	-0.15414	-0.17535	-0.1702	-0.15524	-0.13035	-0.10827	-0.059084	0.014378	0.042694	3.6581
960.18	0.020119	-0.024831	-0.13949	-0.20795	-0.31869	-0.38184	-0.48174	-0.62225	-0.74272	-0.86624	-0.97101	-1.1311	4.1938	-0.55006	0.25031	0.71761	0.81956	0.53336	0.36134	0.076132	-0.079243	-0.15796	-0.18457	-0.18594	-0.16099	-0.14641	-0.099393	-0.078262	-2.0899e-007	0.042065	3.6581
959.96	0.033876	-0.029364	-0.12994	-0.21662	-0.28883	-0.3785	-0.4811	-0.5793	-0.72439	-0.85804	-1.0331	-1.1644	4.2821	-0.58169	0.39642	0.78427	0.82692	0.55229	0.36677	0.088618	-0.057904	-0.15141	-0.1705	-0.18039	-0.1342	-0.13942	-0.089396	-0.045429	0.0080162	0.061424	3.6566
961.45	0.027361	-0.042124	-0.13293	-0.22881	-0.31475	-0.38133	-0.48335	-0.58717	-0.72712	-0.89022	-0.9079	-1.1544	4.3707	-0.6437	0.38725	0.90757	0.8097	0.55143	0.34942	0.075202	-0.055445	-0.15117	-0.16162	-0.17932	-0.14144	-0.13609	-0.090797	-0.040258	0.016809	0.0451	3.6641
963.68	0.028105	-0.038268	-0.13977	-0.20875	-0.3298	-0.37534	-0.49645	-0.61522	-0.73311	-0.97175	-1.0115	-1.1187	4.2181	-0.47746	0.23229	0.81436	0.82452	0.5493	0.3722	0.070058	-0.057677	-0.15165	-0.17843	-0.1638	-0.14111	-0.12488	-0.095193	-0.050345	0.01677	0.024179	3.6626
959.01	0.024194	-0.027882	-0.13007	-0.21291	-0.30674	-0.37631	-0.48534	-0.62541	-0.76986	-0.95968	-1.043	-1.0579	4.2387	-0.669	0.26782	0.92652	0.83973	0.55541	0.38626	0.087043	-0.060336	-0.13507	-0.16753	-0.1614	-0.1403	-0.11924	-0.091029	-0.041091	0.0056167	0.035145	3.6657
956.24	0.029135	-0.012814	-0.14006	-0.21195	-0.31558	-0.38427	-0.49956	-0.60398	-0.76202	-0.87823	-0.97501	-1.169	4.3068	-0.62349	0.36348	0.87076	0.83975	0.58019	0.38737	0.10983	-0.041452	-0.12306	-0.15542	-0.15386	-0.13547	-0.12899	-0.088971	-0.052934	0.028166	0.043791	3.7567
959.01	0.043625	-0.049028	-0.12687	-0.22861	-0.33053	-0.39258	-0.51166	-0.6318	-0.79531	-1.0605	-0.99878	-1.2816	4.2148	-0.70841	0.113	0.81002	0.82935	0.58622	0.4115	0.11118	-0.032621	-0.12518	-0.15105	-0.15261	-0.13732	-0.10752	-0.10183	-0.030132	0.0088277	0.035145	3.9266
961.98	0.02654	-0.02102	-0.14002	-0.23729	-0.34356	-0.40672	-0.51457	-0.64976	-0.78286	-0.9651	-0.91624	-1.2115	4.2493	-0.67478	0.061224	0.87387	0.83474	0.59721	0.43615	0.12742	-0.0017363	-0.10753	-0.13963	-0.13064	-0.12351	-0.10251	-0.071521	-0.038779	0.0168	0.031172	4.0737
963.9	0.017626	-0.048779	-0.15643	-0.24463	-0.34201	-0.39484	-0.5158	-0.63893	-0.7767	-1.0467	-1.0466	-1.1844	4.2646	-0.82246	0.035431	0.79762	0.84183	0.63008	0.45811	0.14952	0.0029959	-0.10321	-0.13076	-0.13912	-0.11956	-0.097641	-0.079822	-0.042337	0.023951	0.048839	4.2587
963.9	0.026488	-0.029244	-0.13179	-0.23214	-0.33762	-0.40762	-0.5345	-0.66039	-0.7813	-1.0384	-1.117	-1.3245	4.2488	-0.98717	0.069654	0.82247	0.83785	0.64541	0.48094	0.16939	0.01166	-0.081064	-0.11982	-0.12482	-0.11511	-0.10231	-0.083659	-0.03216	0.0047919	0.045756	4.4195
961.45	0.0314	-0.031577	-0.13372	-0.26248	-0.33409	-0.42829	-0.54111	-0.67243	-0.77405	-1.0997	-1.058	-1.3775	4.3469	-0.96609	-0.076001	0.74986	0.82405	0.65901	0.49285	0.17896	0.026697	-0.07798	-0.11073	-0.12912	-0.11837	-0.10335	-0.088488	-0.026412	0.027213	0.052056	4.6438
961.24	0.017675	-0.033093	-0.15448	-0.24844	-0.34207	-0.42155	-0.54424	-0.68772	-0.80501	-1.1418	-1.1025	-1.4852	4.1257	-1.0371	-0.10176	0.87455	0.84655	0.67452	0.52501	0.20141	0.044082	-0.057433	-0.10763	-0.11082	-0.10649	-0.084656	-0.0608	-0.036622	0.020815	0.026559	4.894
961.45	0.016057	-0.040619	-0.15524	-0.23664	-0.35957	-0.44366	-0.55537	-0.70908	-0.84408	-1.0745	-1.376	-1.3857	4.1644	-1.2099	-0.13605	0.52575	0.83202	0.68547	0.54015	0.21714	0.044072	-0.042617	-0.10525	-0.11398	-0.097544	-0.094772	-0.066174	-0.050462	0.016008	0.028872	5.0789
959.01	0.026622	-0.024106	-0.14844	-0.27257	-0.36401	-0.44821	-0.58536	-0.72047	-0.84931	-1.1781	-1.2644	-1.6046	4.2307	-1.1893	-0.1364	0.69352	0.83893	0.73686	0.57518	0.25181	0.078234	-0.021288	-0.092963	-0.097492	-0.086604	-0.087198	-0.047058	-0.019904	0.0096297	0.042117	5.2956
958.48	0.031498	-0.031675	-0.14373	-0.25937	-0.36598	-0.44161	-0.5887	-0.72167	-0.88143	-1.1955	-1.2474	-1.5806	4.1535	-1.3083	-0.28276	0.70222	0.84419	0.74327	0.60228	0.27276	0.10442	-0.01305	-0.063172	-0.08156	-0.079937	-0.058315	-0.053258	-0.014796	0.03372	0.046015	5.5395
959.96	0.016082	-0.036153	-0.15707	-0.2723	-0.37333	-0.47855	-0.58177	-0.74609	-0.88623	-1.2692	-1.502	-1.6444	4.2742	-1.4323	-0.36824	0.485	0.82612	0.75237	0.62274	0.29645	0.12641	0.00097327	-0.052881	-0.056693	-0.069381	-0.061348	-0.050862	-0.011854	0.040885	0.030465	5.8152
958.79	0.016101	-0.036952	-0.15647	-0.28048	-0.36321	-0.47913	-0.61257	-0.75739	-0.92126	-1.1615	-1.5127	-1.6878	4.2555	-1.5759	-0.29126	0.51057	0.82713	0.78411	0.63651	0.34009	0.13686	0.029013	-0.034888	-0.070346	-0.056785	-0.071585	-0.044752	-0.030138	-2.093e-007	0.018878	6.0666
955.92	0.023459	-0.032518	-0.16014	-0.27896	-0.37138	-0.46511	-0.61667	-0.78531	-0.9426	-1.2409	-1.5972	-1.9089	4.2284	-1.8891	-0.55096	0.57054	0.81038	0.79849	0.67679	0.36365	0.16428	0.042335	-0.031057	-0.052926	-0.049473	-0.049063	-0.044113	-0.025098	0.028981	0.059351	6.3028
955.71	0.017777	-0.040863	-0.16419	-0.27351	-0.41036	-0.4927	-0.63568	-0.81675	-0.98926	-1.5445	-1.713	-2.0423	4.1256	-2.0003	-0.68918	0.48716	0.79052	0.81584	0.69613	0.3963	0.20325	0.06303	-0.012948	-0.045723	-0.05098	-0.052996	-0.033285	-0.017771	0.02335	0.031378	6.6117
956.67	0.016135	-0.037034	-0.15762	-0.28661	-0.39847	-0.48191	-0.63429	-0.81113	-1.003	-1.5093	-1.7202	-1.8991	4.2251	-2.022	-0.83504	0.46165	0.76891	0.82704	0.72917	0.41092	0.21813	0.091067	0.01539	-0.023253	-0.027752	-0.038057	-0.022425	-0.018487	0.037003	0.036005	6.8841
959.86	0.013655	-0.052003	-0.16587	-0.28017	-0.40066	-0.49741	-0.65097	-0.84914	-1.0428	-1.4036	-1.6968	-2.0666	4.3223	-2.2437	-0.86663	0.16912	0.73203	0.83199	0.74967	0.43948	0.24588	0.11795	0.02083	-0.011206	-0.019463	-0.032465	-0.016956	-0.0067449	0.02726	0.040532	7.1429
962.51	0.0023233	-0.055621	-0.15507	-0.2919	-0.41273	-0.51139	-0.68888	-0.85077	-1.0876	-1.5755	-1.8332	-2.2507	4.2945	-2.5988	-1.1642	0.2101	0.66793	0.84845	0.75751	0.47558	0.28149	0.13488	0.048144	-0.021521	-0.012722	-0.016024	-0.0069165	0.0041933	0.011993	0.02884	7.4697
