14171	6	3	91	21.7	748	1	6	8	1.577	128	4096	10	0	0	0	0	201.86	425.62	9.7317e+005	0.07809	0.10138	26.878	0	0	1	0	0	0	11	0	0
428.31	0.092928	0.0046701	-0.090972	-0.17012	-0.23871	-0.27922	-0.40815	-0.5063	-0.57577	-0.32494	-0.22521	-0.41656	0.070172	0.23198	0.96934	1.3818	0.72446	0.36037	0.1614	-0.049674	-0.13297	-0.20399	-0.20066	-0.14767	-0.14198	-0.077376	-0.038311	-0.0085376	0.076431	0.088888	2.6914
428.53	0.056641	-0.0054771	-0.11596	-0.18233	-0.27408	-0.281	-0.41467	-0.50069	-0.59274	-0.51275	-0.046747	-0.28655	-0.17904	0.40829	0.98812	1.2134	0.79739	0.44447	0.24348	-0.012403	-0.12759	-0.16514	-0.18299	-0.1762	-0.12354	-0.073837	-0.012396	0.019265	0.071008	0.099246	3.0435
428.09	0.049444	0.0063634	-0.10355	-0.19131	-0.26844	-0.34456	-0.41678	-0.53341	-0.60371	-0.38156	-0.28484	-0.37964	-0.21487	0.39102	1.0662	1.4384	0.83042	0.49094	0.31226	0.024869	-0.058537	-0.12468	-0.14977	-0.09943	-0.12033	-0.084418	-0.022776	0.0029158	0.065687	0.068107	3.4093
427.87	0.074875	0.03176	-0.10718	-0.2002	-0.29622	-0.31212	-0.45407	-0.56412	-0.65416	-0.32527	-0.3842	-0.50979	-0.26843	-0.12118	1.1246	1.2713	0.86485	0.52189	0.33128	0.084565	-0.040819	-0.097018	-0.13754	-0.1138	-0.091973	-0.079206	-0.024515	0.020931	0.053128	0.095927	3.781
427.33	0.064068	0.023324	-0.11269	-0.18637	-0.3144	-0.36823	-0.4614	-0.57022	-0.71732	-0.38224	-0.96097	-0.62199	-0.59008	-0.032859	0.85579	1.0862	0.88927	0.58402	0.40379	0.10522	-0.010661	-0.076791	-0.11305	-0.090645	-0.068658	-0.051244	-0.012431	0.034078	0.10002	0.099525	4.151
427	0.060482	0.0097734	-0.13611	-0.18827	-0.28496	-0.37812	-0.47021	-0.60654	-0.73347	-0.45802	-0.72305	-0.62246	-0.67983	-0.08604	0.9144	1.3113	0.89892	0.62291	0.44533	0.17819	0.01956	-0.04722	-0.081407	-0.072772	-0.03856	-0.053041	-0.0072393	0.047228	0.060448	0.08916	4.5498
426.56	0.076924	-0.0021019	-0.11828	-0.19376	-0.30902	-0.3939	-0.47238	-0.60716	-0.76717	-0.59067	-0.28586	-0.39962	-0.85933	-0.21019	0.1806	1.3687	0.89265	0.68898	0.51457	0.18398	0.08011	-0.021314	-0.090312	-0.051293	-0.046982	-0.040797	-0.010717	0.011138	0.06231	0.084025	4.9622
427	0.055026	0.002986	-0.11457	-0.24116	-0.29287	-0.43387	-0.52425	-0.65677	-0.7404	-0.40142	-0.902	-1.1247	-0.8406	-0.52867	0.50878	1.2365	0.8738	0.71134	0.53294	0.2436	0.10848	-0.028702	-0.05849	-0.029712	-0.030183	-0.024957	-0.015904	0.027537	0.065855	0.085682	5.3547
427.11	0.080463	0.0080729	-0.11813	-0.24638	-0.33039	-0.38571	-0.52581	-0.67454	-0.85626	-0.4579	-0.80235	-1.2732	-1.1618	-0.67014	0.27694	1.311	0.87358	0.75536	0.56543	0.28651	0.13512	0.0324	-0.053187	-0.013559	-0.030175	-0.026708	0.017012	-0.0019997	0.060433	0.080438	5.7576
426.56	0.066005	-0.013987	-0.13445	-0.24317	-0.29713	-0.44393	-0.55353	-0.65924	-0.85909	-0.68507	-0.84324	-1.2935	-1.1454	-0.67103	-0.03208	1.3313	0.87469	0.78712	0.66073	0.3112	0.14597	0.043561	0.010271	0.0097688	-0.0050633	-0.0021445	0.010094	0.022637	0.11463	0.08054	6.1711
426.24	0.06059	0.033577	-0.16511	-0.24865	-0.32313	-0.45391	-0.53704	-0.75142	-0.89446	-0.45884	-0.96343	-1.0895	-1.3968	-1.0618	0.33553	1.0889	0.87357	0.81276	0.67845	0.39007	0.2031	0.07142	-0.0091469	-0.0010055	0.0033217	0.0013719	0.0066354	0.035808	0.064165	0.071888	6.5875
426.45	0.055097	0.025069	-0.12191	-0.24676	-0.35467	-0.44405	-0.58243	-0.70792	-0.92176	-1.063	-1.0226	-1.3683	-1.5571	-1.2385	-0.14814	0.91995	0.8318	0.82004	0.73143	0.37678	0.26175	0.099202	0.019097	0.042111	-0.023513	0.022462	0.029179	0.030857	0.093006	0.057914	6.9371
426.24	0.075163	0.011492	-0.12916	-0.23982	-0.33899	-0.4616	-0.62165	-0.79635	-0.95695	-0.78007	-1.5013	-1.8163	-1.5221	-1.452	-0.34172	0.883	0.77831	0.84934	0.77998	0.44624	0.25833	0.13264	0.026174	0.040336	0.015071	0.017195	-0.00031006	0.055534	0.062361	0.071888	7.3729
425.14	0.066225	0.0012963	-0.15292	-0.26877	-0.38558	-0.45121	-0.62663	-0.78578	-1.0099	-1.3694	-1.1456	-1.6715	-1.9565	-2.007	-0.61419	0.66003	0.7749	0.89014	0.80096	0.47367	0.32329	0.17762	0.051028	0.035033	0.020157	0.038395	0.039713	0.063916	0.073379	0.087802	7.7979
425.36	0.068016	-0.022542	-0.13123	-0.24916	-0.37346	-0.45291	-0.63988	-0.8196	-1.0233	-1.1983	-1.3047	-1.6333	-1.9914	-2.0593	-0.67201	0.67841	0.74388	0.90126	0.81435	0.51845	0.3374	0.20913	0.098779	0.069234	0.045369	0.038375	0.058824	0.039175	0.069725	0.079025	8.1276
424.93	0.066259	0.021752	-0.12956	-0.27067	-0.37185	-0.48814	-0.6609	-0.84027	-1.0957	-1.1237	-1.366	-1.8967	-2.4422	-2.3994	-0.8668	0.34106	0.65991	0.89446	0.81519	0.53776	0.39851	0.21307	0.11305	0.074714	0.067298	0.068402	0.03799	0.04911	0.07161	0.07386	8.5554
424.71	0.046183	0.0081185	-0.12241	-0.29031	-0.4178	-0.48839	-0.68332	-0.84972	-1.1172	-1.0674	-1.8066	-2.0099	-2.4794	-2.6499	-1.3722	0.26608	0.58088	0.89299	0.87605	0.57938	0.39335	0.25972	0.14147	0.11264	0.070702	0.064906	0.071108	0.045837	0.073454	0.058152	8.9196
423.83	0.075588	0.0081352	-0.12809	-0.27492	-0.39075	-0.48359	-0.73237	-0.90209	-1.1893	-1.1836	-1.8103	-2.2764	-2.7904	-2.8337	-1.4334	0.37958	0.517	0.89483	0.87613	0.60505	0.46225	0.27331	0.15952	0.11467	0.089407	0.07388	0.079984	0.055849	0.057267	0.098596	9.3683
423.18	0.059194	0.016704	-0.13733	-0.28246	-0.39735	-0.53089	-0.72328	-0.93064	-1.2016	-1.2616	-1.7328	-2.0922	-2.9029	-3.1954	-1.6305	0.19158	0.42366	0.89427	0.86188	0.6437	0.48629	0.32232	0.19356	0.12933	0.097995	0.098788	0.097584	0.080772	0.05372	0.074165	9.7202
423.29	0.042668	0.0030154	-0.14997	-0.26639	-0.36331	-0.52494	-0.71798	-0.95574	-1.259	-0.9758	-2.0734	-2.6734	-3.3346	-3.4268	-1.8834	-0.29863	0.31134	0.89016	0.87553	0.7001	0.5059	0.31663	0.19885	0.15102	0.10811	0.10584	0.064353	0.082408	0.088247	0.084675	10.104
423.29	0.066516	-0.0072517	-0.13187	-0.2895	-0.40922	-0.52299	-0.76739	-0.97202	-1.273	-1.5657	-1.7123	-2.8048	-3.2084	-3.8554	-2.2341	-0.12894	0.22628	0.90373	0.90325	0.71517	0.53819	0.34652	0.2113	0.15645	0.099662	0.12178	0.10455	0.062545	0.057341	0.065368	10.473
423.18	0.027998	0.0081478	-0.12466	-0.30025	-0.40334	-0.60072	-0.74203	-0.96866	-1.2943	-1.2425	-2.375	-3.3123	-3.6058	-4.1959	-2.4685	-0.65699	0.11771	0.87294	0.87575	0.73422	0.53474	0.35595	0.25048	0.17459	0.11321	0.12536	0.088847	0.092362	0.082814	0.079433	10.82
422.53	0.033555	-0.014124	-0.14117	-0.27221	-0.40396	-0.53948	-0.75	-1.0753	-1.3435	-1.5876	-1.9566	-3.2423	-3.5933	-4.274	-2.7066	-0.46914	0.047178	0.83544	0.93439	0.76369	0.56432	0.40329	0.22771	0.20206	0.12354	0.11846	0.092485	0.075921	0.088406	0.091865	11.109
422.63	0.022526	0.011584	-0.14295	-0.25077	-0.41186	-0.59372	-0.78394	-1.0134	-1.3572	-1.8159	-2.3178	-3.4482	-3.6465	-4.3265	-2.7254	-0.92219	-0.039844	0.86435	0.90812	0.74461	0.56238	0.42189	0.28286	0.20201	0.15567	0.097147	0.10297	0.12564	0.064712	0.074261	11.397
421.65	0.020738	-0.0072799	-0.14691	-0.28527	-0.38476	-0.5698	-0.78748	-1.0703	-1.3955	-1.4763	-2.2224	-3.362	-4.0892	-4.9821	-2.9665	-1.2272	-0.21072	0.79433	0.8911	0.79555	0.59611	0.4135	0.29245	0.20975	0.14755	0.14003	0.090923	0.062788	0.086762	0.06386	11.68
421.87	0.031767	-0.0021253	-0.12868	-0.30118	-0.44465	-0.57534	-0.82468	-1.0824	-1.4473	-1.7237	-2.4628	-3.7369	-4.1955	-5.2125	-3.1605	-1.4914	-0.27236	0.77836	0.85413	0.78568	0.612	0.44328	0.28338	0.20056	0.14408	0.14529	0.10666	0.090989	0.059357	0.067351	11.974
421.76	0.018892	-0.024451	-0.14143	-0.26557	-0.42874	-0.57744	-0.83173	-1.1081	-1.4407	-1.8006	-2.7252	-3.6248	-4.3775	-5.2676	-3.5524	-1.3782	-0.36325	0.76688	0.87696	0.79724	0.61396	0.47713	0.31201	0.24239	0.15768	0.12578	0.11195	0.10098	0.068493	0.044466	12.194
422.63	0.013338	0.039004	-0.16108	-0.28995	-0.41586	-0.56654	-0.80783	-1.0787	-1.4902	-1.3014	-2.4182	-3.279	-4.9098	-5.9186	-3.467	-1.6397	-0.47852	0.73034	0.86647	0.81825	0.65761	0.46679	0.31849	0.23464	0.18613	0.16098	0.094211	0.097456	0.061072	0.044374	12.465
422.31	0.039092	-0.0021231	-0.12673	-0.27057	-0.45019	-0.58447	-0.84261	-1.1394	-1.5002	-1.9127	-2.7217	-3.2628	-4.6788	-5.6547	-4.2313	-1.8111	-0.55145	0.68426	0.8793	0.8529	0.66711	0.48026	0.32586	0.24752	0.17441	0.16288	0.17487	0.092553	0.073872	0.046167	12.663
421.87	0.029928	-0.022725	-0.14139	-0.28691	-0.41661	-0.62593	-0.82981	-1.1878	-1.535	-1.7428	-2.7849	-3.3038	-5.1718	-6.1264	-4.2944	-1.9643	-0.66098	0.65772	0.86456	0.84811	0.666	0.48638	0.31906	0.26048	0.21698	0.15061	0.13998	0.092649	0.073948	0.040931	12.881
421.11	-0.0050496	-0.0038514	-0.12346	-0.28028	-0.43743	-0.58028	-0.82446	-1.1499	-1.5501	-2.0711	-2.8101	-3.7059	-4.9276	-6.4248	-4.498	-2.1005	-0.75314	0.65697	0.81909	0.84775	0.69786	0.50604	0.35718	0.29007	0.1902	0.15979	0.10158	0.091154	0.059464	0.026891	13.099
421	0.01708	-0.015895	-0.14715	-0.28929	-0.41948	-0.59019	-0.81954	-1.1848	-1.54	-1.7273	-3.1134	-3.0465	-4.9832	-6.3726	-4.4796	-2.3664	-0.82613	0.62204	0.81931	0.86882	0.68	0.50805	0.36621	0.25193	0.20724	0.15805	0.11039	0.10283	0.066794	0.060429	13.242
420.12	0.017115	-0.041786	-0.12557	-0.28631	-0.41633	-0.56601	-0.84871	-1.1726	-1.5696	-2.0377	-2.5944	-3.6579	-5.6109	-6.5478	-4.8619	-2.2574	-0.93726	0.60184	0.85069	0.86683	0.71395	0.5204	0.36518	0.26704	0.18724	0.17265	0.12823	0.083029	0.072428	0.057019	13.441
419.25	-0.014334	-0.043603	-0.11852	-0.27614	-0.42929	-0.60439	-0.83844	-1.2336	-1.6152	-2.0803	-2.9643	-3.6466	-5.568	-6.8319	-4.9113	-2.6237	-0.98489	0.55611	0.82447	0.85341	0.69733	0.54035	0.33183	0.26942	0.20469	0.1301	0.14438	0.12164	0.039538	0.044732	13.545
419.25	-0.012483	-0.053965	-0.11669	-0.27793	-0.42929	-0.57306	-0.82983	-1.1824	-1.6205	-1.9266	-3.0048	-4.0634	-5.659	-7.1204	-5.1868	-2.6999	-1.0598	0.5796	0.83147	0.87815	0.72268	0.5196	0.36594	0.28587	0.20128	0.18016	0.11085	0.1183	0.05422	0.0092877	13.688
418.7	-0.010642	-0.022897	-0.13697	-0.26571	-0.43994	-0.58753	-0.83608	-1.1748	-1.612	-2.0446	-3.2521	-3.6133	-5.3567	-7.3103	-5.0557	-2.8559	-1.0905	0.54311	0.81679	0.87167	0.71456	0.55804	0.36283	0.2899	0.22033	0.16249	0.13927	0.11678	0.037752	0.053662	13.799
418.81	-0.0050772	-0.040188	-0.13145	-0.28181	-0.39947	-0.55798	-0.88409	-1.158	-1.6204	-1.9094	-3.1093	-4.0107	-5.6102	-6.9835	-5.2119	-2.7599	-1.1231	0.51946	0.81132	0.87144	0.71075	0.53902	0.35374	0.28983	0.19637	0.16245	0.13393	0.095001	0.046928	0.028811	13.832
417.94	-0.027384	-0.022942	-0.10789	-0.2734	-0.42457	-0.61217	-0.89456	-1.2319	-1.6539	-2.0098	-3.0346	-4.1331	-5.8592	-7.2694	-5.4201	-2.8611	-1.164	0.50483	0.78844	0.85035	0.75039	0.55528	0.35448	0.2611	0.18993	0.15203	0.11474	0.086814	0.045189	0.039539	13.89
418.6	-0.031052	-0.043671	-0.14982	-0.27297	-0.41179	-0.54063	-0.86215	-1.2172	-1.6619	-2.1606	-3.3747	-3.8989	-6.1051	-7.2219	-5.2343	-3.1426	-1.1932	0.51188	0.78721	0.89287	0.72744	0.53363	0.38989	0.279	0.20501	0.16253	0.1287	0.12016	0.052468	0.016402	13.927
419.91	-0.040199	-0.065958	-0.13475	-0.30618	-0.40849	-0.57608	-0.86118	-1.1696	-1.6391	-1.751	-3.1821	-3.83	-6.1405	-7.4694	-5.3162	-2.9427	-1.2114	0.48683	0.80397	0.90149	0.74145	0.54327	0.37254	0.28542	0.2214	0.16381	0.13358	0.081401	0.055971	0.034045	13.977
421.11	-0.025335	-0.052009	-0.10345	-0.26956	-0.42138	-0.51986	-0.86215	-1.1572	-1.6151	-1.9373	-3.3142	-3.9323	-5.7789	-7.125	-5.5556	-3.1049	-1.2425	0.53222	0.79645	0.88944	0.75196	0.56989	0.38042	0.27733	0.1953	0.15444	0.1455	0.086162	0.037537	-0.0013405	14.002
421.65	-0.038193	-0.077706	-0.13965	-0.26206	-0.36472	-0.57175	-0.86445	-1.1793	-1.6253	-1.9921	-3.0683	-4.0591	-6.2779	-7.2054	-5.5093	-3.1955	-1.2791	0.4887	0.7815	0.87883	0.73838	0.50914	0.38707	0.26789	0.17977	0.16136	0.10496	0.072757	0.063039	-0.0066222	14.005
421.22	-0.058509	-0.065753	-0.11979	-0.28199	-0.39519	-0.54311	-0.86021	-1.166	-1.634	-1.8794	-3.0715	-4.1575	-6.0852	-7.536	-5.5542	-2.8767	-1.2859	0.50285	0.75968	0.86837	0.72472	0.54158	0.37853	0.28453	0.17996	0.16508	0.12614	0.071169	0.015602	0.011011	14.022
420.89	-0.067777	-0.10366	-0.15264	-0.25718	-0.39951	-0.57473	-0.87287	-1.1723	-1.6704	-1.8617	-2.9528	-3.9532	-6.1987	-7.4341	-5.5781	-2.9928	-1.3069	0.47594	0.78641	0.84629	0.74152	0.54763	0.37167	0.30296	0.1903	0.15987	0.11042	0.061235	0.039384	-0.020759	13.999
420.56	-0.065984	-0.098575	-0.14001	-0.26095	-0.38576	-0.52053	-0.79981	-1.1969	-1.619	-1.844	-2.9147	-4.0696	-5.9496	-7.6376	-5.6805	-2.8623	-1.317	0.47826	0.74516	0.87731	0.75835	0.54994	0.37196	0.27587	0.19215	0.16356	0.11754	0.076276	0.026606	0.014559	13.99
419.91	-0.056843	-0.091826	-0.14753	-0.27033	-0.38032	-0.53112	-0.85087	-1.166	-1.6004	-2.2689	-3.1619	-3.9435	-5.9226	-7.4874	-5.5322	-3.1138	-1.3264	0.45751	0.77777	0.88058	0.71794	0.55645	0.37613	0.28725	0.17712	0.1424	0.10011	0.041355	0.0064892	-0.015499	13.965
419.69	-0.086472	-0.072892	-0.14578	-0.23101	-0.35636	-0.54117	-0.7757	-1.1666	-1.6241	-1.867	-3.2445	-4.1538	-6.0529	-7.5274	-5.3779	-3.1344	-1.3088	0.49295	0.78167	0.90196	0.73822	0.54543	0.3835	0.25636	0.18573	0.1514	0.086063	0.079778	0.019328	-0.0013451	13.993
418.7	-0.10893	-0.099012	-0.1571	-0.25672	-0.3693	-0.53656	-0.83436	-1.1766	-1.6385	-2.1215	-3.029	-4.0118	-6.0489	-7.6895	-5.6663	-3.1417	-1.2698	0.49606	0.79226	0.88502	0.74176	0.54483	0.37002	0.25148	0.15713	0.15712	0.095098	0.079965	0.026724	-0.01732	13.995
418.49	-0.092287	-0.10598	-0.19197	-0.23886	-0.35334	-0.51135	-0.75379	-1.1644	-1.5722	-1.6222	-3.1321	-3.9379	-6.1431	-7.2419	-5.0977	-2.9146	-1.2137	0.52771	0.77515	0.89692	0.73126	0.52999	0.34683	0.26442	0.17942	0.10885	0.098681	0.05991	0.00099422	0.0057523	13.864
418.7	-0.10337	-0.1215	-0.17174	-0.25672	-0.32693	-0.46991	-0.75168	-1.1309	-1.5714	-1.9676	-2.7654	-3.7272	-5.7574	-7.1117	-5.0754	-2.8559	-1.1893	0.51763	0.79401	0.85833	0.73088	0.51272	0.32867	0.24599	0.13492	0.11417	0.065057	0.031428	-0.037602	-0.0066722	13.733
418.27	-0.12018	-0.097381	-0.15909	-0.21739	-0.35353	-0.50573	-0.77833	-1.0661	-1.5482	-2.143	-3.2961	-3.5791	-5.6722	-6.9022	-5.1398	-2.7635	-1.0971	0.56134	0.82115	0.84969	0.68989	0.51326	0.35061	0.24441	0.16242	0.11608	0.068664	0.024764	0.010192	-0.024443	13.574
418.81	-0.090362	-0.11801	-0.14608	-0.25845	-0.34298	-0.45803	-0.75837	-1.083	-1.5657	-1.9094	-2.9674	-3.5365	-5.2824	-6.9113	-5.1134	-2.4359	-1.0481	0.56257	0.81832	0.85239	0.71437	0.51447	0.33937	0.22763	0.14855	0.10519	0.042079	0.023056	-0.026567	-0.024408	13.411
418.49	-0.10713	-0.099063	-0.16267	-0.22268	-0.32508	-0.46623	-0.7176	-1.0619	-1.5156	-2.0841	-3.0103	-3.4254	-5.5599	-6.5011	-4.7232	-2.5713	-0.9629	0.58655	0.82247	0.84162	0.67683	0.49598	0.32704	0.21866	0.16062	0.08557	0.079236	0.019727	-0.0026814	-0.019104	13.14
419.47	-0.095775	-0.10746	-0.11298	-0.23113	-0.31827	-0.46514	-0.73656	-1.0649	-1.4644	-1.5608	-3.0843	-3.8719	-5.2196	-6.4859	-4.7122	-1.8423	-0.88028	0.58713	0.82055	0.85677	0.66257	0.45335	0.32269	0.22728	0.13979	0.097873	0.052593	0.02135	0.023008	-0.034998	12.931
419.69	-0.064269	-0.078069	-0.14578	-0.21128	-0.32214	-0.44338	-0.65025	-1.0735	-1.4196	-1.7903	-2.9005	-3.0371	-5.3623	-6.4826	-4.4543	-2.0125	-0.77577	0.63768	0.83235	0.86773	0.6586	0.47949	0.2992	0.20343	0.13801	0.069252	0.079009	0.017999	-0.033849	-0.0013451	12.661
421.11	-0.054835	-0.10876	-0.12709	-0.2052	-0.30901	-0.45359	-0.72513	-1.0007	-1.4588	-1.9947	-2.4673	-3.5927	-4.8914	-6.1196	-4.5372	-2.2521	-0.73677	0.64917	0.85742	0.82501	0.64376	0.48163	0.27675	0.2082	0.11886	0.0619	0.043606	0.016275	0.0028144	-0.020748	12.397
421.65	-0.058448	-0.10347	-0.11785	-0.20315	-0.32063	-0.41796	-0.67116	-0.95945	-1.413	-2.0112	-2.444	-3.5692	-4.9032	-5.8607	-4.0032	-1.9085	-0.61408	0.68143	0.85805	0.8088	0.63573	0.47163	0.25318	0.17341	0.093261	0.056487	0.041796	0.019579	-0.011788	-0.061251	12.144
421.54	-0.11556	-0.088032	-0.11788	-0.21571	-0.29265	-0.44338	-0.67818	-0.98877	-1.4046	-1.6295	-2.6863	-3.5513	-4.5064	-5.8801	-3.6912	-1.644	-0.49793	0.71276	0.85479	0.80144	0.61968	0.41924	0.24967	0.18799	0.10007	0.044057	0.03303	0.019584	-0.02457	-0.024253	11.872
420.67	-0.053047	-0.084773	-0.13997	-0.18395	-0.29326	-0.40137	-0.64359	-1.02	-1.3284	-1.384	-2.5708	-3.3132	-4.5701	-5.479	-3.3851	-1.5525	-0.41519	0.72985	0.86703	0.80879	0.62096	0.41258	0.23945	0.16289	0.091783	0.063745	0.010239	0.0096327	-0.0081594	-0.017239	11.599
420.78	-0.075175	-0.091636	-0.10899	-0.1678	-0.2972	-0.39347	-0.61428	-0.97418	-1.3351	-1.9962	-2.5096	-3.4823	-4.297	-5.0643	-3.8547	-1.1918	-0.30766	0.74917	0.88423	0.75738	0.59193	0.38805	0.22329	0.13554	0.040763	0.058385	0.024297	-0.020347	-0.0026703	-0.034889	11.27
420.23	-0.062339	-0.046946	-0.12918	-0.16085	-0.26743	-0.39398	-0.64082	-0.97362	-1.3051	-1.4046	-2.3714	-3.3355	-4.0848	-5.3048	-3.1139	-1.3073	-0.20415	0.79507	0.88887	0.76785	0.55295	0.37914	0.22179	0.1193	0.08507	0.040626	0.017291	0.0029703	-0.020983	-0.01372	10.961
421.22	-0.02164	-0.060594	-0.097961	-0.16763	-0.28084	-0.38916	-0.65302	-0.94043	-1.3021	-1.4969	-2.1038	-3.4975	-4.1115	-5.077	-3.2829	-0.73584	-0.096358	0.82049	0.88506	0.74522	0.56608	0.36512	0.21413	0.10084	0.071288	0.060106	-0.016122	-0.012007	-0.015456	-0.01898	10.602
420.34	-0.038312	-0.052103	-0.079939	-0.14469	-0.28344	-0.43488	-0.62864	-0.91505	-1.2414	-1.4617	-2.29	-3.2969	-3.7027	-4.548	-2.8776	-1.0221	-0.014542	0.83001	0.88689	0.70121	0.50583	0.3339	0.20562	0.11016	0.032299	-0.012872	0.0014413	0.014638	-0.02464	-0.026089	10.283
420.89	-0.032727	-0.046873	-0.092573	-0.16776	-0.26902	-0.40311	-0.61755	-0.90294	-1.2539	-1.345	-2.0853	-3.2926	-3.8066	-4.3445	-2.8739	-0.58473	0.052823	0.81918	0.88923	0.70219	0.52322	0.29214	0.1517	0.077253	0.027158	0.026318	-0.0020741	-0.048641	-0.01181	-0.018995	9.9452
420.78	-0.012438	-0.024508	-0.06893	-0.14275	-0.26306	-0.38761	-0.60399	-0.89225	-1.219	-1.2879	-2.0051	-2.8027	-3.5358	-4.2378	-2.4238	-0.60384	0.16572	0.89547	0.8546	0.71375	0.46019	0.30537	0.1732	0.042678	0.013565	0.0085137	0.0084754	-0.017015	-0.020959	-0.0031064	9.5888
421	-0.0013642	-0.029657	-0.068895	-0.14268	-0.23483	-0.40496	-0.6191	-0.88997	-1.1534	-1.1724	-1.6006	-2.8389	-3.3527	-3.4454	-1.9524	-0.16757	0.23297	0.88136	0.90643	0.69822	0.46536	0.2977	0.11769	0.089972	0.025453	-0.0057312	-0.0038299	-0.017007	0.013783	-0.0013409	9.2188
422.42	0.028052	0.0013047	-0.019698	-0.1618	-0.26804	-0.38417	-0.60507	-0.86159	-1.1092	-1.3592	-1.736	-2.2652	-3.2331	-3.2549	-2.2192	-0.11032	0.34463	0.84731	0.89643	0.64487	0.44043	0.28546	0.11551	0.046142	-0.005113	-0.019905	0.022456	-0.013634	0.0082714	0.019769	8.8652
422.85	0.0023158	-0.0055506	-0.037792	-0.13137	-0.22181	-0.40512	-0.60103	-0.8462	-1.1046	-1.2435	-1.6338	-2.5823	-2.6526	-3.5018	-1.4757	-0.26118	0.39138	0.90273	0.85388	0.6442	0.39688	0.2085	0.11183	0.027979	-0.0084889	0.0031577	-0.030055	-0.0053354	-0.0026538	0.021508	8.5131
423.51	0.049979	0.025243	-0.034114	-0.1525	-0.2474	-0.34054	-0.57115	-0.80329	-1.1256	-1.2606	-1.3706	-2.3344	-2.6125	-3.0501	-1.2982	0.248	0.45771	0.91878	0.87334	0.61305	0.37833	0.18577	0.10632	0.020697	0.010101	-0.0056973	-0.045732	0.0046041	-0.019004	0.032002	8.1518
423.51	0.040814	0.042345	-0.043161	-0.16138	-0.27334	-0.39287	-0.56775	-0.79062	-1.0871	-1.4128	-1.912	-2.3157	-2.5584	-2.8359	-1.3761	0.021864	0.5373	0.89746	0.87161	0.56029	0.37474	0.18764	0.11343	0.018886	-0.028744	-0.026931	-0.049227	0.0062546	0.022785	0.016211	7.7435
422.63	0.050082	0.044149	-0.072251	-0.15815	-0.22392	-0.36066	-0.54674	-0.78138	-1.0281	-1.0536	-1.5141	-2.0573	-2.6359	-2.6092	-0.94959	0.30517	0.60185	0.89543	0.8439	0.57278	0.3288	0.17868	0.054891	0.00079759	-0.0084933	-0.035855	-0.054581	-0.018601	0.028295	0.063712	7.382
423.18	0.077539	0.066342	-0.07578	-0.18107	-0.30949	-0.34468	-0.54773	-0.77314	-1.0338	-1.1284	-1.4319	-1.7543	-2.3261	-2.2843	-0.92885	0.38017	0.66263	0.90009	0.81162	0.5117	0.32479	0.14294	0.047706	-0.019117	-0.054121	-0.046436	-0.040522	-0.02189	0.006439	0.025001	6.9795
422.74	0.046398	0.054411	-0.066799	-0.14743	-0.27583	-0.36445	-0.56536	-0.76668	-0.92985	-0.90088	-1.7346	-1.7186	-2.1842	-2.0541	-0.92981	0.5127	0.71225	0.89131	0.85236	0.52921	0.29459	0.15431	0.024607	-0.031822	-0.025411	-0.067757	-0.033565	-0.0053368	0.046492	0.042603	6.5738
422.85	0.083112	0.054404	-0.039606	-0.16876	-0.30174	-0.37018	-0.51234	-0.70489	-0.9541	-1.0721	-0.89078	-1.6242	-1.9491	-1.8212	-0.52001	0.92779	0.7338	0.90467	0.80357	0.46868	0.30529	0.10939	0.022821	-0.039061	-0.057544	-0.028748	-0.035305	-0.026879	0.035563	0.046108	6.215
422.31	0.092411	0.032178	-0.046913	-0.16363	-0.28612	-0.34734	-0.51642	-0.67314	-0.92205	-0.95901	-1.4952	-1.6075	-2.0781	-1.6445	-0.55972	0.55107	0.78011	0.89612	0.7525	0.43717	0.24454	0.088941	0.038891	-0.040924	-0.0627	-0.074925	-0.051118	0.0029557	0.068405	0.053204	5.8016
422.53	0.083173	0.037301	-0.074086	-0.19026	-0.24398	-0.36464	-0.49737	-0.69274	-0.8778	-0.76787	-1.0924	-1.5691	-1.8604	-1.5363	-0.32521	0.90963	0.81959	0.84515	0.74343	0.42372	0.1959	0.062695	-0.014572	-0.075355	-0.05928	-0.097946	-0.042335	-0.018606	0.030123	0.077795	5.3956
422.09	0.064866	0.021898	-0.05238	-0.17441	-0.28627	-0.34363	-0.48422	-0.67712	-0.84365	-0.76866	-1.0332	-1.1566	-1.519	-1.108	-0.22782	1.0618	0.86037	0.85769	0.71118	0.38256	0.1889	0.070253	-0.023502	-0.082693	-0.086456	-0.071414	-0.059907	-0.0070042	0.033802	0.051472	5.0258
422.74	0.051905	0.018437	-0.081296	-0.16524	-0.23186	-0.35474	-0.50565	-0.6054	-0.7951	-0.46263	-0.89101	-1.2676	-1.3723	-1.3388	-0.1104	0.94689	0.84998	0.84471	0.68405	0.36309	0.15808	-0.0065476	-0.023469	-0.077127	-0.082937	-0.087261	-0.068566	0.0046125	0.042853	0.077755	4.6256
423.62	0.11779	0.013269	-0.037724	-0.172	-0.27925	-0.29588	-0.45523	-0.61681	-0.78997	-0.86098	-0.84911	-1.1525	-1.2074	-0.96123	-0.071257	1.1334	0.88078	0.79259	0.65148	0.30394	0.13982	0.012136	-0.07495	-0.080587	-0.10134	-0.085309	-0.033495	-0.031793	0.044577	0.044271	4.2299
424.6	0.086426	0.040529	-0.057484	-0.13615	-0.25075	-0.32033	-0.44739	-0.57388	-0.71496	-0.76412	-0.74709	-1.075	-1.2046	-0.62071	0.2203	0.92397	0.87874	0.78689	0.61197	0.29196	0.076906	-0.034452	-0.085411	-0.10746	-0.094366	-0.10453	-0.061297	-0.023466	0.037228	0.042417	3.8341
426.02	0.0588	0.043798	-0.075276	-0.1887	-0.21025	-0.29036	-0.41373	-0.60794	-0.73342	-0.74268	-0.90408	-0.84764	-1.0037	-0.83159	0.66486	1.3892	0.87402	0.73032	0.52728	0.24042	0.074865	-0.067742	-0.083361	-0.12149	-0.12763	-0.10066	-0.07672	-0.038189	0.029876	0.054487	3.5261
426.02	0.062443	0.033594	-0.050099	-0.1516	-0.22214	-0.30963	-0.44928	-0.55938	-0.72821	-0.83723	-0.64496	-1.146	-0.89622	-0.26371	0.20022	1.2768	0.8884	0.69371	0.529	0.19545	0.041	-0.082593	-0.13814	-0.14667	-0.13267	-0.11297	-0.059354	-0.021744	0.037104	0.0353	3.1194
426.67	0.091466	0.048824	-0.064386	-0.13019	-0.21388	-0.26683	-0.39112	-0.52082	-0.72362	-0.25068	-0.48481	-0.67876	-0.82338	-0.49363	0.89578	1.0878	0.8619	0.66956	0.49037	0.13904	0.014242	-0.088026	-0.15027	-0.15722	-0.13414	-0.13037	-0.092209	-0.023349	0.0027777	0.064849	2.7597
426.34	0.084251	0.065843	-0.046469	-0.13383	-0.21405	-0.23816	-0.36773	-0.49067	-0.59057	-0.30756	-0.34576	-0.77246	-0.28731	-0.19258	0.87713	1.1822	0.88772	0.63542	0.403	0.11669	-0.026714	-0.1493	-0.16275	-0.17351	-0.15102	-0.12695	-0.12178	-0.039803	0.026245	0.057929	2.4226
427.54	0.080381	0.038556	-0.04992	-0.13697	-0.17589	-0.25477	-0.37176	-0.49288	-0.64947	-0.11829	-0.2852	-0.62167	-0.48273	-0.05055	0.85535	1.4589	0.86014	0.53764	0.3607	0.088364	-0.062162	-0.17107	-0.16405	-0.1784	-0.14892	-0.12309	-0.11452	-0.05936	0.053169	0.075141	2.0931
427.22	0.093165	0.060626	-0.064307	-0.13003	-0.19185	-0.26265	-0.3636	-0.48608	-0.59629	-0.36349	-0.66305	-0.36184	-0.21531	0.14407	0.77879	1.2546	0.83928	0.50924	0.30431	0.056676	-0.08354	-0.18045	-0.20822	-0.20544	-0.16578	-0.12494	-0.12499	-0.065965	0.0388	0.033462	1.7847
426.67	0.069626	0.048824	-0.006929	-0.13549	-0.18418	-0.24182	-0.31167	-0.42745	-0.54157	-0.21294	-0.38528	-0.45537	-0.054691	0.33916	0.93442	1.4432	0.80085	0.45987	0.26	-0.021807	-0.12102	-0.23072	-0.19614	-0.19313	-0.18275	-0.14267	-0.11648	-0.046344	0.071317	0.056141	1.4247
425.8	0.10989	0.054021	-0.046525	-0.11102	-0.18257	-0.23846	-0.33433	-0.44632	-0.52182	-0.11877	-0.24647	-0.1578	-0.26974	0.48189	0.95569	1.4649	0.7899	0.39912	0.22264	-0.05184	-0.15872	-0.22563	-0.23367	-0.19892	-0.17305	-0.15704	-0.12194	-0.067833	0.075076	0.085923	1.0888
426.02	0.067911	0.055696	-0.030319	-0.11449	-0.20627	-0.23834	-0.31384	-0.41192	-0.50593	-0.21327	-0.56524	-0.4188	0.016834	0.30421	0.97455	1.2956	0.74454	0.3469	0.12266	-0.11925	-0.18716	-0.26634	-0.25122	-0.22399	-0.20654	-0.16927	-0.099296	-0.072733	0.046134	0.054487	0.80309
426.02	0.10801	0.030195	-0.046505	-0.13746	-0.16264	-0.20173	-0.2986	-0.43709	-0.4521	-0.13761	-0.30611	0.10332	-0.0010594	0.48164	1.2069	1.2207	0.70857	0.30836	0.102	-0.13798	-0.23707	-0.26077	-0.27949	-0.24737	-0.21326	-0.16751	-0.14097	-0.049703	0.053359	0.087623	0.56289
426.45	0.098795	0.033559	-0.033879	-0.10555	-0.15454	-0.1765	-0.3372	-0.38814	-0.43602	0.013589	0.17205	0.27084	0.28512	0.78253	1.109	1.4814	0.65395	0.21566	0.070934	-0.17714	-0.24039	-0.29574	-0.29862	-0.23994	-0.21304	-0.17788	-0.13736	-0.075943	0.069546	0.043977	0.24207
426.13	0.064248	0.060781	-0.017726	-0.093266	-0.15467	-0.22287	-0.27145	-0.35788	-0.40337	0.032528	-0.20645	-0.027226	0.32112	0.65894	1.3421	1.1641	0.61311	0.23123	-0.013354	-0.196	-0.28334	-0.32009	-0.29001	-0.27068	-0.23502	-0.1833	-0.12705	-0.056267	0.047931	0.06319	-0.0073423
427.22	0.089529	0.065709	-0.040994	-0.11946	-0.13647	-0.21846	-0.28595	-0.36235	-0.39195	0.089012	-0.0071223	-0.082907	0.10604	0.28563	1.358	1.2732	0.55953	0.067328	-0.090586	-0.22726	-0.30039	-0.33593	-0.31747	-0.28434	-0.22103	-0.16704	-0.14231	-0.046285	0.044201	0.10129	-0.23854
427.98	0.092999	0.053745	-0.01586	-0.092862	-0.154	-0.19505	-0.2669	-0.35454	-0.35668	-0.36285	-0.18569	-0.045659	0.26626	0.79743	1.0086	1.2523	0.51736	0.034603	-0.11956	-0.28466	-0.30872	-0.35195	-0.338	-0.2892	-0.25406	-0.20877	-0.13341	-0.060935	0.042329	0.073333	-0.4652
428.96	0.072876	0.051938	-0.05154	-0.099668	-0.14182	-0.19461	-0.26125	-0.34123	-0.38863	0.25763	-0.0070933	0.12112	0.40788	0.88371	1.3524	1.175	0.44474	0.009647	-0.18939	-0.31377	-0.35227	-0.38248	-0.3267	-0.28675	-0.22013	-0.16287	-0.12966	-0.05263	0.042232	0.08009	-0.67821
429.51	0.099899	0.045124	-0.019372	-0.094286	-0.18689	-0.17333	-0.26427	-0.2962	-0.33129	-0.042738	0.28945	0.45386	0.44289	1.041	1.1587	1.0249	0.43169	-0.026678	-0.22502	-0.35796	-0.39426	-0.36543	-0.37536	-0.30779	-0.26148	-0.18535	-0.13122	-0.039512	0.036803	0.059231	-0.87299
430.6	0.070796	0.053425	-0.02288	-0.073069	-0.10989	-0.19196	-0.25523	-0.27944	-0.32015	0.23795	-0.18456	0.28671	0.67205	1.0735	1.4048	1.0594	0.33808	-0.093329	-0.23978	-0.38671	-0.40736	-0.42694	-0.36741	-0.30701	-0.24421	-0.20402	-0.12058	-0.050803	0.059943	0.064258	-1.0404
430.6	0.094236	0.080335	-0.035334	-0.085309	-0.12951	-0.2053	-0.2301	-0.29545	-0.31499	0.20052	0.032352	0.19445	0.54806	0.96816	1.1558	1.0038	0.27759	-0.11621	-0.33347	-0.42563	-0.39149	-0.43796	-0.35518	-0.33014	-0.25583	-0.22317	-0.13088	-0.037783	0.065305	0.053904	-1.185
430.27	0.079872	0.053459	-0.0050915	-0.085373	-0.13943	-0.18829	-0.22693	-0.25294	-0.31179	0.06967	0.17052	0.1946	0.83211	0.93374	1.2525	0.87472	0.2048	-0.15063	-0.35759	-0.43337	-0.44474	-0.43094	-0.36944	-0.31971	-0.24772	-0.19024	-0.13614	-0.037812	0.072504	0.071213	-1.3204
429.51	0.069166	0.051872	-0.026503	-0.080264	-0.12394	-0.15805	-0.24748	-0.26766	-0.27273	0.3136	0.32901	0.45386	0.54945	1.1114	1.3891	1.0621	0.2337	-0.19868	-0.38726	-0.46759	-0.48973	-0.44459	-0.37886	-0.32563	-0.2365	-0.20977	-0.11055	-0.050932	0.035012	0.07134	-1.4575
429.84	0.088987	0.06194	-0.058568	-0.10822	-0.13564	-0.18084	-0.22044	-0.25141	-0.30351	0.23838	0.34854	0.54594	0.74421	1.093	1.4073	1.0984	0.16045	-0.24817	-0.4228	-0.51736	-0.48229	-0.45345	-0.40484	-0.34677	-0.28458	-0.17997	-0.11907	-0.060672	0.049303	0.064372	-1.5625
429.95	0.099797	0.014757	-0.019353	-0.087185	-0.13364	-0.14452	-0.21703	-0.2567	-0.24837	0.013479	0.38793	0.26864	0.67307	1.0575	1.3877	1.1167	0.11051	-0.28439	-0.47899	-0.51352	-0.52103	-0.50851	-0.4275	-0.34846	-0.26787	-0.20259	-0.15001	-0.072068	0.047505	0.081637	-1.6539
430.05	0.085329	0.051806	-0.024689	-0.097666	-0.1395	-0.17502	-0.21362	-0.24772	-0.26723	0.23825	0.50627	0.21315	0.74384	0.79359	1.2147	1.1535	0.10871	-0.29004	-0.48911	-0.52637	-0.51559	-0.47344	-0.40989	-0.34481	-0.27778	-0.23216	-0.13793	-0.042722	0.049278	0.098894	-1.6858
429.84	0.090792	0.040038	-0.042525	-0.083706	-0.13957	-0.16557	-0.21541	-0.25498	-0.2295	0.18215	0.54606	0.54594	0.79745	1.2337	1.2537	0.8199	0.032122	-0.36084	-0.49788	-0.55449	-0.55295	-0.47552	-0.40835	-0.32895	-0.24631	-0.20787	-0.14316	-0.059043	0.043939	0.062644	-1.7787
429.84	0.10705	0.060256	-0.05322	-0.10472	-0.11795	-0.15602	-0.22883	-0.24429	-0.24843	0.2571	0.34846	0.67527	0.63774	0.96988	1.3305	0.80131	0.016079	-0.3723	-0.54908	-0.56192	-0.54765	-0.51232	-0.4171	-0.37172	-0.25795	-0.20264	-0.12939	-0.054152	0.042146	0.086844	-1.8031
429.73	0.070937	0.061956	-0.017577	-0.045193	-0.14944	-0.1637	-0.19365	-0.22652	-0.24333	0.10723	0.071953	0.43516	1.0107	1.1109	1.2349	0.72727	-0.017791	-0.41824	-0.55434	-0.5732	-0.56546	-0.50693	-0.4102	-0.36112	-0.25968	-0.24455	-0.15697	-0.060691	0.034994	0.071304	-1.8274
430.16	0.074476	0.036642	-0.022903	-0.092391	-0.13357	-0.1559	-0.20183	-0.25657	-0.23792	0.21948	0.26928	0.54549	0.70821	1.18	1.6171	0.8007	-0.021333	-0.42736	-0.58106	-0.56149	-0.54194	-0.50458	-0.42378	-0.38213	-0.23614	-0.20597	-0.16885	-0.052483	0.051057	0.093686	-1.8472
429.95	0.076319	0.056874	-0.014003	-0.092438	-0.1415	-0.14261	-0.212	-0.2264	-0.23976	0.088448	0.54588	0.63816	0.7263	1.1279	1.1383	1.0239	-0.040948	-0.43712	-0.60353	-0.61746	-0.54751	-0.50483	-0.42225	-0.33243	-0.25955	-0.20956	-0.09495	-0.054138	0.038554	0.059171	-1.8579
430.71	0.10863	0.058453	-0.029988	-0.04159	-0.10005	-0.14998	-0.19321	-0.20644	-0.20498	0.18178	0.17035	0.4157	0.81353	1.1435	1.2512	0.57736	-0.08712	-0.43253	-0.57351	-0.59228	-0.57652	-0.5021	-0.44421	-0.35852	-0.26075	-0.23529	-0.14287	-0.045909	0.054567	0.057342	-1.8746
431.25	0.1049	0.048305	-0.026396	-0.086923	-0.13519	-0.1517	-0.22307	-0.21151	-0.22531	0.16289	0.28828	0.72834	0.6887	1.1069	1.3453	1.0023	-0.079904	-0.46624	-0.61871	-0.64334	-0.56522	-0.51247	-0.43318	-0.39359	-0.25213	-0.20718	-0.16499	-0.060476	0.038437	0.072776	-1.8335
431.69	0.090399	0.024765	-0.013947	-0.064164	-0.16441	-0.15725	-0.2078	-0.22549	-0.22165	0.34931	0.16996	0.45157	0.74102	1.316	1.3248	0.68698	-0.069175	-0.45627	-0.62658	-0.61496	-0.57697	-0.51744	-0.43449	-0.35238	-0.22536	-0.24864	-0.13227	-0.057167	0.056225	0.069259	-1.8213
430.6	0.081617	0.048379	-0.051344	-0.090547	-0.14717	-0.16908	-0.20498	-0.25453	-0.20332	0.42502	0.26901	0.47115	0.74289	1.2315	1.2898	0.74428	-0.090699	-0.47458	-0.6435	-0.61652	-0.58901	-0.52426	-0.43909	-0.34793	-0.22261	-0.19184	-0.12573	-0.055683	0.072449	0.072887	-1.8168
430.05	0.087134	0.038331	-0.0015332	-0.092414	-0.15325	-0.15403	-0.18847	-0.23526	-0.18809	-0.080159	0.40753	0.74884	0.70835	1.4265	1.0613	0.57824	-0.089033	-0.48282	-0.62556	-0.6173	-0.58975	-0.51206	-0.42214	-0.34659	-0.24784	-0.21299	-0.11384	-0.044348	0.05465	0.079886	-1.8381
429.95	0.065486	0.055187	-0.024695	-0.10294	-0.14936	-0.18843	-0.21368	-0.22819	-0.226	0.21959	0.40763	0.5458	0.9037	0.98724	1.2918	0.89393	-0.097967	-0.44476	-0.62401	-0.5989	-0.55988	-0.52874	-0.4345	-0.37519	-0.27286	-0.19387	-0.13968	-0.03784	0.033184	0.066086	-1.8427
430.71	0.079791	0.033228	-0.05489	-0.10975	-0.14517	-0.17666	-0.24177	-0.2349	-0.22731	-0.0052366	0.3872	0.52636	0.74271	1.003	1.2895	0.81824	-0.028424	-0.41348	-0.60246	-0.58672	-0.53773	-0.48741	-0.4215	-0.36563	-0.22256	-0.17787	-0.1257	-0.042657	0.077795	0.081492	-1.6493
430.6	0.041944	0.01137	-0.049566	-0.1395	-0.16483	-0.18624	-0.23345	-0.25987	-0.24111	0.38759	0.30843	0.39737	0.79604	0.95058	1.309	0.57751	0.0018185	-0.39261	-0.56514	-0.56648	-0.53963	-0.48386	-0.40937	-0.31769	-0.2359	-0.18662	-0.12745	-0.03453	0.052795	0.10222	-1.5427
430.6	0.078009	0.050057	-0.058464	-0.10279	-0.13933	-0.15765	-0.23178	-0.25453	-0.24799	-0.1923	0.42676	0.26823	0.42407	1.1086	1.4431	0.79989	0.058751	-0.37355	-0.52937	-0.53683	-0.52552	-0.48203	-0.43384	-0.34082	-0.2359	-0.18313	-0.099957	-0.055686	0.015262	0.083238	-1.3981
431.04	0.070721	0.053365	-0.04596	-0.13586	-0.17055	-0.19557	-0.23656	-0.26493	-0.24087	-0.0052326	0.13084	0.63655	0.90141	1.1776	1.3077	0.63247	0.071133	-0.33128	-0.47268	-0.51222	-0.52323	-0.45035	-0.40022	-0.30848	-0.21409	-0.19512	-0.12045	-0.034495	0.047385	0.079705	-1.1987
431.25	0.086891	0.011352	-0.051266	-0.14452	-0.19594	-0.21451	-0.25484	-0.28789	-0.27677	0.16289	0.091415	0.15733	0.38804	1.0193	1.3261	0.74315	0.12794	-0.30636	-0.45883	-0.49715	-0.48951	-0.44096	-0.407	-0.32786	-0.19574	-0.17764	-0.12039	-0.03123	0.07948	0.077946	-0.96886
431.15	0.072507	0.011355	-0.061942	-0.13583	-0.1999	-0.19933	-0.24152	-0.2933	-0.32146	0.12555	0.24899	0.41528	0.58273	0.86171	1.2882	0.83591	0.18306	-0.21315	-0.41301	-0.46766	-0.48611	-0.42823	-0.36869	-0.32972	-0.18252	-0.19333	-0.09983	-0.034486	0.04916	0.095199	-0.7193
431.8	0.083187	0.0096647	-0.079591	-0.099013	-0.16046	-0.21044	-0.27289	-0.2964	-0.30555	0.013421	0.15023	0.45145	0.61718	1.193	1.248	1.1304	0.22536	-0.18241	-0.32575	-0.43184	-0.42206	-0.39279	-0.3507	-0.28132	-0.19052	-0.18089	-0.087686	-0.031187	0.074032	0.086449	-0.4789
431.25	0.074288	0.043266	-0.033501	-0.14976	-0.19005	-0.21831	-0.26655	-0.32165	-0.36941	0.088179	0.051982	0.3415	0.52955	0.93161	1.2113	1.1503	0.30026	-0.13316	-0.31765	-0.38427	-0.42259	-0.37312	-0.34416	-0.28878	-0.17418	-0.17764	-0.072359	-0.031227	0.063419	0.053822	-0.15488
430.93	0.07795	0.0080013	-0.042418	-0.14987	-0.21177	-0.23182	-0.30525	-0.34678	-0.34394	-0.41645	0.052021	0.083688	0.56533	0.98499	1.0017	1.2068	0.34494	-0.076114	-0.26002	-0.37901	-0.37886	-0.36239	-0.33395	-0.23745	-0.19589	-0.17082	-0.086148	-0.034504	0.059897	0.059036	0.11585
430.05	0.072691	0.018123	-0.063883	-0.15367	-0.17879	-0.28382	-0.32264	-0.37599	-0.38764	-0.080159	-0.12555	-0.11932	0.33591	0.95178	1.3106	1.1906	0.37592	-0.036186	-0.19744	-0.3204	-0.3708	-0.35394	-0.31362	-0.2504	-0.17134	-0.15026	-0.12073	-0.031314	0.052862	0.079886	0.48079
430.16	0.11961	0.048428	-0.081677	-0.15539	-0.23768	-0.27802	-0.30076	-0.36164	-0.3841	-0.17375	0.19033	0.30545	0.56633	1.0043	1.2528	1.2645	0.45597	0.013438	-0.15988	-0.31289	-0.32305	-0.32995	-0.29954	-0.22718	-0.18127	-0.13454	-0.094902	-0.04108	0.077893	0.074684	0.75292
429.84	0.054663	0.016445	-0.071041	-0.13274	-0.19068	-0.25914	-0.3379	-0.40291	-0.40161	0.032247	0.012665	-0.063932	0.5313	0.75883	1.3113	1.0241	0.50444	0.080285	-0.1071	-0.25001	-0.32153	-0.28789	-0.27	-0.21844	-0.15479	-0.11546	-0.072598	0.014315	0.060049	0.074741	1.0417
428.96	0.089168	0.0097286	-0.089045	-0.15758	-0.23441	-0.26349	-0.35372	-0.40909	-0.46279	-0.19304	0.052259	-0.11962	0.2301	0.4431	1.1025	1.4541	0.55011	0.14742	-0.06286	-0.24122	-0.25314	-0.30138	-0.28108	-0.20103	-0.16844	-0.12268	-0.072746	-0.0085246	0.052993	0.0749	1.4034
427.55	0.05859	0.021619	-0.08755	-0.12641	-0.2174	-0.31044	-0.35995	-0.43912	-0.47471	-0.17481	-0.18588	0.065781	0.23087	0.49763	1.2798	1.2162	0.6272	0.19206	0.0021293	-0.18789	-0.2522	-0.27834	-0.23447	-0.18915	-0.17402	-0.10381	-0.057413	0.0029195	0.063969	0.087309	1.7058
