14211	6	3	91	22	748	1	10	8	1.557	128	4096	10	0	0	0	0	199.28	425.62	9.719e+005	0.07809	0.10004	26.892	0	0	1	0	0	0	11	0	0
417.61	0.086013	0.0047897	-0.13183	-0.21593	-0.34195	-0.40431	-0.60339	-0.74125	-0.88282	-0.64188	-0.69862	-1.3402	-1.7544	-1.1561	-0.1118	1.207	0.84024	0.83543	0.73813	0.39813	0.24548	0.11266	0.051948	0.013652	0.015382	0.022938	0.0049985	0.0063429	0.071019	0.05558	6.7479
416.19	0.071379	-0.012596	-0.11939	-0.27454	-0.34311	-0.4688	-0.59159	-0.76586	-0.94448	-1.0892	-1.0275	-1.4593	-1.5038	-1.5415	-0.19144	0.82757	0.7842	0.85998	0.74769	0.434	0.28281	0.15104	0.053933	0.052351	0.010279	0.0068077	0.040567	0.041723	0.058318	0.071838	7.0809
414.77	0.06601	0.003074	-0.14935	-0.26278	-0.37484	-0.49415	-0.58665	-0.79249	-1.0012	-0.89875	-1.3176	-1.4834	-1.6193	-1.7291	-0.33129	0.67653	0.78134	0.88469	0.76086	0.48935	0.30391	0.15728	0.10856	0.034059	0.024108	0.050197	0.021083	0.050312	0.058514	0.075668	7.5045
411.94	0.043844	0.040017	-0.13178	-0.26824	-0.38563	-0.50154	-0.60645	-0.82771	-1.0081	-1.0222	-1.4916	-1.513	-2.0378	-1.9979	-0.69391	0.70052	0.72721	0.8868	0.8035	0.54116	0.34287	0.21403	0.10383	0.067773	0.038167	0.039626	0.058946	0.048955	0.075732	0.063564	7.866
411.83	0.045744	0.004857	-0.14484	-0.24638	-0.4001	-0.48772	-0.66441	-0.82235	-1.0282	-1.0616	-1.5332	-2.0534	-2.1124	-2.4023	-0.89437	0.70071	0.66974	0.90099	0.82865	0.53355	0.36878	0.2064	0.11665	0.082672	0.060756	0.079675	0.058962	0.065983	0.092574	0.068994	8.2712
411.5	0.053324	0.022462	-0.13751	-0.26487	-0.423	-0.51803	-0.67019	-0.85466	-1.0973	-1.0038	-1.8852	-1.8621	-2.2809	-2.4961	-1.0555	0.23586	0.60325	0.91168	0.84356	0.56889	0.39675	0.23731	0.13687	0.09577	0.069494	0.052417	0.066196	0.077955	0.073946	0.083489	8.6536
412.37	0.019322	0.017142	-0.14836	-0.28621	-0.40161	-0.48708	-0.66003	-0.90115	-1.1273	-0.96259	-1.6753	-2.2433	-2.5165	-2.6558	-1.2132	0.39013	0.5258	0.90576	0.84711	0.60445	0.41801	0.26749	0.18221	0.08814	0.072817	0.065028	0.064267	0.08459	0.081254	0.077913	9.0541
411.72	0.062727	0.0066165	-0.13371	-0.2757	-0.42483	-0.54368	-0.71364	-0.93049	-1.1848	-1.0815	-1.8224	-2.3048	-2.7614	-3.2476	-1.4155	0.352	0.48198	0.92116	0.88588	0.62673	0.45741	0.2852	0.18616	0.13852	0.11462	0.099716	0.076943	0.11365	0.085119	0.083444	9.4317
410.95	0.045837	0.01192	-0.15074	-0.29453	-0.38861	-0.50873	-0.70794	-0.93968	-1.2356	-1.5343	-1.6811	-2.5217	-3.0078	-3.5113	-1.7593	-0.035731	0.37102	0.91688	0.86789	0.6745	0.49521	0.3069	0.20848	0.1481	0.10265	0.098082	0.09329	0.093406	0.059062	0.083607	9.8712
410.95	0.047726	-0.025094	-0.13023	-0.27255	-0.41328	-0.5287	-0.72198	-0.95646	-1.2608	-1.4167	-1.7637	-2.7344	-3.0635	-3.4744	-1.9199	-0.3076	0.2834	0.88093	0.89288	0.67645	0.51184	0.33191	0.23046	0.17419	0.1305	0.1072	0.08609	0.098522	0.079663	0.08541	10.244
410.95	0.062844	-0.016283	-0.13769	-0.30918	-0.42973	-0.5287	-0.75533	-0.99188	-1.2914	-1.5343	-1.7637	-2.947	-3.379	-3.9344	-2.5821	-0.3076	0.18646	0.87494	0.91608	0.6978	0.51924	0.37232	0.23596	0.19843	0.16009	0.13273	0.096888	0.10023	0.081534	0.092641	10.661
411.06	0.055268	0.006627	-0.13765	-0.3091	-0.4255	-0.53656	-0.78145	-1.0438	-1.3684	-1.5339	-2.0938	-3.1008	-3.5636	-4.3196	-2.5614	-0.28811	0.068998	0.87071	0.89799	0.73645	0.55974	0.38953	0.29266	0.20956	0.15483	0.10717	0.12926	0.10872	0.060917	0.09804	11.057
410.63	0.045874	0.010163	-0.14153	-0.28377	-0.43007	-0.57111	-0.75769	-1.0972	-1.3915	-1.5159	-1.9099	-3.1621	-4.0318	-4.453	-2.8453	-0.87143	-0.018619	0.83366	0.89716	0.77221	0.56958	0.40342	0.27464	0.21911	0.16893	0.14196	0.11138	0.12761	0.087222	0.074621	11.457
409.86	0.028911	-0.0092588	-0.11936	-0.27879	-0.42469	-0.58018	-0.82773	-1.0768	-1.423	-1.4991	-2.0999	-3.6525	-4.151	-4.8303	-3.0519	-1.0678	-0.17193	0.8312	0.91673	0.79897	0.63178	0.45433	0.28985	0.21578	0.17622	0.14223	0.12603	0.13982	0.098651	0.10377	11.894
409.75	0.0080716	-0.025167	-0.11192	-0.30091	-0.42687	-0.57233	-0.81387	-1.1032	-1.454	-1.814	-2.1627	-3.9249	-4.1893	-5.219	-3.5961	-1.2044	-0.32155	0.79737	0.8776	0.79918	0.65789	0.47954	0.33217	0.24949	0.17976	0.18616	0.14953	0.14327	0.098677	0.065715	12.29
409.86	0.013753	0.013714	-0.15114	-0.27328	-0.42881	-0.5942	-0.81717	-1.1628	-1.4482	-1.9118	-2.3071	-3.3231	-5.007	-5.4943	-3.736	-1.6908	-0.45418	0.73508	0.87736	0.85738	0.65957	0.49678	0.33025	0.26438	0.22508	0.15686	0.15491	0.13298	0.081752	0.091076	12.697
410.41	0.0042769	0.020758	-0.15094	-0.24907	-0.47148	-0.59141	-0.83366	-1.1537	-1.5112	-1.9485	-2.7385	-3.1831	-4.9074	-5.7818	-3.9521	-2.0191	-0.59544	0.6461	0.87977	0.8543	0.6735	0.54621	0.34998	0.28643	0.21956	0.18039	0.19075	0.12085	0.061014	0.080092	13.056
409.75	0.042184	-0.032241	-0.11566	-0.31009	-0.46192	-0.61439	-0.87723	-1.1593	-1.5949	-2.0106	-2.4113	-3.576	-5.0269	-6.2892	-4.7434	-2.0224	-0.7684	0.66717	0.84	0.85566	0.72461	0.51621	0.36708	0.29624	0.22514	0.22823	0.1369	0.11933	0.098674	0.043954	13.524
408.99	-0.014694	-0.028754	-0.15521	-0.30515	-0.46692	-0.64565	-0.88593	-1.1671	-1.5978	-1.8765	-2.9141	-3.7769	-5.1296	-6.6337	-4.7725	-2.1237	-0.95716	0.60218	0.81826	0.87287	0.71854	0.52684	0.35488	0.32114	0.22731	0.22499	0.16971	0.12298	0.10074	0.040404	13.877
408.77	-0.014702	-0.00042257	-0.15342	-0.27953	-0.48577	-0.66206	-0.87934	-1.1809	-1.6566	-2.0352	-2.9157	-3.876	-5.6175	-7.1366	-5.118	-2.73	-1.1132	0.54025	0.8187	0.88505	0.74865	0.5542	0.39927	0.31756	0.24144	0.22511	0.16437	0.12133	0.11021	0.062236	14.263
408.77	-0.012803	-0.042947	-0.13655	-0.30531	-0.4775	-0.63997	-0.90758	-1.2408	-1.6639	-2.1337	-3.0611	-3.8566	-6.0093	-7.1551	-5.4408	-2.8081	-1.2519	0.46395	0.76307	0.86162	0.74307	0.56774	0.43425	0.33443	0.23793	0.19395	0.18971	0.14533	0.066907	0.051333	14.596
408.99	-0.024185	-0.037611	-0.13086	-0.30515	-0.45659	-0.65568	-0.92825	-1.2364	-1.7335	-2.1522	-3.2671	-4.2624	-6.435	-7.6873	-5.8413	-3.353	-1.4779	0.4356	0.76445	0.88458	0.79838	0.62157	0.42298	0.36235	0.25005	0.22316	0.18237	0.12812	0.07064	0.03677	14.908
409.42	-0.037434	-0.06764	-0.15692	-0.31586	-0.45404	-0.61087	-0.92021	-1.2856	-1.7064	-1.8745	-3.1392	-4.1027	-6.5772	-8.0484	-6.2782	-3.6223	-1.6672	0.35694	0.70989	0.88753	0.80123	0.61318	0.42069	0.35448	0.25328	0.24855	0.18218	0.11772	0.068682	0.022214	15.247
409.64	-0.056369	-0.039321	-0.15496	-0.27526	-0.46205	-0.63059	-0.90036	-1.2812	-1.7813	-2.3847	-3.6143	-4.3332	-6.6295	-8.321	-6.3956	-4.049	-1.8197	0.28061	0.68445	0.91044	0.78412	0.6283	0.44252	0.35242	0.24441	0.22281	0.16402	0.13134	0.081795	0.038524	15.531
409.53	-0.056388	-0.081772	-0.1681	-0.28452	-0.45185	-0.63877	-0.92349	-1.2778	-1.7782	-2.346	-3.3872	-4.3343	-7.3204	-8.5817	-6.7196	-4.0695	-1.9436	0.23459	0.66672	0.90484	0.814	0.66901	0.46285	0.36561	0.25495	0.20822	0.18032	0.10913	0.059267	0.016765	15.787
408.22	-0.06988	-0.080262	-0.15363	-0.29466	-0.474	-0.6368	-0.87522	-1.3157	-1.7476	-2.2155	-3.6684	-4.4261	-7.2879	-9.1648	-7.024	-4.454	-2.13	0.17904	0.61675	0.92337	0.79243	0.65954	0.48646	0.36115	0.28381	0.23459	0.19178	0.13866	0.061341	0.01318	16.057
406.8	-0.098756	-0.10013	-0.17676	-0.29754	-0.4445	-0.61078	-0.92437	-1.3071	-1.8047	-2.2034	-3.5977	-4.793	-7.632	-9.3083	-7.1296	-4.7246	-2.2542	0.1494	0.61169	0.90894	0.84186	0.67933	0.48816	0.39067	0.26722	0.24462	0.19426	0.15292	0.048313	0.020528	16.309
405.06	-0.10877	-0.13274	-0.19455	-0.34899	-0.4798	-0.63773	-0.95863	-1.343	-1.8106	-2.3919	-3.7809	-4.598	-7.7779	-9.4791	-7.5269	-4.6661	-2.402	0.062903	0.60165	0.92469	0.83987	0.6764	0.49584	0.41315	0.28603	0.23458	0.18597	0.1311	0.061821	0.0096131	16.53
403.74	-0.10912	-0.11883	-0.17431	-0.32962	-0.44996	-0.61337	-0.91887	-1.336	-1.8751	-2.2201	-4.0456	-4.8687	-8.1054	-9.8844	-7.8169	-4.9185	-2.5237	0.052943	0.5927	0.94548	0.82379	0.68448	0.51609	0.4107	0.2905	0.25204	0.19757	0.12632	0.050588	-0.019801	16.803
402.22	-0.13463	-0.14268	-0.22639	-0.34959	-0.43907	-0.61774	-0.94388	-1.3201	-1.919	-2.3086	-4.0188	-4.9662	-8.3828	-10.166	-8.0106	-5.2547	-2.6685	0.020495	0.55666	0.93121	0.84391	0.69101	0.54613	0.40655	0.31294	0.24183	0.20936	0.14247	0.069913	-0.023569	16.995
402.11	-0.13467	-0.16794	-0.22074	-0.36092	-0.51063	-0.64241	-0.93875	-1.2823	-1.8957	-2.6097	-3.682	-5.0663	-8.5179	-10.376	-8.423	-5.3354	-2.7816	-0.036661	0.52215	0.9533	0.89324	0.72659	0.50135	0.39904	0.31125	0.24003	0.21125	0.1094	0.033569	-0.0051009	17.18
402.65	-0.18655	-0.1839	-0.24327	-0.3679	-0.50784	-0.64765	-0.94465	-1.3015	-1.8857	-2.2061	-3.8457	-4.8227	-8.4684	-10.512	-8.2068	-5.5463	-2.8597	-0.05496	0.4923	0.9421	0.88826	0.7099	0.52872	0.41752	0.29129	0.25831	0.18892	0.14058	0.012501	-0.012471	17.355
403.64	-0.22265	-0.2337	-0.27875	-0.43228	-0.5087	-0.67048	-0.91018	-1.3553	-1.8555	-2.1608	-3.7101	-5.362	-8.7123	-10.486	-8.3094	-5.6316	-2.9514	-0.089398	0.47656	0.92003	0.87669	0.7023	0.52743	0.43549	0.2888	0.28368	0.19395	0.12288	0.029631	-0.049257	17.489
404.73	-0.17984	-0.18296	-0.32342	-0.39949	-0.56787	-0.71329	-0.91664	-1.2835	-1.8322	-2.3739	-3.826	-5.5242	-8.9149	-10.682	-8.7149	-5.6558	-3.004	-0.12363	0.48434	0.94515	0.86306	0.70235	0.52228	0.4381	0.311	0.26069	0.18429	0.096577	0.016238	-0.012407	17.633
405.06	-0.20845	-0.26685	-0.32127	-0.4735	-0.5987	-0.69244	-0.93548	-1.256	-1.7723	-2.372	-4.1164	-5.3236	-8.7948	-10.562	-8.6468	-5.671	-3.0394	-0.1134	0.46584	0.92272	0.89424	0.70764	0.56274	0.42639	0.29839	0.25308	0.16953	0.12418	0.021925	-0.043584	17.748
404.84	-0.26034	-0.26878	-0.34226	-0.48306	-0.57815	-0.78811	-0.99656	-1.2548	-1.7805	-1.9952	-3.6152	-5.3657	-8.6676	-10.717	-8.5903	-6.2457	-3.1111	-0.13779	0.46246	0.95672	0.88347	0.70607	0.56862	0.42473	0.29855	0.26062	0.16779	0.12424	0.02574	-0.067464	17.809
404.84	-0.25651	-0.28667	-0.37632	-0.48491	-0.70339	-0.80028	-1.0732	-1.2926	-1.7348	-2.3136	-3.804	-5.1302	-8.9125	-10.642	-8.794	-6.088	-3.0429	-0.13779	0.47152	0.9311	0.87784	0.71974	0.52958	0.42095	0.28795	0.27173	0.16049	0.11213	-0.014182	-0.034429	17.871
404.29	-0.2895	-0.34618	-0.37872	-0.601	-0.66881	-0.86227	-1.146	-1.2868	-1.7354	-1.8784	-3.7251	-5.0193	-8.7736	-10.563	-8.8671	-5.8988	-3.0489	-0.12783	0.50482	0.94223	0.89593	0.70702	0.5638	0.43099	0.31664	0.26839	0.18266	0.09321	0.012451	-0.080419	17.901
403.85	-0.29751	-0.31607	-0.44173	-0.66689	-0.76159	-0.99735	-1.2204	-1.3849	-1.7464	-1.9402	-3.624	-5.0837	-8.8776	-10.5	-8.7338	-5.7076	-3.0238	-0.1178	0.47994	0.94917	0.88938	0.7352	0.54764	0.44284	0.30105	0.23713	0.18836	0.10546	-0.0027786	-0.091546	17.965
403.2	-0.32303	-0.33454	-0.46335	-0.67171	-0.86342	-1.0112	-1.3101	-1.4784	-1.7676	-1.8036	-3.8194	-4.7965	-8.2867	-10.254	-7.8684	-5.7565	-2.8406	-0.065063	0.54803	1.0022	0.89647	0.73835	0.55413	0.42266	0.30508	0.23752	0.1905	0.10042	-0.018054	-0.099065	17.961
401.78	-0.30291	-0.36276	-0.54317	-0.76588	-0.92536	-1.1108	-1.3668	-1.5866	-1.8475	-1.9904	-3.7695	-4.4576	-6.7593	-8.2016	-6.6029	-4.9227	-2.4273	0.034814	0.59743	1.0216	0.90909	0.74097	0.53361	0.4089	0.30438	0.22903	0.16539	0.097286	-0.058339	-0.067977	17.971
398.83	-0.30904	-0.34366	-0.6221	-0.77532	-1.0699	-1.2713	-1.3642	-1.4907	-2.1839	-2.2272	-3.3503	-3.7934	-5.5089	-6.5941	-5.7626	-4.0987	-2.0553	0.23059	0.6607	0.98715	0.92724	0.7286	0.56587	0.42344	0.2887	0.22884	0.16847	0.098002	-0.025969	-0.090834	17.973
395.99	-0.39165	-0.41745	-0.59368	-0.87593	-1.2952	-1.2742	-1.4195	-1.8032	-2.5209	-2.5687	-3.0741	-3.259	-4.5083	-5.2095	-4.5751	-3.6444	-1.6561	0.34211	0.7488	1.0285	0.90129	0.73583	0.55282	0.39747	0.2998	0.2532	0.15286	0.079241	-0.072796	-0.14215	17.949
393.69	-0.43338	-0.4714	-0.64968	-1.0149	-1.1118	-1.3192	-1.5744	-1.9461	-2.2857	-2.3791	-2.8548	-3.0762	-2.9653	-3.55	-3.3447	-3.0373	-1.224	0.44627	0.82024	1.0243	0.88726	0.71601	0.54074	0.39394	0.29791	0.19947	0.17066	0.083264	-0.071267	-0.12033	17.944
392.38	-0.43087	-0.52096	-0.71628	-1.049	-1.2985	-1.4303	-1.5135	-1.9858	-2.5573	-2.5307	-2.2801	-2.5804	-2.1588	-2.714	-2.9566	-2.1323	-0.92738	0.55863	0.86597	1.04	0.91538	0.7043	0.53104	0.39721	0.27339	0.17912	0.13541	0.033537	-0.069541	-0.13967	17.97
391.73	-0.44745	-0.51814	-0.90328	-1.1602	-1.4086	-1.4871	-1.6467	-2.1456	-2.3689	-2.3499	-2.1321	-1.9155	-2.3376	-2.1396	-2.4141	-1.8914	-0.71576	0.60776	0.903	1.0173	0.89365	0.70144	0.48197	0.39984	0.25559	0.19282	0.11487	0.022863	-0.089302	-0.16266	17.968
391.62	-0.4793	-0.6311	-0.99352	-1.299	-1.4046	-1.3429	-1.6711	-2.0464	-2.3186	-1.8158	-1.8508	-1.9363	-1.793	-1.9471	-2.162	-1.2398	-0.50468	0.70435	0.91075	0.98903	0.85318	0.65116	0.4821	0.34517	0.21366	0.14694	0.090341	-0.002181	-0.16793	-0.22342	17.95
391.51	-0.58653	-0.77187	-1.0408	-1.3685	-1.3273	-1.3328	-1.784	-1.9002	-2.0377	-1.8368	-1.4176	-1.6325	-1.6961	-1.2718	-1.8677	-1.0363	-0.32088	0.76325	0.96721	0.94853	0.83208	0.63317	0.41495	0.312	0.16621	0.089554	0.031783	-0.079144	-0.19156	-0.26144	17.925
392.16	-0.69643	-0.74842	-1.0078	-1.1513	-1.3143	-1.4541	-1.6614	-1.6372	-1.7211	-1.3614	-1.2203	-1.407	-1.0319	-1.3082	-1.6753	-1.0549	-0.18359	0.8164	0.93567	0.93881	0.79777	0.55952	0.35092	0.24506	0.12764	0.045448	0.001552	-0.1219	-0.26973	-0.35384	17.77
394.02	-0.77197	-0.84966	-0.96607	-1.165	-1.2738	-1.5743	-1.5163	-1.4428	-1.5853	-0.88475	-0.9775	-1.0777	-1.1432	-1.0334	-1.2069	-0.62461	0.027265	0.89379	0.97779	0.92425	0.74583	0.52477	0.36072	0.21279	0.096176	0.028117	-0.036011	-0.12488	-0.29776	-0.39742	17.604
396.1	-0.72872	-0.75013	-0.97067	-1.195	-1.3802	-1.4251	-1.3281	-1.3869	-1.3753	-0.96145	-0.69368	-0.95179	-0.96396	-0.87533	-1.2214	-0.1781	0.18378	0.92226	1.0023	0.863	0.70358	0.51404	0.32652	0.20007	0.077611	-0.0079826	-0.024615	-0.16491	-0.35254	-0.42911	17.411
398.61	-0.70854	-0.75993	-0.99722	-1.2309	-1.3143	-1.2823	-1.2329	-1.1802	-1.4409	-0.83413	-0.71064	-0.72659	-0.65171	-0.8129	-0.77923	0.023229	0.30371	0.96175	0.98309	0.84154	0.68772	0.46517	0.30747	0.15461	0.032266	-0.009815	-0.10983	-0.17618	-0.3619	-0.43945	17.193
402.11	-0.71783	-0.80196	-1.0209	-1.1209	-1.2104	-1.1303	-1.0661	-1.0194	-1.1836	-0.80686	-0.59885	-0.60173	-0.55119	-0.65543	-0.71091	0.28104	0.34489	0.91664	0.95813	0.81834	0.64774	0.45523	0.26736	0.12468	0.019531	-0.022776	-0.11992	-0.19904	-0.37789	-0.45595	16.982
404.84	-0.78778	-0.852	-1.0424	-1.0427	-1.102	-0.9929	-0.97162	-0.95956	-1.1099	-0.84123	-0.36413	-0.55841	-0.62286	-0.44559	-0.84873	0.53541	0.44854	0.9429	0.98428	0.77735	0.60961	0.39357	0.22465	0.13141	0.019399	-0.035581	-0.10449	-0.23058	-0.38484	-0.45471	16.725
409.21	-0.77368	-0.68362	-0.92085	-0.99479	-0.9354	-0.90607	-0.93304	-1.0073	-0.97869	-0.16297	-0.25643	-0.57185	-0.39252	-0.77339	-0.63811	0.35417	0.51115	0.94086	0.9433	0.75929	0.5697	0.39516	0.21673	0.10941	0.0034599	-0.053513	-0.13772	-0.23155	-0.39766	-0.48799	16.425
411.94	-0.69316	-0.65095	-0.90731	-0.91146	-0.89023	-0.88612	-0.84632	-0.88165	-0.87343	-0.37698	-0.41966	-0.39453	-0.38992	-0.52966	-0.23344	0.31309	0.53938	0.94459	0.91034	0.73682	0.54565	0.33688	0.1952	0.075215	-0.022607	-0.080451	-0.17273	-0.23171	-0.42118	-0.48836	16.192
414.99	-0.60573	-0.66187	-0.75294	-0.85395	-0.87146	-0.7985	-0.79664	-0.82346	-0.83491	-0.49067	-0.37563	-0.58304	-0.49733	-0.50752	-0.37084	0.38774	0.59448	0.9495	0.87535	0.70832	0.5215	0.3382	0.16292	0.034041	-0.027608	-0.09611	-0.16433	-0.2452	-0.39026	-0.43284	15.913
415.98	-0.67709	-0.72646	-0.75116	-0.83203	-0.78611	-0.77885	-0.7306	-0.76995	-0.80092	-0.45081	-0.64013	-0.3907	-0.62451	-0.61541	-0.072566	0.3484	0.61149	0.93344	0.9015	0.7124	0.49106	0.30319	0.14444	0.033961	-0.036142	-0.092282	-0.16216	-0.2362	-0.33014	-0.41931	15.584
416.19	-0.59838	-0.66344	-0.7342	-0.73755	-0.6984	-0.73702	-0.70249	-0.78795	-0.79339	-0.76021	-0.43576	-0.23782	-0.44091	-0.46974	-0.38957	0.77005	0.68112	0.93492	0.8975	0.67176	0.48168	0.28593	0.13532	0.032107	-0.055029	-0.10484	-0.14252	-0.25965	-0.3577	-0.41552	15.298
415.1	-0.56254	-0.61109	-0.61986	-0.6597	-0.67581	-0.65591	-0.66264	-0.81771	-0.74914	-0.35471	-0.37553	-0.18103	-0.25833	-0.48918	-0.23166	0.52217	0.71059	0.92354	0.91046	0.637	0.43721	0.27334	0.10848	0.037725	-0.06551	-0.13761	-0.15181	-0.23501	-0.36049	-0.4202	14.978
413.57	-0.5496	-0.57482	-0.624	-0.59297	-0.64358	-0.62459	-0.67206	-0.70218	-0.64458	-0.45342	-0.1716	-0.31615	-0.36994	-0.58241	-0.19261	0.91003	0.75027	0.93489	0.88722	0.58726	0.41496	0.24568	0.099779	0.021195	-0.086504	-0.12181	-0.1631	-0.27823	-0.38415	-0.43792	14.631
411.94	-0.5631	-0.53843	-0.64136	-0.5862	-0.57845	-0.65099	-0.63797	-0.62872	-0.6238	-0.14231	-0.50215	-0.25955	-0.31586	-0.38285	0.026851	0.7974	0.79417	0.91669	0.87472	0.60122	0.4037	0.22554	0.07642	-0.028936	-0.079903	-0.14413	-0.19249	-0.24192	-0.34646	-0.38014	14.291
410.41	-0.50087	-0.5069	-0.54295	-0.5572	-0.61149	-0.61941	-0.5929	-0.58066	-0.58106	-0.064381	-0.2764	-0.26052	-0.3728	-0.45796	0.42888	0.91702	0.83819	0.9141	0.819	0.55095	0.3645	0.19748	0.060196	-0.042111	-0.12029	-0.14649	-0.18058	-0.25136	-0.33837	-0.39423	13.947
409.21	-0.50234	-0.50131	-0.58012	-0.57355	-0.59056	-0.5771	-0.56292	-0.52807	-0.55022	-0.34011	-0.42246	-0.1642	-0.28068	-0.3854	0.12779	0.95873	0.8238	0.90877	0.85009	0.54867	0.35258	0.18067	0.040139	-0.053468	-0.12763	-0.17806	-0.21547	-0.26751	-0.30363	-0.34999	13.598
407.79	-0.45077	-0.4995	-0.55583	-0.54048	-0.55118	-0.50262	-0.53657	-0.48482	-0.59205	-0.16354	0.075825	0.029993	-0.4687	-0.51649	0.35071	0.88383	0.87364	0.91192	0.82426	0.53492	0.32402	0.15415	0.02551	-0.072442	-0.12457	-0.14743	-0.2017	-0.24954	-0.34054	-0.35304	13.209
405.93	-0.43562	-0.46967	-0.51497	-0.51699	-0.49541	-0.51503	-0.4573	-0.4927	-0.57289	0.23254	-0.42587	0.03013	-0.30176	-0.57477	0.51484	0.8092	0.87386	0.93834	0.79189	0.52164	0.29183	0.12759	-0.0058943	-0.05579	-0.1128	-0.17026	-0.19533	-0.25758	-0.32125	-0.34916	12.855
404.84	-0.46748	-0.46199	-0.4804	-0.4626	-0.44666	-0.44951	-0.45497	-0.47321	-0.48488	-0.045381	-0.36409	-0.028658	-0.0953	-0.53895	0.19029	1.1662	0.8819	0.88208	0.78497	0.47377	0.3095	0.11622	0.0033849	-0.07297	-0.17318	-0.17443	-0.18307	-0.2427	-0.33922	-0.36662	12.462
404.62	-0.43319	-0.4533	-0.39925	-0.3717	-0.42184	-0.45178	-0.41422	-0.4337	-0.40835	0.074088	-0.2384	-0.225	-0.26502	-0.61398	0.23118	1.0879	0.88805	0.89067	0.75458	0.44247	0.27963	0.081106	-0.0096356	-0.067329	-0.13261	-0.16711	-0.23802	-0.23071	-0.29376	-0.31907	12.101
406.26	-0.35309	-0.36768	-0.38255	-0.41652	-0.41182	-0.38935	-0.39834	-0.3867	-0.33022	-0.1443	-0.04927	-0.40005	-0.63945	-0.76037	0.27083	1.1032	0.9071	0.86687	0.7407	0.43872	0.23178	0.086611	-0.041095	-0.10854	-0.1444	-0.18488	-0.197	-0.2246	-0.2831	-0.30315	11.752
409.32	-0.33527	-0.32954	-0.36659	-0.35823	-0.32617	-0.36037	-0.30198	-0.28835	-0.27534	0.2897	-0.44308	-0.61053	-0.83964	-0.86552	0.47031	1.1534	0.87973	0.85438	0.69395	0.43154	0.23561	0.062784	-0.024239	-0.12083	-0.14507	-0.17801	-0.19553	-0.23148	-0.27159	-0.27185	11.363
412.81	-0.30986	-0.31973	-0.34493	-0.32056	-0.33978	-0.3096	-0.24526	-0.26178	-0.29631	-0.063969	-0.37762	-0.5284	-0.7032	-0.65674	0.16665	0.87304	0.87228	0.85907	0.71651	0.38149	0.19315	0.035441	-0.062326	-0.10682	-0.16636	-0.1765	-0.20104	-0.20915	-0.25065	-0.26594	10.976
414.01	-0.28833	-0.29082	-0.30321	-0.29236	-0.26532	-0.24129	-0.23932	-0.1685	-0.20253	-0.27783	-0.19196	-0.50769	-0.94066	-0.65484	0.24584	0.9476	0.86791	0.8209	0.69494	0.38039	0.20726	0.048703	-0.063962	-0.099112	-0.17107	-0.19771	-0.20403	-0.20686	-0.21832	-0.21313	10.567
413.57	-0.24734	-0.27711	-0.24426	-0.21076	-0.18796	-0.17406	-0.17679	-0.16868	-0.2421	-0.21969	-0.45908	-0.7003	-0.83099	-0.65553	0.18627	1.0258	0.89105	0.82176	0.69213	0.36149	0.16709	0.033461	-0.073129	-0.12144	-0.16606	-0.16712	-0.17026	-0.21385	-0.1832	-0.22414	10.214
411.72	-0.23148	-0.27836	-0.21187	-0.15504	-0.18676	-0.087122	-0.12504	-0.1192	-0.2971	-0.22068	-0.4405	-0.66485	-0.8718	-0.78702	0.16709	1.0498	0.87274	0.82945	0.65962	0.36312	0.166	0.016329	-0.044205	-0.12943	-0.14944	-0.18061	-0.19798	-0.17057	-0.22702	-0.23777	9.8229
410.41	-0.19816	-0.16454	-0.14161	-0.13352	-0.12559	-0.1154	-0.093808	-0.11585	-0.37556	-0.18211	-0.56602	-0.57018	-1.1162	-0.84481	0.22792	1.0337	0.88486	0.8081	0.66709	0.32734	0.14988	0.0048202	-0.070023	-0.13731	-0.17605	-0.15562	-0.16797	-0.17452	-0.19962	-0.21319	9.4665
409.21	-0.13423	-0.16149	-0.11394	-0.045617	-0.049554	-0.043528	-0.041206	-0.23975	-0.45982	-0.39917	-0.56768	-0.70774	-0.91441	-0.84729	0.22859	1.1538	0.89869	0.81047	0.63319	0.3517	0.15217	0.0086968	-0.083109	-0.14708	-0.13987	-0.19454	-0.16123	-0.15791	-0.14567	-0.12666	9.0405
408.88	-0.10395	-0.073048	-0.063443	-0.040134	-0.039263	0.0046178	-0.083574	-0.30178	-0.47648	-0.4389	-0.46431	-0.78605	-1.3069	-0.70005	0.12789	1.018	0.88067	0.82517	0.66061	0.29343	0.10401	-0.014501	-0.10343	-0.11722	-0.14348	-0.14887	-0.15593	-0.14947	-0.11944	-0.13948	8.6929
409.1	-0.035567	-0.0057373	-0.15517	-0.023551	-0.039242	-0.027486	-0.13818	-0.35405	-0.52324	-0.51742	-0.58861	-0.68856	-1.0452	-0.6627	0.55119	1.0175	0.91953	0.76655	0.64591	0.32059	0.12622	0.014498	-0.083131	-0.11528	-0.13816	-0.15429	-0.11606	-0.14254	-0.096798	-0.064946	8.2727
409.64	-0.0070889	0.022564	0.028315	-0.052921	-0.049502	-0.023444	-0.17673	-0.37228	-0.57311	-0.61507	-0.50496	-0.90094	-1.1369	-0.62489	0.40952	1.1135	0.92017	0.8036	0.6164	0.33963	0.13347	0.0086875	-0.10507	-0.12448	-0.11877	-0.15042	-0.12494	-0.092746	-0.060974	-0.043096	7.9098
411.28	0.015596	0.029517	-0.0071883	-0.019764	-0.034923	-0.099191	-0.27248	-0.40991	-0.54384	-0.22091	-0.77136	-1.1484	-0.98397	-0.56729	0.40789	0.97329	0.88671	0.78044	0.64961	0.28783	0.11817	-0.0048049	-0.069875	-0.084866	-0.13742	-0.12431	-0.12084	-0.065116	0.0047553	0.0040475	7.5332
412.92	0.023056	0.05045	-0.0071598	-0.016038	-0.028645	-0.12464	-0.25393	-0.43798	-0.62948	-0.59066	-0.80941	-0.50903	-1.1833	-0.56504	0.48616	0.96942	0.89246	0.78132	0.61506	0.30408	0.11402	-0.033509	-0.089653	-0.12349	-0.12302	-0.10386	-0.077363	-0.071648	0.015916	0.047217	7.1444
414.88	0.015461	0.024023	0.0021054	-0.014149	-0.061097	-0.18934	-0.324	-0.44698	-0.60154	-0.19959	-0.55991	-0.71722	-0.62615	-0.67167	0.46399	1.2918	0.89378	0.7697	0.60331	0.31034	0.1208	-0.027632	-0.076528	-0.10075	-0.12071	-0.10336	-0.059165	-0.049352	0.0084216	0.012965	6.7661
416.19	0.026603	0.025687	0.022346	-0.010489	-0.097452	-0.17296	-0.31778	-0.44189	-0.61919	-0.48925	-0.701	-0.6577	-0.78909	-0.46974	0.42292	1.2495	0.8836	0.75939	0.59436	0.25184	0.08758	-0.0047482	-0.10341	-0.09307	-0.11861	-0.10124	-0.064312	-0.040777	0.030581	0.014712	6.3755
417.83	0.024642	0.06372	0.044263	-0.033869	-0.10516	-0.21354	-0.36314	-0.45483	-0.6327	-0.31382	-0.63728	-0.76917	-0.69474	-0.44982	0.51994	1.0917	0.87097	0.69945	0.54463	0.24513	0.089053	-0.017976	-0.097605	-0.10737	-0.11815	-0.090076	-0.071141	-0.043972	-0.0063706	0.0111	6.0696
417.94	0.069224	0.077566	0.03142	-0.068078	-0.15365	-0.21545	-0.34407	-0.48404	-0.62545	-0.3523	-0.65746	-0.788	-0.76756	-0.55825	0.65794	1.2824	0.9074	0.72872	0.52869	0.23551	0.078131	-0.044458	-0.068765	-0.10001	-0.10271	-0.091848	-0.072892	-0.020485	0.00836	0.023538	5.7243
418.81	0.10616	0.068759	0.013062	-0.051763	-0.17754	-0.24832	-0.34163	-0.48303	-0.62945	-0.50542	-0.4736	-0.76736	-0.98448	-0.34044	0.34147	1.1654	0.88905	0.6978	0.54335	0.23502	0.065276	-0.048143	-0.081202	-0.11626	-0.1025	-0.10418	-0.081571	-0.040521	0.056117	0.053648	5.3925
418.38	0.10442	0.079218	-0.0034061	-0.093192	-0.16561	-0.2525	-0.35233	-0.47255	-0.61773	-0.67923	-0.63645	-0.69222	-0.52975	-0.28658	0.51926	1.1857	0.87167	0.67499	0.50185	0.20284	0.058081	-0.067093	-0.10647	-0.13653	-0.11287	-0.095333	-0.060438	-0.010417	0.015708	0.067913	5.088
418.05	0.12678	0.072354	0.0075877	-0.086066	-0.21223	-0.24484	-0.37158	-0.48574	-0.63237	-0.58341	-0.55567	-0.71179	-0.96804	-0.051698	0.59858	1.2439	0.92183	0.63625	0.48645	0.19918	0.018166	-0.050118	-0.12996	-0.12014	-0.095844	-0.088237	-0.046329	-0.027187	0.078311	0.080408	4.7681
416.63	0.11044	0.096935	-0.025485	-0.095392	-0.20078	-0.23977	-0.33476	-0.48004	-0.63808	-0.37273	-0.53723	-0.42823	-0.36723	-0.25148	0.66001	1.0949	0.89371	0.63644	0.45818	0.16538	0.029165	-0.055983	-0.10331	-0.12423	-0.11334	-0.084942	-0.060691	-0.018869	0.049023	0.073545	4.4968
414.88	0.11278	0.078137	-0.0015857	-0.11575	-0.20774	-0.24473	-0.36051	-0.48022	-0.67821	-0.45199	-0.5804	-0.69805	-0.58937	-0.088552	0.66279	1.3111	0.88454	0.63715	0.4548	0.16031	0.020131	-0.088619	-0.14003	-0.12106	-0.13106	-0.092525	-0.073432	-0.02064	0.058502	0.079228	4.2132
413.14	0.077546	0.081978	-0.031264	-0.12535	-0.18611	-0.28352	-0.35505	-0.45629	-0.62378	-0.39537	-0.58286	-0.58566	-0.44418	-0.070637	0.62565	1.4132	0.8957	0.61401	0.44962	0.12621	-0.009187	-0.1177	-0.13333	-0.14012	-0.12295	-0.10924	-0.050463	-0.030901	0.068065	0.077762	3.9888
412.48	0.10214	0.059278	-0.025741	-0.11095	-0.20895	-0.25611	-0.36086	-0.48302	-0.614	-0.29837	-0.50148	-0.58659	-0.5558	0.075906	1.1465	1.28	0.89527	0.58912	0.40943	0.109	-0.0073616	-0.096806	-0.14267	-0.16077	-0.10581	-0.10033	-0.093588	-0.041144	0.045787	0.068884	3.7218
411.94	0.10793	0.047053	-0.031355	-0.13668	-0.1723	-0.26043	-0.35258	-0.46505	-0.63457	-0.27923	-0.48151	-0.47166	-0.51953	-0.18097	0.78763	1.3204	0.85926	0.59787	0.37437	0.1014	-0.027648	-0.11037	-0.14286	-0.13308	-0.12505	-0.10956	-0.077548	-0.024184	0.051453	0.12489	3.5109
412.05	0.11356	0.04704	-0.04622	-0.11655	-0.21327	-0.26236	-0.34549	-0.48167	-0.5554	-0.12274	-0.39896	-0.47154	-0.46385	0.039275	0.80747	1.4169	0.88506	0.58178	0.35824	0.087813	-0.029486	-0.13337	-0.13916	-0.1535	-0.12675	-0.091344	-0.077527	-0.034382	0.073848	0.10141	3.3334
411.94	0.089082	0.075182	-0.031355	-0.11658	-0.18051	-0.25645	-0.35258	-0.48366	-0.59865	-0.18144	-0.48151	-0.52952	-0.38992	0.18613	1.0079	1.3011	0.84438	0.52414	0.36902	0.076211	-0.070048	-0.12957	-0.15017	-0.14796	-0.12157	-0.12593	-0.091914	-0.012277	0.066393	0.090618	3.1376
412.26	0.10973	0.062825	-0.014604	-0.12379	-0.20496	-0.25425	-0.37679	-0.4238	-0.54793	-0.39621	-0.64589	-0.5098	-0.019621	0.039254	0.84703	1.3001	0.83814	0.54961	0.35805	0.072282	-0.057098	-0.15631	-0.16648	-0.17386	-0.14403	-0.11311	-0.057747	0.0030277	0.092476	0.094152	2.9494
412.05	0.11167	0.080436	-0.042503	-0.13299	-0.21532	-0.29224	-0.34899	-0.4482	-0.57515	-0.41599	-0.54321	-0.27875	-0.35278	0.18609	1.0076	1.3395	0.8423	0.52998	0.31552	0.047141	-0.066345	-0.15448	-0.15013	-0.15722	-0.12328	-0.085887	-0.077527	-0.032686	0.099991	0.094202	2.787
412.15	0.098453	0.059325	-0.059219	-0.11835	-0.21321	-0.23241	-0.2999	-0.44065	-0.575	-0.45498	-0.29585	-0.35576	-0.14913	0.24107	1.0674	1.2616	0.84579	0.46013	0.30832	0.033575	-0.066324	-0.14676	-0.172	-0.18506	-0.1354	-0.10405	-0.063144	-0.022475	0.060756	0.12122	2.6473
410.95	0.089295	0.066551	-0.048209	-0.14617	-0.21383	-0.24508	-0.34114	-0.47549	-0.56948	-0.43669	-0.27603	-0.39548	-0.14957	0.26013	0.82967	1.246	0.82589	0.47346	0.29137	0.022024	-0.086847	-0.17413	-0.19449	-0.16696	-0.14275	-0.098878	-0.097535	-0.051525	0.11524	0.094452	2.5244
410.84	0.070419	0.033076	-0.018385	-0.13155	-0.19744	-0.27311	-0.35879	-0.45137	-0.54262	-0.083907	-0.13143	-0.41491	0.036046	0.057781	0.99052	1.1686	0.80001	0.44762	0.26109	0.031741	-0.081324	-0.1684	-0.20003	-0.17633	-0.12886	-0.091611	-0.077754	-0.025956	0.034727	0.078196	2.4454
409.86	0.12553	0.050827	-0.052074	-0.12268	-0.17936	-0.26776	-0.33677	-0.42442	-0.55656	-0.39853	-0.1939	-0.31901	-0.019736	0.35307	1.0331	1.5024	0.82061	0.44068	0.24561	-0.022701	-0.11302	-0.15144	-0.20786	-0.14871	-0.13441	-0.11194	-0.072525	-0.037986	0.10052	0.092888	2.3391
410.63	0.09693	0.061312	-0.057575	-0.12612	-0.20578	-0.27526	-0.35195	-0.47587	-0.5339	0.014113	-0.27625	-0.27971	-0.20541	0.35241	1.0312	1.2858	0.82655	0.45385	0.23444	-0.003224	-0.092461	-0.1993	-0.1983	-0.15963	-0.13067	-0.095308	-0.054373	-0.032795	0.062859	0.096336	2.289
410.08	0.083805	0.047262	-0.052047	-0.1428	-0.18545	-0.2516	-0.30493	-0.42979	-0.53281	-0.35905	-0.42156	-0.39632	0.091916	0.24229	1.1734	1.1902	0.78842	0.43244	0.22581	-0.030476	-0.10925	-0.20149	-0.19857	-0.18226	-0.13782	-0.10458	-0.083311	-0.0072061	0.01978	0.05298	2.2526
412.15	0.090918	0.038243	-0.042492	-0.12565	-0.18451	-0.23839	-0.3559	-0.44622	-0.5391	-0.33768	-0.17219	-0.47141	-0.075113	0.64461	1.0474	1.1455	0.79003	0.41034	0.23713	-0.0090213	-0.1087	-0.17938	-0.19209	-0.17391	-0.16143	-0.10587	-0.08648	-0.034373	0.075691	0.065332	2.1994
413.68	0.10184	0.01884	-0.059	-0.11973	-0.2063	-0.2633	-0.34935	-0.45939	-0.5228	-0.16121	-0.19211	-0.20084	-0.093262	0.40464	0.8242	1.392	0.78526	0.41875	0.20966	-0.012848	-0.11381	-0.19974	-0.17865	-0.17882	-0.14008	-0.10185	-0.062911	-0.032556	0.080996	0.081256	2.1827
416.63	0.097395	0.062166	-0.021809	-0.13333	-0.19672	-0.24962	-0.34515	-0.43591	-0.52443	-0.17939	-0.39456	-0.085014	0.27354	0.34733	1.1747	1.4588	0.75579	0.41973	0.19233	-0.024247	-0.12394	-0.18884	-0.17377	-0.16836	-0.12536	-0.11013	-0.062466	-0.049138	0.056411	0.098515	2.1705
418.7	0.072804	0.060129	-0.054635	-0.12548	-0.19172	-0.26603	-0.34	-0.45754	-0.53597	-0.27471	-0.49403	-0.10355	-0.21969	0.52618	1.031	1.1467	0.78865	0.39609	0.19313	-0.022222	-0.11063	-0.18979	-0.1819	-0.17485	-0.14011	-0.09168	-0.065692	0.0063263	0.069	0.098027	2.1888
419.91	0.094788	0.039258	-0.0636	-0.10361	-0.20324	-0.23008	-0.32528	-0.45076	-0.49568	-0.25472	-0.31057	-0.1222	-0.20087	0.59666	1.1066	1.1624	0.76267	0.38713	0.21703	-0.025961	-0.13201	-0.1836	-0.17779	-0.17982	-0.11927	-0.1057	-0.060218	0.0046373	0.087122	0.10836	2.1888
419.58	0.089309	0.02893	-0.056346	-0.14137	-0.19534	-0.22635	-0.35132	-0.43833	-0.52956	-0.23577	-0.33107	-0.2359	-0.091952	0.18274	0.85195	1.1252	0.76327	0.42069	0.21195	-0.0069607	-0.11945	-0.17997	-0.15999	-0.17449	-0.133	-0.071838	-0.077898	-0.005377	0.076189	0.088967	2.2191
419.91	0.098487	0.063408	-0.06725	-0.15022	-0.21129	-0.24572	-0.36135	-0.44346	-0.52739	-0.0053713	-0.29039	-0.29244	0.12607	0.20056	1.3423	1.3144	0.76814	0.41254	0.2048	-0.025961	-0.13201	-0.17042	-0.17062	-0.1707	-0.13971	-0.10927	-0.074315	0.021328	0.065133	0.088898	2.2085
419.03	0.08387	0.015145	-0.04728	-0.15952	-0.18552	-0.27561	-0.35522	-0.44621	-0.55674	-0.19761	-0.2302	-0.50157	0.071725	0.41754	1.0499	1.2219	0.76975	0.40557	0.20173	-0.052677	-0.13954	-0.18586	-0.18355	-0.15643	-0.13146	-0.091609	-0.077999	-0.00036696	0.057923	0.089083	2.1994
417.72	0.10458	0.046401	-0.052927	-0.14019	-0.20228	-0.2863	-0.33216	-0.49163	-0.54077	-0.19823	-0.39353	-0.29397	-0.34799	0.3826	1.527	1.2066	0.77216	0.39898	0.20763	0.0082944	-0.12543	-0.18077	-0.17511	-0.16059	-0.097634	-0.10625	-0.065846	0.0013084	0.054419	0.091144	2.1948
415.87	0.071435	0.077953	-0.066062	-0.16616	-0.20319	-0.27968	-0.37353	-0.47356	-0.56453	-0.37342	-0.37484	-0.21888	-0.019451	0.3298	1.0182	1.2888	0.79403	0.40273	0.21561	-0.024291	-0.11321	-0.16256	-0.16323	-0.14657	-0.13934	-0.0887	-0.044791	0.014796	0.065765	0.089761	2.2753
414.45	0.088543	0.038028	-0.077377	-0.12314	-0.24262	-0.30243	-0.35741	-0.48627	-0.58431	-0.1026	-0.62201	-0.12381	-0.18513	0.38563	1.2804	1.0621	0.79675	0.43976	0.23228	0.021839	-0.13192	-0.19365	-0.18013	-0.13967	-0.12084	-0.11071	-0.057443	0.031751	0.062279	0.088277	2.3953
413.36	0.073746	0.052145	-0.075729	-0.13621	-0.25348	-0.29528	-0.39674	-0.50053	-0.58049	-0.31722	-0.25385	-0.41238	-0.31478	0.35009	0.96452	1.2966	0.81553	0.43695	0.24176	0.0064488	-0.12492	-0.16355	-0.1715	-0.15672	-0.12116	-0.10012	-0.066542	-0.015627	0.02707	0.097496	2.579
413.03	0.068168	0.025884	-0.070224	-0.15819	-0.26595	-0.30148	-0.37959	-0.50278	-0.58274	-0.37598	-0.54192	-0.41271	-0.16727	0.31377	1.145	1.5102	0.81061	0.46711	0.28458	0.035435	-0.066184	-0.16177	-0.17528	-0.11975	-0.10221	-0.053018	-0.061221	0.0030221	0.081125	0.075988	2.7642
413.79	0.051153	0.024087	-0.09231	-0.16699	-0.24913	-0.29497	-0.41724	-0.51852	-0.60133	-0.39474	-0.47935	-0.33517	-0.2223	0.25834	1.123	1.3145	0.85911	0.49798	0.33192	0.079728	-0.058725	-0.10605	-0.13676	-0.14175	-0.095103	-0.081901	-0.030714	-0.010533	0.077254	0.097393	2.9843
414.34	0.077321	0.046777	-0.10883	-0.15042	-0.25084	-0.33421	-0.38187	-0.54557	-0.63625	-0.33593	-0.25329	-0.75649	-0.12995	0.11207	1.0021	1.178	0.83579	0.53299	0.35449	0.09118	-0.049482	-0.13835	-0.12023	-0.10643	-0.079443	-0.092647	-0.032461	0.019925	0.066008	0.10264	3.2408
416.09	0.097523	0.015252	-0.088121	-0.14617	-0.25791	-0.33872	-0.4236	-0.56353	-0.65314	-0.23771	-0.78281	-0.29512	-0.29439	-0.10646	0.93838	1.1731	0.87095	0.5564	0.36181	0.10998	-0.04745	-0.095967	-0.10525	-0.11703	-0.098018	-0.050828	-0.048325	-0.0054222	0.073131	0.095068	3.4866
417.07	0.091708	0.010006	-0.075055	-0.18192	-0.27756	-0.30643	-0.44163	-0.53097	-0.66224	-0.52684	-0.45524	-0.7325	-0.2937	-0.033737	0.61975	1.4573	0.86155	0.58658	0.40318	0.11354	0.023672	-0.08247	-0.11042	-0.094711	-0.07892	-0.059695	-0.041116	0.0080336	0.080339	0.10553	3.7172
417.83	0.065527	0.020389	-0.087752	-0.18159	-0.2993	-0.34909	-0.42356	-0.5465	-0.69644	-0.41023	-0.69825	-0.67412	-0.56696	-0.1241	0.85551	1.2445	0.8563	0.63068	0.42526	0.13626	0.019996	-0.052039	-0.068779	-0.076202	-0.058236	-0.032679	-0.023335	0.021434	0.083874	0.059109	4.0403
418.05	0.078491	0.042898	-0.10053	-0.17429	-0.30116	-0.36265	-0.46647	-0.58104	-0.73147	-0.44857	-0.61665	-0.63579	-0.78559	-0.087882	0.83531	1.4348	0.89068	0.63232	0.47065	0.161	0.056311	-0.023642	-0.090352	-0.063334	-0.051362	-0.020113	-0.023323	0.011365	0.094875	0.075075	4.3194
418.49	0.061712	0.022087	-0.083956	-0.1885	-0.31498	-0.37601	-0.49011	-0.62253	-0.74485	-0.60207	-0.73776	-0.74899	-0.78477	-0.14199	0.63739	1.1282	0.86411	0.66893	0.51399	0.21804	0.058066	-0.038732	-0.070473	-0.059605	-0.054728	-0.05412	-0.026835	-0.0037144	0.072712	0.10163	4.5802
416.63	0.078758	0.013491	-0.12846	-0.22367	-0.29002	-0.36783	-0.47325	-0.61244	-0.77658	-0.6434	-0.90408	-1.0574	-0.86152	-0.61441	0.54123	1.4397	0.86428	0.69949	0.53036	0.24391	0.092957	-0.010437	-0.036457	-0.050678	-0.037801	-0.030975	-0.0163	0.008042	0.063799	0.080681	4.9394
416.19	0.086306	0.044832	-0.12307	-0.21486	-0.31875	-0.37808	-0.48588	-0.6186	-0.77739	-0.64407	-1.0887	-0.94398	-0.71579	-0.45159	0.36343	1.0385	0.87624	0.74361	0.53972	0.27868	0.11677	0.02755	-0.016601	-0.0268	-0.027528	-0.016599	-0.0092072	0.021518	0.062017	0.10397	5.235
414.99	0.058488	0.024014	-0.093891	-0.23725	-0.34003	-0.38906	-0.5429	-0.63147	-0.82956	-0.5489	-0.76438	-0.96584	-1.0119	-0.90834	0.026653	1.0415	0.86954	0.74774	0.59608	0.28718	0.17018	0.044779	-0.025717	-0.034262	-0.017269	0.0032175	-0.0074487	0.028334	0.058487	0.097111	5.5743
414.56	0.066045	0.025789	-0.15497	-0.23024	-0.32408	-0.38947	-0.54521	-0.7116	-0.8233	-0.89922	-0.94959	-0.90941	-1.1602	-1.0005	-0.072815	1.1003	0.87416	0.81189	0.6321	0.36256	0.14654	0.041014	-0.014852	-0.025059	-0.0034856	-0.023899	0.013957	0.030057	0.075253	0.084668	5.9137
414.23	0.062347	0.02756	-0.12735	-0.22315	-0.33862	-0.41356	-0.54042	-0.71771	-0.84895	-0.6666	-0.92981	-1.1211	-1.3084	-1.2568	0.16608	1.1205	0.84895	0.79074	0.67863	0.35321	0.20532	0.081129	0.02148	-0.026927	0.020685	0.0014117	0.015756	0.040228	0.066025	0.086527	6.265
