13921	6	3	91	22.5	748	1	13	8	3.496	128	4096	10	0	0	0	0	447.43	965.05	1.4603e+006	0.11759	0.14905	40.528	0	0	1	0	0	0	11	0	0
849.2	0.050545	0.013424	-0.15909	-0.28842	-0.41735	-0.53047	-0.65431	-0.866	-1.0393	-1.4308	-1.7371	-2.179	-2.3719	-2.2612	-0.96519	0.33173	0.86743	0.93486	0.83423	0.50517	0.31525	0.16375	0.07609	0.043288	0.051447	0.043863	0.054398	0.047844	0.083643	0.095543	7.3335
855.29	0.017503	0.0074011	-0.14631	-0.30309	-0.41339	-0.50366	-0.67495	-0.88133	-1.0622	-1.8726	-1.824	-2.2377	-2.5601	-2.3865	-0.97761	0.28272	0.81557	0.93204	0.84287	0.51744	0.32188	0.19032	0.098431	0.059101	0.053589	0.039169	0.047089	0.058154	0.06955	0.076621	7.6391
860.42	0.037254	0.012408	-0.18105	-0.30828	-0.4237	-0.53214	-0.69943	-0.88676	-1.0954	-1.5525	-1.8822	-2.2059	-2.536	-2.4953	-1.0868	0.24394	0.78132	0.94366	0.86598	0.54867	0.35703	0.21491	0.12146	0.097926	0.057426	0.046777	0.064867	0.069207	0.086129	0.10034	7.8811
865.76	0.048684	0.0031294	-0.14542	-0.30811	-0.4084	-0.52506	-0.70344	-0.88572	-1.1134	-1.6081	-1.8314	-2.2657	-2.5115	-2.6371	-1.2325	0.22401	0.72695	0.93309	0.8708	0.56833	0.37851	0.22455	0.12854	0.10352	0.083508	0.067263	0.058485	0.065544	0.088265	0.086852	8.176
872.8	0.0474	-0.012662	-0.14688	-0.30476	-0.42446	-0.53869	-0.70437	-0.93299	-1.1553	-1.7058	-2.0501	-2.5023	-2.8932	-2.841	-1.4021	0.10333	0.69562	0.93779	0.88478	0.58569	0.40416	0.25535	0.13871	0.10795	0.097586	0.069296	0.075813	0.089901	0.092841	0.084448	8.4708
882.94	0.031025	-0.014156	-0.15908	-0.30894	-0.43586	-0.55668	-0.71671	-0.93442	-1.1596	-1.7319	-2.1227	-2.5185	-3.0414	-3.0738	-1.6849	-0.15998	0.61562	0.91958	0.88044	0.60517	0.41242	0.26048	0.15588	0.11538	0.10214	0.08293	0.083321	0.074586	0.069115	0.068331	8.8199
892.97	0.040242	-0.014809	-0.15815	-0.31052	-0.45272	-0.56421	-0.75793	-0.93508	-1.1723	-1.7665	-2.1274	-2.6415	-3.161	-3.2679	-1.7768	-0.17603	0.56324	0.93131	0.89601	0.62697	0.44096	0.29474	0.1811	0.13296	0.10179	0.089552	0.09647	0.077671	0.086436	0.08587	9.1538
902.03	0.032952	-0.01466	-0.15401	-0.28905	-0.43506	-0.55491	-0.75351	-0.96475	-1.2179	-1.8292	-2.1813	-2.7206	-3.1884	-3.4027	-1.9144	-0.21852	0.48793	0.91104	0.90165	0.64014	0.45168	0.30931	0.20181	0.14861	0.12614	0.10111	0.11272	0.099418	0.094951	0.091596	9.5163
911.95	0.02408	0.0029709	-0.16662	-0.30737	-0.46276	-0.58218	-0.73978	-0.97695	-1.2331	-1.7651	-2.1855	-2.8565	-3.3545	-3.6807	-2.0474	-0.35615	0.41878	0.89934	0.89909	0.67431	0.47591	0.30855	0.21035	0.15708	0.13183	0.10413	0.10257	0.09142	0.091388	0.088969	9.8364
924.09	0.012	-0.022148	-0.17189	-0.35057	-0.46857	-0.56475	-0.76284	-1.0047	-1.2593	-1.8291	-2.3038	-2.9479	-3.459	-3.8778	-2.3239	-0.55875	0.30219	0.87064	0.89759	0.67322	0.48774	0.33017	0.21247	0.16828	0.13397	0.098704	0.099624	0.077329	0.071867	0.064485	10.218
936.01	0.019312	-0.031925	-0.14679	-0.33565	-0.48156	-0.58036	-0.78163	-1.0091	-1.2828	-1.9349	-2.3834	-3.165	-3.7246	-4.1353	-2.6556	-0.85856	0.23777	0.85955	0.88302	0.69534	0.50667	0.35468	0.23952	0.18169	0.14983	0.13428	0.11258	0.097305	0.070951	0.07557	10.606
944.53	0.013383	-0.0024991	-0.15763	-0.32147	-0.43427	-0.55601	-0.77153	-1.0081	-1.2798	-1.8833	-2.4967	-3.1869	-3.804	-4.3462	-2.7539	-0.85082	0.14073	0.85615	0.88749	0.71864	0.53587	0.36321	0.26207	0.20033	0.15909	0.12275	0.11705	0.10385	0.081718	0.077249	10.997
950.8	0.021462	-0.0078148	-0.1582	-0.31776	-0.4554	-0.61018	-0.77251	-1.0249	-1.3204	-1.981	-2.516	-3.0489	-4.0437	-4.5401	-2.9959	-0.99628	0.039886	0.82891	0.88163	0.72397	0.5539	0.38908	0.27221	0.20384	0.15879	0.13219	0.13028	0.092107	0.076324	0.069705	11.365
957.4	0.027801	-0.025161	-0.15311	-0.31243	-0.46021	-0.56568	-0.78527	-1.0778	-1.3615	-2.0683	-2.7913	-3.1856	-4.2787	-4.801	-3.2424	-1.3395	-0.050011	0.78977	0.87556	0.73232	0.56674	0.40788	0.28685	0.21924	0.17488	0.1485	0.13943	0.10391	0.073386	0.06845	11.766
962.39	0.02443	-0.02503	-0.16027	-0.30924	-0.47714	-0.61648	-0.79918	-1.0778	-1.3798	-2.1329	-2.8474	-3.3011	-4.5339	-5.1532	-3.4484	-1.4984	-0.18428	0.75923	0.87177	0.76583	0.58589	0.42548	0.31039	0.23482	0.18586	0.16252	0.12564	0.11138	0.077803	0.071182	12.119
964.2	0.0010314	-0.026485	-0.19096	-0.3516	-0.47449	-0.60426	-0.86051	-1.1099	-1.4371	-2.2626	-2.9302	-3.4514	-4.6203	-5.5513	-3.8867	-1.868	-0.32219	0.7212	0.83515	0.75612	0.60684	0.43698	0.31215	0.22643	0.18996	0.15056	0.13691	0.11554	0.08404	0.053325	12.532
962.39	-0.010262	-0.046102	-0.19053	-0.34522	-0.4947	-0.63098	-0.85913	-1.1343	-1.4682	-2.1831	-2.9268	-3.59	-4.9064	-5.7345	-4.1768	-1.9959	-0.4629	0.66626	0.82833	0.76915	0.61272	0.44766	0.32838	0.25074	0.20072	0.16097	0.13717	0.11357	0.071406	0.056514	12.922
958.57	-0.029744	-0.050063	-0.19368	-0.34503	-0.5046	-0.6472	-0.88137	-1.1796	-1.5111	-2.1582	-3.0891	-3.6209	-5.1806	-6.1045	-4.3225	-2.2037	-0.59902	0.64494	0.82858	0.78055	0.64289	0.46677	0.33832	0.25893	0.20451	0.17568	0.14852	0.10671	0.054028	0.055964	13.295
954.95	-0.048556	-0.07604	-0.21287	-0.39205	-0.54014	-0.65739	-0.89604	-1.1905	-1.5897	-2.4279	-3.2253	-3.8925	-5.4637	-6.5313	-4.8571	-2.6048	-0.75371	0.58893	0.78486	0.79269	0.6493	0.47268	0.34276	0.27275	0.19854	0.16928	0.13204	0.099778	0.04134	0.025832	13.733
950.27	-0.044711	-0.090896	-0.20747	-0.39319	-0.55347	-0.70036	-0.95434	-1.2447	-1.6504	-2.5331	-3.3841	-4.1624	-5.8679	-6.9295	-5.0893	-2.8528	-0.92028	0.53396	0.77483	0.80919	0.66848	0.49415	0.36108	0.28135	0.20253	0.16933	0.13269	0.09511	0.038305	0.018922	14.129
943.04	-0.053288	-0.079305	-0.20906	-0.37785	-0.57474	-0.71531	-0.93336	-1.3128	-1.6686	-2.4927	-3.4641	-4.1269	-6.1555	-7.2712	-5.4694	-3.0524	-1.0679	0.49976	0.76288	0.83232	0.69535	0.53231	0.39737	0.29244	0.23139	0.19129	0.15254	0.1107	0.053287	0.019856	14.55
934.42	-0.054611	-0.076936	-0.22247	-0.40389	-0.5719	-0.71751	-1.0168	-1.3134	-1.7267	-2.6364	-3.5688	-4.42	-6.5143	-7.7348	-5.8994	-3.4478	-1.2638	0.43146	0.74716	0.83232	0.7042	0.54145	0.3954	0.30416	0.24577	0.18824	0.16345	0.10647	0.042249	0.028784	14.947
927.29	-0.072614	-0.10565	-0.23161	-0.40375	-0.57357	-0.74959	-0.98344	-1.3731	-1.831	-2.7957	-3.8252	-4.6511	-6.8112	-8.2671	-6.2205	-3.7841	-1.4702	0.37724	0.71414	0.85679	0.71289	0.55585	0.41711	0.31146	0.24766	0.21152	0.16789	0.12543	0.031785	0.01859	15.372
921.53	-0.074753	-0.098445	-0.23888	-0.42914	-0.57531	-0.77386	-1.0459	-1.434	-1.8568	-2.7257	-3.9965	-4.9645	-7.2096	-8.7864	-6.7068	-4.2407	-1.6872	0.29854	0.6796	0.85954	0.73877	0.57734	0.44585	0.34	0.26318	0.21934	0.17376	0.12697	0.036994	0.0179	15.754
915.89	-0.10319	-0.12199	-0.24202	-0.43918	-0.58993	-0.7625	-1.0539	-1.4127	-1.9151	-2.9448	-4.0953	-5.0472	-7.6288	-8.9726	-7.0994	-4.5282	-1.8649	0.23854	0.65656	0.86484	0.75575	0.60335	0.44203	0.36385	0.27261	0.21824	0.17241	0.13158	0.039743	0.013141	16.161
908.96	-0.0886	-0.10937	-0.2287	-0.40361	-0.6093	-0.7647	-1.0842	-1.458	-2.0014	-2.9938	-4.1732	-5.173	-8.0477	-9.6232	-7.5346	-4.8964	-2.116	0.16811	0.61798	0.87582	0.78992	0.62099	0.47769	0.36999	0.28885	0.24381	0.19488	0.13027	0.062904	0.009155	16.531
903.63	-0.10115	-0.099594	-0.21987	-0.42765	-0.59606	-0.80463	-1.1042	-1.5023	-2.0254	-3.0293	-4.4327	-5.3882	-8.4328	-10.224	-8.0262	-5.3227	-2.3624	0.070091	0.58997	0.9013	0.8013	0.64828	0.49717	0.3798	0.30005	0.24691	0.19439	0.13724	0.041982	0.019077	16.916
901.61	-0.11688	-0.14882	-0.22121	-0.42694	-0.62177	-0.78186	-1.0994	-1.5133	-2.0234	-3.045	-4.5463	-5.7439	-8.9509	-10.783	-8.6389	-5.8834	-2.6235	-0.028987	0.52784	0.87854	0.81068	0.64798	0.50246	0.3951	0.292	0.24331	0.2014	0.12589	0.025863	-0.014668	17.304
899.48	-0.11716	-0.14917	-0.24814	-0.42628	-0.59788	-0.78189	-1.1053	-1.5186	-2.057	-3.1955	-4.6703	-5.8281	-9.3283	-11.011	-8.9436	-6.1812	-2.8597	-0.1121	0.48016	0.89038	0.82273	0.67501	0.52123	0.41478	0.31973	0.26638	0.20352	0.12774	0.048169	0.0059477	17.69
895.42	-0.13677	-0.14014	-0.26894	-0.4198	-0.6053	-0.81384	-1.136	-1.6315	-2.1151	-3.237	-4.6915	-5.961	-9.6516	-11.592	-9.4262	-6.4677	-3.0848	-0.18411	0.45038	0.90778	0.84511	0.69043	0.52358	0.42607	0.32517	0.26089	0.22014	0.13771	0.037214	0.012614	18.025
891.8	-0.13123	-0.15695	-0.23396	-0.42573	-0.61913	-0.79506	-1.1406	-1.5909	-2.1884	-3.2863	-4.901	-6.1455	-9.9559	-12.047	-9.742	-6.7714	-3.3164	-0.26125	0.40945	0.9052	0.87154	0.71629	0.5485	0.43639	0.34815	0.27876	0.23182	0.1477	0.049446	0.0093312	18.379
890.3	-0.13668	-0.16779	-0.25586	-0.41714	-0.59265	-0.80377	-1.2171	-1.5927	-2.251	-3.3551	-5.0904	-6.361	-10.144	-12.449	-10.157	-7.455	-3.5603	-0.39169	0.3368	0.90134	0.844	0.71127	0.55196	0.4397	0.33668	0.27502	0.2214	0.14402	0.034833	-0.001501	18.716
889.98	-0.17163	-0.19308	-0.26198	-0.42237	-0.62134	-0.80498	-1.16	-1.6441	-2.2244	-3.3382	-5.2831	-6.5061	-10.088	-12.878	-10.642	-7.7626	-3.7846	-0.48406	0.28006	0.88374	0.86052	0.71508	0.55554	0.44588	0.34323	0.28522	0.214	0.13541	0.020148	-0.015696	19.054
887.53	-0.1896	-0.17811	-0.27047	-0.45915	-0.64115	-0.79704	-1.2225	-1.6581	-2.2889	-3.2295	-5.0967	-6.6226	-10.27	-13.288	-11.034	-8.0088	-4.035	-0.56216	0.22877	0.87988	0.88086	0.7331	0.58507	0.46265	0.34821	0.29699	0.21376	0.13973	0.025405	-0.020761	19.366
882.94	-0.17827	-0.21595	-0.28142	-0.43511	-0.59472	-0.80861	-1.2305	-1.6832	-2.331	-3.3831	-5.229	-6.7829	-10.47	-13.649	-11.418	-8.4933	-4.2269	-0.65712	0.18094	0.87722	0.88286	0.75213	0.59237	0.48068	0.37675	0.30532	0.23498	0.14839	0.026409	-0.016662	19.665
877.5	-0.19796	-0.20078	-0.28753	-0.42752	-0.63018	-0.82673	-1.2168	-1.6701	-2.3952	-3.3306	-5.4453	-6.816	-10.666	-14.259	-11.752	-8.8643	-4.4819	-0.74538	0.13776	0.88176	0.89007	0.7649	0.6132	0.48017	0.37175	0.31319	0.22548	0.15889	0.020434	-0.020998	19.899
874.19	-0.21114	-0.22391	-0.31491	-0.42655	-0.62193	-0.86272	-1.1941	-1.7456	-2.378	-3.6657	-5.5436	-7.0417	-10.863	-14.598	-12.363	-9.2174	-4.6574	-0.8083	0.087935	0.86501	0.89431	0.7669	0.5983	0.46884	0.3527	0.30323	0.23225	0.14907	0.01523	-0.032127	20.166
870.24	-0.22727	-0.23325	-0.29697	-0.43887	-0.63253	-0.83173	-1.2203	-1.7747	-2.3233	-3.451	-5.6859	-7.1193	-11.079	-14.83	-12.561	-9.5985	-4.8265	-0.89685	0.062206	0.87077	0.894	0.77674	0.61139	0.49033	0.3691	0.30547	0.25031	0.14572	0.011762	-0.046787	20.412
863.73	-0.22719	-0.23165	-0.31252	-0.42649	-0.62262	-0.8133	-1.2111	-1.742	-2.3289	-3.5143	-5.5911	-7.1454	-11.048	-15.204	-12.646	-9.7725	-5.027	-0.95969	0.032101	0.8912	0.91305	0.78351	0.63605	0.50379	0.39176	0.31125	0.23678	0.16386	0.012743	-0.029076	20.598
855.93	-0.24559	-0.26084	-0.32432	-0.46379	-0.63718	-0.80632	-1.2382	-1.7587	-2.4581	-3.5087	-5.5925	-7.3033	-11.122	-15.528	-13.359	-9.9268	-5.2115	-1.0001	0.003258	0.88813	0.93379	0.80728	0.64272	0.51106	0.4087	0.31233	0.23721	0.14571	0.010161	-0.032812	20.76
849.94	-0.23361	-0.26694	-0.3275	-0.46883	-0.59991	-0.87864	-1.2257	-1.7197	-2.4128	-3.5144	-5.6918	-7.3921	-11.317	-15.726	-13.463	-10.391	-5.3474	-1.068	-0.014842	0.87936	0.9359	0.81575	0.64991	0.50475	0.39138	0.30748	0.25193	0.13849	0.0084215	-0.035666	20.941
844.92	-0.25154	-0.28053	-0.39473	-0.46093	-0.63448	-0.87512	-1.361	-1.8551	-2.3641	-3.5067	-5.806	-7.4078	-11.393	-15.847	-13.592	-10.576	-5.4589	-1.1229	-0.053997	0.87986	0.92708	0.81967	0.64753	0.50231	0.39624	0.31462	0.23329	0.13848	0.004827	-0.057862	21.09
839.36	-0.28836	-0.29878	-0.33802	-0.47922	-0.63969	-0.81344	-1.3494	-1.8856	-2.4502	-3.4244	-5.6826	-7.4948	-11.496	-16.087	-13.721	-10.608	-5.5772	-1.1734	-0.058725	0.88094	0.95494	0.8185	0.65362	0.52754	0.38353	0.30778	0.23572	0.14775	-0.00064063	-0.054705	21.205
832.62	-0.29909	-0.28119	-0.34628	-0.52198	-0.58601	-0.83678	-1.3482	-2.0444	-2.526	-3.2877	-5.4023	-7.4409	-11.369	-16.144	-13.901	-10.703	-5.6242	-1.1769	-0.0592	0.89765	0.97452	0.84317	0.66795	0.52813	0.39866	0.32287	0.26162	0.14726	-0.0034187	-0.05247	21.274
826.85	-0.28615	-0.29892	-0.3941	-0.43641	-0.68105	-0.83468	-1.4056	-2.0902	-2.6555	-3.223	-5.3784	-7.1278	-11.208	-16.065	-13.769	-10.681	-5.6394	-1.1693	-0.072035	0.90199	0.96296	0.86436	0.67898	0.52719	0.39193	0.31335	0.23929	0.11608	-0.031364	-0.091475	21.343
824.28	-0.32284	-0.3763	-0.37952	-0.53091	-0.65037	-0.90301	-1.5473	-2.3821	-2.6997	-3.36	-5.117	-6.9573	-10.91	-15.877	-13.842	-10.55	-5.5826	-1.15	-0.051792	0.90674	0.97425	0.84115	0.67106	0.52418	0.38708	0.31432	0.22567	0.1054	-0.041731	-0.095366	21.356
821.28	-0.35427	-0.3371	-0.39957	-0.49161	-0.69904	-0.92929	-1.5029	-2.5316	-2.9519	-3.0682	-4.9082	-6.7119	-10.616	-14.931	-13.501	-10.384	-5.4202	-1.0693	0.013218	0.94114	0.99353	0.86925	0.68634	0.53263	0.40852	0.30908	0.2283	0.10066	-0.044694	-0.092095	21.386
818.5	-0.37445	-0.35064	-0.429	-0.51627	-0.64051	-0.85222	-1.7248	-2.6413	-2.9474	-3.0295	-4.4996	-6.3562	-9.9436	-13.846	-12.458	-9.6105	-5.097	-0.95957	0.079582	0.96579	1.0238	0.87607	0.68131	0.54099	0.39418	0.32112	0.23179	0.10015	-0.034504	-0.096039	21.385
815.5	-0.38915	-0.40965	-0.45501	-0.52001	-0.65633	-0.9399	-2.0327	-2.6895	-3.1733	-3.6629	-4.1829	-6.175	-9.0262	-12.682	-11.341	-8.9315	-4.6836	-0.80205	0.16622	1.0085	1.0294	0.89772	0.69397	0.54767	0.4044	0.31587	0.21812	0.12028	-0.057278	-0.11188	21.37
814.54	-0.39343	-0.41014	-0.4245	-0.44116	-0.62392	-1.1365	-2.1671	-2.9015	-3.3778	-3.509	-3.9481	-5.1096	-7.8477	-11.788	-10.737	-8.413	-4.3467	-0.69819	0.23486	1.0175	1.0288	0.88519	0.68093	0.54268	0.38995	0.3006	0.21021	0.11182	-0.051677	-0.12935	21.359
814.65	-0.42483	-0.39586	-0.39248	-0.39305	-0.75245	-1.3268	-2.4979	-3.0648	-3.4718	-3.7952	-3.9684	-4.1046	-6.8448	-10.078	-9.4902	-7.8633	-3.9126	-0.53991	0.31046	1.0154	1.0342	0.85984	0.70117	0.52662	0.38639	0.30516	0.22017	0.086857	-0.09229	-0.15031	21.356
815.07	-0.37412	-0.35389	-0.28324	-0.48889	-0.87231	-1.5064	-2.5895	-3.1101	-3.4	-3.5166	-3.3308	-4.6774	-5.4563	-8.1902	-8.2507	-6.7136	-3.4143	-0.34123	0.43989	1.0717	1.0579	0.89819	0.70819	0.55548	0.41514	0.30316	0.23185	0.11089	-0.067694	-0.13382	21.352
812.83	-0.31879	-0.29606	-0.25669	-0.55136	-1.0587	-1.868	-2.7635	-3.0283	-3.2611	-3.1795	-4.1967	-4.5926	-5.4057	-6.4828	-7.0052	-5.7602	-2.928	-0.12203	0.55842	1.108	1.0814	0.8997	0.69811	0.53157	0.40397	0.31967	0.22794	0.11723	-0.047999	-0.10951	21.386
810.04	-0.27867	-0.22644	-0.29162	-0.7549	-1.4139	-2.3487	-2.854	-2.8514	-2.9901	-3.3196	-3.9595	-4.3632	-3.3339	-4.7411	-5.1965	-4.7456	-2.3413	0.06299	0.65361	1.1177	1.0832	0.90279	0.70887	0.54285	0.39123	0.30134	0.21046	0.089083	-0.041515	-0.09154	21.346
808.43	-0.2264	-0.21256	-0.39454	-0.95752	-1.8348	-2.4742	-2.8489	-2.6344	-3.3163	-3.5454	-3.4527	-3.4778	-3.35	-3.9089	-4.7682	-4.2713	-2.0493	0.14333	0.67487	1.0992	1.045	0.85666	0.68142	0.50697	0.3752	0.28896	0.18983	0.092725	-0.026366	-0.086207	21.271
806.4	-0.19038	-0.23824	-0.41359	-1.2148	-2.18	-2.5832	-2.7622	-2.6762	-2.81	-3.6243	-3.4088	-3.1418	-3.9733	-3.9093	-4.7495	-4.1435	-1.9148	0.21494	0.71114	1.104	1.0439	0.86471	0.67846	0.5111	0.37171	0.29341	0.21692	0.10078	-0.013073	-0.059705	21.089
802.87	-0.23184	-0.25914	-0.59194	-1.5539	-2.3495	-2.7091	-2.6666	-2.5057	-2.9449	-3.3794	-3.3286	-3.0072	-4.1618	-3.6158	-4.5239	-3.8537	-1.7887	0.28847	0.7572	1.1247	1.0352	0.85965	0.67114	0.5124	0.36355	0.29003	0.17456	0.095987	-0.030385	-0.063668	20.908
799.12	-0.25527	-0.33558	-0.81618	-1.8569	-2.3997	-2.5862	-2.4309	-2.6919	-2.3857	-3.1836	-2.8023	-3.2698	-3.4273	-3.207	-3.9259	-3.3824	-1.5344	0.38125	0.81951	1.118	1.0382	0.84884	0.65168	0.49755	0.35988	0.25857	0.20315	0.088546	-0.025711	-0.063037	20.755
796.65	-0.33598	-0.51208	-1.3168	-2.0876	-2.3647	-2.5963	-2.4783	-2.3406	-2.8416	-2.9912	-2.5658	-2.4523	-3.3804	-2.7235	-3.586	-3.0122	-1.2881	0.44425	0.85427	1.1115	1.0071	0.82069	0.62724	0.44908	0.3179	0.23397	0.16014	0.051877	-0.079884	-0.11826	20.54
795.15	-0.58172	-0.75533	-1.6296	-2.3102	-2.3904	-2.4061	-2.4376	-2.3759	-2.2469	-2.774	-2.2609	-2.5269	-2.5619	-2.8142	-3.1883	-2.7068	-1.0593	0.53283	0.90292	1.0985	0.98702	0.78943	0.59624	0.40753	0.28522	0.20425	0.10834	0.015845	-0.14778	-0.20912	20.252
792.69	-0.65406	-0.99615	-1.6491	-2.3307	-2.3477	-2.3504	-2.194	-2.2421	-2.3621	-2.3762	-2.2572	-2.214	-2.3197	-2.5463	-2.7404	-2.3125	-0.81812	0.61733	0.9557	1.0959	0.96327	0.76196	0.56011	0.38077	0.23106	0.13965	0.077875	-0.039795	-0.21134	-0.26039	19.99
790.11	-0.88516	-1.1112	-1.7059	-2.1106	-2.1661	-2.1191	-2.3345	-2.1273	-2.1076	-2.2004	-1.8347	-2.0302	-1.9121	-2.2771	-2.4048	-2.0372	-0.5842	0.70869	0.99316	1.0884	0.94238	0.7204	0.51716	0.33644	0.19651	0.10501	0.0088406	-0.11708	-0.30845	-0.38348	19.767
788.61	-1.0788	-1.2006	-1.7946	-2.0411	-2.0556	-1.9587	-2.0371	-1.9273	-1.939	-1.745	-1.7413	-1.6312	-1.674	-2.0418	-2.1061	-1.7679	-0.3813	0.79018	1.0016	1.0722	0.89217	0.66663	0.45896	0.25742	0.1207	0.024425	-0.085893	-0.22482	-0.51298	-0.62635	19.495
789.47	-1.2793	-1.3993	-1.7354	-2.0446	-1.9152	-1.9555	-1.9353	-1.9019	-1.6633	-1.539	-1.5996	-1.7502	-1.846	-1.7714	-2.1874	-1.5031	-0.18098	0.83403	1.033	1.0427	0.8383	0.60281	0.40507	0.19892	0.059868	-0.043004	-0.15983	-0.32221	-0.68398	-0.81954	19.197
791.29	-1.4952	-1.2185	-1.685	-1.9076	-1.7047	-1.8079	-1.9108	-1.6565	-1.6193	-1.6882	-1.4457	-1.3044	-1.4755	-1.5667	-1.7446	-1.2072	-0.026623	0.88605	1.0176	0.9869	0.79319	0.55345	0.35657	0.16167	0.012729	-0.086473	-0.22023	-0.39673	-0.76604	-0.97446	18.942
793.54	-1.5447	-1.3236	-1.6425	-1.7922	-1.668	-1.6879	-1.8118	-1.4143	-1.39	-1.389	-1.1099	-1.2106	-1.2791	-1.2193	-1.6981	-0.75122	0.10765	0.93836	1.0582	0.95996	0.74405	0.51402	0.30624	0.139	-0.025165	-0.13439	-0.23639	-0.42916	-0.79102	-0.98105	18.655
796.87	-1.3804	-1.0991	-1.5732	-1.7158	-1.5804	-1.7283	-1.53	-1.2353	-1.3684	-1.3428	-1.3077	-1.3152	-1.5035	-1.2047	-1.5875	-0.4877	0.21872	0.94784	1.0409	0.92291	0.72379	0.48112	0.27473	0.098045	-0.036729	-0.13948	-0.23912	-0.41506	-0.73943	-0.89212	18.363
802.12	-1.4711	-1.2346	-1.3403	-1.5619	-1.569	-1.8091	-1.448	-1.3514	-1.2091	-1.4344	-1.2356	-1.3661	-1.5887	-1.3194	-1.464	-0.56411	0.29465	0.97336	1.0158	0.89498	0.66509	0.42868	0.24947	0.064931	-0.054323	-0.16099	-0.25139	-0.40448	-0.67511	-0.81773	18.046
809.61	-1.2618	-1.2473	-1.3365	-1.3773	-1.6067	-1.475	-1.1843	-1.2026	-1.134	-1.3614	-1.0878	-1.216	-1.4044	-1.3071	-1.3486	-0.50961	0.37425	0.97043	1.0091	0.84332	0.62517	0.3915	0.19975	0.034994	-0.072372	-0.1669	-0.26002	-0.38776	-0.62609	-0.74776	17.712
818.5	-1.0451	-1.1399	-1.1918	-1.2272	-1.325	-1.2975	-1.0842	-1.0127	-1.0918	-1.4057	-1.2005	-1.0864	-1.296	-1.3114	-1.2533	-0.22133	0.44507	0.98396	0.99725	0.80882	0.5989	0.36697	0.1893	0.028999	-0.094306	-0.17516	-0.26985	-0.36985	-0.58639	-0.6888	17.426
828.34	-0.94554	-1.0215	-1.0917	-1.1053	-1.0919	-1.0869	-0.9764	-1.0238	-1.2039	-1.107	-0.88897	-0.96797	-1.0873	-1.1589	-0.97954	-0.24759	0.49989	0.97524	0.98452	0.78572	0.56153	0.3521	0.18342	0.028653	-0.081961	-0.16132	-0.24521	-0.34938	-0.52461	-0.58374	17.082
840.54	-0.80712	-0.92824	-0.95004	-0.9908	-0.97255	-0.91874	-0.8893	-1.0153	-1.0315	-1.0526	-0.99729	-1.0201	-1.3165	-1.412	-1.2008	-0.20602	0.51087	0.95621	0.96849	0.75248	0.53261	0.31971	0.14493	-0.0082184	-0.11141	-0.18394	-0.24342	-0.34848	-0.50143	-0.56467	16.769
855.61	-0.7684	-0.72989	-0.78647	-0.99182	-0.86357	-0.88241	-0.90145	-1.0037	-0.99432	-1.147	-0.95989	-1.1042	-1.3022	-1.2987	-1.1989	-0.16509	0.52963	0.93649	0.93857	0.71778	0.48861	0.28451	0.11687	-0.023297	-0.1178	-0.18771	-0.25556	-0.34152	-0.47371	-0.51999	16.369
871.42	-0.60744	-0.70834	-0.72385	-0.75961	-0.73737	-0.74113	-0.85447	-1.0444	-1.0467	-1.0615	-1.0399	-0.95659	-1.191	-1.1364	-0.90273	-0.033868	0.55783	0.92138	0.89461	0.67728	0.45361	0.25485	0.087971	-0.033426	-0.13126	-0.19377	-0.24838	-0.32085	-0.44216	-0.47474	16.054
887.32	-0.66481	-0.6328	-0.64439	-0.6671	-0.63845	-0.73155	-0.96759	-0.94622	-0.9863	-0.86093	-0.93515	-0.97525	-1.058	-1.2268	-0.91444	-0.042267	0.57028	0.9058	0.88271	0.64446	0.43349	0.23602	0.086393	-0.029371	-0.12649	-0.17763	-0.22225	-0.28668	-0.37613	-0.39757	15.685
903.74	-0.49292	-0.52353	-0.57758	-0.58335	-0.70445	-0.81725	-0.85424	-0.90105	-0.85786	-0.93443	-0.73962	-0.95753	-1.14	-1.1794	-0.91608	0.011488	0.59467	0.89478	0.8691	0.6354	0.41553	0.23611	0.077328	-0.039011	-0.10915	-0.15615	-0.20511	-0.25355	-0.35141	-0.36157	15.3
922.17	-0.47296	-0.50835	-0.57434	-0.56761	-0.69861	-0.76531	-0.76834	-0.79415	-0.89447	-0.90701	-0.88138	-1.0331	-1.1999	-1.4017	-0.83514	-0.040669	0.59441	0.87156	0.85093	0.60625	0.39241	0.21253	0.070886	-0.038231	-0.12093	-0.15303	-0.20983	-0.25684	-0.32019	-0.35354	14.957
941.66	-0.45328	-0.47476	-0.49819	-0.55107	-0.6716	-0.73292	-0.69193	-0.76226	-0.82097	-0.931	-0.95332	-1.1214	-1.2723	-1.4691	-0.97553	0.11272	0.61059	0.85876	0.83177	0.57676	0.39638	0.19721	0.063023	-0.042322	-0.10856	-0.14827	-0.18507	-0.23367	-0.29885	-0.32413	14.595
958.78	-0.42494	-0.43909	-0.4781	-0.51846	-0.62083	-0.59483	-0.66077	-0.71189	-0.83563	-0.91439	-0.75031	-0.73687	-1.0109	-1.2221	-0.85488	0.26886	0.64124	0.85112	0.81768	0.57728	0.37742	0.19699	0.050122	-0.049557	-0.11109	-0.15579	-0.19179	-0.2273	-0.2887	-0.30672	14.23
972.91	-0.42116	-0.43196	-0.48533	-0.54032	-0.58836	-0.59547	-0.65932	-0.80864	-0.79535	-0.661	-0.76559	-0.89763	-0.97272	-1.2432	-0.65596	0.19933	0.63113	0.8337	0.796	0.54183	0.3454	0.16975	0.040882	-0.040963	-0.10654	-0.15584	-0.17988	-0.22112	-0.26473	-0.3099	13.828
985.87	-0.43295	-0.40204	-0.48051	-0.5065	-0.48549	-0.55018	-0.66822	-0.73196	-0.78415	-0.75853	-0.82445	-0.8536	-1.0682	-1.3035	-0.63898	0.26956	0.61662	0.82607	0.76247	0.51447	0.32546	0.14666	0.025838	-0.071507	-0.13271	-0.16823	-0.19177	-0.24522	-0.27452	-0.31035	13.455
997.65	-0.38971	-0.36172	-0.40649	-0.40847	-0.49669	-0.57495	-0.62129	-0.66956	-0.73484	-0.8949	-0.75511	-0.91517	-1.0633	-1.2275	-0.67276	0.25038	0.64005	0.78669	0.74538	0.48199	0.28889	0.12353	0.011197	-0.084486	-0.12827	-0.17901	-0.20582	-0.22969	-0.29211	-0.31041	13.09
1006.4	-0.35239	-0.34924	-0.38242	-0.42214	-0.53942	-0.57242	-0.61376	-0.6729	-0.77554	-0.77511	-0.76547	-0.6231	-1.0086	-1.2244	-0.51124	0.15305	0.65812	0.79131	0.72144	0.46197	0.27432	0.11696	0.0096049	-0.084517	-0.13072	-0.16555	-0.19228	-0.22561	-0.27046	-0.28631	12.726
1010.4	-0.32101	-0.31917	-0.36497	-0.43536	-0.52974	-0.52302	-0.49853	-0.69145	-0.6714	-0.61257	-0.61953	-0.7464	-0.95175	-1.1372	-0.58265	0.31831	0.67824	0.78084	0.72002	0.46012	0.25594	0.10163	-0.015764	-0.094795	-0.14294	-0.19011	-0.20616	-0.23927	-0.26634	-0.27414	12.334
1010.5	-0.27948	-0.3005	-0.36721	-0.41892	-0.49289	-0.49941	-0.54702	-0.6512	-0.64717	-0.60454	-0.69511	-0.85637	-0.91392	-1.2044	-0.56626	0.42094	0.67135	0.77995	0.70615	0.4348	0.24088	0.08675	-0.03066	-0.10085	-0.15142	-0.18267	-0.19882	-0.22191	-0.24346	-0.26749	11.927
1007.5	-0.29418	-0.28629	-0.37285	-0.45079	-0.4717	-0.45363	-0.5293	-0.5497	-0.58519	-0.6463	-0.86573	-0.89833	-1.121	-1.4556	-0.47789	0.31921	0.67637	0.76514	0.67693	0.4044	0.21823	0.048549	-0.04868	-0.127	-0.1689	-0.18768	-0.21115	-0.22048	-0.22814	-0.241	11.525
1003.6	-0.30693	-0.28741	-0.36591	-0.43905	-0.44576	-0.46931	-0.51197	-0.57094	-0.55726	-0.66487	-0.68296	-1.0918	-1.2698	-1.3332	-0.52907	0.28865	0.69733	0.74687	0.65692	0.38133	0.18654	0.040861	-0.070622	-0.14047	-0.18667	-0.20932	-0.22525	-0.2367	-0.2528	-0.24342	11.103
996.06	-0.2999	-0.33176	-0.34791	-0.42272	-0.45253	-0.42341	-0.50643	-0.57218	-0.52508	-0.492	-0.88421	-1.2436	-1.5168	-1.5407	-0.56619	0.395	0.69953	0.73274	0.64937	0.35377	0.15898	0.0094145	-0.087783	-0.16153	-0.19885	-0.22144	-0.23066	-0.23146	-0.24158	-0.24974	10.736
984.81	-0.30175	-0.33849	-0.36511	-0.39316	-0.4105	-0.47659	-0.50196	-0.49003	-0.43718	-0.67756	-0.9719	-1.3949	-1.4334	-1.6504	-0.52242	0.40762	0.70675	0.74861	0.64338	0.33918	0.14306	-0.0049284	-0.10025	-0.16727	-0.20403	-0.22168	-0.22729	-0.23553	-0.24513	-0.2541	10.324
971.32	-0.32193	-0.31113	-0.33232	-0.39862	-0.39794	-0.49081	-0.46438	-0.36827	-0.35033	-0.67868	-1.0553	-1.398	-1.579	-1.4242	-0.47873	0.42971	0.73234	0.73704	0.62815	0.32253	0.12707	-0.032675	-0.13032	-0.18221	-0.23263	-0.24097	-0.24796	-0.26188	-0.25645	-0.25151	9.9753
958.67	-0.29864	-0.31977	-0.3455	-0.39838	-0.42875	-0.41424	-0.37571	-0.28123	-0.40511	-0.86408	-1.1578	-1.4495	-1.5918	-1.6323	-0.45923	0.4437	0.73561	0.74419	0.60507	0.29848	0.089144	-0.053727	-0.1446	-0.203	-0.23346	-0.25587	-0.26127	-0.25657	-0.25582	-0.27343	9.6145
945.91	-0.30431	-0.29805	-0.34368	-0.38068	-0.41577	-0.36169	-0.26183	-0.33524	-0.45907	-0.91831	-1.2094	-1.4691	-1.7423	-1.5824	-0.40439	0.46655	0.74958	0.74555	0.60393	0.2907	0.09115	-0.078692	-0.14496	-0.21545	-0.24342	-0.25457	-0.25932	-0.24447	-0.25195	-0.2457	9.2822
931.22	-0.28326	-0.27942	-0.34663	-0.38911	-0.32343	-0.25721	-0.24273	-0.30104	-0.53781	-0.89819	-1.2011	-1.4752	-1.5405	-1.3638	-0.46391	0.66245	0.78937	0.75379	0.6166	0.26957	0.086063	-0.073141	-0.15775	-0.21227	-0.24726	-0.23364	-0.25546	-0.25435	-0.23527	-0.26234	8.8969
916.53	-0.25392	-0.24043	-0.32126	-0.32718	-0.21337	-0.21834	-0.27259	-0.37859	-0.58356	-1.0532	-1.2203	-1.5075	-1.6401	-1.4516	-0.38136	0.53375	0.80705	0.75065	0.60488	0.27215	0.060929	-0.082941	-0.16685	-0.22403	-0.23874	-0.25374	-0.25794	-0.23473	-0.2424	-0.23979	8.5554
903.31	-0.2774	-0.27682	-0.27423	-0.18697	-0.22865	-0.16338	-0.23985	-0.43501	-0.64042	-1.131	-1.3134	-1.4241	-1.6556	-1.339	-0.29564	0.58574	0.82394	0.73982	0.59018	0.25228	0.0593	-0.083279	-0.18179	-0.22816	-0.25252	-0.26326	-0.2568	-0.24902	-0.24935	-0.22027	8.2213
892.01	-0.25741	-0.21862	-0.2485	-0.1539	-0.12072	-0.16913	-0.25906	-0.44138	-0.656	-0.96477	-1.3015	-1.5757	-1.574	-1.3898	-0.41033	0.70947	0.83868	0.73171	0.58039	0.22416	0.035363	-0.10295	-0.19422	-0.24651	-0.25893	-0.24643	-0.24596	-0.24196	-0.23525	-0.22223	7.9219
882.41	-0.19862	-0.2013	-0.14268	-0.10184	-0.168	-0.17655	-0.2627	-0.48265	-0.66146	-1.0666	-1.2772	-1.5748	-1.5306	-1.3792	-0.19983	0.74432	0.85995	0.75456	0.58837	0.2474	0.04005	-0.11303	-0.18695	-0.22141	-0.24554	-0.25845	-0.23857	-0.23824	-0.18985	-0.20191	7.6558
873.55	-0.14819	-0.15111	-0.085368	-0.11148	-0.16099	-0.20278	-0.29343	-0.51649	-0.69611	-0.91138	-1.3193	-1.4453	-1.5199	-1.2374	-0.11688	0.78839	0.87043	0.76503	0.58174	0.2426	0.039589	-0.10422	-0.17161	-0.2219	-0.23165	-0.2259	-0.22829	-0.20376	-0.16799	-0.17249	7.4077
866.5	-0.1243	-0.093831	-0.064843	-0.13411	-0.19156	-0.16559	-0.34076	-0.54809	-0.70434	-1.1419	-1.281	-1.4479	-1.6379	-1.23	-0.19397	0.6843	0.89608	0.74757	0.58054	0.23536	0.018877	-0.10507	-0.1982	-0.22813	-0.21125	-0.22773	-0.19343	-0.17469	-0.13561	-0.12845	7.0869
863.41	-0.093275	-0.071518	-0.07306	-0.11715	-0.1531	-0.21181	-0.39127	-0.56248	-0.724	-1.1273	-1.3151	-1.5083	-1.635	-1.2958	-0.25198	0.64054	0.89042	0.72743	0.58008	0.22419	0.023343	-0.11552	-0.18671	-0.22806	-0.21283	-0.21466	-0.20527	-0.17207	-0.11114	-0.092766	6.8554
862.34	-0.031263	-0.061529	-0.076704	-0.12516	-0.15623	-0.25681	-0.3951	-0.59339	-0.73862	-1.082	-1.2773	-1.5562	-1.6193	-1.3061	-0.013191	0.74311	0.88974	0.75308	0.56888	0.21707	0.018968	-0.11841	-0.17821	-0.21412	-0.20895	-0.19755	-0.17807	-0.1414	-0.099678	-0.06014	6.6798
861.06	-0.031308	-0.037228	-0.11241	-0.12796	-0.18688	-0.26768	-0.42166	-0.60139	-0.73715	-0.94332	-1.1215	-1.4294	-1.418	-1.0886	-0.061114	0.84618	0.90264	0.74944	0.55866	0.21554	0.0092973	-0.09563	-0.15924	-0.20911	-0.18933	-0.19001	-0.16716	-0.12208	-0.043523	-0.023125	6.4452
861.06	-0.034013	-0.04648	-0.082157	-0.12359	-0.19277	-0.2877	-0.44343	-0.61206	-0.75003	-0.9901	-1.1806	-1.3187	-1.604	-1.1061	-0.18564	0.80911	0.89285	0.71512	0.55184	0.19978	0.0066514	-0.12685	-0.17673	-0.20021	-0.19265	-0.19349	-0.1663	-0.12859	-0.036374	-0.015359	6.2347
863.3	-0.022234	-0.043843	-0.083719	-0.12676	-0.21674	-0.32403	-0.4498	-0.61136	-0.76694	-1.1368	-1.3448	-1.4533	-1.4761	-1.2697	-0.14693	0.80701	0.89142	0.73228	0.54531	0.20481	0.020705	-0.11828	-0.16406	-0.1988	-0.18883	-0.16607	-0.1633	-0.10878	-0.053215	-0.035114	6.1014
866.18	-0.025743	-0.021957	-0.063097	-0.14024	-0.24041	-0.33148	-0.47495	-0.65001	-0.75926	-1.0493	-1.1932	-1.4759	-1.3744	-1.1083	-0.079785	0.75827	0.88933	0.71752	0.54604	0.19952	0.0083644	-0.1115	-0.16178	-0.18399	-0.1882	-0.17331	-0.15165	-0.10194	-0.048596	-0.027277	5.9364
866.29	0.013696	-0.0077416	-0.037444	-0.14978	-0.23355	-0.32671	-0.46656	-0.6349	-0.75063	-1.1515	-1.2715	-1.4391	-1.471	-1.0296	-0.041695	0.80423	0.88657	0.71838	0.54004	0.19858	0.02677	-0.098703	-0.16002	-0.18485	-0.17084	-0.16117	-0.13712	-0.091417	-0.038819	-0.013552	5.7925
864.15	0.015528	0.0064891	-0.056153	-0.14318	-0.25466	-0.32941	-0.47439	-0.61874	-0.74478	-1.1543	-1.2157	-1.3599	-1.3688	-1.0147	0.044088	0.97246	0.90029	0.72585	0.53204	0.19814	0.016293	-0.10352	-0.15693	-0.17644	-0.15885	-0.14509	-0.12205	-0.090021	-0.0077458	0.0070517	5.7183
861.16	0.036319	0.025014	-0.042114	-0.16816	-0.26045	-0.35248	-0.49195	-0.61911	-0.77399	-0.99933	-1.2101	-1.337	-1.4355	-1.0094	-0.08025	0.80901	0.90074	0.71122	0.53389	0.20161	0.012821	-0.095618	-0.1531	-0.17883	-0.13781	-0.13254	-0.10271	-0.070805	-0.0059864	0.025193	5.6062
859.67	0.043607	0.016632	-0.076942	-0.17983	-0.26778	-0.37601	-0.50623	-0.64692	-0.7719	-1.0854	-1.39	-1.4686	-1.3848	-1.1255	0.025141	0.764	0.89429	0.71245	0.53738	0.20753	0.028745	-0.088429	-0.13673	-0.15419	-0.13222	-0.14062	-0.085678	-0.050551	0.0047442	0.045116	5.5319
857.1	0.039209	0.040342	-0.081643	-0.19091	-0.27943	-0.3733	-0.49681	-0.63991	-0.76989	-1.0228	-1.2851	-1.3896	-1.4245	-0.99657	-0.0036362	0.80352	0.90233	0.7232	0.53813	0.21374	0.047436	-0.093303	-0.1266	-0.15108	-0.12761	-0.11306	-0.095429	-0.060512	0.045161	0.040049	5.4744
852.19	0.055835	0.0091284	-0.092002	-0.19908	-0.27608	-0.36583	-0.49883	-0.63012	-0.79864	-1.0382	-1.2627	-1.2672	-1.4327	-0.96682	-0.0036756	0.86433	0.92461	0.73412	0.5507	0.23183	0.046819	-0.074358	-0.1079	-0.14475	-0.10904	-0.10492	-0.088167	-0.040307	0.054451	0.042896	5.4501
847.81	0.060704	0.02626	-0.098803	-0.20011	-0.29445	-0.39289	-0.50651	-0.66501	-0.81062	-1.1291	-1.2792	-1.2924	-1.5031	-1.061	0.035215	0.76528	0.92216	0.73017	0.55441	0.21608	0.040791	-0.071944	-0.12267	-0.12562	-0.11045	-0.097504	-0.086005	-0.030596	0.029318	0.044871	5.4198
845.24	0.070074	0.022056	-0.10182	-0.2114	-0.31734	-0.40671	-0.52853	-0.68334	-0.79733	-0.97049	-1.4137	-1.3715	-1.4174	-1.1089	0.045074	0.8148	0.92406	0.74501	0.56043	0.22618	0.034626	-0.060938	-0.10345	-0.13507	-0.12348	-0.10844	-0.085389	-0.032346	0.013021	0.042368	5.438
844.6	0.056337	0.0032078	-0.10825	-0.2178	-0.31358	-0.38175	-0.53576	-0.70744	-0.80056	-1.1906	-1.2639	-1.382	-1.4546	-1.065	0.084185	0.7493	0.92022	0.74946	0.5817	0.23958	0.058028	-0.056302	-0.09283	-0.11068	-0.080384	-0.081902	-0.069689	-0.023247	0.049475	0.038003	5.4274
843.85	0.07479	0.0057857	-0.10381	-0.20193	-0.32287	-0.39959	-0.5217	-0.68356	-0.84072	-1.0675	-1.3254	-1.4679	-1.5373	-1.057	0.074473	0.80669	0.94374	0.78223	0.59352	0.25587	0.085975	-0.033863	-0.079531	-0.099885	-0.083843	-0.067764	-0.040819	-0.023267	0.05408	0.076778	5.4244
843.21	0.071165	0.034994	-0.10025	-0.2128	-0.28403	-0.3999	-0.51013	-0.70043	-0.81504	-0.88687	-1.2358	-1.3466	-1.4751	-1.1027	0.015856	0.90195	0.94264	0.80521	0.61833	0.29203	0.10675	-0.015134	-0.068879	-0.077245	-0.064399	-0.053595	-0.032076	0.0074643	0.092449	0.095342	5.4441
843.74	0.076641	0.059865	-0.086567	-0.21177	-0.30989	-0.39284	-0.51493	-0.68001	-0.81014	-1.2204	-1.2652	-1.4305	-1.4742	-1.2095	0.054943	0.85409	0.95384	0.80762	0.6275	0.29184	0.11749	-0.0095025	-0.057239	-0.075381	-0.055881	-0.040238	-0.02504	0.015763	0.06959	0.07767	5.4198
846.2	0.086511	0.021176	-0.1008	-0.21294	-0.31698	-0.40527	-0.51599	-0.68437	-0.81391	-1.1217	-1.3017	-1.5671	-1.5691	-1.1702	-0.081669	0.69127	0.95017	0.81594	0.64388	0.29383	0.11445	-0.01508	-0.057962	-0.071541	-0.057408	-0.043663	-0.026717	0.021512	0.085758	0.099395	5.435
847.38	0.061652	0.036532	-0.10428	-0.22774	-0.31355	-0.42796	-0.53911	-0.70151	-0.85119	-1.2722	-1.37	-1.5837	-1.5309	-1.4006	-0.16916	0.82216	0.94794	0.81675	0.64991	0.31696	0.1358	0.012935	-0.031232	-0.056072	-0.032851	-0.036526	-0.017951	0.01735	0.070201	0.09838	5.4138
846.63	0.079131	0.022876	-0.093512	-0.23506	-0.33878	-0.40507	-0.5447	-0.70936	-0.84233	-1.0831	-1.291	-1.51	-1.6493	-1.1696	-0.18878	0.80406	0.94245	0.82716	0.65568	0.33421	0.15027	0.021351	-0.025036	-0.046168	-0.047242	-0.028592	-0.0074781	0.030607	0.10844	0.09057	5.4986
846.31	0.069986	0.017748	-0.10169	-0.22358	-0.3409	-0.41977	-0.55087	-0.7395	-0.85314	-1.2167	-1.432	-1.6795	-1.668	-1.2773	-0.15963	0.78548	0.95005	0.83815	0.6724	0.33433	0.14494	0.029767	-0.025934	-0.047995	-0.023596	-0.032145	-0.015349	0.014888	0.072107	0.088846	5.6652
847.91	0.047876	0.00063418	-0.1259	-0.26577	-0.36318	-0.43834	-0.58555	-0.74443	-0.8873	-1.1859	-1.4393	-1.7794	-1.6738	-1.4978	-0.33441	0.6146	0.92386	0.83366	0.67891	0.34405	0.17243	0.038104	-0.025885	-0.043386	-0.02102	-0.040924	-0.010085	0.024775	0.069248	0.075535	5.8213
848.98	0.05056	0.007456	-0.13296	-0.26012	-0.35774	-0.45519	-0.58481	-0.74349	-0.89141	-1.2698	-1.5375	-1.7304	-1.7885	-1.6473	-0.23683	0.74543	0.93713	0.86258	0.70052	0.3878	0.19279	0.06693	-0.0036875	-0.029798	-0.0041455	-0.0073266	0.00038423	0.039602	0.066441	0.093818	5.997
848.13	0.054272	-0.0053453	-0.13761	-0.27014	-0.36308	-0.4692	-0.59731	-0.76592	-0.92371	-1.3091	-1.509	-1.6853	-1.7903	-1.6133	-0.39266	0.70854	0.93266	0.89152	0.71161	0.38631	0.21178	0.084711	0.025598	-0.0063393	6.783e-005	0.0085716	0.012597	0.047904	0.061972	0.10355	6.1438
847.59	0.063467	0.021141	-0.13679	-0.249	-0.38525	-0.46465	-0.6147	-0.79352	-0.9339	-1.424	-1.57	-1.8457	-1.9444	-1.6767	-0.37346	0.61484	0.93866	0.90079	0.76138	0.43457	0.24507	0.11555	0.042487	0.031619	0.022851	0.035104	0.030063	0.060334	0.10559	0.10887	6.3755
848.45	0.07713	0.031364	-0.14026	-0.26738	-0.3749	-0.47773	-0.62259	-0.81439	-0.95301	-1.3181	-1.4984	-1.9468	-2.0144	-1.8533	-0.54805	0.52956	0.92057	0.89892	0.77013	0.44918	0.26003	0.13221	0.043332	0.012623	0.027888	0.02447	0.038751	0.047059	0.085531	0.11402	6.5996
851.65	0.054047	0.012536	-0.15053	-0.27786	-0.39631	-0.48171	-0.64141	-0.82392	-0.99633	-1.3415	-1.6523	-1.8649	-2.177	-2.0238	-0.65251	0.58379	0.9027	0.91385	0.79134	0.4756	0.29026	0.14378	0.062613	0.039563	0.03618	0.032298	0.045554	0.058402	0.082498	0.097014	6.8584
853.9	0.055723	-0.0027644	-0.14296	-0.27625	-0.38834	-0.49487	-0.65155	-0.81817	-1.0119	-1.6776	-1.5982	-2.0646	-2.2874	-2.0539	-0.71841	0.58226	0.8788	0.92587	0.82105	0.49678	0.30106	0.17489	0.073909	0.056507	0.035248	0.042745	0.053232	0.065633	0.10571	0.099368	7.1248
