13521	5	3	91	24.7	747	1	3	8	2.33	128	4096	10	0	0	0	0	298.24	931.36	1.4201e+006	0.11559	0.10068	39.989	0	0	1	0	0	0	11	0	0
933.35	0.02118	-0.027345	-0.10835	-0.14654	-0.18684	-0.21314	-0.2381	-0.23625	-0.19952	-0.18951	0.11775	0.20155	0.55947	0.85636	0.75572	-0.06891	-0.5577	-0.8823	-0.99594	-0.86073	-0.75844	-0.67466	-0.52818	-0.41415	-0.31315	-0.2738	-0.16612	-0.098227	-0.0015172	0.04095	-1.9447
933.03	0.022021	-0.020366	-0.084573	-0.16111	-0.20411	-0.21762	-0.25132	-0.25603	-0.22338	-0.22412	-0.10975	0.16755	0.53514	0.84044	0.6764	-0.0090622	-0.41994	-0.77791	-0.90352	-0.80629	-0.73917	-0.64268	-0.51465	-0.41183	-0.31096	-0.25702	-0.18204	-0.079486	0.020751	0.039371	-1.5762
931.11	0.025401	-0.031299	-0.086392	-0.1574	-0.19092	-0.22247	-0.26423	-0.28618	-0.25323	-0.17267	-0.018777	0.16789	0.41335	0.80158	0.74867	0.2309	-0.30233	-0.68342	-0.80927	-0.73766	-0.67381	-0.59135	-0.4955	-0.39951	-0.2947	-0.24789	-0.14824	-0.087928	0.011703	0.055411	-1.1987
930.48	0.032094	-0.020422	-0.10127	-0.15751	-0.22828	-0.25085	-0.29076	-0.31602	-0.28998	-0.42383	-0.17391	0.057039	0.26608	0.68838	0.75806	0.27395	-0.19714	-0.58156	-0.72705	-0.70215	-0.65061	-0.57647	-0.48694	-0.38167	-0.28644	-0.25048	-0.14914	-0.090248	0.010885	0.031494	-0.82733
929.52	0.016257	-0.023561	-0.087366	-0.17953	-0.24124	-0.27672	-0.31279	-0.32376	-0.31655	-0.35495	-0.27459	-0.036921	0.32381	0.77856	0.67898	0.34291	-0.063001	-0.46912	-0.62285	-0.63505	-0.59001	-0.54218	-0.43561	-0.36723	-0.26289	-0.21768	-0.16681	-0.082048	0.0059297	0.023533	-0.41957
928.03	0.022976	-0.026721	-0.11475	-0.1636	-0.248	-0.28336	-0.31873	-0.35318	-0.34256	-0.27739	-0.21099	-0.045535	0.34075	0.6902	0.84003	0.48965	0.049994	-0.36993	-0.54006	-0.5561	-0.55414	-0.51749	-0.46551	-0.35049	-0.24481	-0.21642	-0.15193	-0.087465	0.015059	0.044387	-0.011905
927.92	0.01461	-0.026724	-0.12714	-0.1766	-0.25168	-0.27897	-0.3452	-0.39037	-0.37768	-0.37291	-0.28423	-0.04554	0.20106	0.61694	0.77791	0.54131	0.16146	-0.27798	-0.45554	-0.50628	-0.50756	-0.47068	-0.41121	-0.33154	-0.24946	-0.20756	-0.13759	-0.076147	0.0084281	0.045193	0.38957
930.05	0.030438	-0.03523	-0.10708	-0.18914	-0.25473	-0.29421	-0.34673	-0.3903	-0.41023	-0.38938	-0.3566	-0.13085	0.27439	0.46919	0.85595	0.6945	0.25664	-0.17761	-0.37011	-0.44677	-0.46557	-0.43305	-0.39004	-0.31266	-0.21429	-0.19741	-0.13648	-0.062413	0.0084088	0.0363	0.74685
929.3	0.029629	-0.012654	-0.099751	-0.1731	-0.26312	-0.31123	-0.37107	-0.42441	-0.44001	-0.55439	-0.36603	-0.32754	0.1351	0.63228	0.79449	0.69506	0.34341	-0.097372	-0.28201	-0.40161	-0.42672	-0.41383	-0.37739	-0.29477	-0.21138	-0.19112	-0.12863	-0.05266	0.018352	0.041128	1.1405
929.2	0.010413	-0.03682	-0.12944	-0.20228	-0.25042	-0.29272	-0.38508	-0.44507	-0.47191	-0.55444	-0.5123	-0.33614	-0.086512	0.36388	0.77684	0.68657	0.41188	-0.023178	-0.21494	-0.34927	-0.3761	-0.38664	-0.34746	-0.29645	-0.19524	-0.17581	-0.11989	-0.077551	0.010072	0.023541	1.5478
929.09	0.016264	-0.054754	-0.13028	-0.2104	-0.28956	-0.32455	-0.41851	-0.47811	-0.51178	-0.6152	-0.51236	-0.55847	-0.11936	0.28255	0.7503	0.80689	0.50181	0.070467	-0.13522	-0.28317	-0.34836	-0.36201	-0.32968	-0.27587	-0.17909	-0.171	-0.12468	-0.056444	0.0067587	0.037939	1.9488
928.45	0.023803	-0.021248	-0.13697	-0.2146	-0.2852	-0.33362	-0.3885	-0.50567	-0.54321	-0.61563	-0.66819	-0.40485	-0.33302	0.16872	0.75971	0.902	0.58137	0.16246	-0.055524	-0.21804	-0.29707	-0.30945	-0.29342	-0.25873	-0.15457	-0.17595	-0.10325	-0.058746	0.012565	0.036366	2.3634
928.03	0.019629	-0.027502	-0.13621	-0.2366	-0.32267	-0.35411	-0.45007	-0.52489	-0.58571	-0.76345	-0.64104	-0.58479	-0.28387	0.12807	0.62674	0.76482	0.6485	0.22976	0.020331	-0.16569	-0.25302	-0.27978	-0.26354	-0.22996	-0.15618	-0.14293	-0.087355	-0.059527	0.011742	0.047589	2.7506
928.67	0.020453	-0.043861	-0.13694	-0.23725	-0.30789	-0.35917	-0.47384	-0.54433	-0.6108	-0.74559	-0.86005	-0.77256	-0.40687	-0.0022607	0.70623	0.92758	0.69838	0.32948	0.11589	-0.10714	-0.20051	-0.25233	-0.23905	-0.21	-0.14452	-0.13234	-0.096057	-0.047416	0.0084182	0.050757	3.1938
928.67	0.019616	-0.0423	-0.16417	-0.25832	-0.32608	-0.38923	-0.4917	-0.59217	-0.66656	-0.75425	-0.82346	-0.88377	-0.59578	-0.20581	0.55526	0.87601	0.75778	0.3887	0.19566	-0.051284	-0.15145	-0.21147	-0.23013	-0.18278	-0.16608	-0.12991	-0.084108	-0.045905	0.015048	0.033955	3.5519
928.67	0.042191	-0.018125	-0.15427	-0.23482	-0.33518	-0.4016	-0.50335	-0.60125	-0.68966	-0.88435	-0.86005	-0.99497	-0.76825	-0.32791	0.43093	0.84164	0.7982	0.46648	0.26043	0.0028538	-0.10811	-0.19358	-0.1969	-0.18278	-0.14375	-0.12588	-0.064989	-0.034587	0.018364	0.040357	3.9599
928.98	-0.002957	-0.051642	-0.174	-0.26796	-0.36145	-0.42002	-0.50473	-0.65464	-0.70774	-1.0228	-1.1066	-0.97752	-0.89113	-0.45802	0.35974	0.77264	0.81277	0.51492	0.33219	0.036355	-0.084372	-0.15266	-0.17171	-0.15303	-0.13215	-0.11535	-0.050632	-0.046645	0.02664	0.034743	4.3482
927.6	0.0087558	-0.061088	-0.16105	-0.26105	-0.36198	-0.41622	-0.52492	-0.64323	-0.76383	-1.0069	-1.1448	-1.2359	-0.96647	-0.56466	0.22692	0.74798	0.82637	0.58117	0.39041	0.10523	-0.039473	-0.12391	-0.1387	-0.13096	-0.11076	-0.084817	-0.048315	-0.016497	0.010918	0.039601	4.806
926.43	0.02553	-0.059601	-0.18028	-0.26626	-0.36609	-0.42915	-0.5505	-0.66555	-0.83427	-0.96475	-1.2287	-1.3232	-1.1653	-0.84284	0.16488	0.79198	0.84064	0.63241	0.45425	0.1648	0.014576	-0.093339	-0.10719	-0.12533	-0.10086	-0.078455	-0.06275	-0.019543	0.020901	0.038048	5.2183
925.58	0.028909	-0.056526	-0.1763	-0.27464	-0.36095	-0.43664	-0.57672	-0.70506	-0.83264	-1.0527	-1.184	-1.3845	-1.2158	-1.0478	0.093738	0.9048	0.84887	0.69773	0.52282	0.21583	0.05643	-0.046437	-0.078007	-0.089855	-0.08318	-0.065571	-0.031636	-0.021075	0.027569	0.048519	5.6228
925.15	0.0062626	-0.03933	-0.17307	-0.29673	-0.394	-0.47588	-0.58634	-0.73023	-0.85861	-1.1054	-1.4416	-1.4968	-1.5626	-1.2935	-0.16474	0.68094	0.85506	0.72999	0.57143	0.25561	0.086004	-0.029366	-0.071533	-0.088241	-0.067755	-0.076942	-0.052442	-0.0097239	0.019264	0.034889	6.0197
925.15	-0.00045282	-0.05029	-0.15568	-0.27232	-0.40861	-0.49008	-0.63	-0.76418	-0.90899	-1.2969	-1.5976	-1.7629	-1.7522	-1.4569	-0.40545	0.48255	0.81862	0.75128	0.62217	0.2996	0.12622	-0.0020161	-0.045497	-0.055118	-0.053065	-0.058309	-0.043645	-0.021084	0.025086	0.043722	6.3907
925.47	0.0020645	-0.060447	-0.17467	-0.295	-0.40208	-0.50232	-0.63991	-0.78627	-0.93825	-1.2704	-1.5511	-1.8396	-2.0401	-1.6198	-0.48551	0.491	0.81668	0.78827	0.65762	0.34088	0.17213	0.029597	-0.029216	-0.039371	-0.034499	-0.035616	-0.035637	-0.015022	0.020922	0.026046	6.81
925.15	0.01969	-0.018194	-0.18632	-0.29836	-0.40039	-0.49717	-0.63546	-0.81387	-0.97456	-1.2969	-1.6159	-1.9346	-2.0655	-2.0861	-0.62832	0.46529	0.79709	0.81783	0.69273	0.39535	0.19927	0.068924	-0.0031886	-0.031102	-0.029099	-0.041298	-0.026053	-0.0059361	0.015106	0.037297	7.1959
925.26	0.020527	-0.048718	-0.17968	-0.30727	-0.43048	-0.51131	-0.65565	-0.84441	-1.0248	-1.4796	-1.7718	-1.9344	-2.2054	-2.1268	-0.87783	0.32725	0.75643	0.83193	0.73467	0.42204	0.23454	0.089425	0.017963	-0.016195	-0.021366	-0.027523	-0.013256	-0.0036661	0.018432	0.041308	7.5529
924.3	0.018869	-0.044067	-0.19229	-0.30107	-0.42361	-0.51362	-0.67584	-0.86352	-1.0539	-1.5596	-1.9206	-2.22	-2.513	-2.3989	-1.0215	0.16353	0.70831	0.83279	0.76083	0.44924	0.25779	0.11604	0.029383	0.0086528	-0.0074584	-0.0080925	-0.0012626	-0.0044262	0.044259	0.042958	7.8977
921.53	0.013027	-0.065421	-0.17874	-0.32812	-0.42855	-0.52763	-0.69665	-0.88606	-1.1028	-1.6429	-1.954	-2.3819	-2.6116	-2.6522	-1.2662	0.16403	0.66305	0.84776	0.76868	0.47917	0.29647	0.14127	0.050709	0.020319	0.004161	-0.01381	-0.006886	-0.0029196	0.032703	0.026963	8.238
919.83	0.015584	-0.035621	-0.18907	-0.31154	-0.43486	-0.53932	-0.71833	-0.91936	-1.133	-1.7861	-2.0961	-2.4294	-2.8901	-2.9037	-1.5107	0.016838	0.60181	0.85022	0.79722	0.50521	0.31931	0.15013	0.05735	0.017026	-0.0059404	0.0024607	-0.0044872	0.0039303	0.039456	0.035089	8.6083
918.97	0.0012331	-0.04984	-0.18757	-0.33231	-0.44721	-0.55232	-0.71036	-0.94605	-1.184	-1.814	-2.2274	-2.5786	-2.9841	-3.1367	-1.7095	-0.061292	0.56069	0.87066	0.83627	0.55171	0.34356	0.19329	0.089347	0.037049	0.020519	0.0049098	0.0083898	0.0031733	0.036141	0.033505	8.8682
917.27	0.0071624	-0.044406	-0.19126	-0.31241	-0.45634	-0.54261	-0.73999	-0.95199	-1.2047	-1.7735	-2.1945	-2.5575	-3.131	-3.2992	-1.8206	-0.28762	0.49742	0.86602	0.84183	0.57275	0.36904	0.20485	0.11249	0.054657	0.035371	0.013908	0.012437	0.013872	0.027819	0.034377	9.1629
917.16	0.0088555	-0.056257	-0.17207	-0.31737	-0.461	-0.55162	-0.75737	-0.96045	-1.2315	-1.7122	-2.2966	-2.7483	-3.3975	-3.5221	-1.9467	-0.29635	0.44318	0.86075	0.85472	0.60762	0.40137	0.2385	0.11825	0.059674	0.036153	0.020445	0.0051785	0.00012231	0.030339	0.028712	9.4061
917.48	0.019855	-0.035712	-0.18036	-0.31152	-0.44886	-0.54696	-0.75632	-0.97849	-1.2512	-1.738	-2.268	-2.8859	-3.521	-3.7516	-2.1078	-0.51369	0.38291	0.85061	0.84403	0.61349	0.41199	0.23497	0.12149	0.056315	0.050174	0.021255	0.0092108	0.0054698	0.011877	0.03356	9.6688
917.27	0.0012353	-0.048352	-0.18792	-0.34605	-0.44989	-0.57841	-0.76357	-0.99375	-1.2943	-1.8262	-2.463	-3.1117	-3.5717	-3.9338	-2.3601	-0.54863	0.32954	0.84543	0.85062	0.61711	0.42865	0.25916	0.13957	0.077208	0.042388	0.014724	0.012437	0.014637	0.016075	0.026279	9.8757
918.44	-0.0013011	-0.059331	-0.19185	-0.32594	-0.46955	-0.5732	-0.80187	-1.0392	-1.2982	-1.8589	-2.6355	-3.0904	-3.8079	-4.1758	-2.3122	-0.83465	0.25738	0.84257	0.85353	0.6424	0.43967	0.27261	0.14841	0.08962	0.055572	0.02613	0.023698	0.026825	0.033648	0.039189	10.093
918.55	-0.0029906	-0.045922	-0.18849	-0.3087	-0.4557	-0.57849	-0.79942	-1.0407	-1.3311	-1.9639	-2.5427	-3.3063	-3.8739	-4.3481	-2.6621	-0.90407	0.18479	0.84158	0.871	0.66404	0.46029	0.27688	0.17134	0.092947	0.057125	0.039997	0.018058	0.017668	0.036997	0.039182	10.339
917.7	0.011389	-0.038072	-0.16613	-0.32703	-0.48191	-0.59871	-0.81116	-1.0551	-1.3485	-1.9658	-2.5729	-3.292	-3.9191	-4.5334	-2.7814	-1.044	0.12486	0.81731	0.85902	0.67161	0.47809	0.3004	0.17724	0.11223	0.06575	0.044933	0.033391	0.032193	0.01942	0.03517	10.493
917.48	0.0063149	-0.049921	-0.17118	-0.33121	-0.46912	-0.58722	-0.82471	-1.0628	-1.3673	-2.0452	-2.6568	-3.2928	-4.1943	-4.7899	-3.1056	-1.0356	0.05725	0.81303	0.86322	0.69091	0.50304	0.30736	0.1822	0.11644	0.063426	0.059647	0.027754	0.027618	0.027812	0.0368	10.62
916.95	0.0037764	-0.036522	-0.16626	-0.32483	-0.4694	-0.5983	-0.80317	-1.0877	-1.3988	-2.2221	-2.8713	-3.39	-4.4047	-4.8009	-3.2154	-1.1667	-0.0078864	0.7956	0.85492	0.69653	0.49339	0.31013	0.18641	0.11065	0.067365	0.037615	0.02777	0.015408	0.032866	0.028716	10.754
915.78	0.0063267	-0.048433	-0.18655	-0.32607	-0.46354	-0.60982	-0.77821	-1.0782	-1.3965	-2.0051	-2.7822	-3.5071	-4.402	-5.0135	-3.2195	-1.2815	-0.053908	0.78855	0.86402	0.71398	0.51475	0.32261	0.18829	0.13422	0.076041	0.052394	0.028615	0.029198	0.027864	0.030377	10.861
915.25	-0.0097895	-0.062705	-0.17746	-0.30159	-0.4795	-0.58417	-0.80782	-1.1123	-1.4079	-2.2263	-2.8024	-3.5525	-4.5546	-5.0577	-3.4286	-1.4043	-0.091607	0.78273	0.87094	0.7109	0.5192	0.34354	0.18758	0.14434	0.076866	0.059793	0.032674	0.013138	0.030403	0.027148	10.929
915.14	0.00039023	-0.054006	-0.16743	-0.3263	-0.47033	-0.60935	-0.81185	-1.0932	-1.4315	-2.1737	-2.812	-3.5009	-4.5718	-5.3226	-3.4831	-1.4132	-0.12678	0.77385	0.86222	0.71447	0.5317	0.34012	0.20817	0.13264	0.078441	0.053249	0.03106	0.023095	0.022838	0.028776	10.998
914.39	-0.0030058	-0.036625	-0.16924	-0.32739	-0.4818	-0.59189	-0.81567	-1.0874	-1.4537	-2.1843	-2.8236	-3.4864	-4.5255	-5.3187	-3.513	-1.5802	-0.1671	0.77448	0.86212	0.7203	0.52965	0.33348	0.20669	0.12437	0.080068	0.054113	0.031086	0.026945	0.024542	0.024735	11.023
914.5	-0.015741	-0.048498	-0.15582	-0.3257	-0.48544	-0.59362	-0.82031	-1.1115	-1.4486	-2.2016	-2.9161	-3.5033	-4.55	-5.3181	-3.5938	-1.5887	-0.16875	0.76901	0.86523	0.73679	0.52626	0.34814	0.21243	0.11765	0.076931	0.04509	0.027845	0.024643	0.014442	0.021481	11.063
913.54	-0.014908	-0.051721	-0.16353	-0.33346	-0.47115	-0.59065	-0.80932	-1.101	-1.4445	-2.1599	-2.8355	-3.4896	-4.6716	-5.4064	-3.6878	-1.5555	-0.19828	0.76802	0.85731	0.71834	0.52765	0.35543	0.20359	0.13035	0.084057	0.043498	0.027874	0.015465	0.013614	0.016625	11.047
912.37	0.00039141	-0.055758	-0.16038	-0.32811	-0.47175	-0.59501	-0.84594	-1.1124	-1.4472	-2.1979	-2.9974	-3.5028	-4.778	-5.5625	-3.7649	-1.6712	-0.1977	0.76361	0.85358	0.72102	0.53831	0.34722	0.21292	0.13472	0.073973	0.05341	0.032777	0.028541	0.011944	0.015833	11.047
912.37	-0.00045916	-0.061315	-0.15282	-0.32234	-0.48102	-0.59411	-0.82617	-1.1435	-1.448	-2.2156	-3.2022	-3.5637	-4.7278	-5.4714	-3.7558	-1.6799	-0.21869	0.75731	0.85439	0.74201	0.53249	0.33942	0.22282	0.12968	0.081028	0.04766	0.031155	0.033916	0.018692	0.0093167	11.033
912.37	-0.0038631	-0.034324	-0.17298	-0.33554	-0.47175	-0.60041	-0.82617	-1.1242	-1.4658	-2.2509	-3.0998	-3.5289	-4.7529	-5.4465	-3.8101	-1.7324	-0.21113	0.76271	0.87127	0.73501	0.52666	0.36282	0.21952	0.13472	0.088085	0.046018	0.038451	0.019324	0.023752	0.021532	11.059
912.48	-0.00045911	-0.035908	-0.15365	-0.31653	-0.45688	-0.58324	-0.82213	-1.1232	-1.4843	-2.2153	-3.0157	-3.5633	-4.8025	-5.4873	-3.7102	-1.7322	-0.23126	0.75272	0.87117	0.74018	0.54408	0.36451	0.21537	0.14058	0.088075	0.051762	0.036014	0.023163	0.019531	0.020717	11.038
912.26	-0.015779	-0.031946	-0.15452	-0.30587	-0.47922	-0.59958	-0.83576	-1.1285	-1.4765	-2.2953	-2.8674	-3.6512	-4.8203	-5.5217	-3.7472	-1.6626	-0.23887	0.7565	0.86655	0.73423	0.55003	0.36806	0.2146	0.13978	0.075551	0.056704	0.034402	0.020094	0.0077281	0.013389	11.035
912.05	0.0037967	-0.060542	-0.15876	-0.31667	-0.45432	-0.60242	-0.80907	-1.1296	-1.4598	-2.1722	-3.1102	-3.6695	-4.8633	-5.6474	-3.7843	-1.7155	-0.23976	0.75577	0.87158	0.7414	0.541	0.35514	0.21795	0.13393	0.076352	0.0485	0.037653	0.011648	0.024605	0.03213	11.033
912.37	-0.0030125	-0.025592	-0.15114	-0.29676	-0.46157	-0.58781	-0.80799	-1.1175	-1.4464	-2.1803	-3.1649	-3.6073	-4.7696	-5.6288	-3.6926	-1.6274	-0.22121	0.76541	0.86564	0.73501	0.53582	0.33855	0.19807	0.12213	0.062999	0.04191	0.027101	0.016251	0.011101	0.020719	11.005
912.58	0.0046464	-0.038285	-0.16454	-0.30494	-0.44201	-0.59487	-0.79832	-1.0878	-1.4379	-2.2328	-2.9688	-3.5977	-4.7518	-5.4452	-3.8363	-1.3822	-0.18926	0.77782	0.86142	0.7261	0.54235	0.32894	0.19225	0.1137	0.044173	0.032046	0.014123	0.007034	0.018688	0.023157	10.902
912.05	0.0029458	-0.046249	-0.14616	-0.30429	-0.46265	-0.59342	-0.82014	-1.1002	-1.4412	-2.2341	-2.8309	-3.4605	-4.5873	-5.3738	-3.4587	-1.5493	-0.16753	0.77467	0.85469	0.70465	0.51103	0.33174	0.19072	0.09613	0.039494	0.018095	0.0068321	-0.0037192	0.0035119	0.019095	10.738
911.41	0.0029479	-0.035155	-0.14038	-0.2756	-0.4602	-0.56231	-0.81913	-1.0901	-1.4389	-2.271	-2.8328	-3.4803	-4.4901	-5.22	-3.5245	-1.4365	-0.13991	0.78152	0.86575	0.69026	0.49889	0.30854	0.18754	0.10376	0.043447	0.017286	0.00034204	-0.0021821	0.011112	0.0044363	10.504
911.73	-0.013234	-0.030377	-0.1294	-0.3011	-0.45726	-0.55401	-0.78878	-1.0578	-1.3816	-2.0846	-2.8225	-3.4878	-4.4132	-5.1186	-3.4057	-1.4623	-0.09112	0.78755	0.86142	0.70314	0.49705	0.31104	0.17344	0.095322	0.031663	-0.0065594	-0.0012801	-0.010637	0.0068874	0.0093232	10.324
912.05	-0.0089729	-0.020043	-0.13356	-0.27376	-0.40892	-0.54752	-0.77902	-1.0246	-1.3795	-2.0221	-2.8309	-3.2602	-4.3782	-5.0588	-3.2508	-1.3917	-0.032288	0.80257	0.86595	0.69065	0.47439	0.30226	0.16265	0.073449	0.036359	-0.0081997	-0.0061485	-0.012169	0.0051984	0.016652	10.073
911.41	0.0080599	-0.03436	-0.1513	-0.28634	-0.43887	-0.55691	-0.80172	-1.0422	-1.3602	-2.1119	-2.7583	-3.2537	-4.3311	-5.0043	-3.1083	-1.2351	0.0046738	0.82385	0.87058	0.69113	0.47639	0.28338	0.15699	0.075183	0.021472	-0.00080559	-0.013459	-0.01679	0.011112	0.010956	9.8863
911.3	0.013174	-0.043901	-0.14375	-0.29959	-0.4278	-0.54706	-0.76778	-1.0196	-1.375	-2.2094	-2.7214	-3.3238	-4.1642	-4.7228	-2.9638	-1.0601	0.05848	0.81854	0.86827	0.66144	0.46812	0.28081	0.13966	0.04829	0.013625	-0.0065625	-0.011025	-0.022175	-0.0040874	0.002804	9.6296
911.41	0.00039182	-0.029592	-0.14038	-0.27808	-0.41013	-0.52448	-0.73525	-0.9993	-1.3221	-2.1649	-2.5906	-3.4803	-4.0214	-4.5564	-2.9544	-0.9812	0.13412	0.83466	0.86334	0.64735	0.44307	0.24347	0.12313	0.056691	0.0042072	-0.0082054	-0.023199	-0.012177	0.0052021	0.015849	9.3562
912.48	0.023367	-0.030352	-0.15113	-0.27528	-0.39299	-0.54006	-0.70752	-0.98134	-1.2775	-1.8711	-2.6155	-3.3022	-3.9164	-4.3688	-2.6075	-0.90133	0.21205	0.83548	0.8559	0.64047	0.42757	0.24753	0.11556	0.032275	0.0042023	-0.022159	-0.023984	-0.021377	0.0068818	0.023972	9.0858
912.9	0.010599	-0.005742	-0.13679	-0.27762	-0.39003	-0.51374	-0.72852	-0.97165	-1.2599	-1.9761	-2.4934	-3.0135	-3.7726	-4.168	-2.4346	-0.84847	0.27573	0.83689	0.85228	0.62881	0.40574	0.23615	0.097363	0.025547	-0.01382	-0.036927	-0.024781	-0.034416	-0.0066077	0.024776	8.7594
912.8	0.023359	-0.029547	-0.1175	-0.27353	-0.37341	-0.49941	-0.70648	-0.94574	-1.2317	-1.9322	-2.4378	-3.0138	-3.5975	-3.9117	-2.2361	-0.54256	0.32444	0.86217	0.8572	0.60266	0.38915	0.20499	0.097374	0.0138	-0.025575	-0.035289	-0.03532	-0.02137	0.0026648	0.019894	8.4541
912.37	0.019114	-0.0097154	-0.12091	-0.26541	-0.38933	-0.50954	-0.69179	-0.92855	-1.2055	-1.9243	-2.4017	-2.8672	-3.3902	-3.6898	-2.21	-0.57782	0.40604	0.85807	0.85037	0.58369	0.36353	0.19382	0.076795	0.0020505	-0.038131	-0.050091	-0.042635	-0.032133	-0.0023934	0.02479	8.0989
912.48	0.019112	-0.02162	-0.14525	-0.23568	-0.37539	-0.49419	-0.68617	-0.93012	-1.1794	-1.8093	-2.2619	-2.8582	-3.231	-3.3911	-1.8302	-0.32411	0.4782	0.87327	0.84625	0.56263	0.34934	0.16607	0.058638	-0.0055068	-0.049101	-0.064048	-0.051548	-0.042112	0.019531	0.026417	7.7828
911.62	0.031057	-0.026407	-0.11429	-0.25407	-0.35906	-0.49195	-0.65992	-0.89317	-1.1586	-1.7226	-2.1709	-2.7476	-3.1002	-3.3113	-1.7505	-0.19311	0.53916	0.86238	0.82532	0.53865	0.32718	0.14888	0.033096	-0.018957	-0.052285	-0.059175	-0.059712	-0.042152	0.0035135	0.02807	7.4364
910.77	0.032789	-0.02325	-0.14216	-0.25431	-0.35568	-0.4888	-0.6645	-0.86036	-1.1289	-1.7508	-1.9864	-2.5147	-2.8602	-3.1484	-1.4532	-0.079393	0.5935	0.86499	0.8132	0.50235	0.29413	0.11342	0.024862	-0.045893	-0.075107	-0.067459	-0.069515	-0.045269	-0.0083137	0.019123	7.0491
910.98	0.0097674	-0.025631	-0.1211	-0.24185	-0.37415	-0.47517	-0.65484	-0.84671	-1.0945	-1.5558	-2.0139	-2.4269	-2.826	-2.7493	-1.4439	-0.06183	0.63877	0.8774	0.79369	0.4707	0.25489	0.085618	0.0025458	-0.055975	-0.072734	-0.083075	-0.078431	-0.044488	0.003516	0.02972	6.6495
911.41	0.026802	-0.012906	-0.1202	-0.25248	-0.33875	-0.44253	-0.6205	-0.82193	-1.0753	-1.7672	-2.0689	-2.3473	-2.6071	-2.607	-1.1536	0.095787	0.68554	0.85177	0.76515	0.44071	0.2456	0.062153	-0.015625	-0.065195	-0.0727	-0.092081	-0.077583	-0.059076	-0.0040869	0.022371	6.2529
912.37	0.031881	-0.029561	-0.13519	-0.25551	-0.33932	-0.43486	-0.59772	-0.7942	-1.0125	-1.5358	-1.8061	-2.249	-2.5124	-2.4634	-1.1162	0.32311	0.72933	0.84998	0.75148	0.41226	0.22953	0.059488	-0.03046	-0.072683	-0.089872	-0.075555	-0.068583	-0.04519	0.0094131	0.023161	5.9349
912.48	0.031877	-0.0073328	-0.1251	-0.24393	-0.32446	-0.42402	-0.60239	-0.77899	-1.014	-1.4385	-1.657	-1.9876	-2.136	-2.1897	-0.83589	0.48924	0.77542	0.83548	0.712	0.37635	0.1879	0.023085	-0.051079	-0.1113	-0.12278	-0.11004	-0.088033	-0.062078	-0.0082981	0.025601	5.5244
914.07	0.030121	-0.0041508	-0.12069	-0.22868	-0.33776	-0.42418	-0.57293	-0.755	-0.94105	-1.4801	-1.6541	-1.9233	-2.149	-1.9543	-0.83445	0.45348	0.79837	0.80529	0.68267	0.34252	0.15268	-0.001176	-0.080635	-0.11613	-0.11709	-0.12707	-0.10649	-0.065034	-0.0049148	0.02393	5.1258
915.88	0.028369	-0.021539	-0.10205	-0.22165	-0.33248	-0.41796	-0.56707	-0.73762	-0.89072	-1.2397	-1.5396	-1.7721	-1.8033	-1.6285	-0.38253	0.51356	0.82356	0.78039	0.63487	0.31047	0.10926	-0.0288	-0.089516	-0.12845	-0.13404	-0.12682	-0.11032	-0.079444	-0.0082673	0.026318	4.6984
917.06	0.041877	0.0053392	-0.11863	-0.22794	-0.32468	-0.41027	-0.52624	-0.69073	-0.88071	-1.2908	-1.3895	-1.7612	-1.8176	-1.4698	-0.52593	0.72175	0.83921	0.7606	0.62206	0.25873	0.084279	-0.052905	-0.12962	-0.14917	-0.14245	-0.14464	-0.10857	-0.075522	-0.0057391	0.023852	4.2693
918.12	0.025761	-0.016753	-0.11515	-0.20882	-0.31142	-0.37403	-0.50835	-0.67157	-0.80717	-1.1577	-1.2491	-1.6034	-1.6576	-1.3198	-0.2738	0.7557	0.85409	0.71412	0.56382	0.21497	0.05027	-0.086431	-0.13849	-0.17069	-0.16799	-0.14447	-0.12375	-0.086119	-0.0048931	0.015733	3.9069
918.87	0.024895	-0.021469	-0.10839	-0.18817	-0.2891	-0.3773	-0.49302	-0.64935	-0.7888	-1.0866	-1.3036	-1.3081	-1.4239	-1.1624	-0.040209	0.69429	0.85673	0.68674	0.4995	0.17572	0.00064538	-0.11304	-0.16213	-0.19223	-0.16785	-0.1574	-0.12607	-0.084523	-0.01494	0.031891	3.4578
920.15	0.033299	-0.0072717	-0.099078	-0.19118	-0.27492	-0.37321	-0.48215	-0.60431	-0.73625	-0.87503	-1.1172	-1.2977	-1.1732	-0.9554	0.13912	0.82341	0.84639	0.65278	0.46293	0.13818	-0.03319	-0.15155	-0.17582	-0.21694	-0.17928	-0.17592	-0.14921	-0.094306	-0.020775	0.025388	3.0375
921.21	0.018932	-0.0056902	-0.10146	-0.19586	-0.25626	-0.33357	-0.45732	-0.58366	-0.68802	-1.0139	-1.079	-1.2531	-1.0311	-0.67527	0.18371	0.77048	0.84957	0.57718	0.39949	0.076512	-0.076841	-0.18829	-0.2132	-0.23	-0.19848	-0.18385	-0.15787	-0.081267	-0.023254	0.0181	2.6261
922.06	0.042493	-0.0088282	-0.11133	-0.18262	-0.23953	-0.33504	-0.42326	-0.56733	-0.71787	-0.82081	-0.86621	-1.0538	-0.98881	-0.51885	0.34456	1.0381	0.83798	0.5259	0.3323	0.027973	-0.11054	-0.20955	-0.23913	-0.24557	-0.21071	-0.19424	-0.15612	-0.10247	-0.010714	0.020501	2.2131
923.34	0.03066	0.0092257	-0.084632	-0.17177	-0.26482	-0.31146	-0.41252	-0.5234	-0.61191	-0.87202	-0.96617	-0.99211	-0.80572	-0.36257	0.42447	0.8292	0.79119	0.45672	0.27067	-0.029109	-0.16055	-0.24694	-0.24776	-0.25851	-0.22204	-0.21508	-0.16632	-0.093979	-0.0057	0.033347	1.7604
924.51	0.0449	-0.004104	-0.07458	-0.14712	-0.23615	-0.31018	-0.39172	-0.49539	-0.64155	-0.74023	-0.76288	-0.88773	-0.7222	-0.13312	0.59346	0.81088	0.76615	0.386	0.19892	-0.071368	-0.20059	-0.26801	-0.28246	-0.26066	-0.2148	-0.21805	-0.15651	-0.11281	0.0051283	0.039734	1.3274
925.15	0.046548	-0.015844	-0.086121	-0.1576	-0.23599	-0.27536	-0.37429	-0.47932	-0.58113	-0.75712	-0.75317	-0.87854	-0.44139	-0.043153	0.59301	0.88798	0.7118	0.31565	0.11236	-0.12911	-0.23985	-0.30543	-0.30423	-0.29444	-0.24557	-0.21385	-0.17719	-0.094554	-0.0023635	0.017219	0.95813
924.73	0.049927	0.0037294	-0.080362	-0.17151	-0.22696	-0.2746	-0.36199	-0.45882	-0.53179	-0.7052	-0.52395	-0.59546	-0.27664	0.1367	0.62898	0.95741	0.65745	0.2359	0.037854	-0.19649	-0.28184	-0.32951	-0.33205	-0.3186	-0.26734	-0.22286	-0.17567	-0.12263	-0.0065248	0.022048	0.5933
923.87	0.048293	-0.0025398	-0.079605	-0.13419	-0.21436	-0.25531	-0.33578	-0.43437	-0.49705	-0.74074	-0.53362	-0.50143	-0.30992	0.19411	0.62956	0.77691	0.6	0.16238	-0.026422	-0.2364	-0.32238	-0.3572	-0.35028	-0.31806	-0.26914	-0.23767	-0.17743	-0.11061	-0.015691	0.021263	0.10824
924.3	0.03231	-0.007239	-0.07957	-0.1439	-0.18867	-0.2694	-0.32704	-0.41759	-0.47121	-0.45281	-0.45069	-0.45822	-0.00445	0.34127	0.87913	0.70747	0.5301	0.10191	-0.11291	-0.27774	-0.38467	-0.41179	-0.38351	-0.33781	-0.27675	-0.23756	-0.18295	-0.10071	0.0034653	0.033312	-0.28874
924.83	0.03061	-0.0064521	-0.057986	-0.14463	-0.18856	-0.23552	-0.3097	-0.39582	-0.43334	-0.49609	-0.55144	-0.42362	-0.11166	0.39828	0.88752	0.68117	0.45939	0.0060024	-0.18502	-0.36041	-0.41647	-0.42865	-0.39956	-0.36826	-0.29283	-0.27146	-0.19005	-0.11429	-0.030654	0.028474	-0.69951
924.09	0.036518	-0.0064574	-0.076273	-0.12601	-0.17865	-0.22061	-0.28887	-0.34888	-0.39366	-0.42676	-0.41404	-0.27781	0.11935	0.42316	0.87933	0.67311	0.36442	-0.072161	-0.27487	-0.40993	-0.45954	-0.45638	-0.41781	-0.37436	-0.2892	-0.26032	-0.19901	-0.11286	-0.003197	0.035732	-1.0465
925.04	0.031444	0.0021615	-0.067912	-0.12832	-0.17481	-0.20263	-0.29247	-0.34024	-0.36526	-0.42632	-0.32183	-0.1659	0.12748	0.56165	0.78926	0.68102	0.2688	-0.18301	-0.37211	-0.47766	-0.50092	-0.48753	-0.43365	-0.3806	-0.31596	-0.28355	-0.2124	-0.14683	-0.028151	0.022041	-1.4301
926.22	0.032243	0.0091971	-0.043011	-0.11678	-0.17277	-0.19795	-0.26251	-0.30755	-0.32806	-0.42578	-0.26639	-0.11423	0.23436	0.52013	0.81498	0.53368	0.14935	-0.27228	-0.45559	-0.53564	-0.5544	-0.53472	-0.46723	-0.41321	-0.3117	-0.30342	-0.21373	-0.13303	-0.030608	0.014793	-1.7833
925.9	0.030575	-0.0048811	-0.067022	-0.0965	-0.15184	-0.19979	-0.25715	-0.30352	-0.29781	-0.42593	-0.22982	-0.14001	0.17678	0.61829	0.77069	0.46492	0.050109	-0.37965	-0.53576	-0.59099	-0.59232	-0.55797	-0.50642	-0.41831	-0.33189	-0.31	-0.2178	-0.13913	-0.0065149	0.022823	-2.1366
926.32	0.038943	0.016233	-0.059547	-0.094017	-0.13809	-0.174	-0.23601	-0.27608	-0.26333	-0.32139	-0.028053	0.014425	0.30022	0.73228	0.83268	0.4647	-0.05991	-0.47517	-0.63449	-0.63638	-0.615	-0.57137	-0.51431	-0.44376	-0.33483	-0.29448	-0.22888	-0.12469	0.001794	0.028428	-2.4701
926.32	0.037268	-0.0072232	-0.052103	-0.089143	-0.14173	-0.16957	-0.21732	-0.23969	-0.24736	-0.24312	-0.16555	-0.097059	0.38254	0.73228	0.77925	0.36994	-0.17322	-0.56024	-0.72318	-0.7053	-0.67484	-0.61746	-0.54519	-0.44707	-0.33483	-0.30986	-0.23686	-0.15419	-0.013989	0.020407	-2.7885
926.54	0.033907	0.0037221	-0.053744	-0.10537	-0.14626	-0.17042	-0.20248	-0.24873	-0.21057	-0.32132	-0.12884	0.19445	0.44832	0.76473	0.71676	0.16314	-0.27571	-0.67085	-0.80456	-0.77404	-0.71894	-0.64975	-0.57025	-0.43787	-0.35946	-0.32596	-0.21206	-0.13374	-0.018968	0.038847	-3.1116
927.39	0.036388	-0.0025302	-0.048739	-0.075242	-0.1197	-0.16406	-0.19996	-0.21546	-0.18645	-0.10387	-0.082945	0.10863	0.41501	0.76403	0.79614	0.13719	-0.3878	-0.75343	-0.88212	-0.80775	-0.75431	-0.68582	-0.56729	-0.46721	-0.3599	-0.32485	-0.25494	-0.14646	-0.010653	0.031598	-3.4072
928.35	0.021294	-0.004087	-0.03796	-0.084082	-0.11321	-0.1524	-0.18266	-0.19956	-0.1743	-0.095089	-0.018833	0.17696	0.52961	0.74696	0.73313	0.016683	-0.51366	-0.85611	-0.9705	-0.87139	-0.79361	-0.71151	-0.58454	-0.48653	-0.37339	-0.33098	-0.24432	-0.14933	-0.016446	0.028366	-3.6892
930.16	0.033775	0.00059323	-0.073304	-0.090393	-0.12661	-0.1424	-0.16525	-0.18105	-0.14771	-0.20749	0.10901	0.18515	0.48757	0.67237	0.69623	-0.11204	-0.62468	-0.95151	-1.0617	-0.92289	-0.83044	-0.72458	-0.59473	-0.5037	-0.38266	-0.34081	-0.24782	-0.14829	-0.018067	0.02112	-3.9667
932.6	0.029523	0.00059167	-0.039431	-0.093384	-0.11632	-0.12618	-0.15399	-0.15347	-0.12194	-0.10329	0.099623	0.18467	0.64986	0.79218	0.62366	-0.15454	-0.7479	-1.0397	-1.1478	-0.96838	-0.86734	-0.74472	-0.60851	-0.50156	-0.39009	-0.34474	-0.25034	-0.12911	-0.0015184	0.016284	-4.2442
934.95	0.036924	0.0044614	-0.029498	-0.068192	-0.11331	-0.13376	-0.15669	-0.1539	-0.093941	-0.016889	0.17201	0.28617	0.6564	0.83872	0.65738	-0.3334	-0.89271	-1.1433	-1.2218	-1.0129	-0.87735	-0.78514	-0.62309	-0.52161	-0.36387	-0.33105	-0.25921	-0.13853	-0.011391	0.016245	-4.4699
936.22	0.032728	0.017608	-0.027004	-0.065687	-0.11767	-0.12744	-0.13953	-0.15124	-0.078799	-0.077075	0.27156	0.36213	0.64735	0.96677	0.62125	-0.31589	-0.9905	-1.2198	-1.2812	-1.061	-0.90617	-0.80096	-0.656	-0.5119	-0.38706	-0.3322	-0.2391	-0.13385	0.00095356	0.020983	-4.7033
936.65	0.019448	0.0036819	-0.044167	-0.080123	-0.094162	-0.10986	-0.12406	-0.12418	-0.070074	-0.04266	0.14453	0.40438	0.70406	0.86948	0.42725	-0.43502	-1.1103	-1.313	-1.373	-1.115	-0.96494	-0.82339	-0.66053	-0.54193	-0.40521	-0.36165	-0.25795	-0.14277	-0.025337	0.016215	-4.9
936.97	0.032702	0.0044547	-0.047424	-0.061618	-0.10405	-0.11157	-0.11786	-0.10533	-0.047942	-0.016853	0.37104	0.53141	0.72012	0.82078	0.38309	-0.68188	-1.226	-1.4124	-1.4454	-1.1538	-1.0059	-0.84252	-0.67235	-0.554	-0.41041	-0.36473	-0.24601	-0.133	-0.015472	0.033654	-5.106
936.22	0.04351	-0.00018527	-0.013911	-0.053627	-0.087888	-0.082729	-0.1064	-0.091501	-0.022694	-0.025465	0.31692	0.35363	0.52515	0.81335	0.41863	-0.58013	-1.3276	-1.4793	-1.5076	-1.1948	-0.98727	-0.8491	-0.68254	-0.56181	-0.42373	-0.3442	-0.25411	-0.13161	-0.0056216	0.0313	-5.2403
935.27	0.0311	0.019176	-0.045871	-0.06173	-0.095206	-0.10124	-0.09803	-0.078489	-0.010062	0.077867	0.34448	0.45593	0.72143	0.82228	0.32206	-0.88791	-1.4199	-1.5572	-1.5602	-1.219	-1.0378	-0.87195	-0.69289	-0.56484	-0.40122	-0.35016	-0.25754	-0.14373	-0.0080959	0.024183	-5.3898
934.09	0.038619	-0.0071631	-0.038548	-0.072282	-0.086279	-0.079403	-0.10201	-0.074488	-0.013243	-0.10312	0.36308	0.42248	0.67332	0.6938	0.23416	-0.7865	-1.5021	-1.6101	-1.6179	-1.2462	-1.0139	-0.89252	-0.69457	-0.57621	-0.42623	-0.36424	-0.26657	-0.13491	-0.022111	0.019441	-5.4813
933.67	0.029491	0.0029169	-0.04595	-0.080379	-0.10261	-0.097903	-0.10129	-0.081906	-0.00056864	0.034855	0.26319	0.49075	0.73081	0.66984	0.23427	-0.8125	-1.6021	-1.6759	-1.6681	-1.2622	-1.0583	-0.90139	-0.70537	-0.57402	-0.39884	-0.33712	-0.26194	-0.15298	-0.0072845	0.018653	-5.5729
933.56	0.018681	-0.0056149	-0.043493	-0.061843	-0.090854	-0.10495	-0.095117	-0.067964	0.0033929	0.017612	0.32689	0.49081	0.68187	0.75898	0.26963	-0.96646	-1.6638	-1.7183	-1.7084	-1.2999	-1.0918	-0.90403	-0.72641	-0.58065	-0.42494	-0.36445	-0.26514	-0.12522	-0.01223	0.02582	-5.637
932.92	0.039501	-0.00096184	-0.042702	-0.07318	-0.07733	-0.10854	-0.10678	-0.065547	0.0089462	0.14713	0.38173	0.40599	0.77228	0.60553	0.29634	-1.0954	-1.7314	-1.7634	-1.7465	-1.2982	-1.0559	-0.91313	-0.72287	-0.58351	-0.42293	-0.3639	-0.26136	-0.12756	-0.021313	0.02743	-5.6935
932.39	0.03203	0.007582	-0.051764	-0.062726	-0.071936	-0.092753	-0.089047	-0.072157	0.013712	0.11266	0.47302	0.54255	0.78088	0.75183	0.15499	-0.96767	-1.7768	-1.8023	-1.7845	-1.3247	-1.076	-0.93146	-0.72974	-0.58302	-0.42547	-0.35928	-0.26071	-0.15018	0.00013418	0.021069	-5.6874
931.86	0.032046	-0.0048499	-0.05015	-0.065994	-0.083765	-0.098973	-0.09142	-0.069733	0.010543	0.09543	0.38217	0.66218	0.82228	0.72793	0.17277	-1.208	-1.791	-1.8016	-1.7926	-1.3365	-1.0897	-0.9252	-0.71885	-0.58746	-0.43416	-0.36512	-0.26086	-0.13899	0.0017849	0.033839	-5.724
930.9	0.029579	0.010706	-0.051024	-0.052314	-0.089298	-0.11142	-0.096938	-0.074743	0.020886	-0.025611	0.29134	0.56047	0.81492	0.78552	0.12866	-1.2264	-1.8372	-1.8493	-1.8117	-1.3585	-1.1055	-0.9372	-0.73819	-0.56338	-0.41924	-0.36147	-0.24285	-0.14365	0.00013281	0.022701	-5.6919
931.65	0.038721	-0.012625	-0.033715	-0.067626	-0.081971	-0.091066	-0.087571	-0.047546	0.031193	0.069512	0.36404	0.5259	0.83063	0.76054	0.22593	-1.1826	-1.835	-1.8337	-1.8126	-1.3668	-1.0948	-0.95427	-0.74002	-0.58431	-0.42965	-0.35394	-0.25536	-0.14203	-0.010606	0.013909	-5.6843
931.22	0.042908	0.0044822	-0.045248	-0.061189	-0.072935	-0.067307	-0.080641	-0.057441	0.024056	0.13009	0.40067	0.43233	0.6754	0.64724	0.18174	-1.0803	-1.8646	-1.883	-1.8347	-1.3683	-1.1059	-0.94537	-0.7347	-0.58457	-0.44598	-0.35812	-0.25151	-0.16316	-0.026311	0.02748	-5.6645
931.86	0.032048	0.00059066	-0.046039	-0.057916	-0.087394	-0.090164	-0.087551	-0.065622	0.028804	0.052217	0.34574	0.61103	0.72404	0.71981	0.093106	-1.2508	-1.8765	-1.8861	-1.8421	-1.3871	-1.106	-0.95066	-0.73743	-0.59322	-0.42802	-0.36592	-0.25848	-0.14651	-0.016382	0.010719	-5.6828
932.92	0.03534	-0.0025151	-0.036953	-0.06834	-0.089105	-0.095339	-0.082812	-0.050766	0.024805	0.052141	0.28163	0.65291	0.81315	0.67036	0.24331	-1.2751	-1.8883	-1.8831	-1.8644	-1.3786	-1.1234	-0.95381	-0.73256	-0.59665	-0.42139	-0.37354	-0.2447	-0.13508	-0.0089407	0.036191	-5.6782
933.78	0.027825	-0.01182	-0.025433	-0.06989	-0.080878	-0.090858	-0.088145	-0.052361	0.034291	0.2505	0.41776	0.5247	0.86143	0.7831	0.092915	-1.1713	-1.9071	-1.913	-1.8556	-1.38	-1.1086	-0.93262	-0.72544	-0.6002	-0.41335	-0.35634	-0.25082	-0.1267	-0.0089325	0.020244	-5.637
934.95	0.023637	-0.001734	-0.066372	-0.080269	-0.084394	-0.098646	-0.10346	-0.070322	0.021588	0.060656	0.3446	0.4561	0.72168	0.6204	0.075166	-1.2296	-1.9014	-1.9133	-1.8447	-1.3688	-1.0966	-0.93568	-0.73339	-0.57979	-0.41972	-0.35349	-0.23863	-0.13478	-0.0015146	0.032139	-5.5195
935.69	0.037726	-0.014891	-0.04585	-0.073769	-0.10419	-0.096813	-0.097213	-0.070266	0.014453	0.03478	0.43507	0.634	0.79446	0.75725	0.083915	-1.024	-1.8434	-1.86	-1.8142	-1.3626	-1.0917	-0.9062	-0.71189	-0.5433	-0.41097	-0.35241	-0.22975	-0.13393	-0.00068983	0.025761	-5.4142
935.48	0.016982	0.012976	-0.048318	-0.08827	-0.093378	-0.09157	-0.098007	-0.070282	0.013667	0.052015	0.3444	0.5747	0.87617	0.79784	0.15448	-1.0839	-1.793	-1.8148	-1.7809	-1.3305	-1.0887	-0.9174	-0.71929	-0.56308	-0.41642	-0.3613	-0.23375	-0.13471	0.010826	0.038475	-5.2708
936.33	0.0377	0.0029086	-0.043364	-0.076129	-0.099611	-0.11691	-0.11332	-0.093128	0.0081225	0.11219	0.31688	0.54873	0.76947	0.71637	0.24242	-1.1426	-1.7489	-1.793	-1.737	-1.314	-1.061	-0.89292	-0.70497	-0.55602	-0.40458	-0.33696	-0.23591	-0.14506	-0.0056209	0.023361	-5.1365
936.76	0.019446	-0.0086897	-0.06788	-0.087345	-0.10407	-0.11335	-0.10095	-0.075911	0.0073294	0.15512	0.48897	0.4552	0.77725	0.69183	0.33034	-0.95465	-1.6933	-1.7404	-1.7151	-1.2853	-1.0378	-0.8866	-0.68697	-0.54105	-0.38913	-0.32241	-0.22949	-0.14425	0.017383	0.040008	-4.926
935.69	0.045193	-0.007926	-0.065501	-0.10836	-0.12225	-0.11523	-0.12188	-0.10138	-0.029032	-0.034083	0.45321	0.56609	0.77815	0.68454	0.29546	-0.88749	-1.6092	-1.6863	-1.67	-1.2603	-1.0171	-0.86902	-0.69016	-0.55231	-0.39951	-0.31877	-0.21631	-0.13018	0.0009541	0.029731	-4.7246
935.69	0.030255	0.00058972	-0.061408	-0.090661	-0.12767	-0.13541	-0.13884	-0.11775	-0.032194	0.017572	0.35338	0.51516	0.64772	0.78958	0.3748	-0.82781	-1.5183	-1.617	-1.6206	-1.2441	-1.0171	-0.86987	-0.66925	-0.53593	-0.38346	-0.31957	-0.22026	-0.11446	0.015759	0.027348	-4.4714
935.05	0.040243	-0.0032821	-0.063906	-0.10441	-0.12686	-0.14955	-0.14665	-0.11538	-0.044876	0.10373	0.29914	0.47303	0.74604	0.70927	0.31331	-0.8369	-1.426	-1.547	-1.5574	-1.1946	-0.98039	-0.82733	-0.64073	-0.50762	-0.36919	-0.30937	-0.2038	-0.13552	-0.00069031	0.034519	-4.2305
933.78	0.028655	-0.011045	-0.07466	-0.10858	-0.13608	-0.14975	-0.16847	-0.14179	-0.067119	0.069353	0.40867	0.30353	0.69806	0.75881	0.4904	-0.68422	-1.3451	-1.4955	-1.5029	-1.1612	-0.9305	-0.81576	-0.64402	-0.51816	-0.35897	-0.28732	-0.2215	-0.10869	-0.013878	0.029792	-3.9347
932.6	0.023697	-0.012609	-0.071468	-0.12567	-0.14894	-0.16578	-0.16868	-0.15511	-0.088624	-0.13785	0.4183	0.35501	0.64986	0.8003	0.38488	-0.5396	-1.2194	-1.3847	-1.4238	-1.1156	-0.96342	-0.78966	-0.6303	-0.49335	-0.34945	-0.29652	-0.21306	-0.1201	0.0026082	0.019472	-3.6328
930.69	0.026247	-0.019641	-0.088901	-0.11946	-0.16649	-0.19523	-0.19383	-0.17848	-0.11981	-0.016967	0.30966	0.42403	0.74953	0.89129	0.51861	-0.53213	-1.1001	-1.3082	-1.3519	-1.0698	-0.91237	-0.77344	-0.61381	-0.49354	-0.35093	-0.29632	-0.20396	-0.10754	-0.015576	0.028295	-3.3066
929.73	0.029616	-0.017324	-0.070865	-0.14144	-0.17211	-0.19631	-0.20954	-0.18443	-0.14778	-0.025643	0.045127	0.22795	0.60264	0.7296	0.66107	-0.40393	-0.97352	-1.1868	-1.2594	-1.0229	-0.88636	-0.74362	-0.58448	-0.46932	-0.33591	-0.29099	-0.18666	-0.085797	0.016686	0.061888	-2.9622
930.69	0.025413	-0.038317	-0.093018	-0.1235	-0.17739	-0.197	-0.2287	-0.21964	-0.1516	-0.1814	0.20019	0.15944	0.44632	0.85881	0.58064	-0.23202	-0.84082	-1.1027	-1.1635	-0.9498	-0.8626	-0.71567	-0.57175	-0.45896	-0.32173	-0.27056	-0.19998	-0.10905	0.019149	0.046654	-2.5859
929.73	0.025439	-0.023556	-0.09641	-0.1463	-0.18302	-0.20338	-0.22661	-0.24376	-0.18359	-0.11228	0.072529	0.25358	0.61907	0.92475	0.8119	-0.077741	-0.7255	-1.0014	-1.1008	-0.91215	-0.78753	-0.69004	-0.55048	-0.4479	-0.31206	-0.27486	-0.19223	-0.11142	-0.017249	0.0491	-2.2112
