14361	6	3	91	29.9	748	1	8	8	3.103	128	4096	10	0	0	0	0	397.14	1668.3	1.8602e+006	0.1546	0.099383	53.949	0	0	1	0	0	0	11	0	0
1670.4	0.036192	-0.0050804	-0.12663	-0.21359	-0.29165	-0.35829	-0.43338	-0.5448	-0.58988	-0.65184	-0.59455	-0.52661	-0.31998	0.20286	0.81122	0.94173	0.68453	0.27471	0.061477	-0.15123	-0.2506	-0.28128	-0.28531	-0.24998	-0.16442	-0.15816	-0.099986	-0.043307	0.017995	0.048705	2.0688
1670.4	0.024572	-0.0029128	-0.13947	-0.22485	-0.29468	-0.36222	-0.44676	-0.56085	-0.63018	-0.65184	-0.65046	-0.58843	-0.35651	0.13044	0.77667	0.93695	0.71846	0.31844	0.10539	-0.11349	-0.22378	-0.26376	-0.25872	-0.22751	-0.14258	-0.14919	-0.099099	-0.031981	0.024444	0.065607	2.3938
1668	0.029728	-0.0016144	-0.14565	-0.22112	-0.28296	-0.34701	-0.43921	-0.54928	-0.62934	-0.54173	-0.69215	-0.64645	-0.45764	0.021852	0.73825	0.95747	0.76729	0.37501	0.17327	-0.063901	-0.17995	-0.23334	-0.24331	-0.21912	-0.15995	-0.15121	-0.096585	-0.04085	0.032323	0.059468	2.6656
1668.5	0.033442	-0.015504	-0.15157	-0.23594	-0.30161	-0.37495	-0.46242	-0.59549	-0.65708	-0.69606	-0.71738	-0.73194	-0.53521	-0.12769	0.63421	0.96674	0.80379	0.42409	0.22993	-0.025618	-0.14894	-0.20294	-0.22022	-0.20206	-0.13675	-0.13768	-0.093451	-0.034958	0.03508	0.057668	2.9995
1671.4	0.029204	-0.0037774	-0.15498	-0.24184	-0.31474	-0.38265	-0.47457	-0.60821	-0.69313	-0.77678	-0.78727	-0.80198	-0.621	-0.18175	0.57391	0.99851	0.81432	0.46216	0.27166	0.0059399	-0.1187	-0.18414	-0.20588	-0.19117	-0.13395	-0.13251	-0.075142	-0.024416	0.036401	0.0469	3.3713
1669.4	0.035284	-0.0068187	-0.15745	-0.24528	-0.33688	-0.41112	-0.51012	-0.62085	-0.70546	-0.86455	-0.88484	-0.87905	-0.77706	-0.30877	0.45602	0.92319	0.83639	0.50696	0.31504	0.026025	-0.098825	-0.15925	-0.18899	-0.16202	-0.11997	-0.11516	-0.065038	-0.03284	0.035523	0.050516	3.6733
1664.5	0.02326	-0.013801	-0.16114	-0.24962	-0.3394	-0.42221	-0.51423	-0.64387	-0.74444	-0.8042	-0.89766	-1.0153	-0.90767	-0.41869	0.4425	0.94031	0.85866	0.56665	0.37987	0.089389	-0.053496	-0.12979	-0.15563	-0.13075	-0.099264	-0.093439	-0.058119	-0.019886	0.035165	0.055129	4.0692
1662.6	0.036362	-0.010767	-0.171	-0.24583	-0.34587	-0.42959	-0.543	-0.66486	-0.75818	-0.8826	-1.0876	-1.0833	-1.0004	-0.56013	0.40826	0.93176	0.86837	0.60925	0.43103	0.11925	-0.022041	-0.10283	-0.13679	-0.12029	-0.098945	-0.080922	-0.054179	-0.0013648	0.041684	0.050275	4.3785
1664.1	0.029331	-0.028168	-0.17361	-0.26054	-0.36182	-0.45536	-0.55163	-0.70112	-0.78953	-1.0416	-1.1173	-1.1778	-1.1417	-0.74137	0.26418	0.9885	0.88143	0.64867	0.47518	0.1671	0.017679	-0.068054	-0.11903	-0.11881	-0.084675	-0.096165	-0.052353	-0.013575	0.035636	0.055143	4.8167
1662.1	0.03357	-0.015564	-0.15953	-0.269	-0.37038	-0.45491	-0.58786	-0.72314	-0.83096	-0.99919	-1.0164	-1.2796	-1.2623	-0.83777	0.070956	0.95125	0.8774	0.69191	0.51899	0.20523	0.039628	-0.052435	-0.093809	-0.093596	-0.070574	-0.061558	-0.035057	0.0020071	0.040308	0.061465	5.1925
1656.9	0.028521	-0.021296	-0.17344	-0.27303	-0.36748	-0.4613	-0.5919	-0.74809	-0.85815	-1.0607	-1.2503	-1.3651	-1.4044	-1.1096	0.051271	0.91572	0.88896	0.74364	0.57907	0.26127	0.080545	-0.027784	-0.074116	-0.091118	-0.058278	-0.055872	-0.040079	-0.006445	0.031147	0.05314	5.5471
1655.5	0.022916	-0.029188	-0.187	-0.2828	-0.38258	-0.47754	-0.60675	-0.76859	-0.89236	-1.1102	-1.2103	-1.563	-1.599	-1.2749	-0.25258	0.87308	0.8795	0.77052	0.61941	0.29185	0.1274	0.0013283	-0.057807	-0.061575	-0.040179	-0.056823	-0.023577	0.0079407	0.037214	0.050939	5.9485
1659.5	0.022861	-0.015152	-0.16531	-0.28166	-0.39591	-0.49963	-0.63397	-0.80367	-0.93969	-1.1512	-1.499	-1.5879	-1.7147	-1.4541	-0.29669	0.73633	0.8686	0.79487	0.64841	0.3224	0.14585	0.031818	-0.025464	-0.050347	-0.038359	-0.046299	-0.025749	0.024811	0.039907	0.056188	6.3316
1659.2	0.025205	-0.0033696	-0.17135	-0.30667	-0.39802	-0.49626	-0.65408	-0.83198	-0.97999	-1.2437	-1.53	-1.6696	-1.8943	-1.6685	-0.37628	0.58736	0.84845	0.8153	0.67815	0.36334	0.17334	0.050886	-0.019571	-0.041583	-0.023708	-0.030498	-0.012823	0.017637	0.047335	0.057991	6.7101
1655.6	0.018225	-0.026561	-0.18977	-0.30097	-0.40143	-0.51023	-0.65899	-0.85693	-1.0223	-1.4118	-1.7231	-1.8556	-2.0688	-1.9416	-0.65109	0.579	0.83317	0.84385	0.72881	0.40655	0.21774	0.088728	0.0022096	-0.021776	-0.01728	-0.017889	-0.0030209	0.013442	0.04186	0.053629	7.1096
1655.6	0.026667	-0.013875	-0.17172	-0.34098	-0.41317	-0.5137	-0.68818	-0.88099	-1.0608	-1.4604	-1.7641	-1.9755	-2.2715	-2.1516	-0.86031	0.45849	0.80263	0.86318	0.76292	0.4321	0.24068	0.10879	0.024943	-0.00095298	0.001297	-0.0097414	-0.0061479	0.02233	0.031635	0.046897	7.5
1660.4	0.023317	-0.018198	-0.18369	-0.31507	-0.44253	-0.54487	-0.71185	-0.90155	-1.0907	-1.5339	-1.8818	-2.1277	-2.4259	-2.5007	-0.95721	0.39471	0.74174	0.87308	0.78416	0.47412	0.27658	0.13991	0.043459	0.013815	0.013354	0.0029251	0.0027804	0.030285	0.05101	0.052134	7.9038
1661.3	0.0060111	-0.026471	-0.18958	-0.32804	-0.43872	-0.54457	-0.72838	-0.93794	-1.1284	-1.6785	-1.937	-2.2652	-2.6311	-2.5903	-1.1602	0.24557	0.6989	0.87951	0.81684	0.51085	0.31436	0.17267	0.074698	0.040094	0.03143	0.013751	0.013913	0.029846	0.042181	0.048526	8.2939
1656.5	0.014934	-0.017804	-0.17255	-0.31443	-0.44049	-0.56049	-0.72959	-0.95588	-1.1718	-1.6736	-2.0143	-2.3916	-2.8781	-2.9217	-1.4175	0.1451	0.61951	0.89441	0.84308	0.54844	0.34918	0.19035	0.099451	0.05917	0.04145	0.028267	0.02869	0.036276	0.042302	0.050459	8.6975
1655	0.011663	-0.027884	-0.20002	-0.32883	-0.46489	-0.57341	-0.74945	-0.99334	-1.1948	-1.6995	-2.1137	-2.6098	-3.0651	-3.2077	-1.6879	-0.047637	0.55342	0.89376	0.85894	0.5774	0.38025	0.22349	0.12365	0.077741	0.054887	0.039615	0.033634	0.03631	0.049316	0.046466	9.0994
1656.9	0.018681	-0.012553	-0.18916	-0.34799	-0.46692	-0.58763	-0.77255	-1.0181	-1.248	-1.7559	-2.2702	-2.7124	-3.2642	-3.5737	-1.9449	-0.29323	0.47512	0.9101	0.87746	0.61432	0.4087	0.25426	0.14532	0.090139	0.071229	0.033691	0.038507	0.04642	0.049725	0.052244	9.4786
1655.1	0.016824	-0.020881	-0.19538	-0.33335	-0.46027	-0.59768	-0.79603	-1.0442	-1.2917	-1.8892	-2.2931	-2.792	-3.4842	-3.7739	-2.1413	-0.34176	0.38953	0.8937	0.88193	0.63715	0.43482	0.27221	0.16093	0.10597	0.087726	0.061801	0.058662	0.050702	0.053033	0.046911	9.8682
1649.3	0.0051136	-0.024906	-0.19792	-0.35004	-0.467	-0.60624	-0.8093	-1.072	-1.3528	-1.9055	-2.4813	-2.9222	-3.7045	-4.1675	-2.4288	-0.64293	0.28638	0.88339	0.8948	0.67228	0.47502	0.30528	0.18842	0.1305	0.10104	0.067014	0.061558	0.05343	0.041087	0.047076	10.3
1646.1	0.022574	-0.019234	-0.18248	-0.3498	-0.49255	-0.60242	-0.83366	-1.1043	-1.399	-2.0071	-2.5428	-3.0436	-4.0268	-4.4833	-2.684	-0.85264	0.18036	0.87613	0.89876	0.7017	0.50408	0.32508	0.21531	0.14006	0.1108	0.068511	0.067072	0.067154	0.061736	0.056195	10.682
1648.3	0.0022892	-0.031513	-0.20316	-0.36167	-0.47345	-0.64247	-0.85969	-1.115	-1.442	-2.0533	-2.6734	-3.2324	-4.1557	-4.7802	-2.9206	-1.0065	0.076012	0.85755	0.89714	0.72354	0.52875	0.35392	0.23238	0.15846	0.1189	0.084789	0.071023	0.072167	0.049983	0.051162	11.075
1648.2	0.0037028	-0.021848	-0.18225	-0.34297	-0.50372	-0.62558	-0.86587	-1.1541	-1.4641	-2.1267	-2.7921	-3.382	-4.4428	-5.152	-3.3261	-1.2534	-0.041581	0.83519	0.90787	0.7444	0.55689	0.38177	0.25614	0.18497	0.14321	0.11344	0.095714	0.080249	0.055589	0.050714	11.475
1643.7	0.0070197	-0.021467	-0.18462	-0.35674	-0.49072	-0.65077	-0.8801	-1.1694	-1.5163	-2.211	-2.9806	-3.5122	-4.6685	-5.5112	-3.6013	-1.5094	-0.1736	0.81053	0.9077	0.77801	0.57783	0.40158	0.27196	0.19061	0.151	0.11011	0.10003	0.096243	0.057146	0.044526	11.826
1640.5	-0.0038531	-0.020626	-0.19992	-0.3556	-0.48807	-0.66705	-0.90951	-1.2193	-1.545	-2.2202	-3.0434	-3.5529	-4.9984	-5.8537	-3.8747	-1.7701	-0.30704	0.78008	0.90231	0.79801	0.59747	0.42743	0.278	0.20592	0.15042	0.10758	0.097067	0.085325	0.05585	0.043706	12.18
1641.7	-0.0038493	-0.023258	-0.18064	-0.33515	-0.5088	-0.66505	-0.93123	-1.2436	-1.5803	-2.3314	-3.1859	-3.8502	-5.1759	-6.1532	-4.2536	-2.0556	-0.4608	0.736	0.89046	0.8154	0.62755	0.44685	0.30392	0.2263	0.16033	0.11526	0.090235	0.085688	0.050183	0.040958	12.516
1640.8	0.00040787	-0.021505	-0.19335	-0.34681	-0.50239	-0.65992	-0.92385	-1.2503	-1.6403	-2.3573	-3.2705	-3.9637	-5.4949	-6.5392	-4.5526	-2.2756	-0.57732	0.69489	0.88023	0.82607	0.63762	0.46012	0.3151	0.2325	0.17132	0.12674	0.10742	0.096412	0.056309	0.054566	12.884
1635.7	-0.0067117	-0.028656	-0.20144	-0.38838	-0.537	-0.68153	-0.94654	-1.2786	-1.6544	-2.4433	-3.4363	-4.0585	-5.7496	-6.8921	-4.8036	-2.5022	-0.70837	0.6594	0.86501	0.84179	0.66558	0.48861	0.3377	0.2585	0.2007	0.15233	0.11996	0.094996	0.05413	0.046558	13.175
1631.5	-0.014344	-0.044711	-0.1874	-0.38892	-0.51043	-0.66518	-0.96181	-1.2974	-1.6945	-2.3954	-3.5441	-4.2541	-6.0497	-7.1417	-5.0941	-2.719	-0.8445	0.63394	0.85107	0.85179	0.68685	0.48793	0.36026	0.25964	0.1907	0.14768	0.11664	0.090518	0.053327	0.03757	13.513
1631.4	-0.010537	-0.043382	-0.18742	-0.34834	-0.51616	-0.68736	-0.96496	-1.3237	-1.7472	-2.5041	-3.5339	-4.2835	-6.2277	-7.4804	-5.3674	-2.8512	-0.9643	0.59674	0.84123	0.85772	0.70086	0.5122	0.36398	0.26905	0.19904	0.15182	0.11574	0.10212	0.064652	0.04486	13.807
1630.2	-0.0086397	-0.034084	-0.18192	-0.33291	-0.55283	-0.66875	-0.97587	-1.3576	-1.7626	-2.5703	-3.7241	-4.4476	-6.5178	-7.7968	-5.6598	-3.1128	-1.0825	0.55943	0.83557	0.87844	0.72049	0.5349	0.3721	0.27959	0.21323	0.17262	0.13172	0.11552	0.073197	0.053554	14.091
1626.1	-0.017735	-0.050651	-0.17249	-0.34949	-0.52825	-0.72042	-0.97702	-1.3578	-1.8025	-2.6015	-3.7701	-4.625	-6.6985	-8.0909	-5.9075	-3.3907	-1.2186	0.50835	0.80611	0.88116	0.73026	0.53868	0.39249	0.28596	0.21641	0.16707	0.13342	0.10504	0.053506	0.039068	14.321
1622.8	-0.037867	-0.060573	-0.18417	-0.33721	-0.54703	-0.70215	-0.98878	-1.3738	-1.8304	-2.6614	-3.8929	-4.7176	-7.0177	-8.4334	-6.199	-3.6139	-1.3802	0.45678	0.78424	0.88492	0.73829	0.5427	0.39004	0.28371	0.21333	0.15217	0.12548	0.093167	0.04745	0.032279	14.547
1623.5	-0.02685	-0.045824	-0.19305	-0.35283	-0.52909	-0.69931	-1.0119	-1.3717	-1.8478	-2.7099	-3.865	-4.8574	-7.1273	-8.6486	-6.3842	-3.75	-1.4739	0.43484	0.76763	0.8914	0.74732	0.56097	0.40053	0.29821	0.21764	0.1701	0.12679	0.10305	0.05122	0.037758	14.768
1624.5	-0.040216	-0.048916	-0.18161	-0.36789	-0.53655	-0.72312	-0.97794	-1.4062	-1.8803	-2.7181	-3.9514	-4.9276	-7.3387	-8.9083	-6.6848	-4.0423	-1.6192	0.37292	0.7405	0.89035	0.7403	0.56256	0.39564	0.29472	0.22058	0.1783	0.13946	0.099104	0.04503	0.029501	14.941
1622.3	-0.032613	-0.050324	-0.17525	-0.37073	-0.54095	-0.6791	-1.026	-1.4176	-1.9035	-2.7963	-4.0197	-4.9296	-7.5277	-9.1818	-6.9484	-4.2398	-1.7334	0.32739	0.72797	0.89061	0.75772	0.58187	0.41104	0.31119	0.22265	0.18502	0.14787	0.10399	0.051734	0.025419	15.117
1618.3	-0.041329	-0.059397	-0.20645	-0.36093	-0.55166	-0.70661	-1.0383	-1.4428	-1.9487	-2.7782	-4.1554	-5.1084	-7.6119	-9.4563	-7.0875	-4.4868	-1.8417	0.29116	0.70888	0.90657	0.768	0.59354	0.41901	0.31383	0.23734	0.17296	0.14502	0.096451	0.032364	0.019053	15.256
1618.5	-0.050919	-0.062969	-0.19364	-0.35251	-0.514	-0.72376	-1.0243	-1.4398	-1.9572	-2.8376	-4.1234	-5.1863	-7.6486	-9.6559	-7.3516	-4.5799	-1.9347	0.27236	0.69429	0.90152	0.774	0.59248	0.42966	0.31521	0.23598	0.17757	0.13358	0.097738	0.047574	0.035577	15.405
1619.9	-0.044165	-0.045032	-0.17645	-0.36709	-0.53183	-0.73685	-1.0168	-1.4954	-1.9483	-2.8352	-4.2772	-5.2605	-7.7882	-9.7739	-7.432	-4.6549	-1.9989	0.23919	0.68466	0.90718	0.78367	0.59834	0.42977	0.31873	0.24329	0.19176	0.15082	0.10934	0.056085	0.034172	15.492
1617.6	-0.053827	-0.074646	-0.19138	-0.34294	-0.49549	-0.6846	-1.0285	-1.4193	-1.9551	-2.8591	-4.194	-5.2973	-7.884	-9.9793	-7.6617	-4.8292	-2.0936	0.21822	0.66567	0.91733	0.78806	0.60358	0.43316	0.31776	0.23788	0.17489	0.13823	0.10039	0.035708	0.02733	15.563
1613.5	-0.059739	-0.067654	-0.18712	-0.35875	-0.51299	-0.67261	-0.99536	-1.4714	-1.934	-2.9363	-4.2468	-5.3109	-8.0318	-10.131	-7.7937	-4.9355	-2.1602	0.18978	0.65191	0.91374	0.80231	0.6159	0.44406	0.32237	0.2447	0.18463	0.13996	0.091964	0.044861	0.016347	15.623
1614.1	-0.050577	-0.06359	-0.16047	-0.3241	-0.50389	-0.67592	-1.0303	-1.4594	-1.9841	-2.9352	-4.3872	-5.4122	-7.9909	-10.174	-7.7959	-5.0127	-2.1475	0.19326	0.65757	0.91982	0.79918	0.62203	0.44296	0.31798	0.24283	0.16877	0.1477	0.10191	0.034356	0.015882	15.658
1616.4	-0.060594	-0.079184	-0.18158	-0.31666	-0.50214	-0.67903	-1.0105	-1.51	-1.9589	-2.9311	-4.3968	-5.4095	-8.1307	-10.296	-7.8921	-5.0551	-2.2037	0.161	0.63895	0.89878	0.79148	0.60795	0.44094	0.3218	0.24072	0.18337	0.12826	0.090933	0.023833	0.0048267	15.698
1616	-0.07118	-0.073826	-0.17878	-0.33351	-0.5258	-0.69952	-1.0853	-1.4526	-1.9745	-2.887	-4.3349	-5.3765	-8.1139	-10.298	-7.9145	-5.1107	-2.2166	0.1646	0.64229	0.91234	0.79215	0.61251	0.43826	0.32046	0.23857	0.17229	0.13791	0.091824	0.028601	0.011724	15.68
1615.2	-0.06977	-0.06803	-0.18502	-0.3523	-0.51139	-0.70288	-1.0345	-1.4072	-1.968	-2.8533	-4.3789	-5.492	-8.16	-10.303	-7.9027	-5.0981	-2.2299	0.16213	0.63713	0.91275	0.79485	0.62306	0.44591	0.33103	0.23868	0.17979	0.13019	0.094901	0.016228	0.0020708	15.682
1617.9	-0.071574	-0.084928	-0.20034	-0.33357	-0.48182	-0.66722	-1.0109	-1.4503	-1.9588	-2.9133	-4.3192	-5.3749	-8.0475	-10.323	-7.8845	-5.1094	-2.2385	0.15527	0.63789	0.90433	0.78415	0.6103	0.44471	0.32291	0.2343	0.17671	0.12586	0.084784	0.017152	0.0057401	15.674
1621.7	-0.094388	-0.10527	-0.20412	-0.36388	-0.48693	-0.72031	-1.0388	-1.4474	-1.9775	-2.8519	-4.3299	-5.3965	-8.1038	-10.299	-7.9423	-5.1368	-2.2474	0.14427	0.61784	0.90467	0.78465	0.62203	0.44645	0.32309	0.24301	0.17167	0.12784	0.083288	0.010468	-0.0048103	15.676
1622.4	-0.11206	-0.094964	-0.20027	-0.35493	-0.50185	-0.67552	-0.99614	-1.4076	-2.0014	-2.9054	-4.3754	-5.4189	-7.9785	-10.374	-7.9392	-5.2086	-2.2886	0.12954	0.62077	0.8994	0.78248	0.6023	0.42911	0.30739	0.23278	0.16791	0.1205	0.08196	0.0038239	-0.0089306	15.685
1620.7	-0.10259	-0.10713	-0.19527	-0.3474	-0.53521	-0.68836	-1.0412	-1.454	-1.9436	-2.8686	-4.3117	-5.4392	-8.0808	-10.371	-7.9829	-5.1203	-2.2952	0.12461	0.6214	0.90032	0.7814	0.61121	0.43187	0.30817	0.23125	0.16485	0.13477	0.081611	0.011899	-0.016274	15.682
1622.5	-0.10966	-0.11147	-0.20781	-0.3215	-0.5013	-0.68407	-1.0343	-1.4293	-1.9871	-2.8853	-4.3646	-5.3647	-8.1519	-10.336	-7.8422	-5.1394	-2.2762	0.13965	0.63023	0.89787	0.78711	0.61006	0.4379	0.3272	0.22792	0.17252	0.12642	0.065975	0.0066697	-0.020378	15.749
1624.8	-0.097552	-0.089024	-0.19949	-0.32335	-0.48185	-0.66186	-0.97199	-1.4126	-1.9505	-2.9505	-4.3217	-5.3911	-7.9288	-10.33	-8.0439	-5.1614	-2.2729	0.13844	0.63608	0.89411	0.78596	0.6043	0.43077	0.32107	0.21482	0.1635	0.11257	0.071916	0.020868	-0.013947	15.665
1622.3	-0.092442	-0.10167	-0.18848	-0.32247	-0.49407	-0.66594	-1.0198	-1.3903	-1.9614	-2.9205	-4.2762	-5.4976	-7.979	-10.296	-7.9652	-5.1253	-2.2505	0.14018	0.63573	0.89504	0.79423	0.60965	0.44306	0.33008	0.2372	0.17531	0.12826	0.071598	0.0047723	-0.024961	15.548
1618.1	-0.085001	-0.094764	-0.1686	-0.32469	-0.49324	-0.64989	-0.96086	-1.4052	-1.954	-2.908	-4.3396	-5.4184	-7.9428	-10.369	-7.9753	-5.1482	-2.224	0.16286	0.65276	0.9126	0.78827	0.61023	0.43814	0.30298	0.21527	0.15307	0.11258	0.076545	-0.0023487	-0.011249	15.404
1617.9	-0.084532	-0.093433	-0.18424	-0.34427	-0.4651	-0.62105	-0.969	-1.3954	-1.8976	-2.8038	-4.2457	-5.4141	-7.7552	-10.169	-7.7571	-5.0601	-2.159	0.1852	0.65511	0.90039	0.78556	0.59075	0.42982	0.29497	0.19938	0.14521	0.095677	0.06616	-0.002349	-0.024569	15.304
1619.3	-0.098368	-0.096039	-0.19687	-0.31795	-0.48142	-0.65399	-0.99047	-1.3834	-1.891	-2.901	-4.1478	-5.2821	-7.7017	-9.9411	-7.6794	-4.844	-2.0739	0.21749	0.67224	0.89669	0.77225	0.58245	0.41552	0.28858	0.20098	0.14833	0.10199	0.057883	-0.012328	-0.029136	15.105
1616.7	-0.10189	-0.095297	-0.18296	-0.31474	-0.46598	-0.64691	-0.96127	-1.3747	-1.8793	-2.9106	-4.1334	-5.2463	-7.7612	-9.8868	-7.4773	-4.7283	-2.0156	0.25084	0.66968	0.88479	0.75093	0.56382	0.40175	0.27577	0.18493	0.12307	0.082479	0.054075	-0.013775	-0.033319	14.921
1613.9	-0.10014	-0.092768	-0.18708	-0.31341	-0.44322	-0.62056	-0.92584	-1.349	-1.85	-2.8158	-4.1089	-5.1372	-7.6753	-9.6134	-7.2756	-4.6178	-1.8971	0.28687	0.7081	0.89917	0.75411	0.56185	0.38099	0.25726	0.17638	0.11214	0.075746	0.045484	-0.0095077	-0.026472	14.691
1616.5	-0.094695	-0.10785	-0.18062	-0.30593	-0.4399	-0.61196	-0.88643	-1.3085	-1.8265	-2.6768	-4.0446	-5.0111	-7.3375	-9.3502	-7.0956	-4.3389	-1.7713	0.31993	0.71696	0.88737	0.73928	0.54334	0.37852	0.25448	0.16858	0.10779	0.063726	0.034141	-0.016633	-0.028268	14.505
1620.3	-0.094472	-0.10179	-0.17121	-0.28756	-0.44826	-0.62318	-0.88702	-1.3229	-1.8085	-2.7649	-4.0194	-4.9258	-7.3014	-9.0762	-6.8855	-4.1465	-1.6594	0.3592	0.73881	0.87248	0.7202	0.53035	0.36183	0.243	0.15582	0.10152	0.067229	0.032764	0.00097801	-0.022698	14.252
1619.2	-0.088304	-0.10812	-0.17464	-0.29845	-0.42874	-0.61855	-0.88898	-1.2874	-1.7892	-2.6375	-3.8701	-4.7918	-7.3253	-8.8211	-6.5796	-3.9621	-1.5711	0.40102	0.75337	0.87703	0.72587	0.52438	0.35	0.23986	0.15549	0.090945	0.065448	0.026296	-0.012328	-0.02455	13.921
1615.9	-0.087522	-0.08907	-0.18353	-0.27157	-0.43118	-0.60152	-0.92605	-1.2976	-1.7338	-2.5681	-3.8885	-4.7377	-7.1515	-8.6566	-6.445	-3.7825	-1.46	0.43587	0.78078	0.88178	0.71607	0.5137	0.33301	0.21902	0.1474	0.08742	0.057341	0.021144	-0.027593	-0.039314	13.694
1617.2	-0.083609	-0.077352	-0.16017	-0.26344	-0.41149	-0.58783	-0.88426	-1.2762	-1.7433	-2.5859	-3.7225	-4.6012	-6.9381	-8.3129	-6.1694	-3.5721	-1.3319	0.46647	0.79012	0.86033	0.69153	0.49323	0.32948	0.21457	0.13843	0.072518	0.038994	0.013762	-0.020908	-0.028714	13.42
1619.3	-0.091175	-0.10051	-0.14719	-0.27147	-0.38279	-0.57035	-0.88847	-1.2901	-1.7014	-2.4981	-3.6548	-4.4678	-6.656	-8.0175	-5.8559	-3.3408	-1.1972	0.51961	0.80904	0.85135	0.68784	0.48723	0.31232	0.19301	0.11617	0.066409	0.039401	0.018937	-0.016604	-0.030054	13.104
1617.6	-0.077347	-0.080466	-0.15728	-0.25918	-0.3837	-0.55926	-0.85148	-1.2389	-1.6537	-2.5305	-3.6008	-4.379	-6.4742	-7.7359	-5.5611	-3.1666	-1.0871	0.54856	0.81077	0.84087	0.65755	0.4672	0.30101	0.18184	0.10391	0.055357	0.028923	0.0072601	-0.021379	-0.032381	12.783
1613.9	-0.068385	-0.061803	-0.13676	-0.25418	-0.40815	-0.52851	-0.84584	-1.2223	-1.6328	-2.4265	-3.467	-4.2611	-6.3048	-7.5194	-5.3797	-2.991	-0.9572	0.59051	0.83354	0.83983	0.65859	0.45112	0.2905	0.17846	0.1037	0.049447	0.023488	-0.0022747	-0.022858	-0.030614	12.429
1614.1	-0.055868	-0.076603	-0.13959	-0.24809	-0.41071	-0.54878	-0.82116	-1.178	-1.6436	-2.3863	-3.3772	-4.172	-5.9307	-7.2	-5.0111	-2.6247	-0.8014	0.64281	0.85389	0.82687	0.63828	0.42853	0.26622	0.15708	0.092171	0.04294	0.024402	0.0051056	-0.018088	-0.027848	12.092
1616.6	-0.041374	-0.045125	-0.13369	-0.25376	-0.40224	-0.58044	-0.83284	-1.1795	-1.5857	-2.3876	-3.2985	-4.1066	-5.747	-6.9411	-4.7789	-2.3591	-0.68075	0.67788	0.86256	0.8103	0.61476	0.41076	0.25557	0.14309	0.080968	0.040094	0.0060591	0.015502	-0.010443	-0.014018	11.752
1617	-0.056249	-0.039737	-0.13129	-0.26673	-0.37758	-0.56049	-0.82014	-1.1669	-1.529	-2.3471	-3.2083	-3.9091	-5.5805	-6.5466	-4.5125	-2.1759	-0.54555	0.71984	0.88185	0.80812	0.60897	0.40283	0.23735	0.13784	0.068562	0.036839	0.015208	-0.0035705	-0.0023504	0.0039064	11.371
1615	-0.027471	-0.038889	-0.11342	-0.24095	-0.3592	-0.55406	-0.78987	-1.1621	-1.5116	-2.33	-3.0545	-3.8056	-5.3369	-6.2456	-4.3035	-1.9463	-0.42477	0.75375	0.89881	0.78884	0.59231	0.39548	0.2339	0.12663	0.059345	0.015072	0.0024015	-0.0092153	-0.0056886	-0.016792	11.011
1616.1	-0.032738	-0.037968	-0.12804	-0.23521	-0.38616	-0.53237	-0.79785	-1.1315	-1.5001	-2.1641	-3.0105	-3.7491	-5.0739	-5.9749	-3.8516	-1.7327	-0.30077	0.77815	0.89279	0.76711	0.55528	0.36441	0.20488	0.10948	0.050455	0.011354	0.00011055	-0.019615	-0.012827	-0.014941	10.599
1621.4	-0.0082078	-0.016402	-0.12195	-0.24232	-0.38749	-0.54479	-0.77564	-1.1008	-1.4582	-2.0874	-2.8958	-3.5653	-4.8314	-5.5915	-3.6456	-1.471	-0.18024	0.80444	0.90025	0.75965	0.53424	0.34175	0.18842	0.092581	0.045877	0.0080796	-0.0067344	-0.0031288	-0.002344	0.0011452	10.264
1623.8	-0.012499	-0.0074569	-0.13074	-0.24846	-0.37912	-0.54551	-0.78561	-1.0997	-1.4278	-2.0149	-2.9334	-3.4769	-4.7022	-5.3691	-3.4015	-1.3952	-0.09269	0.81792	0.90074	0.73249	0.51289	0.3242	0.17377	0.083953	0.037882	-0.0062401	-0.010825	-0.019091	-0.0037633	0.0002289	9.9014
1623.9	-0.0038925	-0.012363	-0.10431	-0.21924	-0.38586	-0.51666	-0.7527	-1.0619	-1.399	-2.0247	-2.7241	-3.281	-4.4483	-5.0569	-3.1525	-1.1248	0.01205	0.83758	0.90114	0.70689	0.49462	0.30763	0.15985	0.075456	0.0185	-0.0085469	-0.0071795	-0.011754	-0.0037631	0.00022889	9.5118
1625.2	0.0061444	0.0063636	-0.10234	-0.23203	-0.36527	-0.51068	-0.75296	-1.0502	-1.3701	-1.9635	-2.6226	-3.1806	-4.2663	-4.7922	-2.8657	-1.0158	0.12564	0.86366	0.90039	0.69403	0.47178	0.28353	0.14629	0.048053	0.014963	-0.021452	-0.028568	-0.0065704	0.0061841	0.025373	9.1508
1629.9	0.028041	0.0063472	-0.10863	-0.24014	-0.35904	-0.53441	-0.73047	-1.0152	-1.3195	-1.9036	-2.5109	-3.0984	-4.0763	-4.4353	-2.6652	-0.72895	0.20472	0.86876	0.90368	0.66758	0.44994	0.26429	0.11955	0.027235	-0.0017544	-0.02277	-0.031664	-0.023748	0.0075831	0.012081	8.7866
1632.2	0.037514	0.007225	-0.11035	-0.26193	-0.40045	-0.4929	-0.71792	-0.99358	-1.279	-1.7824	-2.346	-3.0014	-3.7526	-4.1973	-2.5199	-0.58611	0.28891	0.88409	0.89788	0.63874	0.42556	0.23969	0.10785	0.03048	-0.0039441	-0.035593	-0.039324	-0.01985	0.014172	0.025264	8.3801
1631.8	0.042758	0.033412	-0.12493	-0.24308	-0.36017	-0.48799	-0.68849	-0.97928	-1.2372	-1.7878	-2.2581	-2.8562	-3.6134	-3.9018	-2.2324	-0.44443	0.37959	0.88985	0.89451	0.62228	0.40147	0.22182	0.085734	0.018283	-0.015779	-0.029173	-0.030266	-0.0052547	0.025023	0.033466	8.0172
1631.8	0.038951	-0.00076291	-0.10239	-0.25093	-0.3612	-0.48296	-0.68009	-0.94125	-1.2032	-1.7878	-2.2529	-2.7977	-3.3516	-3.6933	-1.9646	-0.25371	0.46504	0.89287	0.87068	0.59538	0.36983	0.19081	0.074664	-0.00096687	-0.033312	-0.04984	-0.045681	-0.020284	0.014647	0.030279	7.6149
1635.1	0.033175	-0.00076137	-0.12749	-0.22648	-0.35272	-0.48299	-0.66504	-0.91827	-1.17	-1.6906	-2.129	-2.6026	-3.135	-3.3946	-1.7387	-0.13119	0.52829	0.8991	0.8613	0.56733	0.34586	0.16721	0.047352	-0.02486	-0.043305	-0.065782	-0.053732	-0.030529	0.010382	0.03976	7.1747
1637	0.049739	0.022246	-0.11237	-0.24048	-0.36523	-0.46439	-0.64799	-0.89476	-1.137	-1.6099	-2.028	-2.5609	-3.001	-3.1645	-1.5755	-0.033535	0.59134	0.88454	0.82717	0.53208	0.31393	0.13563	0.029825	-0.031852	-0.043693	-0.068454	-0.054576	-0.01808	0.018832	0.040624	6.7752
1634.9	0.035553	0.010314	-0.1111	-0.21408	-0.3445	-0.47	-0.64086	-0.87059	-1.1104	-1.5774	-1.8851	-2.3795	-2.7248	-2.8632	-1.2849	0.098207	0.65769	0.88013	0.81385	0.5059	0.28088	0.11597	0.014209	-0.043138	-0.059935	-0.076333	-0.047856	-0.02496	0.022152	0.044764	6.3362
1633	0.042728	0.020528	-0.12813	-0.26135	-0.34801	-0.458	-0.61822	-0.83973	-1.0623	-1.4363	-1.851	-2.1683	-2.5833	-2.5981	-1.1601	0.28404	0.70445	0.8827	0.79102	0.4552	0.24308	0.084148	-0.016658	-0.066178	-0.078403	-0.083309	-0.072378	-0.042155	0.016522	0.029803	5.9576
1636.1	0.035529	0.026243	-0.12929	-0.24614	-0.35717	-0.45011	-0.61662	-0.82456	-1.0309	-1.4877	-1.8371	-2.0768	-2.4526	-2.3391	-0.89581	0.37619	0.76493	0.86899	0.76621	0.42995	0.21988	0.061757	-0.048373	-0.08057	-0.084375	-0.098269	-0.066363	-0.047643	0.016491	0.038375	5.541
1638.9	0.052048	0.021777	-0.11036	-0.22595	-0.31994	-0.42678	-0.60013	-0.79553	-0.99392	-1.4753	-1.6629	-1.8841	-2.2388	-2.132	-0.85901	0.43394	0.79865	0.84492	0.74383	0.39365	0.19401	0.051516	-0.045992	-0.088842	-0.10386	-0.1077	-0.074371	-0.045421	0.023504	0.034681	5.1637
1637.6	0.043556	0.020027	-0.10718	-0.21879	-0.32175	-0.42612	-0.5808	-0.76484	-0.95091	-1.4519	-1.5813	-1.8129	-2.0637	-1.9029	-0.70862	0.57562	0.83345	0.8386	0.71577	0.35693	0.1631	0.015828	-0.072689	-0.1081	-0.11443	-0.10824	-0.092503	-0.05102	0.027284	0.03471	4.7681
1635.9	0.050247	0.016064	-0.12415	-0.20752	-0.30556	-0.42006	-0.56379	-0.74833	-0.89314	-1.2762	-1.4584	-1.6643	-1.8374	-1.6461	-0.46233	0.63478	0.86525	0.80738	0.67842	0.32073	0.13078	-0.0054228	-0.089332	-0.11851	-0.12505	-0.11844	-0.084461	-0.043795	0.014141	0.032476	4.3573
1638.2	0.032164	0.0098506	-0.11415	-0.19803	-0.2979	-0.40041	-0.53656	-0.71778	-0.88056	-1.2645	-1.477	-1.5649	-1.6811	-1.413	-0.36097	0.71667	0.87195	0.77665	0.63804	0.28227	0.090269	-0.037271	-0.10758	-0.13331	-0.13054	-0.13245	-0.10105	-0.055279	0.023046	0.026987	4.0024
1640.6	0.051522	0.016458	-0.11399	-0.20921	-0.3088	-0.39733	-0.52523	-0.70694	-0.84051	-1.1841	-1.2523	-1.4755	-1.4695	-1.2312	-0.13925	0.82752	0.87069	0.75502	0.5933	0.23759	0.06468	-0.067582	-0.13083	-0.15133	-0.13384	-0.1318	-0.11443	-0.037688	0.013162	0.040534	3.6672
1639.1	0.048725	-0.0029684	-0.10988	-0.19975	-0.28845	-0.37765	-0.51029	-0.66784	-0.81101	-1.1164	-1.2431	-1.4187	-1.2986	-1.0063	-0.0035219	0.94023	0.88501	0.72313	0.54952	0.19788	0.031381	-0.089349	-0.14334	-0.16735	-0.15229	-0.15524	-0.12085	-0.05824	0.015991	0.036489	3.3182
1635.4	0.056907	0.021824	-0.089051	-0.20204	-0.28342	-0.3499	-0.49645	-0.63937	-0.7572	-0.95638	-1.1369	-1.2956	-1.1989	-0.86529	0.10742	1.0107	0.89076	0.68612	0.50009	0.16271	-0.014978	-0.1263	-0.17726	-0.18413	-0.15701	-0.15421	-0.11343	-0.055802	0.021202	0.045204	2.9449
1636.5	0.054024	0.010746	-0.11474	-0.20284	-0.26827	-0.35219	-0.48248	-0.63007	-0.74045	-0.97054	-1.0324	-1.1831	-1.105	-0.74925	0.32407	0.94664	0.87288	0.64105	0.44419	0.12213	-0.040954	-0.14844	-0.19141	-0.20367	-0.17745	-0.16648	-0.13371	-0.051057	0.018368	0.032463	2.6352
1638.9	0.037836	0.0080788	-0.10943	-0.19335	-0.2725	-0.34865	-0.45931	-0.60575	-0.70277	-0.88062	-0.99454	-1.0796	-0.94042	-0.55438	0.32358	1.0085	0.87717	0.589	0.39877	0.076174	-0.080275	-0.16896	-0.20215	-0.21131	-0.18024	-0.17812	-0.13847	-0.060812	0.030079	0.032868	2.327
1637.9	0.04497	0.0085267	-0.099675	-0.1783	-0.2572	-0.35037	-0.45563	-0.58274	-0.68696	-0.84673	-0.88112	-1.0026	-0.81994	-0.43471	0.42449	0.97018	0.86837	0.54978	0.35379	0.044552	-0.10861	-0.19514	-0.22939	-0.22688	-0.18952	-0.17686	-0.14578	-0.067696	0.010364	0.039239	2.002
1636	0.0436	0.020932	-0.089023	-0.17437	-0.25957	-0.33223	-0.42929	-0.56049	-0.64572	-0.83298	-0.8666	-0.85331	-0.70903	-0.25039	0.546	1.0299	0.84412	0.49273	0.29054	-0.0071017	-0.15051	-0.22486	-0.24945	-0.24541	-0.20592	-0.17753	-0.13194	-0.061352	0.0075549	0.047007	1.7513
1640.2	0.03828	0.016904	-0.10141	-0.17393	-0.245	-0.33638	-0.42291	-0.54364	-0.60842	-0.69333	-0.76083	-0.71552	-0.61885	-0.16216	0.68036	0.95909	0.81953	0.43542	0.23971	-0.041629	-0.18068	-0.2397	-0.26211	-0.25319	-0.1849	-0.19444	-0.15415	-0.069738	0.018327	0.042356	1.4368
1645.1	0.030141	0.0084885	-0.10715	-0.16471	-0.25967	-0.33087	-0.4155	-0.5299	-0.60705	-0.69125	-0.6966	-0.78096	-0.51499	-0.032997	0.58808	0.92711	0.78028	0.38122	0.17879	-0.079341	-0.21476	-0.27792	-0.28603	-0.26035	-0.21695	-0.19977	-0.14245	-0.069529	0.017337	0.038615	1.2195
1647.2	0.046602	0.012876	-0.093998	-0.16633	-0.24344	-0.31003	-0.39615	-0.49947	-0.58653	-0.65616	-0.60809	-0.67872	-0.431	0.12769	0.77761	0.95501	0.74442	0.3339	0.13538	-0.11752	-0.23662	-0.29053	-0.29664	-0.26932	-0.20843	-0.19088	-0.13778	-0.078375	0.014044	0.04398	0.93837
1647.5	0.057433	0.02782	-0.09212	-0.16127	-0.22493	-0.29452	-0.37462	-0.49519	-0.56935	-0.6218	-0.52552	-0.52912	-0.40314	0.18732	0.68734	0.98875	0.72149	0.30444	0.093499	-0.15818	-0.26331	-0.31399	-0.31349	-0.27346	-0.22532	-0.2054	-0.13416	-0.082614	0.021047	0.046228	0.73164
1652	0.036125	-0.0020689	-0.099751	-0.17177	-0.23864	-0.29123	-0.38233	-0.48919	-0.55033	-0.6006	-0.48809	-0.51805	-0.24968	0.24631	0.79031	0.95705	0.67871	0.23504	0.032857	-0.1906	-0.2897	-0.32558	-0.32767	-0.28616	-0.22687	-0.20438	-0.1517	-0.062028	0.014934	0.041602	0.58722
1656.9	0.045393	0.010614	-0.080502	-0.1749	-0.22876	-0.2889	-0.37207	-0.4799	-0.5197	-0.58912	-0.48154	-0.49736	-0.22133	0.35054	0.8577	0.94463	0.63742	0.19323	-0.002213	-0.22713	-0.3159	-0.34706	-0.3467	-0.29642	-0.24736	-0.21374	-0.14858	-0.072843	0.032076	0.04731	0.3774
1658	0.044893	0.014976	-0.094771	-0.16025	-0.23064	-0.29217	-0.36747	-0.4574	-0.50462	-0.54986	-0.37366	-0.5066	-0.10158	0.38678	0.8571	1.0017	0.59771	0.16736	-0.045125	-0.24623	-0.32209	-0.35731	-0.34329	-0.29991	-0.2515	-0.22896	-0.16231	-0.077442	0.022307	0.053104	0.2664
1657.3	0.037417	0.011486	-0.079557	-0.16259	-0.22258	-0.28635	-0.3611	-0.47193	-0.48743	-0.45774	-0.33796	-0.38699	-0.078603	0.35957	0.89729	0.92995	0.56423	0.1283	-0.08675	-0.26752	-0.34927	-0.37894	-0.35252	-0.30975	-0.23349	-0.21323	-0.15658	-0.095657	0.0074578	0.045506	0.11889
1659.5	0.043916	0.024127	-0.089605	-0.14695	-0.20955	-0.26914	-0.34279	-0.44035	-0.46938	-0.43771	-0.34261	-0.30031	-0.018746	0.47297	0.90104	0.97196	0.53807	0.093008	-0.10652	-0.29553	-0.37076	-0.3889	-0.36247	-0.31348	-0.22886	-0.20617	-0.16172	-0.08117	0.025068	0.045891	-0.016466
1662.6	0.041499	-0.00074879	-0.088056	-0.16071	-0.21882	-0.28	-0.34389	-0.43401	-0.47073	-0.47566	-0.39816	-0.36186	-0.037059	0.40844	0.93409	0.89336	0.51633	0.056795	-0.14912	-0.31034	-0.38103	-0.39484	-0.37357	-0.32074	-0.23489	-0.21615	-0.16008	-0.074698	0.0097485	0.049829	-0.095558
1663	0.043823	0.018414	-0.088034	-0.16113	-0.21267	-0.26907	-0.33469	-0.43206	-0.45638	-0.33991	-0.33679	-0.22325	0.045494	0.48562	0.90906	0.84515	0.4881	0.01927	-0.17334	-0.33282	-0.39418	-0.39807	-0.37665	-0.31881	-0.24171	-0.2179	-0.14848	-0.073837	0.0078944	0.05473	-0.18074
1662	0.051326	0.025398	-0.084401	-0.13858	-0.2006	-0.25837	-0.33143	-0.42449	-0.4393	-0.35952	-0.32167	-0.20428	0.02258	0.53141	0.99398	0.87929	0.47412	0.010885	-0.18492	-0.3383	-0.39899	-0.39784	-0.37099	-0.29181	-0.23799	-0.22525	-0.15168	-0.072196	0.017623	0.069517	-0.22485
1665.4	0.033504	-0.01162	-0.10723	-0.16135	-0.21186	-0.26524	-0.32599	-0.42132	-0.43574	-0.43616	-0.28532	-0.24202	0.045429	0.51216	0.93253	0.85833	0.44371	-0.017231	-0.21317	-0.35343	-0.39954	-0.41222	-0.38741	-0.3225	-0.22633	-0.21579	-0.16159	-0.087616	0.01158	0.041714	-0.23093
1669.2	0.040405	0.0079324	-0.10285	-0.16369	-0.21542	-0.25726	-0.32265	-0.41118	-0.43253	-0.36761	-0.25924	-0.25574	0.12758	0.59253	0.96499	0.77032	0.41653	-0.034403	-0.23861	-0.3794	-0.43139	-0.42881	-0.38653	-0.32544	-0.22153	-0.22204	-0.16344	-0.073564	0.0078661	0.052302	-0.27657
1669.6	0.047372	0.017039	-0.10191	-0.14787	-0.21588	-0.27342	-0.3459	-0.42209	-0.42888	-0.40129	-0.22357	-0.1748	0.15039	0.61503	0.97464	0.86094	0.40863	-0.053568	-0.24339	-0.37835	-0.42173	-0.41828	-0.39996	-0.32857	-0.23262	-0.21839	-0.14878	-0.065572	0.0369	0.06297	-0.25071
1668.4	0.039495	0.0053314	-0.10107	-0.13986	-0.1978	-0.2441	-0.31763	-0.41322	-0.41944	-0.4209	-0.17283	-0.21777	0.091074	0.60188	0.92098	0.88549	0.38873	-0.057052	-0.25632	-0.39154	-0.42614	-0.4257	-0.3971	-0.32927	-0.23279	-0.22304	-0.16973	-0.07822	0.014327	0.04164	-0.20203
1670.1	0.046891	0.012699	-0.09867	-0.15864	-0.2062	-0.25171	-0.33241	-0.41416	-0.40173	-0.39634	-0.21333	-0.16999	0.12295	0.62841	0.91014	0.87501	0.39428	-0.060433	-0.25122	-0.38874	-0.42842	-0.43047	-0.39308	-0.33443	-0.2304	-0.22371	-0.15272	-0.077299	0.023066	0.045601	-0.21724
1672.2	0.043118	0.0040197	-0.10405	-0.16069	-0.21656	-0.25238	-0.33976	-0.42007	-0.42601	-0.40067	-0.23339	-0.23153	0.081741	0.56886	0.92875	0.90257	0.37043	-0.083429	-0.27109	-0.39924	-0.43561	-0.42994	-0.39484	-0.3244	-0.22456	-0.22164	-0.14191	-0.065471	0.019817	0.05221	-0.22333
1671.3	0.043144	0.01399	-0.092185	-0.16529	-0.21921	-0.2481	-0.3447	-0.41801	-0.42226	-0.38162	-0.19795	-0.14611	0.12742	0.55561	0.81082	0.83621	0.38531	-0.078073	-0.26597	-0.39564	-0.43858	-0.44058	-0.39236	-0.33054	-0.23324	-0.20831	-0.14553	-0.068441	0.011539	0.040679	-0.26288
1668.1	0.046019	0.010109	-0.092361	-0.15297	-0.20797	-0.25005	-0.32114	-0.40319	-0.41952	-0.35337	-0.21361	-0.18924	0.19625	0.58386	0.93598	0.86651	0.38007	-0.072317	-0.27264	-0.3964	-0.43168	-0.43194	-0.39311	-0.34678	-0.22597	-0.22623	-0.16399	-0.073194	0.022172	0.049666	-0.23549
1667.8	0.033457	-0.0076952	-0.10294	-0.16293	-0.21612	-0.26535	-0.33461	-0.41429	-0.42581	-0.39691	-0.26455	-0.17975	0.1414	0.53864	0.90648	0.81404	0.37923	-0.07676	-0.27005	-0.3936	-0.42857	-0.42539	-0.38957	-0.32618	-0.22987	-0.21144	-0.15471	-0.069426	0.0083332	0.045664	-0.2142
1669	0.043203	0.0074988	-0.099654	-0.17994	-0.23165	-0.26712	-0.36937	-0.42776	-0.43303	-0.38696	-0.21348	-0.13203	0.077329	0.51559	0.90088	0.83734	0.37665	-0.077195	-0.26545	-0.39666	-0.41961	-0.42128	-0.38748	-0.29289	-0.22328	-0.21443	-0.13908	-0.061398	0.0092495	0.053644	-0.039281
1668.2	0.037637	0.0088059	-0.10521	-0.1692	-0.22873	-0.2771	-0.3609	-0.43348	-0.4492	-0.40646	-0.2594	-0.22257	0.14138	0.49319	0.91121	0.80427	0.38464	-0.059518	-0.26031	-0.38585	-0.42483	-0.41533	-0.37323	-0.31416	-0.22896	-0.21004	-0.14403	-0.074449	0.01848	0.051889	0.11585
1666.1	0.029761	0.0022957	-0.1058	-0.18568	-0.23307	-0.29419	-0.3397	-0.43677	-0.45109	-0.43114	-0.39222	-0.15132	0.049994	0.5301	0.90242	0.81006	0.42052	-0.04432	-0.23642	-0.36908	-0.41578	-0.40872	-0.37776	-0.30811	-0.22495	-0.20625	-0.14509	-0.069074	0.0125	0.040805	0.22078
1667.3	0.040916	0.00055742	-0.12135	-0.17606	-0.2334	-0.28413	-0.35675	-0.45023	-0.4583	-0.46464	-0.39703	-0.12739	0.013363	0.53424	0.88197	0.8286	0.43078	-0.033456	-0.22172	-0.35301	-0.40545	-0.38755	-0.35581	-0.30558	-0.20634	-0.19981	-0.13212	-0.075747	0.018028	0.055925	0.37284
1670	0.037131	-0.0020466	-0.1129	-0.18209	-0.25074	-0.31021	-0.37993	-0.45915	-0.48326	-0.51695	-0.33538	-0.34123	0.068144	0.46549	0.87563	0.80338	0.45532	0.0073923	-0.18579	-0.33955	-0.38525	-0.38456	-0.35434	-0.29729	-0.21714	-0.19006	-0.13545	-0.059681	0.019842	0.044713	0.62675
1670.6	0.034328	-0.0016118	-0.13303	-0.19418	-0.26025	-0.30961	-0.38498	-0.48878	-0.48884	-0.44444	-0.37083	-0.24601	-0.0049321	0.46983	0.82593	0.83175	0.49138	0.038836	-0.15938	-0.31124	-0.36556	-0.35886	-0.33844	-0.27792	-0.19437	-0.19762	-0.12389	-0.056304	0.021678	0.048254	0.85477
1668.4	0.036702	-0.008994	-0.13183	-0.18678	-0.27631	-0.31987	-0.39112	-0.48026	-0.5028	-0.52229	-0.33062	-0.33205	0.0087774	0.45687	0.75784	0.98594	0.53843	0.098911	-0.10024	-0.28105	-0.3392	-0.35366	-0.33032	-0.28978	-0.20278	-0.18172	-0.1143	-0.04924	0.031855	0.042976	1.0463
1668.6	0.036232	-0.0011799	-0.12814	-0.19668	-0.27374	-0.32425	-0.40447	-0.51097	-0.52669	-0.61877	-0.47816	-0.40341	-0.20149	0.40698	0.77258	0.95711	0.5705	0.14022	-0.066379	-0.2571	-0.32187	-0.34367	-0.31765	-0.26954	-0.18261	-0.18035	-0.12182	-0.045455	0.034156	0.038073	1.3365
1670.6	0.037118	-0.0081144	-0.13212	-0.18833	-0.2906	-0.33516	-0.42599	-0.50759	-0.56058	-0.61318	-0.42674	-0.42669	-0.17841	0.35218	0.74202	0.95117	0.61886	0.1823	-0.00922	-0.2157	-0.2842	-0.31579	-0.29969	-0.24582	-0.17853	-0.17519	-0.12079	-0.058401	0.024902	0.028685	1.5675
1669.8	0.019931	-0.016793	-0.14319	-0.22268	-0.28417	-0.33581	-0.43916	-0.52022	-0.57946	-0.64244	-0.55916	-0.50777	-0.24702	0.24368	0.75719	0.94685	0.66046	0.24138	0.039975	-0.18092	-0.26524	-0.29038	-0.2809	-0.24549	-0.18033	-0.17168	-0.1142	-0.048778	0.01754	0.047388	1.8561
