12662	4	3	91	24.1	760	1	20	10	1.747	128	4096	10	0	0	0	0	223.61	958.93	1.4572e+006	0.11628	0.075113	40.187	0	0	1	0	0	0	11	0	0
832.79	-0.047866	-0.068128	-0.15308	-0.33155	-0.47383	1.0986	-0.95221	-1.3437	-1.8245	-2.4223	-3.7126	-4.8106	-7.0515	-8.6784	-6.423	-3.9729	-1.5432	0.41748	0.75002	0.91353	0.77771	0.59889	0.44974	0.34819	0.25824	0.21539	0.17612	0.13311	0.058843	0.033154	14.811
819.74	-0.05147	-0.095719	-0.1686	-0.35244	-0.52776	1.1101	-1.0061	-1.4006	-1.8905	-2.8932	-4.0722	-5.1004	-7.7221	-9.204	-7.0887	-4.5522	-1.8219	0.27693	0.71633	0.91055	0.78361	0.62482	0.4468	0.34066	0.27806	0.20968	0.17532	0.10446	0.054147	0.027337	15.303
810.64	-0.075994	-0.12002	-0.21491	-0.36754	-0.55036	1.1135	-1.0521	-1.4503	-1.9902	-2.9257	-4.3379	-5.236	-8.2322	-9.8389	-7.6872	-5.0364	-2.0966	0.20106	0.67732	0.91684	0.8074	0.65622	0.47503	0.36338	0.27942	0.22497	0.18185	0.11168	0.031023	0.011146	15.811
806.36	-0.085064	-0.13593	-0.20275	-0.3835	-0.57529	1.1112	-1.0604	-1.4723	-2.0641	-2.9013	-4.4978	-5.5692	-8.6543	-10.294	-8.0963	-5.5283	-2.3652	0.11051	0.62725	0.92171	0.82016	0.66755	0.49809	0.39286	0.28534	0.24104	0.17364	0.11575	0.042639	-0.00077342	16.303
807.64	-0.11281	-0.1671	-0.20622	-0.37543	-0.5409	1.1349	-1.0828	-1.562	-2.0792	-3.136	-4.5537	-5.8063	-9.1788	-10.877	-8.6144	-5.8258	-2.6603	-0.011627	0.57721	0.92518	0.84989	0.68411	0.5234	0.40741	0.32031	0.2453	0.18436	0.13639	0.02161	0.0075064	16.809
812.46	-0.11405	-0.15006	-0.23234	-0.38247	-0.55849	1.0887	-1.1172	-1.6036	-2.1306	-3.0976	-4.7253	-6.0163	-9.4529	-11.436	-9.0099	-6.2235	-2.9217	-0.077226	0.51149	0.93148	0.87662	0.68979	0.54531	0.42763	0.31928	0.26967	0.1951	0.13299	0.043267	-0.0062533	17.334
820.06	-0.17075	-0.19813	-0.22552	-0.40371	-0.56774	1.1167	-1.0391	-1.5318	-2.1505	-3.0591	-4.7333	-6.0574	-9.8211	-11.929	-9.6103	-6.7205	-3.1964	-0.21264	0.43698	0.9063	0.8722	0.72293	0.54117	0.43207	0.32505	0.27448	0.22938	0.11723	0.026914	-0.0052916	17.83
826.91	-0.15338	-0.18861	-0.25515	-0.38034	-0.56712	1.0816	-1.0968	-1.583	-2.1801	-3.1701	-5.0535	-6.0744	-10.063	-12.26	-10.129	-7.2632	-3.496	-0.33496	0.37748	0.92679	0.87232	0.7265	0.56673	0.44425	0.34657	0.27946	0.23642	0.12897	0.032273	-0.011537	18.349
833.54	-0.18848	-0.21231	-0.25496	-0.4035	-0.58187	1.0967	-1.0803	-1.5787	-2.1956	-3.1932	-5.0133	-6.2262	-10.358	-12.625	-10.425	-7.5309	-3.7348	-0.44653	0.31111	0.91366	0.89362	0.75108	0.58751	0.47012	0.36012	0.30061	0.23454	0.14224	0.032941	0.0028187	18.891
838.78	-0.20119	-0.22652	-0.2762	-0.41175	-0.54096	1.0624	-1.0856	-1.5862	-2.1475	-3.2213	-4.9516	-6.5188	-9.9474	-13.096	-10.949	-8.1689	-4.0128	-0.54453	0.25845	0.90891	0.90162	0.76241	0.60896	0.48362	0.37152	0.30946	0.2516	0.14636	0.036405	-0.015802	19.391
839.53	-0.22136	-0.25824	-0.2942	-0.42035	-0.57973	1.0771	-1.0889	-1.5765	-2.1324	-3.3431	-5.0483	-6.6833	-10.529	-13.652	-11.5	-8.4562	-4.3013	-0.69168	0.16648	0.89194	0.91438	0.77491	0.63352	0.50692	0.401	0.32793	0.25754	0.16376	0.019873	-0.029947	19.936
837.93	-0.27831	-0.28639	-0.34505	-0.45259	-0.60706	1.0468	-1.1573	-1.5942	-2.14	-3.3495	-5.1998	-6.9046	-10.194	-14.201	-11.984	-8.9486	-4.6085	-0.81056	0.10552	0.87555	0.93154	0.80848	0.63833	0.51155	0.40348	0.3536	0.27393	0.16324	0.019911	-0.044193	20.498
832.26	-0.31379	-0.34926	-0.3741	-0.45477	-0.65587	0.98493	-1.2015	-1.6594	-2.1545	-3.2562	-5.1944	-6.904	-10.768	-14.67	-12.294	-9.5753	-4.9123	-0.94627	0.023393	0.87288	0.92511	0.80259	0.67252	0.52608	0.41826	0.35871	0.26779	0.17108	0.019123	-0.053421	21.045
825.41	-0.31828	-0.37059	-0.39669	-0.53788	-0.67052	0.99907	-1.3609	-1.8504	-2.2432	-3.0587	-5.1552	-6.8746	-11.033	-14.737	-12.915	-9.9641	-5.2046	-1.0436	-0.020847	0.87916	0.93554	0.84565	0.68266	0.55179	0.43906	0.36169	0.29959	0.1742	0.014619	-0.052063	21.55
816.42	-0.35317	-0.40128	-0.46956	-0.54934	-0.72758	1.0121	-1.5667	-2.324	-2.4954	-2.8655	-4.8376	-6.6779	-10.612	-15.085	-12.977	-10.152	-5.3867	-1.0963	-0.051624	0.90155	0.997	0.86852	0.71692	0.57382	0.45528	0.37944	0.27661	0.16582	-0.0059559	-0.079939	22.116
808.82	-0.45824	-0.50534	-0.45503	-0.57963	-0.73965	1.0185	-1.9105	-2.9104	-2.9259	-3.0617	-4.4316	-6.2398	-9.9575	-13.563	-12.293	-9.6456	-5.1778	-1.0417	0.025884	0.95541	1.027	0.91383	0.74413	0.62846	0.49405	0.38764	0.31031	0.16391	-0.026944	-0.099981	22.604
802.29	-0.44843	-0.47154	-0.53131	-0.48865	-0.5919	1.0176	-2.7612	-3.0324	-2.9663	-4.0003	-4.0655	-5.4886	-6.2359	-8.5278	-8.8364	-7.5955	-4.1257	-0.64399	0.22632	1.0308	1.078	0.94986	0.78678	0.63549	0.50253	0.41134	0.30177	0.17922	-0.031	-0.11006	23.125
796.82	-0.44566	-0.52659	-0.47342	-0.45138	-0.93	0.43847	-3.0363	-3.2792	-3.5892	-3.6335	-3.5073	-3.6221	-3.7804	-4.0415	-5.8125	-4.9936	-2.8964	-0.24562	0.45709	1.08	1.0873	0.99408	0.78368	0.64658	0.50328	0.4057	0.30941	0.16462	-0.061151	-0.13039	23.627
792.64	-0.45486	-0.46357	-0.39666	-0.72441	-1.4541	-0.21888	-3.2306	-3.34	-3.0313	-3.3783	-3.0008	-3.1402	-3.4058	-3.2903	-4.6465	-4.2648	-2.3801	-0.041878	0.53723	1.0927	1.0968	0.95542	0.77546	0.61616	0.4906	0.40689	0.29985	0.16726	-0.060503	-0.14795	24.111
789.64	-0.42906	-0.45525	-0.55534	-1.2724	-2.3638	-0.6459	-3.0392	-2.724	-2.6381	-2.5955	-2.3025	-2.3171	-1.6608	-2.5655	-3.7555	-3.3209	-1.8904	0.11909	0.63495	1.1039	1.0818	0.95004	0.7765	0.62433	0.4825	0.39895	0.30661	0.15103	-0.058783	-0.12311	24.565
785.78	-0.49243	-0.55795	-1.0387	-2.1063	-2.883	-0.83293	-2.7338	-2.4283	-2.4119	-2.1469	-1.9464	-2.096	-2.0281	-2.0393	-2.8398	-2.6365	-1.4356	0.29621	0.76969	1.151	1.12	0.95773	0.77457	0.64299	0.49943	0.41045	0.29964	0.14286	-0.047319	-0.15492	24.954
778.6	-0.65354	-0.86169	-1.6397	-2.6391	-3.0398	-0.83218	-2.5293	-2.1693	-2.0455	-1.8564	-1.5281	-1.4216	-1.557	-1.4755	-1.9868	-2.3021	-1.0071	0.41807	0.81636	1.1462	1.104	0.97063	0.77785	0.62531	0.47189	0.37958	0.26915	0.081178	-0.12188	-0.21838	25.318
768.3	-0.87757	-1.1249	-1.9588	-2.8773	-3.0002	-0.66278	-2.2084	-1.7456	-1.5588	-1.4933	-0.95182	-1.2856	-1.3793	-1.3871	-1.6377	-1.8551	-0.76828	0.50594	0.87313	1.1387	1.0861	0.94247	0.73733	0.56987	0.41584	0.2998	0.16298	-0.021706	-0.30581	-0.41085	25.64
754.24	-1.3181	-1.5665	-2.3163	-2.879	-2.9128	-0.42156	-1.7657	-1.4938	-1.2945	-0.98721	-1.0484	-1.0462	-1.2432	-0.89171	-1.2308	-1.5934	-0.54086	0.61223	0.93609	1.1526	1.0591	0.87617	0.68521	0.48502	0.3079	0.16628	0.027718	-0.22743	-0.60331	-0.79383	25.912
738.77	-2.5953	-2.1699	-2.2632	-2.6978	-2.5552	-0.047065	-1.5615	-1.299	-1.0423	-0.94246	-0.7485	-0.9176	-0.93888	-0.86945	-1.2566	-1.0651	-0.27634	0.74171	1.0232	1.1346	1.0432	0.83351	0.60276	0.39873	0.18364	0.023679	-0.16197	-0.50061	-1.1347	-1.4541	26.2
729.74	-4.8832	-4.0368	-2.0864	-2.1061	-2.141	0.3123	-1.2774	-1.0358	-0.82908	-0.57882	-0.68791	-0.49355	-0.85642	-0.74551	-0.74096	-0.94705	-0.01835	0.86112	1.059	1.1213	0.99368	0.75281	0.53904	0.31023	0.094759	-0.049974	-0.28664	-0.6854	-1.5695	-2.0677	26.522
728.35	-5.287	-5.2508	-2.2062	-1.8787	-1.6833	0.5721	-1.062	-0.9526	-0.77683	-0.79007	-0.47938	-0.57082	-0.69052	-0.53934	-1.15	-1.0803	0.055244	0.87066	1.0671	1.0621	0.91843	0.73688	0.48944	0.28137	0.078246	-0.092258	-0.29735	-0.67998	-1.5566	-2.0401	26.818
735.66	-3.5932	-3.3339	-1.7021	-1.5653	-1.3852	0.6356	-1.0583	-1.0931	-0.90689	-0.81507	-0.72855	-0.8675	-0.70439	-0.77036	-1.1386	-0.78755	-0.049445	0.8185	0.99164	1.0103	0.88453	0.66614	0.45797	0.26608	0.053166	-0.071984	-0.2612	-0.58655	-1.288	-1.6188	27.186
755.64	-2.2137	-2.1243	-1.8274	-1.6226	-1.3195	0.55796	-1.2308	-1.269	-1.1756	-1.2412	-1.1026	-1.1389	-1.3318	-1.1902	-1.3704	-1.1786	-0.23368	0.69474	0.90815	0.96351	0.84004	0.65376	0.47176	0.28845	0.1237	-0.0036291	-0.16129	-0.42731	-0.91993	-1.1493	27.585
784.82	-1.522	-1.595	-1.3465	-1.2889	-1.2392	0.43785	-1.4442	-1.4658	-1.4647	-1.3695	-1.3645	-1.4002	-1.36	-1.3675	-1.7609	-1.4297	-0.44072	0.64067	0.87064	0.98564	0.88524	0.70501	0.5319	0.36557	0.2157	0.11206	-0.017665	-0.25428	-0.60235	-0.80455	27.975
822.31	-0.96817	-1.0467	-1.0056	-1.0507	-1.23	0.34901	-1.588	-1.6804	-1.6246	-1.7283	-1.5192	-1.4909	-1.7896	-1.5718	-1.9414	-1.84	-0.64702	0.53061	0.814	0.98146	0.92707	0.76134	0.57265	0.43462	0.27458	0.1917	0.075807	-0.12339	-0.42235	-0.54018	28.364
864.54	-0.78078	-0.78693	-0.96626	-1.2101	-1.4719	0.091755	-1.88	-1.7162	-1.6796	-1.7184	-1.445	-1.7305	-1.6845	-1.5825	-2.0183	-1.8609	-0.80062	0.44582	0.76321	0.98245	0.9178	0.79092	0.61607	0.48162	0.34225	0.25256	0.13543	-0.03631	-0.30915	-0.42097	28.682
900.29	-0.60833	-0.74683	-1.0062	-1.3585	-1.6725	-0.15624	-1.9183	-1.7442	-1.6581	-1.5697	-1.6045	-1.6	-1.7278	-1.5868	-1.8007	-1.8225	-0.86669	0.40533	0.7272	0.9718	0.92269	0.79728	0.63592	0.49739	0.36202	0.26584	0.15799	0.0071602	-0.23619	-0.31513	28.952
924.47	-0.64869	-0.72338	-1.1572	-1.6006	-1.7293	-0.12906	-1.8345	-1.6612	-1.5651	-1.5635	-1.4064	-1.4207	-1.6248	-1.5126	-1.8428	-1.8957	-0.88296	0.36453	0.69548	0.94983	0.90429	0.77299	0.62254	0.47029	0.34559	0.26051	0.14585	-0.015765	-0.24333	-0.3326	29.109
928.2	-0.7381	-0.86326	-1.3226	-1.775	-1.7397	-0.11086	-1.6974	-1.454	-1.4457	-1.2795	-1.3916	-1.3037	-1.4786	-1.4739	-1.6755	-1.9396	-0.8398	0.39402	0.68874	0.94945	0.90803	0.77756	0.60139	0.4684	0.3365	0.2417	0.11259	-0.039105	-0.27966	-0.3865	29.233
919.68	-1.01	-1.0461	-1.5706	-1.8357	-1.7907	-0.011924	-1.5335	-1.4067	-1.3464	-1.3614	-1.1922	-1.1344	-1.2684	-1.1752	-1.395	-1.6452	-0.70513	0.41731	0.73579	0.94957	0.90736	0.76929	0.58977	0.45941	0.29451	0.19667	0.079043	-0.11185	-0.4019	-0.54438	29.229
889.84	-1.4985	-1.318	-1.5501	-1.937	-1.7691	0.073464	-1.3775	-1.2937	-1.202	-1.0269	-1.0413	-1.11	-1.2423	-1.2146	-1.2565	-1.4134	-0.55659	0.52263	0.80581	0.98501	0.92243	0.75777	0.58925	0.43694	0.24571	0.14347	-0.014748	-0.25813	-0.68347	-0.89246	29.343
846.59	-2.406	-2.2503	-1.7641	-1.7274	-1.7676	0.043282	-1.3533	-1.1381	-1.0721	-1.1364	-0.88385	-0.86642	-0.81929	-0.8748	-0.97967	-1.3348	-0.36241	0.61913	0.86257	1.0042	0.91483	0.76752	0.558	0.38053	0.20165	0.050763	-0.09852	-0.38802	-0.96835	-1.2347	29.336
792	-2.9238	-2.6742	-2.114	-1.8636	-1.6921	0.32091	-1.2143	-1.1034	-1.0759	-0.90961	-0.59095	-0.85593	-0.77947	-0.82055	-1.1305	-1.0842	-0.30517	0.68979	0.92295	1.0372	0.95392	0.76451	0.55655	0.37387	0.14782	0.0097854	-0.17443	-0.50324	-1.1614	-1.5027	29.396
733.72	-3.172	-3.1828	-2.0146	-1.5017	-1.6929	0.3878	-1.2813	-1.1377	-1.0484	-0.88307	-0.86936	-0.93474	-0.95573	-1.0506	-1.2765	-1.0616	-0.24901	0.75353	1.0043	1.0815	0.97484	0.78752	0.55767	0.34614	0.11179	-0.028252	-0.20241	-0.53366	-1.2075	-1.5239	29.484
692.08	-2.4439	-2.3707	-1.9996	-1.6204	-1.5493	0.47043	-1.3146	-1.2361	-1.2259	-1.1457	-0.99529	-1.1861	-0.72668	-0.9281	-1.258	-1.0678	-0.31601	0.76447	1.0043	1.1073	0.99838	0.77892	0.57164	0.35257	0.14229	0.0047002	-0.19107	-0.49388	-1.0578	-1.3021	29.504
674.3	-1.7726	-1.8113	-1.7399	-1.5124	-1.4799	0.48527	-1.4809	-1.4436	-1.4689	-1.2834	-1.1474	-1.2881	-1.2322	-1.4011	-1.2667	-1.5338	-0.40842	0.74324	1.0144	1.1389	1.0506	0.8276	0.60345	0.40277	0.20438	0.043727	-0.10504	-0.3822	-0.86085	-1.0543	29.589
687.24	-1.2342	-1.401	-1.3627	-1.4566	-1.3451	0.53227	-1.5621	-1.5625	-1.5338	-1.4702	-1.4348	-1.6106	-1.5531	-1.4627	-1.6389	-1.5746	-0.54231	0.6767	0.98146	1.1546	1.0408	0.86265	0.64248	0.46988	0.28067	0.13342	-0.015868	-0.24756	-0.62854	-0.75446	29.669
724.26	-1.0038	-1.0623	-1.3026	-1.3436	-1.5202	0.34526	-1.6805	-1.673	-1.6566	-1.573	-1.4786	-1.6599	-1.5895	-1.3566	-1.5665	-1.9899	-0.69124	0.58091	0.91609	1.1254	1.0421	0.85131	0.67719	0.48394	0.33447	0.19696	0.045212	-0.1546	-0.44872	-0.58253	29.725
776.45	-0.90035	-1.0357	-1.0867	-1.2562	-1.5127	0.21739	-1.7003	-1.6661	-1.5986	-1.4673	-1.3574	-1.5688	-1.5809	-1.5575	-1.8223	-1.9076	-0.7464	0.51437	0.84129	1.0435	0.97889	0.83787	0.62586	0.47706	0.30646	0.1789	0.057418	-0.11804	-0.42549	-0.53476	29.723
826.8	-0.94507	-0.97264	-1.0743	-1.4173	-1.5258	0.17934	-1.6072	-1.5415	-1.4359	-1.3877	-1.2028	-1.3867	-1.3371	-1.4627	-1.6814	-1.7335	-0.72133	0.46816	0.78739	0.99061	0.94499	0.78206	0.59958	0.44245	0.28087	0.17707	0.047658	-0.12356	-0.42285	-0.55701	29.692
865.5	-0.99343	-0.99275	-1.167	-1.4644	-1.6167	0.088808	-1.4304	-1.3752	-1.2991	-1.335	-1.2275	-1.2605	-1.1627	-1.1527	-1.3299	-1.573	-0.61384	0.50318	0.77592	0.97306	0.91502	0.76354	0.58495	0.43417	0.27162	0.15097	0.032703	-0.15204	-0.45018	-0.56129	29.716
886.74	-1.0441	-0.92241	-1.3378	-1.5864	-1.5637	0.17277	-1.327	-1.2213	-1.1862	-1.0395	-1.1024	-1.2213	-0.95424	-1.1762	-1.2794	-1.3283	-0.47646	0.53741	0.80283	0.96685	0.89996	0.73099	0.55735	0.40217	0.23446	0.13974	0.0077257	-0.17922	-0.47064	-0.5998	29.606
888.56	-1.1774	-1.1561	-1.3661	-1.5383	-1.4664	0.18997	-1.1408	-1.0973	-1.0597	-0.9649	-1.0619	-0.98641	-1.0295	-0.93559	-1.0262	-1.2178	-0.36943	0.59821	0.80036	0.94691	0.85112	0.69034	0.51555	0.34617	0.1881	0.089694	-0.050572	-0.25929	-0.59525	-0.73487	29.353
873.62	-1.4117	-1.3964	-1.4061	-1.4689	-1.4054	0.33509	-1.1645	-1.0117	-0.99655	-0.9445	-0.87594	-0.83961	-0.8638	-0.83044	-1.0626	-1.0012	-0.23456	0.63193	0.84764	0.91378	0.8309	0.67227	0.48215	0.32228	0.14465	0.021739	-0.097164	-0.3327	-0.71994	-0.91498	29.066
846.7	-1.6629	-1.6007	-1.3476	-1.3432	-1.3882	0.40391	-1.0916	-0.97327	-0.96096	-0.7367	-0.77343	-0.93198	-0.94532	-0.79434	-0.89187	-0.91991	-0.16783	0.70437	0.88585	0.96922	0.84028	0.66283	0.48414	0.30809	0.12729	0.030397	-0.14307	-0.34825	-0.77192	-0.95285	28.802
804.75	-1.2971	-1.3971	-1.2798	-1.3486	-1.2978	0.48311	-1.1082	-1.0535	-1.0313	-1.1555	-0.87703	-0.89171	-0.99459	-0.9203	-1.1536	-0.90833	-0.1185	0.74822	0.94296	0.989	0.87276	0.68952	0.48599	0.29369	0.14903	0.010561	-0.12111	-0.35856	-0.73087	-0.8788	28.573
758.64	-1.3166	-1.1927	-1.2233	-1.4197	-1.2619	0.56873	-1.1527	-1.1468	-1.0998	-1.0452	-1.1206	-1.0402	-1.055	-1.1656	-1.3107	-1.0477	-0.14994	0.78071	0.9819	1.0459	0.91279	0.71996	0.51851	0.32971	0.15149	0.027008	-0.11092	-0.31755	-0.70429	-0.84602	28.34
717.48	-1.1562	-1.135	-1.2615	-1.306	-1.3461	0.60136	-1.259	-1.2233	-1.1814	-1.2286	-0.98371	-1.1663	-1.3388	-1.1165	-1.4088	-1.1857	-0.18417	0.84952	1.0628	1.1237	0.9715	0.77889	0.55769	0.37853	0.19906	0.089143	-0.070878	-0.28888	-0.60526	-0.73404	28.064
691.01	-1.1769	-1.1114	-1.23	-1.2166	-1.3023	0.61846	-1.3303	-1.3511	-1.3241	-1.1009	-1.1197	-1.165	-1.1693	-1.3344	-1.5702	-1.0925	-0.24223	0.88445	1.1109	1.1691	1.0472	0.81675	0.61283	0.40966	0.22842	0.1175	-0.03398	-0.22593	-0.55606	-0.70411	27.766
687.45	-1.1197	-1.1203	-1.1561	-1.2656	-1.3717	0.63837	-1.3623	-1.4829	-1.3407	-1.2355	-1.1996	-1.2288	-1.5526	-1.3743	-1.3024	-1.3071	-0.24125	0.86634	1.1049	1.2053	1.0427	0.84053	0.60834	0.42404	0.23793	0.10503	-0.024471	-0.21588	-0.55446	-0.67316	27.449
705.33	-0.99995	-1.0991	-1.1898	-1.2858	-1.3873	0.53142	-1.336	-1.3095	-1.2962	-1.3298	-1.0849	-1.3215	-1.1348	-1.2751	-1.5735	-1.0817	-0.18517	0.84205	1.0884	1.1409	0.99362	0.7755	0.55664	0.37093	0.18322	0.080055	-0.037487	-0.23724	-0.53495	-0.65189	27.073
736.41	-0.95775	-0.8973	-1.2395	-1.3245	-1.3735	0.54466	-1.2766	-1.222	-1.2033	-1.1861	-1.1199	-0.99605	-1.2837	-1.1597	-1.2942	-1.0793	-0.11181	0.84999	1.0564	1.0786	0.93519	0.75029	0.51474	0.32511	0.16092	0.052251	-0.080107	-0.28241	-0.58552	-0.69702	26.652
771.84	-1.0959	-1.1442	-1.1955	-1.2413	-1.2108	0.59729	-1.1461	-1.0945	-1.0283	-1.0586	-0.93644	-0.90916	-1.0963	-0.92036	-1.2455	-0.87471	0.004487	0.8535	1.0326	1.0208	0.8834	0.69228	0.47063	0.29529	0.13222	0.011011	-0.10806	-0.30939	-0.61148	-0.73048	26.264
805.07	-1.123	-1.0574	-1.1271	-1.1396	-1.0643	0.61546	-1.028	-0.99028	-0.94264	-0.81483	-0.69738	-0.83217	-0.72892	-0.90114	-0.98921	-0.5214	0.095657	0.86517	0.99543	0.95291	0.83279	0.62246	0.43718	0.26597	0.094779	0.004971	-0.12198	-0.31751	-0.62257	-0.75016	25.799
836	-1.061	-1.0971	-1.0084	-1.0551	-0.9885	0.64865	-0.92785	-0.87849	-0.84228	-0.81359	-0.6411	-0.78239	-0.93004	-0.73215	-1.0315	-0.46391	0.16635	0.84004	0.96562	0.91479	0.7611	0.57484	0.38409	0.23414	0.086138	-0.026589	-0.13782	-0.32756	-0.59033	-0.69752	25.339
861.23	-0.94336	-0.92619	-0.91126	-0.92892	-0.90166	0.66683	-0.82866	-0.83586	-0.79613	-0.79911	-0.73078	-0.92547	-0.85852	-0.77214	-0.86725	-0.24648	0.2273	0.83164	0.94159	0.87688	0.71853	0.52035	0.337	0.19526	0.060362	-0.033642	-0.15268	-0.3082	-0.58019	-0.65466	24.894
882.69	-0.80783	-0.76337	-0.82488	-0.84409	-0.87112	0.69618	-0.79053	-0.80773	-0.77846	-0.8253	-0.75149	-0.75	-0.829	-0.77908	-0.92092	-0.42131	0.26257	0.8328	0.91538	0.84743	0.67698	0.5086	0.33904	0.1801	0.052411	-0.040466	-0.13472	-0.27768	-0.51464	-0.58572	24.446
893.46	-0.72248	-0.70714	-0.78492	-0.81369	-0.83035	0.64736	-0.7923	-0.77913	-0.78149	-0.69814	-0.57138	-0.82096	-0.70804	-0.702	-1.0206	-0.36263	0.28855	0.84665	0.9183	0.81041	0.66371	0.48211	0.31979	0.18736	0.072593	-0.0039092	-0.093351	-0.24061	-0.42834	-0.493	24.01
890.16	-0.65712	-0.72767	-0.76374	-0.77528	-0.80116	0.68481	-0.78066	-0.79923	-0.77359	-0.74599	-0.67843	-0.76155	-0.82206	-0.67062	-0.86686	-0.39983	0.30684	0.84795	0.91099	0.84122	0.66618	0.49012	0.32436	0.17859	0.069651	-0.013185	-0.107	-0.24072	-0.42474	-0.48899	23.582
872.55	-0.68729	-0.71579	-0.79232	-0.84096	-0.79215	0.68734	-0.78567	-0.78814	-0.77902	-0.64103	-0.5656	-0.79511	-0.75123	-0.6495	-0.8938	-0.21584	0.33323	0.86694	0.93526	0.83807	0.66831	0.49095	0.32142	0.18395	0.058759	-0.028911	-0.10407	-0.23273	-0.41038	-0.4682	23.147
843.17	-0.72229	-0.78368	-0.86899	-0.8533	-0.81775	0.72784	-0.79423	-0.81924	-0.79739	-1.036	-0.68602	-0.74746	-0.79549	-0.68109	-0.85647	-0.32747	0.38936	0.90007	0.98177	0.85402	0.67538	0.49212	0.30584	0.1531	0.044688	-0.053918	-0.12261	-0.26494	-0.45206	-0.49685	22.725
814.17	-0.77757	-0.81515	-0.83878	-0.86982	-0.84998	0.76888	-0.82251	-0.82207	-0.80761	-0.76613	-0.70002	-0.76432	-0.78635	-0.73321	-0.74517	-0.23131	0.42769	0.95531	1.0104	0.84719	0.68265	0.48245	0.31488	0.15385	0.044524	-0.053077	-0.15514	-0.27609	-0.49651	-0.55379	22.265
790.18	-0.8287	-0.79407	-0.88946	-0.8848	-0.87259	0.79846	-0.82923	-0.84315	-0.81248	-0.66708	-0.80725	-0.78753	-0.63649	-0.91813	-0.89304	-0.15755	0.45328	0.95939	1.004	0.83655	0.65629	0.44106	0.28062	0.10035	-0.033781	-0.1059	-0.20105	-0.33591	-0.52912	-0.60633	21.821
776.02	-0.83581	-0.86922	-0.88791	-0.8893	-0.87435	0.84899	-0.80997	-0.81312	-0.79107	-0.87647	-0.73444	-0.78143	-0.67757	-0.779	-0.88807	-0.067841	0.49018	0.95573	1.0006	0.81787	0.61737	0.40121	0.2256	0.070587	-0.060204	-0.13391	-0.23046	-0.37274	-0.56852	-0.63654	21.334
767.23	-0.82009	-0.8537	-0.85815	-0.85731	-0.81829	0.85872	-0.77601	-0.79947	-0.77989	-0.68703	-0.76498	-0.68684	-0.6754	-0.68939	-0.62951	0.11858	0.55471	0.97418	0.97665	0.80645	0.58387	0.38211	0.20758	0.040443	-0.071149	-0.16085	-0.26203	-0.37244	-0.55197	-0.63028	20.823
762.08	-0.76654	-0.80625	-0.83078	-0.79594	-0.7828	0.89576	-0.7557	-0.75964	-0.74925	-0.68111	-0.79245	-0.77488	-0.8301	-0.7238	-0.67705	0.1508	0.63185	0.99369	1.0025	0.80562	0.58483	0.39195	0.2001	0.049763	-0.079137	-0.17078	-0.24341	-0.36301	-0.53551	-0.6014	20.322
766.8	-0.7122	-0.74178	-0.76671	-0.75766	-0.72729	0.92771	-0.71437	-0.73298	-0.70604	-0.66642	-0.57717	-0.60437	-0.66584	-0.72922	-0.75892	0.097848	0.65693	0.99935	1.0011	0.77568	0.57429	0.36273	0.17432	0.030475	-0.076786	-0.16191	-0.22551	-0.36991	-0.5021	-0.56281	19.798
781.17	-0.69314	-0.72256	-0.74476	-0.71577	-0.70309	0.9285	-0.68276	-0.68713	-0.67695	-0.67477	-0.66437	-0.60341	-0.72193	-0.76418	-0.50214	0.20842	0.68996	0.98516	0.9733	0.7471	0.51804	0.33784	0.17208	0.020107	-0.080867	-0.15318	-0.24125	-0.35324	-0.48301	-0.53248	19.328
805.18	-0.658	-0.66774	-0.64834	-0.67667	-0.64645	0.93548	-0.65613	-0.62573	-0.61542	-0.54461	-0.54962	-0.66434	-0.68147	-0.59116	-0.70225	0.36077	0.69603	0.94458	0.94519	0.69609	0.49788	0.30911	0.13329	0.020458	-0.095333	-0.16164	-0.22395	-0.334	-0.45332	-0.50461	18.872
834.4	-0.59867	-0.61137	-0.60819	-0.59163	-0.61166	0.88501	-0.5787	-0.61943	-0.5655	-0.53519	-0.53041	-0.57444	-0.61189	-0.70638	-0.31194	0.16643	0.70011	0.93412	0.89187	0.65545	0.4586	0.2727	0.11419	-0.0013749	-0.10057	-0.16496	-0.23207	-0.30047	-0.4273	-0.4718	18.374
854.18	-0.55572	-0.58026	-0.5654	-0.57793	-0.54506	0.94428	-0.53744	-0.54499	-0.52555	-0.4002	-0.35907	-0.44024	-0.45485	-0.61922	-0.42058	0.3868	0.7153	0.90481	0.8738	0.6356	0.43821	0.24694	0.11507	-0.004034	-0.091538	-0.15061	-0.20851	-0.28367	-0.40209	-0.44435	17.914
858.88	-0.54364	-0.55516	-0.55161	-0.52306	-0.49682	0.94389	-0.49335	-0.46619	-0.51578	-0.46366	-0.5153	-0.53958	-0.51452	-0.71265	-0.37989	0.43113	0.75152	0.91132	0.86987	0.60146	0.42078	0.24099	0.088151	-0.011149	-0.1052	-0.15241	-0.21598	-0.30088	-0.39003	-0.42202	17.426
852.15	-0.49782	-0.53065	-0.50742	-0.48126	-0.471	0.97928	-0.45746	-0.5346	-0.51291	-0.50513	-0.57914	-0.58112	-0.56335	-0.62069	-0.2861	0.43454	0.78263	0.9166	0.87071	0.59966	0.41697	0.2299	0.093265	-0.0022465	-0.092597	-0.14394	-0.1899	-0.26872	-0.37505	-0.41751	17
832.9	-0.5233	-0.5203	-0.49523	-0.46978	-0.45145	1.0108	-0.53731	-0.48625	-0.48035	-0.43944	-0.4294	-0.49918	-0.53057	-0.88918	-0.28282	0.56914	0.80163	0.92693	0.86441	0.58381	0.39652	0.22002	0.081862	-0.015174	-0.11019	-0.16706	-0.21827	-0.28166	-0.37541	-0.40396	16.501
813.53	-0.45368	-0.49084	-0.46841	-0.46894	-0.49648	1.0348	-0.49425	-0.50348	-0.48088	-0.4103	-0.61706	-0.36459	-0.74945	-0.83601	-0.29968	0.5042	0.84332	0.9379	0.87057	0.59183	0.38262	0.21068	0.063455	-0.055091	-0.11809	-0.17288	-0.21347	-0.28148	-0.37678	-0.39714	16.095
799.72	-0.4353	-0.43412	-0.44393	-0.50434	-0.48603	1.0507	-0.43335	-0.51026	-0.47438	-0.54833	-0.44723	-0.70861	-0.60982	-0.78427	-0.32547	0.45304	0.86843	0.95308	0.88928	0.59307	0.38734	0.1985	0.058905	-0.041671	-0.12371	-0.16931	-0.2079	-0.26006	-0.34672	-0.3529	15.646
786.96	-0.43545	-0.45219	-0.48714	-0.46469	-0.45526	1.1261	-0.45045	-0.42215	-0.50087	-0.43438	-0.59474	-0.80084	-0.67785	-0.9507	-0.25739	0.7342	0.88932	0.9727	0.8692	0.55705	0.37239	0.17861	0.052206	-0.057923	-0.13299	-0.17586	-0.20751	-0.27228	-0.33571	-0.369	15.168
782.24	-0.45098	-0.4577	-0.43132	-0.44247	-0.43424	1.1539	-0.4421	-0.41686	-0.45093	-0.51939	-0.46805	-0.76505	-0.78919	-0.95643	-0.31167	0.6468	0.90937	0.95653	0.87726	0.55225	0.33483	0.18171	0.034239	-0.057294	-0.12373	-0.17979	-0.22768	-0.28647	-0.35151	-0.35318	14.736
778.49	-0.42623	-0.45525	-0.44324	-0.41559	-0.40377	1.0972	-0.38587	-0.43462	-0.40654	-0.34598	-0.69938	-0.8912	-0.99874	-1.2136	-0.2496	0.57817	0.8862	0.94322	0.84286	0.52313	0.30913	0.14297	0.017966	-0.076267	-0.13351	-0.18836	-0.22307	-0.26985	-0.32553	-0.35966	14.305
779.89	-0.39858	-0.42658	-0.40708	-0.38783	-0.34237	1.2132	-0.37315	-0.2914	-0.36692	-0.45899	-0.49125	-1.0729	-1.1534	-1.2211	-0.32318	0.65899	0.89739	0.94048	0.83947	0.52322	0.28716	0.12446	0.0082819	-0.093813	-0.14795	-0.18706	-0.22552	-0.25499	-0.32889	-0.33996	13.837
782.89	-0.40796	-0.39256	-0.36735	-0.34307	-0.313	1.219	-0.25749	-0.36465	-0.34661	-0.35434	-1.01	-1.2312	-1.4608	-1.5254	-0.50104	0.52394	0.88318	0.94211	0.84374	0.49777	0.30255	0.12298	0.0034417	-0.075839	-0.14464	-0.19018	-0.21332	-0.26833	-0.29913	-0.32442	13.456
793.93	-0.33481	-0.35062	-0.31786	-0.25392	-0.20647	1.2434	-0.24028	-0.29783	-0.29427	-0.64363	-0.93179	-1.3541	-1.6518	-1.6185	-0.62912	0.51665	0.85353	0.89799	0.80522	0.49085	0.27921	0.092384	-0.030737	-0.087327	-0.13632	-0.17337	-0.19731	-0.23018	-0.28818	-0.29932	13.038
808.61	-0.31433	-0.32007	-0.2505	-0.17856	-0.14421	1.2249	-0.2386	-0.26494	-0.34565	-0.65187	-0.99888	-1.5948	-1.7162	-1.6078	-0.6585	0.64544	0.84846	0.89591	0.81509	0.477	0.27039	0.11124	-0.003184	-0.079112	-0.12854	-0.16281	-0.15987	-0.2364	-0.26106	-0.27643	12.705
824.98	-0.22056	-0.23997	-0.14988	-0.14582	-0.15876	1.2065	-0.18753	-0.22904	-0.4473	-0.87324	-1.1952	-1.3706	-1.7745	-1.7225	-0.62542	0.35211	0.80654	0.88906	0.79002	0.47334	0.28159	0.10999	-0.0049446	-0.075683	-0.11905	-0.13142	-0.16029	-0.19603	-0.2223	-0.23942	12.342
844.66	-0.13636	-0.12034	-0.10648	-0.14421	-0.17206	1.226	-0.23695	-0.25091	-0.52709	-0.9292	-1.1774	-1.5267	-1.7693	-1.7987	-0.80614	0.31556	0.77686	0.87224	0.77769	0.47648	0.28491	0.11773	0.012992	-0.055781	-0.089184	-0.10174	-0.13641	-0.15911	-0.15881	-0.1494	12.09
859.84	-0.086095	-0.11653	-0.11351	-0.096139	-0.097287	1.1395	-0.19754	-0.34271	-0.59437	-1.0533	-1.443	-1.6753	-2.0663	-1.8725	-0.78231	0.30999	0.75959	0.85971	0.79809	0.50612	0.29755	0.1414	0.030274	-0.03163	-0.064317	-0.082507	-0.088397	-0.10089	-0.089784	-0.08368	11.769
869.66	-0.051194	-0.060244	-0.052327	-0.086399	-0.10493	1.2323	-0.24092	-0.44279	-0.67187	-1.1804	-1.3193	-1.7477	-2.1307	-1.973	-0.87781	0.25144	0.72194	0.85283	0.80004	0.49123	0.32038	0.16253	0.05157	-0.0092482	-0.038918	-0.066924	-0.061879	-0.086051	-0.055145	-0.043435	11.472
874.26	-0.030498	-0.045846	-0.050299	-0.074752	-0.093751	1.1676	-0.25698	-0.5018	-0.73857	-1.1742	-1.6912	-1.793	-2.1282	-2.274	-1.0619	0.23184	0.69536	0.87651	0.80842	0.51603	0.32565	0.16982	0.056464	-0.0039414	-0.039531	-0.034856	-0.057322	-0.055141	-0.024046	-0.01686	11.235
869.24	0.038106	-0.053608	-0.032961	-0.080378	-0.14776	1.181	-0.3489	-0.54877	-0.75901	-1.4682	-1.5446	-1.9131	-2.3423	-2.3132	-1.106	0.22402	0.70907	0.88063	0.83165	0.54013	0.3485	0.19263	0.075842	0.03217	0.0071438	-0.012639	-0.021055	-0.025635	-0.0047092	0.023216	10.955
858.77	0.028625	-0.0045026	-0.035148	-0.097136	-0.12004	1.1275	-0.41866	-0.62415	-0.85355	-1.4111	-1.692	-2.0566	-2.4241	-2.5703	-1.2539	0.1617	0.65973	0.9057	0.84093	0.56716	0.35186	0.22076	0.094297	0.034347	-0.001098	-0.013667	-0.017006	0.0034273	0.023909	0.026095	10.713
844.13	0.030962	-0.012302	-0.041204	-0.081877	-0.16817	1.1169	-0.45497	-0.69488	-0.90341	-1.4069	-1.8722	-2.1676	-2.6288	-2.7761	-1.1193	0.032137	0.67752	0.90974	0.85378	0.58077	0.36606	0.21428	0.09415	0.029497	0.012439	-0.0050251	-0.015546	-0.012284	-0.0012013	0.023027	10.492
830.44	0.038954	0.012785	-0.010516	-0.099542	-0.22385	1.1136	-0.49982	-0.71924	-0.94235	-1.5077	-1.8111	-2.3946	-2.6721	-2.7581	-1.3463	0.26332	0.69054	0.93166	0.89171	0.5817	0.38032	0.21401	0.10658	0.04659	0.015228	0.0012094	0.0029038	0.013672	0.034916	0.048458	10.265
817.06	0.033889	0.01211	-0.036005	-0.12513	-0.24509	1.0876	-0.52919	-0.74508	-1.0085	-1.7197	-1.8927	-2.2199	-2.7999	-2.8866	-1.5198	0.082048	0.67184	0.966	0.89553	0.5922	0.37818	0.21751	0.11109	0.035163	0.011976	0.013154	0.0056679	0.01561	0.017594	0.019244	10.098
808.18	0.037144	0.019411	-0.040193	-0.15817	-0.29693	1.1087	-0.58677	-0.80447	-1.0406	-1.629	-2.0291	-2.4409	-2.9156	-2.8248	-1.5467	0.023717	0.62709	0.95224	0.91718	0.60957	0.38986	0.22969	0.12069	0.055455	0.023614	0.004025	0.0057303	0.0062431	0.043497	0.03968	9.9316
804.64	0.045993	0.029399	-0.082263	-0.2019	-0.31924	1.0799	-0.60279	-0.83656	-1.0939	-1.4359	-2.1224	-2.422	-2.8526	-3.1472	-1.5125	-0.055535	0.6346	0.94622	0.89933	0.62911	0.41139	0.2474	0.13525	0.056652	0.022827	0.011495	-0.00067874	0.017592	0.031255	0.046318	9.8108
802.93	0.042221	0.01142	-0.071943	-0.22389	-0.32939	1.0608	-0.63911	-0.85839	-1.1211	-1.6296	-2.0212	-2.6943	-3.1152	-3.2858	-1.7109	-0.055653	0.5997	0.93802	0.91038	0.62051	0.41416	0.24399	0.11585	0.078719	0.042475	0.031121	0.02696	0.0089023	0.044741	0.047344	9.7051
809.78	0.043783	-0.001196	-0.1035	-0.23779	-0.3506	1.0579	-0.65952	-0.88991	-1.1345	-1.5859	-2.1089	-2.5342	-3.1076	-3.2673	-1.6964	-0.20302	0.55773	0.94731	0.90811	0.63103	0.40409	0.2224	0.11952	0.06386	0.043881	0.019751	0.016683	0.024404	0.04721	0.053364	9.6598
818.46	0.061345	0.015629	-0.11083	-0.22976	-0.3696	1.0467	-0.66664	-0.88797	-1.1415	-1.6085	-2.097	-2.5947	-3.1865	-3.3805	-1.7792	-0.22036	0.54058	0.93828	0.88953	0.62922	0.41929	0.26641	0.13113	0.070672	0.034678	0.0094691	0.02193	0.017295	0.03731	0.052798	9.5948
830.12	0.053934	-0.0098917	-0.10465	-0.26189	-0.37458	0.99736	-0.67291	-0.9161	-1.17	-1.7412	-2.047	-2.7113	-2.9856	-3.4241	-1.8337	-0.23648	0.48131	0.8984	0.88586	0.60211	0.42072	0.24457	0.12657	0.068756	0.027298	0.026491	0.028751	0.020428	0.046053	0.050266	9.5797
841.78	0.05503	-0.021802	-0.13051	-0.24396	-0.36538	0.96794	-0.69015	-0.92434	-1.1634	-1.6883	-2.1599	-2.6738	-3.3067	-3.3677	-1.9063	-0.28061	0.45553	0.87133	0.85878	0.60799	0.40407	0.24588	0.13197	0.074175	0.043064	0.021673	0.01517	0.0084914	0.040845	0.046923	9.5979
851.29	0.047121	-0.0019896	-0.11555	-0.26864	-0.38611	0.93495	-0.68752	-0.90142	-1.1444	-1.6979	-1.9961	-2.7372	-3.2697	-3.4543	-2.0206	-0.32434	0.42254	0.87027	0.8759	0.59839	0.42096	0.25428	0.15348	0.093146	0.043422	0.042558	0.028036	0.023211	0.042199	0.048143	9.5737
856.21	0.035969	0.0073264	-0.11936	-0.2504	-0.37403	0.94205	-0.68021	-0.89356	-1.1594	-1.6317	-2.183	-2.6844	-3.3756	-3.6376	-1.9705	-0.36909	0.41117	0.8624	0.85374	0.61639	0.41854	0.2639	0.14821	0.080082	0.054868	0.039688	0.01405	0.028808	0.059931	0.044394	9.5979
856.53	0.038672	-0.0036693	-0.10501	-0.26349	-0.38277	0.94265	-0.66816	-0.88786	-1.1469	-1.7345	-1.974	-2.8225	-3.2853	-3.548	-2.0371	-0.40622	0.40654	0.86303	0.88425	0.62454	0.42548	0.26934	0.15958	0.098837	0.064867	0.044047	0.052051	0.041889	0.049126	0.055655	9.5797
852.89	0.057045	0.014148	-0.12252	-0.25225	-0.35468	0.9611	-0.6431	-0.90062	-1.1648	-1.6475	-2.2015	-2.76	-3.353	-3.5542	-2.0265	-0.4173	0.38312	0.88499	0.86307	0.6375	0.44243	0.28069	0.17438	0.11632	0.065983	0.050386	0.045332	0.044529	0.063772	0.063735	9.5979
843.6	0.054912	-0.0054417	-0.11842	-0.24076	-0.37561	0.98434	-0.67584	-0.93143	-1.1934	-1.8852	-2.0848	-2.8469	-3.4532	-3.7189	-2.2932	-0.5638	0.38825	0.86264	0.90302	0.64736	0.45001	0.30159	0.16648	0.11397	0.087907	0.065156	0.057233	0.050834	0.074508	0.083813	9.5737
830.44	0.057654	0.012785	-0.11015	-0.26632	-0.41616	0.99104	-0.71868	-0.94711	-1.2524	-1.7114	-2.4348	-2.9781	-3.4069	-3.9052	-2.2799	-0.42859	0.34551	0.90101	0.90319	0.66626	0.47633	0.29399	0.18634	0.11855	0.072073	0.064385	0.061702	0.043201	0.060864	0.068142	9.616
814.6	0.060681	-0.00030199	-0.12452	-0.28998	-0.39002	0.98512	-0.73531	-1.005	-1.2549	-1.9226	-2.2945	-3.0165	-3.6417	-4.074	-2.4153	-0.60346	0.34658	0.92055	0.94776	0.69391	0.49212	0.32106	0.19366	0.12744	0.099816	0.066558	0.067442	0.055224	0.06677	0.079498	9.5828
799.18	0.054078	0.00059967	-0.14034	-0.28333	-0.42504	0.98564	-0.76213	-1.01	-1.3365	-1.8993	-2.6257	-3.2636	-3.9028	-4.2094	-2.7303	-0.64507	0.29384	0.93729	0.9633	0.72428	0.51682	0.33319	0.20588	0.15386	0.10532	0.086596	0.089109	0.05103	0.09117	0.076385	9.7232
784.39	0.04025	-0.020627	-0.14982	-0.29539	-0.44705	1.0147	-0.8142	-1.0398	-1.3665	-2.1815	-2.5345	-3.3859	-4.0931	-4.4815	-2.8133	-0.7895	0.25054	0.94554	0.97772	0.75421	0.55367	0.38988	0.23375	0.16946	0.12919	0.092051	0.077586	0.074327	0.070324	0.068353	9.9134
776.56	0.056654	-0.018036	-0.12963	-0.31485	-0.44612	1.0091	-0.83263	-1.0523	-1.406	-2.1932	-2.7787	-3.4405	-4.2129	-4.7993	-2.8841	-0.80773	0.19289	0.93605	1.0017	0.76079	0.56805	0.38057	0.24871	0.17807	0.12773	0.11131	0.082177	0.056126	0.076978	0.08148	10.176
774.74	0.045763	-0.0012537	-0.14675	-0.31948	-0.46571	0.99343	-0.82155	-1.1161	-1.4427	-2.0216	-2.7743	-3.4896	-4.4591	-5.0155	-3.0187	-1.1289	0.081601	0.92024	0.98896	0.80893	0.58998	0.41413	0.2765	0.18937	0.1465	0.11641	0.094785	0.09334	0.072191	0.077836	10.416
781.17	0.027495	-0.02164	-0.14946	-0.2889	-0.46945	0.9863	-0.86003	-1.0981	-1.4621	-2.0977	-2.7732	-3.5218	-4.5689	-5.1387	-3.4584	-1.2627	0.018165	0.899	0.99114	0.81044	0.62108	0.42793	0.29446	0.22213	0.17276	0.12601	0.1101	0.084498	0.090316	0.081952	10.685
795.75	0.04553	-0.0021285	-0.14865	-0.30442	-0.46509	0.9837	-0.84608	-1.1665	-1.4594	-2.2415	-2.9038	-3.5072	-4.6769	-5.4531	-3.4779	-1.3298	-0.078443	0.87531	0.95455	0.81565	0.61925	0.43698	0.29379	0.21229	0.15251	0.13877	0.11181	0.09792	0.070285	0.08045	11.009
813.96	0.054049	-0.020768	-0.10391	-0.31518	-0.45677	0.92035	-0.84222	-1.0981	-1.4541	-2.221	-2.9014	-3.5459	-4.8252	-5.4704	-3.694	-1.6138	-0.17552	0.81942	0.9422	0.81309	0.62965	0.44857	0.30941	0.2273	0.16668	0.14119	0.13476	0.10348	0.08384	0.084126	11.333
837.07	0.034933	-0.0054841	-0.14406	-0.30108	-0.45223	0.87728	-0.79484	-1.087	-1.4775	-2.0442	-3.0952	-3.5998	-4.7193	-5.6174	-3.8383	-1.6264	-0.28324	0.78111	0.91443	0.82115	0.63585	0.44374	0.31795	0.24391	0.17746	0.13729	0.12485	0.10481	0.072333	0.076479	11.67
855.57	0.051422	-0.0045195	-0.1096	-0.27258	-0.43554	0.85161	-0.80969	-1.11	-1.4456	-2.2637	-2.9588	-3.5406	-4.9472	-5.6904	-3.8807	-1.9084	-0.38816	0.73832	0.8801	0.79594	0.63808	0.46188	0.31724	0.24311	0.1778	0.14921	0.14117	0.094351	0.072568	0.076562	11.982
874.04	0.0085817	-0.015195	-0.13621	-0.3004	-0.44954	0.83079	-0.79753	-1.0918	-1.4633	-2.1882	-2.8088	-3.7475	-5.0259	-6.0286	-4.2138	-2.142	-0.48338	0.70675	0.85142	0.80194	0.64023	0.47021	0.34068	0.2555	0.18795	0.15807	0.12295	0.10358	0.065751	0.063041	12.337
883.01	0.010254	-0.036367	-0.14784	-0.28883	-0.45071	0.81399	-0.85314	-1.1319	-1.4794	-2.2389	-3.2707	-3.6195	-5.1908	-6.1386	-4.3858	-2.3552	-0.60861	0.64937	0.82782	0.81549	0.65007	0.47618	0.34915	0.2451	0.19982	0.17344	0.14349	0.099353	0.072927	0.053989	12.733
882.37	0.017301	-0.033931	-0.14187	-0.29672	-0.45104	0.80434	-0.85703	-1.1449	-1.5233	-2.2223	-3.2731	-3.7121	-5.5749	-6.5372	-4.7442	-2.5288	-0.74798	0.60147	0.80598	0.81699	0.66173	0.49265	0.35708	0.26265	0.21212	0.16846	0.1394	0.10419	0.057282	0.045608	13.09
875.32	-0.011834	-0.044133	-0.16577	-0.312	-0.47687	0.7855	-0.85733	-1.1751	-1.5643	-2.2954	-3.348	-3.9961	-5.8114	-6.918	-4.9709	-2.8135	-0.92467	0.58943	0.80241	0.83176	0.70002	0.50565	0.38661	0.27964	0.21955	0.19465	0.16419	0.11784	0.069173	0.042578	13.525
859.73	-0.0048221	-0.067681	-0.13848	-0.31854	-0.50125	0.84461	-0.93244	-1.2392	-1.6529	-2.5057	-3.3099	-4.2533	-6.2273	-7.4656	-5.4735	-3.1151	-1.0831	0.52565	0.7999	0.85056	0.70565	0.54701	0.39188	0.31679	0.23018	0.18074	0.15598	0.11997	0.051629	0.046808	13.936
845.41	-0.021435	-0.071396	-0.16257	-0.30524	-0.48875	0.82008	-0.90132	-1.3019	-1.7579	-2.5386	-3.8079	-4.4945	-6.7117	-8.1465	-6.1028	-3.6493	-1.367	0.44426	0.77006	0.89517	0.74455	0.57124	0.42255	0.30765	0.2417	0.19622	0.16299	0.10957	0.048862	0.033539	14.434
