12102	1	3	91	28.1	757	1	10	6	1.747	128	4096	10	0	0	0	0	223.61	991.65	1.4538e+006	0.11849	0.073227	41.223	0	0	1	0	0	0	11	0	0
983.27	0.044822	-0.04057	-0.16561	-0.2541	-0.38564	-0.48627	-0.64075	-0.78527	-0.96652	-1.361	-1.4387	-1.9243	-3.088	-1.8323	-0.68411	0.53079	0.80157	0.81503	0.70641	0.37006	0.19806	0.051483	-0.010488	-0.042649	-0.037942	-0.04096	-0.035633	-0.018955	0.027407	0.041515	6.3861
981.25	0.014054	-0.037702	-0.15893	-0.27993	-0.41055	-0.48727	-0.64353	-0.82358	-1.0047	-1.5198	-1.6321	-1.8959	-3.211	-2.0672	-0.87043	0.30418	0.79385	0.82507	0.72879	0.40091	0.21394	0.085433	-0.0097425	-0.026343	-0.045308	-0.03799	-0.031183	0.0010002	0.038444	0.038573	6.6813
978.92	0.0244	-0.04297	-0.17026	-0.28906	-0.39771	-0.50017	-0.66717	-0.84824	-1.026	-1.4247	-1.688	-2.1358	-3.1018	-2.1184	-0.84724	0.27229	0.75192	0.84633	0.75226	0.43203	0.23462	0.097752	0.012534	-0.023274	-0.022035	-0.035018	-0.029744	0.0045823	0.019668	0.032592	6.9704
979.45	0.025973	-0.038509	-0.17017	-0.30581	-0.41217	-0.50577	-0.66755	-0.8642	-1.0556	-1.5884	-1.9558	-2.1184	-3.2481	-2.426	-1.0826	0.10102	0.72491	0.8509	0.77357	0.46358	0.26551	0.12354	0.027898	0.00098481	-0.0030375	-0.014339	-0.013868	-0.0040045	0.044015	0.046987	7.2957
979.02	0.021225	-0.045185	-0.17807	-0.31824	-0.43047	-0.51772	-0.69362	-0.8951	-1.0909	-1.4986	-1.948	-2.2897	-3.1248	-2.6588	-1.0746	0.2152	0.69001	0.863	0.78365	0.476	0.29355	0.1462	0.053282	0.003336	0.010841	-0.015877	-0.0070721	0.0045819	0.028313	0.034107	7.6074
979.98	0.0093182	-0.028143	-0.16226	-0.31179	-0.44384	-0.52811	-0.71134	-0.90908	-1.1336	-1.6697	-2.1454	-2.5144	-3.184	-2.8259	-1.3176	0.03584	0.65025	0.86467	0.80384	0.51219	0.30333	0.14929	0.062448	0.020531	0.012293	-0.0097423	-0.010839	0.0067226	0.026716	0.041654	7.928
981.68	0.012467	-0.039897	-0.19086	-0.28671	-0.42156	-0.54893	-0.72701	-0.92467	-1.1716	-1.7406	-2.2541	-2.5182	-3.163	-2.9905	-1.559	-0.069906	0.60699	0.86318	0.81366	0.5243	0.32988	0.174	0.083042	0.034543	0.017371	-0.0043828	0.011034	0.010993	0.021183	0.035528	8.2621
981.36	0.0029758	-0.043601	-0.16906	-0.31902	-0.44666	-0.56835	-0.73092	-0.932	-1.2006	-1.7248	-2.0559	-2.5999	-3.1718	-3.2225	-1.5511	-0.15939	0.53302	0.87182	0.82887	0.557	0.3563	0.21434	0.10224	0.036894	0.028309	0.023874	0.017068	0.016709	0.017266	0.046137	8.6083
982	0.019578	-0.034722	-0.17675	-0.29735	-0.45584	-0.5404	-0.75174	-0.95246	-1.2058	-1.8221	-2.2621	-2.7519	-3.1231	-3.2666	-1.9616	-0.32993	0.4648	0.86206	0.85896	0.58509	0.38468	0.22387	0.10448	0.061835	0.043585	0.023095	0.01781	0.019551	0.031362	0.042326	8.9287
981.47	0.018006	-0.035479	-0.1948	-0.31592	-0.46211	-0.58669	-0.75656	-0.98264	-1.2623	-1.9462	-2.3931	-2.9315	-3.1248	-3.6305	-2.1224	-0.48459	0.40963	0.85751	0.84821	0.60166	0.39881	0.2409	0.13445	0.079042	0.045068	0.023872	0.024604	0.025274	0.028243	0.04992	9.2641
980.83	-0.00019041	-0.058393	-0.18399	-0.32533	-0.45466	-0.56866	-0.76955	-1.0051	-1.2804	-1.8654	-2.36	-3.1116	-3.1813	-3.8795	-2.3003	-0.55001	0.32789	0.8497	0.86222	0.62239	0.43004	0.26928	0.14911	0.083	0.062597	0.037639	0.026883	0.021718	0.026693	0.043892	9.5782
977.86	0.0029865	-0.03635	-0.17593	-0.32093	-0.45345	-0.59137	-0.78886	-1.0325	-1.3343	-1.9946	-2.7058	-3.2916	-3.1208	-4.1077	-2.5182	-0.86996	0.2521	0.84305	0.87535	0.65448	0.44532	0.2895	0.15958	0.11145	0.072297	0.048485	0.037556	0.049014	0.035429	0.029587	9.9029
976.48	0.014918	-0.050495	-0.18011	-0.32293	-0.46101	-0.5838	-0.79219	-1.0614	-1.3627	-2.1211	-2.4923	-3.3044	-3.2423	-4.4233	-2.9271	-0.89571	0.15439	0.82743	0.86532	0.66031	0.47706	0.30692	0.18293	0.11004	0.076062	0.059299	0.058064	0.044062	0.029175	0.022782	10.271
973.39	0.011774	-0.031308	-0.17831	-0.32009	-0.47289	-0.6042	-0.82359	-1.0687	-1.405	-1.9872	-2.6659	-3.3801	-3.1507	-4.7945	-2.9025	-1.0707	0.076959	0.81909	0.87635	0.6911	0.49651	0.33632	0.19588	0.12771	0.092468	0.075655	0.036209	0.040601	0.038755	0.028197	10.573
970.84	0.0014078	-0.049296	-0.16221	-0.34729	-0.49328	-0.62946	-0.84061	-1.0928	-1.4186	-2.1749	-2.8391	-3.389	-3.2533	-4.994	-3.3009	-1.353	-0.033315	0.80686	0.88167	0.71757	0.52676	0.35186	0.2181	0.14698	0.099341	0.073538	0.055355	0.039985	0.052332	0.034394	10.919
970.31	0.0038095	-0.029916	-0.17809	-0.3692	-0.48658	-0.61627	-0.83364	-1.1274	-1.4636	-2.2757	-2.8844	-3.5628	-3.2944	-5.2149	-3.5917	-1.3867	-0.12966	0.77854	0.87081	0.72537	0.54739	0.36754	0.23684	0.16759	0.1193	0.095978	0.072158	0.05445	0.032534	0.030584	11.232
969.04	-0.0033961	-0.057608	-0.18307	-0.32385	-0.48025	-0.62471	-0.88535	-1.1802	-1.4922	-2.1623	-2.9846	-3.6822	-3.2279	-5.5183	-3.6901	-1.5614	-0.25949	0.75331	0.87196	0.74526	0.56692	0.39005	0.26201	0.19153	0.12167	0.090689	0.073779	0.0444	0.037342	0.019891	11.566
967.44	-0.01785	-0.050966	-0.16991	-0.34617	-0.50462	-0.6444	-0.87413	-1.1735	-1.5551	-2.1576	-3.1826	-3.6555	-3.2726	-5.8009	-3.9349	-1.9764	-0.35098	0.73588	0.86733	0.76464	0.58826	0.41276	0.27333	0.18551	0.13444	0.10246	0.092255	0.072719	0.046151	0.032979	11.862
967.13	-0.0074179	-0.047989	-0.16204	-0.35251	-0.49343	-0.63358	-0.88934	-1.2135	-1.5701	-2.3165	-3.2802	-3.862	-3.2264	-6.178	-4.354	-2.1174	-0.48735	0.68096	0.85396	0.78222	0.59631	0.43171	0.27498	0.19666	0.14853	0.10404	0.092286	0.066948	0.029457	0.023771	12.194
965.85	-0.0074277	-0.046551	-0.1805	-0.36155	-0.49933	-0.65311	-0.92038	-1.2365	-1.6166	-2.3113	-3.2933	-3.8918	-3.2464	-6.5306	-4.5989	-2.4011	-0.62918	0.63936	0.84218	0.79565	0.63169	0.43555	0.29716	0.2112	0.15688	0.12203	0.090874	0.06631	0.017547	0.031495	12.516
964.04	-0.0098581	-0.057907	-0.22613	-0.35286	-0.53182	-0.66966	-0.93034	-1.211	-1.6235	-2.608	-3.414	-4.1215	-3.1259	-6.8016	-4.8984	-2.6705	-0.74956	0.63035	0.84072	0.80707	0.63366	0.46671	0.3149	0.23543	0.1594	0.12848	0.096417	0.064981	0.023964	0.014599	12.803
964.36	-0.011466	-0.061645	-0.18078	-0.35118	-0.52551	-0.66689	-0.9046	-1.2209	-1.6652	-2.5487	-3.5274	-4.2355	-3.2514	-7.1757	-5.2389	-2.8682	-0.90264	0.58588	0.81914	0.82584	0.66495	0.48378	0.32884	0.23853	0.16899	0.12921	0.094852	0.06714	0.038319	0.025379	13.071
963.3	-0.012284	-0.075245	-0.1603	-0.33516	-0.50241	-0.67018	-0.96175	-1.2915	-1.687	-2.4344	-3.6018	-4.3886	-3.1838	-7.4269	-5.3388	-3.0868	-1.0142	0.54903	0.79568	0.83089	0.66332	0.48513	0.33859	0.24277	0.18254	0.13169	0.097259	0.066486	0.0080047	0.021552	13.342
962.55	-0.0373	-0.076807	-0.17157	-0.34402	-0.50718	-0.68178	-0.96699	-1.2686	-1.7259	-2.7209	-3.7898	-4.458	-3.2813	-7.6997	-5.7371	-3.313	-1.132	0.5179	0.79858	0.83402	0.68119	0.50933	0.35058	0.25331	0.18788	0.14113	0.11271	0.062169	0.036793	0.016936	13.623
962.98	-0.046959	-0.06098	-0.17945	-0.33762	-0.51661	-0.69597	-0.95009	-1.2847	-1.7621	-2.6444	-3.7969	-4.5468	-3.3036	-8.0103	-5.9401	-3.5601	-1.2596	0.45545	0.7708	0.84277	0.70375	0.52388	0.3598	0.26513	0.18631	0.15197	0.11957	0.077423	0.028785	0.00072622	13.853
962.66	-0.046975	-0.078305	-0.15802	-0.3651	-0.49747	-0.69109	-0.9564	-1.3273	-1.758	-2.6787	-3.7541	-4.6556	-3.2176	-8.1543	-6.1905	-3.694	-1.3825	0.42661	0.75353	0.85548	0.72055	0.52241	0.37791	0.27238	0.18711	0.15046	0.10501	0.07672	0.013606	0.012305	14.087
962.02	-0.044584	-0.082873	-0.17166	-0.34265	-0.51888	-0.67534	-0.94503	-1.3242	-1.7592	-2.714	-3.8713	-4.7743	-3.2831	-8.4662	-6.4433	-3.9038	-1.5061	0.38252	0.74031	0.8602	0.72813	0.54167	0.38755	0.27734	0.20954	0.16458	0.11815	0.083327	0.032814	0.0092223	14.311
962.45	-0.063927	-0.096382	-0.17636	-0.35579	-0.48266	-0.70404	-0.98283	-1.3236	-1.7892	-2.6291	-4.0373	-4.9042	-3.2975	-8.7453	-6.4833	-4.1094	-1.5954	0.35762	0.72169	0.86894	0.72702	0.55375	0.39911	0.2812	0.21465	0.16451	0.13655	0.07965	0.033597	0.0061305	14.506
960.54	-0.062438	-0.077723	-0.19506	-0.3424	-0.51529	-0.67553	-0.96902	-1.3398	-1.8166	-2.802	-4.0011	-4.9057	-3.2088	-8.8729	-6.7624	-4.1674	-1.6974	0.30962	0.70175	0.86568	0.73796	0.55897	0.39677	0.30489	0.21359	0.16406	0.12912	0.073972	0.032865	0.013104	14.708
958.83	-0.077125	-0.095235	-0.197	-0.35949	-0.50827	-0.69128	-0.96924	-1.3454	-1.8044	-2.7062	-4.2562	-4.8647	-3.3577	-9.1094	-7.0582	-4.4494	-1.7979	0.28621	0.68999	0.86805	0.73452	0.57151	0.40139	0.29584	0.21024	0.16747	0.12857	0.074103	0.020884	-0.0039204	14.936
959.05	-0.073061	-0.13297	-0.19456	-0.31624	-0.48084	-0.67743	-1.0329	-1.3699	-1.8379	-2.8568	-4.1313	-5.0293	-3.2774	-9.4621	-7.1856	-4.5483	-1.9006	0.25533	0.6753	0.88949	0.77157	0.58045	0.42485	0.31814	0.22287	0.17838	0.12315	0.085047	0.020076	-0.0039195	15.063
957.03	-0.091064	-0.13779	-0.20138	-0.32399	-0.4951	-0.65142	-0.96202	-1.396	-1.9044	-2.846	-4.1489	-5.2225	-3.3082	-9.4268	-7.3128	-4.8664	-2.0103	0.20183	0.6522	0.8797	0.76209	0.58415	0.41631	0.3068	0.22708	0.16779	0.1149	0.067653	-0.0096322	-0.026442	15.196
956.28	-0.12036	-0.11821	-0.20794	-0.35258	-0.50167	-0.6751	-1.0186	-1.4091	-1.868	-2.9745	-4.3386	-5.2183	-3.2709	-9.616	-7.4996	-4.8953	-2.0831	0.1771	0.6366	0.87537	0.76506	0.58213	0.42451	0.31265	0.22277	0.16557	0.12196	0.077966	-0.0088339	-0.030348	15.347
956.39	-0.10249	-0.13637	-0.18229	-0.3368	-0.4866	-0.657	-0.96418	-1.3793	-1.8879	-2.7721	-4.2493	-5.226	-3.3025	-9.8995	-7.6454	-4.9531	-2.1702	0.16249	0.61122	0.87361	0.75862	0.59446	0.43941	0.30941	0.23695	0.17574	0.132	0.066234	-0.012053	-0.022576	15.461
956.18	-0.12444	-0.15307	-0.20316	-0.329	-0.48317	-0.65715	-0.98249	-1.3604	-1.8783	-2.9412	-4.3035	-5.2022	-3.351	-9.8147	-7.6644	-5.1712	-2.2164	0.11617	0.6221	0.88382	0.77309	0.59129	0.42377	0.32551	0.22205	0.16559	0.11501	0.062584	-0.0056174	-0.023357	15.516
957.45	-0.14374	-0.1574	-0.21249	-0.32306	-0.49753	-0.65456	-0.95105	-1.3506	-1.8619	-2.87	-4.2712	-5.328	-3.3306	-10.015	-7.8954	-5.206	-2.271	0.11944	0.60748	0.88264	0.77444	0.60371	0.43421	0.31787	0.22698	0.17476	0.12335	0.07787	-0.01847	-0.04816	15.611
958.3	-0.13064	-0.15651	-0.2099	-0.33848	-0.46799	-0.65655	-0.98784	-1.3621	-1.9142	-2.8254	-4.2054	-5.3399	-3.3197	-10.038	-7.7678	-5.268	-2.3026	0.095352	0.59163	0.88852	0.78009	0.6007	0.43618	0.31919	0.22603	0.16835	0.11938	0.058789	-0.013634	-0.027958	15.658
958.62	-0.15085	-0.18441	-0.20983	-0.32973	-0.48194	-0.66574	-0.94613	-1.4104	-1.9213	-2.8833	-4.2394	-5.3713	-3.3425	-10.097	-7.9546	-5.3578	-2.3458	0.084189	0.5922	0.8774	0.77904	0.59885	0.43211	0.31828	0.21999	0.17142	0.11471	0.061695	-0.015235	-0.047326	15.721
958.41	-0.1606	-0.15724	-0.23066	-0.33844	-0.47588	-0.62906	-0.95913	-1.3204	-1.9109	-2.9091	-4.3289	-5.3807	-3.383	-10.257	-8.0768	-5.5089	-2.3767	0.079926	0.58008	0.88093	0.77921	0.60724	0.44241	0.32235	0.21556	0.1652	0.11474	0.056591	-0.022466	-0.056639	15.754
959.26	-0.15399	-0.17673	-0.22886	-0.34442	-0.46576	-0.62936	-0.93272	-1.3464	-1.9031	-2.8561	-4.2454	-5.4091	-3.2608	-10.201	-8.0266	-5.2378	-2.3458	0.096112	0.58875	0.88264	0.78802	0.6067	0.43731	0.31807	0.22953	0.1674	0.12698	0.066766	-0.024853	-0.041872	15.857
957.56	-0.13561	-0.17402	-0.23167	-0.32224	-0.47277	-0.63991	-0.92835	-1.3656	-1.8632	-2.8865	-4.3416	-5.4519	-3.3303	-10.164	-7.9548	-5.3555	-2.3508	0.086852	0.58443	0.87421	0.77673	0.59126	0.43416	0.31064	0.22023	0.16691	0.11947	0.050786	-0.031324	-0.050481	15.799
957.24	-0.18595	-0.2051	-0.23014	-0.34279	-0.46233	-0.61354	-0.8729	-1.3573	-1.8205	-2.8874	-4.2987	-5.3541	-3.419	-10.064	-7.9833	-5.2739	-2.3396	0.098029	0.58309	0.88951	0.7754	0.59972	0.43352	0.31554	0.21582	0.15444	0.098649	0.044947	-0.03857	-0.068351	15.832
956.5	-0.16336	-0.20754	-0.27438	-0.34384	-0.47506	-0.5754	-0.87208	-1.3303	-1.8761	-2.8391	-4.2577	-5.4081	-3.3898	-10.096	-7.9722	-5.2947	-2.3326	0.08266	0.58431	0.89187	0.76648	0.58861	0.43543	0.31418	0.22347	0.17494	0.10182	0.052308	-0.041014	-0.067627	15.821
953.94	-0.18496	-0.20581	-0.26306	-0.33292	-0.45064	-0.63029	-0.89785	-1.321	-1.8563	-2.7623	-4.4382	-5.4476	-3.3269	-10.115	-7.9071	-5.3841	-2.3268	0.11042	0.5951	0.89341	0.76455	0.60013	0.43107	0.30539	0.22407	0.14948	0.1145	0.050243	-0.049997	-0.063135	15.793
954.47	-0.20682	-0.22467	-0.28459	-0.33984	-0.45039	-0.61274	-0.92379	-1.3146	-1.8801	-2.727	-4.3379	-5.378	-3.3011	-9.9906	-7.9027	-5.2891	-2.3094	0.10089	0.59246	0.87452	0.77765	0.594	0.43241	0.29398	0.22244	0.15803	0.098158	0.041406	-0.046743	-0.077889	15.821
953.41	-0.22008	-0.23935	-0.26562	-0.37022	-0.45976	-0.58759	-0.84993	-1.2976	-1.8395	-2.8652	-4.2715	-5.3006	-3.2728	-10.121	-7.851	-5.1779	-2.2774	0.12167	0.5962	0.88638	0.78329	0.59549	0.42342	0.29913	0.21144	0.15349	0.10603	0.037042	-0.062133	-0.088107	15.796
952.14	-0.2163	-0.24195	-0.29092	-0.37467	-0.45061	-0.58666	-0.86243	-1.2921	-1.807	-2.7845	-4.3842	-5.3828	-3.4133	-9.8961	-7.7835	-5.2016	-2.2386	0.11407	0.61472	0.88002	0.7652	0.60044	0.41529	0.29551	0.20646	0.1411	0.092961	0.021636	-0.055749	-0.089787	15.797
952.67	-0.22026	-0.24866	-0.3181	-0.37525	-0.46987	-0.57513	-0.84908	-1.2769	-1.8161	-2.9351	-4.1857	-5.4132	-3.3954	-10.105	-8.0043	-5.14	-2.2253	0.12004	0.61284	0.88791	0.77753	0.60675	0.42454	0.30419	0.2056	0.15204	0.099898	0.015741	-0.06945	-0.093635	15.811
952.45	-0.24395	-0.26392	-0.30128	-0.36111	-0.4132	-0.5494	-0.82731	-1.2563	-1.8017	-2.5806	-4.1153	-5.2559	-3.3882	-9.8928	-7.7636	-4.9736	-2.192	0.14765	0.62838	0.89398	0.7801	0.57699	0.40645	0.30184	0.21315	0.15522	0.087492	0.020894	-0.054922	-0.091317	15.808
952.03	-0.22774	-0.26176	-0.2821	-0.36759	-0.44268	-0.57034	-0.80874	-1.2375	-1.773	-2.6663	-4.1885	-5.1581	-3.3897	-9.7701	-7.4985	-5.0261	-2.1222	0.1572	0.62404	0.88012	0.75572	0.56645	0.40426	0.28186	0.19897	0.12773	0.082869	0.021641	-0.071922	-0.090577	15.799
953.41	-0.22253	-0.25986	-0.26723	-0.4018	-0.4376	-0.53852	-0.7932	-1.2157	-1.7363	-2.6456	-4.0844	-5.034	-3.3848	-9.5577	-7.3492	-4.7259	-2.0323	0.21207	0.64006	0.87885	0.74506	0.5648	0.40842	0.27422	0.18368	0.12048	0.080422	0.006174	-0.075046	-0.10447	15.646
953.31	-0.24617	-0.27129	-0.28413	-0.35605	-0.3889	-0.52222	-0.74487	-1.1748	-1.7279	-2.6374	-4.0314	-5.1596	-3.3611	-9.3526	-7.2808	-4.7264	-1.9578	0.21123	0.65936	0.87309	0.74833	0.56819	0.38714	0.26782	0.1777	0.11263	0.058702	0.0010295	-0.06537	-0.10137	15.522
952.35	-0.26273	-0.28221	-0.3174	-0.35877	-0.43809	-0.52705	-0.77136	-1.1309	-1.6846	-2.6401	-4.0623	-4.8228	-3.4286	-9.0524	-7.0803	-4.5049	-1.8568	0.26143	0.66773	0.86391	0.72038	0.55796	0.382	0.26407	0.17412	0.10408	0.064973	-0.01295	-0.082403	-0.12722	15.333
952.14	-0.23914	-0.25489	-0.2877	-0.37704	-0.43286	-0.52631	-0.75184	-1.1119	-1.6982	-2.6999	-3.9026	-4.7988	-3.3733	-8.8638	-6.9173	-4.1958	-1.702	0.32529	0.69561	0.85823	0.72533	0.55061	0.36864	0.25125	0.1644	0.10726	0.054111	-0.0019128	-0.092119	-0.12802	15.174
952.45	-0.25047	-0.27153	-0.28519	-0.34846	-0.42385	-0.51838	-0.70313	-1.0978	-1.651	-2.6567	-3.8835	-4.7472	-3.4122	-8.6148	-6.6379	-4.01	-1.5864	0.35276	0.73235	0.8613	0.72189	0.53216	0.35824	0.25036	0.14857	0.10486	0.059529	-0.0092692	-0.089664	-0.12018	14.962
951.6	-0.24743	-0.26873	-0.29028	-0.32742	-0.44376	-0.5059	-0.70754	-1.135	-1.6339	-2.5829	-3.7263	-4.7264	-3.3671	-8.5272	-6.4271	-3.9382	-1.5185	0.39793	0.73994	0.85871	0.71536	0.5235	0.35224	0.24817	0.15171	0.089988	0.044035	-0.01296	-0.092171	-0.12419	14.726
952.88	-0.20798	-0.23873	-0.30195	-0.38227	-0.43075	-0.4768	-0.69676	-1.1062	-1.5905	-2.478	-3.6501	-4.5116	-3.4267	-8.3095	-6.081	-3.6565	-1.3806	0.43702	0.75742	0.86259	0.71281	0.51201	0.34229	0.21648	0.141	0.089869	0.042422	-0.04015	-0.11547	-0.1287	14.49
952.99	-0.23811	-0.28126	-0.31719	-0.31114	-0.40144	-0.46124	-0.72544	-1.0715	-1.543	-2.4523	-3.5338	-4.5278	-3.3703	-8.0071	-5.9159	-3.5556	-1.3194	0.45764	0.77581	0.84993	0.68803	0.49287	0.33593	0.22128	0.14098	0.085927	0.019129	-0.019558	-0.090423	-0.11933	14.293
952.67	-0.2333	-0.22281	-0.27789	-0.32705	-0.41222	-0.47001	-0.70221	-1.0928	-1.5404	-2.58	-3.642	-4.3625	-3.4194	-7.8986	-5.9438	-3.5317	-1.2346	0.49312	0.77992	0.84686	0.68029	0.48723	0.3313	0.21171	0.11926	0.056847	0.032336	-0.010002	-0.093685	-0.12951	14.037
954.79	-0.23034	-0.27087	-0.26443	-0.31213	-0.39449	-0.43888	-0.70442	-1.0486	-1.5308	-2.4561	-3.6338	-4.3778	-3.3879	-7.691	-5.6801	-3.3901	-1.1388	0.50234	0.78817	0.8291	0.67957	0.47372	0.31007	0.1976	0.10251	0.06457	0.026066	-0.027595	-0.10154	-0.12455	13.817
956.5	-0.17797	-0.21965	-0.27998	-0.29662	-0.38495	-0.43724	-0.66321	-1.0668	-1.5188	-2.4602	-3.4676	-4.2039	-3.318	-7.3137	-5.3854	-3.0753	-1.0214	0.54521	0.80364	0.82846	0.66645	0.46296	0.30165	0.18363	0.10681	0.05897	0.014419	-0.030474	-0.094113	-0.11113	13.602
958.62	-0.19216	-0.20707	-0.2402	-0.29518	-0.35942	-0.43113	-0.667	-1.054	-1.4706	-2.3875	-3.3447	-4.1532	-3.2391	-7.1634	-5.2444	-2.8521	-0.90325	0.59538	0.8118	0.81247	0.6317	0.42399	0.27349	0.16484	0.084193	0.044767	0.00049492	-0.022368	-0.096313	-0.11553	13.313
961.6	-0.19883	-0.22752	-0.23866	-0.25904	-0.33194	-0.43577	-0.68819	-1.0539	-1.4822	-2.3885	-3.3256	-3.9916	-3.3877	-6.8425	-4.988	-2.6358	-0.77696	0.6089	0.82912	0.79833	0.61711	0.42843	0.26795	0.15158	0.090628	0.044628	0.004341	-0.044159	-0.10402	-0.1144	13.074
963.94	-0.1621	-0.17437	-0.20391	-0.26544	-0.32062	-0.43386	-0.70298	-1.0251	-1.4479	-2.1822	-3.2118	-3.8336	-3.3795	-6.5436	-4.7021	-2.5383	-0.69242	0.64574	0.84157	0.79391	0.61167	0.41837	0.25012	0.15042	0.077052	0.030527	-0.0041131	-0.046959	-0.087	-0.09023	12.76
963.72	-0.16455	-0.17291	-0.21508	-0.2694	-0.34437	-0.45951	-0.66721	-1.0675	-1.4636	-2.3331	-3.1332	-3.8015	-3.4198	-6.4195	-4.5063	-2.3153	-0.56936	0.67995	0.83643	0.78746	0.58187	0.40697	0.25096	0.14648	0.074099	0.0282	0.0066331	-0.032427	-0.083826	-0.10413	12.453
964.04	-0.14759	-0.16384	-0.20547	-0.21856	-0.31971	-0.45936	-0.71562	-1.0592	-1.4347	-2.1067	-3.1145	-3.6849	-3.2921	-6.2527	-4.2054	-2.1655	-0.47778	0.7189	0.85137	0.77561	0.57852	0.37485	0.23682	0.13133	0.058494	0.025857	-0.0064151	-0.028783	-0.079808	-0.089448	12.158
963.94	-0.17177	-0.18489	-0.16178	-0.21781	-0.31974	-0.45345	-0.7157	-1.0458	-1.4149	-2.2239	-3.0444	-3.6935	-3.2529	-5.971	-4.0262	-1.9671	-0.39756	0.73516	0.87277	0.77156	0.56441	0.37899	0.22435	0.12896	0.059985	0.030527	-0.019463	-0.038236	-0.078219	-0.092542	11.866
963.09	-0.12113	-0.12414	-0.17784	-0.22894	-0.31037	-0.45299	-0.71109	-1.038	-1.4085	-2.2008	-3.0912	-3.507	-3.4141	-5.8585	-4.004	-1.8859	-0.31836	0.74433	0.86592	0.7449	0.54835	0.35141	0.21126	0.10839	0.058552	0.0087633	-0.0094939	-0.031722	-0.0671	-0.074879	11.57
963.72	-0.10413	-0.12181	-0.16023	-0.21785	-0.32595	-0.46036	-0.71735	-1.0325	-1.4014	-2.1492	-2.9834	-3.5624	-3.2773	-5.6899	-3.6505	-1.6363	-0.24263	0.76342	0.87601	0.7502	0.54404	0.34626	0.19863	0.10117	0.042928	0.013422	-0.025608	-0.033154	-0.046294	-0.066348	11.279
962.77	-0.086487	-0.10011	-0.12935	-0.21181	-0.33944	-0.50259	-0.74579	-1.0025	-1.3905	-2.0258	-2.8982	-3.4669	-3.2093	-5.3971	-3.6713	-1.5467	-0.145	0.79146	0.87688	0.72525	0.52013	0.31703	0.191	0.10524	0.040742	0.0095442	-0.008729	-0.031005	-0.047141	-0.053294	10.985
961.49	-0.064799	-0.079906	-0.12714	-0.24028	-0.33725	-0.49558	-0.72127	-1.0206	-1.3685	-2.0872	-2.7607	-3.3642	-3.277	-5.2942	-3.3673	-1.4492	-0.065512	0.81044	0.8666	0.71127	0.50108	0.31992	0.17169	0.081481	0.044514	0.0041006	-0.010279	-0.02813	-0.040001	-0.04873	10.668
961.07	-0.059172	-0.079941	-0.11922	-0.22864	-0.36202	-0.51971	-0.71709	-1.025	-1.3583	-2.0881	-2.6647	-3.3326	-3.3102	-4.8639	-3.2229	-1.2422	0.0054046	0.82703	0.88835	0.69664	0.49577	0.31019	0.17411	0.071952	0.027416	-0.0060356	-0.015672	-0.030329	-0.038417	-0.04102	10.375
960.75	-0.033329	-0.052076	-0.10411	-0.22558	-0.37269	-0.52074	-0.74585	-1.011	-1.3295	-2.072	-2.6214	-3.3006	-3.2637	-4.7554	-3.1038	-1.0931	0.069998	0.83328	0.88941	0.68524	0.48013	0.29219	0.15772	0.076761	0.014027	0.0064442	-0.014138	-0.021588	-0.033625	-0.037941	10.083
962.02	-0.0236	-0.032432	-0.10238	-0.2331	-0.3643	-0.51578	-0.71862	-1.0081	-1.3032	-1.9855	-2.6709	-3.2797	-3.3624	-4.5369	-2.8511	-1.0087	0.15193	0.84327	0.8745	0.6636	0.45818	0.27701	0.14655	0.052766	0.019957	-0.0099241	-0.025654	-0.021559	-0.0087827	-0.0085418	9.7851
963.41	-0.00019231	-0.033138	-0.107	-0.24762	-0.37167	-0.49033	-0.72882	-1.0106	-1.2898	-2.083	-2.5084	-3.2915	-3.3496	-4.4048	-2.6073	-0.78361	0.21771	0.8574	0.8702	0.64773	0.44491	0.25117	0.13697	0.05269	0.01473	-0.0075759	-0.027921	-0.033165	-0.013562	-0.0039018	9.4816
965.21	0.017505	-0.024821	-0.11315	-0.24091	-0.3876	-0.51748	-0.71326	-0.9722	-1.2452	-1.8371	-2.5037	-3.0878	-3.3908	-4.0676	-2.4144	-0.66639	0.29826	0.85069	0.88073	0.62999	0.4134	0.23595	0.11409	0.049417	0.0050702	-0.022315	-0.021737	-0.025117	0.0016112	0.0061129	9.1206
965.74	0.014278	-0.013559	-0.1242	-0.25169	-0.39177	-0.51209	-0.69793	-0.95739	-1.2323	-1.8945	-2.3529	-3.1355	-3.3415	-3.9088	-2.2167	-0.71561	0.35522	0.85787	0.84683	0.60815	0.37936	0.21863	0.10078	0.025592	-0.010487	-0.02308	-0.025555	-0.015671	0.0024067	0.014572	8.8244
965.32	0.01509	-0.021818	-0.12346	-0.2674	-0.39719	-0.52252	-0.7072	-0.95225	-1.1884	-1.9287	-2.2747	-2.89	-3.2956	-3.6207	-2.0553	-0.36871	0.41966	0.8659	0.86544	0.57866	0.37245	0.20234	0.089909	0.021635	-0.0082685	-0.033182	-0.028631	-0.029469	0.001611	0.006883	8.4964
964.57	0.032811	-0.023337	-0.12038	-0.27151	-0.38699	-0.49144	-0.68756	-0.92122	-1.1923	-1.8383	-2.1445	-2.7275	-3.2902	-3.5216	-1.903	-0.3028	0.47876	0.87593	0.83873	0.56173	0.36092	0.1943	0.088416	0.0049736	-0.015689	-0.026991	-0.027887	-0.010606	0.028738	0.038469	8.2077
964.57	0.020737	-0.029343	-0.13547	-0.27619	-0.38961	-0.50165	-0.68008	-0.9093	-1.1525	-1.7715	-2.0124	-2.6369	-3.3219	-3.3805	-1.8089	-0.20353	0.528	0.86912	0.82656	0.53608	0.34203	0.17544	0.065005	-0.012501	-0.026813	-0.025438	-0.039392	-0.018595	0.015175	0.024604	7.8962
965.11	0.020725	-0.011316	-0.12348	-0.25654	-0.37101	-0.48607	-0.66402	-0.90007	-1.1419	-1.5452	-2.1081	-2.4791	-3.3517	-3.0575	-1.5088	-0.013225	0.59439	0.86864	0.82535	0.54323	0.31116	0.16142	0.043133	-0.024402	-0.018646	-0.040179	-0.036303	-0.025847	0.018356	0.036909	7.5998
964.04	0.047328	-0.012079	-0.13395	-0.27947	-0.37843	-0.49767	-0.64604	-0.87086	-1.1017	-1.6806	-2.0488	-2.5725	-3.3395	-2.9432	-1.5362	0.019886	0.61173	0.87556	0.81332	0.50824	0.29732	0.13371	0.03459	-0.021249	-0.037216	-0.049552	-0.047088	-0.024421	0.021569	0.032323	7.3154
964.79	0.043266	-0.012822	-0.13782	-0.27301	-0.37201	-0.4556	-0.65526	-0.86066	-1.0916	-1.7461	-1.836	-2.5211	-3.2895	-2.8391	-1.4068	0.16047	0.65811	0.87149	0.81118	0.48717	0.28292	0.11886	0.024421	-0.039497	-0.053496	-0.062719	-0.055487	-0.025129	0.011981	0.039228	6.9992
965.42	0.023131	-0.049573	-0.12106	-0.25957	-0.38752	-0.48165	-0.63242	-0.83946	-1.0526	-1.5447	-1.9139	-2.3795	-3.3664	-2.5553	-1.1325	0.17691	0.69339	0.86411	0.79772	0.48519	0.26779	0.10485	0.018167	-0.038676	-0.052719	-0.061125	-0.045486	-0.037451	0.015162	0.036896	6.7358
965.64	0.024735	-0.0068078	-0.13214	-0.26653	-0.35506	-0.4671	-0.62481	-0.825	-1.0386	-1.5527	-1.9926	-2.1405	-3.1997	-2.4529	-1.1322	0.20166	0.72576	0.85627	0.76489	0.44128	0.23549	0.082721	0.011147	-0.048189	-0.051227	-0.064216	-0.053905	-0.020752	0.0040014	0.029961	6.4058
967.66	0.036719	-0.027004	-0.13899	-0.25664	-0.3517	-0.44661	-0.63394	-0.82169	-1.015	-1.5744	-1.734	-2.1196	-3.2955	-2.2212	-0.90823	0.4404	0.76463	0.85193	0.74358	0.41067	0.21852	0.071927	-0.0075456	-0.06709	-0.07625	-0.067955	-0.06679	-0.035917	0.023078	0.030668	6.1923
968.4	0.03589	-0.022496	-0.13968	-0.25567	-0.37324	-0.47	-0.60962	-0.78625	-0.97984	-1.6231	-1.6625	-2.0769	-3.3481	-2.079	-0.80534	0.35765	0.79489	0.83772	0.73165	0.38811	0.1862	0.045742	-0.021531	-0.071785	-0.073237	-0.075642	-0.064446	-0.028653	0.018293	0.045989	5.9409
968.29	0.031885	-0.021749	-0.1302	-0.24248	-0.35583	-0.43106	-0.5933	-0.7721	-0.96008	-1.5152	-1.5574	-2.0115	-3.2225	-1.9309	-0.69469	0.57198	0.8116	0.82594	0.69461	0.34941	0.17211	0.026148	-0.044077	-0.083661	-0.080632	-0.078746	-0.070565	-0.041682	0.016707	0.035252	5.688
970.95	0.037394	-0.011993	-0.13379	-0.2612	-0.36704	-0.4451	-0.57831	-0.76998	-0.92469	-1.2953	-1.5532	-1.8015	-3.3079	-1.8477	-0.56538	0.52931	0.82752	0.79325	0.66853	0.34599	0.14974	0.024449	-0.062562	-0.090532	-0.087778	-0.08625	-0.075706	-0.052391	-0.00077471	0.032093	5.4365
974.03	0.040464	-0.028315	-0.13258	-0.23641	-0.36588	-0.43189	-0.58759	-0.73609	-0.90354	-1.316	-1.4001	-1.6735	-3.1173	-1.609	-0.51278	0.53584	0.84299	0.80675	0.66416	0.31458	0.14381	0.0056997	-0.057727	-0.091033	-0.084564	-0.091363	-0.07015	-0.028488	0.024509	0.048012	5.2395
976.26	0.039577	-0.02825	-0.12757	-0.23896	-0.35033	-0.42418	-0.57442	-0.72656	-0.89162	-1.2635	-1.5012	-1.6696	-3.2899	-1.466	-0.45248	0.47738	0.84656	0.76707	0.62507	0.29506	0.11781	-0.0040319	-0.067619	-0.10809	-0.10635	-0.10037	-0.079841	-0.052106	0.014205	0.02507	5.0198
978.6	0.041864	-0.021521	-0.11317	-0.23146	-0.33913	-0.4391	-0.57232	-0.70838	-0.85623	-1.1617	-1.3328	-1.7306	-3.1885	-1.362	-0.31656	0.76166	0.85785	0.74846	0.6041	0.2756	0.097353	-0.033919	-0.10438	-0.12427	-0.10975	-0.10472	-0.084942	-0.050551	0.0047343	0.039435	4.8348
979.45	0.023594	-0.01263	-0.13106	-0.23357	-0.3397	-0.41693	-0.55562	-0.70464	-0.8502	-1.0867	-1.349	-1.575	-3.178	-1.2296	-0.22364	0.68768	0.84537	0.73608	0.5841	0.25825	0.069359	-0.040347	-0.082	-0.12103	-0.10235	-0.10922	-0.083359	-0.066245	1.5758e-005	0.041677	4.6423
977.54	0.038731	-0.024508	-0.12662	-0.23172	-0.32394	-0.4295	-0.54195	-0.67388	-0.81402	-1.2619	-1.2474	-1.5131	-3.153	-1.1779	-0.26627	0.71352	0.86035	0.71485	0.55823	0.231	0.068718	-0.065503	-0.10449	-0.11814	-0.12011	-0.10714	-0.082764	-0.052041	-0.0047064	0.037959	4.4528
977.33	0.042711	-0.020809	-0.13919	-0.23485	-0.31536	-0.39516	-0.55535	-0.68657	-0.81268	-1.0808	-1.1608	-1.5297	-3.2005	-1.2091	-0.11443	0.81165	0.85505	0.71584	0.54184	0.20982	0.04387	-0.067942	-0.11222	-0.12914	-0.11575	-0.10946	-0.089595	-0.049183	0.0086783	0.037206	4.3285
976.48	0.032411	-0.019343	-0.11969	-0.22272	-0.32602	-0.40727	-0.54771	-0.65736	-0.7899	-0.99927	-1.24	-1.4822	-3.2658	-1.0398	0.062854	0.64892	0.85265	0.68957	0.52729	0.2051	0.02913	-0.075291	-0.12388	-0.1316	-0.11731	-0.11493	-0.098007	-0.047073	0.024448	0.04713	4.1799
975.09	0.04042	-0.016398	-0.13086	-0.21917	-0.31349	-0.39354	-0.51742	-0.65907	-0.76371	-1.1494	-1.0938	-1.2806	-3.3564	-0.956	0.0037191	0.8626	0.86486	0.66697	0.49945	0.16856	0.0073679	-0.094858	-0.13255	-0.15615	-0.14169	-0.11893	-0.10421	-0.060794	0.0063304	0.035768	4.0843
976.79	0.030811	-0.022302	-0.12671	-0.2342	-0.31553	-0.40462	-0.53055	-0.66812	-0.77298	-1.0402	-1.1701	-1.3516	-3.1866	-0.93885	0.14725	0.77125	0.85865	0.65825	0.49107	0.16745	0.0073551	-0.10845	-0.15081	-0.15744	-0.12826	-0.12256	-0.10782	-0.055667	0.016561	0.038746	3.9691
977.96	0.027599	-0.023756	-0.12656	-0.20006	-0.29961	-0.38315	-0.52033	-0.62972	-0.74256	-1.1378	-1.2208	-1.1794	-3.214	-0.76764	0.079616	0.73768	0.85919	0.63984	0.47473	0.13543	-0.024489	-0.11722	-0.15448	-0.16587	-0.14054	-0.13085	-0.11526	-0.048435	0.028344	0.017429	3.8401
978.81	0.038681	-0.016336	-0.13193	-0.2145	-0.31057	-0.38114	-0.50145	-0.64796	-0.73435	-1.0134	-1.0289	-1.2514	-3.3125	-0.75154	0.11325	0.77781	0.86392	0.61161	0.45259	0.13531	-0.026796	-0.12116	-0.16126	-0.16025	-0.15211	-0.13303	-0.10533	-0.064859	0.02203	0.032596	3.7339
981.15	0.044127	-0.022942	-0.12927	-0.2324	-0.32791	-0.39446	-0.50834	-0.63627	-0.71677	-1.0027	-1.0351	-1.1513	-3.2191	-0.69581	0.18022	0.88983	0.8564	0.61266	0.43058	0.11628	-0.035244	-0.1257	-0.16702	-0.15831	-0.13352	-0.12355	-0.096786	-0.057563	0.004722	0.031004	3.6824
982.32	0.026685	-0.028813	-0.11664	-0.22752	-0.3086	-0.40234	-0.50187	-0.62303	-0.77466	-0.87034	-1.0771	-1.1499	-3.1454	-0.70269	0.23039	0.88065	0.85382	0.60107	0.40468	0.10964	-0.052982	-0.13682	-0.16145	-0.17215	-0.1421	-0.13713	-0.097424	-0.060347	0.018819	0.04458	3.6171
981.79	0.048845	-0.019238	-0.13075	-0.21155	-0.31651	-0.38668	-0.48745	-0.60854	-0.76303	-0.96105	-1.0344	-1.1182	-3.2947	-0.70307	0.18011	0.82423	0.85038	0.57715	0.40265	0.099135	-0.051465	-0.14092	-0.17227	-0.17069	-0.14218	-0.12652	-0.098984	-0.066802	0.016477	0.037038	3.5883
983.17	0.03456	-0.030262	-0.13758	-0.21661	-0.31607	-0.37027	-0.5051	-0.61314	-0.70778	-0.89415	-0.99841	-1.2216	-3.0806	-0.55597	0.33925	0.82307	0.83204	0.56716	0.38642	0.09088	-0.056799	-0.14797	-0.16361	-0.17279	-0.14561	-0.12787	-0.11615	-0.051743	0.013322	0.031695	3.5519
983.91	0.032168	-0.016988	-0.12424	-0.22945	-0.31583	-0.39836	-0.4798	-0.61346	-0.70047	-0.9999	-0.99766	-1.1157	-3.2333	-0.64007	0.23002	0.81433	0.84154	0.57924	0.38687	0.080267	-0.05444	-0.14544	-0.16884	-0.16876	-0.13896	-0.13158	-0.099522	-0.048142	0.028954	0.036203	3.5261
982.95	0.034567	-0.018479	-0.13683	-0.22508	-0.28863	-0.37369	-0.48833	-0.60392	-0.77491	-0.86977	-0.98135	-1.2057	-3.1589	-0.72529	0.28059	0.83138	0.85171	0.56311	0.3768	0.076285	-0.056811	-0.14478	-0.17437	-0.17828	-0.14929	-0.12256	-0.10489	-0.058883	0.00079964	0.036239	3.5155
983.8	0.025067	-0.017727	-0.12425	-0.22947	-0.30126	-0.38839	-0.48645	-0.60262	-0.74642	-0.88539	-1.0495	-1.1239	-3.2337	-0.54023	0.26359	0.84687	0.83851	0.56345	0.38319	0.080275	-0.071428	-0.14787	-0.18569	-0.18046	-0.14043	-0.13921	-0.10404	-0.053133	0.027393	0.046026	3.5064
983.06	0.029035	-0.028055	-0.12824	-0.20974	-0.30149	-0.36447	-0.48241	-0.60152	-0.71162	-1.0581	-1.0849	-1.0763	-3.1973	-0.47143	0.25539	0.80692	0.84772	0.55302	0.36781	0.062476	-0.067621	-0.15281	-0.17741	-0.17748	-0.16091	-0.13627	-0.11767	-0.030363	0.019585	0.018095	3.476
981.36	0.032251	-0.025152	-0.14486	-0.22238	-0.32096	-0.38015	-0.48472	-0.61739	-0.72114	-0.98609	-1.0435	-1.1025	-3.2961	-0.52618	0.23061	0.76766	0.84138	0.53642	0.36247	0.058519	-0.082439	-0.15629	-0.17925	-0.17779	-0.15536	-0.13726	-0.093749	-0.05755	0.0086426	0.027968	3.5185
980.41	0.024361	-0.017049	-0.12078	-0.23411	-0.30748	-0.39559	-0.49843	-0.59924	-0.73618	-0.92132	-0.96657	-1.0711	-3.1438	-0.54983	0.31496	0.71957	0.82579	0.54699	0.35384	0.046367	-0.088715	-0.17258	-0.17636	-0.17562	-0.14603	-0.14046	-0.1112	-0.044742	0.01493	0.034816	3.5291
979.34	0.037867	-0.00079803	-0.11543	-0.23129	-0.29401	-0.39267	-0.47172	-0.59989	-0.77324	-0.87298	-1.089	-0.98307	-3.2173	-0.57357	0.34057	0.85073	0.84703	0.54339	0.36471	0.061083	-0.080282	-0.15823	-0.18039	-0.17737	-0.15349	-0.13831	-0.11812	-0.06053	0.01966	0.037889	3.517
978.49	0.0379	-0.029666	-0.14607	-0.22303	-0.28994	-0.37204	-0.48982	-0.60981	-0.72628	-0.89843	-0.96846	-1.0083	-3.1967	-0.58953	0.26502	0.80253	0.85638	0.55309	0.36653	0.069291	-0.075695	-0.14948	-0.17747	-0.17596	-0.14412	-0.12005	-0.094024	-0.05199	0.0094524	0.036404	3.5428
979.02	0.037086	-0.022992	-0.12955	-0.21445	-0.30964	-0.37603	-0.48882	-0.61417	-0.71681	-0.90617	-1.0373	-0.99961	-3.1871	-0.56604	0.40809	0.76133	0.83635	0.55866	0.36033	0.079035	-0.080309	-0.16071	-0.18429	-0.18369	-0.14404	-0.13453	-0.10153	-0.059119	0.011807	0.049284	3.5337
979.77	0.029132	-0.0178	-0.13649	-0.22427	-0.32148	-0.38412	-0.48992	-0.60745	-0.76762	-0.88903	-1.0712	-1.0637	-3.2003	-0.56561	0.33201	0.79335	0.8451	0.54567	0.37503	0.067572	-0.081797	-0.15413	-0.1757	-0.18902	-0.13882	-0.12449	-0.088617	-0.048345	-0.0023392	0.029532	3.5048
980.3	0.033868	-0.021484	-0.15283	-0.23951	-0.31613	-0.39564	-0.50658	-0.63213	-0.76116	-0.89678	-1.1226	-1.1766	-3.1519	-0.58073	0.41597	0.77665	0.85402	0.57217	0.37782	0.080562	-0.062387	-0.13711	-0.17945	-0.16469	-0.13656	-0.13665	-0.084795	-0.066904	0.008652	0.036337	3.5701
981.68	0.034612	-0.0096489	-0.13467	-0.2315	-0.31741	-0.39592	-0.5066	-0.63046	-0.74125	-0.8873	-1.1124	-1.183	-3.1008	-0.62613	0.29775	0.83243	0.84735	0.58808	0.39821	0.098333	-0.047603	-0.13127	-0.15696	-0.15666	-0.12179	-0.11355	-0.078647	-0.0404	0.0251	0.050665	3.7021
982.74	0.026674	-0.025852	-0.13218	-0.23279	-0.3377	-0.39131	-0.50679	-0.62588	-0.76304	-1.0503	-1.0334	-1.2707	-3.144	-0.71007	0.17154	0.85589	0.85189	0.60499	0.41122	0.11366	-0.037506	-0.11504	-0.143	-0.14791	-0.1253	-0.10123	-0.082326	-0.034652	0.021942	0.031708	3.8295
983.7	0.041647	-0.045706	-0.16165	-0.24327	-0.33565	-0.40345	-0.53709	-0.65643	-0.75402	-0.96737	-1.1187	-1.1241	-3.265	-0.71706	0.13784	0.84697	0.86353	0.61191	0.44288	0.12896	-0.019714	-0.1093	-0.14516	-0.14855	-0.12009	-0.11789	-0.081494	-0.048151	0.021138	0.040743	4.0145
984.65	0.032142	-0.02801	-0.13037	-0.25068	-0.34134	-0.4239	-0.5373	-0.65345	-0.78485	-1.0155	-1.178	-1.3247	-3.1534	-0.80084	0.070703	0.71646	0.85102	0.63466	0.45959	0.15963	-0.00041425	-0.10036	-0.12514	-0.12662	-0.10472	-0.10256	-0.076154	-0.033872	0.0078311	0.049757	4.1617
985.61	0.028172	-0.044883	-0.14734	-0.24738	-0.33843	-0.4035	-0.53312	-0.66759	-0.83513	-0.88376	-1.1596	-1.2992	-3.1504	-0.98415	0.045529	0.74814	0.85874	0.65486	0.48221	0.1781	0.013452	-0.078604	-0.11509	-0.13816	-0.098085	-0.1017	-0.07383	-0.026729	0.0086053	0.038403	4.3755
984.97	0.028978	-0.012558	-0.163	-0.25213	-0.34466	-0.43376	-0.54079	-0.70069	-0.79961	-0.97429	-1.2207	-1.3565	-3.1524	-0.93872	0.053943	0.78104	0.86319	0.67612	0.51306	0.18875	0.028879	-0.064205	-0.11593	-0.11413	-0.0996	-0.085022	-0.053598	-0.037419	0.03205	0.036917	4.6226
985.29	0.018724	-0.040487	-0.15439	-0.24823	-0.34369	-0.42862	-0.5677	-0.68569	-0.81212	-1.0721	-1.3754	-1.5415	-3.0895	-0.96144	-0.15536	0.77271	0.84269	0.69756	0.53746	0.21298	0.058158	-0.060974	-0.10444	-0.10088	-0.087953	-0.087277	-0.0701	-0.038829	0.036726	0.055757	4.8606
983.8	0.020333	-0.030243	-0.1297	-0.24707	-0.35967	-0.44262	-0.56562	-0.72177	-0.85095	-1.0737	-1.2308	-1.455	-3.1406	-1.2088	-0.12206	0.80631	0.84864	0.72531	0.55915	0.23196	0.075999	-0.027309	-0.084699	-0.094802	-0.086632	-0.076743	-0.058925	-0.016808	0.032868	0.041492	5.1016
983.06	0.032195	-0.038368	-0.13214	-0.25951	-0.35048	-0.44045	-0.56311	-0.74335	-0.87041	-1.0827	-1.4218	-1.5369	-3.1741	-1.3481	-0.14732	0.62833	0.86487	0.74507	0.58419	0.25406	0.086099	-0.01607	-0.068683	-0.08708	-0.076511	-0.075276	-0.045424	-0.028226	0.026632	0.041524	5.3259
982.95	0.034567	-0.021426	-0.15632	-0.27715	-0.366	-0.44968	-0.57638	-0.74889	-0.87577	-1.1975	-1.4651	-1.5613	-3.1356	-1.3483	-0.23123	0.68523	0.84859	0.75183	0.60589	0.28088	0.11006	-0.010441	-0.072519	-0.089427	-0.07288	-0.069185	-0.05747	-0.020387	0.020371	0.041528	5.588
982.64	0.026677	-0.028067	-0.16104	-0.2826	-0.36611	-0.48825	-0.60446	-0.75849	-0.91821	-1.1816	-1.5001	-1.5618	-3.191	-1.5411	-0.40758	0.61237	0.84419	0.76878	0.62849	0.30046	0.12246	0.010478	-0.052626	-0.076203	-0.062715	-0.056241	-0.049961	-0.030376	0.017247	0.045323	5.8379
982	0.022741	-0.028085	-0.16895	-0.28739	-0.3784	-0.47269	-0.61587	-0.77068	-0.94593	-1.3054	-1.3974	-1.8621	-3.1309	-1.7192	-0.40785	0.58025	0.8346	0.79435	0.66325	0.33966	0.15965	0.025783	-0.038862	-0.06533	-0.051829	-0.049408	-0.049994	-0.012557	0.025093	0.050649	6.1181
981.26	0.038585	-0.015559	-0.16439	-0.28914	-0.3916	-0.48392	-0.6281	-0.80094	-0.96323	-1.4049	-1.6667	-1.8311	-3.2343	-1.8129	-0.53423	0.49936	0.8321	0.8142	0.69141	0.36757	0.17525	0.040309	-0.028153	-0.047422	-0.046768	-0.046391	-0.034952	-0.0089958	0.038444	0.056744	6.3558
