13051	4	3	91	25.2	752.5	1	3	8	0.582	128	4096	10	0	0	0	0	74.493	933.48	1.4238e+006	0.1153	0.02519	39.921	0	0	1	0	0	0	11	0	0
933.15	0.027375	-0.012278	-0.10535	-0.19579	-0.24237	-0.08636	-0.34481	-0.42508	-0.47779	-0.47906	-0.40529	-0.25043	0.10642	0.43426	0.895	0.78355	0.45334	0.011524	-0.18016	-0.33457	-0.36717	-0.39488	-0.35222	-0.30868	-0.23703	-0.20529	-0.14215	-0.088532	0.0079175	0.042456	1.2165
930.91	0.025774	-0.025534	-0.11795	-0.19545	-0.26292	-0.10244	-0.37973	-0.45408	-0.48371	-0.50617	-0.51572	-0.51557	-0.1555	0.29726	0.84399	0.73399	0.5178	0.10855	-0.095498	-0.26508	-0.33216	-0.36356	-0.328	-0.29461	-0.24759	-0.18807	-0.15441	-0.084229	-0.0069428	0.022603	1.5751
933.68	0.028193	-0.025459	-0.12252	-0.18036	-0.27934	-0.092467	-0.41645	-0.47571	-0.53536	-0.6082	-0.58696	-0.35239	-0.26124	0.2478	0.64716	0.85147	0.62375	0.17943	-0.012726	-0.20361	-0.28563	-0.32606	-0.32058	-0.26091	-0.21698	-0.1851	-0.11354	-0.07122	0.0037927	0.035269	1.9427
934.32	0.024849	-0.026215	-0.13802	-0.18588	-0.26558	-0.11085	-0.39687	-0.51556	-0.55479	-0.62504	-0.67744	-0.53919	-0.31005	0.23144	0.60257	0.82527	0.643	0.24257	0.045377	-0.14881	-0.25049	-0.28691	-0.28249	-0.24105	-0.20381	-0.17214	-0.11901	-0.064422	0.013673	0.032063	2.3346
934.74	0.033975	-0.030078	-0.11501	-0.20432	-0.28354	-0.12485	-0.41212	-0.51779	-0.59649	-0.75401	-0.72255	-0.59844	-0.5139	-0.076018	0.57582	0.81637	0.72303	0.32939	0.13639	-0.08983	-0.19838	-0.24195	-0.26062	-0.23193	-0.19148	-0.15843	-0.11975	-0.069639	0.00049405	0.042382	2.7278
929.85	0.03499	-0.0131	-0.12962	-0.20701	-0.29503	-0.1361	-0.43601	-0.54194	-0.65612	-0.73199	-0.86334	-0.92621	-0.62323	-0.22277	0.46354	0.82923	0.77133	0.42028	0.22072	-0.039668	-0.15206	-0.21516	-0.23528	-0.21173	-0.16249	-0.15927	-0.10128	-0.051921	0.013739	0.041008	3.1331
929.1	0.033346	-0.026362	-0.11735	-0.22743	-0.31345	-0.14239	-0.45344	-0.5803	-0.69805	-0.88862	-0.90059	-0.83291	-0.90284	-0.39383	0.40178	0.76119	0.8239	0.5072	0.29985	0.025579	-0.1105	-0.17959	-0.20468	-0.202	-0.16955	-0.14971	-0.11012	-0.05347	0.01789	0.025047	3.5367
931.44	0.033262	-0.021631	-0.13022	-0.23979	-0.32536	-0.15966	-0.48791	-0.60845	-0.72806	-0.77396	-1.0168	-1.0099	-0.99885	-0.4659	0.32108	0.79356	0.83169	0.54294	0.34792	0.073493	-0.064567	-0.1647	-0.188	-0.17024	-0.16298	-0.13888	-0.099521	-0.057098	0.0046291	0.030569	3.9129
934.11	0.023192	-0.040178	-0.12985	-0.24636	-0.34162	-0.15657	-0.50814	-0.61328	-0.78381	-0.92699	-1.1139	-1.1686	-1.0532	-0.65073	0.22303	0.79982	0.84327	0.57566	0.41603	0.11942	-0.028613	-0.1253	-0.16652	-0.16483	-0.14031	-0.12083	-0.089732	-0.055434	0.014501	0.035253	4.2769
928.78	0.031685	-0.03417	-0.14791	-0.25749	-0.31902	-0.19017	-0.53124	-0.64319	-0.7429	-0.9323	-1.1752	-1.201	-1.2234	-0.92307	0.12663	0.86455	0.84315	0.64966	0.47528	0.16478	0.0121	-0.083449	-0.13667	-0.13938	-0.1234	-0.11265	-0.079095	-0.038401	0.010441	0.033055	4.6802
926.44	0.021707	-0.020965	-0.12265	-0.25165	-0.35448	-0.19331	-0.57385	-0.68203	-0.81904	-0.98681	-1.3156	-1.4441	-1.3335	-1.0723	-0.0511	0.69449	0.83288	0.69206	0.52398	0.20396	0.052295	-0.050372	-0.10777	-0.11741	-0.11136	-0.099987	-0.069713	-0.057406	0.0096368	0.033942	5.1016
927.4	0.011638	-0.049059	-0.15887	-0.25788	-0.34501	-0.16656	-0.58725	-0.71354	-0.85568	-1.1421	-1.2685	-1.5967	-1.6365	-1.3239	-0.12219	0.6335	0.83532	0.73383	0.58513	0.26485	0.097275	-0.033269	-0.085743	-0.088374	-0.098904	-0.091802	-0.070438	-0.031659	0.017095	0.023491	5.4789
929.31	0.022476	-0.039605	-0.14865	-0.26221	-0.3452	-0.22186	-0.59924	-0.73515	-0.90089	-1.1744	-1.5217	-1.6789	-1.5921	-1.6059	-0.31718	0.51199	0.81299	0.76588	0.62497	0.30466	0.12322	0.0042377	-0.049928	-0.077476	-0.080228	-0.075485	-0.054371	-0.039131	0.007121	0.029039	5.8637
929.95	0.019956	-0.024781	-0.15679	-0.26445	-0.35496	-0.20846	-0.59262	-0.77913	-0.948	-1.217	-1.5937	-1.8059	-1.8862	-1.743	-0.4766	0.56313	0.80337	0.79007	0.66161	0.34307	0.15988	0.029743	-0.043417	-0.065889	-0.068636	-0.072209	-0.055926	-0.042119	0.021185	0.022628	6.2544
924.52	0.010833	-0.049212	-0.17014	-0.27252	-0.40457	-0.23277	-0.64369	-0.80857	-0.99358	-1.4245	-1.7225	-1.8423	-2.0128	-1.9086	-0.80056	0.48012	0.78157	0.80892	0.69644	0.38652	0.18053	0.047879	-0.019247	-0.048045	-0.052793	-0.049936	-0.047451	-0.033272	0.022142	0.032404	6.6208
919.94	0.029459	-0.014815	-0.15683	-0.27961	-0.37719	-0.2143	-0.67668	-0.84507	-1.0347	-1.5454	-1.7587	-2.0587	-2.2135	-2.2058	-0.87626	0.36106	0.76215	0.83079	0.74137	0.41013	0.22436	0.074762	-0.0021603	-0.049948	-0.043727	-0.045296	-0.051707	-0.016681	0.029779	0.025296	6.9401
921.75	0.025188	-0.043858	-0.16982	-0.28886	-0.40395	-0.22724	-0.65579	-0.86502	-1.0608	-1.6123	-1.9395	-2.0719	-2.5981	-2.4639	-1.0893	0.10061	0.71826	0.84786	0.76856	0.45954	0.26099	0.11751	0.019893	-0.012449	-0.032777	-0.047645	-0.027528	-0.009045	0.022208	0.026053	7.2791
925.27	0.028449	-0.052303	-0.16669	-0.28939	-0.42708	-0.2388	-0.68526	-0.87747	-1.1031	-1.641	-2.0515	-2.2529	-2.6954	-2.716	-1.3526	0.082991	0.6642	0.85883	0.7815	0.48539	0.29447	0.14441	0.048291	0.0082979	-0.014873	-0.019114	-0.017031	-0.0097675	0.014639	0.032378	7.627
924.84	0.024265	-0.025702	-0.1676	-0.30417	-0.41448	-0.24867	-0.70663	-0.90355	-1.138	-1.694	-2.1167	-2.5288	-2.8121	-2.938	-1.5137	-0.020526	0.60983	0.85568	0.82548	0.52703	0.31759	0.16499	0.058081	0.022383	-0.0086918	-0.019123	-0.021837	-0.0067431	0.019637	0.023556	7.9053
921.12	0.017618	-0.019515	-0.16079	-0.3054	-0.43359	-0.25859	-0.70166	-0.93382	-1.1659	-1.8408	-2.1806	-2.6339	-3.1215	-3.2371	-1.681	-0.15056	0.55657	0.86627	0.82643	0.55083	0.3502	0.17253	0.076295	0.030791	-0.0095031	-0.0061832	-0.0034519	-0.012856	0.028906	0.034138	8.1729
917.92	0.020218	-0.036941	-0.15133	-0.29662	-0.4397	-0.2577	-0.72296	-0.94626	-1.1942	-1.7682	-2.2529	-2.7036	-3.2155	-3.3143	-1.7048	-0.35976	0.49758	0.88538	0.85088	0.57274	0.35887	0.19725	0.094601	0.03674	0.01306	0.0076755	-0.005078	0.0077109	0.029847	0.032636	8.4481
919.3	0.0092066	-0.027432	-0.13277	-0.31173	-0.42158	-0.25999	-0.72501	-0.97316	-1.2366	-1.897	-2.2218	-2.7773	-3.3019	-3.482	-1.9535	-0.41129	0.43683	0.8653	0.83045	0.58229	0.38063	0.21415	0.096915	0.044186	0.016153	0.011741	0.010222	0.0038873	0.025617	0.032588	8.7337
919.3	0.028633	-0.053431	-0.1736	-0.32402	-0.43169	-0.25463	-0.74463	-0.984	-1.2592	-1.9057	-2.462	-2.9329	-3.4098	-3.737	-2.1778	-0.42866	0.38016	0.8519	0.85519	0.6092	0.40871	0.24168	0.12312	0.063352	0.027046	0.01011	0.0013687	0.00083867	0.034823	0.024504	8.9574
918.03	0.010066	-0.036146	-0.15632	-0.32201	-0.45438	-0.25677	-0.78573	-0.97869	-1.2843	-1.961	-2.3359	-3.1187	-3.5973	-3.9151	-2.3964	-0.60312	0.31226	0.85309	0.85957	0.62048	0.42417	0.24976	0.13149	0.071787	0.034095	0.011757	0.017488	0.0069471	0.03152	0.016448	9.1961
916.11	0.02619	-0.040967	-0.16418	-0.29885	-0.4461	-0.27523	-0.77872	-1.015	-1.3177	-1.9563	-2.5632	-3.1772	-3.8047	-4.0636	-2.5095	-0.83957	0.26943	0.85398	0.86618	0.64269	0.43998	0.24338	0.15477	0.075282	0.032605	0.020781	0.0062192	0.0092565	0.024865	0.022969	9.3864
916.85	0.0033031	-0.038564	-0.15652	-0.30272	-0.45404	-0.28665	-0.78909	-1.0184	-1.3343	-2.0338	-2.5704	-3.3566	-3.8848	-4.2417	-2.6873	-0.80407	0.2032	0.84433	0.88147	0.66654	0.44294	0.28458	0.15218	0.08107	0.048181	0.019947	0.017511	0.020712	0.026523	0.031865	9.5465
915.26	0.020276	-0.02676	-0.15847	-0.31311	-0.46406	-0.28535	-0.77865	-1.0478	-1.3617	-2.0286	-2.6398	-3.1889	-3.9749	-4.4143	-2.7731	-0.94499	0.15249	0.83235	0.86698	0.65898	0.46196	0.28076	0.16231	0.093767	0.039667	0.029807	0.018349	0.020748	0.025729	0.023803	9.7232
916.75	-0.0026254	-0.056738	-0.15487	-0.30111	-0.46238	-0.28489	-0.79312	-1.0494	-1.3643	-2.1043	-2.5522	-3.253	-4.0516	-4.5803	-2.9845	-1.0131	0.096255	0.82115	0.86477	0.6701	0.47364	0.30187	0.16041	0.096958	0.042725	0.024853	0.014285	0.0038982	0.019811	0.017279	9.8848
912.49	0.010127	-0.024462	-0.16147	-0.32479	-0.47288	-0.24934	-0.81975	-1.0745	-1.3796	-2.0259	-2.6106	-3.451	-4.2043	-4.6266	-2.8267	-1.0178	0.074874	0.81869	0.86721	0.69771	0.4875	0.29894	0.18426	0.10329	0.067224	0.052072	0.011919	0.023883	0.013159	0.021432	10.054
911.42	-0.0086042	-0.048331	-0.14569	-0.32765	-0.46694	-0.26674	-0.8207	-1.0682	-1.3845	-2.1343	-2.7721	-3.4027	-4.2929	-4.8476	-3.0925	-1.1328	0.022848	0.81604	0.86983	0.68452	0.48557	0.29843	0.18943	0.10593	0.054747	0.029111	0.021673	0.016223	0.026681	0.019826	10.138
914.3	0.0033123	-0.041049	-0.15612	-0.33073	-0.459	-0.28206	-0.8268	-1.0899	-1.4052	-2.1188	-2.7726	-3.4094	-4.3294	-4.8572	-3.1549	-1.1642	0.0060174	0.80539	0.87351	0.69371	0.50065	0.30094	0.18307	0.10643	0.05692	0.035576	0.030507	0.0069754	0.022389	0.029516	10.217
913.98	0.0033135	-0.04344	-0.16121	-0.31355	-0.45084	-0.3127	-0.8263	-1.0694	-1.4211	-2.1548	-2.7364	-3.4801	-4.2558	-4.9085	-3.156	-1.1733	-0.041758	0.80658	0.86739	0.71229	0.49916	0.33306	0.19548	0.1115	0.051462	0.04133	0.039419	0.016177	0.019029	0.013268	10.303
914.19	0.0033127	-0.037091	-0.16117	-0.35465	-0.46275	-0.30993	-0.80165	-1.0892	-1.4216	-2.0838	-2.7172	-3.3924	-4.43	-5.0811	-3.2996	-1.2341	-0.056834	0.79651	0.86077	0.71213	0.52314	0.32952	0.18556	0.11231	0.066316	0.037219	0.025653	0.00084336	0.019025	0.023018	10.386
913.34	-0.0077364	-0.041092	-0.163	-0.32036	-0.45764	-0.34257	-0.83635	-1.1137	-1.4407	-2.0946	-2.8778	-3.5521	-4.3924	-5.152	-3.2214	-1.4275	-0.073664	0.79456	0.86399	0.71017	0.50035	0.33416	0.19727	0.11997	0.057763	0.045461	0.028109	0.019258	0.020729	0.0075825	10.418
909.61	0.0033294	-0.036481	-0.15945	-0.31506	-0.4753	-0.31871	-0.81362	-1.0964	-1.4515	-2.0412	-2.8056	-3.3746	-4.3853	-5.1482	-3.3344	-1.3807	-0.07902	0.79872	0.86108	0.71396	0.52744	0.32857	0.2047	0.1272	0.06901	0.044823	0.022531	0.015485	0.027581	0.015782	10.452
912.91	0.011823	-0.058566	-0.16475	-0.31392	-0.46433	-0.31036	-0.85333	-1.1	-1.4244	-2.2279	-2.814	-3.5364	-4.5365	-5.1544	-3.3133	-1.3758	-0.10055	0.78863	0.87323	0.71662	0.50723	0.32046	0.20313	0.11079	0.060925	0.040556	0.02488	0.020802	0.016523	0.01898	10.446
913.23	-8.4536e-005	-0.038717	-0.16469	-0.30474	-0.46509	-0.29947	-0.8404	-1.1046	-1.453	-2.183	-2.8782	-3.4308	-4.5099	-5.194	-3.4295	-1.4801	-0.10723	0.78656	0.85846	0.7085	0.51953	0.33593	0.1874	0.11495	0.061686	0.038902	0.01758	0.022328	0.023256	0.019787	10.489
914.19	0.00076443	-0.041053	-0.16787	-0.30607	-0.45443	-0.29287	-0.83163	-1.0968	-1.4337	-2.0662	-2.8566	-3.3664	-4.4634	-5.2051	-3.4259	-1.496	-0.10879	0.78573	0.868	0.70864	0.51068	0.32433	0.21026	0.12405	0.061622	0.045417	0.024844	0.01004	0.010607	0.02058	10.464
909.61	0.0058905	-0.031704	-0.16787	-0.32581	-0.4688	-0.29525	-0.8152	-1.1318	-1.445	-2.0412	-2.8803	-3.4532	-4.5278	-5.2396	-3.4522	-1.4334	-0.10092	0.78789	0.86511	0.71747	0.51742	0.3277	0.21049	0.10951	0.072942	0.034936	0.02985	0.0077798	0.0064313	0.0092464	10.454
909.18	-0.012041	-0.045262	-0.16458	-0.31272	-0.46716	-0.3315	-0.80765	-1.1037	-1.4506	-2.1661	-2.947	-3.481	-4.488	-5.1423	-3.4629	-1.4165	-0.10265	0.78555	0.88165	0.71956	0.51266	0.3383	0.19155	0.11799	0.072973	0.045669	0.024982	0.0047024	0.023363	-0.003007	10.431
912.06	-0.0085981	-0.037973	-0.15146	-0.29605	-0.43511	-0.30795	-0.82171	-1.1069	-1.4346	-2.23	-2.8632	-3.3568	-4.4237	-5.1758	-3.3797	-1.517	-0.085526	0.79297	0.87324	0.71029	0.5177	0.3485	0.20002	0.11593	0.058629	0.026625	0.024091	0.015443	-0.0045549	0.0075932	10.436
913.55	-0.0060341	-0.036326	-0.17302	-0.31617	-0.47603	-0.29846	-0.80537	-1.0866	-1.4153	-2.0764	-2.6912	-3.4818	-4.4081	-5.1591	-3.3471	-1.3224	-0.076999	0.79437	0.8694	0.71525	0.5102	0.3211	0.1997	0.11407	0.068712	0.030681	0.023244	0.017719	0.0080873	0.012459	10.437
912.7	-0.0034873	-0.041914	-0.14464	-0.29667	-0.46443	-0.27986	-0.80375	-1.1002	-1.4028	-2.0431	-2.8612	-3.4328	-4.3788	-5.0976	-3.2327	-1.3061	-0.040979	0.80321	0.87263	0.71067	0.50569	0.3188	0.19329	0.10914	0.052319	0.04385	0.01759	0.0162	0.019899	0.01003	10.372
910.67	0.012704	-0.037235	-0.16095	-0.30394	-0.44691	-0.2958	-0.77386	-1.0648	-1.3978	-2.198	-2.7837	-3.3357	-4.3634	-4.7852	-3.1403	-1.2827	0.021184	0.80049	0.85685	0.69472	0.48763	0.30475	0.16644	0.10433	0.046936	0.022551	0.0086936	0.012388	0.0005071	0.02474	10.178
909.5	-0.0034995	-0.030914	-0.14936	-0.30185	-0.42891	-0.3377	-0.80816	-1.0696	-1.398	-2.0945	-2.6939	-3.3924	-4.1761	-4.675	-2.9992	-1.1791	0.076807	0.82769	0.87327	0.66754	0.48993	0.29384	0.18238	0.10363	0.036774	0.029996	0.029853	0.018568	0.0055848	0.019051	9.9874
915.47	-8.4329e-005	-0.046535	-0.16513	-0.31304	-0.46765	-0.27094	-0.78714	-1.0291	-1.3582	-2.0721	-2.5929	-3.2141	-3.9656	-4.4876	-2.9346	-0.93605	0.13405	0.82409	0.86198	0.67016	0.46932	0.27724	0.15077	0.078682	0.036535	0.014246	0.0078389	-0.0022192	0.014795	0.0051299	9.8017
915.68	0.025354	-0.034658	-0.15756	-0.28831	-0.42324	-0.31122	-0.77356	-1.0172	-1.3336	-2.0452	-2.6293	-3.3001	-3.7731	-4.3214	-2.6908	-0.99684	0.18087	0.83376	0.86097	0.64648	0.45014	0.28322	0.15484	0.075317	0.027933	0.01015	0.0078371	-0.0014539	0.0013459	0.014056	9.5571
911.63	-0.0051955	-0.027662	-0.17507	-0.30775	-0.44366	-0.27298	-0.76592	-1.0066	-1.3168	-1.9483	-2.5013	-3.2189	-3.9488	-4.2411	-2.5851	-0.71238	0.21865	0.84286	0.85997	0.63884	0.43714	0.24891	0.13158	0.068928	0.030411	0.0085516	-0.0018656	-0.0083772	0.0047297	0.020638	9.3623
912.91	0.0075709	-0.039524	-0.15552	-0.29248	-0.46062	-0.29777	-0.76722	-0.99844	-1.2882	-1.8573	-2.4699	-3.11	-3.7094	-4.1027	-2.464	-0.74635	0.27876	0.85967	0.85314	0.62658	0.42156	0.24683	0.13964	0.046174	0.010781	-0.0037757	-0.015638	0.0046831	0.022423	0.015725	9.1357
917.17	0.0016081	-0.021968	-0.15647	-0.26978	-0.43822	-0.26865	-0.72276	-0.97877	-1.2411	-1.9365	-2.2547	-2.983	-3.5923	-3.9187	-2.2638	-0.53406	0.3209	0.83956	0.84598	0.59757	0.40884	0.23362	0.10288	0.047629	0.013071	-0.0062098	-0.023635	-0.0022151	0.016446	0.022942	8.8486
917.49	0.010916	-0.051168	-0.17144	-0.29184	-0.42241	-0.25692	-0.71858	-0.98344	-1.2133	-1.7778	-2.3465	-2.904	-3.4331	-3.7443	-2.1641	-0.48169	0.38425	0.86879	0.84488	0.60084	0.36897	0.21113	0.095465	0.026738	-0.0095421	-0.0094748	-0.014756	-0.0029777	0.0088908	0.030223	8.5947
918.24	0.014291	-0.025097	-0.14961	-0.28832	-0.43311	-0.26476	-0.72114	-0.92507	-1.2002	-1.9255	-2.1781	-2.6854	-3.3971	-3.412	-1.8749	-0.36832	0.44818	0.85468	0.82902	0.57689	0.35543	0.18857	0.077352	0.014202	0.0052662	-0.029056	-0.025218	-0.016709	0.018102	0.036673	8.312
915.04	0.026221	-0.030727	-0.15181	-0.28357	-0.39214	-0.26568	-0.70632	-0.94002	-1.1769	-1.6241	-2.1857	-2.5298	-3.0922	-3.2504	-1.7733	-0.29111	0.50501	0.85587	0.81909	0.55884	0.35087	0.17713	0.074332	0.0016916	-0.022073	-0.037348	-0.032582	-0.018301	0.014803	0.017311	8.0081
916.53	0.024485	-0.04569	-0.14237	-0.27818	-0.41271	-0.24465	-0.69415	-0.90338	-1.15	-1.6566	-2.1729	-2.413	-2.9541	-3.0306	-1.6624	-0.13391	0.5652	0.85179	0.81616	0.5231	0.32047	0.14923	0.059428	-0.0041607	-0.018135	-0.042194	-0.035757	-0.028209	0.013101	0.038361	7.686
920.05	0.020171	-0.01639	-0.14848	-0.26894	-0.39368	-0.25799	-0.6625	-0.87995	-1.1118	-1.5978	-1.9708	-2.3089	-2.7687	-2.7396	-1.2168	0.12682	0.63715	0.86014	0.77796	0.50202	0.29614	0.1289	0.036293	-0.013306	-0.032838	-0.042847	-0.042053	-0.013632	0.016394	0.026102	7.3714
922.07	0.028547	-0.0069261	-0.15397	-0.27814	-0.39282	-0.26099	-0.66182	-0.85226	-1.0668	-1.5593	-2.0586	-2.2349	-2.5724	-2.5696	-1.2231	0.031329	0.68893	0.84044	0.75636	0.4663	0.25266	0.10117	0.014172	-0.032385	-0.052157	-0.055756	-0.043566	-0.0326	0.013019	0.03249	7.04
918.88	0.013437	-0.039267	-0.15618	-0.26928	-0.38775	-0.21098	-0.64843	-0.84022	-1.0319	-1.591	-1.7977	-2.0352	-2.5232	-2.2741	-1.0209	0.18778	0.72384	0.83711	0.73824	0.43232	0.23288	0.080871	0.008487	-0.04834	-0.043776	-0.058397	-0.053379	-0.027375	0.013903	0.023709	6.6798
916.11	0.027039	-0.033061	-0.15163	-0.27996	-0.3594	-0.21968	-0.6126	-0.8068	-1.0067	-1.5255	-1.6549	-2.0673	-2.2561	-2.0747	-0.85292	0.50196	0.76366	0.81635	0.71405	0.39007	0.20292	0.061266	-0.025997	-0.064376	-0.070454	-0.06512	-0.051924	-0.042756	0.0038655	0.0059384	6.3134
922.07	0.019286	-0.030491	-0.14899	-0.2708	-0.36716	-0.19689	-0.60864	-0.7833	-0.9561	-1.4807	-1.681	-1.873	-2.1422	-1.8891	-0.57906	0.47274	0.7878	0.79593	0.67443	0.35379	0.16866	0.031712	-0.045421	-0.077252	-0.08784	-0.076077	-0.069241	-0.051598	0.010516	0.020404	5.9545
925.48	0.029282	-0.019422	-0.14016	-0.23727	-0.36033	-0.18996	-0.58691	-0.74565	-0.91341	-1.3012	-1.4454	-1.6602	-1.9201	-1.6126	-0.52347	0.4796	0.81884	0.77615	0.65213	0.33352	0.13686	0.012799	-0.063147	-0.10097	-0.084425	-0.089564	-0.073782	-0.053679	-0.0044888	0.045215	5.5774
926.33	0.028416	-0.023315	-0.13342	-0.24355	-0.34267	-0.18979	-0.56769	-0.74083	-0.88223	-1.3087	-1.4166	-1.53	-1.7289	-1.4315	-0.35381	0.64286	0.82967	0.74797	0.61431	0.28927	0.096566	-0.016233	-0.098843	-0.11329	-0.11523	-0.10485	-0.066527	-0.055143	0.020438	0.021112	5.2213
925.06	0.016704	-0.028045	-0.1394	-0.24633	-0.32761	-0.18739	-0.556	-0.70955	-0.83626	-1.2321	-1.3084	-1.4462	-1.6489	-1.1475	-0.28298	0.58337	0.84323	0.70641	0.56996	0.23619	0.069612	-0.046173	-0.10223	-0.12338	-0.11462	-0.11958	-0.084213	-0.065067	0.0071537	0.026762	4.8121
924.84	0.026784	-0.030401	-0.12369	-0.2472	-0.32586	-0.15636	-0.54598	-0.6567	-0.80366	-0.97109	-1.1343	-1.4294	-1.3029	-1.0251	0.055835	0.74743	0.84757	0.67728	0.52092	0.20173	0.039247	-0.078672	-0.12749	-0.13501	-0.14094	-0.12123	-0.09943	-0.061293	0.00049934	0.034802	4.4164
925.27	0.026771	-0.023342	-0.13109	-0.20722	-0.34489	-0.17138	-0.52313	-0.63901	-0.7769	-0.96194	-1.1888	-1.2828	-1.2528	-0.82853	0.17169	0.73848	0.84387	0.64415	0.46202	0.14902	-0.0067277	-0.10769	-0.14614	-0.17303	-0.13933	-0.13413	-0.10898	-0.055964	0.0088177	0.038802	4.0676
929.31	0.032502	-0.033372	-0.11568	-0.21523	-0.30611	-0.15296	-0.47817	-0.59583	-0.70903	-0.94909	-1.074	-1.0122	-1.0996	-0.69475	0.24194	0.82971	0.8369	0.58039	0.40318	0.10458	-0.047555	-0.14806	-0.16656	-0.19289	-0.15104	-0.14081	-0.11089	-0.073816	-0.0028151	0.02824	3.6763
928.57	0.029185	-0.01624	-0.12485	-0.21459	-0.30453	-0.15839	-0.47389	-0.57403	-0.75581	-0.97588	-0.90111	-1.0558	-0.91157	-0.46734	0.30431	0.84757	0.82602	0.52429	0.35531	0.057393	-0.081941	-0.1831	-0.19183	-0.20212	-0.17658	-0.15545	-0.11178	-0.070857	0.0071267	0.022662	3.3015
928.68	0.017475	-0.014676	-0.11163	-0.19106	-0.29722	-0.1239	-0.45287	-0.55004	-0.66491	-0.80229	-0.95587	-0.87607	-0.739	-0.41843	0.38421	0.86465	0.82015	0.46766	0.28261	0.010984	-0.11546	-0.20777	-0.21936	-0.22767	-0.19504	-0.16511	-0.13009	-0.075376	0.001327	0.033059	2.8796
930.38	0.037471	-0.020876	-0.11801	-0.20608	-0.27397	-0.12808	-0.44506	-0.52433	-0.63109	-0.77485	-0.84459	-0.91715	-0.64747	-0.117	0.4101	0.74298	0.76018	0.39799	0.21271	-0.050795	-0.1683	-0.23288	-0.25213	-0.23055	-0.20545	-0.18414	-0.13303	-0.072978	0.0046312	0.028208	2.5031
933.57	0.027363	-0.022357	-0.10694	-0.20699	-0.26036	-0.10567	-0.4165	-0.53321	-0.60199	-0.82399	-0.66887	-0.56515	-0.51454	0.01298	0.52355	0.79172	0.7305	0.32541	0.13891	-0.11388	-0.22547	-0.26088	-0.28594	-0.25109	-0.22237	-0.18994	-0.13258	-0.080986	-0.013518	0.036864	2.1204
932.4	0.023236	-0.020056	-0.11365	-0.18465	-0.24981	-0.12252	-0.4	-0.49033	-0.5599	-0.66951	-0.61508	-0.70217	-0.48246	0.16705	0.66573	0.80985	0.66076	0.2413	0.065925	-0.16623	-0.251	-0.30022	-0.30648	-0.26866	-0.22188	-0.20625	-0.14782	-0.08785	0.00049686	0.032927	1.7118
933.68	0.029025	-0.016148	-0.11103	-0.1723	-0.23952	-0.095983	-0.36701	-0.45027	-0.52585	-0.47016	-0.6779	-0.52253	-0.26941	0.2073	0.70898	0.87713	0.61391	0.17943	-0.0064404	-0.21729	-0.29864	-0.32945	-0.33267	-0.28635	-0.23077	-0.20517	-0.13811	-0.088481	0.0054402	0.034475	1.332
934.85	0.038955	-0.023875	-0.089588	-0.17128	-0.21933	-0.08357	-0.35652	-0.42185	-0.47692	-0.59883	-0.55897	-0.50489	-0.17933	0.31218	0.86691	0.70529	0.53119	0.10984	-0.080189	-0.26055	-0.34213	-0.35695	-0.34594	-0.30074	-0.27103	-0.21694	-0.15772	-0.087622	-0.0060892	0.032046	0.93229
936.02	0.038906	-0.011466	-0.092749	-0.15659	-0.2344	-0.094865	-0.35685	-0.42132	-0.45025	-0.51203	-0.53105	-0.25814	-0.081313	0.33601	0.71603	0.72146	0.45195	0.0053486	-0.16315	-0.3344	-0.38876	-0.40888	-0.37044	-0.32246	-0.2554	-0.22147	-0.16226	-0.10174	0.0013166	0.033594	0.56289
936.23	0.03724	-0.028482	-0.098456	-0.1461	-0.22352	-0.06854	-0.33674	-0.38522	-0.413	-0.39144	-0.38583	-0.24112	0.00017457	0.60242	0.79514	0.56787	0.36592	-0.086708	-0.2775	-0.39825	-0.44788	-0.43074	-0.38884	-0.33139	-0.24007	-0.21822	-0.17013	-0.11893	-0.0019712	0.013747	0.1417
937.72	0.018135	-0.019169	-0.08196	-0.14507	-0.18892	-0.070185	-0.28467	-0.34702	-0.38079	-0.41661	-0.37615	-0.15603	0.032707	0.5531	0.82907	0.54144	0.25341	-0.17411	-0.36545	-0.46059	-0.47794	-0.46548	-0.39786	-0.36599	-0.29384	-0.23785	-0.19747	-0.086605	-0.0011479	0.0089692	-0.21876
936.55	0.03474	-0.011459	-0.088606	-0.14444	-0.19638	-0.065012	-0.29812	-0.32782	-0.34177	-0.39131	-0.24967	-0.062928	0.21191	0.63452	0.698	0.5336	0.13758	-0.283	-0.46929	-0.52763	-0.52718	-0.51334	-0.44497	-0.39181	-0.28199	-0.26376	-0.18034	-0.094944	-0.010189	0.024056	-0.62191
936.55	0.028106	-0.010688	-0.077973	-0.13801	-0.17743	-0.044856	-0.265	-0.30819	-0.30859	-0.28811	-0.11367	-0.020526	0.33406	0.69909	0.79487	0.40579	0.028779	-0.38204	-0.55153	-0.59154	-0.5807	-0.54289	-0.46346	-0.38036	-0.29115	-0.28136	-0.18587	-0.10916	-0.017583	0.020881	-0.97951
938.89	0.032997	-0.010658	-0.063907	-0.11763	-0.16889	-0.026383	-0.25052	-0.2805	-0.26764	-0.25308	-0.20385	0.04722	0.30886	0.74565	0.83682	0.40478	-0.096137	-0.49824	-0.65875	-0.65296	-0.61888	-0.57943	-0.47513	-0.43653	-0.32471	-0.28146	-0.18935	-0.11038	-0.0118	0.02162	-1.3615
937.62	0.021448	-0.016854	-0.073798	-0.11939	-0.17633	-0.039552	-0.2324	-0.25473	-0.24749	-0.11598	-0.095442	0.13201	0.46384	0.77086	0.71481	0.20104	-0.23599	-0.60047	-0.75196	-0.71684	-0.6756	-0.60805	-0.51913	-0.41751	-0.32363	-0.28743	-0.20617	-0.11576	-0.0019683	0.020858	-1.7102
938.68	0.035486	-0.019149	-0.06637	-0.10803	-0.15452	0.0050921	-0.21907	-0.24547	-0.19834	-0.17592	0.013229	0.19955	0.5202	0.87468	0.81064	0.15831	-0.37284	-0.7397	-0.85035	-0.78914	-0.72419	-0.64021	-0.56104	-0.43418	-0.33621	-0.29749	-0.21067	-0.1231	-0.0052466	0.025584	-2.0467
940.81	0.034583	-0.012178	-0.06622	-0.098986	-0.14878	0.0059525	-0.19788	-0.227	-0.17745	-0.055655	0.14858	0.24131	0.47849	0.81648	0.651	-0.020178	-0.51531	-0.85494	-0.9568	-0.83061	-0.76613	-0.6665	-0.56937	-0.45193	-0.34762	-0.31434	-0.21491	-0.12877	-0.019956	0.033423	-2.3985
938.89	0.042095	0.00091218	-0.044323	-0.088765	-0.15359	0.0077139	-0.18292	-0.20217	-0.13999	-0.081491	0.094612	0.33488	0.55257	0.82618	0.68748	-0.19871	-0.63876	-0.94935	-1.0572	-0.88671	-0.82188	-0.70323	-0.56412	-0.49038	-0.35442	-0.31498	-0.21771	-0.12008	-0.014262	0.022411	-2.6788
940.81	0.054389	-0.0067882	-0.054006	-0.083783	-0.13531	0.013804	-0.18025	-0.17977	-0.13105	-0.038524	0.13054	0.3342	0.62442	0.88075	0.68608	-0.1644	-0.78078	-1.0565	-1.1424	-0.94258	-0.8525	-0.72029	-0.58618	-0.50404	-0.36282	-0.31992	-0.22828	-0.10867	-0.0076888	0.019998	-2.9805
938.36	0.044602	-0.00063013	-0.038633	-0.086409	-0.13477	0.021713	-0.16842	-0.17289	-0.11878	-0.081538	0.10371	0.36047	0.59355	0.90722	0.61754	-0.26687	-0.91916	-1.166	-1.243	-1.0097	-0.89437	-0.7525	-0.60696	-0.51434	-0.37749	-0.31356	-0.2407	-0.13882	-0.010168	0.027968	-3.2762
938.26	0.032192	-0.012212	-0.048437	-0.088024	-0.12397	0.0077158	-0.14999	-0.13126	-0.081733	-0.030049	0.13992	0.5129	0.78056	0.8187	0.51214	-0.50505	-1.0769	-1.2789	-1.3339	-1.0736	-0.93332	-0.79135	-0.6351	-0.5095	-0.3821	-0.33596	-0.24151	-0.14182	-0.013451	0.022428	-3.5185
937.72	0.035522	0.0024572	-0.054183	-0.076836	-0.11683	0.010348	-0.14315	-0.11745	-0.069946	-0.038651	0.23962	0.42001	0.77286	0.85946	0.47723	-0.48831	-1.1543	-1.3506	-1.3878	-1.1074	-0.95976	-0.80782	-0.64028	-0.52286	-0.40139	-0.34175	-0.23692	-0.11425	-0.015921	0.012932	-3.7517
940.17	0.032954	-0.0044815	-0.049967	-0.076636	-0.090469	0.020799	-0.14048	-0.12448	-0.058747	-0.047113	0.14868	0.40201	0.71409	0.83311	0.52864	-0.58891	-1.2507	-1.4117	-1.4536	-1.1283	-0.97584	-0.81497	-0.64822	-0.54431	-0.38437	-0.3576	-0.23709	-0.12215	-0.010968	0.014478	-4.0094
936.45	0.033085	0.00091456	-0.041985	-0.076135	-0.10436	0.027017	-0.12255	-0.10207	-0.044761	-0.047301	0.29434	0.43754	0.83094	0.79605	0.3546	-0.76168	-1.3677	-1.5014	-1.5244	-1.183	-0.99837	-0.84608	-0.66446	-0.54893	-0.40881	-0.34462	-0.24672	-0.12937	-0.0044362	0.02247	-4.2
937.3	0.016486	-0.012223	-0.041129	-0.072856	-0.093448	0.036624	-0.11321	-0.091347	-0.038408	0.1504	0.33033	0.51343	0.80577	0.72272	0.31908	-0.89722	-1.4736	-1.5684	-1.599	-1.2126	-1.0185	-0.87484	-0.67992	-0.55252	-0.40233	-0.3515	-0.26623	-0.14271	-0.01182	0.012145	-4.4241
936.98	0.023121	-0.0068159	-0.032148	-0.08252	-0.085364	0.055909	-0.098619	-0.077478	-0.013155	0.012903	0.33948	0.58143	0.78163	0.81979	0.29276	-0.96567	-1.5844	-1.6696	-1.6661	-1.2752	-1.0286	-0.88442	-0.71229	-0.56579	-0.42537	-0.35162	-0.24105	-0.13678	-0.02743	0.024045	-4.6102
938.79	0.020596	-0.0060332	-0.039431	-0.054298	-0.0807	0.039189	-0.093051	-0.078146	0.016816	0.03862	0.3931	0.59723	0.74764	0.80211	0.32735	-0.9893	-1.6777	-1.7311	-1.7019	-1.2948	-1.0614	-0.90293	-0.72375	-0.56959	-0.42074	-0.35493	-0.26896	-0.14473	-0.0044252	0.014499	-4.7643
936.45	0.044693	0.0001401	-0.044439	-0.064079	-0.083609	0.055066	-0.087892	-0.061162	0.02002	0.12473	0.42129	0.59023	0.78207	0.79605	0.21367	-1.0429	-1.7661	-1.7986	-1.7743	-1.316	-1.0738	-0.92292	-0.71912	-0.5792	-0.42943	-0.36542	-0.27437	-0.1391	-0.02005	0.011362	-4.9504
938.04	0.035512	-0.012214	-0.029663	-0.062366	-0.078964	0.055849	-0.088513	-0.054523	0.021563	0.081578	0.41152	0.53841	0.69943	0.81082	0.14297	-1.1177	-1.884	-1.8891	-1.8307	-1.3639	-1.0987	-0.93821	-0.73475	-0.58393	-0.43023	-0.36241	-0.27706	-0.14409	-0.020836	0.0097593	-5.0617
937.83	0.036347	-0.0075831	-0.032937	-0.055958	-0.081681	0.038356	-0.084688	-0.05617	0.038133	0.073013	0.48405	0.61477	0.88665	0.77068	0.19576	-1.1775	-1.913	-1.8957	-1.8624	-1.3804	-1.0997	-0.95275	-0.7293	-0.57181	-0.43871	-0.36808	-0.2716	-0.16056	-0.014279	0.010555	-5.1746
935.7	0.033111	0.013299	-0.03465	-0.065739	-0.067421	0.064758	-0.075629	-0.049748	0.046918	0.1937	0.3944	0.56523	0.88866	0.61085	0.16978	-1.1631	-1.96	-1.9386	-1.8816	-1.4023	-1.129	-0.9583	-0.7559	-0.59031	-0.43895	-0.36892	-0.25878	-0.14446	-0.018422	0.019312	-5.2845
936.66	0.016497	0.006327	-0.019892	-0.055224	-0.070056	0.057683	-0.074012	-0.02843	0.048448	0.15909	0.40307	0.60706	0.83891	0.65058	0.019912	-1.2472	-2.0479	-1.9945	-1.929	-1.4222	-1.1506	-0.97505	-0.76075	-0.59461	-0.44613	-0.36294	-0.25693	-0.1286	-0.0044352	0.020879	-5.37
935.81	0.030618	0.0055578	-0.029734	-0.053667	-0.070123	0.066507	-0.072538	-0.03173	0.050073	0.13344	0.43064	0.6161	0.75815	0.65117	0.011104	-1.3421	-2.0522	-2.0226	-1.9495	-1.4337	-1.1589	-0.96241	-0.76305	-0.61398	-0.43584	-0.36808	-0.26033	-0.14069	-0.031577	0.029631	-5.4279
936.02	0.024804	0.0063313	-0.023998	-0.046416	-0.060175	0.055091	-0.05634	-0.029268	0.069823	0.17643	0.46685	0.66686	0.85578	0.67526	-0.024141	-1.572	-2.1508	-2.0633	-1.9875	-1.4479	-1.166	-0.9774	-0.75242	-0.61466	-0.4365	-0.3792	-0.24446	-0.13617	-0.020058	0.010574	-5.4752
937.09	0.02726	0.0070951	-0.014159	-0.036725	-0.074535	0.059408	-0.053198	-0.025964	0.061059	0.09886	0.43007	0.56439	0.79781	0.55348	-0.041707	-1.3914	-2.1868	-2.096	-2.0283	-1.4454	-1.1671	-0.97376	-0.77326	-0.61478	-0.44135	-0.35478	-0.26708	-0.13901	-0.011825	0.027212	-5.5088
936.34	0.032258	-0.001406	-0.025625	-0.031929	-0.066472	0.084001	-0.064024	-0.025987	0.071379	0.27098	0.55738	0.67513	0.69257	0.69925	-0.05056	-1.5629	-2.2237	-2.1266	-2.0315	-1.4798	-1.1891	-0.98805	-0.7803	-0.61036	-0.46004	-0.36067	-0.2665	-0.13463	0.0054247	0.013745	-5.5332
934.85	0.028987	0.0024648	-0.013374	-0.044864	-0.053019	0.063941	-0.047153	-0.007998	0.082572	0.22834	0.48559	0.71019	0.78341	0.60331	-0.14768	-1.6679	-2.2518	-2.1634	-2.0535	-1.483	-1.1975	-0.97863	-0.77269	-0.62117	-0.46307	-0.36765	-0.26535	-0.13784	-0.017615	0.027277	-5.5485
934.96	0.034799	0.0055628	-0.023204	-0.044858	-0.064762	0.090271	-0.046376	-0.021107	0.06832	0.15078	0.47644	0.57418	0.75886	0.59516	-0.015352	-1.5226	-2.3024	-2.1667	-2.0721	-1.4896	-1.1998	-1.009	-0.77341	-0.60553	-0.4546	-0.38765	-0.27164	-0.14907	-0.0019739	0.019327	-5.5256
935.49	0.032287	-0.0021826	-0.035476	-0.036788	-0.058404	0.071793	-0.045579	-0.015364	0.074607	0.055968	0.43079	0.67575	0.84811	0.68372	0.055199	-1.5814	-2.27	-2.1681	-2.0725	-1.4922	-1.1999	-0.99064	-0.77297	-0.61009	-0.46122	-0.3642	-0.27228	-0.14449	-0.015959	0.028054	-5.5287
936.34	0.025625	0.0047801	-0.032989	-0.048812	-0.061959	0.053319	-0.057861	-0.025167	0.072958	0.19355	0.52109	0.57334	0.70886	0.61849	-0.12984	-1.4521	-2.2704	-2.1459	-2.0628	-1.4942	-1.2012	-0.98467	-0.77709	-0.60463	-0.46462	-0.37427	-0.26808	-0.16681	-0.012655	0.014537	-5.5271
936.34	0.031429	-0.0083697	-0.030535	-0.051224	-0.064666	0.053319	-0.057092	-0.01944	0.078489	0.18497	0.44853	0.61575	0.86362	0.63466	0.046346	-1.5033	-2.2695	-2.1486	-2.0667	-1.4832	-1.202	-0.98129	-0.76664	-0.61608	-0.44323	-0.36146	-0.26808	-0.13538	-0.01923	0.012158	-5.5164
935.81	0.033937	0.011749	-0.035464	-0.045622	-0.068314	0.054226	-0.060978	-0.035825	0.05877	0.17647	0.3853	0.65005	0.83966	0.62693	0.037547	-1.6065	-2.2299	-2.1147	-2.0326	-1.461	-1.1897	-0.98523	-0.75742	-0.60907	-0.42896	-0.37288	-0.25954	-0.13695	-0.010195	0.012958	-5.5424
932.83	0.02905	0.014892	-0.029829	-0.048996	-0.067629	0.060558	-0.06813	-0.024441	0.051821	0.064758	0.39561	0.65212	0.85053	0.61273	0.037667	-1.449	-2.1664	-2.0871	-2.0139	-1.4588	-1.1748	-0.98414	-0.75177	-0.59787	-0.45794	-0.35479	-0.25085	-0.13889	-0.0069285	0.0026447	-5.4142
934.53	0.03066	-0.009159	-0.035513	-0.06421	-0.071121	0.069232	-0.068779	-0.04653	0.047768	0.15945	0.41307	0.49794	0.81633	0.67633	0.037598	-1.3439	-2.0788	-2.0236	-1.9475	-1.4263	-1.1451	-0.9595	-0.7504	-0.59515	-0.43491	-0.36136	-0.2686	-0.13789	-0.014326	0.018541	-5.257
936.66	0.023129	-0.0052726	-0.027253	-0.053617	-0.084492	0.04629	-0.081713	-0.044789	0.049239	0.09031	0.45745	0.61554	0.86332	0.75551	0.18721	-1.3579	-1.9874	-1.9498	-1.8961	-1.4009	-1.1384	-0.94466	-0.72941	-0.60524	-0.42704	-0.37254	-0.2593	-0.14057	-0.023332	0.021672	-5.1167
936.13	0.041391	-0.015334	-0.040361	-0.067318	-0.097175	0.055963	-0.092545	-0.066093	0.025558	0.20221	0.34887	0.57347	0.83123	0.71557	0.20494	-1.1711	-1.8805	-1.8886	-1.84	-1.3556	-1.1163	-0.93421	-0.72259	-0.59167	-0.4227	-0.35835	-0.24206	-0.13765	-0.018414	0.012954	-4.9199
935.38	0.036443	0.0078834	-0.036299	-0.067372	-0.10087	0.049862	-0.098016	-0.058774	0.012133	0.1335	0.4036	0.58243	0.82374	0.63531	0.24037	-1.1721	-1.755	-1.8147	-1.7842	-1.3226	-1.0856	-0.90114	-0.71109	-0.57659	-0.43375	-0.36985	-0.24542	-0.13851	-0.0036206	0.035205	-4.7002
936.66	0.033906	-0.011458	-0.048519	-0.084155	-0.10975	0.033146	-0.10327	-0.07996	0.00026938	0.11609	0.37587	0.49681	0.65975	0.82815	0.3369	-0.92339	-1.6185	-1.7026	-1.6987	-1.2799	-1.0273	-0.88978	-0.71334	-0.55862	-0.40337	-0.35494	-0.24903	-0.1286	-0.013474	0.028019	-4.4882
934.64	0.036472	-0.0006356	-0.032229	-0.077089	-0.10275	0.042878	-0.12279	-0.092428	-0.018726	0.064632	0.41302	0.49788	0.66935	0.78142	0.31999	-0.93392	-1.6073	-1.6852	-1.6687	-1.2553	-1.0149	-0.88071	-0.70199	-0.56475	-0.43333	-0.34368	-0.23533	-0.11988	-0.012679	0.023309	-4.2762
934.42	0.027338	-0.011486	-0.042895	-0.095635	-0.1073	0.05255	-0.12899	-0.096548	-0.043275	0.073279	0.43128	0.43849	0.77562	0.82203	0.28474	-0.78041	-1.4994	-1.6127	-1.6023	-1.23	-1.0095	-0.84791	-0.67637	-0.54848	-0.4074	-0.36541	-0.21321	-0.13715	-0.015975	0.02888	-4.0261
934.74	0.031485	-0.0076081	-0.032225	-0.085133	-0.10907	0.052532	-0.14129	-0.11783	-0.038513	-0.030162	0.32213	0.43834	0.76718	0.81368	0.31995	-0.69477	-1.3923	-1.5129	-1.5178	-1.1843	-0.96851	-0.82478	-0.68339	-0.536	-0.37818	-0.32921	-0.2258	-0.12661	-0.0069143	0.02728	-3.7731
935.28	0.032295	0.0024636	-0.059239	-0.10118	-0.11985	-0.0019117	-0.15278	-0.13004	-0.065384	-0.04736	0.31286	0.48905	0.67703	0.70003	0.36384	-0.69438	-1.2646	-1.4287	-1.4456	-1.1265	-0.95822	-0.80402	-0.6484	-0.5316	-0.3902	-0.3186	-0.23279	-0.13029	-0.0060865	0.018528	-3.5093
935.06	0.023168	0.0001403	-0.06171	-0.1004	-0.12891	0.023545	-0.15359	-0.13499	-0.088342	-0.073216	0.2857	0.42968	0.69352	0.82956	0.54033	-0.37875	-1.0904	-1.3035	-1.3486	-1.0832	-0.88453	-0.78306	-0.62278	-0.50222	-0.37652	-0.31627	-0.21623	-0.11383	0.015307	0.038395	-3.2228
934	0.028183	0.0078951	-0.06014	-0.11019	-0.12906	0.0059943	-0.17384	-0.16549	-0.10745	0.012944	0.0041913	0.41317	0.7923	0.79004	0.62043	-0.49882	-0.97431	-1.1793	-1.2598	-1.034	-0.8831	-0.75094	-0.60093	-0.49869	-0.34709	-0.29417	-0.20539	-0.11471	0.013678	0.028894	-2.8845
933.89	0.015715	-0.015371	-0.064249	-0.09569	-0.14627	0.011269	-0.18467	-0.18684	-0.1344	-0.090548	0.0041917	0.25161	0.69439	0.79822	0.62934	-0.24251	-0.84891	-1.1039	-1.1885	-0.96751	-0.85637	-0.72986	-0.57117	-0.47578	-0.34942	-0.30544	-0.20541	-0.11247	0.0013196	0.027305	-2.624
934.11	0.040648	-0.0083897	-0.063415	-0.10131	-0.14261	0.011266	-0.19312	-0.1991	-0.15338	-0.13365	0.086011	0.31958	0.6044	0.83041	0.65569	-0.15702	-0.6773	-0.98146	-1.0869	-0.91176	-0.81553	-0.69329	-0.57668	-0.46501	-0.34016	-0.29012	-0.19507	-0.1132	-0.010214	0.032072	-2.3071
935.7	0.041409	0.0078807	-0.06003	-0.10677	-0.17217	-0.0062962	-0.21977	-0.22578	-0.19028	-0.090373	0.058638	0.15773	0.56262	0.7886	0.70744	-0.011764	-0.55006	-0.87803	-0.98789	-0.85562	-0.76463	-0.68197	-0.54433	-0.44047	-0.32199	-0.28322	-0.18604	-0.12199	-0.00032842	0.02487	-1.9432
934.74	0.0265	-0.010709	-0.072387	-0.12942	-0.17597	-0.017719	-0.2416	-0.24978	-0.22292	-0.28867	-0.18658	0.13241	0.4	0.84601	0.69935	0.090666	-0.40965	-0.76126	-0.87904	-0.79161	-0.73048	-0.63022	-0.51106	-0.43273	-0.32156	-0.28992	-0.19573	-0.11012	-0.0027987	0.032844	-1.6158
933.89	0.034839	-0.016921	-0.071631	-0.13518	-0.18698	-0.016857	-0.23873	-0.27134	-0.24847	-0.30619	-0.086735	0.12402	0.43304	0.83869	0.9031	0.1762	-0.27795	-0.65824	-0.79659	-0.73935	-0.67911	-0.59862	-0.50992	-0.41344	-0.29352	-0.26611	-0.18957	-0.10722	-0.016808	0.016962	-1.2748
935.38	0.028973	-0.011474	-0.078889	-0.13095	-0.19301	-0.028238	-0.26148	-0.29384	-0.26706	-0.31431	-0.12291	0.17478	0.4568	0.70805	0.75178	0.34656	-0.15793	-0.5475	-0.702	-0.68357	-0.64637	-0.56977	-0.48255	-0.37428	-0.29152	-0.25447	-0.17661	-0.089819	-0.0069096	0.034413	-0.90038
934.42	0.031495	-0.014586	-0.090448	-0.12383	-0.19501	-0.051107	-0.26947	-0.31464	-0.3188	-0.19395	-0.38657	0.047446	0.18792	0.72494	0.84964	0.31275	-0.01051	-0.43474	-0.59596	-0.60484	-0.58771	-0.54074	-0.46371	-0.39926	-0.28493	-0.26115	-0.17679	-0.08991	0.0046143	0.041603	-0.5428
934.32	0.032328	-0.026991	-0.089639	-0.14559	-0.19504	-0.059899	-0.31118	-0.33599	-0.34179	-0.37501	-0.25937	-0.12259	0.20424	0.70076	0.84091	0.42383	0.11822	-0.3074	-0.47591	-0.53744	-0.54064	-0.50356	-0.45732	-0.35257	-0.27118	-0.25717	-0.1681	-0.089171	-0.0028	0.026499	-0.16857
934.21	0.025683	-0.026994	-0.098669	-0.16737	-0.23124	-0.071328	-0.31508	-0.36965	-0.38618	-0.52163	-0.1776	-0.16511	0.13897	0.628	0.76156	0.56056	0.2068	-0.2389	-0.39981	-0.48539	-0.50981	-0.46469	-0.43642	-0.34687	-0.26892	-0.23634	-0.16495	-0.095182	-0.0060965	0.030477	0.2299
934.64	0.022348	-0.03163	-0.098624	-0.15199	-0.25283	-0.083589	-0.34657	-0.39899	-0.40579	-0.59034	-0.34105	-0.20754	0.098095	0.56299	0.77886	0.69691	0.32966	-0.12199	-0.30231	-0.42882	-0.45596	-0.43825	-0.4032	-0.35081	-0.22747	-0.23863	-0.14905	-0.10114	-0.013503	0.043183	0.6009
