13111	4	3	91	26.5	752.5	1	9	8	0.582	128	4096	10	0	0	0	0	74.493	933.48	1.4159e+006	0.1153	0.025136	40.008	0	0	1	0	0	0	11	0	0
929	0.0074398	-0.045077	-0.16685	-0.29147	-0.3999	-0.24226	-0.66466	-0.8756	-1.0517	-1.6951	-1.9518	-2.261	-2.5121	-2.5423	-1.0808	0.22011	0.6871	0.85274	0.77284	0.47915	0.27612	0.11999	0.035945	-0.023899	-0.036371	-0.017425	-0.01935	7.7507e-005	0.029489	0.034646	7.3169
927.82	0.02586	-0.034986	-0.1588	-0.26344	-0.3922	-0.23725	-0.6756	-0.90808	-1.0993	-1.593	-2.0733	-2.3152	-2.6222	-2.7248	-1.2155	-0.072071	0.64585	0.84408	0.79516	0.49868	0.29856	0.15424	0.051404	0.019008	-0.0017268	-0.019871	-0.01539	-0.0052104	0.012111	0.0427	7.6709
929	0.011618	-0.028704	-0.17509	-0.29309	-0.41081	-0.23342	-0.69959	-0.9391	-1.1441	-1.7038	-2.0798	-2.4918	-2.898	-2.9411	-1.5957	-0.1493	0.58896	0.8439	0.80442	0.51609	0.31862	0.18638	0.058631	0.014861	-0.008653	-0.020652	-0.0050144	-0.0021869	0.022035	0.041046	8.0399
927.08	0.014992	-0.040483	-0.17132	-0.30669	-0.44174	-0.25781	-0.7096	-0.94765	-1.1736	-1.7594	-2.1482	-2.6341	-3.0603	-3.2082	-1.7325	-0.20986	0.50837	0.84653	0.81004	0.55073	0.35368	0.20298	0.086357	0.035553	0.0044449	-0.0004846	-0.0034297	0.005367	0.034531	0.047541	8.4239
927.5	0.022519	-0.0053247	-0.16794	-0.2895	-0.42058	-0.25149	-0.71083	-0.98273	-1.2185	-1.8281	-2.2296	-2.7185	-3.2809	-3.5898	-1.8473	-0.29581	0.44123	0.85853	0.8413	0.58145	0.39609	0.23443	0.10417	0.047926	0.021409	0.023757	0.010132	0.026519	0.031198	0.034702	8.8274
927.93	0.0082831	-0.030298	-0.16043	-0.30316	-0.45317	-0.26111	-0.73615	-1.0145	-1.273	-1.8793	-2.3933	-2.8713	-3.4685	-3.8407	-2.2553	-0.57088	0.35021	0.84221	0.84012	0.6044	0.41637	0.24966	0.12603	0.071019	0.04298	0.018093	0.014908	0.012914	0.040304	0.019473	9.2263
925.69	0.016691	-0.045238	-0.15751	-0.33072	-0.43966	-0.27947	-0.75429	-1.0649	-1.2944	-2.084	-2.4083	-3.1014	-3.8806	-4.1358	-2.6617	-0.75329	0.23519	0.8345	0.85007	0.64121	0.4387	0.2793	0.15967	0.084433	0.056992	0.039996	0.021339	0.023542	0.035415	0.028351	9.6205
922.39	0.023486	-0.039904	-0.17385	-0.33844	-0.46505	-0.26268	-0.78045	-1.0704	-1.3488	-2.0216	-2.5274	-3.3622	-3.9606	-4.4949	-2.7696	-0.98959	0.15215	0.83214	0.8555	0.67465	0.47815	0.30087	0.17656	0.10965	0.069603	0.048265	0.03826	0.029703	0.039711	0.034091	10.037
923.46	0.020096	-0.035937	-0.17033	-0.30218	-0.4755	-0.29082	-0.77408	-1.0849	-1.3905	-2.1152	-2.6992	-3.3928	-4.1543	-4.8827	-3.1593	-1.1526	0.02255	0.79207	0.86326	0.68165	0.48993	0.32279	0.19266	0.11367	0.081142	0.051454	0.037413	0.032705	0.019667	0.030028	10.416
923.67	0.0074827	-0.036711	-0.15785	-0.32004	-0.44977	-0.29253	-0.83949	-1.1278	-1.4286	-2.1409	-2.818	-3.4694	-4.5332	-5.2826	-3.4979	-1.4202	-0.12675	0.77678	0.87417	0.72037	0.52928	0.35268	0.22196	0.14019	0.079572	0.066858	0.043011	0.028146	0.026327	0.024391	10.863
922.82	0.011696	-0.038315	-0.16962	-0.32197	-0.4566	-0.28746	-0.83714	-1.1529	-1.4933	-2.0992	-2.9126	-3.4984	-4.6448	-5.6398	-3.5994	-1.7155	-0.24226	0.75704	0.85432	0.74784	0.55692	0.36928	0.2344	0.16522	0.10367	0.090472	0.045456	0.047154	0.023017	0.027633	11.225
921.86	-0.010192	-0.043856	-0.16648	-0.3076	-0.46532	-0.31625	-0.86461	-1.184	-1.5349	-2.2936	-3.1644	-3.7175	-4.9723	-5.9573	-3.9968	-2.0117	-0.39293	0.71865	0.84645	0.75728	0.57397	0.39969	0.2575	0.16373	0.12473	0.085688	0.063962	0.045683	0.023874	0.025243	11.633
918.35	-0.016995	-0.057429	-0.16544	-0.32517	-0.48182	-0.32909	-0.88598	-1.1844	-1.5811	-2.3112	-3.3707	-3.8442	-5.3817	-6.3423	-4.4522	-2.1758	-0.53876	0.66867	0.85448	0.78364	0.59932	0.41758	0.26341	0.18856	0.12599	0.083569	0.057761	0.031361	0.018937	0.021295	11.982
918.35	-0.018685	-0.064527	-0.17128	-0.32763	-0.47906	-0.31568	-0.91033	-1.2295	-1.5835	-2.3463	-3.232	-3.9912	-5.5727	-6.6222	-4.8204	-2.4538	-0.71312	0.63649	0.82813	0.7958	0.62744	0.44857	0.2798	0.21108	0.14234	0.097443	0.085153	0.045859	0.021453	0.014015	12.342
916.96	-0.038189	-0.071735	-0.17655	-0.32567	-0.46688	-0.32958	-0.90462	-1.2606	-1.6319	-2.5518	-3.4406	-4.1965	-5.8556	-7.028	-5.1155	-2.7186	-0.84035	0.59538	0.81498	0.81441	0.63832	0.47081	0.30649	0.21892	0.14256	0.099224	0.073985	0.047456	0.012254	0.0035019	12.703
916.22	-0.037373	-0.072582	-0.15161	-0.32429	-0.46911	-0.31641	-0.92583	-1.2867	-1.6704	-2.6594	-3.5175	-4.2432	-6.0519	-7.2978	-5.2727	-2.9212	-0.94305	0.55734	0.81404	0.82292	0.67117	0.47551	0.31249	0.22746	0.16219	0.11648	0.096654	0.057435	0.012264	-0.012714	13.027
913.76	-0.035773	-0.069608	-0.15454	-0.31445	-0.49349	-0.28043	-0.922	-1.2935	-1.7145	-2.4726	-3.6199	-4.3416	-6.4604	-7.5656	-5.5757	-3.1648	-1.094	0.51931	0.79856	0.84434	0.68709	0.50101	0.32816	0.23645	0.16184	0.1332	0.10015	0.058357	0.021561	0.007579	13.397
915.68	-0.074706	-0.079742	-0.16927	-0.32612	-0.49061	-0.3148	-0.8925	-1.2824	-1.7287	-2.661	-3.7607	-4.4886	-6.7468	-7.8882	-5.8432	-3.4981	-1.259	0.46085	0.76565	0.85302	0.69229	0.5155	0.33815	0.24599	0.17634	0.13374	0.086206	0.045991	0.0063886	-0.0111	13.707
915.04	-0.090032	-0.12096	-0.17944	-0.3354	-0.48264	-0.31323	-0.91046	-1.3235	-1.78	-2.7421	-3.7726	-4.7175	-6.8515	-8.2077	-6.1898	-3.6488	-1.3872	0.41811	0.75576	0.85885	0.70107	0.52796	0.35649	0.25203	0.18663	0.11254	0.096777	0.070529	0.00387	-0.010295	13.983
915.15	-0.086626	-0.098784	-0.18862	-0.31891	-0.47519	-0.29974	-0.92848	-1.3158	-1.779	-2.5921	-3.9206	-4.795	-7.1007	-8.5042	-6.5226	-3.9187	-1.5075	0.3777	0.73323	0.85614	0.72173	0.54518	0.37372	0.26958	0.1952	0.133	0.099192	0.053676	-0.0095852	-0.021661	14.29
911.42	-0.099759	-0.11508	-0.19612	-0.33095	-0.47529	-0.31537	-0.93782	-1.3161	-1.8123	-2.7353	-4.0112	-4.7536	-7.4813	-8.8791	-6.6307	-4.25	-1.7028	0.33061	0.69599	0.88065	0.73718	0.54481	0.37112	0.26984	0.19286	0.14259	0.09554	0.057739	-0.0045581	-0.033978	14.547
909.29	-0.099993	-0.13845	-0.18816	-0.32013	-0.46804	-0.35764	-0.94478	-1.3639	-1.8173	-2.7771	-4.0299	-4.9919	-7.6498	-9.1493	-6.9909	-4.4793	-1.8357	0.27723	0.68391	0.88711	0.74392	0.5687	0.39103	0.28648	0.20197	0.1421	0.099016	0.061728	-0.022343	-0.020166	14.808
911.42	-0.13043	-0.15481	-0.1894	-0.31526	-0.4688	-0.29736	-0.93624	-1.3884	-1.848	-2.7883	-4.0578	-4.9541	-7.5901	-9.327	-7.1374	-4.5914	-1.8979	0.24596	0.66783	0.88065	0.75968	0.57171	0.40746	0.29674	0.19914	0.15492	0.10041	0.047744	-0.020601	-0.047021	15.034
912.49	-0.14815	-0.17527	-0.24039	-0.32314	-0.43769	-0.28352	-0.91222	-1.3448	-1.8118	-2.6879	-4.0996	-5.166	-7.857	-9.3078	-7.2918	-4.7522	-1.9435	0.23487	0.65659	0.87788	0.76129	0.58924	0.39214	0.288	0.21302	0.13174	0.089753	0.05383	-0.035755	-0.067323	15.253
912.49	-0.16517	-0.16654	-0.20933	-0.33304	-0.45343	-0.27272	-0.90827	-1.3541	-1.8004	-2.7762	-4.1926	-5.0789	-7.8821	-9.3741	-7.3189	-4.621	-1.9678	0.22138	0.65016	0.877	0.76295	0.57884	0.41028	0.29807	0.19969	0.16378	0.10434	0.055368	-0.030696	-0.065693	15.459
908.54	-0.19067	-0.22227	-0.25155	-0.32454	-0.41355	-0.2983	-0.88046	-1.3254	-1.8099	-2.7705	-4.0987	-5.0135	-7.8995	-9.498	-7.5232	-4.9046	-2.0843	0.17446	0.62553	0.88608	0.75122	0.59614	0.42449	0.31117	0.2226	0.14964	0.099097	0.037869	-0.036758	-0.073339	15.603
907.8	-0.20707	-0.21367	-0.28214	-0.34305	-0.46787	-0.27594	-0.90184	-1.3383	-1.8285	-2.8172	-4.1207	-5.1664	-7.9732	-9.764	-7.5293	-5.0493	-2.1223	0.16375	0.6212	0.87362	0.76857	0.57834	0.41987	0.29961	0.21097	0.15719	0.09429	0.046392	-0.059677	-0.085676	15.779
907.37	-0.21744	-0.24969	-0.2924	-0.3822	-0.44481	-0.26522	-0.8649	-1.2891	-1.8114	-2.8451	-4.1788	-5.1425	-8.1199	-9.6769	-7.5511	-4.9637	-2.1486	0.16473	0.632	0.87755	0.77897	0.60476	0.43085	0.31495	0.22604	0.15066	0.10983	0.044097	-0.043592	-0.08981	15.929
910.04	-0.2279	-0.26408	-0.30923	-0.40093	-0.45465	-0.22746	-0.81878	-1.2676	-1.7793	-2.6598	-4.1199	-5.1275	-8.1631	-9.6984	-7.4474	-4.993	-2.1432	0.15343	0.63337	0.87936	0.77001	0.60299	0.40725	0.30308	0.21516	0.16257	0.089994	0.030107	-0.052764	-0.099345	16.029
910.46	-0.26276	-0.28623	-0.33096	-0.44539	-0.52683	-0.2544	-0.8382	-1.2418	-1.7662	-2.8089	-4.146	-5.2298	-8.2599	-9.669	-7.6432	-5.1222	-2.1801	0.1209	0.61133	0.87895	0.76632	0.59576	0.42608	0.29284	0.20956	0.14192	0.10051	0.043947	-0.062038	-0.099298	16.167
906.84	-0.26295	-0.30335	-0.35763	-0.48452	-0.53732	-0.30339	-0.81929	-1.1682	-1.6974	-2.6336	-4.0502	-5.1543	-8.1835	-9.6743	-7.4646	-5.0898	-2.1634	0.13586	0.62024	0.8807	0.77608	0.60773	0.42363	0.30162	0.21671	0.1367	0.10255	0.030213	-0.086894	-0.12837	16.218
905.88	-0.28894	-0.30847	-0.41382	-0.47839	-0.59665	-0.36442	-0.89897	-1.2354	-1.5931	-2.4586	-3.9607	-5.0896	-7.9901	-9.6678	-7.5544	-4.8926	-2.1184	0.1795	0.63871	0.89309	0.78277	0.61535	0.42823	0.30786	0.20983	0.14925	0.090406	0.015549	-0.077642	-0.12359	16.306
908.65	-0.34959	-0.36173	-0.45219	-0.57385	-0.60599	-0.40306	-1.0796	-1.2392	-1.6745	-2.3004	-3.7057	-4.6982	-7.2439	-8.6898	-6.8869	-4.5264	-1.8767	0.22412	0.66905	0.88861	0.76784	0.58389	0.40953	0.29933	0.1966	0.14385	0.086874	0.027839	-0.098579	-0.14202	16.366
903.53	-0.38336	-0.40626	-0.42931	-0.59543	-0.88718	-0.5943	-1.2501	-1.426	-1.6881	-1.9925	-2.8057	-3.8105	-5.6894	-6.8563	-5.3285	-3.4833	-1.3743	0.39437	0.75565	0.89541	0.76631	0.58632	0.40352	0.30187	0.19613	0.13139	0.086546	0.010159	-0.10595	-0.1568	16.398
900.87	-0.39829	-0.47902	-0.61682	-0.67657	-0.9095	-0.73182	-1.4043	-1.4378	-1.4253	-1.6228	-2.371	-2.8606	-3.6658	-5.0219	-4.0076	-2.6255	-0.85281	0.53312	0.82221	0.89274	0.75509	0.56962	0.40304	0.28661	0.19195	0.12595	0.074485	-0.0076984	-0.12591	-0.14984	16.411
898.52	-0.45463	-0.50042	-0.82051	-1.0805	-1.1272	-0.70815	-1.2804	-1.3691	-1.2776	-1.385	-1.6967	-2.2404	-2.9199	-3.4532	-2.9441	-1.8152	-0.46538	0.64048	0.85619	0.88353	0.72917	0.56407	0.37058	0.26263	0.17016	0.11627	0.057389	-0.014739	-0.1605	-0.18827	16.437
898.2	-0.68474	-0.74089	-0.80203	-0.99116	-0.9376	-0.6161	-1.2078	-1.3926	-1.4757	-1.3317	-1.3853	-1.6044	-2.0208	-2.3013	-2.1004	-1.3627	-0.15849	0.7458	0.88508	0.86696	0.69308	0.51057	0.33971	0.23458	0.13598	0.063748	0.0055184	-0.093536	-0.25822	-0.31821	16.428
897.24	-0.60067	-0.60688	-0.6714	-0.95112	-1.0186	-0.65427	-1.3674	-1.3011	-1.1945	-1.2164	-1.614	-1.7478	-1.666	-1.8487	-1.928	-0.91948	0.033455	0.80515	0.90892	0.82964	0.64304	0.48292	0.32497	0.19299	0.093875	0.021218	-0.033228	-0.13971	-0.31425	-0.36326	16.411
897.24	-0.59374	-0.67065	-0.81997	-0.98468	-1.1128	-0.60487	-1.2444	-1.3207	-1.4171	-1.1267	-1.0367	-1.1812	-1.4195	-1.1072	-1.5235	-0.48368	0.22472	0.84449	0.92854	0.80474	0.62781	0.45648	0.29561	0.19384	0.09547	0.014536	-0.032404	-0.12331	-0.28852	-0.34422	16.405
903.75	-0.60236	-0.72833	-0.94461	-0.95427	-1.0852	-0.66591	-1.1158	-1.0789	-1.0704	-1.0651	-0.87887	-1.0936	-1.1814	-1.0741	-1.403	-0.28592	0.33754	0.87474	0.92185	0.7804	0.5964	0.43132	0.26766	0.1543	0.067083	0.0077943	-0.06164	-0.14258	-0.30517	-0.37216	16.402
901.08	-0.70237	-0.74897	-0.94231	-0.99969	-0.98243	-0.54673	-1.0959	-1.003	-0.87247	-0.95201	-1.0511	-0.7971	-1.1595	-1.0857	-1.0868	-0.27791	0.40826	0.90101	0.93109	0.75703	0.56614	0.3817	0.22919	0.1165	0.010923	-0.032104	-0.09959	-0.20911	-0.36586	-0.43593	16.404
898.31	-0.6838	-0.74	-0.87187	-0.96759	-0.8961	-0.46892	-0.93946	-0.89186	-0.86445	-0.87426	-0.95036	-0.94989	-1.0951	-1.089	-0.98001	-0.1455	0.48798	0.90471	0.90049	0.72649	0.52647	0.34415	0.19889	0.065687	-0.018502	-0.077255	-0.13449	-0.23705	-0.41581	-0.47946	16.426
900.02	-0.68336	-0.73457	-0.73317	-0.87543	-0.87187	-0.46073	-0.83912	-0.81271	-0.86939	-0.8368	-0.90139	-0.91279	-0.98287	-0.92737	-0.96897	-0.029954	0.56707	0.90208	0.90856	0.70206	0.49088	0.32241	0.15586	0.051091	-0.031183	-0.10126	-0.163	-0.24439	-0.4193	-0.47772	16.329
909.61	-0.61299	-0.65038	-0.8383	-0.84799	-0.81715	-0.44053	-0.72798	-0.89763	-0.77645	-0.91652	-0.90121	-0.99922	-1.1151	-1.275	-0.83183	-0.073514	0.56951	0.89347	0.87721	0.65518	0.4665	0.29206	0.14181	0.049709	-0.050514	-0.096069	-0.15803	-0.2395	-0.39373	-0.43838	16.143
913.98	-0.57862	-0.59656	-0.66665	-0.68416	-0.77997	-0.43753	-0.81841	-0.82376	-0.81564	-0.7535	-0.67391	-0.82061	-0.86771	-1.1035	-0.81882	0.17132	0.62211	0.8874	0.87301	0.6276	0.44848	0.25866	0.13125	0.015104	-0.062792	-0.12431	-0.17832	-0.24602	-0.38932	-0.43547	15.97
909.5	-0.56098	-0.59153	-0.78533	-0.8067	-0.77451	-0.38824	-0.78437	-0.69641	-0.74644	-0.70407	-0.78929	-0.77224	-0.75457	-0.9177	-0.85912	0.15462	0.64454	0.9008	0.87408	0.62893	0.42815	0.26689	0.11286	0.026131	-0.04816	-0.10679	-0.15561	-0.22797	-0.33878	-0.39268	15.757
903.11	-0.61654	-0.66629	-0.67807	-0.70323	-0.74725	-0.42825	-0.85541	-0.77769	-0.69357	-0.77151	-0.77607	-0.68977	-0.92883	-1.0163	-0.61864	0.16455	0.68304	0.89627	0.86809	0.62632	0.42361	0.2609	0.11199	0.011045	-0.061172	-0.11336	-0.16162	-0.25209	-0.37356	-0.41603	15.542
899.91	-0.51778	-0.56564	-0.6941	-0.74588	-0.73207	-0.35772	-0.80796	-0.79152	-0.71823	-0.81003	-0.56181	-0.68338	-0.89823	-0.9527	-0.56584	0.34248	0.69228	0.91678	0.88911	0.62056	0.43862	0.27061	0.11991	0.032369	-0.047878	-0.093774	-0.13836	-0.22261	-0.31674	-0.36219	15.301
900.76	-0.58367	-0.58601	-0.63816	-0.65492	-0.70135	-0.35647	-0.65747	-0.69807	-0.69455	-0.80926	-0.74038	-0.92084	-1.1853	-1.254	-0.84915	0.067523	0.66696	0.89131	0.86058	0.60934	0.41376	0.25016	0.11061	0.022981	-0.056567	-0.11116	-0.1448	-0.22085	-0.35403	-0.39402	15.076
909.93	-0.54706	-0.56101	-0.56437	-0.5929	-0.62557	-0.34656	-0.77053	-0.83753	-0.77943	-0.85425	-0.99422	-1.0163	-1.1901	-1.3078	-0.90404	0.18086	0.6434	0.89316	0.864	0.62601	0.41626	0.24591	0.11446	0.011804	-0.05364	-0.086976	-0.14334	-0.20399	-0.32171	-0.38433	14.817
908.22	-0.44037	-0.4871	-0.58483	-0.65949	-0.66303	-0.368	-0.72433	-0.79609	-0.70188	-0.82924	-0.8839	-1.0095	-1.2343	-1.3685	-0.94206	0.13727	0.64545	0.8876	0.86885	0.614	0.41955	0.27161	0.1039	0.021106	-0.044291	-0.090441	-0.12406	-0.17814	-0.29011	-0.3147	14.556
903.96	-0.44245	-0.47257	-0.54437	-0.6601	-0.78954	-0.43239	-0.79556	-0.84391	-0.76657	-0.83315	-0.81291	-1.023	-1.1305	-1.1324	-0.58154	0.15557	0.67138	0.8927	0.86565	0.60542	0.42657	0.24928	0.097726	0.026289	-0.055576	-0.085891	-0.13037	-0.17976	-0.27786	-0.30714	14.267
898.84	-0.48989	-0.51716	-0.53894	-0.6178	-0.68781	-0.34718	-0.71504	-0.76348	-0.85159	-0.90956	-0.94035	-1.0554	-1.1878	-1.2987	-0.86013	0.26299	0.6948	0.90691	0.87466	0.60265	0.40112	0.25686	0.093259	0.016212	-0.036794	-0.098888	-0.12453	-0.1917	-0.28372	-0.33203	13.944
909.5	-0.40304	-0.42908	-0.50483	-0.50214	-0.57384	-0.31062	-0.66939	-0.74611	-0.77735	-0.93434	-1.1161	-1.1303	-1.5513	-1.724	-1.0677	0.058087	0.62096	0.89357	0.85795	0.60612	0.40978	0.23385	0.10789	0.016865	-0.043441	-0.077129	-0.10355	-0.16711	-0.25671	-0.31099	13.665
913.45	-0.39875	-0.42405	-0.4582	-0.52057	-0.58154	-0.26884	-0.64439	-0.76134	-0.88819	-0.78921	-1.2507	-1.3168	-1.6531	-1.9069	-1.0902	-0.029514	0.58054	0.87983	0.84863	0.60001	0.40219	0.2363	0.094241	0.015114	-0.045603	-0.081719	-0.1193	-0.16408	-0.25307	-0.28443	13.36
908.44	-0.37958	-0.41443	-0.4135	-0.40329	-0.53172	-0.26581	-0.65667	-0.68964	-0.8369	-1.2281	-1.538	-1.9973	-2.5774	-2.7247	-1.6591	-0.35472	0.48928	0.87926	0.87995	0.63582	0.41444	0.26198	0.12376	0.018571	-0.01436	-0.072269	-0.10123	-0.13722	-0.22228	-0.26719	13.017
905.45	-0.26078	-0.31501	-0.39709	-0.46864	-0.47655	-0.22045	-0.6915	-0.81291	-0.90992	-1.2232	-1.7681	-2.2233	-2.6533	-2.9174	-1.6919	-0.29419	0.44097	0.90845	0.90067	0.65466	0.45187	0.26284	0.13165	0.057554	0.0029706	-0.031122	-0.063158	-0.098205	-0.15077	-0.17124	12.687
906.84	-0.30405	-0.30175	-0.34665	-0.39487	-0.42364	-0.32511	-0.69124	-0.79139	-0.98604	-1.4345	-1.8778	-2.2111	-2.7333	-2.963	-1.8712	-0.51374	0.4006	0.86543	0.86937	0.64926	0.43192	0.27029	0.14141	0.050707	0.0053324	-0.033554	-0.067957	-0.09419	-0.14545	-0.17098	12.328
900.76	-0.18456	-0.25555	-0.31666	-0.44935	-0.47903	-0.20975	-0.63585	-0.81204	-0.96148	-1.5068	-1.7868	-2.4818	-3.0481	-3.3942	-2.0303	-0.65897	0.37268	0.86306	0.88989	0.64212	0.45506	0.28615	0.13902	0.067208	0.011722	-0.024627	-0.040489	-0.076935	-0.10713	-0.12181	11.954
907.9	-0.16172	-0.17536	-0.23738	-0.31316	-0.37661	-0.10685	-0.6658	-0.82506	-1.0729	-1.5748	-1.9223	-2.5672	-3.167	-3.4175	-2.0052	-0.54831	0.36131	0.87616	0.87481	0.66608	0.45316	0.2839	0.14788	0.067524	0.02187	-0.021132	-0.047505	-0.059351	-0.093572	-0.088121	11.623
909.72	-0.10507	-0.14396	-0.1847	-0.31254	-0.40558	-0.26724	-0.6613	-0.80489	-1.074	-1.6956	-2.0212	-2.7018	-3.3787	-3.66	-2.2007	-0.66126	0.30753	0.86178	0.87791	0.66387	0.43973	0.28334	0.13931	0.061495	0.014751	-0.0013172	-0.029518	-0.041517	-0.062089	-0.079778	11.22
904.71	-0.13826	-0.16237	-0.2179	-0.32259	-0.4153	-0.18797	-0.64105	-0.92366	-1.1405	-1.6961	-2.3046	-2.9977	-3.5828	-3.931	-2.5593	-0.7443	0.25165	0.86837	0.88844	0.66137	0.46735	0.2718	0.14757	0.093167	0.018785	-0.0038099	-0.023142	-0.047167	-0.058179	-0.083505	10.866
906.3	-0.06691	-0.10614	-0.15158	-0.26969	-0.36609	-0.17858	-0.6248	-0.90851	-1.167	-1.7909	-2.1506	-2.896	-3.5934	-3.9407	-2.3819	-0.72537	0.27403	0.86322	0.89254	0.66549	0.47239	0.294	0.15478	0.08455	0.040059	0.01687	0.0087356	-0.022344	-0.020716	-0.015313	10.489
910.14	-0.022265	-0.041236	-0.13832	-0.24127	-0.36269	-0.19947	-0.65307	-0.9232	-1.1662	-1.8098	-2.2908	-3.0147	-3.6536	-4.0404	-2.5078	-0.70479	0.27288	0.86499	0.87024	0.65392	0.44453	0.27799	0.14751	0.070725	0.029677	0.0060951	-0.0043074	0.0093172	-0.01471	-0.0095357	10.11
910.14	0.029776	-0.022934	-0.097912	-0.25698	-0.3859	-0.20398	-0.64435	-0.95266	-1.2052	-1.978	-2.2255	-2.9187	-3.6871	-4.0155	-2.4081	-0.57327	0.31749	0.86318	0.88314	0.6469	0.43869	0.27712	0.12849	0.070725	0.036748	0.015976	0.0038212	0.012395	0.0098093	0.024754	9.7005
905.03	0.026511	-0.0062583	-0.11624	-0.23681	-0.3582	-0.22963	-0.68943	-0.9682	-1.1907	-1.8468	-2.2099	-3.0581	-3.5731	-3.8126	-2.1939	-0.47069	0.37008	0.8853	0.89056	0.63557	0.43698	0.27083	0.12755	0.081284	0.042488	0.0053003	0.019374	0.01324	0.027721	0.039671	9.3139
908.33	0.044366	0.0017383	-0.13016	-0.2434	-0.3755	-0.21614	-0.69725	-0.95287	-1.1774	-1.8401	-2.286	-2.8721	-3.493	-3.624	-2.1042	-0.46019	0.42524	0.88027	0.86552	0.62008	0.41282	0.23763	0.12378	0.062431	0.020284	0.0028055	-0.0035005	0.0054778	0.032702	0.037889	8.909
911.21	0.036556	-0.0093934	-0.13143	-0.24594	-0.39565	-0.20465	-0.6903	-0.95323	-1.1583	-1.7459	-2.1949	-2.7323	-3.3648	-3.3553	-1.835	-0.38867	0.46341	0.86218	0.86118	0.60236	0.38151	0.21519	0.10686	0.052146	0.023361	0.0044407	0.0046298	0.015458	0.015708	0.043477	8.5312
907.37	0.045268	-0.025398	-0.13452	-0.25859	-0.36659	-0.19104	-0.67255	-0.92264	-1.1502	-1.6023	-2.0264	-2.7351	-2.9923	-3.3362	-1.7701	-0.17045	0.53207	0.89206	0.86158	0.57764	0.36639	0.21261	0.094041	0.040546	0.0029643	-0.011233	-0.0043206	0.014751	0.043762	0.056763	8.1412
905.24	0.027364	-0.014256	-0.12975	-0.25421	-0.39452	-0.18061	-0.66377	-0.90958	-1.1022	-1.615	-2.1907	-2.5836	-2.9741	-3.1269	-1.5738	-0.2061	0.57733	0.88055	0.85308	0.55079	0.34041	0.17381	0.06599	0.015251	-0.0041389	-0.020366	-0.012503	-0.00069557	0.035364	0.045407	7.7526
907.05	0.035012	0.015315	-0.13457	-0.2537	-0.36579	-0.17753	-0.64973	-0.87567	-1.0731	-1.5763	-2.1488	-2.4733	-2.7663	-2.9123	-1.3797	-0.047325	0.64037	0.88604	0.82388	0.53121	0.33303	0.15777	0.071669	0.0059305	-0.015172	-0.020326	-0.016556	0.0047134	0.029355	0.042039	7.3714
912.06	0.043334	0.0049088	-0.12459	-0.27047	-0.35081	-0.18916	-0.6343	-0.84566	-1.0437	-1.444	-1.8484	-2.2507	-2.6341	-2.6393	-1.2184	0.15417	0.70069	0.88387	0.79523	0.5073	0.28125	0.13783	0.039914	-0.0058617	-0.014303	-0.040757	-0.026198	0.011603	0.040162	0.047512	6.9553
916.85	0.032944	-0.0077565	-0.12143	-0.2436	-0.33976	-0.19533	-0.59558	-0.82118	-0.98656	-1.533	-1.8851	-2.2129	-2.3458	-2.3121	-1.0951	0.25782	0.74549	0.85687	0.75587	0.43588	0.25079	0.090537	0.0085057	-0.030064	-0.043093	-0.041362	-0.03978	-0.027436	0.021486	0.025381	6.5375
922.71	0.038625	-0.0029973	-0.12979	-0.23879	-0.35042	-0.1763	-0.59649	-0.78026	-0.94903	-1.4971	-1.5602	-1.9148	-2.149	-1.9943	-0.80213	0.43781	0.79141	0.8283	0.72484	0.37776	0.20805	0.077967	-0.0013369	-0.055612	-0.053672	-0.068714	-0.031508	-0.024983	0.024687	0.042936	6.1529
917.39	0.045621	-0.010121	-0.13639	-0.24264	-0.32022	-0.13795	-0.56772	-0.76225	-0.91422	-1.1722	-1.4952	-1.8306	-1.937	-1.7587	-0.57303	0.51865	0.81103	0.80626	0.68827	0.35995	0.17449	0.045665	-0.025961	-0.055933	-0.06022	-0.066662	-0.056692	-0.019781	0.023151	0.039135	5.7834
913.23	0.035627	-0.011752	-0.12946	-0.22479	-0.32908	-0.15655	-0.53871	-0.74642	-0.89974	-1.2128	-1.4927	-1.6563	-1.7788	-1.6011	-0.36791	0.58218	0.84241	0.79375	0.63758	0.32838	0.13038	0.00691	-0.041739	-0.07884	-0.085558	-0.069427	-0.06424	-0.026011	0.024943	0.042569	5.438
918.98	0.041317	-0.017195	-0.14365	-0.23649	-0.31047	-0.12878	-0.53848	-0.72674	-0.83776	-1.1526	-1.2431	-1.62	-1.6183	-1.5581	-0.27588	0.59589	0.84464	0.75663	0.60486	0.27856	0.11882	-0.012923	-0.070966	-0.097519	-0.09514	-0.083672	-0.075914	-0.046434	0.021436	0.05281	5.0395
917.92	0.043902	-0.003013	-0.11711	-0.21462	-0.3007	-0.10657	-0.51317	-0.6942	-0.80246	-1.075	-1.2538	-1.4402	-1.4955	-1.0905	-0.024617	0.72698	0.86148	0.71726	0.56161	0.24758	0.072635	-0.026718	-0.096469	-0.11933	-0.1007	-0.089486	-0.063106	-0.038092	0.026492	0.038303	4.6984
922.71	0.026003	-0.010848	-0.13477	-0.2184	-0.31562	-0.1167	-0.50425	-0.67316	-0.76863	-1.0083	-1.2565	-1.3983	-1.3141	-0.93735	0.011262	0.83565	0.85949	0.68062	0.52054	0.19268	0.025347	-0.082283	-0.11799	-0.132	-0.13351	-0.10689	-0.085229	-0.044728	0.013845	0.035688	4.3633
922.39	0.026012	-0.012422	-0.10575	-0.18991	-0.29741	-0.11228	-0.4927	-0.65263	-0.71997	-1.0785	-1.1005	-1.1748	-1.2319	-0.81471	0.02022	0.80135	0.84567	0.63103	0.45869	0.14862	-0.0059274	-0.096026	-0.14333	-0.14201	-0.14209	-0.12886	-0.090872	-0.059177	0.033871	0.040534	4.0434
918.88	0.048083	-0.0030113	-0.11366	-0.18163	-0.29855	-0.089489	-0.48752	-0.62011	-0.71145	-0.97741	-1.04	-1.1361	-1.0623	-0.64506	0.32548	0.87389	0.84807	0.58878	0.4357	0.12227	-0.030741	-0.1334	-0.16436	-0.1609	-0.13251	-0.1318	-0.091219	-0.055591	0.0072018	0.039071	3.7051
924.42	0.028475	-0.021796	-0.12872	-0.21067	-0.29128	-0.10227	-0.46119	-0.59484	-0.7328	-0.95412	-0.92352	-1.0949	-1.0642	-0.60847	0.28782	0.70462	0.83802	0.54707	0.37992	0.063694	-0.070809	-0.14799	-0.17152	-0.17817	-0.14952	-0.14561	-0.095475	-0.062079	0.018813	0.032408	3.4305
929	0.03335	-0.016232	-0.1017	-0.19261	-0.28529	-0.094699	-0.43951	-0.57212	-0.69176	-0.75867	-1.0012	-0.9356	-0.87011	-0.45899	0.38408	0.93309	0.81492	0.50196	0.31409	0.034172	-0.097434	-0.17705	-0.20146	-0.19296	-0.16033	-0.14166	-0.11253	-0.070825	-0.002816	0.033848	3.1407
926.97	0.028397	-0.011578	-0.11597	-0.21334	-0.26768	-0.083394	-0.43113	-0.55353	-0.6374	-0.85591	-0.78357	-0.89481	-0.64162	-0.15007	0.4828	0.79739	0.80843	0.45612	0.27363	0.0084209	-0.13451	-0.19621	-0.21246	-0.20412	-0.17842	-0.15814	-0.11357	-0.076271	0.0038202	0.045945	2.828
928.78	0.042553	-0.016233	-0.12069	-0.19266	-0.26625	-0.10002	-0.42098	-0.55823	-0.64412	-0.74149	-0.87347	-0.75621	-0.63217	-0.19048	0.50847	0.87316	0.78459	0.41812	0.2194	-0.047446	-0.1555	-0.21285	-0.24851	-0.22187	-0.18963	-0.17075	-0.1229	-0.079894	-0.0011589	0.025055	2.6003
931.34	0.039102	-0.016967	-0.10884	-0.19375	-0.26189	-0.075072	-0.4082	-0.51968	-0.60105	-0.67892	-0.83461	-0.79679	-0.62223	-0.11688	0.57793	0.92218	0.75282	0.37026	0.1802	-0.073022	-0.18851	-0.24623	-0.25592	-0.22044	-0.18527	-0.1735	-0.12495	-0.07441	0.017847	0.029774	2.3588
932.3	0.041561	-0.019281	-0.1227	-0.18144	-0.25165	-0.080276	-0.38458	-0.53476	-0.55838	-0.61774	-0.76089	-0.64259	-0.46616	-0.0032431	0.58619	0.80995	0.73315	0.35755	0.14304	-0.092635	-0.22089	-0.26294	-0.26534	-0.23911	-0.19889	-0.19663	-0.12403	-0.059301	0.015353	0.034524	2.1295
930.81	0.027446	-0.017756	-0.098206	-0.17526	-0.2457	-0.057477	-0.39759	-0.5422	-0.5553	-0.6274	-0.67086	-0.69483	-0.45051	0.013003	0.63143	0.81124	0.72197	0.30962	0.10702	-0.13308	-0.2343	-0.271	-0.28437	-0.25925	-0.21611	-0.18245	-0.13774	-0.064665	0.012072	0.038571	1.8865
925.27	0.030967	-0.012383	-0.081408	-0.17305	-0.24535	-0.056935	-0.37736	-0.51233	-0.53783	-0.72691	-0.64734	-0.53588	-0.37077	0.21735	0.67979	0.89371	0.67248	0.26357	0.05692	-0.16665	-0.2595	-0.29228	-0.28851	-0.25831	-0.21122	-0.16896	-0.12097	-0.075653	-0.0044898	0.03559	1.7407
926.87	0.045991	-0.0053283	-0.098624	-0.16301	-0.23125	-0.044438	-0.36349	-0.50566	-0.52254	-0.43886	-0.5363	-0.59495	-0.22203	0.15988	0.71419	0.97827	0.63329	0.21263	0.014879	-0.18616	-0.2779	-0.31566	-0.3075	-0.26779	-0.23092	-0.18969	-0.12715	-0.075524	0.002161	0.04114	1.5174
931.98	0.039075	-0.012292	-0.10137	-0.15808	-0.22635	-0.036267	-0.35453	-0.46589	-0.48951	-0.66116	-0.55157	-0.45531	-0.22899	0.28068	0.61293	0.79307	0.57557	0.14805	-0.045804	-0.23652	-0.30163	-0.33514	-0.32278	-0.26796	-0.21737	-0.19026	-0.13042	-0.074359	-0.0044575	0.036132	1.3578
936.34	0.04221	0.0024608	-0.092718	-0.15493	-0.23162	-0.021195	-0.34979	-0.44981	-0.47063	-0.49464	-0.57621	-0.41925	-0.14646	0.26323	0.84788	0.70416	0.54098	0.10967	-0.083978	-0.25587	-0.32131	-0.34287	-0.32208	-0.27326	-0.21483	-0.20779	-0.14009	-0.081496	0.0087135	0.038344	1.2119
934.21	0.045632	-0.0099384	-0.088008	-0.15125	-0.22672	-0.021243	-0.35136	-0.44674	-0.45032	-0.65096	-0.4321	-0.29267	-0.11414	0.46615	0.71741	0.83391	0.49793	0.061593	-0.11479	-0.28294	-0.34968	-0.36397	-0.33328	-0.30505	-0.22681	-0.20425	-0.12536	-0.086182	-0.0011522	0.032863	1.0296
930.91	0.036618	-0.028645	-0.086675	-0.17443	-0.21572	-0.055707	-0.34564	-0.43927	-0.44238	-0.55809	-0.51572	-0.39611	-0.1555	0.4272	0.71108	0.81115	0.4643	0.02037	-0.16169	-0.31823	-0.36316	-0.3678	-0.35872	-0.30448	-0.23453	-0.22268	-0.13931	-0.092507	0.0013238	0.044951	0.94749
931.76	0.044083	-0.0037451	-0.1014	-0.16215	-0.22096	-0.068869	-0.37319	-0.43147	-0.43166	-0.6181	-0.42413	-0.27638	0.032916	0.37001	0.78126	0.63911	0.46224	0.014184	-0.17335	-0.32822	-0.37749	-0.37765	-0.35274	-0.30914	-0.23585	-0.20237	-0.16459	-0.080391	0.017839	0.03614	0.84717
935.38	0.035611	-0.010698	-0.10182	-0.15509	-0.22282	-0.07738	-0.32471	-0.43389	-0.4292	-0.46931	-0.34076	-0.32627	-0.02429	0.4575	0.8135	0.79873	0.43833	-0.012196	-0.17032	-0.33719	-0.38496	-0.38464	-0.36345	-0.32186	-0.25176	-0.2096	-0.15288	-0.086821	0.010365	0.029645	0.72404
936.98	0.032236	-0.0044968	-0.090201	-0.15884	-0.21703	-0.046587	-0.31261	-0.42089	-0.42768	-0.53729	-0.37645	-0.2918	-0.064958	0.56967	0.84732	0.73775	0.44331	-0.02269	-0.20604	-0.34257	-0.40295	-0.38821	-0.36925	-0.33358	-0.24675	-0.22044	-0.15815	-0.076205	0.0095284	0.032766	0.69516
935.91	0.03974	-0.0075986	-0.079662	-0.15098	-0.21908	-0.060671	-0.32067	-0.42219	-0.425	-0.42602	-0.44038	-0.3091	0.11427	0.55417	0.82185	0.75565	0.38242	-0.042885	-0.22666	-0.3711	-0.40097	-0.3971	-0.3753	-0.32496	-0.25391	-0.21749	-0.14884	-0.094259	0.0037837	0.030421	0.62371
932.72	0.034882	-0.0076246	-0.085685	-0.14907	-0.20715	-0.046798	-0.30553	-0.41049	-0.39869	-0.43611	-0.17788	-0.071698	0.081951	0.49933	0.69203	0.81813	0.38619	-0.064155	-0.23451	-0.37579	-0.41374	-0.3993	-0.38789	-0.34085	-0.22257	-0.22145	-0.16363	-0.077303	-0.016829	0.039289	0.60394
934.64	0.030656	-0.007609	-0.095346	-0.13186	-0.19407	-0.041434	-0.34503	-0.40145	-0.40104	-0.46107	-0.43189	-0.27553	0.049127	0.4821	0.77886	0.75668	0.38048	-0.066658	-0.22854	-0.37673	-0.41452	-0.41033	-0.38065	-0.33606	-0.23129	-0.23062	-0.14905	-0.074895	0.0095522	0.040003	0.59938
935.6	0.040583	-0.011471	-0.08706	-0.14942	-0.18754	-0.044024	-0.33466	-0.41332	-0.42198	-0.43477	-0.44053	-0.29224	0.065388	0.40081	0.85739	0.85826	0.376	-0.056061	-0.24241	-0.37037	-0.40841	-0.40146	-0.37382	-0.32261	-0.25093	-0.21356	-0.14652	-0.0883	0.0037849	0.036784	0.58114
933.57	0.029029	-0.0021871	-0.092172	-0.15377	-0.19248	-0.0661	-0.32765	-0.40765	-0.40467	-0.41846	-0.34142	-0.20778	0.041018	0.44217	0.78856	0.5353	0.35712	-0.078163	-0.26651	-0.38656	-0.43126	-0.41757	-0.37383	-0.33316	-0.25378	-0.2076	-0.16427	-0.092995	0.0037931	0.013786	0.58114
934.74	0.028992	-0.016132	-0.069928	-0.16002	-0.21574	-0.030013	-0.36042	-0.40714	-0.4097	-0.52134	-0.32284	-0.2585	0.040966	0.36883	0.85817	0.6456	0.3788	-0.065771	-0.23871	-0.38693	-0.43478	-0.40352	-0.379	-0.35323	-0.23739	-0.21536	-0.14428	-0.076387	0.0095511	0.035229	0.60698
935.38	0.035611	-0.015346	-0.09527	-0.1736	-0.19843	-0.040522	-0.34244	-0.39704	-0.40547	-0.32293	-0.34078	-0.28381	0.21217	0.50598	0.82232	0.71341	0.34824	-0.10171	-0.27384	-0.40117	-0.42231	-0.42691	-0.38839	-0.31777	-0.24335	-0.22082	-0.14577	-0.094313	-0.00032853	0.028056	0.6009
935.91	0.0414	-0.0075986	-0.078024	-0.1558	-0.21276	-0.040499	-0.32221	-0.4271	-0.42184	-0.57233	-0.39501	-0.30912	-0.0079859	0.45721	0.74253	0.65334	0.37587	-0.070953	-0.26192	-0.37963	-0.42045	-0.40893	-0.38335	-0.32168	-0.23709	-0.21028	-0.14568	-0.078537	0.0054272	0.040742	0.59178
938.36	0.034673	-0.023016	-0.1015	-0.17144	-0.21941	-0.052641	-0.32983	-0.42598	-0.43493	-0.4764	-0.33065	-0.36755	0.0082979	0.47215	0.81092	0.81321	0.39367	-0.047148	-0.23075	-0.36843	-0.41287	-0.4028	-0.37754	-0.32737	-0.23342	-0.21053	-0.14057	-0.079078	0.0037738	0.045387	0.59634
938.15	0.033852	-0.01916	-0.087639	-0.15864	-0.21496	-0.050904	-0.36757	-0.42853	-0.42635	-0.425	-0.39407	-0.22371	-0.0079669	0.5206	0.79351	0.71983	0.42071	-0.025285	-0.20891	-0.35576	-0.40406	-0.39194	-0.37762	-0.32091	-0.23272	-0.21138	-0.15559	-0.085072	0.0045929	0.035101	0.62523
935.38	0.033952	-0.0091506	-0.10837	-0.18325	-0.23366	-0.049299	-0.36249	-0.45764	-0.45372	-0.40042	-0.50418	-0.30928	-0.13846	0.37664	0.76941	0.77315	0.45881	0.0027211	-0.17738	-0.32183	-0.37928	-0.36943	-0.36345	-0.30221	-0.22499	-0.2104	-0.15526	-0.083827	-0.0027968	0.036	0.78485
937.83	0.034692	-0.019939	-0.097471	-0.16592	-0.23395	-0.078053	-0.36385	-0.45237	-0.45411	-0.51104	-0.44855	-0.36776	-0.064899	0.38373	0.71464	0.78816	0.49519	0.051728	-0.12686	-0.30652	-0.35724	-0.37521	-0.33842	-0.30387	-0.23966	-0.20266	-0.13513	-0.087343	-0.0011478	0.041452	0.96269
935.06	0.02483	-0.016124	-0.10595	-0.17124	-0.23464	-0.07126	-0.36493	-0.46436	-0.47365	-0.59007	-0.44988	-0.40284	-0.14666	0.29593	0.84024	0.71366	0.51058	0.072949	-0.11155	-0.28183	-0.34368	-0.34588	-0.33298	-0.2933	-0.21972	-0.20567	-0.15214	-0.072612	0.001318	0.027271	1.1755
934	0.026521	-0.0091642	-0.097872	-0.17385	-0.23853	-0.052887	-0.36689	-0.46734	-0.49637	-0.53901	-0.6595	-0.4118	-0.24482	0.29627	0.71758	0.61194	0.53413	0.095881	-0.078692	-0.25481	-0.32618	-0.33357	-0.3253	-0.28297	-0.22533	-0.17942	-0.13648	-0.0832	-0.0060948	0.030484	1.3593
937.09	0.026434	-0.021501	-0.11962	-0.19175	-0.24947	-0.086875	-0.34644	-0.48951	-0.52394	-0.5974	-0.54856	-0.43588	-0.3254	0.19042	0.76801	0.89097	0.59859	0.17177	-0.024421	-0.21394	-0.28216	-0.30885	-0.31218	-0.26569	-0.22	-0.18443	-0.1226	-0.068719	0.011991	0.034347	1.5705
935.6	0.031456	-0.0099237	-0.12145	-0.17677	-0.24264	-0.063324	-0.39324	-0.49357	-0.52873	-0.57252	-0.58575	-0.57243	-0.30146	0.10991	0.74278	0.72179	0.62002	0.21065	0.019443	-0.1759	-0.26881	-0.30427	-0.29739	-0.26447	-0.20889	-0.20154	-0.13862	-0.061337	0.032572	0.032814	1.7984
935.91	0.026467	-0.015337	-0.12141	-0.18234	-0.27054	-0.084352	-0.3908	-0.51059	-0.56175	-0.6756	-0.60369	-0.60616	-0.36655	0.037168	0.71609	0.91765	0.66646	0.26671	0.078217	-0.15879	-0.24519	-0.2822	-0.28603	-0.25538	-0.20347	-0.19427	-0.11881	-0.070301	0.0021401	0.035978	2.0247
939.32	0.041248	-0.01451	-0.11689	-0.20973	-0.25607	-0.099775	-0.40858	-0.52016	-0.57389	-0.67315	-0.72806	-0.58706	-0.49515	0.0048408	0.54667	0.90583	0.72033	0.3173	0.12088	-0.10553	-0.20954	-0.24582	-0.26656	-0.23651	-0.18522	-0.1792	-0.11916	-0.064825	0.0037699	0.027938	2.3148
936.87	0.019809	-0.031556	-0.1221	-0.20465	-0.26576	-0.10442	-0.41734	-0.53624	-0.61329	-0.77807	-0.76623	-0.74121	-0.43945	-0.20497	0.44247	0.84006	0.72548	0.35843	0.158	-0.068331	-0.18739	-0.23971	-0.25762	-0.23058	-0.19944	-0.16287	-0.10921	-0.064247	0.00049449	0.029598	2.5608
936.45	0.037231	-0.026929	-0.11234	-0.19832	-0.27761	-0.11673	-0.43832	-0.60111	-0.62937	-0.77843	-0.82097	-0.78397	-0.55368	-0.1647	0.54835	0.72967	0.76262	0.39453	0.23091	-0.041092	-0.17045	-0.20604	-0.23925	-0.21842	-0.17662	-0.16775	-0.11558	-0.062031	0.00049315	0.030404	2.7991
936.02	0.033929	-0.015336	-0.13367	-0.20967	-0.28857	-0.10451	-0.44084	-0.57437	-0.66127	-0.74436	-0.83043	-0.73339	-0.7006	-0.18898	0.43405	0.84934	0.79734	0.4596	0.26707	-0.0018924	-0.1178	-0.19178	-0.22247	-0.20542	-0.15377	-0.1414	-0.095081	-0.037354	0.012825	0.034386	3.1437
932.62	0.025727	-0.011508	-0.12184	-0.22738	-0.28781	-0.1313	-0.45559	-0.60933	-0.70732	-0.7989	-0.8972	-0.98308	-0.80948	-0.46531	0.33836	0.86101	0.80847	0.48329	0.30029	0.02206	-0.10764	-0.17043	-0.20633	-0.18399	-0.14897	-0.1596	-0.095428	-0.055523	-0.0028051	0.034515	3.4654
931.87	0.033247	-0.040275	-0.14002	-0.22999	-0.32159	-0.14461	-0.48692	-0.60982	-0.75314	-0.92921	-0.93436	-0.98387	-1.0393	-0.4657	0.25897	0.88738	0.82803	0.533	0.36114	0.065753	-0.071872	-0.14257	-0.18469	-0.17674	-0.13911	-0.14203	-0.094711	-0.047296	0.0079283	0.032149	3.7506
935.91	0.032273	-0.0083735	-0.11814	-0.23864	-0.2877	-0.12382	-0.49329	-0.64074	-0.7728	-0.96822	-0.96661	-1.1579	-0.96148	-0.67371	0.17855	0.83238	0.83263	0.58595	0.42228	0.098723	-0.025313	-0.11999	-0.16298	-0.1416	-0.13392	-0.11899	-0.10537	-0.050088	0.020229	0.033598	4.0949
935.38	0.022331	-0.024637	-0.14441	-0.22832	-0.31315	-0.17216	-0.51516	-0.65913	-0.77324	-1.0032	-1.1215	-1.2519	-1.174	-0.77915	0.081643	0.7049	0.83556	0.62928	0.46722	0.15168	-0.00097225	-0.087932	-0.14054	-0.12857	-0.12406	-0.10624	-0.085656	-0.047119	0.012834	0.023291	4.4301
934.42	0.020692	-0.030088	-0.15604	-0.24627	-0.34422	-0.14861	-0.5319	-0.70653	-0.7772	-1.1336	-1.2317	-1.3382	-1.3956	-0.97413	-0.068307	0.73123	0.84708	0.66155	0.50616	0.19026	0.027469	-0.060097	-0.12538	-0.12215	-0.10888	-0.10635	-0.072284	-0.037418	0.019436	0.033652	4.8333
931.98	0.026579	-0.02628	-0.14083	-0.24127	-0.33878	-0.15341	-0.55264	-0.71661	-0.84275	-1.0155	-1.4536	-1.4099	-1.4648	-1.2282	0.01115	0.63896	0.85259	0.71701	0.54448	0.24128	0.065021	-0.031408	-0.089361	-0.1052	-0.098418	-0.079289	-0.075649	-0.031503	0.021139	0.027361	5.2168
931.55	0.01492	-0.030181	-0.15076	-0.2535	-0.348	-0.20282	-0.56218	-0.73914	-0.86617	-1.2062	-1.4907	-1.4788	-1.6619	-1.4073	-0.17477	0.53646	0.83983	0.73408	0.58568	0.27652	0.12374	-0.011051	-0.074857	-0.11019	-0.092321	-0.083347	-0.072507	-0.031515	0.0029742	0.028172	5.5728
931.44	0.029095	-0.01619	-0.15818	-0.27858	-0.37254	-0.20108	-0.58315	-0.77048	-0.90677	-1.3447	-1.4088	-1.6495	-1.8423	-1.6428	-0.45814	0.56221	0.82182	0.77999	0.65032	0.33138	0.14251	0.028847	-0.053046	-0.06825	-0.076973	-0.065656	-0.052659	-0.025502	0.018671	0.039343	5.9667
932.93	0.016563	-0.027807	-0.14972	-0.26361	-0.36017	-0.19196	-0.60928	-0.79882	-0.9418	-1.1785	-1.6523	-1.9194	-1.9865	-1.8671	-0.66074	0.35603	0.79505	0.7937	0.68151	0.36507	0.17565	0.061007	-0.031176	-0.050075	-0.053083	-0.045468	-0.039093	-0.020204	0.0070933	0.0345	6.3225
931.66	0.02242	-0.027068	-0.16308	-0.2769	-0.39241	-0.20984	-0.62637	-0.8328	-0.99868	-1.526	-1.5817	-2.0414	-2.2757	-2.1618	-0.92722	0.27942	0.76407	0.80184	0.70685	0.4024	0.20849	0.077218	-0.022331	-0.042742	-0.050086	-0.054379	-0.03597	-0.016472	0.017841	0.057676	6.7071
