12432	4	3	91	24	760	1	15	10	1.165	128	4096	10	0	0	0	0	149.12	976.39	1.471e+006	0.11734	0.049648	40.545	0	0	1	0	0	0	11	0	0
903.81	0.0088487	-0.023977	-0.18111	-0.33298	-0.48927	0.47638	-0.84092	-1.1392	-1.4772	-2.2186	-2.9422	-3.5324	-4.8605	-5.554	-3.7609	-1.7486	-0.26401	0.74603	0.86212	0.75188	0.56315	0.39136	0.26618	0.16955	0.13069	0.089373	0.06113	0.056363	0.032134	0.038786	11.496
893.36	0.0028682	-0.039659	-0.17636	-0.3689	-0.5054	0.49023	-0.85479	-1.204	-1.5408	-2.2806	-3.1001	-3.7605	-5.071	-5.9998	-4.2203	-1.8941	-0.39659	0.72351	0.87384	0.79015	0.59864	0.43577	0.28361	0.20497	0.16024	0.10971	0.09911	0.068789	0.040263	0.047557	11.977
885.15	-0.0058759	-0.054756	-0.17887	-0.35957	-0.491	0.47808	-0.88717	-1.2161	-1.5785	-2.4747	-3.196	-4.0018	-5.5058	-6.5081	-4.6881	-2.2814	-0.5976	0.66995	0.87781	0.82002	0.64623	0.46393	0.31091	0.23198	0.17385	0.13783	0.092508	0.062303	0.038897	0.028692	12.449
882.59	-0.038445	-0.058197	-0.20977	-0.35378	-0.50774	0.48226	-0.94123	-1.2829	-1.6812	-2.5001	-3.4555	-4.2474	-5.9885	-7.041	-5.1129	-2.6768	-0.83978	0.61702	0.83714	0.83958	0.66532	0.48409	0.33057	0.23786	0.18002	0.13653	0.10703	0.079155	0.018084	0.011938	12.952
886.22	-0.020764	-0.055506	-0.18038	-0.34639	-0.5295	0.44787	-0.93575	-1.295	-1.7127	-2.6716	-3.5371	-4.4362	-6.3512	-7.6178	-5.5387	-3.062	-1.0611	0.5617	0.80557	0.85686	0.69172	0.50709	0.35725	0.27492	0.18978	0.14696	0.11994	0.091482	0.045796	0.036202	13.438
895.28	-0.050041	-0.056564	-0.16828	-0.32691	-0.51847	0.41766	-0.9593	-1.3152	-1.7416	-2.6536	-3.6341	-4.4889	-6.6873	-7.9545	-5.9524	-3.4589	-1.2412	0.48633	0.79086	0.87314	0.72289	0.53729	0.37549	0.29011	0.21422	0.16305	0.12947	0.085077	0.026423	0.022558	13.96
903.49	-0.099432	-0.092123	-0.18372	-0.34227	-0.50441	0.42749	-0.95857	-1.3262	-1.7766	-2.7989	-3.8736	-4.8437	-7.0318	-8.5098	-6.4004	-3.9663	-1.4885	0.37016	0.73253	0.87492	0.71548	0.54903	0.39207	0.2951	0.21227	0.1707	0.12174	0.074221	0.021072	0.019063	14.503
910.53	-0.071375	-0.081865	-0.17977	-0.36194	-0.51165	0.42058	-0.97176	-1.3143	-1.8547	-2.6711	-3.9463	-4.815	-7.4465	-8.8675	-6.8129	-4.2774	-1.7244	0.3051	0.70109	0.87079	0.75499	0.56824	0.42542	0.31217	0.23106	0.17761	0.14274	0.083653	0.025134	0.0091232	15.044
912.23	-0.087414	-0.096798	-0.18363	-0.34806	-0.49587	0.4072	-1.0269	-1.3807	-1.8253	-2.6749	-3.9948	-4.9715	-7.6918	-9.2487	-7.198	-4.5931	-1.9421	0.21095	0.64993	0.87266	0.75108	0.60011	0.4304	0.35022	0.24474	0.1896	0.15545	0.09809	0.022556	0.0074765	15.536
908.08	-0.096365	-0.092455	-0.21653	-0.34717	-0.52699	0.37833	-0.99185	-1.4258	-1.9159	-2.9355	-4.2842	-5.3004	-8.2982	-9.9654	-7.9303	-5.2733	-2.2589	0.091695	0.6012	0.87314	0.76957	0.60634	0.44232	0.33242	0.24665	0.18552	0.15372	0.1024	0.0057138	-0.0072152	16.065
899.23	-0.10768	-0.13927	-0.22633	-0.37151	-0.54251	0.41674	-0.98156	-1.4671	-1.9504	-2.9555	-4.5341	-5.5204	-8.9142	-10.475	-8.522	-5.7067	-2.61	-0.028807	0.54839	0.88262	0.80332	0.64484	0.47764	0.38085	0.29441	0.22151	0.16099	0.10185	0.0083359	-0.0031555	16.516
890.48	-0.12181	-0.14796	-0.25522	-0.37685	-0.54499	0.40793	-1.0366	-1.4677	-2.0352	-3.0297	-4.6931	-5.7976	-9.3957	-11.308	-9.078	-6.2467	-2.9307	-0.12219	0.47469	0.89756	0.82059	0.66627	0.5153	0.38373	0.28606	0.23547	0.17669	0.11858	0.011874	-0.031556	17.049
883.87	-0.17016	-0.18676	-0.27707	-0.39841	-0.59113	0.40819	-1.0541	-1.5229	-2.0228	-3.18	-4.8147	-5.9668	-9.8371	-11.881	-9.7525	-6.9255	-3.2282	-0.23733	0.41103	0.90428	0.8482	0.67483	0.5183	0.3996	0.30357	0.25589	0.17551	0.12185	-0.0019678	-0.051967	17.601
881.2	-0.2068	-0.21281	-0.30573	-0.44403	-0.56703	0.41129	-1.0818	-1.5519	-2.0927	-3.2444	-4.7425	-6.2823	-9.9102	-12.423	-10.166	-7.1547	-3.5093	-0.35263	0.3565	0.89162	0.86456	0.71008	0.52158	0.41646	0.31261	0.23965	0.19031	0.098365	-0.015945	-0.043692	18.067
882.16	-0.24531	-0.25691	-0.32971	-0.43587	-0.5894	0.42387	-1.0594	-1.4963	-2.0653	-3.3505	-5.0165	-6.5096	-10.487	-12.769	-10.697	-7.4364	-3.7807	-0.46204	0.32618	0.9015	0.88342	0.72723	0.556	0.43685	0.32119	0.24959	0.18004	0.10461	-0.029012	-0.047013	18.58
882.48	-0.27777	-0.29375	-0.32091	-0.4758	-0.62174	0.40325	-1.0574	-1.4949	-2.1475	-3.3219	-4.9281	-6.3722	-10.432	-13.064	-11.058	-8.0396	-3.9912	-0.55023	0.25291	0.89665	0.88568	0.73593	0.56774	0.44016	0.32999	0.26393	0.17997	0.085516	-0.033363	-0.084042	19.066
885.47	-0.29525	-0.34838	-0.43144	-0.48355	-0.68263	0.32959	-1.1654	-1.5946	-2.0659	-3.0105	-4.9786	-6.4225	-10.172	-13.294	-11.216	-8.391	-4.1906	-0.6281	0.21396	0.89183	0.88355	0.75041	0.56922	0.45338	0.35068	0.26812	0.18856	0.1058	-0.031513	-0.075367	19.529
885.58	-0.34344	-0.35488	-0.39765	-0.53279	-0.7064	0.26189	-1.2777	-1.6688	-2.0999	-2.9828	-4.8341	-6.1885	-9.62	-13.36	-11.214	-8.4171	-4.2056	-0.64193	0.21559	0.90704	0.90402	0.78782	0.59975	0.45679	0.34579	0.27401	0.20023	0.10342	-0.043673	-0.10137	19.994
881.95	-0.33693	-0.35223	-0.49571	-0.58619	-0.75912	0.22108	-1.6035	-1.7364	-2.2486	-2.8855	-4.3052	-5.8717	-8.9245	-12.369	-10.335	-7.8183	-3.9285	-0.57011	0.23976	0.92253	0.91721	0.77761	0.60222	0.47691	0.35695	0.27769	0.20525	0.099075	-0.036873	-0.11189	20.449
874.58	-0.42943	-0.40489	-0.40177	-0.55067	-1.0177	0.043681	-1.8693	-2.1829	-2.2752	-2.7717	-4.1182	-5.3217	-7.7526	-10.615	-8.9884	-7.145	-3.485	-0.39753	0.37262	0.98231	0.97356	0.82304	0.64688	0.51159	0.36977	0.2886	0.21628	0.10071	-0.068858	-0.12813	20.83
868.93	-0.35717	-0.40586	-0.56309	-0.80548	-1.1196	-0.2366	-2.3496	-2.3744	-2.4526	-2.8268	-3.4414	-4.2959	-5.9158	-8.3872	-6.8259	-5.8782	-2.6957	-0.13184	0.52784	1.0135	0.99126	0.83295	0.65023	0.50522	0.37712	0.30428	0.22705	0.10782	-0.061337	-0.11015	21.204
862.84	-0.50817	-0.52372	-0.75352	-1.1837	-1.8512	-0.65494	-2.138	-2.0564	-2.3121	-2.8	-3.013	-3.7186	-3.8979	-5.7651	-4.6277	-4.7636	-1.9547	0.10126	0.63867	1.0188	0.98857	0.81958	0.64347	0.49191	0.35822	0.2821	0.19179	0.071222	-0.10547	-0.18757	21.541
854.08	-0.5852	-0.73176	-1.2358	-1.8304	-1.9998	-0.37141	-2.0375	-1.9573	-2.3558	-2.725	-2.7854	-2.7151	-2.8931	-3.7263	-3.2074	-3.1586	-1.3011	0.3541	0.79123	1.0769	0.98982	0.82058	0.63068	0.49517	0.34096	0.25955	0.16777	0.036673	-0.1498	-0.23473	21.847
841.68	-0.9084	-1.0756	-1.5971	-2.0729	-2.0072	-0.56706	-2.0118	-1.9488	-1.9282	-1.8464	-1.7066	-1.9057	-2.4101	-2.8381	-2.9999	-2.5983	-0.9698	0.51243	0.87086	1.071	0.97102	0.781	0.58811	0.43874	0.27375	0.20015	0.079707	-0.096821	-0.34949	-0.43151	22.073
827.35	-1.4563	-1.3481	-1.8155	-2.0142	-1.9357	-0.41715	-1.691	-1.5547	-1.4787	-1.9466	-1.7259	-1.9963	-1.9817	-2.1379	-2.4338	-1.9874	-0.59213	0.63242	0.91963	1.0316	0.90799	0.70852	0.48639	0.32875	0.16265	0.040565	-0.070032	-0.27805	-0.6969	-0.86286	22.343
814.08	-1.8911	-1.8923	-1.7623	-1.6143	-1.6549	-0.15977	-1.537	-1.3777	-1.5146	-1.3846	-0.99258	-1.0335	-1.5924	-1.4763	-1.6933	-1.1669	-0.199	0.80708	0.98779	0.99749	0.85283	0.65984	0.45086	0.26823	0.087985	-0.034266	-0.17841	-0.40997	-0.8718	-1.0722	22.621
810.65	-1.8263	-1.8431	-1.5118	-1.5227	-1.5243	0.021812	-1.3593	-1.4148	-1.2308	-1.2713	-1.091	-1.1947	-1.3921	-1.3519	-1.5886	-1.103	-0.10439	0.83277	0.98292	0.96922	0.79368	0.60313	0.40912	0.21644	0.033653	-0.051976	-0.19924	-0.41862	-0.83371	-1.0447	22.976
827.99	-1.201	-1.2639	-1.271	-1.2744	-1.1719	0.016398	-1.4597	-1.3453	-1.2497	-1.2933	-1.14	-1.1889	-1.3077	-1.2871	-1.7744	-1.1088	-0.096651	0.81632	0.9455	0.93061	0.78347	0.57904	0.39328	0.20913	0.065774	-0.043646	-0.17005	-0.33369	-0.66569	-0.79399	23.275
860.81	-0.84402	-0.85225	-1.0517	-1.1244	-1.2175	-0.0052051	-1.4745	-1.4097	-1.3164	-1.1691	-1.1163	-1.2543	-1.4616	-1.1853	-1.6876	-1.0943	-0.1348	0.78616	0.95291	0.93314	0.78889	0.60106	0.41763	0.26613	0.12891	0.018092	-0.074186	-0.2241	-0.47403	-0.55916	23.608
901.68	-0.84365	-0.84414	-0.99125	-1.2228	-1.3376	-0.089631	-1.5244	-1.3441	-1.2846	-1.2233	-1.1127	-1.2591	-1.48	-1.2406	-1.8764	-1.0447	-0.19071	0.73959	0.89426	0.90323	0.77503	0.60363	0.42876	0.28125	0.13496	0.048859	-0.055233	-0.19218	-0.43377	-0.53299	23.868
935.87	-0.82195	-0.90384	-1.158	-1.2859	-1.2508	-0.057412	-1.3315	-1.336	-1.2732	-1.2905	-1.1084	-1.3659	-1.4096	-1.1953	-1.7109	-1.2453	-0.19357	0.70029	0.87491	0.89411	0.74995	0.57904	0.40022	0.2587	0.12468	0.03346	-0.067445	-0.19115	-0.4319	-0.52701	24.023
947.79	-0.98038	-1.1447	-1.1968	-1.288	-1.2805	-0.027246	-1.2372	-1.1729	-1.1198	-1.3593	-0.92421	-0.97154	-1.4401	-0.90106	-1.4631	-1.0107	-0.060994	0.73739	0.88403	0.8896	0.72851	0.56675	0.38487	0.23039	0.11255	0.015642	-0.078305	-0.22349	-0.49224	-0.6074	24.125
933	-1.1257	-1.1077	-1.2519	-1.2649	-1.2411	0.00047677	-1.1091	-1.1249	-1.0805	-0.99231	-0.90246	-0.94436	-1.1932	-1.0612	-1.3272	-0.67607	0.025898	0.78515	0.90355	0.87719	0.72866	0.53929	0.37241	0.22336	0.080602	-0.007405	-0.13505	-0.29012	-0.57344	-0.68631	24.186
899.12	-1.1267	-1.1647	-1.2693	-1.2305	-1.1694	0.13104	-1.1052	-1.1085	-1.0233	-1.1999	-1.0592	-0.96228	-1.5011	-1.0171	-1.6065	-0.8613	0.068627	0.80104	0.91638	0.88095	0.71473	0.54027	0.34124	0.20366	0.063752	-0.041026	-0.16153	-0.34392	-0.63185	-0.76423	24.327
858.14	-1.2095	-1.1419	-1.2665	-1.2235	-1.1268	0.19278	-1.1185	-1.0945	-1.0411	-1.0132	-0.96141	-0.96195	-1.2706	-1.0657	-1.3373	-0.79083	0.13529	0.87564	0.98322	0.9193	0.75064	0.55778	0.36718	0.19553	0.04596	-0.052592	-0.17615	-0.36687	-0.66382	-0.78168	24.46
831.31	-1.0421	-1.0567	-1.1867	-1.2521	-1.1886	0.24146	-1.119	-1.1197	-1.0872	-0.96836	-1.0741	-1.1746	-0.94466	-0.95455	-1.2515	-0.64356	0.17007	0.897	1.0256	0.95377	0.77669	0.56722	0.36998	0.2	0.071534	-0.047979	-0.17649	-0.3332	-0.63341	-0.71307	24.598
827.99	-0.98907	-1.0566	-1.1553	-1.1835	-1.1158	0.21467	-1.1348	-1.0937	-1.0496	-1.0306	-1.0169	-0.99697	-1.0406	-1.1136	-1.2963	-0.64614	0.15687	0.91645	1.0093	0.94506	0.77981	0.57522	0.38874	0.21746	0.069229	-0.010155	-0.14861	-0.31761	-0.57368	-0.67195	24.696
847.77	-0.96415	-1.0277	-1.0823	-1.1017	-1.0598	0.22999	-1.0658	-1.0239	-0.99103	-0.94006	-0.76283	-1.0112	-0.9353	-1.0252	-1.1396	-0.51811	0.19478	0.897	1.0022	0.9456	0.77146	0.57019	0.38588	0.23407	0.076051	-0.015223	-0.11983	-0.28871	-0.55575	-0.65364	24.717
875.33	-0.96573	-0.96553	-1.0526	-1.0086	-0.96565	0.24338	-0.98858	-0.975	-0.92011	-0.89205	-0.84552	-0.94305	-0.87971	-0.85473	-1.0943	-0.5656	0.16502	0.84438	0.94799	0.88575	0.72201	0.53417	0.36255	0.18206	0.054862	-0.04471	-0.15916	-0.30604	-0.58485	-0.66956	24.716
892.51	-0.93409	-0.95993	-0.97998	-1.0187	-0.94044	0.29296	-0.94693	-0.94422	-0.90654	-1.0283	-0.82925	-0.94271	-0.86278	-0.90604	-1.2026	-0.72461	0.18759	0.82261	0.93468	0.87496	0.71152	0.52301	0.33617	0.18199	0.048999	-0.058964	-0.14449	-0.30485	-0.57877	-0.66916	24.731
894.32	-0.87229	-0.91425	-0.9343	-0.94168	-0.93947	0.30154	-0.90952	-0.91403	-0.8832	-0.8641	-0.86554	-0.84309	-0.85251	-0.85347	-1.0065	-0.54467	0.22148	0.86775	0.95493	0.87408	0.70583	0.52106	0.33128	0.18933	0.060894	-0.043761	-0.1442	-0.30267	-0.53801	-0.63374	24.756
886	-0.86559	-0.87297	-0.92751	-0.92249	-0.91968	0.27473	-0.88632	-0.90186	-0.86811	-0.81767	-0.7395	-0.86895	-0.89494	-0.88709	-0.82979	-0.48675	0.24431	0.86756	0.94154	0.87868	0.72275	0.51435	0.34969	0.18679	0.056623	-0.026408	-0.14222	-0.29839	-0.53959	-0.62628	24.723
870.63	-0.88979	-0.86925	-0.94388	-0.94655	-0.91748	0.30221	-0.91273	-0.89491	-0.85794	-0.80434	-0.82082	-0.88429	-0.91074	-1.007	-1.0055	-0.51367	0.26358	0.88288	0.97922	0.90336	0.73376	0.52888	0.34116	0.19449	0.059265	-0.030317	-0.14303	-0.30125	-0.5226	-0.6032	24.725
851.41	-0.86975	-0.90504	-0.9436	-0.93168	-0.88262	0.32928	-0.89099	-0.91062	-0.8947	-0.76574	-0.74959	-0.80162	-0.77004	-0.75443	-0.86351	-0.36592	0.28123	0.9221	1.0048	0.91907	0.73963	0.54826	0.36478	0.18988	0.063963	-0.032763	-0.14104	-0.3097	-0.52717	-0.643	24.705
833.98	-0.88793	-0.90311	-0.92566	-0.93129	-0.90512	0.35584	-0.87501	-0.86442	-0.85573	-0.83969	-0.76525	-0.79933	-0.92333	-0.7158	-0.88155	-0.31615	0.31559	0.94038	1.0328	0.93253	0.75144	0.5417	0.35165	0.2012	0.070446	-0.043333	-0.15375	-0.31533	-0.5714	-0.64218	24.608
822	-0.8423	-0.90394	-0.94567	-0.96044	-0.92448	0.35304	-0.86496	-0.86677	-0.8457	-0.83235	-0.84872	-0.9076	-0.88111	-0.97457	-0.92449	-0.46638	0.32484	0.95609	1.0318	0.92089	0.73745	0.53613	0.33296	0.17151	0.024487	-0.069494	-0.18569	-0.33271	-0.55446	-0.62262	24.433
820.39	-0.84585	-0.87658	-0.91484	-0.90818	-0.88715	0.40976	-0.84731	-0.86006	-0.84556	-0.88306	-0.73653	-0.83192	-0.91073	-0.9396	-1.0469	-0.45757	0.35163	0.96996	1.0463	0.93339	0.76759	0.51212	0.32627	0.16064	0.0079688	-0.069629	-0.16892	-0.32568	-0.53585	-0.6175	24.175
832.59	-0.78216	-0.83503	-0.85727	-0.88765	-0.86502	0.41953	-0.82364	-0.81434	-0.79496	-0.94751	-0.69516	-0.62891	-0.78745	-0.79871	-0.8632	-0.43171	0.38789	0.9804	1.0293	0.9063	0.71713	0.50082	0.32873	0.16473	0.031906	-0.063208	-0.16467	-0.3108	-0.53631	-0.6022	23.925
858.89	-0.76906	-0.79344	-0.84619	-0.83242	-0.81787	0.39426	-0.7791	-0.7894	-0.76287	-0.69344	-0.75296	-0.94262	-0.87879	-0.87989	-0.9328	-0.33486	0.39385	0.9542	0.98835	0.87111	0.68721	0.47536	0.29938	0.14809	0.014273	-0.076107	-0.17685	-0.307	-0.51452	-0.57079	23.666
890.59	-0.7504	-0.77414	-0.78854	-0.78504	-0.76409	0.39774	-0.73922	-0.75098	-0.70913	-0.73205	-0.70708	-0.73959	-0.61628	-0.73822	-0.83477	-0.19749	0.41424	0.92485	0.96881	0.8401	0.67127	0.46909	0.29548	0.14281	0.019388	-0.069191	-0.15394	-0.3063	-0.49447	-0.54129	23.374
916.28	-0.73275	-0.72003	-0.77395	-0.74578	-0.75004	0.37942	-0.72243	-0.71153	-0.73608	-0.66757	-0.68725	-0.53681	-0.64062	-0.77526	-0.68535	-0.09615	0.43272	0.89533	0.94645	0.80348	0.62676	0.44213	0.26173	0.14466	0.0016707	-0.075429	-0.16739	-0.30306	-0.46297	-0.54639	23.09
923.74	-0.69406	-0.70402	-0.73038	-0.76257	-0.74491	0.36836	-0.71347	-0.69169	-0.7021	-0.69706	-0.78282	-0.87644	-0.70975	-0.80994	-0.88516	-0.12129	0.44416	0.89521	0.92214	0.78404	0.60773	0.42572	0.25065	0.11364	-0.013054	-0.084557	-0.16684	-0.27938	-0.46507	-0.5283	22.825
913.19	-0.70207	-0.71136	-0.73546	-0.74665	-0.72112	0.40587	-0.68854	-0.67954	-0.6697	-0.71393	-0.55009	-0.6691	-0.55926	-0.5378	-0.73282	-0.00033351	0.49627	0.90375	0.93519	0.77125	0.59728	0.42804	0.24531	0.11243	-0.003022	-0.081429	-0.17039	-0.29872	-0.48392	-0.52301	22.488
893.26	-0.72035	-0.74588	-0.75102	-0.73466	-0.72965	0.4379	-0.69826	-0.69299	-0.67223	-0.76595	-0.69545	-0.61288	-0.87061	-0.62598	-0.84151	-0.15222	0.52449	0.90922	0.96264	0.79293	0.57916	0.39333	0.21876	0.070347	-0.031916	-0.12436	-0.21146	-0.32578	-0.52745	-0.57212	22.137
875.65	-0.74813	-0.75674	-0.74949	-0.73224	-0.71826	0.4289	-0.71312	-0.69555	-0.66969	-0.79054	-0.69005	-0.69779	-0.87068	-0.73354	-0.77365	0.036086	0.55166	0.93219	0.95853	0.77697	0.58126	0.37596	0.19737	0.042014	-0.049711	-0.12515	-0.21824	-0.34513	-0.51345	-0.56665	21.752
866.79	-0.71009	-0.70515	-0.71562	-0.71889	-0.72755	0.45412	-0.69628	-0.70796	-0.68166	-0.68712	-0.62853	-0.72324	-0.75639	-0.74976	-0.57223	-0.055597	0.58735	0.95119	0.95479	0.77571	0.56969	0.37798	0.19678	0.059236	-0.039492	-0.1368	-0.21365	-0.31875	-0.47698	-0.52787	21.343
864.33	-0.69954	-0.70297	-0.72386	-0.70612	-0.71203	0.48675	-0.68407	-0.69845	-0.68616	-0.8102	-0.73838	-0.67935	-0.66146	-0.76063	-0.62158	-0.037281	0.62448	0.97193	0.95751	0.78345	0.57745	0.35709	0.19212	0.052314	-0.037121	-0.11638	-0.20998	-0.32776	-0.50148	-0.53882	20.926
865.4	-0.70495	-0.69541	-0.7203	-0.69917	-0.68576	0.47097	-0.6799	-0.6967	-0.68446	-0.64167	-0.72766	-0.74276	-0.75759	-0.82084	-0.65893	0.1103	0.59892	0.95556	0.95548	0.74376	0.56007	0.34386	0.16579	0.0372	-0.067656	-0.15607	-0.2157	-0.32493	-0.4813	-0.54331	20.539
872.24	-0.64602	-0.6584	-0.67162	-0.69196	-0.6523	0.47481	-0.6572	-0.66138	-0.64687	-0.58123	-0.6246	-0.60033	-0.73418	-0.77108	-0.59703	0.07284	0.6276	0.95748	0.94379	0.74433	0.52347	0.32304	0.1619	0.029882	-0.077787	-0.14798	-0.21316	-0.3272	-0.47135	-0.50924	20.111
879.81	-0.63075	-0.64532	-0.64929	-0.66547	-0.63995	0.5099	-0.63761	-0.64001	-0.65139	-0.65863	-0.59027	-0.7306	-0.71051	-0.69568	-0.5169	0.10849	0.65616	0.93897	0.92649	0.69438	0.51033	0.31037	0.1451	0.021789	-0.10394	-0.14841	-0.22226	-0.32837	-0.44717	-0.49641	19.706
881.52	-0.59605	-0.61778	-0.62979	-0.6249	-0.61667	0.50985	-0.6421	-0.61704	-0.62662	-0.73045	-0.66618	-0.74719	-0.63992	-0.76296	-0.60009	0.26218	0.69834	0.93529	0.93052	0.68942	0.48178	0.28375	0.13116	0.013056	-0.091572	-0.15492	-0.23442	-0.31422	-0.4498	-0.49545	19.254
876.4	-0.58448	-0.58999	-0.58539	-0.61052	-0.60967	0.51845	-0.58989	-0.57345	-0.57542	-0.61523	-0.51504	-0.65186	-0.4522	-0.569	-0.47185	0.33656	0.74788	0.96324	0.94265	0.67432	0.47939	0.28992	0.12248	0.0035149	-0.080682	-0.13616	-0.21384	-0.30966	-0.42697	-0.4746	18.831
874.9	-0.55796	-0.57692	-0.6074	-0.58575	-0.58077	0.54466	-0.54226	-0.57793	-0.5375	-0.54263	-0.54504	-0.57127	-0.62733	-0.82922	-0.44437	0.40098	0.77543	0.96113	0.91492	0.66362	0.45765	0.27325	0.10634	-0.0034854	-0.095534	-0.15952	-0.23027	-0.30538	-0.43561	-0.44824	18.389
868.28	-0.56132	-0.57298	-0.5838	-0.5642	-0.56573	0.54787	-0.55387	-0.58145	-0.54842	-0.63954	-0.5101	-0.59391	-0.7463	-0.74846	-0.38127	0.28457	0.77339	0.94577	0.90922	0.63467	0.43752	0.24892	0.090681	-0.032628	-0.10368	-0.18318	-0.23288	-0.31175	-0.42652	-0.44823	17.893
859.63	-0.54981	-0.52904	-0.55492	-0.54361	-0.53899	0.56102	-0.53595	-0.59176	-0.56857	-0.53352	-0.57449	-0.68306	-0.61186	-0.71201	-0.39471	0.43596	0.83109	0.97438	0.92178	0.6392	0.43398	0.23395	0.086338	-0.024936	-0.10472	-0.15886	-0.22575	-0.30103	-0.40844	-0.45102	17.409
849.16	-0.5191	-0.50486	-0.55635	-0.54589	-0.53867	0.57664	-0.54681	-0.54492	-0.52766	-0.52114	-0.58157	-0.56987	-0.63735	-0.88996	-0.45784	0.43192	0.82509	0.9777	0.90724	0.63205	0.40803	0.22007	0.071447	-0.04058	-0.11359	-0.17583	-0.2268	-0.30226	-0.389	-0.4347	16.925
851.3	-0.53056	-0.51891	-0.53065	-0.53302	-0.5125	0.60508	-0.53273	-0.52646	-0.53329	-0.6523	-0.42053	-0.80173	-0.68056	-0.89661	-0.43733	0.43087	0.85272	0.94825	0.89462	0.60327	0.39006	0.22324	0.058889	-0.034178	-0.11667	-0.15338	-0.20016	-0.28093	-0.38622	-0.40743	16.456
870.42	-0.47431	-0.4892	-0.49259	-0.50056	-0.50513	0.57859	-0.50445	-0.47881	-0.49013	-0.55468	-0.42102	-0.65634	-0.51664	-0.82481	-0.23821	0.57725	0.85071	0.93685	0.87244	0.58177	0.37538	0.20016	0.062786	-0.037829	-0.11739	-0.16206	-0.20681	-0.28361	-0.37685	-0.39336	15.986
896.78	-0.44565	-0.46675	-0.47043	-0.46402	-0.47615	0.58996	-0.45585	-0.49378	-0.46995	-0.44855	-0.51282	-0.63705	-0.62903	-0.85114	-0.33237	0.55138	0.84365	0.91206	0.82962	0.54866	0.34995	0.18282	0.057582	-0.034154	-0.095597	-0.14727	-0.20156	-0.26356	-0.34432	-0.37517	15.494
908.18	-0.42466	-0.42819	-0.44511	-0.40763	-0.42737	0.5934	-0.44615	-0.42009	-0.44612	-0.4518	-0.49702	-0.60281	-0.74712	-0.99031	-0.25555	0.51809	0.84655	0.88162	0.80466	0.53298	0.31629	0.16224	0.024535	-0.059031	-0.12354	-0.1644	-0.20065	-0.24944	-0.33407	-0.34428	15.046
905.09	-0.39437	-0.40404	-0.40939	-0.40819	-0.39896	0.6317	-0.38552	-0.37328	-0.45092	-0.42664	-0.49872	-0.84183	-0.89291	-1.1273	-0.21087	0.56395	0.83421	0.89098	0.8066	0.51804	0.30982	0.14969	0.03044	-0.061774	-0.11052	-0.14757	-0.20461	-0.24023	-0.29355	-0.32822	14.547
895.5	-0.38299	-0.37845	-0.40266	-0.36466	-0.31925	0.69805	-0.40979	-0.35931	-0.42683	-0.59312	-0.68423	-0.82424	-0.91099	-1.3083	-0.3789	0.39176	0.82689	0.90145	0.80705	0.51201	0.30466	0.14423	0.023202	-0.055591	-0.1157	-0.16673	-0.20019	-0.24672	-0.30443	-0.31514	14.047
887.39	-0.37861	-0.36068	-0.33381	-0.31624	-0.32502	0.6813	-0.32819	-0.30303	-0.4349	-0.68024	-0.79574	-1.154	-1.2717	-1.3713	-0.75413	0.34139	0.812	0.88285	0.8012	0.48971	0.28092	0.13218	0.02511	-0.072503	-0.13933	-0.18008	-0.19785	-0.23555	-0.28379	-0.30378	13.569
882.48	-0.32881	-0.30524	-0.27143	-0.32227	-0.25981	0.74927	-0.30713	-0.35941	-0.45744	-0.83005	-0.89639	-1.2685	-1.443	-1.5674	-0.64618	0.48797	0.81044	0.89149	0.79236	0.49062	0.28592	0.12306	0.0073354	-0.077246	-0.12632	-0.1556	-0.17464	-0.21145	-0.26793	-0.27095	13.069
884.08	-0.24917	-0.22932	-0.22501	-0.24165	-0.24404	0.72656	-0.28373	-0.37435	-0.49594	-0.81944	-1.1637	-1.6346	-1.8631	-1.9067	-0.79426	0.1892	0.76044	0.86945	0.80669	0.47619	0.28626	0.11031	-0.0054487	-0.075374	-0.12933	-0.16888	-0.16763	-0.1968	-0.22741	-0.24441	12.589
889.2	-0.18922	-0.19135	-0.14703	-0.22587	-0.22458	0.80638	-0.41836	-0.47731	-0.5663	-0.9959	-1.4053	-2.0271	-2.0754	-2.1167	-1.0587	0.27787	0.72332	0.87275	0.79297	0.4905	0.27778	0.11057	0.011513	-0.053399	-0.11089	-0.14347	-0.14836	-0.15469	-0.17244	-0.18117	12.153
896.67	-0.089799	-0.097669	-0.12872	-0.14088	-0.17465	0.70354	-0.36501	-0.45283	-0.66472	-1.2122	-1.564	-2.0191	-2.4579	-2.3436	-1.2062	0.21324	0.66604	0.87372	0.80109	0.506	0.30596	0.15198	0.025687	-0.042703	-0.079655	-0.095468	-0.10835	-0.10964	-0.10492	-0.092655	11.7
908.18	-0.095499	-0.092444	-0.12287	-0.18717	-0.23292	0.74795	-0.358	-0.53651	-0.80699	-1.4363	-1.6845	-2.0897	-2.6115	-2.5637	-1.418	0.043593	0.6365	0.86445	0.80466	0.52595	0.30877	0.15876	0.047742	-0.012635	-0.037692	-0.068675	-0.082535	-0.067357	-0.087495	-0.078392	11.196
923.1	-0.054421	-0.07055	-0.135	-0.17436	-0.19162	0.67895	-0.39597	-0.63241	-0.8765	-1.4829	-1.8504	-2.2109	-2.6354	-2.6778	-1.404	-0.18189	0.60215	0.86471	0.81471	0.5356	0.32517	0.16818	0.053494	-0.0082819	-0.032435	-0.055386	-0.059563	-0.0397	-0.03773	-0.039294	10.748
929.17	-0.039861	-0.031895	-0.10278	-0.14405	-0.20765	0.68777	-0.44539	-0.7231	-0.94562	-1.3778	-1.747	-2.2306	-2.6511	-2.815	-1.4037	-0.0089281	0.59822	0.86348	0.81965	0.52953	0.33285	0.18751	0.075827	0.0099125	-0.021446	-0.030021	-0.031306	-0.038686	-0.020092	-0.01105	10.276
915.32	-0.00059357	-0.018134	-0.085925	-0.15117	-0.22556	0.6632	-0.50413	-0.73069	-0.98983	-1.4691	-1.829	-2.3859	-2.7912	-2.8575	-1.497	-0.061363	0.58132	0.87474	0.82724	0.52795	0.33954	0.18516	0.071218	0.010897	-0.0077054	-0.024742	-0.022889	-0.024727	-0.0052612	0.00014663	9.841
883.23	-0.0041314	0.009908	-0.059555	-0.16603	-0.26533	0.65105	-0.57145	-0.74943	-1.0275	-1.5498	-1.9724	-2.4186	-2.858	-2.9956	-1.4113	-0.163	0.63194	0.92512	0.87141	0.56882	0.35962	0.19816	0.085737	0.023439	-0.0031245	-0.020551	-0.018694	0.0021422	0.025042	0.0060405	9.3925
849.06	0.05606	0.041013	-0.040297	-0.16917	-0.28695	0.69176	-0.59275	-0.80576	-1.0767	-1.6407	-2.0618	-2.4224	-2.9282	-3.0895	-1.4973	0.046629	0.66188	0.94592	0.89439	0.59829	0.36783	0.21917	0.091847	0.028893	0.00011908	-0.026675	-0.0098625	-0.0093239	0.013361	0.029911	8.9816
834.51	0.046802	0.01656	-0.077719	-0.21181	-0.32031	0.67627	-0.65061	-0.87213	-1.1194	-1.6596	-2.1791	-2.5693	-3.0066	-2.8624	-1.6519	0.08569	0.68535	0.9565	0.91701	0.58863	0.36787	0.20783	0.08984	0.022052	0.0061207	-0.011873	-0.0038305	0.0081465	0.04679	0.044677	8.5735
841.36	0.042728	0.035363	-0.085283	-0.21545	-0.36289	0.66101	-0.63075	-0.86504	-1.1032	-1.7323	-2.0907	-2.4634	-2.8824	-3.0369	-1.4816	0.028078	0.68979	0.93799	0.88776	0.57626	0.35495	0.18734	0.073006	0.0027495	-0.0049809	-0.015339	-0.0046765	0.0047475	0.044581	0.070808	8.2123
857.6	0.080851	0.024559	-0.095281	-0.19469	-0.32745	0.64275	-0.62973	-0.85044	-1.0737	-1.4459	-1.9026	-2.2964	-2.5432	-2.7766	-1.2708	0.046164	0.7062	0.95372	0.88035	0.54859	0.34203	0.16812	0.074256	0.011633	-0.0048866	-0.0028138	-0.017529	0.021817	0.060783	0.066	7.8418
879.39	0.070903	0.038777	-0.092048	-0.20442	-0.3203	0.62869	-0.5805	-0.81195	-1.0109	-1.5291	-1.9424	-2.1853	-2.6884	-2.51	-1.1362	0.15391	0.73837	0.90582	0.84352	0.5232	0.31888	0.16935	0.056154	0.0078582	-0.00558	-0.018084	-0.0027926	0.014901	0.058404	0.082953	7.4833
903.17	0.044964	0.032143	-0.085384	-0.21071	-0.30999	0.61032	-0.55404	-0.77784	-1.0048	-1.5513	-1.8348	-2.1893	-2.4318	-2.4858	-1.0788	0.32658	0.73249	0.87742	0.7937	0.49175	0.30628	0.13687	0.04134	0.0068051	-0.01256	0.0014781	-0.014187	-0.0017836	0.06709	0.073365	7.1066
922.99	0.065872	0.051854	-0.08355	-0.18498	-0.30699	0.61233	-0.54839	-0.73541	-0.93111	-1.4132	-1.593	-1.8841	-2.3465	-2.2932	-0.85014	0.20716	0.75495	0.8657	0.77427	0.47514	0.27502	0.12794	0.042082	-0.017413	-0.022364	-0.0082984	-0.013882	0.018754	0.059813	0.07179	6.7918
927.89	0.060501	0.029723	-0.059991	-0.20672	-0.2908	0.63387	-0.53695	-0.71336	-0.90785	-1.3016	-1.5938	-1.8485	-2.1697	-2.0366	-0.96121	0.46409	0.76334	0.84432	0.75437	0.44167	0.26293	0.11704	0.023201	-0.013193	-0.014538	-0.0098691	0.0069203	0.010347	0.058669	0.081019	6.4785
914.79	0.077497	0.035692	-0.090999	-0.18911	-0.30236	0.62859	-0.56119	-0.72106	-0.88931	-1.4083	-1.6352	-1.927	-2.0674	-1.9831	-0.71352	0.49691	0.79438	0.84744	0.76357	0.43927	0.24511	0.11785	0.017774	-0.022594	-0.017873	-0.019022	-0.0026845	0.018155	0.067919	0.082992	6.2226
895.39	0.068768	0.029185	-0.096394	-0.19993	-0.31929	0.63763	-0.54919	-0.72813	-0.88875	-1.4298	-1.462	-1.747	-2.0611	-1.8404	-0.55395	0.5166	0.85095	0.86947	0.76619	0.43453	0.22498	0.098325	0.011434	-0.03164	-0.019859	-0.02362	-0.015963	0.010723	0.048764	0.08811	5.9757
879.17	0.064738	0.0074805	-0.11386	-0.21389	-0.32614	0.66339	-0.55357	-0.73023	-0.91188	-1.3921	-1.4986	-1.8334	-2.0471	-1.7969	-0.45159	0.62596	0.85357	0.8659	0.7361	0.40442	0.22049	0.08395	-0.0080463	-0.044423	-0.046258	-0.0394	-0.028879	-0.010601	0.053166	0.073675	5.7637
870.74	0.045748	0.01088	-0.11848	-0.21769	-0.34289	0.65662	-0.57716	-0.73906	-0.90796	-1.2945	-1.7081	-1.7143	-1.9881	-1.7535	-0.54124	0.47623	0.86888	0.85354	0.72554	0.37534	0.17554	0.041174	-0.025414	-0.06333	-0.055741	-0.064743	-0.058047	-0.027601	0.04661	0.057326	5.5137
875.65	0.046377	-0.011512	-0.12831	-0.23194	-0.32359	0.65294	-0.57145	-0.73842	-0.90203	-1.2781	-1.4077	-1.7864	-1.7591	-1.5365	-0.42516	0.86544	0.87975	0.81782	0.67456	0.34681	0.15461	0.035523	-0.051921	-0.064725	-0.077483	-0.072939	-0.049272	-0.013844	0.045472	0.06464	5.3441
889.95	0.031672	0.0033215	-0.12711	-0.24598	-0.34213	0.60924	-0.55011	-0.70417	-0.89086	-1.2666	-1.5377	-1.6863	-1.5938	-1.7412	-0.37199	0.75288	0.87164	0.79915	0.65631	0.30178	0.13762	0.01985	-0.059546	-0.085206	-0.083471	-0.076819	-0.044323	-0.029368	0.032634	0.057757	5.1986
910.95	0.04543	0.020736	-0.11829	-0.21717	-0.30641	0.60511	-0.53347	-0.72158	-0.84758	-1.1313	-1.2972	-1.4904	-1.7496	-1.3276	-0.21856	0.5428	0.86416	0.75639	0.62266	0.29658	0.10277	-0.0023078	-0.063129	-0.078195	-0.078406	-0.08163	-0.059544	-0.019461	0.031882	0.076817	5.0349
928.85	0.045392	0.00084295	-0.095395	-0.22028	-0.29778	0.61201	-0.51543	-0.66479	-0.78346	-1.1442	-1.2539	-1.342	-1.5927	-1.1799	-0.26761	0.75573	0.85329	0.74624	0.59645	0.27797	0.10651	0.0011432	-0.060293	-0.087412	-0.076895	-0.074408	-0.037689	-0.013051	0.050323	0.052138	4.9
938.96	0.064752	0.0023757	-0.10579	-0.20989	-0.29727	0.59493	-0.50681	-0.64212	-0.76715	-1.0889	-1.0686	-1.4037	-1.4131	-1.0947	-0.14176	0.68811	0.83838	0.71373	0.5658	0.27583	0.10132	0.00028759	-0.066858	-0.08647	-0.07683	-0.082386	-0.051465	-0.020372	0.019457	0.064239	4.7848
935.02	0.054228	-0.0014866	-0.11115	-0.19789	-0.30937	0.60182	-0.50508	-0.65302	-0.74822	-1.0677	-1.2093	-1.4181	-1.4925	-1.0993	-0.062978	0.68247	0.85093	0.71761	0.56976	0.25139	0.092811	-0.014934	-0.06553	-0.087653	-0.082508	-0.073116	-0.052473	-0.0099675	0.031061	0.063715	4.7227
917.45	0.054419	0.024537	-0.11746	-0.21071	-0.28859	0.62945	-0.50847	-0.64799	-0.76658	-0.9301	-1.1399	-1.2374	-1.3298	-0.9803	0.052686	0.7912	0.86889	0.71793	0.57347	0.2388	0.073069	-0.022976	-0.068425	-0.079312	-0.071614	-0.072883	-0.043801	-0.0093936	0.055141	0.060076	4.656
893.15	0.049815	0.0073635	-0.12751	-0.21054	-0.30117	0.61993	-0.54249	-0.68192	-0.7949	-1.0186	-1.1899	-1.4401	-1.5539	-1.117	-0.038225	0.85741	0.88568	0.73931	0.56854	0.25245	0.062303	-0.035997	-0.082086	-0.10291	-0.087979	-0.079061	-0.058246	-0.010433	0.03855	0.055887	4.6196
875.33	0.030426	0.00089449	-0.13449	-0.22773	-0.32757	0.6438	-0.5387	-0.6958	-0.83052	-1.0669	-1.1462	-1.4331	-1.4112	-1.1138	-0.11438	0.65606	0.91421	0.73373	0.54743	0.22568	0.06791	-0.042149	-0.10354	-0.10938	-0.097939	-0.085806	-0.061967	-0.040265	0.017353	0.040897	4.5938
867.86	0.036057	0.010083	-0.12682	-0.23229	-0.31287	0.64556	-0.53669	-0.68326	-0.82488	-1.1411	-1.2148	-1.3539	-1.397	-0.99275	0.00817	0.87321	0.92826	0.73342	0.56906	0.2359	0.057993	-0.037046	-0.11657	-0.10944	-0.095485	-0.08741	-0.074435	-0.039805	0.050313	0.071213	4.5741
872.45	0.046548	-0.016534	-0.11912	-0.25523	-0.32284	0.65063	-0.54048	-0.69634	-0.80358	-0.95962	-1.1987	-1.3832	-1.4946	-1.1435	-0.11475	0.76798	0.89176	0.74274	0.57279	0.23009	0.055079	-0.053163	-0.096113	-0.11414	-0.096623	-0.092105	-0.070652	-0.04602	0.042109	0.052956	4.5923
887.71	0.05012	0.00088202	-0.1283	-0.21862	-0.32396	0.63205	-0.51657	-0.67229	-0.7956	-1.052	-1.1207	-1.4847	-1.2713	-1.1409	0.045166	0.76378	0.89024	0.72812	0.53567	0.23512	0.051564	-0.052249	-0.099548	-0.11822	-0.098186	-0.086299	-0.070272	-0.026283	0.047452	0.048697	4.6075
904.88	0.059465	0.013672	-0.1174	-0.20116	-0.30473	0.6391	-0.51474	-0.65446	-0.76416	-1.0588	-1.1182	-1.3775	-1.441	-0.96885	0.044309	0.79339	0.89621	0.71612	0.55307	0.23154	0.053944	-0.034656	-0.084349	-0.097346	-0.076562	-0.077209	-0.050134	-0.0041036	0.050804	0.069941	4.6317
915.64	0.05368	0.012719	-0.11434	-0.2103	-0.315	0.61725	-0.51184	-0.65597	-0.77941	-0.93194	-1.2071	-1.3006	-1.4241	-1.0318	0.016746	0.83635	0.87396	0.71218	0.54096	0.214	0.070726	-0.034248	-0.076782	-0.10373	-0.090502	-0.070571	-0.057624	-0.022422	0.037601	0.054515	4.612
916.17	0.047714	0.012712	-0.12682	-0.22497	-0.32127	0.61778	-0.51469	-0.65809	-0.76442	-1.0721	-1.1044	-1.3085	-1.34	-1.0312	-0.0012582	0.76618	0.86843	0.72342	0.55586	0.24349	0.059909	-0.019556	-0.090704	-0.10116	-0.081862	-0.078711	-0.061628	-0.018584	0.030021	0.066647	4.6181
912.55	0.056414	0.015144	-0.088703	-0.22586	-0.31328	0.61754	-0.50804	-0.64392	-0.80151	-0.82918	-1.146	-1.3921	-1.2367	-1.0187	-0.046445	0.76923	0.87356	0.74518	0.58379	0.25845	0.087607	-0.019634	-0.065494	-0.07554	-0.07435	-0.067526	-0.034308	-0.0086752	0.041946	0.066098	4.6317
903.71	0.056108	-0.00073559	-0.13026	-0.23807	-0.32009	0.62813	-0.54653	-0.66548	-0.82081	-1.0958	-1.1666	-1.52	-1.4682	-1.3131	-0.08342	0.8474	0.88296	0.74339	0.59112	0.26363	0.10695	-0.013701	-0.079462	-0.080519	-0.080618	-0.069844	-0.040376	-0.019617	0.04406	0.056056	4.8303
895.28	0.041891	-0.0064069	-0.1332	-0.23611	-0.32971	0.61478	-0.54603	-0.69056	-0.84919	-1.0881	-1.3104	-1.4988	-1.6354	-1.1904	-0.17631	0.74839	0.88185	0.7678	0.61225	0.29018	0.11559	-0.0076462	-0.073483	-0.075286	-0.070192	-0.064642	-0.049845	-0.012757	0.05221	0.061564	5.0046
890.7	0.034261	-0.015384	-0.13905	-0.24915	-0.35133	0.61887	-0.58204	-0.7139	-0.85274	-1.2113	-1.1551	-1.5778	-1.6952	-1.2983	-0.26057	0.72537	0.89413	0.79756	0.64011	0.30511	0.12386	0.0047411	-0.067945	-0.062772	-0.060916	-0.057401	-0.03681	-0.02069	0.037791	0.070223	5.2622
898.27	0.034836	-0.024122	-0.14555	-0.26465	-0.38035	0.60269	-0.57794	-0.74797	-0.89002	-1.2638	-1.3249	-1.5203	-1.7998	-1.4389	-0.35019	0.586	0.86954	0.78535	0.64941	0.32386	0.13381	0.023188	-0.044748	-0.063096	-0.046071	-0.056083	-0.045561	-0.0088131	0.036615	0.031581	5.5001
912.13	0.026646	-0.0023175	-0.1425	-0.2499	-0.36068	0.59443	-0.58576	-0.74921	-0.90245	-1.2093	-1.4072	-1.6366	-1.7891	-1.6159	-0.34487	0.67335	0.84541	0.80132	0.65965	0.33732	0.15009	0.049708	-0.027562	-0.062137	-0.043802	-0.047837	-0.03108	-0.033265	0.021717	0.043319	5.8091
925.97	0.040503	-0.02653	-0.12796	-0.25592	-0.36441	0.56958	-0.58012	-0.76034	-0.90574	-1.1999	-1.3953	-1.7836	-1.8859	-1.6898	-0.52676	0.63742	0.8187	0.80086	0.66959	0.37192	0.18639	0.056651	-0.017395	-0.03556	-0.051645	-0.04874	-0.021029	-0.00098195	0.028871	0.060327	6.0802
932.26	0.020239	-0.013145	-0.15093	-0.26873	-0.36286	0.54902	-0.60097	-0.78562	-0.95995	-1.3905	-1.5408	-1.7035	-2.0205	-1.8973	-0.61168	0.46192	0.78278	0.80603	0.70285	0.3891	0.20712	0.077471	0.0012933	-0.020527	-0.046693	-0.03796	-0.024854	-0.016008	0.03528	0.0384	6.3573
931.94	0.032745	6.3427e-005	-0.16413	-0.26074	-0.3784	0.53071	-0.61433	-0.81138	-0.99679	-1.5466	-1.7144	-1.8916	-2.1685	-1.9791	-0.79774	0.35075	0.78058	0.81952	0.71961	0.39865	0.21779	0.087682	0.01987	-0.018069	-0.016777	-0.033149	-0.019306	-0.0047359	0.043549	0.05356	6.7298
925.33	0.024587	-0.019503	-0.15371	-0.26586	-0.3884	0.5407	-0.6382	-0.8213	-1.0071	-1.4184	-1.7725	-2.0939	-2.3159	-2.173	-0.73213	0.38776	0.75469	0.84931	0.76438	0.44634	0.26447	0.13445	0.041976	0.00084506	-0.00066475	-0.0017984	-0.00025521	0.017948	0.044693	0.063578	7.0294
913.83	0.03679	-0.027676	-0.14894	-0.29556	-0.39607	0.52146	-0.67307	-0.85931	-1.0627	-1.683	-1.8971	-2.1464	-2.5704	-2.4403	-1.0211	0.24418	0.71808	0.8636	0.78845	0.48514	0.28359	0.14393	0.041681	1.7808e-005	0.007154	-0.0092012	-0.0051162	0.020473	0.02336	0.055435	7.4334
900.29	0.014922	-0.033724	-0.1648	-0.31422	-0.4161	0.51836	-0.70642	-0.9335	-1.1148	-1.6368	-1.9633	-2.4786	-2.7954	-2.7625	-1.3663	0.035099	0.65144	0.87658	0.81497	0.52789	0.30641	0.17859	0.075752	0.017888	0.010441	0.0039804	0.0038473	0.017668	0.033968	0.046365	7.81
889.74	0.024698	-0.029238	-0.17536	-0.30864	-0.44953	0.53005	-0.70102	-0.9506	-1.1887	-1.7196	-2.0534	-2.4098	-2.8714	-2.9992	-1.4566	0.053461	0.61526	0.87407	0.82629	0.55658	0.35357	0.19048	0.094416	0.031016	0.025838	0.0073967	0.0047224	0.018666	0.031777	0.04274	8.2304
884.62	0.015187	-0.029407	-0.19543	-0.32745	-0.43876	0.51456	-0.73443	-0.98295	-1.2391	-1.7204	-2.2861	-2.7201	-3.3191	-3.4524	-1.8194	-0.24392	0.51143	0.88748	0.87337	0.58867	0.38223	0.22287	0.10007	0.059775	0.022753	0.020994	0.010604	0.01719	0.031961	0.035429	8.6295
887.92	0.008133	-0.026037	-0.19039	-0.33131	-0.47423	0.52928	-0.75038	-1.0147	-1.2653	-1.8319	-2.3254	-2.9426	-3.3841	-3.695	-2.0819	-0.49468	0.42238	0.89249	0.88085	0.62513	0.41416	0.25143	0.12343	0.090612	0.034751	0.025139	0.020565	0.024227	0.049176	0.0445	9.0798
898.16	-0.0057907	-0.02332	-0.16007	-0.33592	-0.45378	0.51868	-0.77394	-1.0364	-1.3011	-1.8021	-2.365	-2.9975	-3.5578	-3.9391	-2.2602	-0.67563	0.30241	0.86587	0.88143	0.65443	0.44918	0.2785	0.16477	0.10579	0.070191	0.045711	0.035155	0.027073	0.061467	0.03572	9.4816
909.25	0.019044	-0.02861	-0.16739	-0.35169	-0.44639	0.4934	-0.80337	-1.049	-1.3195	-2.0104	-2.3549	-3.092	-3.9674	-4.3317	-2.6772	-0.85171	0.19004	0.84358	0.87955	0.67629	0.46959	0.31945	0.17849	0.13483	0.087427	0.056693	0.056697	0.029053	0.033635	0.038553	9.9527
914.68	0.01129	-0.029233	-0.17393	-0.31668	-0.45759	0.46983	-0.80727	-1.0637	-1.3876	-2.0954	-2.508	-3.3602	-4.1023	-4.6614	-2.8686	-0.98623	0.091748	0.8269	0.88074	0.70281	0.49005	0.33916	0.20705	0.1357	0.090819	0.071923	0.05636	0.044203	0.041847	0.048072	10.415
909.04	0.01307	-0.034992	-0.1708	-0.32693	-0.47624	0.4899	-0.81864	-1.0956	-1.4248	-2.1172	-2.6357	-3.4073	-4.3795	-4.9399	-3.4762	-1.2733	-0.057695	0.79321	0.88944	0.72649	0.53569	0.38389	0.22821	0.15256	0.11892	0.092983	0.070544	0.054498	0.042107	0.056545	10.887
