% Time() Angle(deg) Cn Ct Cm
0	4.4285	0.31412	0.020218	0.0060341
0.05	4.9349	0.33977	0.01964	0.0052381
0.1	5.3986	0.41416	0.029161	0.0072481
0.15	5.9333	0.45036	0.037681	0.0098676
0.2	6.4013	0.48985	0.039679	0.0086133
0.25	6.9265	0.55938	0.05246	0.010302
0.29	7.4213	0.6069	0.063651	0.011381
0.34	7.9144	0.65077	0.070624	0.0098452
0.39	8.4375	0.72306	0.084668	0.0098846
0.44	8.9483	0.76619	0.097818	0.013776
0.49	9.4619	0.82068	0.10951	0.014695
0.54	10.006	0.88007	0.12394	0.014134
0.59	10.514	0.93892	0.14227	0.01464
0.64	11.018	0.97383	0.15452	0.013657
0.69	11.552	1.0219	0.17418	0.019583
0.74	12.037	1.0798	0.1912	0.020247
0.79	12.536	1.1127	0.20113	0.016976
0.83	12.979	1.183	0.22493	0.021418
0.88	13.428	1.2042	0.2407	0.025333
0.93	13.834	1.2403	0.25356	0.025474
0.98	14.239	1.2694	0.26994	0.026588
1.03	14.625	1.3068	0.28731	0.026951
1.08	15.002	1.3344	0.30092	0.025938
1.13	15.335	1.3538	0.3171	0.028659
1.18	15.641	1.3853	0.33443	0.032389
1.23	15.949	1.3874	0.34256	0.029413
1.28	16.191	1.4133	0.35693	0.033983
1.33	16.42	1.4342	0.36796	0.033285
1.37	16.659	1.4385	0.37109	0.031616
1.42	16.907	1.4631	0.37753	0.029721
1.47	17.058	1.4562	0.38194	0.026759
1.52	17.202	1.4646	0.38314	0.024662
1.57	17.369	1.4837	0.38796	0.021972
1.62	17.472	1.4738	0.38541	0.015781
1.67	17.531	1.4733	0.38177	0.010476
1.72	17.61	1.4715	0.37637	0.0054411
1.77	17.646	1.4828	0.3703	-0.0039909
1.82	17.672	1.4996	0.35817	-0.013414
1.87	17.7	1.5425	0.34066	-0.030896
1.91	17.664	1.5488	0.27598	-0.064276
1.96	17.669	1.569	0.1779	-0.11528
2.01	17.675	1.546	0.11933	-0.15144
2.06	17.687	1.439	0.046941	-0.16929
2.11	17.637	1.3962	0.017075	-0.18881
2.16	17.636	1.2917	-0.012503	-0.19281
2.21	17.474	1.1552	-0.016598	-0.16345
2.26	17.229	1.016	-0.023779	-0.12868
2.31	17.039	0.89001	-0.014324	-0.084036
2.36	16.817	0.882	-0.018841	-0.099287
2.41	16.498	0.81646	-0.026425	-0.098771
2.45	16.24	0.78076	-0.028933	-0.088981
2.5	15.953	0.71874	-0.042196	-0.092276
2.55	15.608	0.67105	-0.044427	-0.090288
2.6	15.235	0.64599	-0.043385	-0.088269
2.65	14.842	0.60863	-0.039177	-0.070708
2.7	14.503	0.55531	-0.034842	-0.057938
2.75	14.127	0.54131	-0.018377	-0.04224
2.8	13.712	0.48067	-0.010382	-0.026924
2.85	13.268	0.4536	-0.0013022	-0.010426
2.9	12.869	0.4533	0.0092618	0.0062146
2.95	12.425	0.45839	0.013682	0.0004804
2.99	11.985	0.47011	0.022974	-0.0012193
3.04	11.538	0.46341	0.032973	0.01114
3.09	11.038	0.45871	0.044928	0.027689
3.14	10.573	0.4864	0.05523	0.030855
3.19	10.108	0.53724	0.06621	0.027107
3.24	9.6296	0.52085	0.06806	0.03933
3.29	9.1342	0.52747	0.073336	0.044197
3.34	8.6431	0.53556	0.072352	0.043369
3.39	8.182	0.52984	0.067328	0.036782
3.44	7.6845	0.50616	0.066754	0.046203
3.49	7.1641	0.51275	0.066155	0.041703
3.53	6.6753	0.48222	0.056099	0.037958
3.58	6.1575	0.46003	0.05475	0.035265
3.63	5.6531	0.43947	0.051059	0.034679
3.68	5.1743	0.41037	0.045315	0.034021
3.73	4.662	0.36995	0.037904	0.030902
3.78	4.1996	0.32768	0.034985	0.032739
3.83	3.7385	0.28645	0.026342	0.029246
3.88	3.303	0.25082	0.020938	0.026927
3.93	2.8098	0.19837	0.018832	0.03329
3.98	2.3847	0.15873	0.013373	0.027947
4.03	1.9746	0.11083	0.0090641	0.027951
4.07	1.5857	0.10258	0.01362	0.028217
4.12	1.1724	0.053671	0.0093784	0.028329
4.17	0.76509	0.0037703	0.0037681	0.02262
4.22	0.46255	-0.0016903	0.01155	0.024951
4.27	0.089993	-0.059292	0.0027986	0.022348
4.32	-0.23549	-0.099164	0.0022408	0.01931
4.37	-0.5002	-0.12027	0.0077281	0.024338
4.42	-0.78777	-0.1448	0.0052177	0.019303
4.47	-1.0282	-0.19398	0.005531	0.022924
4.52	-1.2717	-0.20298	0.0082185	0.02206
4.57	-1.494	-0.22258	0.0099641	0.023891
4.61	-1.6828	-0.25462	0.008872	0.022092
4.66	-1.8457	-0.25113	0.014202	0.021606
4.71	-1.9995	-0.27516	0.010625	0.017246
4.76	-2.1503	-0.29741	0.013286	0.017986
4.81	-2.2356	-0.30387	0.017267	0.020231
4.86	-2.3117	-0.31924	0.012438	0.014577
4.91	-2.4061	-0.33682	0.01375	0.019737
4.96	-2.4305	-0.32314	0.016802	0.018986
5.01	-2.461	-0.33635	0.015369	0.014374
5.06	-2.4747	-0.33476	0.019678	0.017272
5.11	-2.4869	-0.3358	0.018812	0.017267
5.15	-2.4153	-0.35389	0.015514	0.01776
5.2	-2.4275	-0.33918	0.018058	0.016339
5.25	-2.4381	-0.33693	0.021135	0.019675
5.3	-2.4244	-0.33653	0.017505	0.017251
5.35	-2.3528	-0.32193	0.016959	0.015108
5.4	-2.1381	-0.31157	0.012763	0.012302
5.45	-1.9751	-0.28422	0.015844	0.011642
5.5	-1.7452	-0.27613	0.012828	0.013439
5.55	-1.4833	-0.24181	0.014417	0.011084
5.6	-1.2124	-0.23133	0.0099071	0.0088871
5.65	-0.93234	-0.2024	0.010145	0.014579
5.69	-0.62648	-0.1763	0.0071822	0.01006
5.74	-0.27048	-0.14104	0.0070175	0.0087536
5.79	0.061098	-0.12189	0.0052304	0.010535
5.84	0.45647	-0.076304	0.0067474	0.0090672
5.89	0.76661	-0.057822	0.0015095	0.0089965
5.94	1.1694	-0.014316	0.0024764	0.0074895
5.99	1.5827	0.037297	0.0050744	0.0078057
6.04	1.9868	0.057372	0.0029673	0.011075
6.09	2.4029	0.11516	0.0066379	0.0083514
6.14	2.8796	0.1647	0.01044	0.0089732
6.19	3.3744	0.2044	0.0095252	0.0071566
6.23	3.8189	0.25246	0.015662	0.011351
