12802	4	3	91	24.5	760	1	15	10	3.496	128	4096	10	0	0	0	0	447.43	943.36	1.4428e+006	0.11534	0.15145	39.886	0	0	1	0	0	0	11	0	0
858.79	0.081194	0.01481	-0.12411	-0.25243	-0.38729	-0.63754	-0.60147	-0.76281	-0.90294	-1.39	-1.4766	-1.797	-2.0926	-1.791	-0.47019	0.63227	0.88036	0.89741	0.79574	0.4803	0.29912	0.17474	0.1099	0.077453	0.06493	0.072993	0.062748	0.091337	0.090969	0.12677	7.2564
869.79	0.070347	0.008794	-0.12782	-0.25876	-0.37462	-0.6493	-0.62123	-0.78222	-0.95362	-1.3817	-1.536	-1.957	-2.1626	-1.9248	-0.68235	0.51418	0.84369	0.88889	0.80001	0.49808	0.32065	0.18889	0.1137	0.096731	0.083023	0.074655	0.09683	0.094208	0.080973	0.12516	7.6074
880.46	0.073022	-0.021748	-0.12801	-0.27016	-0.37583	-0.63956	-0.62926	-0.80319	-0.96978	-1.429	-1.6428	-1.9513	-2.2144	-2.0388	-0.90826	0.48983	0.79865	0.8865	0.8228	0.51198	0.33315	0.21534	0.12515	0.099908	0.089327	0.076304	0.091454	0.071579	0.099219	0.10592	7.9597
889.96	0.048685	-0.023957	-0.16194	-0.27658	-0.41075	-0.66778	-0.64361	-0.80409	-1.0201	-1.4862	-1.8161	-2.1001	-2.405	-2.3994	-1.0283	0.19766	0.75656	0.88719	0.81155	0.53163	0.36202	0.21393	0.13988	0.10487	0.081142	0.077173	0.075515	0.074751	0.079137	0.086426	8.3211
899.66	0.042981	-0.0019639	-0.14572	-0.27276	-0.37533	-0.67883	-0.65752	-0.82693	-1.0387	-1.4612	-1.8059	-2.1569	-2.4045	-2.5331	-1.0997	0.19553	0.68709	0.87762	0.81992	0.55161	0.37331	0.23887	0.16012	0.11992	0.10094	0.091336	0.084567	0.080177	0.09539	0.089624	8.6733
909.47	0.042518	-0.0099065	-0.14162	-0.29878	-0.40101	-0.66248	-0.65915	-0.8576	-1.0682	-1.596	-2.0572	-2.3345	-2.6972	-2.7552	-1.4143	-0.017194	0.62745	0.86816	0.83366	0.57024	0.39767	0.25542	0.17247	0.13884	0.11322	0.094471	0.096671	0.078542	0.076594	0.07722	9.107
918.21	0.037039	-0.022433	-0.16697	-0.30086	-0.43125	-0.67227	-0.68665	-0.88949	-1.0903	-1.572	-1.9637	-2.3815	-2.9125	-3.0172	-1.5626	-0.051793	0.56141	0.85811	0.82093	0.58827	0.41208	0.2771	0.18968	0.13251	0.11604	0.10908	0.091724	0.082373	0.069158	0.082957	9.4619
924.91	0.025858	-0.038713	-0.17487	-0.31088	-0.42446	-0.69757	-0.69337	-0.90954	-1.1407	-1.6651	-2.1147	-2.5102	-3.0068	-3.1097	-1.6493	-0.12908	0.49604	0.86253	0.84591	0.62197	0.43618	0.28278	0.19563	0.16965	0.11983	0.11234	0.094256	0.087837	0.081969	0.070307	9.8742
929.17	0.017383	-0.040875	-0.19221	-0.31837	-0.43161	-0.71557	-0.74685	-0.96227	-1.1928	-1.7702	-2.1964	-2.7979	-3.2721	-3.486	-2.0323	-0.38615	0.37339	0.84886	0.8444	0.62256	0.44563	0.30702	0.20851	0.16558	0.12621	0.10457	0.11453	0.0814	0.066686	0.055592	10.294
931.73	-0.0060002	-0.061751	-0.19333	-0.31346	-0.45763	-0.71801	-0.751	-0.97525	-1.2332	-1.774	-2.2359	-2.9522	-3.3941	-3.655	-2.2569	-0.64203	0.28932	0.82363	0.85468	0.64055	0.47456	0.32994	0.22732	0.17335	0.14429	0.11795	0.11421	0.074409	0.068155	0.071389	10.753
932.05	-0.0018319	-0.067946	-0.20395	-0.35777	-0.48014	-0.74419	-0.77782	-1.0251	-1.309	-2.024	-2.308	-3.1728	-3.663	-4.0918	-2.5304	-0.76168	0.17907	0.80485	0.83314	0.67029	0.49314	0.34425	0.24986	0.17822	0.16573	0.13721	0.11179	0.081149	0.056573	0.057811	11.186
932.26	0.010661	-0.058608	-0.19897	-0.35284	-0.49	-0.72905	-0.78151	-1.0454	-1.3063	-1.8594	-2.4077	-3.121	-3.8749	-4.3503	-2.6979	-1.044	0.07138	0.80203	0.84396	0.70096	0.53375	0.3781	0.27241	0.21516	0.16339	0.13959	0.12684	0.093908	0.054084	0.045845	11.651
931.2	-0.0076704	-0.054787	-0.19508	-0.37022	-0.50145	-0.75104	-0.84592	-1.0729	-1.3801	-2.0085	-2.5837	-3.2184	-4.1578	-4.7125	-3.1704	-1.208	-0.056883	0.76152	0.84256	0.7249	0.55149	0.4074	0.28485	0.21952	0.18047	0.15263	0.13493	0.099285	0.054146	0.04829	12.122
928.11	-0.010206	-0.070575	-0.19738	-0.34956	-0.49766	-0.76238	-0.85495	-1.1219	-1.4309	-2.1541	-2.7021	-3.3403	-4.4264	-5.0948	-3.4387	-1.4356	-0.19988	0.73398	0.85327	0.75225	0.58277	0.43261	0.30769	0.22272	0.2065	0.15556	0.14176	0.092819	0.051837	0.037243	12.572
922.78	-0.022045	-0.081971	-0.22758	-0.38502	-0.53166	-0.7988	-0.87161	-1.1574	-1.4865	-2.2276	-2.9937	-3.5748	-4.8156	-5.5912	-3.8965	-1.8417	-0.37288	0.69551	0.83037	0.76956	0.60753	0.46681	0.3372	0.27133	0.217	0.18407	0.14739	0.10702	0.048802	0.036651	13.071
917.57	-0.028094	-0.087173	-0.22637	-0.37654	-0.52548	-0.80961	-0.92451	-1.1848	-1.553	-2.2227	-3.1218	-3.5605	-5.0924	-6.0102	-4.3231	-2.2087	-0.55368	0.64222	0.80791	0.77915	0.62257	0.46602	0.33994	0.2687	0.20654	0.1745	0.14097	0.10152	0.064175	0.033623	13.57
911.71	-0.035087	-0.087734	-0.21354	-0.37814	-0.5511	-0.80131	-0.95893	-1.2353	-1.5817	-2.3872	-3.2443	-3.9145	-5.5266	-6.5381	-4.7399	-2.5643	-0.72614	0.59052	0.80184	0.80254	0.64657	0.50544	0.36607	0.29059	0.23376	0.18959	0.15973	0.12139	0.05446	0.037913	14.084
905.84	-0.047315	-0.10109	-0.22507	-0.40884	-0.59664	-0.84365	-0.97867	-1.2712	-1.6825	-2.456	-3.3028	-4.2029	-5.8234	-6.9226	-5.1712	-2.854	-0.91098	0.52639	0.78436	0.80509	0.68177	0.52704	0.39087	0.3077	0.24316	0.1991	0.17464	0.1098	0.038672	0.032415	14.578
899.98	-0.064016	-0.11463	-0.22824	-0.4299	-0.60053	-0.86647	-0.96822	-1.311	-1.7321	-2.5257	-3.5979	-4.3539	-6.0648	-7.5305	-5.4523	-3.1209	-1.1493	0.46415	0.74057	0.81832	0.68874	0.53135	0.39844	0.31566	0.25826	0.21871	0.16345	0.11051	0.038068	0.016941	15.07
894.65	-0.05919	-0.11207	-0.2296	-0.41563	-0.57766	-0.86888	-0.99898	-1.3813	-1.8152	-2.7478	-3.7618	-4.5663	-6.7062	-7.9811	-6.038	-3.5855	-1.3711	0.39718	0.73514	0.84996	0.73104	0.57429	0.42605	0.34323	0.27099	0.23677	0.1975	0.13389	0.050337	0.038635	15.587
887.72	-0.057028	-0.13335	-0.23657	-0.42397	-0.60882	-0.85255	-1.0563	-1.4197	-1.8502	-2.7784	-3.8772	-4.8346	-7.2226	-8.597	-6.5589	-4.072	-1.6286	0.32539	0.69461	0.87457	0.75813	0.59392	0.45906	0.36404	0.29325	0.24031	0.18905	0.1223	0.048131	0.027218	16.074
881.1	-0.076844	-0.12119	-0.25487	-0.40665	-0.60285	-0.88131	-1.0283	-1.466	-1.9305	-2.7627	-4.1569	-5.0963	-7.6577	-9.2193	-6.9639	-4.5554	-1.8991	0.22908	0.64572	0.89292	0.77934	0.61543	0.47959	0.38242	0.30113	0.25572	0.20894	0.14549	0.066831	0.029952	16.566
875.87	-0.10744	-0.14259	-0.24851	-0.43486	-0.63056	-0.90438	-1.1332	-1.5045	-2.0028	-2.9263	-4.3272	-5.2446	-8.0604	-9.68	-7.5234	-4.9562	-2.2035	0.15829	0.60184	0.88002	0.81433	0.64348	0.51683	0.41444	0.32172	0.27265	0.22201	0.16316	0.054052	0.023345	17.073
869.68	-0.12785	-0.16859	-0.26085	-0.41978	-0.64282	-0.91365	-1.1272	-1.5461	-2.1047	-3.1416	-4.5728	-5.6382	-8.6265	-10.331	-8.2028	-5.542	-2.5081	0.03294	0.55636	0.88446	0.81839	0.66988	0.50926	0.42973	0.32812	0.27718	0.21763	0.15223	0.051782	0.0064246	17.637
864.55	-0.10795	-0.14278	-0.24822	-0.4362	-0.67107	-0.92856	-1.1531	-1.6297	-2.0795	-3.1789	-4.7865	-5.7359	-9.207	-10.996	-8.7952	-6.0549	-2.8039	-0.098833	0.48584	0.90447	0.8408	0.69763	0.54711	0.42962	0.35074	0.29876	0.24117	0.16934	0.036957	0.022792	18.09
859.43	-0.12757	-0.16133	-0.24881	-0.43004	-0.65344	-0.93983	-1.1616	-1.5939	-2.172	-3.1791	-4.8743	-6.0382	-9.7411	-11.651	-9.318	-6.5274	-3.1308	-0.21117	0.42558	0.90893	0.87233	0.71283	0.57927	0.45981	0.37364	0.3049	0.26155	0.17851	0.054189	0.018606	18.611
855.26	-0.13727	-0.17059	-0.25003	-0.43214	-0.61908	-0.92042	-1.1917	-1.6734	-2.2223	-3.3453	-5.0172	-6.2719	-10.092	-12.22	-10.019	-7.1004	-3.4623	-0.33985	0.36419	0.9087	0.87214	0.73665	0.58561	0.48803	0.38048	0.32567	0.27493	0.18921	0.055354	0.019563	19.069
850.88	-0.1252	-0.17997	-0.25852	-0.42463	-0.63419	-0.9213	-1.2716	-1.6793	-2.3225	-3.3436	-5.1029	-6.4629	-10.269	-12.87	-10.633	-7.6716	-3.8051	-0.47569	0.304	0.92557	0.91501	0.77018	0.63551	0.50765	0.42447	0.36258	0.29809	0.19759	0.064684	0.022284	19.586
845.53	-0.13885	-0.1794	-0.26378	-0.42286	-0.6342	-0.93003	-1.2268	-1.7406	-2.3503	-3.3933	-5.3662	-6.7856	-10.659	-13.586	-11.237	-8.2203	-4.1843	-0.62431	0.21136	0.90688	0.91989	0.78252	0.62796	0.51177	0.41362	0.35068	0.27635	0.20796	0.050532	0.023305	20.062
839.76	-0.17401	-0.21599	-0.24187	-0.47148	-0.63755	-0.96575	-1.2481	-1.7061	-2.4263	-3.4646	-5.5042	-7.0498	-10.905	-14.202	-11.883	-8.923	-4.526	-0.75567	0.15604	0.90266	0.93707	0.8058	0.66813	0.55087	0.44457	0.36291	0.30644	0.19687	0.071039	0.0004601	20.497
836.77	-0.18948	-0.20898	-0.30774	-0.45878	-0.66508	-0.99471	-1.2663	-1.7332	-2.4492	-3.7465	-5.5645	-7.3124	-11.208	-14.767	-12.527	-9.3364	-4.8828	-0.90945	0.043515	0.88968	0.93679	0.8238	0.65613	0.57298	0.43847	0.37496	0.30665	0.19255	0.049219	0.0057898	20.98
833.77	-0.19109	-0.2245	-0.32722	-0.4523	-0.69179	-0.98844	-1.2259	-1.8075	-2.4722	-3.731	-5.6557	-7.3386	-11.294	-15.473	-13.017	-10.011	-5.2201	-1.0496	-0.015271	0.89383	0.94562	0.83624	0.68828	0.5539	0.46235	0.37451	0.30775	0.18652	0.042013	0.013831	21.374
830.35	-0.22555	-0.26118	-0.31288	-0.44419	-0.67226	-1.0004	-1.2726	-1.8389	-2.4948	-3.8822	-5.9347	-7.6559	-11.433	-16.165	-13.647	-10.658	-5.5849	-1.1962	-0.11604	0.88118	0.94586	0.83778	0.69474	0.56726	0.4565	0.39501	0.3108	0.20248	0.062576	0.0022556	21.818
825.75	-0.2268	-0.26352	-0.32576	-0.46217	-0.66168	-1.009	-1.3566	-1.8528	-2.5885	-3.7965	-5.793	-7.8525	-11.921	-16.402	-14.372	-11.065	-5.9258	-1.3291	-0.17976	0.86773	0.964	0.85394	0.71046	0.59918	0.46511	0.40447	0.33314	0.22058	0.043354	0.020266	22.198
821.25	-0.27437	-0.30288	-0.33127	-0.47386	-0.70028	-0.98651	-1.3526	-1.9843	-2.6522	-3.6408	-5.9384	-7.8374	-12.042	-16.878	-14.803	-11.495	-6.2073	-1.4683	-0.22629	0.85595	0.97668	0.87691	0.73176	0.62485	0.49291	0.40212	0.33226	0.23373	0.050149	-0.0076709	22.54
818.15	-0.28965	-0.31819	-0.3831	-0.4729	-0.68331	-1.0394	-1.3754	-2.0667	-2.7156	-3.6841	-5.9921	-7.8865	-12.162	-17.377	-15.02	-12.153	-6.4603	-1.5863	-0.31142	0.8475	0.97203	0.88893	0.75386	0.60755	0.5009	0.40731	0.33443	0.2192	0.038115	-0.016782	22.917
816.12	-0.29322	-0.33141	-0.40564	-0.47869	-0.64567	-0.99273	-1.3054	-2.1225	-2.8783	-3.5748	-5.7365	-7.7991	-12.193	-17.679	-15.32	-12.311	-6.6707	-1.6848	-0.35534	0.83299	0.99585	0.91925	0.76404	0.64286	0.50039	0.43312	0.34886	0.23692	0.046695	-0.026838	23.232
813.55	-0.34378	-0.37608	-0.40881	-0.49408	-0.69133	-1.0342	-1.3743	-2.3317	-2.9237	-3.8931	-5.4415	-7.6285	-12.081	-17.642	-15.754	-12.477	-6.8444	-1.7607	-0.41146	0.84641	1.0074	0.93284	0.78403	0.65431	0.51516	0.45015	0.36087	0.23681	0.045895	-0.018704	23.517
809.26	-0.36287	-0.40223	-0.40056	-0.53855	-0.64905	-0.91187	-1.4662	-2.4908	-3.1979	-3.8937	-5.0296	-7.286	-11.683	-17.502	-15.521	-12.543	-6.9203	-1.7822	-0.42271	0.86962	1.0371	0.95634	0.80679	0.66156	0.53556	0.44327	0.35273	0.23719	0.013809	-0.030739	23.773
805.09	-0.35993	-0.39263	-0.44355	-0.50114	-0.61883	-0.87786	-1.5312	-3.0138	-3.4488	-4.1341	-5.4248	-7.3633	-11.138	-16.156	-14.454	-12.142	-6.6137	-1.6946	-0.36932	0.90189	1.051	0.97014	0.82874	0.66689	0.53923	0.46046	0.34537	0.21841	0.031085	-0.047508	24.064
802.3	-0.38634	-0.42829	-0.48806	-0.5329	-0.562	-0.8717	-1.5805	-3.3384	-3.7937	-4.2689	-4.9356	-6.6859	-9.7312	-14.563	-13.148	-11.309	-6.2384	-1.5511	-0.24169	0.9458	1.0925	0.99224	0.84381	0.70167	0.55715	0.46019	0.35855	0.21305	0.00050085	-0.056008	24.311
798.98	-0.44237	-0.52525	-0.49872	-0.50968	-0.52838	-0.8558	-1.8859	-3.7147	-4.2946	-4.4782	-4.9243	-6.4353	-8.6261	-12.476	-11.489	-10.377	-5.5711	-1.3285	-0.11325	0.99768	1.1113	1.032	0.85014	0.71514	0.57021	0.46304	0.35263	0.22271	-0.0023886	-0.070191	24.46
793.94	-0.4843	-0.54044	-0.50189	-0.43138	-0.55834	-0.8695	-2.472	-4.1194	-3.9753	-4.5269	-6.1427	-5.9659	-6.625	-8.0792	-8.0088	-8.5836	-4.572	-1.0102	0.073579	1.0402	1.127	1.0336	0.86123	0.71003	0.55671	0.45465	0.34649	0.19058	-0.037296	-0.1193	24.613
788.91	-0.51593	-0.56226	-0.45751	-0.42459	-0.53941	-0.98951	-2.7904	-3.8476	-4.011	-5.0357	-5.0732	-5.1682	-4.724	-5.7637	-5.9586	-6.9491	-3.7671	-0.70762	0.2005	1.0832	1.1438	1.0301	0.87436	0.68737	0.54394	0.43951	0.3412	0.18292	-0.05997	-0.13607	24.722
785.37	-0.50936	-0.51315	-0.38348	-0.4035	-0.65911	-1.411	-3.4246	-3.5986	-4.2108	-4.6584	-4.5231	-4.4936	-4.2403	-4.3169	-5.1453	-5.9541	-3.2826	-0.5091	0.32375	1.0942	1.1654	1.0388	0.8505	0.69046	0.52454	0.43385	0.31447	0.15162	-0.071997	-0.16034	24.796
781.62	-0.47505	-0.46465	-0.32847	-0.41122	-0.88714	-2.0416	-3.801	-3.316	-3.2107	-3.949	-3.6757	-3.5192	-4.0459	-3.4961	-4.7269	-4.88	-2.8583	-0.32776	0.41634	1.1209	1.1583	1.0256	0.83725	0.68104	0.49869	0.41676	0.30179	0.12277	-0.077265	-0.1554	24.845
777.54	-0.40664	-0.40653	-0.37749	-0.5247	-1.4036	-2.6223	-3.8589	-3.3708	-3.473	-3.5243	-3.3892	-3.5274	-3.3315	-2.931	-4.1576	-4.3	-2.4634	-0.16268	0.51003	1.1104	1.139	1.0076	0.82518	0.65308	0.48842	0.38328	0.28339	0.12251	-0.08163	-0.1543	24.857
772.18	-0.36823	-0.37184	-0.39003	-0.69992	-2.0535	-2.935	-3.5177	-3.2216	-3.2864	-3.0793	-2.9178	-3.1199	-3.1175	-2.6674	-3.2573	-3.8545	-2.1471	-0.044754	0.56296	1.1233	1.1381	0.96746	0.80557	0.6467	0.4807	0.38885	0.27003	0.11429	-0.064257	-0.14479	24.845
766.28	-0.35485	-0.37092	-0.533	-1.1356	-2.5777	-3.2179	-3.254	-2.9514	-2.6069	-3.1241	-2.7187	-2.8018	-2.7733	-2.3525	-3.207	-3.478	-1.8927	0.065238	0.64771	1.1392	1.1429	0.97903	0.79016	0.62469	0.45454	0.36544	0.26245	0.13254	-0.070778	-0.12749	24.818
760.48	-0.38411	-0.43661	-0.73855	-1.6847	-3.0429	-3.1226	-3.1602	-2.6274	-2.6919	-3.0208	-2.5831	-2.5725	-2.7342	-2.102	-3.2748	-3.2212	-1.7419	0.16827	0.70666	1.1636	1.1476	1.0042	0.79915	0.62038	0.46646	0.35738	0.25959	0.11051	-0.12495	-0.14409	24.827
754.36	-0.4356	-0.51888	-0.99031	-2.2811	-3.3521	-3.099	-2.8445	-2.1308	-2.4254	-2.7036	-2.3902	-2.0879	-2.8575	-2.1692	-2.8641	-3.1627	-1.5357	0.26975	0.75809	1.1889	1.1539	0.99764	0.81262	0.63354	0.48447	0.36724	0.26071	0.10584	-0.1025	-0.13738	24.853
746.31	-0.51521	-0.62346	-1.2453	-2.5901	-3.5377	-3.0895	-2.5157	-2.1158	-2.0283	-2.4522	-2.0519	-2.1317	-2.3671	-2.0609	-2.6518	-2.737	-1.3685	0.36504	0.8164	1.2103	1.1572	1.0074	0.81635	0.64448	0.48011	0.36517	0.24568	0.096652	-0.11907	-0.1976	24.827
736.85	-0.60823	-0.79954	-1.62	-2.8236	-3.4295	-2.8451	-2.4325	-2.1065	-1.8767	-2.101	-1.986	-1.8034	-1.5591	-1.7487	-2.4172	-2.458	-1.1594	0.46998	0.90552	1.2302	1.1638	1.0192	0.8023	0.63092	0.46201	0.34342	0.22173	0.059853	-0.17177	-0.24248	24.662
727.07	-0.73495	-0.97566	-1.9358	-3.0137	-3.3245	-2.7095	-2.3254	-1.9884	-1.7727	-1.8745	-1.6857	-1.7948	-1.9367	-1.5851	-2.359	-2.1728	-0.94847	0.5813	0.97016	1.2445	1.169	0.96658	0.78929	0.59726	0.42395	0.30681	0.18808	0.0037974	-0.20372	-0.30706	24.504
718.47	-0.92856	-1.199	-2.217	-3.208	-3.3267	-2.5672	-1.9155	-1.7723	-1.59	-1.5718	-1.2686	-1.3851	-1.4079	-1.4357	-1.6411	-1.7878	-0.69539	0.67395	1.0226	1.2616	1.1756	0.96274	0.76102	0.56176	0.3703	0.24789	0.11104	-0.0576	-0.3304	-0.4338	24.296
710.83	-1.1242	-1.4259	-2.4456	-3.2425	-3.1948	-2.4262	-1.7352	-1.495	-1.425	-1.4074	-1.1389	-1.3441	-1.1655	-1.1321	-1.4267	-1.6162	-0.50131	0.76895	1.0904	1.2595	1.1327	0.92192	0.69825	0.47511	0.2817	0.14407	0.016486	-0.17848	-0.48227	-0.57644	24.098
704.59	-1.3127	-1.6081	-2.5597	-3.1516	-3.0372	-2.2298	-1.6001	-1.3201	-1.2108	-1.1569	-0.8959	-1.108	-1.0134	-0.78802	-1.4276	-1.4606	-0.33396	0.83052	1.1156	1.2389	1.0921	0.86836	0.6382	0.37493	0.17253	0.044293	-0.11357	-0.32824	-0.69515	-0.83462	23.867
704.16	-1.6884	-1.6914	-2.4568	-2.9728	-2.6959	-1.8733	-1.3993	-1.1947	-1.1275	-1.0204	-1.0412	-1.0072	-1.0574	-0.92807	-1.0888	-1.1215	-0.10786	0.91029	1.1351	1.191	1.0237	0.77232	0.52635	0.27615	0.067001	-0.081271	-0.26493	-0.55334	-1.0278	-1.2224	23.627
708.46	-2.8728	-2.3017	-2.2667	-2.7263	-2.3432	-1.563	-1.2534	-1.062	-0.98384	-0.65035	-0.7232	-0.64225	-0.81411	-0.63432	-0.93085	-0.65287	0.14259	0.99861	1.1478	1.1308	0.94138	0.68727	0.42434	0.18904	-0.030327	-0.19926	-0.38236	-0.73097	-1.4343	-1.7613	23.323
715.03	-4.7034	-3.8425	-2.0455	-2.3971	-2.0321	-1.4442	-1.1793	-0.91939	-0.71097	-0.58804	-0.43155	-0.62523	-0.53996	-0.61791	-0.76082	-0.42365	0.32771	1.0216	1.165	1.0758	0.88283	0.61793	0.38254	0.14231	-0.083065	-0.23411	-0.42541	-0.78012	-1.6418	-2.1556	23.02
726.1	-5.5983	-4.7095	-2.009	-1.9842	-1.659	-1.2639	-1.07	-0.82095	-0.58601	-0.52361	-0.62377	-0.52817	-0.66829	-0.56683	-0.72651	-0.2963	0.4335	1.049	1.1341	1.0341	0.80661	0.5595	0.33939	0.10743	-0.11529	-0.25738	-0.44133	-0.77691	-1.5701	-2.0491	22.75
741.04	-4.7677	-4.552	-2.0574	-1.7278	-1.377	-1.1287	-0.94814	-0.80647	-0.5722	-0.44781	-0.45077	-0.48537	-0.60334	-0.5146	-0.64506	-0.19339	0.48782	1.0345	1.0994	0.97122	0.76473	0.51621	0.3041	0.077352	-0.11683	-0.25624	-0.4524	-0.74328	-1.4709	-1.8774	22.452
759.41	-3.6381	-3.5015	-2.0228	-1.3986	-1.1256	-0.98687	-0.93946	-0.6881	-0.66358	-0.72339	-0.51814	-0.71422	-0.64902	-0.55192	-0.7055	-0.094152	0.48914	1.0062	1.0544	0.89519	0.68424	0.45479	0.23529	0.039164	-0.15073	-0.27866	-0.43367	-0.71792	-1.3158	-1.6265	22.109
779.04	-2.8368	-2.8573	-1.6257	-1.1691	-0.97576	-0.97991	-0.72044	-0.6206	-0.72282	-0.78787	-0.47238	-0.64524	-0.63266	-0.57685	-0.95239	-0.071283	0.50632	0.96609	1.0194	0.8378	0.6358	0.42201	0.20134	0.018509	-0.15428	-0.27837	-0.4028	-0.65575	-1.1493	-1.3996	21.809
798.77	-1.8685	-1.9236	-1.1127	-1.0507	-0.90617	-0.94955	-0.71799	-0.74819	-0.84205	-0.85916	-0.82216	-0.86797	-0.86531	-0.72349	-0.86691	-0.099517	0.45065	0.92476	0.95195	0.78914	0.57922	0.3611	0.18977	-0.00017236	-0.14152	-0.24335	-0.37062	-0.57465	-0.9417	-1.0925	21.482
816.33	-1.1968	-1.231	-0.9583	-0.94145	-0.84941	-0.91303	-0.79443	-0.9104	-0.93178	-0.89988	-0.97091	-0.8201	-0.95881	-0.90243	-0.89879	-0.22445	0.42125	0.88375	0.91979	0.75847	0.55932	0.35236	0.17463	0.002647	-0.11043	-0.21883	-0.33546	-0.48846	-0.75365	-0.84416	21.126
832.92	-0.81868	-0.72298	-0.97601	-0.9227	-0.83757	-0.92244	-0.89724	-1.0026	-0.97451	-1.1141	-0.88021	-1.0899	-0.93971	-1.0024	-1.0492	-0.24872	0.39722	0.87699	0.92349	0.76157	0.5655	0.35959	0.18199	0.038468	-0.06358	-0.15599	-0.23907	-0.3618	-0.52984	-0.58115	20.809
850.88	-0.80231	-0.89328	-0.83566	-0.80415	-0.77421	-0.91937	-0.98002	-1.0607	-1.0331	-1.0432	-1.0812	-1.1696	-1.1978	-1.1857	-1.0949	-0.39354	0.36093	0.86041	0.90744	0.76613	0.56695	0.37709	0.20911	0.070068	-0.031975	-0.10866	-0.19142	-0.30063	-0.4454	-0.49728	20.444
870.85	-0.65819	-0.67818	-0.62031	-0.64567	-0.71085	-0.94824	-0.99232	-1.0549	-1.0501	-1.0378	-1.0466	-1.2066	-1.0301	-1.1585	-1.1361	-0.26538	0.35441	0.89534	0.93211	0.7678	0.59057	0.3866	0.23543	0.11069	0.014752	-0.061412	-0.11992	-0.21327	-0.35653	-0.42529	20.117
890.6	-0.45266	-0.52815	-0.47753	-0.58488	-0.6837	-1.0148	-1.057	-1.0624	-1.0867	-1.1685	-0.90901	-1.0015	-1.0587	-0.98846	-1.0739	-0.25053	0.37494	0.89208	0.92957	0.77856	0.59965	0.41354	0.24966	0.1177	0.014425	-0.036488	-0.086523	-0.16763	-0.28123	-0.31992	19.744
909.68	-0.39793	-0.4279	-0.48182	-0.55606	-0.81426	-1.0169	-1.1141	-1.0823	-1.111	-1.144	-1.0393	-1.1464	-1.1874	-1.1672	-1.1601	-0.32423	0.37971	0.86525	0.92297	0.78328	0.59291	0.40226	0.24028	0.11523	0.026703	-0.025836	-0.077389	-0.14563	-0.24573	-0.27319	19.394
928.43	-0.31462	-0.39195	-0.46879	-0.60807	-0.89338	-1.0822	-1.1056	-1.1041	-1.0838	-1.1296	-1.1738	-1.1745	-1.0895	-1.0703	-1.0123	-0.31768	0.36213	0.85573	0.89485	0.76316	0.57767	0.39499	0.24272	0.13188	0.031556	-0.012399	-0.061484	-0.13665	-0.22336	-0.23326	18.998
948.54	-0.30713	-0.37219	-0.4952	-0.74912	-0.94571	-1.0921	-1.1217	-1.0888	-1.0686	-0.98675	-0.99671	-1.1162	-1.0262	-1.0795	-1.017	-0.13427	0.36253	0.84711	0.88129	0.74698	0.56141	0.39161	0.23599	0.11535	0.030887	-0.023196	-0.082018	-0.12046	-0.20483	-0.21813	18.593
969.17	-0.32543	-0.37921	-0.50442	-0.77202	-1.0023	-1.1392	-1.0918	-1.0641	-1.052	-1.1403	-0.94922	-1.1006	-1.2955	-1.0331	-1.157	-0.34551	0.37458	0.83331	0.85875	0.71626	0.54085	0.36778	0.2333	0.11922	0.017684	-0.029663	-0.078746	-0.12946	-0.20444	-0.23726	18.192
986.69	-0.35979	-0.41138	-0.54904	-0.8262	-1.0333	-1.1114	-1.0454	-1.0242	-0.97259	-0.94859	-0.88933	-0.96029	-1.0174	-0.83856	-0.8439	-0.16143	0.41218	0.8235	0.84424	0.69464	0.5197	0.338	0.20017	0.088377	0.018094	-0.036733	-0.070598	-0.13497	-0.19847	-0.2338	17.724
997.95	-0.3534	-0.41618	-0.60349	-0.92852	-1.0572	-1.0816	-1.0271	-0.9566	-0.92382	-0.81683	-0.90482	-0.76638	-0.83016	-0.95789	-0.7848	-0.15162	0.44131	0.82902	0.83693	0.68441	0.49862	0.33102	0.19338	0.074328	0.0035554	-0.034817	-0.095008	-0.13837	-0.19238	-0.23488	17.289
1003.8	-0.37919	-0.43757	-0.64273	-0.97711	-1.0098	-1.0614	-0.92199	-0.88998	-0.82632	-0.77999	-0.67962	-0.77776	-0.75696	-0.77909	-0.83775	-0.031471	0.47309	0.8242	0.83571	0.65579	0.49118	0.31335	0.17276	0.068553	-0.010003	-0.05104	-0.092244	-0.13896	-0.18819	-0.21205	16.799
1007.7	-0.35383	-0.45527	-0.78695	-1.0121	-1	-0.96038	-0.85899	-0.83406	-0.78199	-0.81692	-0.74438	-0.71953	-0.85241	-0.8886	-0.64624	0.055762	0.50166	0.83728	0.82736	0.64848	0.46892	0.30349	0.16238	0.058404	-0.021321	-0.072408	-0.096292	-0.15024	-0.20884	-0.22818	16.266
1008.8	-0.42427	-0.50648	-0.8727	-0.96706	-0.91773	-0.9374	-0.80018	-0.81116	-0.74303	-0.71226	-0.65944	-0.7424	-0.73053	-0.81272	-0.53111	0.016155	0.54974	0.83478	0.82068	0.63989	0.4466	0.26947	0.15251	0.04543	-0.030517	-0.074561	-0.11819	-0.15564	-0.22388	-0.24194	15.769
1004.2	-0.50197	-0.62779	-0.93999	-0.94447	-0.82176	-0.85501	-0.75928	-0.76907	-0.68599	-0.55506	-0.50176	-0.71413	-0.71106	-0.74112	-0.50888	0.10363	0.5942	0.8214	0.80833	0.59591	0.40855	0.24313	0.11947	0.0021518	-0.055584	-0.11445	-0.1342	-0.18635	-0.26091	-0.27929	15.25
991.37	-0.62439	-0.76596	-0.93671	-0.88761	-0.7574	-0.84539	-0.7633	-0.74116	-0.64115	-0.68412	-0.63674	-0.68333	-0.6895	-0.74308	-0.47386	0.23377	0.61348	0.80141	0.77959	0.5505	0.37095	0.19524	0.06483	-0.031049	-0.10825	-0.1424	-0.18594	-0.23894	-0.36054	-0.39758	14.717
973.63	-0.77293	-0.88852	-0.916	-0.85816	-0.73301	-0.8161	-0.71942	-0.66575	-0.65587	-0.72968	-0.596	-0.70393	-0.63939	-0.85757	-0.50791	0.21344	0.64354	0.80251	0.76215	0.52856	0.31609	0.16631	0.015757	-0.092991	-0.16826	-0.20888	-0.25011	-0.31599	-0.43587	-0.52234	14.211
956.31	-0.84133	-0.87659	-0.95422	-0.78712	-0.74276	-0.8266	-0.66533	-0.63935	-0.63061	-0.65024	-0.65121	-0.65023	-0.67489	-0.8652	-0.44812	0.38421	0.68324	0.79388	0.72763	0.47471	0.27179	0.092426	-0.016229	-0.12992	-0.19374	-0.24245	-0.28249	-0.35908	-0.50654	-0.57842	13.713
939.29	-0.8541	-0.8732	-0.86793	-0.77734	-0.76431	-0.81186	-0.62287	-0.61587	-0.61132	-0.59343	-0.42797	-0.59435	-0.67089	-0.87283	-0.27185	0.40815	0.70867	0.78379	0.71114	0.43744	0.23468	0.056218	-0.068614	-0.16898	-0.24294	-0.29072	-0.33487	-0.40363	-0.55996	-0.63161	13.148
919.48	-0.85814	-0.84711	-0.83913	-0.77034	-0.7771	-0.84809	-0.61667	-0.63913	-0.61483	-0.65876	-0.59416	-0.84906	-0.66874	-0.93274	-0.34049	0.53847	0.7156	0.76675	0.68976	0.40086	0.19348	0.029911	-0.10202	-0.18512	-0.26607	-0.30921	-0.363	-0.43214	-0.52933	-0.62098	12.672
896.36	-0.74514	-0.76069	-0.7548	-0.70456	-0.70382	-0.84159	-0.60603	-0.64707	-0.59768	-0.64879	-0.60003	-0.80892	-0.74557	-1.0074	-0.34008	0.3654	0.74859	0.75815	0.67237	0.37024	0.15866	-0.015188	-0.13656	-0.2275	-0.2841	-0.33475	-0.36411	-0.42531	-0.54213	-0.57234	12.188
873.52	-0.68729	-0.72834	-0.74032	-0.66266	-0.65257	-0.84291	-0.54426	-0.62364	-0.57858	-0.54589	-0.5185	-0.81188	-0.86111	-1.1895	-0.18846	0.53024	0.76728	0.76199	0.65552	0.34612	0.12108	-0.048174	-0.16512	-0.25362	-0.31773	-0.3495	-0.37532	-0.4252	-0.49728	-0.55753	11.715
855.37	-0.63652	-0.63881	-0.67274	-0.60192	-0.60715	-0.83394	-0.58364	-0.53567	-0.57357	-0.50097	-0.50964	-1.0706	-0.97747	-1.1087	-0.2503	0.52285	0.79074	0.76281	0.65743	0.32641	0.10412	-0.063062	-0.18183	-0.27602	-0.33116	-0.34728	-0.37377	-0.43013	-0.48264	-0.5242	11.214
840.94	-0.55049	-0.61962	-0.62871	-0.56481	-0.57637	-0.76918	-0.5379	-0.47927	-0.48488	-0.53831	-0.65975	-1.0606	-1.1394	-1.1098	-0.17614	0.62672	0.8125	0.76516	0.64777	0.31208	0.086942	-0.075428	-0.17868	-0.27803	-0.30623	-0.34076	-0.36963	-0.40084	-0.46164	-0.48018	10.765
830.67	-0.54234	-0.59589	-0.59129	-0.52014	-0.54179	-0.69964	-0.48377	-0.47781	-0.37954	-0.52556	-0.66791	-1.0833	-1.2361	-1.2327	-0.12868	0.58642	0.84837	0.77165	0.64518	0.30537	0.072477	-0.097301	-0.19539	-0.27501	-0.31776	-0.34047	-0.35639	-0.38302	-0.4201	-0.45123	10.318
821.36	-0.52674	-0.51359	-0.47767	-0.47013	-0.45946	-0.66859	-0.48838	-0.35265	-0.3271	-0.60998	-0.85123	-1.1729	-1.3522	-1.2006	-0.30084	0.6125	0.85426	0.7774	0.62302	0.27677	0.050184	-0.096478	-0.2196	-0.29771	-0.32049	-0.3498	-0.36403	-0.37712	-0.42955	-0.42649	9.8848
816.22	-0.47393	-0.4902	-0.45064	-0.47586	-0.41887	-0.65369	-0.39072	-0.26194	-0.292	-0.56449	-0.99183	-1.1998	-1.4448	-1.1897	-0.050124	0.75326	0.87653	0.78129	0.61976	0.27265	0.030963	-0.10968	-0.21637	-0.28832	-0.31901	-0.35751	-0.3482	-0.36662	-0.39737	-0.40096	9.5088
816.22	-0.41781	-0.45027	-0.42999	-0.3984	-0.39506	-0.64464	-0.24757	-0.26758	-0.29018	-0.73223	-0.97104	-1.0927	-1.5476	-1.0785	-0.040006	0.64569	0.8662	0.72699	0.56763	0.22669	-0.00253	-0.14843	-0.23942	-0.30897	-0.32864	-0.36486	-0.34457	-0.37263	-0.39171	-0.36546	9.0677
819.97	-0.38749	-0.40935	-0.38692	-0.35802	-0.39841	-0.56361	-0.23325	-0.2187	-0.36826	-0.78783	-0.94588	-1.2621	-1.3638	-1.1013	-0.070001	0.74982	0.87439	0.72767	0.56683	0.20425	-0.017335	-0.13907	-0.242	-0.30569	-0.32278	-0.35039	-0.33668	-0.34529	-0.34863	-0.34204	8.6748
825.53	-0.33973	-0.35483	-0.37782	-0.33737	-0.27802	-0.48425	-0.15567	-0.23765	-0.44374	-0.8313	-1.1349	-1.2825	-1.29	-0.97478	-0.13946	0.75441	0.86757	0.70089	0.53902	0.19417	-0.019057	-0.16879	-0.24402	-0.32312	-0.3388	-0.34894	-0.34337	-0.32769	-0.34255	-0.32894	8.3075
832.6	-0.32659	-0.35617	-0.28443	-0.26037	-0.15793	-0.44563	-0.13962	-0.24299	-0.48085	-0.87263	-0.97233	-1.1762	-1.334	-0.90295	0.010321	0.93971	0.86205	0.7048	0.53709	0.17431	-0.015249	-0.15976	-0.23472	-0.28173	-0.30242	-0.31267	-0.30758	-0.30639	-0.29898	-0.27082	7.9295
840.72	-0.28649	-0.28897	-0.23521	-0.15847	-0.11118	-0.3886	-0.1743	-0.28347	-0.49644	-0.77796	-0.80134	-1.3443	-1.2485	-0.89422	0.020026	0.82621	0.87103	0.68432	0.51357	0.16693	-0.037682	-0.16292	-0.25393	-0.29632	-0.29099	-0.30341	-0.28261	-0.26592	-0.26954	-0.25937	7.6104
849.81	-0.24323	-0.23134	-0.13533	-0.10009	-0.062263	-0.38445	-0.11642	-0.33453	-0.49113	-0.68435	-0.96262	-1.0402	-1.1185	-0.84019	0.10715	0.80799	0.86893	0.65092	0.47874	0.14824	-0.034599	-0.17513	-0.22908	-0.27963	-0.27778	-0.28076	-0.28307	-0.26061	-0.2404	-0.21025	7.2519
857.29	-0.18314	-0.17103	-0.093938	-0.06146	-0.079463	-0.38875	-0.19281	-0.36646	-0.51705	-0.73476	-0.92452	-1.0682	-1.082	-0.77994	0.22167	0.8568	0.84526	0.63184	0.45317	0.11437	-0.048469	-0.18928	-0.242	-0.26825	-0.27953	-0.24772	-0.26766	-0.22319	-0.19791	-0.17895	6.9507
860.17	-0.11211	-0.10309	-0.068687	-0.034128	-0.071337	-0.40272	-0.20306	-0.39908	-0.54026	-0.78846	-1.109	-1.1939	-0.99861	-0.75975	0.22093	0.7797	0.85757	0.60586	0.42692	0.10471	-0.066845	-0.18865	-0.23244	-0.2727	-0.25281	-0.25386	-0.24526	-0.2037	-0.16057	-0.15157	6.6041
858.47	-0.060781	-0.094018	-0.059007	-0.084174	-0.087226	-0.40734	-0.26396	-0.41326	-0.5465	-0.79003	-1.0518	-1.0482	-1.0805	-0.52348	0.21176	0.81843	0.86731	0.61185	0.41837	0.09376	-0.076708	-0.19086	-0.23816	-0.26164	-0.24582	-0.25174	-0.22334	-0.19268	-0.12593	-0.11726	6.3377
854.08	-0.038365	-0.045317	-0.066485	-0.059046	-0.074814	-0.43058	-0.27967	-0.42256	-0.55104	-0.74694	-0.9578	-1.0536	-0.96999	-0.42878	0.21285	0.93474	0.86189	0.57943	0.40248	0.076489	-0.069989	-0.17425	-0.23322	-0.26029	-0.24122	-0.22408	-0.1959	-0.17316	-0.10585	-0.09872	6.0712
848.1	-0.0020133	-0.066985	-0.021787	-0.047039	-0.099251	-0.41813	-0.2995	-0.44361	-0.54272	-0.75221	-0.91453	-1.0516	-0.98584	-0.55662	0.3602	0.85666	0.88242	0.60094	0.40273	0.092085	-0.058843	-0.18014	-0.21534	-0.22599	-0.21846	-0.2018	-0.1746	-0.12398	-0.062136	-0.038092	5.8334
839.44	0.020166	-0.009869	-0.036615	-0.052007	-0.12041	-0.46058	-0.32321	-0.44636	-0.63821	-0.79835	-0.97451	-1.053	-1.0414	-0.62539	0.3148	0.8655	0.89609	0.6042	0.41125	0.093985	-0.068496	-0.18389	-0.22204	-0.2265	-0.20112	-0.18692	-0.16495	-0.11775	-0.049943	-0.04291	5.5986
827.03	0.050511	0.0092486	-0.015858	-0.030034	-0.112	-0.47444	-0.30626	-0.46417	-0.61916	-0.75188	-0.99941	-0.95357	-1.0755	-0.47025	0.44917	0.88815	0.91694	0.60136	0.40855	0.096359	-0.065851	-0.16657	-0.20262	-0.22341	-0.19808	-0.18066	-0.1379	-0.096638	-0.032082	-0.013008	5.3728
813.33	0.038953	-0.015529	0.0017711	-0.049977	-0.15129	-0.49555	-0.35398	-0.47764	-0.59138	-0.82398	-0.93273	-0.98916	-0.98109	-0.44097	0.26405	1.011	0.91826	0.60342	0.4001	0.091112	-0.069762	-0.16743	-0.194	-0.19798	-0.18119	-0.17264	-0.13113	-0.079311	-0.0051833	0.023313	5.1804
802.94	0.046226	0.026663	-0.0001132	-0.054371	-0.17639	-0.49174	-0.34149	-0.48096	-0.62852	-0.9149	-0.78616	-1.0217	-0.86079	-0.43727	0.5551	0.96448	0.93682	0.60202	0.42081	0.083347	-0.071609	-0.16369	-0.2162	-0.20626	-0.18354	-0.17581	-0.13651	-0.082956	0.0091248	0.014362	4.9985
796.94	0.067032	0.038679	0.0085367	-0.091616	-0.18408	-0.53973	-0.36759	-0.50669	-0.64439	-0.8207	-1.0478	-0.87993	-0.88642	-0.50696	0.46613	0.98175	0.94387	0.60655	0.41017	0.089985	-0.059761	-0.15599	-0.19043	-0.19628	-0.16338	-0.1414	-0.11897	-0.070392	0.013056	0.039643	4.897
793.41	0.066353	0.057109	-0.0030116	-0.10436	-0.17958	-0.56386	-0.3765	-0.50315	-0.63234	-0.84467	-0.91333	-0.99398	-0.88076	-0.47111	0.60333	1.0666	0.94325	0.62995	0.4046	0.084349	-0.07247	-0.16565	-0.19697	-0.18557	-0.14427	-0.12881	-0.086865	-0.054809	0.023784	0.042628	4.7666
791.37	0.10675	0.059085	-0.00011486	-0.10082	-0.21421	-0.54871	-0.38385	-0.51316	-0.66295	-0.82648	-1.0123	-0.95637	-0.89266	-0.36724	0.44858	1.15	0.98053	0.63468	0.4316	0.10978	-0.046748	-0.12711	-0.1718	-0.15507	-0.12024	-0.11493	-0.071198	-0.042554	0.048155	0.08217	4.6923
789.55	0.12863	0.084908	-0.016611	-0.1144	-0.21042	-0.55518	-0.39113	-0.51143	-0.65511	-0.80799	-1.0146	-1.0793	-0.99133	-0.46382	0.38693	1.0313	0.96921	0.63095	0.43909	0.11812	-0.043972	-0.11739	-0.14455	-0.14475	-0.11055	-0.096212	-0.055433	-0.024902	0.072632	0.097417	4.6605
788.69	0.13567	0.097857	-0.022457	-0.11167	-0.19458	-0.55994	-0.39064	-0.50713	-0.64175	-0.79866	-0.87573	-1.0402	-0.81832	-0.28221	0.65925	1.1337	0.98969	0.67326	0.47119	0.15872	0.002195	-0.090448	-0.10176	-0.097312	-0.090723	-0.054506	-0.029227	0.0079439	0.11564	0.10977	4.6469
790.09	0.12068	0.089433	-0.012721	-0.12576	-0.20493	-0.58701	-0.39817	-0.50236	-0.66309	-0.80744	-0.93867	-1.1389	-0.89412	-0.5592	0.3971	1.1923	0.99279	0.68766	0.49172	0.15945	0.014686	-0.086288	-0.10348	-0.072899	-0.066122	-0.057256	-0.022621	0.020346	0.11738	0.1265	4.662
790.94	0.15098	0.071022	-0.020456	-0.11896	-0.22287	-0.57184	-0.41415	-0.5454	-0.67453	-0.8371	-0.8625	-1.0875	-0.85458	-0.37699	0.39667	1.1304	1.0072	0.7004	0.49675	0.16432	0.021391	-0.064202	-0.11955	-0.093159	-0.058815	-0.052455	-0.014179	0.050446	0.10558	0.14234	4.6363
791.05	0.14017	0.065518	-0.034011	-0.11323	-0.24634	-0.58006	-0.41136	-0.54629	-0.66228	-0.78608	-0.99119	-1.0572	-0.95088	-0.68277	0.41746	0.81756	1.0051	0.71899	0.51893	0.19557	0.051148	-0.058193	-0.089083	-0.095084	-0.068752	-0.037289	-0.023528	-0.00093969	0.097786	0.13292	4.6939
788.91	0.12775	0.073042	-0.039933	-0.15266	-0.23523	-0.59205	-0.43168	-0.55458	-0.66315	-0.81885	-1.0477	-1.0299	-0.87613	-0.58879	0.48132	1.0221	1.0059	0.72927	0.52127	0.19813	0.055135	-0.056348	-0.075014	-0.082718	-0.05806	-0.033592	-0.02078	-5.2829e-005	0.10098	0.13799	4.6651
788.48	0.12979	0.065734	-0.051613	-0.16229	-0.2375	-0.61423	-0.44289	-0.57043	-0.65506	-1.0134	-0.87596	-1.1009	-1.0314	-0.61788	0.34562	1.1036	1.0094	0.74007	0.55133	0.22455	0.059019	-0.019271	-0.073145	-0.057501	-0.027249	-0.021253	0.0026647	0.020388	0.10396	0.13336	4.6605
790.41	0.14421	0.07107	-0.034039	-0.14571	-0.2444	-0.60027	-0.43451	-0.58357	-0.69839	-1.0211	-1.0028	-1.0782	-1.2122	-0.5016	0.26128	1.0706	1.0292	0.75385	0.56947	0.25227	0.06752	-0.0052205	-0.058682	-0.057361	-0.029898	-0.01646	-0.0010836	0.051366	0.1261	0.14525	4.6681
794.16	0.1318	0.057055	-0.074397	-0.17819	-0.24219	-0.62534	-0.44789	-0.57503	-0.76775	-0.77287	-1.1049	-1.0631	-1.2257	-0.69914	0.29121	1.0857	1.0176	0.78026	0.60003	0.27218	0.10162	0.0017737	-0.031865	-0.041656	-0.014444	-0.0088327	0.021277	0.074065	0.11097	0.14176	4.7651
799.52	0.10275	0.053048	-0.068148	-0.1883	-0.27755	-0.63655	-0.47827	-0.59417	-0.75521	-0.84828	-1.0444	-1.2745	-1.1125	-0.68501	0.10358	1.0684	1.005	0.77811	0.60518	0.25938	0.11234	-0.0021938	-0.019414	-0.024127	-0.013455	0.01185	0.018359	0.063926	0.11119	0.13895	4.9516
806.05	0.11251	0.023867	-0.083754	-0.19517	-0.31828	-0.63343	-0.49676	-0.63593	-0.76836	-1.0113	-1.0676	-1.4711	-1.2928	-0.82952	0.092512	0.97066	0.99119	0.7718	0.6112	0.28401	0.1152	0.031175	-0.02299	-0.027733	0.0115	-0.011492	0.027388	0.089488	0.1017	0.14243	5.141
813.65	0.080925	0.0085111	-0.10933	-0.21093	-0.31219	-0.65273	-0.49832	-0.63846	-0.78664	-0.93254	-1.3289	-1.3402	-1.4307	-0.97973	0.193	0.87332	0.97628	0.80494	0.6163	0.30097	0.13652	0.027968	0.0040529	-0.023708	-0.0070674	0.0098013	0.020768	0.069706	0.10169	0.11097	5.3183
822	0.082937	0.033095	-0.094243	-0.21794	-0.30799	-0.66407	-0.52134	-0.6357	-0.79125	-1.1191	-1.1501	-1.4039	-1.2306	-1.0434	0.00040671	0.96154	0.97288	0.81075	0.64217	0.3115	0.14991	0.047887	-0.0042305	-0.002962	0.0051878	0.016995	0.034957	0.057063	0.10721	0.11346	5.5319
830.46	0.070874	0.010955	-0.11081	-0.22751	-0.33742	-0.66621	-0.53861	-0.66244	-0.82506	-1.1853	-1.2918	-1.4853	-1.4752	-1.1329	-0.13864	0.97096	0.9556	0.8193	0.66213	0.33428	0.19228	0.056921	0.014847	0.00075799	0.015469	0.033068	0.053311	0.0607	0.11631	0.12393	5.7955
838.8	0.081276	0.0073913	-0.12158	-0.2387	-0.34716	-0.65371	-0.55045	-0.70426	-0.82921	-1.0967	-1.2587	-1.5463	-1.6606	-1.2478	-0.22574	0.72346	0.94153	0.82778	0.6844	0.36711	0.1967	0.093119	0.045213	0.027237	0.03237	0.042565	0.047487	0.06511	0.097725	0.11561	6.0606
846.28	0.085146	0.038136	-0.10965	-0.22592	-0.30814	-0.67024	-0.56093	-0.70618	-0.86209	-1.144	-1.368	-1.5795	-1.763	-1.3886	-0.19452	0.65105	0.93139	0.85538	0.70782	0.39875	0.23624	0.10631	0.078612	0.047818	0.057438	0.059016	0.060181	0.077783	0.12869	0.11986	6.3619
854.94	0.087009	0.028432	-0.11122	-0.23156	-0.33269	-0.65385	-0.57971	-0.71426	-0.87758	-1.3209	-1.4237	-1.7494	-1.7184	-1.5603	-0.33725	0.73781	0.90583	0.87072	0.75385	0.42738	0.25605	0.1524	0.083979	0.070633	0.05853	0.068063	0.072551	0.084371	0.12198	0.10908	6.6601
863.49	0.09424	-0.007916	-0.10924	-0.23711	-0.35387	-0.61601	-0.584	-0.72671	-0.88946	-1.2985	-1.4489	-1.6033	-1.8163	-1.5448	-0.59181	0.5364	0.90042	0.87161	0.77017	0.44811	0.27814	0.18203	0.10058	0.076143	0.084457	0.064785	0.095822	0.10301	0.10295	0.12349	6.9992
