13711	5	3	91	26.7	747	1	7	8	2.912	128	4096	10	0	0	0	0	372.72	920.26	1.3995e+006	0.1149	0.12616	39.883	0	0	1	0	0	0	11	0	0
920.15	0.014599	-0.043369	-0.13453	-0.21577	-0.28372	-0.34161	-0.41351	-0.47575	-0.52235	-0.69786	-0.54465	-0.44857	-0.19745	0.2557	0.6373	0.78317	0.52131	0.076896	-0.11975	-0.26983	-0.32065	-0.32835	-0.30985	-0.26343	-0.18216	-0.16355	-0.094294	-0.067196	0.018317	0.035451	1.3502
919.72	0.0027861	-0.044176	-0.15042	-0.2216	-0.30223	-0.35605	-0.42782	-0.50929	-0.55155	-0.71569	-0.69263	-0.51787	-0.18924	0.21472	0.64656	0.74014	0.5632	0.11709	-0.073548	-0.25434	-0.31667	-0.31819	-0.29444	-0.25606	-0.16513	-0.14407	-0.1056	-0.047417	0.014141	0.050816	1.6632
919.19	0.00025492	-0.062325	-0.15217	-0.22337	-0.30792	-0.37411	-0.44455	-0.51875	-0.57199	-0.77746	-0.70226	-0.59595	-0.347	0.23953	0.64694	0.83608	0.60353	0.16896	-0.0089521	-0.21368	-0.27389	-0.29773	-0.28888	-0.25204	-0.16212	-0.15475	-0.084734	-0.059643	0.012476	0.027404	1.9579
919.29	0.0095456	-0.071771	-0.16049	-0.24463	-0.32075	-0.3696	-0.49471	-0.53369	-0.60009	-0.74232	-0.76684	-0.61315	-0.47142	0.042119	0.58406	0.74917	0.63846	0.21715	0.031743	-0.17546	-0.24991	-0.27189	-0.26264	-0.23368	-0.15821	-0.14577	-0.090357	-0.039055	0.015821	0.043563	2.3042
918.65	0.010397	-0.056842	-0.15727	-0.25299	-0.32557	-0.37433	-0.46993	-0.58577	-0.62225	-0.70775	-0.74888	-0.82975	-0.49666	-0.048376	0.64731	0.86263	0.68477	0.2736	0.082066	-0.12867	-0.22115	-0.25314	-0.25053	-0.21633	-0.15676	-0.10426	-0.091225	-0.036794	-0.00092027	0.051683	2.6337
917.8	0.025634	-0.054527	-0.16492	-0.25733	-0.34152	-0.37557	-0.49315	-0.58631	-0.6583	-0.78741	-0.66632	-0.65743	-0.46388	-0.12256	0.67487	0.83734	0.7188	0.33288	0.13249	-0.088794	-0.17999	-0.23614	-0.22124	-0.18898	-0.15613	-0.095375	-0.072771	-0.02156	0.012493	0.03392	3.0162
917.38	0.01803	-0.069554	-0.16166	-0.24842	-0.3426	-0.40706	-0.49495	-0.61999	-0.68441	-0.95461	-0.95357	-0.93482	-0.77171	-0.18855	0.42346	0.81163	0.76757	0.39298	0.21091	-0.048818	-0.14862	-0.19488	-0.20657	-0.1707	-0.14138	-0.11503	-0.065546	-0.0315	0.0099838	0.038796	3.3926
917.06	0.014648	-0.066418	-0.16255	-0.25918	-0.34641	-0.41526	-0.52029	-0.63357	-0.70885	-1.0164	-0.83353	-1.0391	-0.72207	-0.2216	0.49555	0.88154	0.79958	0.46472	0.27577	-0.00010339	-0.10561	-0.1596	-0.18531	-0.15572	-0.11492	-0.094635	-0.055081	-0.030746	0.017538	0.036378	3.781
916.2	0.017204	-0.064899	-0.17859	-0.26846	-0.3661	-0.4255	-0.5074	-0.63499	-0.73858	-0.98219	-0.89918	-0.93602	-0.84763	-0.38685	0.33398	0.76042	0.82457	0.50637	0.32887	0.057385	-0.062607	-0.13299	-0.1559	-0.12492	-0.11112	-0.084908	-0.058364	-0.034598	0.015036	0.026681	4.151
916.63	-0.0022875	-0.069611	-0.17767	-0.27244	-0.36593	-0.45485	-0.5528	-0.69655	-0.80764	-0.99053	-1.1118	-1.0656	-1.0553	-0.55163	0.24384	0.74263	0.8384	0.55091	0.36473	0.080862	-0.050152	-0.12517	-0.1509	-0.1374	-0.098583	-0.090592	-0.0543	-0.033054	0.016708	0.040449	4.5423
916.74	0.0019486	-0.060911	-0.18183	-0.28965	-0.36773	-0.46286	-0.56296	-0.68142	-0.80916	-0.97284	-1.1487	-1.2994	-1.1467	-0.69175	0.20783	0.91665	0.84332	0.60009	0.42389	0.14701	0.0036953	-0.07685	-0.12625	-0.11733	-0.08765	-0.079953	-0.042996	-0.014705	0.012509	0.042064	4.9531
916.31	-0.0065245	-0.066472	-0.1978	-0.29718	-0.40294	-0.47562	-0.58683	-0.72438	-0.8709	-1.1755	-1.3068	-1.352	-1.2804	-0.85709	0.081915	0.74289	0.83869	0.64337	0.49374	0.18366	0.032702	-0.046683	-0.092629	-0.083942	-0.082225	-0.070176	-0.044632	-0.013183	0.016713	0.032354	5.3562
916.42	0.0036446	-0.064093	-0.19611	-0.28975	-0.39367	-0.47019	-0.59936	-0.73516	-0.87645	-1.1578	-1.3808	-1.4212	-1.3052	-1.055	0.018907	0.81248	0.8411	0.70062	0.54891	0.22544	0.085731	-0.021656	-0.067155	-0.064704	-0.064265	-0.056265	-0.032516	-0.0085937	0.020911	0.049375	5.7713
916.31	0.0036434	-0.063312	-0.17773	-0.31032	-0.41954	-0.49174	-0.61753	-0.76117	-0.9153	-1.2106	-1.4273	-1.5167	-1.6799	-1.3521	-0.29612	0.57744	0.84371	0.73026	0.58979	0.27075	0.099829	0.022351	-0.047449	-0.064714	-0.049441	-0.043185	-0.025254	0.0051712	0.021751	0.040463	6.1181
915.88	0.0087322	-0.079946	-0.20375	-0.31622	-0.41143	-0.5081	-0.63672	-0.79247	-0.92866	-1.1672	-1.4465	-1.7083	-1.9055	-1.6087	-0.44935	0.447	0.83657	0.75659	0.62531	0.3127	0.14796	0.042217	-0.03021	-0.039647	-0.026035	-0.027658	-0.0091107	0.0059383	0.023442	0.028312	6.5844
915.03	0.00959	-0.064191	-0.19221	-0.31898	-0.43121	-0.49781	-0.65386	-0.82	-0.9748	-1.3796	-1.5499	-1.84	-2.0157	-1.8415	-0.54891	0.63928	0.81391	0.80125	0.66838	0.35137	0.19706	0.071639	0.0034881	-0.020427	-0.019805	-0.012121	-0.0058839	0.017429	0.033557	0.050263	6.9916
914.39	-0.0090858	-0.072949	-0.21078	-0.32908	-0.43059	-0.52599	-0.67246	-0.85409	-1.0329	-1.407	-1.7274	-1.9803	-2.309	-2.0826	-0.67557	0.35173	0.77678	0.80361	0.69612	0.39787	0.21464	0.086388	0.0026678	-0.011227	-0.014345	-0.015409	-0.0083154	0.002117	0.025164	0.060861	7.4001
913.22	-0.0193	-0.075422	-0.21525	-0.3328	-0.44687	-0.55722	-0.71518	-0.88287	-1.0496	-1.4088	-1.8319	-2.1916	-2.3537	-2.317	-0.85707	0.27353	0.75176	0.8307	0.72513	0.42722	0.24901	0.12113	0.036466	0.016444	0.0083492	0.0042689	-0.0026569	0.022069	0.04205	0.030023	7.801
912.48	0.011319	-0.069133	-0.19275	-0.31988	-0.45835	-0.55948	-0.72367	-0.89031	-1.091	-1.6571	-1.9637	-2.3066	-2.6148	-2.5012	-1.0837	0.18631	0.702	0.84577	0.7635	0.4643	0.27917	0.15243	0.062893	0.030732	0.01541	0.011664	0.018422	0.025157	0.019312	0.040633	8.2047
911.84	-0.0040016	-0.060444	-0.20801	-0.33744	-0.47164	-0.56347	-0.74	-0.92958	-1.1437	-1.7024	-2.0861	-2.404	-2.6083	-2.6688	-1.2654	0.098915	0.6504	0.85087	0.79702	0.50401	0.31684	0.17161	0.0844	0.045035	0.035816	0.020714	0.024114	0.01749	0.048022	0.039846	8.6204
911.2	0.00025715	-0.061281	-0.19639	-0.32776	-0.45806	-0.56657	-0.73814	-0.95293	-1.1697	-1.7832	-2.1435	-2.5365	-2.9031	-2.9528	-1.6284	-0.11123	0.5878	0.85777	0.81207	0.53151	0.35457	0.21165	0.10098	0.068607	0.040551	0.032242	0.044428	0.017502	0.03961	0.031719	9.0344
910.56	0.00025571	-0.063712	-0.20746	-0.35527	-0.4788	-0.58049	-0.76084	-0.98557	-1.2428	-1.9348	-2.229	-2.8	-3.1732	-3.3783	-1.8288	-0.26906	0.49651	0.84305	0.82794	0.56256	0.37983	0.22569	0.13164	0.077911	0.051577	0.055312	0.032273	0.032138	0.026115	0.044798	9.4514
909.92	0.0045218	-0.051019	-0.18572	-0.33153	-0.48006	-0.60886	-0.7804	-1.0216	-1.2616	-1.8831	-2.2025	-2.8369	-3.4436	-3.5469	-2.0838	-0.34819	0.41603	0.84364	0.84223	0.59014	0.40764	0.25279	0.13339	0.10238	0.068906	0.054526	0.043677	0.031389	0.021904	0.038297	9.841
908.75	-0.0040152	-0.061446	-0.1927	-0.34024	-0.48626	-0.5961	-0.78696	-1.0314	-1.3112	-2.0007	-2.4296	-3.0503	-3.6579	-3.8925	-2.3497	-0.6472	0.32552	0.84834	0.85946	0.63042	0.43156	0.27487	0.16669	0.11685	0.085525	0.06202	0.047804	0.036829	0.037176	0.030988	10.246
908.11	-0.017698	-0.091001	-0.20465	-0.37032	-0.48847	-0.61731	-0.85026	-1.0743	-1.335	-1.9223	-2.581	-3.3936	-3.8201	-4.3948	-2.4967	-0.86737	0.22957	0.83086	0.87137	0.67217	0.46364	0.28551	0.18256	0.11693	0.091097	0.067014	0.041323	0.045341	0.028728	0.031829	10.624
906.93	0.0019697	-0.07914	-0.19816	-0.36416	-0.49003	-0.59548	-0.82432	-1.0791	-1.3759	-1.9248	-2.5749	-3.3017	-3.9848	-4.6506	-2.7546	-0.96528	0.13188	0.83013	0.8636	0.68624	0.49773	0.33122	0.20935	0.14495	0.1062	0.077844	0.060135	0.043855	0.025371	0.043339	10.98
906.19	-0.016022	-0.059222	-0.21015	-0.35864	-0.51001	-0.6322	-0.86479	-1.0943	-1.4031	-2.1308	-2.7926	-3.4183	-4.2995	-4.8463	-3.0663	-1.0982	-0.00074375	0.80454	0.87483	0.70442	0.50736	0.34458	0.21617	0.16198	0.12207	0.083697	0.069166	0.040025	0.01605	0.035176	11.347
905.55	-0.010032	-0.072862	-0.1993	-0.36139	-0.51411	-0.62449	-0.867	-1.1399	-1.436	-2.1679	-2.7852	-3.5523	-4.4457	-5.2004	-3.3599	-1.381	-0.11834	0.79061	0.86006	0.72694	0.54797	0.37189	0.24625	0.17987	0.12769	0.10941	0.074934	0.057077	0.02626	0.031917	11.715
905.44	-0.020323	-0.060871	-0.20779	-0.34231	-0.51417	-0.62637	-0.86152	-1.1519	-1.5064	-2.2571	-2.9824	-3.5352	-4.8337	-5.5016	-3.6609	-1.5838	-0.22412	0.74446	0.85854	0.72967	0.56145	0.39551	0.25126	0.19258	0.12217	0.10694	0.078209	0.060177	0.030511	0.025358	12.039
904.38	-0.014338	-0.060142	-0.18686	-0.3577	-0.48674	-0.65162	-0.88646	-1.1948	-1.5352	-2.2509	-3.324	-3.6448	-5.0249	-5.8591	-3.8111	-1.9298	-0.34891	0.72174	0.85144	0.76848	0.56631	0.41784	0.27736	0.19619	0.15553	0.10873	0.089755	0.0618	0.033952	0.04839	12.345
903.63	-0.0014599	-0.0642	-0.18871	-0.35549	-0.53577	-0.63762	-0.91194	-1.2127	-1.5528	-2.3508	-3.1576	-3.7709	-5.0797	-6.2154	-4.2524	-1.9491	-0.47044	0.69145	0.84403	0.78412	0.6088	0.42606	0.29009	0.20822	0.143	0.11628	0.093924	0.068829	0.036534	0.027053	12.661
903.1	-0.016077	-0.066645	-0.19391	-0.3582	-0.51831	-0.67526	-0.8965	-1.2083	-1.5963	-2.486	-3.3287	-3.9578	-5.4121	-6.3865	-4.5106	-2.2949	-0.5759	0.6546	0.8494	0.7837	0.61252	0.44732	0.29359	0.23549	0.15496	0.12963	0.10217	0.073525	0.044225	0.030359	12.935
901.39	-0.023861	-0.082839	-0.21127	-0.36306	-0.53429	-0.67017	-0.915	-1.2378	-1.6059	-2.5264	-3.3067	-4.0094	-5.6254	-6.667	-4.8028	-2.4851	-0.70788	0.61395	0.82334	0.79935	0.6339	0.46308	0.30918	0.22744	0.17033	0.12738	0.099901	0.08066	0.011867	0.028768	13.19
900.22	-0.032518	-0.074098	-0.19027	-0.36687	-0.54155	-0.68837	-0.95946	-1.2777	-1.6557	-2.5118	-3.4902	-4.0411	-5.6667	-6.9192	-5.0197	-2.6923	-0.82369	0.5956	0.81708	0.8128	0.64569	0.4751	0.33132	0.2405	0.1634	0.12754	0.10332	0.080765	0.034963	0.026329	13.465
899.26	-0.038596	-0.067732	-0.19048	-0.35889	-0.52616	-0.66537	-0.94123	-1.2629	-1.6945	-2.4518	-3.5412	-4.2044	-6.1137	-7.3049	-5.3553	-2.9969	-0.9481	0.54329	0.80409	0.82787	0.66833	0.48616	0.33335	0.25098	0.18267	0.13435	0.10178	0.066826	0.022164	0.029663	13.667
898.62	-0.020477	-0.083095	-0.17356	-0.35999	-0.51713	-0.65488	-0.95234	-1.3107	-1.7171	-2.6507	-3.6382	-4.4107	-6.2794	-7.47	-5.5243	-3.0967	-1.0468	0.52541	0.7916	0.82224	0.67557	0.50411	0.34448	0.25969	0.17722	0.14278	0.11009	0.073111	0.03417	0.0090141	13.859
898.09	-0.034325	-0.08637	-0.19499	-0.35853	-0.50521	-0.67081	-0.9513	-1.3251	-1.7305	-2.7061	-3.6498	-4.5548	-6.4445	-7.8448	-5.7663	-3.3651	-1.1822	0.48002	0.77736	0.82273	0.68104	0.50176	0.35139	0.27263	0.18291	0.13536	0.10686	0.066132	0.02048	0.015636	14.076
897.23	-0.027433	-0.084032	-0.19774	-0.34796	-0.50474	-0.6687	-0.94979	-1.3119	-1.7239	-2.7087	-3.7384	-4.5857	-6.6546	-7.9618	-5.8821	-3.4306	-1.2721	0.44663	0.76094	0.84664	0.70285	0.51458	0.35843	0.27033	0.18308	0.143	0.10861	0.073224	0.021358	0.013995	14.258
897.13	-0.050805	-0.0905	-0.17812	-0.34213	-0.52552	-0.68159	-0.97402	-1.3436	-1.762	-2.7449	-3.843	-4.6925	-6.885	-8.106	-6.1678	-3.7245	-1.3919	0.41375	0.72832	0.83517	0.69108	0.5305	0.36435	0.25926	0.19028	0.14135	0.10697	0.0787	0.017928	0.0081998	14.387
897.13	-0.039553	-0.080811	-0.18666	-0.36394	-0.53118	-0.71087	-0.95714	-1.3163	-1.7587	-2.727	-3.7578	-4.7102	-7.072	-8.3167	-6.3425	-3.8046	-1.473	0.39179	0.71769	0.85119	0.70547	0.52874	0.36183	0.26353	0.18868	0.15472	0.11275	0.062298	0.015355	0.0048872	14.511
896.91	-0.070727	-0.085674	-0.17304	-0.31871	-0.49362	-0.67077	-0.96219	-1.3422	-1.7698	-2.8444	-3.9197	-4.729	-7.1247	-8.5631	-6.5003	-4.0546	-1.528	0.36717	0.71786	0.85495	0.70733	0.55708	0.37031	0.27897	0.18873	0.15225	0.1202	0.063876	0.011071	0.0048868	14.604
895.85	-0.056077	-0.091437	-0.17923	-0.34346	-0.51118	-0.68165	-0.97783	-1.337	-1.7819	-2.7488	-4.0381	-4.9209	-7.3034	-8.6999	-6.5909	-4.0951	-1.6128	0.33004	0.69743	0.84884	0.7192	0.54186	0.37327	0.27674	0.19534	0.13821	0.10795	0.063169	0.008505	-0.0025709	14.696
895.31	-0.062183	-0.093918	-0.17762	-0.35459	-0.48978	-0.68022	-0.9631	-1.3309	-1.8127	-2.6785	-4.0026	-4.8173	-7.3504	-8.9077	-6.733	-4.1421	-1.6993	0.31098	0.66999	0.85559	0.72556	0.55366	0.37602	0.26663	0.20185	0.14164	0.11793	0.064772	-0.0078215	-0.0058916	14.771
894.46	-0.053561	-0.1013	-0.18036	-0.3583	-0.52048	-0.65334	-0.95193	-1.3656	-1.8045	-2.7171	-4.0159	-4.9463	-7.4171	-9.0261	-6.8962	-4.3156	-1.7497	0.3021	0.67883	0.85819	0.73135	0.55242	0.389	0.27974	0.20444	0.1468	0.099848	0.054651	-8.3663e-005	-0.00091442	14.81
893.61	-0.065777	-0.11193	-0.20111	-0.34853	-0.53705	-0.68335	-0.97705	-1.3309	-1.8178	-2.7648	-3.9817	-5.1288	-7.4754	-9.0855	-6.9028	-4.3286	-1.7737	0.29045	0.67619	0.85722	0.73205	0.5441	0.37673	0.27229	0.18862	0.14358	0.10077	0.062543	-0.0078364	-0.0017447	14.831
892.75	-0.058881	-0.12177	-0.19186	-0.34886	-0.49213	-0.65826	-0.98121	-1.3785	-1.8154	-2.7944	-4.1567	-5.0269	-7.568	-9.1281	-7.011	-4.3238	-1.7908	0.2944	0.67931	0.85267	0.72339	0.54993	0.39733	0.27512	0.1856	0.1412	0.09341	0.063387	-0.0026716	-0.010071	14.842
892.33	-0.074571	-0.1129	-0.1911	-0.31444	-0.51888	-0.66226	-0.97117	-1.3448	-1.8278	-2.9041	-3.9969	-5.0382	-7.6571	-9.0053	-6.9589	-4.308	-1.7969	0.28075	0.6821	0.85129	0.73395	0.54754	0.37643	0.27439	0.1897	0.14211	0.10009	0.063418	0.0050876	-0.0084095	14.858
892.01	-0.080691	-0.11132	-0.19374	-0.33734	-0.5077	-0.63029	-0.95616	-1.3101	-1.8484	-2.8058	-4.103	-4.9777	-7.6341	-9.2204	-7.0539	-4.4884	-1.8061	0.26613	0.68399	0.85607	0.7291	0.55128	0.37066	0.28222	0.19698	0.15308	0.10759	0.061087	-0.0052622	-0.015908	14.793
892.01	-0.089396	-0.10238	-0.18515	-0.33565	-0.50296	-0.66342	-0.9408	-1.3256	-1.8326	-2.8239	-4.1126	-4.8886	-7.7368	-9.1187	-7.0908	-4.5063	-1.8207	0.26429	0.6733	0.85518	0.73165	0.55217	0.37572	0.27278	0.18014	0.13796	0.11588	0.045375	0.00077668	-0.016742	14.81
892.33	-0.10416	-0.13076	-0.19797	-0.33132	-0.4829	-0.70181	-0.9445	-1.3414	-1.8618	-2.7777	-4.0825	-5.0293	-7.5887	-9.1409	-6.9404	-4.4421	-1.8226	0.25499	0.66812	0.85577	0.73139	0.55285	0.36462	0.27268	0.17687	0.13203	0.086823	0.03829	-0.0069841	-0.025061	14.839
893.82	-0.069236	-0.1273	-0.18221	-0.31223	-0.49911	-0.6235	-0.93566	-1.364	-1.8471	-2.728	-4.1042	-4.9942	-7.6528	-9.2017	-7.0303	-4.4169	-1.835	0.26375	0.66372	0.85434	0.73187	0.5537	0.38675	0.27051	0.19418	0.13265	0.1082	0.06253	-0.017303	-0.01837	14.808
895.1	-0.095159	-0.14168	-0.19393	-0.31179	-0.45308	-0.66296	-0.91579	-1.3081	-1.8304	-2.8861	-4.2122	-5.1291	-7.6419	-9.2308	-7.0387	-4.4462	-1.8289	0.26979	0.65868	0.85668	0.73167	0.53612	0.37611	0.26927	0.18511	0.13581	0.089033	0.039737	-0.019	-0.027476	14.823
894.99	-0.087362	-0.10771	-0.18539	-0.30426	-0.5145	-0.61535	-0.93202	-1.3211	-1.7968	-2.8775	-3.8996	-4.8901	-7.6854	-9.0883	-7.1409	-4.3932	-1.8566	0.25515	0.6481	0.84876	0.73346	0.56269	0.3854	0.27614	0.17954	0.12494	0.09731	0.038958	-0.009543	-0.03329	14.79
894.25	-0.10307	-0.14182	-0.1864	-0.30198	-0.47241	-0.62687	-0.88037	-1.2906	-1.7999	-2.7628	-4.0833	-5.0629	-7.5809	-9.1889	-7.0362	-4.5218	-1.8513	0.26546	0.66095	0.8575	0.73237	0.55078	0.37478	0.26867	0.17329	0.12672	0.073399	0.024888	-0.032786	-0.027502	14.636
894.57	-0.095216	-0.11181	-0.19147	-0.30188	-0.45335	-0.5982	-0.8978	-1.2978	-1.7927	-2.6267	-3.9679	-4.9102	-7.6038	-9.0842	-6.8954	-4.3596	-1.7975	0.2883	0.67137	0.86254	0.72192	0.53202	0.36287	0.24887	0.16763	0.11913	0.078335	0.027229	-0.040515	-0.015033	14.508
894.78	-0.092592	-0.12635	-0.17174	-0.30264	-0.43813	-0.59348	-0.90645	-1.3043	-1.7741	-2.5811	-3.929	-4.838	-7.5253	-8.9637	-6.9398	-4.3407	-1.72	0.29466	0.6917	0.84985	0.70647	0.52836	0.36026	0.24539	0.16759	0.10403	0.073355	0.028004	-0.019005	-0.031637	14.345
894.14	-0.083106	-0.13697	-0.18985	-0.28855	-0.45262	-0.57187	-0.86273	-1.2581	-1.7397	-2.7361	-3.8084	-4.9036	-7.3345	-8.7165	-6.7326	-4.1029	-1.6381	0.33985	0.70942	0.84064	0.70868	0.51459	0.34536	0.23871	0.13252	0.089015	0.041139	0.00059552	-0.029347	-0.036645	14.163
893.82	-0.11354	-0.13378	-0.18821	-0.29371	-0.41119	-0.57942	-0.87918	-1.2432	-1.7528	-2.6559	-3.9047	-4.7454	-7.0811	-8.6773	-6.4859	-3.899	-1.5367	0.37671	0.72609	0.83112	0.68769	0.50327	0.32275	0.21737	0.11656	0.078149	0.037015	-0.00097131	-0.041411	-0.049959	13.929
892.75	-0.11454	-0.12015	-0.17985	-0.28141	-0.44102	-0.56724	-0.84226	-1.273	-1.7002	-2.6862	-3.7667	-4.7155	-6.9614	-8.205	-6.3089	-3.8322	-1.4424	0.38267	0.73189	0.82854	0.69192	0.49767	0.31133	0.22192	0.11349	0.072365	0.046174	-0.0064667	-0.038013	-0.041696	13.763
893.29	-0.10665	-0.14035	-0.17717	-0.28208	-0.42846	-0.55955	-0.85387	-1.2173	-1.676	-2.7026	-3.6884	-4.5971	-6.9316	-8.2001	-6.1666	-3.6512	-1.3498	0.4339	0.74377	0.83698	0.66685	0.49118	0.30356	0.20034	0.11983	0.068966	0.032897	-0.0064628	-0.03799	-0.051652	13.515
893.61	-0.09445	-0.09896	-0.18225	-0.28788	-0.40751	-0.5768	-0.8463	-1.2357	-1.6588	-2.5033	-3.7156	-4.4799	-6.6048	-7.9772	-5.8414	-3.5159	-1.2422	0.47416	0.77634	0.83668	0.67426	0.48216	0.29671	0.20199	0.11499	0.068101	0.039509	-0.0080279	-0.054338	-0.040824	13.265
893.93	-0.097022	-0.11351	-0.1839	-0.26757	-0.39318	-0.54354	-0.82098	-1.1813	-1.6177	-2.4574	-3.6193	-4.4871	-6.4659	-7.7883	-5.6271	-3.2558	-1.1509	0.49052	0.78098	0.83906	0.65703	0.46253	0.28566	0.17963	0.10215	0.063886	0.017977	-0.011162	-0.046572	-0.03333	13.015
893.61	-0.11183	-0.14435	-0.20025	-0.27946	-0.4198	-0.54557	-0.80352	-1.1809	-1.6075	-2.5394	-3.5256	-4.3376	-6.1183	-7.5203	-5.4907	-3.1587	-1.0767	0.52652	0.78044	0.81971	0.63007	0.44322	0.27902	0.1737	0.088573	0.04378	0.014672	-0.0095983	-0.054338	-0.060779	12.736
892.97	-0.095387	-0.10633	-0.17123	-0.27207	-0.38414	-0.51838	-0.82106	-1.1654	-1.5921	-2.424	-3.4806	-4.1628	-5.9775	-7.3733	-5.2545	-2.9018	-0.97108	0.56551	0.79332	0.80779	0.62202	0.43114	0.27163	0.16267	0.081429	0.040456	0.010539	-0.030791	-0.049206	-0.062486	12.453
893.61	-0.086629	-0.11193	-0.16767	-0.25587	-0.37063	-0.51893	-0.7559	-1.138	-1.5876	-2.4763	-3.326	-4.1421	-5.9476	-7.0973	-5.1307	-2.6854	-0.83922	0.59725	0.81738	0.78667	0.62072	0.4211	0.25375	0.14026	0.058159	0.033716	-0.0018862	-0.037825	-0.050031	-0.05579	12.165
894.67	-0.11083	-0.11423	-0.16063	-0.26566	-0.37396	-0.51739	-0.76548	-1.1221	-1.5154	-2.3743	-3.379	-3.9951	-5.5568	-6.7677	-4.8573	-2.4859	-0.7269	0.62315	0.81723	0.78216	0.59792	0.41353	0.24588	0.13667	0.060487	0.019434	-0.001884	-0.040913	-0.063736	-0.060707	11.825
895.1	-0.083884	-0.11174	-0.15456	-0.22853	-0.37284	-0.52999	-0.7345	-1.1113	-1.5494	-2.3102	-3.2256	-3.8955	-5.5372	-6.6125	-4.6154	-2.4758	-0.63583	0.64669	0.83404	0.78357	0.58066	0.39567	0.21633	0.12034	0.053268	0.02445	-0.0076702	-0.028369	-0.04565	-0.029135	11.49
895.63	-0.069094	-0.081756	-0.15019	-0.21663	-0.36413	-0.51043	-0.76305	-1.0978	-1.4436	-2.2818	-3.2332	-3.7779	-5.3465	-6.2287	-4.318	-2.2338	-0.50885	0.68297	0.84747	0.75994	0.55828	0.37248	0.21031	0.12626	0.043653	0.0060253	-0.010969	-0.034612	-0.043045	-0.033266	11.118
896.27	-0.066447	-0.083312	-0.13128	-0.22404	-0.37518	-0.49358	-0.76733	-1.0893	-1.4607	-2.3162	-3.1456	-3.8018	-5.1895	-6.0218	-4.2781	-2.0719	-0.41617	0.69805	0.84687	0.75762	0.54601	0.36339	0.20093	0.097102	0.031651	-0.014883	-0.024169	-0.042405	-0.04645	-0.028268	10.802
896.49	-0.060368	-0.097834	-0.13637	-0.22902	-0.39394	-0.52367	-0.74543	-1.0609	-1.4059	-2.3515	-2.9175	-3.7034	-4.7799	-5.7926	-3.9366	-1.7421	-0.30669	0.73634	0.8573	0.72361	0.51709	0.32449	0.1824	0.077426	0.023665	-0.010701	-0.034889	-0.040049	-0.04987	-0.042351	10.463
897.23	-0.038682	-0.081608	-0.11321	-0.22967	-0.35124	-0.48116	-0.73757	-1.0472	-1.3891	-2.2598	-2.8394	-3.6649	-4.7079	-5.4002	-3.7495	-1.6161	-0.20653	0.75768	0.86068	0.71411	0.50396	0.31717	0.16212	0.079923	0.0069045	-0.024056	-0.041457	-0.046264	-0.056691	-0.039831	10.067
897.66	-0.047314	-0.078342	-0.1012	-0.22453	-0.34354	-0.52025	-0.72758	-1.004	-1.3645	-2.0793	-2.8569	-3.4951	-4.6292	-5.2797	-3.3986	-1.4464	-0.11682	0.77378	0.84474	0.69688	0.47919	0.28707	0.13605	0.045746	0.0045106	-0.038238	-0.035668	-0.056389	-0.056664	-0.032362	9.696
899.15	-0.028237	-0.053243	-0.10785	-0.2275	-0.34673	-0.47648	-0.71835	-0.96655	-1.3343	-2.1296	-2.6728	-3.3656	-4.3755	-5.0103	-3.127	-1.2044	-0.0092701	0.81084	0.85884	0.66111	0.47164	0.27077	0.12075	0.038001	-0.012202	-0.034007	-0.046306	-0.053959	-0.037742	-0.038093	9.3577
898.19	-0.023946	-0.054912	-0.10285	-0.22356	-0.36403	-0.49161	-0.70467	-0.98379	-1.2987	-2.1318	-2.5716	-3.4045	-4.1254	-4.6958	-2.9466	-0.98355	0.080279	0.8181	0.85731	0.64405	0.44171	0.23849	0.11082	0.026955	-0.029735	-0.035713	-0.062005	-0.059477	-0.036925	-0.03648	8.9695
898.83	-0.0014677	-0.039562	-0.10618	-0.22005	-0.35343	-0.4803	-0.70015	-0.96263	-1.2615	-1.978	-2.4187	-3.2696	-3.9528	-4.3897	-2.6509	-0.72538	0.20296	0.83395	0.84853	0.62406	0.42872	0.23655	0.1007	0.0039205	-0.032896	-0.054031	-0.061961	-0.051639	-0.039467	-0.0075209	8.5735
899.79	-0.0023303	-0.042741	-0.089041	-0.20978	-0.32676	-0.46245	-0.68498	-0.9301	-1.2355	-1.9132	-2.3594	-3.169	-3.5926	-4.1077	-2.5014	-0.61817	0.27682	0.84949	0.85008	0.6021	0.39619	0.2117	0.088877	0.0056199	-0.046373	-0.057305	-0.062717	-0.064821	-0.036003	-0.024028	8.1805
900.75	0.01319	-0.043501	-0.12297	-0.22292	-0.35174	-0.45558	-0.67304	-0.91635	-1.1989	-1.9648	-2.2909	-3.0774	-3.6734	-3.8012	-2.3248	-0.44031	0.36413	0.83947	0.84103	0.574	0.37216	0.18777	0.056192	-0.019051	-0.051089	-0.066396	-0.07497	-0.063197	-0.029986	-0.014105	7.7919
900	0.0097501	-0.038708	-0.10179	-0.21391	-0.34077	-0.45231	-0.61349	-0.87455	-1.167	-1.8501	-2.1891	-2.8152	-3.4222	-3.6111	-1.951	-0.28994	0.46402	0.86935	0.82787	0.55585	0.33704	0.1686	0.048711	-0.032687	-0.05431	-0.074778	-0.058593	-0.056244	-0.033431	-0.01164	7.3729
898.73	0.012354	-0.023449	-0.095114	-0.21337	-0.33373	-0.43743	-0.64647	-0.8596	-1.13	-1.7721	-2.1355	-2.6424	-3.0707	-3.1956	-1.7427	-0.12165	0.52521	0.86419	0.83068	0.52557	0.30034	0.13717	0.020303	-0.036143	-0.073489	-0.084893	-0.076786	-0.076594	-0.0095033	0.0007456	6.9401
898.73	0.00026072	-0.020227	-0.090853	-0.23934	-0.33655	-0.43195	-0.6232	-0.82806	-1.0888	-1.7183	-2.0127	-2.501	-2.9094	-3.0442	-1.5408	-0.095022	0.60193	0.86054	0.80293	0.49449	0.27668	0.11781	0.0002014	-0.065978	-0.087017	-0.090728	-0.089955	-0.071914	-0.02834	-0.0017348	6.5269
898.73	0.035683	-0.017002	-0.10108	-0.20835	-0.32433	-0.44108	-0.60072	-0.81442	-1.032	-1.5301	-1.9276	-2.3949	-2.8245	-2.7414	-1.3848	0.01156	0.66075	0.84958	0.78416	0.46341	0.25218	0.072939	-0.0090114	-0.074503	-0.084629	-0.10157	-0.086663	-0.070356	-0.02406	0.0023981	6.0908
898.73	0.021859	-0.028286	-0.11643	-0.23096	-0.33467	-0.44291	-0.60153	-0.80675	-1.0098	-1.557	-1.8521	-2.2535	-2.553	-2.5143	-1.1737	0.24244	0.70763	0.84684	0.74743	0.43677	0.21331	0.070297	-0.025763	-0.087289	-0.094976	-0.10908	-0.10148	-0.067237	-0.020635	0.0098377	5.6849
898.62	0.033957	-0.012974	-0.090011	-0.21089	-0.32625	-0.41373	-0.58474	-0.77104	-0.96708	-1.5661	-1.7483	-2.1831	-2.3156	-2.3379	-0.96278	0.38455	0.76228	0.83781	0.72793	0.40308	0.20573	0.035991	-0.050057	-0.10265	-0.12762	-0.11743	-0.097376	-0.065687	-0.0086502	0.0048791	5.2834
898.73	0.022725	-0.01942	-0.10875	-0.22594	-0.33279	-0.41368	-0.56782	-0.77862	-0.95873	-1.5928	-1.7198	-1.9883	-2.3238	-2.0095	-0.73324	0.43778	0.79287	0.81396	0.69765	0.35685	0.16008	0.01575	-0.07769	-0.11798	-0.12601	-0.11992	-0.097365	-0.075815	-0.013785	0.019759	4.8727
900.11	0.015786	-0.018586	-0.13667	-0.21806	-0.31538	-0.42399	-0.5365	-0.73401	-0.90876	-1.3577	-1.6228	-1.8617	-1.9559	-1.914	-0.53054	0.44595	0.81719	0.79721	0.65909	0.3235	0.11428	-0.0159	-0.090951	-0.14248	-0.13377	-0.13555	-0.12598	-0.081148	-0.0094887	0.007346	4.4604
900.64	0.038192	-0.018575	-0.099166	-0.18701	-0.27485	-0.38455	-0.53378	-0.69615	-0.84744	-1.3032	-1.273	-1.6401	-1.8277	-1.5687	-0.47525	0.50773	0.83542	0.76757	0.62612	0.27989	0.075427	-0.040471	-0.12349	-0.15005	-0.14401	-0.14379	-0.11934	-0.080321	-0.017172	0.03374	4.0737
901.07	0.026972	-0.030624	-0.11272	-0.20614	-0.30567	-0.38346	-0.50391	-0.68647	-0.82816	-1.1954	-1.4609	-1.5953	-1.7506	-1.4505	-0.25537	0.50747	0.85798	0.72348	0.57209	0.24699	0.044211	-0.075555	-0.13931	-0.16188	-0.15902	-0.15204	-0.13077	-0.093503	-0.023997	0.02713	3.6748
902.35	0.028655	-0.016132	-0.096431	-0.21252	-0.28463	-0.36108	-0.48961	-0.6354	-0.80239	-1.0508	-1.2706	-1.3817	-1.5115	-1.1468	-0.099625	0.7721	0.86016	0.69062	0.52901	0.19712	0.030685	-0.096477	-0.16247	-0.18458	-0.1691	-0.16096	-0.11255	-0.072403	-0.015435	0.035325	3.3015
902.46	0.02435	-0.015329	-0.10576	-0.1883	-0.27524	-0.36468	-0.47756	-0.62684	-0.74081	-1.131	-1.2798	-1.496	-1.4944	-1.0127	0.037485	0.85158	0.85751	0.65506	0.4875	0.15465	-0.028219	-0.13239	-0.18413	-0.20323	-0.18097	-0.16509	-0.14123	-0.087148	-0.018845	0.016385	2.9221
902.78	0.029501	-0.024147	-0.10742	-0.19908	-0.26952	-0.33727	-0.46621	-0.60371	-0.70531	-0.96111	-1.1289	-1.2491	-1.2489	-0.88668	0.083143	0.79824	0.85975	0.60573	0.43451	0.11835	-0.039145	-0.15161	-0.19491	-0.2074	-0.18883	-0.17832	-0.14118	-0.09255	-0.0034939	0.027078	2.5578
903.42	0.049249	-0.017717	-0.10649	-0.18394	-0.26653	-0.33521	-0.45311	-0.58632	-0.68925	-0.97827	-1.0247	-1.1515	-1.2142	-0.56806	0.10133	0.79767	0.85066	0.56805	0.38874	0.076746	-0.081987	-0.17776	-0.2231	-0.21913	-0.20374	-0.19479	-0.14436	-0.099464	0.024617	0.041041	2.2237
904.91	0.037155	-0.013685	-0.10208	-0.18696	-0.26328	-0.32378	-0.4412	-0.54725	-0.65786	-0.94104	-0.93854	-1.1672	-1.0015	-0.47523	0.3108	0.80519	0.84249	0.52629	0.33298	0.026353	-0.10703	-0.20543	-0.23438	-0.23316	-0.20103	-0.18535	-0.15229	-0.10317	-0.023045	0.026192	1.8896
906.51	0.025096	-0.0088681	-0.091764	-0.1667	-0.24884	-0.31053	-0.4078	-0.52854	-0.65589	-0.83276	-0.99311	-0.94603	-0.6716	-0.3743	0.44674	0.81258	0.83001	0.48371	0.28627	-0.0053871	-0.15961	-0.22077	-0.23977	-0.24373	-0.20541	-0.19081	-0.14549	-0.079027	-0.010272	0.031064	1.5538
908.43	0.02419	-0.037551	-0.10338	-0.18624	-0.25296	-0.31078	-0.4252	-0.51477	-0.63577	-0.73346	-0.80406	-0.88282	-0.72893	-0.24866	0.47302	0.87232	0.79368	0.41131	0.2243	-0.049299	-0.18184	-0.25077	-0.26081	-0.24491	-0.21364	-0.19784	-0.15822	-0.11049	-0.018721	0.015458	1.2712
910.66	0.053119	-0.020755	-0.099758	-0.15768	-0.25141	-0.30731	-0.38773	-0.50341	-0.61228	-0.84665	-0.67154	-0.76725	-0.60152	-0.20653	0.61677	0.97535	0.76145	0.36162	0.16494	-0.092119	-0.20725	-0.26839	-0.2891	-0.27038	-0.23432	-0.19817	-0.1692	-0.10945	0.0041422	0.028475	0.98245
913.11	0.040222	-0.019908	-0.084386	-0.17539	-0.24426	-0.2894	-0.37958	-0.46263	-0.57336	-0.73851	-0.67903	-0.8087	-0.44955	-0.090077	0.72349	0.92904	0.72752	0.3238	0.1147	-0.13033	-0.24245	-0.29278	-0.29245	-0.28812	-0.23839	-0.22062	-0.16875	-0.086131	-0.025365	0.031654	0.68604
914.61	0.033364	-0.033337	-0.11022	-0.16934	-0.23647	-0.28714	-0.37028	-0.47528	-0.53603	-0.77254	-0.66865	-0.76395	-0.44048	0.09192	0.70429	0.78791	0.67692	0.24878	0.060777	-0.1781	-0.26198	-0.30959	-0.3109	-0.28848	-0.24504	-0.2006	-0.17575	-0.088287	-0.0026078	0.029977	0.47167
915.25	0.035886	-0.01907	-0.097584	-0.161	-0.23538	-0.29501	-0.33614	-0.43811	-0.50332	-0.59599	-0.61251	-0.56379	-0.29018	0.14142	0.60469	0.78736	0.64045	0.21363	0.010242	-0.1989	-0.28669	-0.31974	-0.32466	-0.2933	-0.23627	-0.22338	-0.15866	-0.075212	0.0074844	0.04051	0.1706
915.67	0.038415	-0.015107	-0.083315	-0.14037	-0.22974	-0.27784	-0.33913	-0.43456	-0.49582	-0.62209	-0.68642	-0.64161	-0.31503	0.10008	0.73049	0.65627	0.58911	0.15526	-0.041832	-0.23193	-0.33714	-0.35845	-0.35164	-0.31241	-0.24788	-0.21755	-0.1812	-0.10502	-0.0051262	0.042926	-0.03776
915.88	0.031622	-0.0056129	-0.099189	-0.15102	-0.23061	-0.25985	-0.32488	-0.4261	-0.47308	-0.53401	-0.5379	-0.3639	-0.13174	0.30642	0.71231	0.83037	0.5505	0.10504	-0.093878	-0.2981	-0.34867	-0.36355	-0.36964	-0.32238	-0.26891	-0.23959	-0.15612	-0.095815	-0.018569	0.025878	-0.22637
916.31	0.031608	-0.015886	-0.089946	-0.15588	-0.23142	-0.26421	-0.32945	-0.41838	-0.45268	-0.63046	-0.4635	-0.36375	-0.090064	0.38053	0.67597	0.8213	0.50175	0.057511	-0.13146	-0.30754	-0.36923	-0.39445	-0.37275	-0.33309	-0.26722	-0.2403	-0.18108	-0.10724	-8.1668e-005	0.025058	-0.41957
916.63	0.03329	-0.01351	-0.085735	-0.15829	-0.20829	-0.25964	-0.3435	-0.40569	-0.43154	-0.55114	-0.47262	-0.46761	-0.10667	0.33916	0.81971	0.69911	0.45979	0.0064484	-0.19543	-0.344	-0.40969	-0.40466	-0.39972	-0.33883	-0.27493	-0.25493	-0.16245	-0.097268	-0.019391	0.037207	-0.63409
916.84	0.036671	-0.020618	-0.088222	-0.16236	-0.21931	-0.24794	-0.29937	-0.40309	-0.42579	-0.53346	-0.39844	-0.30289	-0.031779	0.33908	0.73855	0.62062	0.40369	-0.04548	-0.24739	-0.37438	-0.42285	-0.42526	-0.39224	-0.34126	-0.26707	-0.23607	-0.16161	-0.093423	-0.014352	0.038818	-0.7832
917.16	0.036658	-0.0071851	-0.096543	-0.14589	-0.2008	-0.22279	-0.33229	-0.38541	-0.40225	-0.46302	-0.39828	-0.25947	-0.023457	0.37195	0.77428	0.71609	0.37432	-0.087527	-0.27529	-0.396	-0.43843	-0.44063	-0.39949	-0.35701	-0.26073	-0.24988	-0.16558	-0.10867	0.0024325	0.029084	-0.90647
917.59	0.02141	-0.022179	-0.10401	-0.15649	-0.2136	-0.24416	-0.29912	-0.37521	-0.38755	-0.57691	-0.37035	-0.20742	0.084617	0.42945	0.74693	0.55923	0.3182	-0.12238	-0.31594	-0.43931	-0.47298	-0.44474	-0.40751	-0.35434	-0.29491	-0.25058	-0.17115	-0.10938	-0.021887	0.026641	-1.0373
917.91	0.029015	-0.0040233	-0.10314	-0.13347	-0.2034	-0.2253	-0.29273	-0.37508	-0.36646	-0.45385	-0.37945	-0.216	0.15106	0.65992	0.8545	0.56773	0.28221	-0.16973	-0.34299	-0.45045	-0.48606	-0.45233	-0.42705	-0.36757	-0.27844	-0.24478	-0.16223	-0.11469	-8.1526e-005	0.035534	-1.1606
918.02	0.027321	-0.037158	-0.092281	-0.1433	-0.20614	-0.23332	-0.30684	-0.3475	-0.37447	-0.4538	-0.31467	-0.36308	0.17598	0.6022	0.67472	0.59374	0.22793	-0.20994	-0.39249	-0.49039	-0.4951	-0.48587	-0.43356	-0.38255	-0.28075	-0.24557	-0.17268	-0.10933	-0.0084643	0.026629	-1.185
917.16	0.037506	-0.016661	-0.083179	-0.14343	-0.18883	-0.24338	-0.30555	-0.3545	-0.34901	-0.463	-0.27792	-0.12956	0.18446	0.60274	0.73829	0.70741	0.19389	-0.23788	-0.41365	-0.49433	-0.51791	-0.48719	-0.42001	-0.37121	-0.27945	-0.24171	-0.16881	-0.10562	0.0024325	0.022604	-1.2535
916.52	0.024822	-0.024575	-0.079894	-0.14517	-0.20002	-0.22205	-0.29318	-0.34388	-0.35571	-0.54243	-0.10209	-0.147	0.076398	0.62791	0.72981	0.58599	0.16979	-0.27208	-0.44435	-0.5295	-0.52324	-0.48666	-0.43919	-0.35391	-0.2656	-0.23452	-0.18184	-0.091926	-0.0051214	0.029104	-1.2961
916.42	0.02991	-0.035643	-0.099131	-0.14519	-0.18068	-0.24984	-0.30108	-0.3481	-0.35575	-0.47218	-0.36154	-0.034323	0.23455	0.64447	0.95489	0.57737	0.12633	-0.30615	-0.46601	-0.52782	-0.53657	-0.48413	-0.43596	-0.36315	-0.25704	-0.25254	-0.17864	-0.10111	-0.013519	0.032351	-1.3189
916.63	0.016349	-0.028523	-0.10078	-0.13694	-0.20553	-0.25695	-0.29944	-0.34384	-0.33791	-0.35783	-0.29661	-0.042977	0.20121	0.72681	0.82872	0.43792	0.11377	-0.33205	-0.49552	-0.54076	-0.54472	-0.4961	-0.44735	-0.36223	-0.27337	-0.26066	-0.17133	-0.099561	-0.0059583	0.038827	-1.3326
917.38	0.024799	-0.021394	-0.10821	-0.1598	-0.20536	-0.25227	-0.30234	-0.36194	-0.35215	-0.48046	-0.22233	-0.10355	0.13453	0.63558	0.81004	0.52455	0.11869	-0.32551	-0.48952	-0.55771	-0.53849	-0.49138	-0.45765	-0.39117	-0.26613	-0.23839	-0.16877	-0.10254	-0.00092155	0.030696	-1.2794
918.12	0.029855	-0.02611	-0.08643	-0.16295	-0.20428	-0.26547	-0.30052	-0.34495	-0.34139	-0.45375	-0.15741	-0.15539	0.30889	0.61036	0.6926	0.50675	0.08271	-0.32257	-0.50989	-0.55465	-0.54797	-0.50649	-0.45728	-0.35997	-0.26825	-0.23901	-0.17508	-0.10016	-0.016845	0.023389	-1.2885
919.72	0.020515	-0.014253	-0.090445	-0.13157	-0.20668	-0.26323	-0.29529	-0.35685	-0.34	-0.40041	-0.15714	-0.068745	0.15906	0.70793	0.80797	0.48853	0.079234	-0.34343	-0.51459	-0.55543	-0.54289	-0.50475	-0.44912	-0.36934	-0.26234	-0.2443	-0.18202	-0.10227	-0.015981	0.025771	-1.2763
920.04	0.03148	-0.03314	-0.10957	-0.15116	-0.19834	-0.24708	-0.30381	-0.34757	-0.3447	-0.39152	-0.12015	-0.1378	0.32481	0.63374	0.73598	0.54039	0.065883	-0.36472	-0.5168	-0.5561	-0.54518	-0.50113	-0.43997	-0.35756	-0.26536	-0.24259	-0.16587	-0.094623	0.0032625	0.022533	-1.29
921.21	0.036497	-0.018946	-0.094456	-0.15097	-0.21552	-0.25567	-0.30578	-0.34962	-0.34185	-0.45223	-0.30435	-0.068634	0.15881	0.72319	0.82458	0.48774	0.065799	-0.36247	-0.51216	-0.56492	-0.55933	-0.51852	-0.45085	-0.36043	-0.2658	-0.2317	-0.1504	-0.096023	-0.0042589	0.028149	-1.3052
922.17	0.026356	-0.033063	-0.10931	-0.16795	-0.23178	-0.27321	-0.30781	-0.35258	-0.33909	-0.26833	-0.16594	0.034814	0.23309	0.58307	0.72535	0.45262	0.070716	-0.36032	-0.51004	-0.56261	-0.54557	-0.51027	-0.43079	-0.33347	-0.26708	-0.23552	-0.1695	-0.081485	0.00075128	0.041011	-1.3052
923.02	0.011189	-0.038525	-0.1117	-0.16617	-0.21235	-0.27563	-0.31143	-0.36553	-0.34359	-0.43388	-0.20256	-0.11154	0.21634	0.66444	0.88553	0.45218	0.05986	-0.35376	-0.5191	-0.55171	-0.54836	-0.48666	-0.44425	-0.36553	-0.24901	-0.2483	-0.16453	-0.099629	-8.4254e-005	0.035337	-1.1515
923.45	0.024636	-0.040861	-0.12326	-0.17995	-0.25159	-0.27905	-0.31206	-0.37034	-0.35545	-0.44241	-0.27604	-0.15449	0.15017	0.67233	0.7958	0.37421	0.094676	-0.33582	-0.49265	-0.54973	-0.5333	-0.47959	-0.44405	-0.3048	-0.25664	-0.22059	-0.14603	-0.090478	0.00075024	0.034518	-0.9993
923.77	0.027991	-0.037712	-0.11161	-0.1807	-0.24236	-0.27629	-0.33148	-0.36441	-0.35292	-0.36378	-0.32188	-0.051239	0.14186	0.58206	0.68836	0.4	0.11787	-0.30371	-0.47501	-0.51671	-0.51339	-0.47942	-0.40071	-0.34285	-0.24338	-0.22132	-0.14598	-0.082862	-0.010078	0.043352	-0.87603
924.3	0.022096	-0.053361	-0.11486	-0.1692	-0.22942	-0.26636	-0.33519	-0.37829	-0.37673	-0.45071	-0.34928	-0.16294	0.12527	0.6799	0.72367	0.5638	0.14847	-0.27779	-0.44458	-0.49569	-0.50898	-0.46546	-0.41514	-0.33685	-0.24402	-0.21633	-0.1499	-0.082814	-0.014235	0.03931	-0.67821
925.26	0.02291	-0.039216	-0.12137	-0.16983	-0.22462	-0.26964	-0.34497	-0.38452	-0.38833	-0.49378	-0.16535	-0.23146	0.067438	0.45041	0.69618	0.5546	0.1806	-0.25443	-0.41955	-0.49173	-0.48384	-0.45729	-0.40413	-0.31663	-0.24454	-0.20153	-0.13375	-0.091058	-0.0067355	0.035252	-0.4652
926.22	0.032109	-0.033702	-0.11793	-0.18185	-0.25632	-0.32076	-0.35552	-0.39488	-0.39672	-0.38021	-0.35772	-0.3084	0.14149	0.50706	0.79342	0.58849	0.24824	-0.19125	-0.36051	-0.44297	-0.46776	-0.43633	-0.3899	-0.30968	-0.22421	-0.1908	-0.13521	-0.078861	0.0082261	0.045644	-0.25071
925.79	0.019542	-0.018071	-0.13123	-0.16974	-0.27104	-0.31204	-0.36659	-0.42485	-0.42807	-0.44129	-0.32118	-0.19699	0.10035	0.40113	0.77597	0.5629	0.28063	-0.16828	-0.33057	-0.41817	-0.44173	-0.4203	-0.373	-0.32886	-0.21272	-0.18279	-0.14167	-0.067544	-0.0017439	0.049679	0.01091
925.36	0.019551	-0.045474	-0.12632	-0.19828	-0.25199	-0.2971	-0.37455	-0.42339	-0.44425	-0.55466	-0.17452	-0.3001	0.059193	0.39317	0.81197	0.58041	0.32133	-0.11159	-0.29505	-0.40371	-0.41157	-0.40169	-0.36585	-0.31162	-0.20355	-0.17397	-0.14653	-0.06606	0.0090649	0.048899	0.24967
924.73	0.017886	-0.041589	-0.10901	-0.19028	-0.27135	-0.33015	-0.38729	-0.43611	-0.45016	-0.4418	-0.3491	-0.29171	-0.015006	0.58145	0.79467	0.68438	0.3754	-0.069058	-0.23497	-0.3617	-0.4176	-0.38487	-0.36366	-0.29692	-0.19904	-0.19354	-0.12983	-0.072167	0.0057427	0.040898	0.55681
924.41	0.020411	-0.046303	-0.12562	-0.20175	-0.2751	-0.31783	-0.396	-0.46278	-0.46712	-0.69464	-0.46864	-0.36057	-0.097522	0.43446	0.72359	0.6328	0.42526	-0.010476	-0.18982	-0.32038	-0.37257	-0.35849	-0.35239	-0.27051	-0.2053	-0.1855	-0.11387	-0.070676	0.023226	0.050558	0.76509
922.91	0.017921	-0.051871	-0.1333	-0.19392	-0.26181	-0.33703	-0.40524	-0.46851	-0.49353	-0.62595	-0.57062	-0.4214	-0.072885	0.32866	0.78731	0.78948	0.48156	0.047318	-0.13767	-0.29323	-0.34931	-0.34193	-0.3187	-0.26015	-0.17928	-0.16225	-0.10764	-0.046495	0.016594	0.040978	1.0615
