13701	5	3	91	26.4	747	1	6	8	2.912	128	4096	10	0	0	0	0	372.72	920.26	1.4013e+006	0.1149	0.12622	39.863	0	0	1	0	0	0	11	0	0
913.22	0.009609	-0.053216	-0.12548	-0.18773	-0.27107	-0.31903	-0.37084	-0.42566	-0.44044	-0.50028	-0.41859	-0.31279	0.026574	0.51428	0.75051	0.57064	0.26436	-0.16431	-0.34315	-0.4283	-0.44199	-0.42695	-0.3567	-0.30738	-0.21095	-0.19434	-0.12741	-0.07231	0.010029	0.038972	0.34395
912.37	0.0011074	-0.053265	-0.14072	-0.20936	-0.28799	-0.30673	-0.38384	-0.43698	-0.45382	-0.62434	-0.35385	-0.41757	0.051665	0.43191	0.77835	0.73737	0.33346	-0.10598	-0.29121	-0.39196	-0.41077	-0.40135	-0.36694	-0.30179	-0.19939	-0.17398	-0.12429	-0.067769	0.018473	0.026794	0.65867
911.52	0.023255	-0.059671	-0.13076	-0.19965	-0.30124	-0.34124	-0.41347	-0.46008	-0.4786	-0.60726	-0.45665	-0.34823	-0.082159	0.35766	0.60713	0.6505	0.39176	-0.052048	-0.22308	-0.35381	-0.38616	-0.37657	-0.33673	-0.26845	-0.18467	-0.18072	-0.10736	-0.046309	0.026088	0.030079	0.95053
910.02	0.013055	-0.062954	-0.1436	-0.20742	-0.28966	-0.34902	-0.42762	-0.47598	-0.50702	-0.67906	-0.4574	-0.44482	-0.11583	0.39147	0.76222	0.7568	0.45302	0.014612	-0.16219	-0.31142	-0.33923	-0.35894	-0.32239	-0.26889	-0.17711	-0.16784	-0.11648	-0.069482	0.0075274	0.030944	1.3411
910.34	0.012197	-0.074864	-0.15029	-0.22554	-0.31462	-0.33627	-0.42747	-0.49686	-0.5361	-0.59918	-0.49454	-0.44466	-0.20795	0.25014	0.5898	0.71271	0.51934	0.084036	-0.10251	-0.27712	-0.31909	-0.31973	-0.29664	-0.24439	-0.18255	-0.16696	-0.096936	-0.074077	0.014287	0.034198	1.6739
909.81	0.0062299	-0.051822	-0.14869	-0.24304	-0.30366	-0.37797	-0.44992	-0.51988	-0.5665	-0.59955	-0.61617	-0.63701	-0.30029	0.20044	0.61735	0.6956	0.57523	0.13551	-0.041294	-0.2115	-0.28923	-0.29558	-0.28358	-0.23695	-0.15907	-0.1514	-0.094551	-0.052555	0.0083745	0.048101	2.0232
909.6	0.0011108	-0.051834	-0.17062	-0.23896	-0.29258	-0.38257	-0.46747	-0.53011	-0.59754	-0.58197	-0.77501	-0.57601	-0.32552	0.12569	0.72629	0.72208	0.63853	0.20954	0.01837	-0.17733	-0.2534	-0.26609	-0.26627	-0.22353	-0.16147	-0.15886	-0.072613	-0.041784	0.016837	0.04893	2.4014
908.32	0.0070962	-0.060678	-0.15399	-0.23764	-0.31532	-0.39305	-0.49671	-0.5705	-0.62444	-0.80449	-0.76676	-0.75175	-0.31758	0.10921	0.62745	0.73186	0.67907	0.28484	0.081386	-0.12399	-0.21196	-0.24209	-0.24261	-0.2171	-0.1365	-0.1401	-0.080862	-0.048013	0.0075415	0.04818	2.7415
908.32	0.020773	-0.053503	-0.17508	-0.25587	-0.333	-0.38491	-0.49195	-0.59074	-0.66761	-0.7779	-0.71067	-0.91791	-0.63665	-0.18212	0.52756	0.75822	0.74148	0.3472	0.15164	-0.065999	-0.171	-0.21946	-0.22852	-0.18758	-0.14201	-0.1038	-0.075159	-0.042613	0.0041513	0.048999	3.2105
908.43	0.012223	-0.069441	-0.15735	-0.25667	-0.33296	-0.3921	-0.50539	-0.61513	-0.69441	-0.84874	-0.77601	-0.83035	-0.74573	-0.29862	0.47302	0.94261	0.77682	0.41131	0.21945	-0.031731	-0.14088	-0.18636	-0.20612	-0.17406	-0.1412	-0.098834	-0.053977	-0.018697	0.019398	0.033454	3.5898
908.53	0.013931	-0.075811	-0.18516	-0.26078	-0.35059	-0.42096	-0.56566	-0.6412	-0.72608	-0.8575	-0.85069	-0.99639	-0.79602	-0.3069	0.41851	0.99521	0.79275	0.43836	0.26867	0.011315	-0.097405	-0.16197	-0.18207	-0.14369	-0.11284	-0.08645	-0.069443	-0.031807	0.018551	0.038356	3.9964
908.96	0.018197	-0.063824	-0.17917	-0.28219	-0.35414	-0.44515	-0.53762	-0.64848	-0.77132	-0.9723	-0.9624	-1.0047	-0.89633	-0.49805	0.48183	0.85428	0.82946	0.52576	0.33795	0.065744	-0.071461	-0.13492	-0.15714	-0.14362	-0.11122	-0.088059	-0.05069	-0.010977	0.022775	0.044877	4.3846
908.53	0.0019662	-0.063854	-0.18769	-0.27321	-0.36919	-0.4309	-0.56249	-0.68336	-0.8181	-1.0614	-1.1124	-1.1625	-0.97232	-0.51493	0.37311	0.83709	0.82985	0.56214	0.38655	0.10706	-0.030538	-0.11497	-0.14313	-0.12851	-0.092377	-0.090575	-0.047457	-0.022551	0.010081	0.046532	4.7985
909.17	-0.0031598	-0.070182	-0.18503	-0.29123	-0.36614	-0.4622	-0.57399	-0.69973	-0.82729	-1.0429	-1.1396	-1.3888	-1.1646	-0.75571	0.23678	0.8365	0.83685	0.61863	0.44194	0.1693	0.01709	-0.07314	-0.1066	-0.098083	-0.077364	-0.055066	-0.02057	-0.0040375	0.013458	0.050587	5.2092
908.96	0.0070912	-0.06462	-0.18001	-0.29792	-0.39969	-0.46953	-0.58603	-0.70664	-0.86899	-1.1407	-1.3267	-1.3367	-1.3578	-0.89729	0.00090711	0.81039	0.85728	0.66482	0.50257	0.19831	0.057195	-0.032272	-0.081786	-0.068607	-0.070301	-0.057551	-0.023829	-0.00018319	0.032933	0.039155	5.6137
909.6	0.0105	-0.081296	-0.18241	-0.32254	-0.40499	-0.48815	-0.63478	-0.74657	-0.9245	-1.1842	-1.3538	-1.6065	-1.4156	-1.2624	-0.062547	0.76593	0.83562	0.70316	0.54093	0.24906	0.091381	-0.016602	-0.049453	-0.068558	-0.047447	-0.051743	-0.036827	-0.0078868	0.01599	0.036677	6.0303
909.07	0.013069	-0.081344	-0.18758	-0.31279	-0.42939	-0.5083	-0.62245	-0.76386	-0.9169	-1.2203	-1.392	-1.6512	-1.6262	-1.471	-0.29848	0.71372	0.83779	0.74962	0.60095	0.30012	0.12652	0.024269	-0.022156	-0.051743	-0.042755	-0.031987	-0.0075523	0.018315	0.035469	0.053045	6.4164
908.53	0.0011121	-0.071824	-0.20877	-0.32458	-0.43429	-0.51854	-0.66013	-0.79636	-0.95001	-1.3806	-1.5049	-1.827	-1.9797	-1.63	-0.48022	0.5121	0.81889	0.77626	0.64329	0.33543	0.16003	0.053873	-0.013886	-0.02479	-0.025459	-0.017158	-0.005926	0.012927	0.037185	0.040809	6.8418
908.32	0.00025797	-0.047123	-0.18351	-0.31471	-0.43067	-0.51685	-0.67458	-0.84293	-0.99585	-1.4164	-1.5988	-1.7924	-2.081	-1.9051	-0.68916	0.42436	0.80306	0.79271	0.68139	0.37417	0.19768	0.084354	0.0026856	-0.018892	-0.015228	-0.0064348	-0.0026713	0.012159	0.027875	0.051453	7.2322
908.64	0.00025625	-0.067033	-0.20369	-0.32537	-0.43424	-0.54468	-0.68942	-0.84517	-1.0289	-1.5488	-1.729	-1.9754	-2.1726	-2.0458	-0.82508	0.31883	0.76989	0.83128	0.72555	0.40566	0.2394	0.10695	0.035822	0.0089391	-0.013649	-0.0072585	-0.0010413	0.040688	0.028711	0.036715	7.6512
907.25	-0.010868	-0.071926	-0.19978	-0.31508	-0.46471	-0.5627	-0.71432	-0.89543	-1.0843	-1.5068	-1.9001	-2.1973	-2.4365	-2.3489	-1.0082	0.20496	0.72969	0.8226	0.72909	0.43882	0.2473	0.12106	0.045003	0.017397	0.010769	0.007601	0.0079267	0.020669	0.020273	0.028582	8.0565
906.83	0.013102	-0.057584	-0.19142	-0.331	-0.47238	-0.56296	-0.71148	-0.90937	-1.1256	-1.7829	-2.0321	-2.2859	-2.6059	-2.6335	-1.2269	0.046638	0.69032	0.84199	0.77634	0.47599	0.30352	0.1682	0.072416	0.047819	0.011564	0.026614	0.019352	0.019134	0.027919	0.044982	8.4783
905.87	0.0011153	-0.075234	-0.1967	-0.34381	-0.45143	-0.56537	-0.73134	-0.93148	-1.1496	-1.6959	-2.128	-2.4462	-2.8107	-2.8199	-1.3648	0.029078	0.62002	0.85013	0.79984	0.54345	0.33485	0.18933	0.096591	0.052942	0.033684	0.02416	0.025905	0.017605	0.020304	0.046669	8.8471
905.33	-0.0074607	-0.067278	-0.20951	-0.32905	-0.45169	-0.56298	-0.73814	-0.95487	-1.1863	-1.6791	-2.1574	-2.6582	-3.1072	-3.1974	-1.6935	-0.23535	0.54845	0.85154	0.81732	0.56404	0.36106	0.21564	0.10746	0.073283	0.051874	0.034107	0.029189	0.017615	0.022015	0.033568	9.2641
904.91	0.0062637	-0.076916	-0.18336	-0.33835	-0.47805	-0.57867	-0.77356	-0.96379	-1.2342	-1.8312	-2.2053	-2.7736	-3.2014	-3.4579	-1.9222	-0.33247	0.45897	0.85013	0.83068	0.58106	0.39563	0.24545	0.13745	0.1021	0.05427	0.047375	0.034927	0.038533	0.024577	0.038509	9.625
903.63	0.007133	-0.060192	-0.19549	-0.35216	-0.4806	-0.61673	-0.77944	-1.0092	-1.2998	-1.8427	-2.3776	-3.0764	-3.5689	-3.7723	-2.1714	-0.5449	0.36466	0.85314	0.84403	0.60661	0.42644	0.26243	0.14348	0.10479	0.059888	0.052417	0.039888	0.02773	0.032275	0.036099	10.033
902.14	0.00112	-0.080362	-0.19157	-0.35525	-0.46641	-0.59682	-0.79832	-1.0245	-1.3135	-1.8636	-2.4098	-3.1607	-3.6762	-4.03	-2.3852	-0.59888	0.30497	0.84	0.85193	0.62796	0.43472	0.29354	0.17542	0.11685	0.083772	0.06912	0.053895	0.042535	0.014417	0.017215	10.366
900.22	-0.0075031	-0.072488	-0.20389	-0.36771	-0.48148	-0.61633	-0.82246	-1.0573	-1.3516	-1.966	-2.5658	-3.2116	-3.8874	-4.2653	-2.5735	-0.88383	0.20946	0.82902	0.85375	0.65944	0.47277	0.31349	0.18583	0.13072	0.097458	0.055947	0.050723	0.02083	0.040093	0.031281	10.724
899.37	-0.00060398	-0.059671	-0.19216	-0.3622	-0.49227	-0.61874	-0.84409	-1.0719	-1.3874	-1.9947	-2.7193	-3.3825	-4.1201	-4.6477	-2.8603	-0.93789	0.11084	0.82342	0.85863	0.68757	0.49517	0.33489	0.20107	0.13851	0.1055	0.083501	0.077093	0.045781	0.036709	0.037094	11.042
897.98	0.0028536	-0.062991	-0.19672	-0.36192	-0.49397	-0.62884	-0.83013	-1.112	-1.4291	-2.0965	-2.8465	-3.4319	-4.2454	-4.8737	-2.9841	-1.206	0.030817	0.81555	0.87466	0.70552	0.52299	0.34509	0.22653	0.16346	0.11283	0.08196	0.068974	0.052874	0.041906	0.038807	11.354
897.55	-0.0075254	-0.067056	-0.19596	-0.36629	-0.5008	-0.62456	-0.87311	-1.127	-1.4727	-2.1154	-2.8478	-3.5574	-4.4088	-5.2382	-3.3347	-1.251	-0.061353	0.79673	0.87345	0.73253	0.54777	0.36023	0.23502	0.15671	0.11687	0.086171	0.06571	0.05212	0.03078	0.022269	11.679
895.95	-0.0023403	-0.055857	-0.20486	-0.3451	-0.53093	-0.63667	-0.86099	-1.1316	-1.4926	-2.2451	-2.9193	-3.5461	-4.6721	-5.4164	-3.6996	-1.5561	-0.17177	0.77617	0.88074	0.74185	0.56062	0.39088	0.26233	0.17666	0.11469	0.095528	0.08069	0.067855	0.031695	0.024796	11.948
894.78	-0.024037	-0.066453	-0.17773	-0.36406	-0.51463	-0.63934	-0.89677	-1.175	-1.5343	-2.212	-3.1508	-3.746	-4.8061	-5.6769	-3.7598	-1.8346	-0.28159	0.7515	0.86877	0.77047	0.5639	0.40199	0.27361	0.19487	0.14121	0.093979	0.071701	0.050717	0.040337	0.032301	12.191
894.03	-0.0084231	-0.059219	-0.20701	-0.36857	-0.52262	-0.66099	-0.87574	-1.2	-1.5612	-2.331	-3.182	-3.7758	-5.1343	-5.9523	-4.1043	-1.8629	-0.38979	0.72642	0.84571	0.75951	0.57966	0.40233	0.26373	0.17361	0.12853	0.099924	0.088311	0.058595	0.018852	0.023189	12.473
893.18	-0.020602	-0.073869	-0.19263	-0.35038	-0.53825	-0.65152	-0.90726	-1.2183	-1.5809	-2.4324	-3.2611	-3.8506	-5.1904	-6.1527	-4.4498	-2.231	-0.47765	0.69127	0.85308	0.77007	0.61252	0.43281	0.29432	0.20208	0.13186	0.10925	0.081768	0.066496	0.044716	0.030696	12.703
891.9	-0.010185	-0.077225	-0.18517	-0.33401	-0.53618	-0.6727	-0.91665	-1.2132	-1.6064	-2.5352	-3.3038	-4.0253	-5.4886	-6.4582	-4.6319	-2.2074	-0.59	0.66466	0.83292	0.78191	0.61595	0.42457	0.28546	0.21526	0.14728	0.11361	0.09184	0.056378	0.022346	0.015746	12.904
891.05	-0.014553	-0.05454	-0.17589	-0.34277	-0.51773	-0.66137	-0.90458	-1.2204	-1.6254	-2.4021	-3.326	-3.9846	-5.5795	-6.6765	-4.6826	-2.4244	-0.69203	0.64226	0.82631	0.79341	0.62592	0.45071	0.30601	0.22406	0.14903	0.12297	0.091098	0.063509	0.029278	0.020763	13.083
891.05	-0.017166	-0.08055	-0.19223	-0.35798	-0.50256	-0.65953	-0.93696	-1.2488	-1.6553	-2.3207	-3.4499	-4.2609	-5.725	-6.9734	-4.9233	-2.72	-0.8081	0.59989	0.81726	0.82923	0.65319	0.46225	0.32291	0.22578	0.16589	0.11288	0.099401	0.054073	0.019777	0.035773	13.242
890.41	-0.015435	-0.053765	-0.1743	-0.34133	-0.52759	-0.65354	-0.94006	-1.272	-1.6623	-2.7023	-3.5764	-4.2729	-5.9861	-7.0633	-5.2788	-2.9101	-0.87751	0.57174	0.81455	0.81101	0.64428	0.46968	0.31468	0.22422	0.14753	0.10707	0.091163	0.043096	0.028434	0.010765	13.414
890.83	-0.014556	-0.074878	-0.18454	-0.36483	-0.5207	-0.66705	-0.91937	-1.2491	-1.6748	-2.484	-3.6795	-4.3422	-6.0859	-7.3316	-5.2856	-2.9804	-0.93385	0.55396	0.79769	0.82495	0.64993	0.47922	0.32383	0.22412	0.16593	0.11206	0.096103	0.06667	0.026693	0.028275	13.51
890.41	-0.012818	-0.07898	-0.19237	-0.35147	-0.53234	-0.66461	-0.919	-1.2729	-1.6764	-2.639	-3.5573	-4.3621	-6.303	-7.4709	-5.4919	-3.1521	-1.047	0.51919	0.7816	0.8119	0.66645	0.48034	0.3206	0.23024	0.15235	0.1138	0.091994	0.043096	0.024977	0.010765	13.635
890.41	-0.038978	-0.081421	-0.18291	-0.36077	-0.49817	-0.64525	-0.90847	-1.2402	-1.7097	-2.639	-3.6622	-4.4513	-6.303	-7.5898	-5.5289	-3.2866	-1.0875	0.50445	0.76265	0.82355	0.66219	0.48389	0.32737	0.22852	0.16681	0.12306	0.088671	0.0549	0.0085553	0.0074292	13.709
890.83	-0.046805	-0.082194	-0.18884	-0.34793	-0.49794	-0.68917	-0.93637	-1.3127	-1.7063	-2.5835	-3.7081	-4.476	-6.5397	-7.7219	-5.804	-3.3119	-1.1617	0.48393	0.76723	0.82943	0.6721	0.49608	0.34326	0.2439	0.15951	0.11122	0.086968	0.039928	0.0033694	0.0049217	13.742
891.37	-0.034583	-0.076458	-0.17239	-0.33927	-0.51375	-0.62337	-0.91801	-1.287	-1.7086	-2.7265	-3.7726	-4.4376	-6.6128	-7.853	-5.9393	-3.3636	-1.1954	0.47075	0.77335	0.83699	0.68021	0.50022	0.33377	0.23945	0.1562	0.11788	0.092724	0.057198	0.012865	0.016588	13.808
890.51	-0.042463	-0.067586	-0.15019	-0.31593	-0.50001	-0.66361	-0.90431	-1.2874	-1.7327	-2.5573	-3.8239	-4.5043	-6.6277	-7.8775	-5.7691	-3.5461	-1.2258	0.45092	0.75844	0.84227	0.67575	0.50958	0.33324	0.24398	0.16518	0.10369	0.091983	0.042303	0.016332	0.016604	13.819
891.15	-0.033719	-0.076476	-0.18017	-0.33851	-0.50345	-0.64563	-0.90447	-1.2839	-1.7406	-2.6639	-3.8307	-4.4654	-6.7171	-8.1603	-5.9038	-3.5793	-1.2568	0.45889	0.76366	0.83809	0.6889	0.50744	0.34145	0.22575	0.15142	0.11202	0.091087	0.04306	0.0025068	0.00492	13.847
890.51	-0.058157	-0.10093	-0.18546	-0.34467	-0.48673	-0.64425	-0.89216	-1.302	-1.7011	-2.7472	-3.9002	-4.5846	-6.7819	-8.0728	-6.0191	-3.5371	-1.2972	0.44447	0.75597	0.84586	0.68513	0.50692	0.32902	0.24398	0.15635	0.1222	0.086999	0.035222	0.0085559	-0.0059234	13.835
890.51	-0.066004	-0.092797	-0.17686	-0.33453	-0.50571	-0.659	-0.96019	-1.2727	-1.7128	-2.6658	-3.8239	-4.7541	-6.7562	-7.9879	-5.9821	-3.6088	-1.348	0.42696	0.74197	0.83062	0.6928	0.48472	0.33324	0.23968	0.15956	0.12304	0.075367	0.042303	0.0059633	-0.0059234	13.829
890.51	-0.062518	-0.1115	-0.18374	-0.32523	-0.5095	-0.65623	-0.92618	-1.2856	-1.7443	-2.7834	-3.7762	-4.6114	-6.859	-8.0558	-6.084	-3.5909	-1.3385	0.42511	0.74773	0.8369	0.67319	0.49626	0.33831	0.23968	0.14269	0.11294	0.07952	0.039156	0.004236	-0.013432	13.822
890.51	-0.048566	-0.10419	-0.18116	-0.321	-0.50381	-0.65255	-0.93752	-1.2985	-1.7526	-2.7291	-3.9288	-4.4954	-6.799	-8.2171	-6.158	-3.8239	-1.3523	0.42972	0.74362	0.84944	0.6749	0.51313	0.3493	0.23882	0.15153	0.10285	0.086167	0.036795	-0.010456	-0.0059234	13.834
889.77	-0.05646	-0.092062	-0.18992	-0.34157	-0.51088	-0.64848	-0.93911	-1.31	-1.7766	-2.7314	-3.7126	-4.6777	-6.8047	-8.224	-6.2281	-3.6836	-1.3801	0.41348	0.7294	0.83491	0.68656	0.5029	0.34621	0.22697	0.15648	0.10967	0.087903	0.046275	-0.01306	-0.010103	13.849
889.02	-0.050394	-0.084806	-0.16768	-0.32239	-0.4904	-0.66934	-0.93666	-1.2456	-1.7697	-2.6069	-3.8303	-4.5655	-6.7247	-8.1034	-6.1498	-3.57	-1.3597	0.43321	0.74652	0.841	0.68543	0.50599	0.33719	0.2375	0.15018	0.10976	0.08548	0.033703	-0.003548	-8.3138e-005	13.831
888.81	-0.058269	-0.079123	-0.15996	-0.31738	-0.48101	-0.62886	-0.89712	-1.2855	-1.7211	-2.7706	-3.8503	-4.6828	-6.9236	-8.0798	-6.1328	-3.6606	-1.3575	0.42131	0.74752	0.84479	0.68986	0.50967	0.33134	0.23583	0.15102	0.10726	0.065524	0.017946	0.0016465	-0.013457	13.825
888.91	-0.074859	-0.10682	-0.1789	-0.29533	-0.45243	-0.61309	-0.92136	-1.2371	-1.7375	-2.6706	-3.8308	-4.709	-6.837	-8.2915	-6.2526	-3.6781	-1.3168	0.43696	0.7532	0.83661	0.69491	0.50338	0.33299	0.22891	0.13973	0.09544	0.078	0.026613	-0.014803	-0.018471	13.679
889.13	-0.049515	-0.091314	-0.16594	-0.2851	-0.45613	-0.56309	-0.88544	-1.2299	-1.7104	-2.6971	-3.8203	-4.5382	-6.7839	-8.0089	-5.945	-3.5067	-1.2837	0.45624	0.75468	0.83461	0.67766	0.48548	0.32191	0.21162	0.13729	0.084462	0.055515	0.022667	-0.0070092	-0.015124	13.521
889.13	-0.056501	-0.083982	-0.17541	-0.28425	-0.44947	-0.5834	-0.84326	-1.2566	-1.6913	-2.5884	-3.6484	-4.556	-6.6209	-7.9493	-5.945	-3.2913	-1.232	0.46086	0.76127	0.82205	0.66741	0.47036	0.29736	0.19783	0.11878	0.076033	0.048027	0.014786	-0.026916	-0.013454	13.403
888.81	-0.058269	-0.097049	-0.1703	-0.30891	-0.46009	-0.63625	-0.87278	-1.2485	-1.6886	-2.5984	-3.6784	-4.4951	-6.3573	-7.7396	-5.7616	-3.2386	-1.1618	0.49612	0.76402	0.81606	0.64714	0.46341	0.29069	0.19187	0.093881	0.063411	0.026403	-0.0041316	-0.030389	-0.02767	13.151
888.91	-0.056516	-0.084817	-0.16167	-0.28178	-0.43437	-0.57892	-0.86862	-1.2457	-1.6534	-2.4803	-3.6206	-4.3427	-6.3908	-7.526	-5.3805	-3.1484	-1.0643	0.51176	0.77136	0.7998	0.6428	0.4429	0.27457	0.17289	0.099502	0.066776	0.019742	-0.0025524	-0.034713	-0.030173	12.977
888.49	-0.06266	-0.088119	-0.15398	-0.28615	-0.42792	-0.5986	-0.84468	-1.2058	-1.6351	-2.4815	-3.565	-4.2374	-6.1278	-7.3339	-5.3923	-3.1051	-0.9596	0.55265	0.78742	0.80018	0.62516	0.44044	0.28317	0.17556	0.10036	0.05078	0.03141	-0.0033433	-0.024337	-0.02517	12.767
888.27	-0.055681	-0.097111	-0.15488	-0.29554	-0.42803	-0.59413	-0.81565	-1.1957	-1.6263	-2.4096	-3.5181	-4.2116	-5.9833	-7.2165	-5.2265	-2.9441	-0.88824	0.57589	0.8066	0.81205	0.6159	0.43876	0.27053	0.1618	0.090715	0.053324	0.015591	-0.00097737	-0.030407	-0.013467	12.512
887.63	-0.024231	-0.094731	-0.14291	-0.26607	-0.41977	-0.58068	-0.86337	-1.156	-1.605	-2.4567	-3.4727	-4.1699	-5.9102	-7.0428	-5.0444	-2.6405	-0.79912	0.5985	0.81131	0.79826	0.62234	0.42928	0.25546	0.14379	0.083529	0.032254	0.013936	-0.0088724	-0.037364	-0.021009	12.277
887.63	-0.056597	-0.079227	-0.15499	-0.27625	-0.39787	-0.57883	-0.84143	-1.1439	-1.5858	-2.4476	-3.4058	-4.1073	-5.5494	-6.8299	-4.8214	-2.5416	-0.72144	0.63086	0.82453	0.79016	0.60266	0.40523	0.25546	0.14034	0.07386	0.032254	0.0089349	-0.006504	-0.038232	-0.034401	12.022
887.95	-0.046083	-0.093065	-0.15062	-0.25072	-0.4415	-0.56291	-0.83706	-1.1617	-1.5694	-2.4376	-3.3089	-4.0521	-5.6418	-6.5294	-4.8011	-2.4149	-0.65043	0.6482	0.83167	0.77999	0.59132	0.38816	0.23926	0.15064	0.075444	0.031399	0.016431	-0.025441	-0.016553	-0.015981	11.76
888.81	-0.054775	-0.089716	-0.14186	-0.26318	-0.404	-0.57068	-0.81922	-1.1433	-1.5304	-2.2994	-3.2389	-3.8337	-5.4476	-6.4381	-4.4717	-2.3138	-0.56189	0.68174	0.83913	0.77296	0.57282	0.37623	0.22633	0.11516	0.039158	0.016191	-0.0052272	-0.029359	-0.013939	-0.017638	11.495
889.45	-0.04775	-0.063595	-0.12281	-0.27738	-0.40371	-0.5232	-0.80404	-1.1106	-1.5044	-2.1981	-3.2366	-3.9024	-5.3065	-6.306	-4.1718	-2.025	-0.44521	0.70433	0.85007	0.77151	0.56557	0.36084	0.21093	0.11163	0.047977	0.018707	-0.0035576	-0.024611	-0.02085	-0.013449	11.163
890.73	-0.031991	-0.06757	-0.13983	-0.26346	-0.41926	-0.5418	-0.76725	-1.1099	-1.479	-2.3215	-3.1366	-3.7809	-5.1705	-6.0253	-4.1658	-1.8609	-0.35598	0.7328	0.85873	0.74173	0.546	0.35233	0.19711	0.096848	0.028635	-0.0023557	-0.020996	-0.026148	-0.023412	-0.025942	10.891
890.94	-0.031983	-0.05861	-0.13636	-0.27522	-0.39829	-0.55642	-0.78002	-1.0683	-1.4255	-2.1311	-2.9452	-3.7532	-4.9209	-5.7269	-3.7853	-1.8425	-0.29828	0.73539	0.85276	0.7308	0.53309	0.33272	0.17256	0.093386	0.027825	0.0043756	-0.01767	-0.034007	-0.017359	-0.020098	10.505
891.37	-0.016289	-0.037457	-0.10364	-0.24638	-0.39336	-0.52576	-0.77641	-1.0412	-1.3982	-2.1662	-2.9629	-3.5643	-4.7303	-5.529	-3.6076	-1.6267	-0.21133	0.76635	0.84659	0.7206	0.51324	0.30595	0.17332	0.069276	0.025406	-0.011602	-0.034261	-0.037133	-0.024258	-0.010919	10.179
891.9	-0.0075731	-0.054488	-0.13364	-0.26058	-0.38839	-0.51808	-0.76139	-1.0251	-1.3775	-2.3546	-2.923	-3.5176	-4.6933	-5.1867	-3.5778	-1.3126	-0.096959	0.78982	0.87898	0.69691	0.50527	0.304	0.15718	0.070094	0.0093518	-0.0057135	-0.019309	-0.028471	-0.010438	-0.01591	9.8531
892.75	0.0072199	-0.034153	-0.10004	-0.23251	-0.40789	-0.50656	-0.75097	-1.0035	-1.343	-2.1268	-2.787	-3.4342	-4.3898	-4.9785	-3.3064	-1.213	-0.017059	0.79458	0.87896	0.68641	0.48012	0.27005	0.14101	0.061442	-0.01309	-0.013262	-0.036694	-0.036292	-0.012153	-0.0042433	9.4967
892.01	0.010708	-0.029309	-0.1216	-0.27321	-0.3855	-0.50238	-0.71683	-1.0215	-1.3292	-2.0292	-2.7037	-3.3658	-4.137	-4.8046	-3.0411	-1.0351	0.07053	0.81457	0.85421	0.65567	0.44477	0.25432	0.11919	0.029717	-0.015507	-0.019996	-0.037554	-0.042608	-0.019064	-0.0025819	9.1039
892.54	0.00026087	-0.034973	-0.11723	-0.22497	-0.37865	-0.53427	-0.72691	-0.97972	-1.2837	-2.1183	-2.5594	-3.3727	-3.9892	-4.4376	-2.8729	-0.93613	0.18808	0.82604	0.8726	0.63203	0.41387	0.23734	0.10647	0.027126	-0.039539	-0.051893	-0.053281	-0.063779	-0.031987	-0.016732	8.7201
893.29	0.0080843	-0.044673	-0.11628	-0.23153	-0.37454	-0.48971	-0.71903	-0.95746	-1.2735	-1.9362	-2.4527	-3.2454	-3.781	-4.2392	-2.5566	-0.73881	0.27026	0.83546	0.84723	0.60738	0.39568	0.20704	0.073513	-0.014922	-0.049113	-0.052688	-0.052408	-0.06294	-0.024206	-0.0025782	8.3725
893.82	-0.0075568	-0.02682	-0.10164	-0.22549	-0.39228	-0.47932	-0.67503	-0.93375	-1.2421	-1.8449	-2.3657	-2.9946	-3.5483	-3.8729	-2.2229	-0.57766	0.35581	0.85149	0.85658	0.59363	0.38355	0.19276	0.071786	-0.0012006	-0.061888	-0.059364	-0.064792	-0.067606	-0.017303	0.011556	7.9734
894.03	0.025446	-0.042205	-0.10761	-0.24312	-0.37329	-0.45166	-0.67164	-0.89325	-1.1864	-1.7003	-2.2797	-2.985	-3.411	-3.6522	-2.0655	-0.34544	0.43799	0.85496	0.84488	0.56046	0.35542	0.16265	0.051562	-0.025192	-0.054672	-0.082823	-0.069742	-0.060537	-0.017299	0.019032	7.5756
895.31	0.021943	-0.025157	-0.11088	-0.22848	-0.35482	-0.45652	-0.64893	-0.87486	-1.1425	-1.8238	-1.9824	-2.8033	-3.2357	-3.4527	-1.777	-0.19341	0.50924	0.85374	0.83467	0.56055	0.33287	0.15535	0.036355	-0.037137	-0.067377	-0.072659	-0.06551	-0.054971	-0.018135	0.023155	7.1777
896.59	0.034901	-0.026737	-0.10303	-0.20717	-0.31945	-0.45678	-0.63674	-0.85054	-1.098	-1.7673	-2.0553	-2.5867	-2.9759	-3.0515	-1.5629	-0.10413	0.57602	0.86442	0.82038	0.51703	0.29343	0.12691	0.013635	-0.055027	-0.084831	-0.090109	-0.072017	-0.052548	-0.003518	0.018148	6.7494
895.85	0.027131	-0.028377	-0.10568	-0.2191	-0.30839	-0.43059	-0.61071	-0.83072	-1.0716	-1.7148	-1.9243	-2.3937	-2.9017	-2.7417	-1.3801	0.082857	0.63294	0.85598	0.78995	0.4747	0.26062	0.096123	-0.014922	-0.065336	-0.087297	-0.095204	-0.077858	-0.069019	-0.0035209	0.0107	6.3604
896.17	0.014991	-0.01786	-0.11249	-0.2165	-0.34317	-0.43135	-0.59681	-0.81247	-1.0399	-1.5794	-1.8573	-2.1802	-2.6113	-2.5299	-1.2415	0.029393	0.69854	0.84743	0.77085	0.43179	0.23172	0.067851	-0.024997	-0.087538	-0.10482	-0.10939	-0.083608	-0.068212	-0.012967	0.002405	5.9515
895.53	0.015	-0.042945	-0.11256	-0.23179	-0.32926	-0.39316	-0.59562	-0.7968	-0.9919	-1.6885	-1.7923	-2.1463	-2.3577	-2.3375	-0.97531	0.31457	0.73924	0.83704	0.74519	0.4116	0.19881	0.034347	-0.055274	-0.091022	-0.11928	-0.11198	-0.1101	-0.084693	-0.00094404	0.0098728	5.5228
896.27	0.022783	-0.018666	-0.10392	-0.21312	-0.32616	-0.40291	-0.56133	-0.77306	-0.96136	-1.4534	-1.7908	-1.9318	-2.3046	-2.1922	-0.79966	0.44786	0.78222	0.81253	0.70283	0.37831	0.16391	0.022849	-0.057747	-0.1089	-0.12796	-0.1261	-0.098456	-0.079932	-0.0069534	0.011523	5.1334
894.67	0.02977	-0.01627	-0.094689	-0.20424	-0.33146	-0.40088	-0.55427	-0.74961	-0.91594	-1.3569	-1.5852	-1.8819	-2.036	-1.9341	-0.63516	0.47544	0.80759	0.80297	0.68359	0.33885	0.13619	-0.017763	-0.078884	-0.13221	-0.14337	-0.1347	-0.10938	-0.083991	-0.012127	0.019019	4.6999
893.93	0.051508	-0.014664	-0.10762	-0.21031	-0.33741	-0.40489	-0.54747	-0.71852	-0.89685	-1.4302	-1.5865	-1.9368	-1.9267	-1.7158	-0.59877	0.55619	0.81856	0.78711	0.63903	0.29539	0.10572	-0.044314	-0.098318	-0.13832	-0.1547	-0.13816	-0.12437	-0.079357	-0.017304	0.026514	4.289
893.61	0.052396	-0.021155	-0.11709	-0.20112	-0.31957	-0.3839	-0.51216	-0.6742	-0.85494	-1.3135	-1.416	-1.6886	-1.7141	-1.4542	-0.43286	0.63676	0.85829	0.7727	0.62202	0.26781	0.076021	-0.055834	-0.10341	-0.15466	-0.16436	-0.15247	-0.12524	-0.080171	-0.0095578	0.019041	3.916
894.57	0.0263	-0.017892	-0.098982	-0.20679	-0.2975	-0.3789	-0.50435	-0.67091	-0.81516	-1.141	-1.3291	-1.7223	-1.5843	-1.292	-0.23878	0.64501	0.85908	0.72874	0.56068	0.23094	0.041986	-0.083173	-0.14537	-0.16477	-0.18257	-0.15063	-0.12263	-0.078516	-0.020731	0.017359	3.4699
894.57	0.030641	-0.017892	-0.1007	-0.19838	-0.26161	-0.35138	-0.47452	-0.63751	-0.77877	-1.1951	-1.2247	-1.5625	-1.4309	-1.2075	-0.054384	0.6539	0.86079	0.68837	0.49754	0.16404	-0.0047019	-0.11323	-0.18071	-0.19817	-0.18817	-0.17242	-0.13586	-0.094967	-0.0043874	0.024003	3.1179
896.06	0.03059	-0.02837	-0.1125	-0.17369	-0.28757	-0.3398	-0.47856	-0.61764	-0.73289	-1.0492	-1.2321	-1.3648	-1.3604	-0.84272	-0.072709	0.73296	0.84995	0.63134	0.46069	0.12369	-0.038593	-0.15981	-0.19637	-0.20468	-0.20062	-0.18133	-0.14802	-0.10341	0.00077317	0.015671	2.7005
896.81	0.040088	-0.035614	-0.11326	-0.19201	-0.28639	-0.33585	-0.4661	-0.58808	-0.7133	-1.0124	-1.0701	-1.222	-1.1636	-0.91788	0.11127	0.80355	0.8407	0.57681	0.39896	0.079091	-0.075818	-0.19318	-0.22306	-0.22843	-0.21401	-0.19538	-0.14624	-0.099418	-0.018964	0.024773	2.3072
898.3	0.038292	-0.029104	-0.11392	-0.18163	-0.28309	-0.33895	-0.44124	-0.54616	-0.67341	-0.95694	-0.94544	-1.2288	-1.0089	-0.52078	0.24882	0.85552	0.84783	0.54479	0.36074	0.043425	-0.11627	-0.19814	-0.22521	-0.23232	-0.21525	-0.19923	-0.15341	-0.098472	-0.0026551	0.02804	1.9321
899.58	0.047732	-0.016988	-0.08225	-0.15795	-0.25827	-0.32843	-0.42618	-0.54964	-0.62476	-0.93766	-0.88748	-0.99746	-0.99896	-0.35197	0.37682	0.80996	0.82533	0.47831	0.30233	-0.0063152	-0.15409	-0.22599	-0.26505	-0.24902	-0.21813	-0.19978	-0.15977	-0.10223	-8.3187e-005	0.038738	1.5705
900.75	0.041637	0.0015285	-0.088097	-0.16108	-0.25512	-0.31433	-0.39439	-0.51065	-0.64201	-0.85597	-0.94287	-0.88152	-0.69281	-0.38508	0.49538	0.81774	0.81576	0.44489	0.23354	-0.060351	-0.18508	-0.25905	-0.27223	-0.27166	-0.22181	-0.19952	-0.14232	-0.10443	-0.025713	0.024664	1.218
901.18	0.041618	-0.012937	-0.058301	-0.13428	-0.24093	-0.29233	-0.3862	-0.49001	-0.65812	-0.85556	-0.87648	-0.93399	-0.50629	-0.23389	0.50428	0.84392	0.77881	0.40369	0.19436	-0.090432	-0.20353	-0.28788	-0.28212	-0.26898	-0.23441	-0.20358	-0.16524	-0.095824	-0.010333	0.027126	0.87605
901.5	0.036433	-0.015344	-0.076977	-0.16596	-0.22866	-0.29313	-0.37807	-0.45839	-0.56598	-0.79272	-0.64068	-0.75744	-0.38766	-0.066077	0.5041	0.85249	0.72925	0.3307	0.11211	-0.13732	-0.25063	-0.30795	-0.31124	-0.29268	-0.25019	-0.2243	-0.16025	-0.11211	-0.014596	0.013929	0.58418
903.31	0.040659	-0.0080966	-0.085302	-0.15313	-0.23008	-0.26528	-0.35974	-0.47189	-0.55502	-0.66629	-0.64881	-0.57124	-0.36999	-0.024087	0.53048	0.85078	0.68453	0.26098	0.061537	-0.16796	-0.28123	-0.32397	-0.32479	-0.30481	-0.26315	-0.23131	-0.16649	-0.11499	0.0024731	0.020481	0.2588
905.23	0.038858	-0.016081	-0.085968	-0.15114	-0.22959	-0.26563	-0.35261	-0.46158	-0.52033	-0.74495	-0.55362	-0.58758	-0.30181	0.20981	0.60226	0.87542	0.63823	0.20149	0.003064	-0.21433	-0.30664	-0.35647	-0.34655	-0.33125	-0.27997	-0.24324	-0.18983	-0.10623	-0.014536	0.013872	-0.021029
906.61	0.048219	-0.011262	-0.082458	-0.16253	-0.22551	-0.24078	-0.34332	-0.43552	-0.49179	-0.74381	-0.50594	-0.48153	-0.19197	0.067711	0.62863	0.80367	0.57303	0.14052	-0.065711	-0.26682	-0.34637	-0.36378	-0.35847	-0.34004	-0.2827	-0.23626	-0.19852	-0.11148	-0.0026308	0.013851	-0.29026
907.04	0.031931	-0.0064672	-0.084952	-0.14088	-0.2077	-0.25424	-0.31055	-0.39985	-0.45486	-0.5481	-0.52443	-0.3587	-0.16666	0.40942	0.72834	0.7769	0.5356	0.064433	-0.11258	-0.30188	-0.37467	-0.3915	-0.37573	-0.33228	-0.27468	-0.24937	-0.19924	-0.092115	-0.0051749	0.02777	-0.58692
908.32	0.042143	-0.01204	-0.078928	-0.14151	-0.2102	-0.24484	-0.31806	-0.40519	-0.44037	-0.59167	-0.33672	-0.34071	-0.13284	0.44215	0.78182	0.7758	0.47243	0.01464	-0.18834	-0.34275	-0.40173	-0.40749	-0.39509	-0.3529	-0.27981	-0.24489	-0.19244	-0.097385	-0.0077095	0.037547	-0.80907
909.81	0.046342	0.0039017	-0.072904	-0.13383	-0.19035	-0.23091	-0.31357	-0.38684	-0.40143	-0.55528	-0.42017	-0.29649	0.035052	0.4996	0.87117	0.72188	0.41018	-0.043125	-0.24204	-0.37727	-0.42194	-0.41986	-0.40437	-0.34474	-0.26834	-0.24037	-0.17099	-0.087984	0.015142	0.030135	-1.0373
911.09	0.052244	-0.0040534	-0.08037	-0.14356	-0.20771	-0.2414	-0.31946	-0.37284	-0.39518	-0.43956	-0.39162	-0.32225	0.035003	0.39931	0.87899	0.6508	0.34402	-0.12054	-0.30772	-0.41616	-0.45885	-0.45746	-0.4162	-0.35602	-0.28916	-0.23263	-0.17643	-0.094782	-0.013598	0.03417	-1.2443
911.62	0.039437	-0.013584	-0.069398	-0.141	-0.19276	-0.22775	-0.34064	-0.36086	-0.38116	-0.40396	-0.31688	-0.10421	0.16048	0.42396	0.8604	0.66793	0.28163	-0.1673	-0.35582	-0.45268	-0.48191	-0.47367	-0.42752	-0.36338	-0.28193	-0.23907	-0.16984	-0.12317	-0.012745	0.031706	-1.4255
912.05	0.024094	-0.023902	-0.077766	-0.13103	-0.18155	-0.23214	-0.30331	-0.34053	-0.34935	-0.40377	-0.28878	-0.13899	0.18549	0.59784	0.87809	0.51889	0.21178	-0.23562	-0.40069	-0.49272	-0.52581	-0.49339	-0.44135	-0.37077	-0.29592	-0.24389	-0.18679	-0.13387	-0.011051	0.029247	-1.6264
912.58	0.030036	-0.01992	-0.069325	-0.14415	-0.19903	-0.20412	-0.29207	-0.33865	-0.34428	-0.46534	-0.16765	-0.13891	0.085081	0.48978	0.7149	0.4049	0.14534	-0.30474	-0.46154	-0.53616	-0.54548	-0.51216	-0.45841	-0.38651	-0.2981	-0.26428	-0.20127	-0.12227	-0.011889	0.028415	-1.7772
912.48	0.042803	-0.0016658	-0.070172	-0.11859	-0.19998	-0.24013	-0.27867	-0.30595	-0.3127	-0.35945	-0.22352	0.043885	0.27735	0.73012	0.79632	0.34373	0.093297	-0.34075	-0.50501	-0.56246	-0.56301	-0.52262	-0.46259	-0.37731	-0.29578	-0.26431	-0.18589	-0.10539	-0.010203	0.024347	-1.9279
912.58	0.025781	-0.027062	-0.087794	-0.1392	-0.18885	-0.19783	-0.27468	-0.31431	-0.30699	-0.30645	-0.23278	-0.16503	0.28567	0.62233	0.88661	0.42238	0.029484	-0.40368	-0.57327	-0.60349	-0.58542	-0.54682	-0.47408	-0.38231	-0.29653	-0.25689	-0.20127	-0.12457	-0.024539	0.033302	-2.0269
912.05	0.037715	-0.0088142	-0.076926	-0.1203	-0.17692	-0.22404	-0.26219	-0.30777	-0.29581	-0.43027	-0.1957	0.0352	0.28585	0.7056	0.70626	0.28262	-0.026777	-0.44981	-0.6106	-0.63097	-0.60408	-0.53934	-0.47931	-0.40941	-0.29827	-0.26361	-0.20139	-0.10928	-0.011051	0.026803	-2.1274
911.94	0.026652	-0.013579	-0.066014	-0.11288	-0.17601	-0.20877	-0.25827	-0.29437	-0.27475	-0.32434	-0.06536	-0.0083578	0.33606	0.84662	0.80584	0.39642	-0.075506	-0.48407	-0.64686	-0.6538	-0.61997	-0.57235	-0.49587	-0.38174	-0.29282	-0.26035	-0.18844	-0.11237	-0.011897	0.023546	-2.2218
911.73	0.034322	-0.011995	-0.073592	-0.12364	-0.18903	-0.20522	-0.24567	-0.28015	-0.27238	-0.2714	-0.037433	0.04392	0.35286	0.76389	0.63413	0.37025	-0.11754	-0.5211	-0.66632	-0.67758	-0.63677	-0.58462	-0.49599	-0.38939	-0.28818	-0.26781	-0.17793	-0.1024	-0.0043048	0.034146	-2.2584
912.69	0.029181	-0.019918	-0.070996	-0.12681	-0.16939	-0.21669	-0.24146	-0.28237	-0.26075	-0.24463	-0.018796	0.026477	0.26895	0.67196	0.75094	0.40485	-0.13672	-0.54663	-0.69375	-0.67687	-0.64858	-0.57275	-0.48557	-0.39318	-0.31609	-0.28478	-0.19233	-0.12993	-0.0042986	0.024342	-2.2919
913.22	0.037666	-0.0080087	-0.060049	-0.12179	-0.17854	-0.21387	-0.2587	-0.28137	-0.26789	-0.11219	-0.037372	0.10474	0.41911	0.65502	0.85889	0.31723	-0.1551	-0.55889	-0.70941	-0.67648	-0.64321	-0.58627	-0.49188	-0.41895	-0.31199	-0.2723	-0.18736	-0.10454	-0.0093525	0.038972	-2.333
913.97	0.02914	-0.027021	-0.085985	-0.14475	-0.21075	-0.2092	-0.25612	-0.27863	-0.26605	-0.36768	-0.0094666	0.02644	0.46884	0.63795	0.73186	0.39554	-0.17509	-0.58179	-0.74334	-0.71434	-0.6618	-0.58925	-0.5129	-0.40604	-0.30782	-0.25404	-0.19854	-0.11672	-0.015239	0.026747	-2.3209
914.93	0.021472	-0.026994	-0.086732	-0.11498	-0.19114	-0.19373	-0.24639	-0.28922	-0.2496	-0.17361	-0.0094567	-0.017008	0.39332	0.81907	0.77617	0.28173	-0.21091	-0.58925	-0.73134	-0.69615	-0.65446	-0.59641	-0.52059	-0.40226	-0.29186	-0.2636	-0.19752	-0.1097	0.0058042	0.038088	-2.3163
915.67	0.032479	-0.02539	-0.091681	-0.14695	-0.1919	-0.22136	-0.25407	-0.30153	-0.26313	-0.31421	-0.074362	0.17385	0.33469	0.83491	0.84759	0.35995	-0.21241	-0.61836	-0.76199	-0.70343	-0.66886	-0.59679	-0.52838	-0.39524	-0.31115	-0.25847	-0.17716	-0.12033	-0.010167	0.035624	-2.2752
915.78	0.013821	-0.033294	-0.091671	-0.11652	-0.18358	-0.20162	-0.24774	-0.27222	-0.24533	-0.29659	-0.10217	-0.025678	0.37629	0.86784	0.90152	0.31634	-0.22828	-0.61291	-0.74428	-0.70857	-0.66629	-0.59758	-0.49133	-0.40356	-0.28846	-0.27399	-0.18684	-0.10501	-0.00092316	0.036429	-2.2554
916.74	0.016348	-0.033259	-0.1016	-0.14349	-0.18707	-0.21573	-0.23961	-0.2711	-0.25072	-0.26992	-0.092809	-0.025651	0.34263	0.72674	0.90057	0.20284	-0.24225	-0.63823	-0.7595	-0.71567	-0.67222	-0.59523	-0.53844	-0.40314	-0.29909	-0.25817	-0.17534	-0.1049	-0.0076387	0.034771	-2.2965
916.2	0.025679	-0.03407	-0.083266	-0.15919	-0.20009	-0.22303	-0.26415	-0.28213	-0.25652	-0.28765	-0.10213	0.13041	0.37611	0.66115	0.81107	0.13326	-0.25577	-0.64039	-0.77435	-0.73176	-0.6867	-0.59903	-0.49028	-0.40923	-0.30238	-0.25178	-0.18675	-0.097312	-0.0026032	0.036412	-2.295
916.1	0.028225	-0.023004	-0.092475	-0.11812	-0.19274	-0.22574	-0.26418	-0.29219	-0.25735	-0.13822	-0.046536	0.043711	0.34287	0.66946	0.81117	0.15942	-0.24409	-0.63151	-0.76724	-0.72662	-0.68098	-0.59651	-0.49527	-0.40676	-0.29071	-0.2649	-0.16174	-0.098087	0.014197	0.046148	-2.2919
915.99	0.019751	-0.03566	-0.084959	-0.15183	-0.21767	-0.23652	-0.27681	-0.29725	-0.26788	-0.38446	-0.19485	0.0090303	0.32625	0.71081	0.75723	0.22914	-0.23157	-0.6271	-0.77053	-0.7267	-0.66863	-0.5983	-0.51094	-0.40263	-0.29699	-0.25675	-0.17549	-0.087391	-0.0026038	0.029932	-2.1031
916.42	0.0095755	-0.039594	-0.094115	-0.17229	-0.21941	-0.25522	-0.28691	-0.29962	-0.2613	-0.20848	-0.1577	0.061022	0.39269	0.62798	0.77491	0.15066	-0.22144	-0.60173	-0.74696	-0.70285	-0.66086	-0.57991	-0.49674	-0.38907	-0.2906	-0.26235	-0.18348	-0.1057	0.011673	0.040458	-1.966
917.06	0.02227	-0.034038	-0.087365	-0.16725	-0.2082	-0.25146	-0.28671	-0.3111	-0.29097	-0.30495	-0.07425	-0.016985	0.35081	0.65228	0.81032	0.36812	-0.19872	-0.58341	-0.73204	-0.69366	-0.62976	-0.56829	-0.50296	-0.37042	-0.2865	-0.22376	-0.17125	-0.10257	-0.0017621	0.029897	-1.8366
917.16	0.012108	-0.040353	-0.089863	-0.15574	-0.23858	-0.25054	-0.2914	-0.32192	-0.28529	-0.4103	-0.1946	-0.025639	0.36742	0.77585	0.63037	0.28976	-0.16111	-0.55023	-0.69437	-0.66922	-0.62969	-0.56047	-0.46843	-0.36369	-0.26697	-0.24008	-0.17607	-0.094154	0.015019	0.038805	-1.6584
917.16	0.02142	-0.028507	-0.10072	-0.16641	-0.22199	-0.25143	-0.28668	-0.31441	-0.30949	-0.41909	-0.22238	-0.034295	0.27593	0.56152	0.77428	0.21146	-0.12018	-0.51085	-0.66078	-0.64137	-0.61064	-0.54581	-0.45448	-0.35283	-0.26619	-0.22047	-0.1559	-0.087279	0.00075538	0.054196	-1.4833
917.06	0.013802	-0.037197	-0.097391	-0.17053	-0.22202	-0.25773	-0.29064	-0.33617	-0.32566	-0.45427	-0.24092	0.043665	0.23439	0.70175	0.71141	0.22016	-0.07425	-0.4769	-0.63686	-0.62405	-0.59332	-0.52605	-0.45781	-0.34703	-0.26701	-0.24092	-0.14624	-0.087289	0.0032731	0.029897	-1.2398
917.48	0.018028	-0.016656	-0.10319	-0.16143	-0.23573	-0.27371	-0.31331	-0.3477	-0.33679	-0.40138	-0.21304	-0.02563	0.38391	0.73438	0.8549	0.42012	-0.028291	-0.44268	-0.60778	-0.60375	-0.57567	-0.50684	-0.44283	-0.33434	-0.25051	-0.22692	-0.15504	-0.09183	0.0083044	0.030693	-1.0069
916.84	0.031589	-0.029306	-0.11663	-0.1755	-0.25156	-0.27838	-0.32611	-0.3588	-0.35882	-0.3841	-0.037224	0.026357	0.30932	0.63595	0.75655	0.47265	0.021826	-0.39195	-0.5594	-0.57632	-0.56033	-0.49253	-0.43001	-0.34711	-0.25458	-0.20828	-0.13498	-0.094952	-0.00092209	0.030714	-0.75277
916.2	0.010425	-0.050669	-0.12424	-0.17562	-0.24436	-0.25797	-0.34051	-0.36574	-0.36472	-0.3492	-0.14846	-0.23373	0.21795	0.53738	0.74806	0.49911	0.082883	-0.32862	-0.49094	-0.51575	-0.51928	-0.48166	-0.42209	-0.3323	-0.24774	-0.19697	-0.15122	-0.073603	-0.0059642	0.016139	-0.44695
915.57	0.023153	-0.04675	-0.12265	-0.1741	-0.24176	-0.30118	-0.35493	-0.39278	-0.38113	-0.30545	-0.1671	-0.0083247	0.27641	0.72767	0.84769	0.65635	0.1457	-0.2894	-0.44241	-0.4856	-0.49476	-0.46472	-0.4265	-0.31579	-0.23463	-0.19547	-0.12789	-0.086665	0.0058001	0.046175	-0.18682
915.25	0.0095878	-0.032522	-0.13525	-0.18814	-0.26308	-0.30667	-0.35269	-0.41133	-0.4136	-0.48158	-0.34346	-0.051733	0.076505	0.52967	0.79391	0.54322	0.22443	-0.2043	-0.38967	-0.44304	-0.47254	-0.4286	-0.40115	-0.32511	-0.2058	-0.20373	-0.11905	-0.072915	0.0058022	0.03645	0.11585
