12142	1	3	91	28.3	757	1	10	6	2.33	128	4096	10	0	0	0	0	298.24	964.46	1.4325e+006	0.11685	0.098998	40.667	0	0	1	0	0	0	11	0	0
953.66	0.014834	-0.033477	-0.16505	-0.29564	-0.40277	-0.49515	-0.62848	-0.78578	-0.94774	-1.2414	-1.4464	-1.7709	2.702	-1.6507	-0.50333	0.47815	0.82633	0.78136	0.65304	0.3398	0.14627	0.037144	-0.027878	-0.058676	-0.044055	-0.055687	-0.035142	-0.020572	0.027017	0.034921	5.9818
953.98	0.025411	-0.039538	-0.165	-0.27503	-0.39378	-0.49155	-0.64113	-0.78552	-0.9544	-1.2241	-1.4904	-1.8702	2.7011	-1.7849	-0.55504	0.29396	0.81401	0.79057	0.67589	0.36394	0.1701	0.040449	-0.022344	-0.040185	-0.04704	-0.051741	-0.041332	-0.025707	0.018135	0.051263	6.2286
953.45	0.023797	-0.035764	-0.16188	-0.28387	-0.40286	-0.49354	-0.63165	-0.80845	-0.97511	-1.436	-1.7049	-1.8879	2.7106	-1.8652	-0.5986	0.39457	0.79759	0.79445	0.6932	0.3767	0.18135	0.06867	-0.016832	-0.037797	-0.047066	-0.050983	-0.02739	-0.019842	0.01976	0.042722	6.4876
953.02	0.023808	-0.036538	-0.16758	-0.28636	-0.40304	-0.51357	-0.65615	-0.83534	-1.0035	-1.4028	-1.7592	-1.9221	2.6798	-2.0485	-0.75464	0.36126	0.77946	0.80859	0.71813	0.39864	0.21171	0.079485	0.005276	-0.024951	-0.029074	-0.032919	-0.021191	-0.016909	0.014922	0.044299	6.8009
952.49	0.0075167	-0.035038	-0.17571	-0.31655	-0.42279	-0.5061	-0.69589	-0.82133	-1.0507	-1.3867	-1.7067	-2.14	2.7533	-2.2639	-0.8503	0.36983	0.75496	0.82714	0.74549	0.42567	0.23415	0.10028	0.019504	-0.022554	-0.020829	-0.030575	-0.0056685	-0.0066205	0.0036209	0.045105	7.0703
950.79	0.0099804	-0.03967	-0.16555	-0.30287	-0.42799	-0.526	-0.69486	-0.8784	-1.0642	-1.618	-1.8616	-2.2274	2.7823	-2.4429	-1.06	0.17744	0.72166	0.84588	0.75376	0.44658	0.25374	0.11127	0.034581	0.0023864	-0.011839	-0.016443	-0.0080146	0.0081076	0.01253	0.026429	7.4092
951	0.014876	-0.059463	-0.1784	-0.30755	-0.42167	-0.51121	-0.6985	-0.88948	-1.099	-1.5752	-1.8968	-2.3605	2.6935	-2.6331	-1.2419	0.12705	0.69572	0.86209	0.78445	0.48256	0.28562	0.12123	0.048821	-0.00083623	-0.011837	-0.014863	-0.0017884	-0.0073687	0.031138	0.046737	7.6845
949.83	0.012445	-0.054963	-0.1883	-0.30159	-0.43198	-0.54555	-0.70619	-0.91397	-1.1214	-1.7298	-1.9439	-2.3969	2.7369	-2.7558	-1.3216	0.1272	0.63447	0.8476	0.77924	0.49408	0.29557	0.13803	0.06156	0.027393	0.005469	0.016681	0.00054624	-3.6277e-007	0.031987	0.027239	7.99
948.77	0.021459	-0.048916	-0.15702	-0.32731	-0.44226	-0.55048	-0.73283	-0.92306	-1.1554	-1.7997	-2.1251	-2.5503	2.7159	-3.0298	-1.41	-0.057695	0.60208	0.86239	0.8064	0.53501	0.32231	0.17568	0.080672	0.025001	0.0092438	-0.0014689	0.0036657	0.011817	0.0068777	0.035884	8.2697
947.81	0.0067351	-0.059664	-0.17739	-0.32685	-0.44538	-0.5571	-0.74575	-0.95148	-1.1924	-1.7335	-2.2616	-2.6199	2.7106	-3.2562	-1.6377	-0.16721	0.5655	0.86413	0.83507	0.54313	0.34587	0.19171	0.093459	0.038767	0.039438	0.01039	0.020842	0.015526	0.023936	0.030431	8.5599
947.28	0.014117	-0.043643	-0.1694	-0.32624	-0.46525	-0.56348	-0.76215	-0.95929	-1.2283	-1.8535	-2.3077	-2.831	2.8168	-3.4017	-1.7518	-0.22628	0.50193	0.87155	0.85025	0.56702	0.37492	0.21603	0.11338	0.065477	0.035685	0.0191	0.026321	0.027371	0.026387	0.034371	8.8894
945.57	0.0083924	-0.068995	-0.18267	-0.32364	-0.45358	-0.57925	-0.76429	-0.98046	-1.2727	-1.8824	-2.3298	-2.9369	2.8057	-3.7116	-2.034	-0.52207	0.42424	0.86704	0.84403	0.59758	0.39889	0.24067	0.13826	0.0818	0.054658	0.031816	0.034192	0.041499	0.024806	0.04229	9.2263
943.87	0.017458	-0.051472	-0.18462	-0.35453	-0.48215	-0.58986	-0.79088	-1.0188	-1.268	-1.8943	-2.325	-3.1021	2.6815	-3.8946	-2.396	-0.5991	0.33816	0.85817	0.87119	0.61641	0.42535	0.26456	0.15207	0.09899	0.058548	0.035842	0.035821	0.024499	0.031373	0.031346	9.5646
942.7	0.0026524	-0.055378	-0.1946	-0.32862	-0.50695	-0.59321	-0.82323	-1.0403	-1.3307	-1.8882	-2.5891	-3.2913	2.8305	-4.124	-2.3727	-0.89615	0.26706	0.84878	0.86761	0.66035	0.44924	0.2825	0.16902	0.10074	0.08214	0.047812	0.035865	0.035678	0.027331	0.043209	9.8531
942.81	0.012537	-0.058445	-0.17102	-0.34535	-0.48449	-0.58966	-0.79713	-1.0662	-1.3706	-2.1272	-2.6248	-3.2657	2.8301	-4.2438	-2.7398	-0.89605	0.18659	0.8452	0.86206	0.65435	0.45885	0.29169	0.18737	0.1121	0.082889	0.058141	0.047631	0.037904	0.033857	0.026653	10.211
942.6	0.011715	-0.04232	-0.18568	-0.32626	-0.46667	-0.62462	-0.81644	-1.0648	-1.3874	-2.0849	-2.7425	-3.2243	2.7337	-4.6057	-2.828	-0.96397	0.11592	0.83494	0.88249	0.6926	0.48876	0.32363	0.20578	0.13001	0.098085	0.065311	0.056276	0.052036	0.043661	0.029024	10.538
942.7	0.010066	-0.039243	-0.17347	-0.34859	-0.49709	-0.61585	-0.83777	-1.1037	-1.4116	-2.1445	-2.7603	-3.3925	2.8466	-4.7495	-3.0376	-1.1247	0.039513	0.82614	0.88939	0.72045	0.51448	0.34625	0.22172	0.14462	0.10869	0.075638	0.075103	0.057235	0.033861	0.039267	10.864
942.06	-0.0047644	-0.042344	-0.17928	-0.34882	-0.49025	-0.60581	-0.84446	-1.1248	-1.4518	-2.2315	-2.7982	-3.5718	2.719	-5.1139	-3.3023	-1.2525	-0.045035	0.80841	0.88143	0.72772	0.53982	0.36578	0.23146	0.16099	0.11484	0.088418	0.069659	0.046117	0.030618	0.024309	11.178
941.53	-0.011364	-0.060832	-0.17369	-0.35461	-0.50668	-0.62359	-0.85336	-1.1368	-1.4785	-2.0958	-3.0523	-3.5317	2.7773	-5.4219	-3.4443	-1.516	-0.1606	0.77922	0.86946	0.75526	0.54658	0.37271	0.23719	0.16026	0.12402	0.085284	0.084626	0.045398	0.028998	0.041683	11.502
940.36	-0.013029	-0.047812	-0.18205	-0.35826	-0.53876	-0.6392	-0.90045	-1.1562	-1.4914	-2.2954	-3.038	-3.6966	2.7564	-5.8387	-3.8696	-1.764	-0.2659	0.7575	0.87445	0.76044	0.57391	0.38831	0.2687	0.18002	0.12418	0.1085	0.082371	0.067065	0.029035	0.035415	11.831
938.55	-0.0080912	-0.057937	-0.1922	-0.3397	-0.50469	-0.63693	-0.88988	-1.187	-1.5329	-2.3514	-3.1434	-3.8391	2.7536	-5.9546	-4.1934	-1.9119	-0.38069	0.73272	0.88082	0.77551	0.59038	0.39748	0.27965	0.19587	0.13813	0.1127	0.08726	0.0657	0.03647	0.026774	12.129
935.57	-0.024714	-0.07128	-0.19199	-0.35768	-0.51172	-0.66792	-0.90197	-1.194	-1.5797	-2.2555	-3.1988	-3.9108	2.7297	-6.3211	-4.4184	-2.1825	-0.49736	0.70259	0.87344	0.78992	0.62392	0.43002	0.291	0.21697	0.15845	0.11306	0.098607	0.071154	0.044812	0.0213	12.419
934.93	-0.012274	-0.05971	-0.19704	-0.37644	-0.51568	-0.66135	-0.90567	-1.2243	-1.6124	-2.4552	-3.2464	-3.9899	2.8213	-6.5033	-4.5625	-2.2693	-0.62308	0.66444	0.85128	0.78534	0.61947	0.44046	0.30327	0.22777	0.16009	0.12757	0.091554	0.054713	0.036612	0.024495	12.715
934.08	-0.019766	-0.066743	-0.18328	-0.36308	-0.51796	-0.67513	-0.94202	-1.2394	-1.6733	-2.4144	-3.4221	-4.0701	2.8076	-6.9868	-4.8316	-2.6302	-0.73437	0.62375	0.82693	0.82108	0.64849	0.46965	0.31886	0.23044	0.17096	0.12608	0.10748	0.053262	0.034997	0.021334	13.023
933.23	-0.013128	-0.068357	-0.17606	-0.35374	-0.51209	-0.64233	-0.94519	-1.2389	-1.6907	-2.5806	-3.5799	-4.1163	2.8428	-7.1714	-5.1541	-2.8207	-0.86885	0.60584	0.81903	0.81927	0.65152	0.47346	0.33448	0.22983	0.17801	0.13744	0.11392	0.072832	0.02431	0.026926	13.31
932.59	-0.023129	-0.066073	-0.17125	-0.35882	-0.50248	-0.67445	-0.95899	-1.2833	-1.714	-2.6082	-3.6916	-4.4428	2.6321	-7.5411	-5.3965	-3.0623	-0.98363	0.56225	0.80859	0.83523	0.66907	0.49753	0.34116	0.23902	0.18657	0.14477	0.11796	0.087158	0.020202	0.014197	13.557
933.87	-0.026423	-0.083046	-0.18004	-0.34624	-0.52712	-0.65947	-0.95381	-1.275	-1.7244	-2.6478	-3.5138	-4.4453	2.7674	-7.5874	-5.7247	-3.229	-1.1382	0.50962	0.79177	0.83238	0.69255	0.50193	0.36085	0.27069	0.18172	0.15099	0.1075	0.06603	0.027589	0.0054261	13.82
934.72	-0.041351	-0.082195	-0.17004	-0.35317	-0.51128	-0.69487	-0.98227	-1.3074	-1.756	-2.654	-3.8194	-4.4497	2.6914	-7.8879	-5.8253	-3.4736	-1.2363	0.48633	0.78163	0.85638	0.6911	0.51162	0.37421	0.27454	0.19992	0.14925	0.12719	0.077214	0.025917	0.0038323	14.044
935.78	-0.039644	-0.079779	-0.19113	-0.31979	-0.49715	-0.66864	-0.96265	-1.3067	-1.7817	-2.5649	-3.8695	-4.6399	2.7128	-8.2344	-6.0126	-3.6573	-1.3552	0.42876	0.76585	0.87076	0.71385	0.53216	0.37217	0.2775	0.20428	0.13706	0.13179	0.071884	0.043158	0.0205	14.317
936.74	-0.023027	-0.082017	-0.17867	-0.34598	-0.51378	-0.65569	-0.94165	-1.3201	-1.7894	-2.7343	-3.8384	-4.8387	2.7263	-8.4923	-6.4291	-3.8836	-1.5117	0.39853	0.73844	0.85623	0.72447	0.53415	0.38867	0.29112	0.19872	0.16253	0.12692	0.075552	0.029969	0.0077907	14.511
937.59	-0.060272	-0.089668	-0.18831	-0.35209	-0.49078	-0.68661	-0.9731	-1.3516	-1.8083	-2.6459	-3.9889	-4.7411	2.732	-8.6297	-6.5728	-3.9822	-1.5888	0.35527	0.71978	0.86397	0.72543	0.54547	0.39795	0.29086	0.2077	0.15039	0.12917	0.073241	0.026659	0.010952	14.715
937.49	-0.062764	-0.088134	-0.18424	-0.33928	-0.52329	-0.68319	-0.98168	-1.3763	-1.8479	-2.7579	-4.1523	-5.0721	2.594	-9.0178	-6.7847	-4.2465	-1.6984	0.31065	0.69639	0.85981	0.73118	0.54638	0.38916	0.28926	0.21306	0.1536	0.12839	0.073998	0.012708	0.0061988	14.908
936.64	-0.057847	-0.092852	-0.18359	-0.34039	-0.52467	-0.68644	-0.96178	-1.3726	-1.8346	-2.8722	-4.0473	-5.0258	2.6615	-9.0099	-6.9582	-4.4549	-1.7932	0.27851	0.69232	0.88786	0.7432	0.56123	0.3863	0.29606	0.20485	0.15614	0.11824	0.065087	0.027508	0.0030301	15.066
935.25	-0.094461	-0.10228	-0.18468	-0.33687	-0.52092	-0.69974	-0.98248	-1.3665	-1.8761	-2.8592	-4.1078	-5.2031	2.6491	-9.2738	-7.136	-4.5638	-1.8549	0.26312	0.68315	0.86699	0.73943	0.55698	0.39895	0.29814	0.21663	0.16759	0.13107	0.062185	0.01932	-0.00014138	15.217
935.15	-0.087	-0.11236	-0.19044	-0.36348	-0.50291	-0.65593	-0.94094	-1.3609	-1.8882	-2.9026	-4.19	-5.1272	2.7718	-9.4608	-7.2426	-4.6412	-1.905	0.2377	0.66832	0.8705	0.74844	0.55705	0.40865	0.29654	0.22277	0.1628	0.12001	0.069685	0.0012192	-0.010471	15.332
934.19	-0.090413	-0.10783	-0.20212	-0.33967	-0.52152	-0.67242	-0.98205	-1.4	-1.8901	-2.7245	-4.1488	-5.141	2.644	-9.5838	-7.4796	-4.8851	-2.0021	0.19577	0.64074	0.87053	0.75815	0.57878	0.41229	0.31078	0.21534	0.17019	0.1336	0.064508	0.011929	-0.0088915	15.467
933.23	-0.093003	-0.12811	-0.1777	-0.33357	-0.49489	-0.65816	-0.99543	-1.3776	-1.8841	-2.7532	-4.2714	-5.1633	2.7121	-9.6179	-7.4519	-4.8217	-2.051	0.19597	0.6414	0.88426	0.75323	0.57344	0.4232	0.30371	0.22706	0.16715	0.13532	0.074335	0.0020442	-0.0041233	15.555
933.12	-0.11298	-0.1553	-0.20153	-0.32312	-0.51396	-0.6767	-0.9739	-1.4024	-1.87	-2.9607	-4.2992	-5.3256	2.647	-9.7568	-7.6031	-5.0275	-2.1366	0.15992	0.61475	0.87238	0.76146	0.58537	0.42244	0.32016	0.22172	0.15994	0.12186	0.054819	-0.0037283	-0.020845	15.647
931.85	-0.096473	-0.11587	-0.2166	-0.33407	-0.48474	-0.64945	-0.96904	-1.355	-1.9163	-2.9215	-4.2777	-5.3756	2.6261	-9.835	-7.7905	-5.0687	-2.2004	0.13283	0.61559	0.88043	0.77473	0.58193	0.42787	0.31649	0.21742	0.16419	0.11885	0.080461	0.00039655	-0.024861	15.695
930.99	-0.095728	-0.13854	-0.19376	-0.35054	-0.49608	-0.65621	-0.96683	-1.3818	-1.9593	-2.829	-4.2725	-5.3463	2.7022	-9.9821	-7.7002	-5.0819	-2.2147	0.11797	0.613	0.87695	0.7632	0.57991	0.42179	0.31514	0.23068	0.1748	0.1285	0.06774	0.013623	-0.018498	15.743
930.25	-0.12001	-0.1293	-0.23015	-0.31927	-0.50465	-0.66644	-0.94512	-1.3886	-1.9029	-3.0044	-4.2577	-5.4189	2.647	-9.9657	-7.7861	-5.1031	-2.2231	0.12424	0.61586	0.88194	0.77606	0.59908	0.42294	0.32362	0.21087	0.17333	0.12224	0.066287	-0.0012563	-0.016916	15.802
929.5	-0.13681	-0.14889	-0.19902	-0.34544	-0.48869	-0.67757	-0.98235	-1.3889	-1.9338	-3.0155	-4.3525	-5.4233	2.7065	-10.055	-7.8811	-5.0643	-2.2306	0.13935	0.61083	0.88694	0.76361	0.60637	0.42652	0.32306	0.23105	0.1646	0.12631	0.048247	-0.015332	-0.04011	15.838
928.01	-0.13954	-0.13898	-0.20759	-0.33463	-0.51315	-0.68132	-0.94584	-1.3903	-1.9696	-3.0204	-4.5242	-5.4149	2.5712	-10.063	-7.9382	-5.1584	-2.2417	0.12808	0.61102	0.88321	0.76974	0.59797	0.43856	0.31698	0.21986	0.14871	0.12014	0.05361	-0.0054064	-0.03297	15.859
926.95	-0.12211	-0.18133	-0.24667	-0.33989	-0.49916	-0.66439	-0.9835	-1.3589	-1.9248	-2.9456	-4.3187	-5.5154	2.7798	-10.238	-7.885	-5.2074	-2.2897	0.11583	0.59036	0.87389	0.75342	0.57477	0.43013	0.29254	0.2178	0.16828	0.1115	0.06728	-0.0353	-0.032205	15.878
925.78	-0.15749	-0.15887	-0.21968	-0.33219	-0.48792	-0.6475	-0.97773	-1.3631	-1.8937	-2.8188	-4.3792	-5.4709	2.6598	-10.202	-7.9039	-5.3605	-2.3033	0.096467	0.59823	0.8862	0.76094	0.59002	0.41685	0.30781	0.20957	0.16283	0.12283	0.046928	-0.017887	-0.0491	15.866
923.12	-0.13524	-0.1813	-0.26015	-0.34864	-0.51313	-0.66893	-0.97118	-1.3828	-1.8839	-2.9404	-4.4378	-5.5211	2.6509	-10.092	-8.0339	-5.1944	-2.3125	0.097635	0.61426	0.87406	0.76313	0.58058	0.42294	0.31451	0.19468	0.15762	0.10875	0.04934	-0.026275	-0.070975	15.83
920.99	-0.17349	-0.1943	-0.24162	-0.35517	-0.50606	-0.65176	-0.95698	-1.3427	-1.877	-2.7723	-4.4019	-5.4907	2.7233	-10.296	-7.9988	-5.4404	-2.3295	0.092513	0.59975	0.88561	0.76984	0.59566	0.43455	0.31856	0.21377	0.14822	0.10901	0.041845	-0.037199	-0.059843	15.8
919.81	-0.16611	-0.18038	-0.24442	-0.35808	-0.492	-0.66954	-0.95271	-1.4077	-1.9228	-2.8897	-4.3429	-5.4977	2.6687	-10.21	-8.0448	-5.2825	-2.3241	0.096202	0.60291	0.88327	0.7733	0.58267	0.42528	0.30564	0.20705	0.15167	0.097081	0.047233	-0.028042	-0.065574	15.856
919.92	-0.15765	-0.17406	-0.22774	-0.34413	-0.49011	-0.62128	-0.96514	-1.3817	-1.9033	-2.9244	-4.444	-5.3934	2.6684	-10.143	-7.9722	-5.1257	-2.3047	0.106	0.61081	0.88404	0.77899	0.5869	0.42114	0.30727	0.21402	0.15735	0.11235	0.04875	-0.026367	-0.062336	15.839
920.99	-0.15831	-0.19273	-0.26407	-0.36579	-0.49046	-0.63571	-0.93427	-1.3718	-1.9108	-2.921	-4.3097	-5.4907	2.6984	-10.164	-7.954	-5.1718	-2.2554	0.11747	0.61648	0.87608	0.77727	0.59652	0.42392	0.29777	0.20367	0.1531	0.10419	0.047933	-0.046388	-0.065491	15.851
922.8	-0.17567	-0.19314	-0.25941	-0.33979	-0.48126	-0.63269	-0.90821	-1.365	-1.8878	-2.8629	-4.0897	-5.3422	2.594	-10.128	-7.8758	-5.1703	-2.2427	0.12524	0.61289	0.87609	0.77739	0.59706	0.43125	0.29469	0.2056	0.15605	0.087947	0.022021	-0.054636	-0.073414	15.82
925.46	-0.18691	-0.22075	-0.24873	-0.35183	-0.44061	-0.6016	-0.90715	-1.3263	-1.8919	-2.7676	-4.3073	-5.1981	2.7348	-9.8621	-7.7997	-5.1382	-2.2106	0.14439	0.62222	0.88996	0.77187	0.57228	0.41455	0.28142	0.18878	0.13535	0.098087	0.028016	-0.044502	-0.075611	15.832
928.44	-0.14366	-0.19196	-0.2471	-0.32475	-0.45103	-0.55635	-0.84831	-1.3072	-1.799	-2.9062	-4.1745	-5.3183	2.9068	-9.8223	-7.7391	-4.9498	-2.1598	0.16869	0.63681	0.87936	0.75712	0.55937	0.39944	0.28135	0.1797	0.13411	0.076257	0.033209	-0.055134	-0.069767	15.76
930.04	-0.16679	-0.20409	-0.24997	-0.32743	-0.45207	-0.57834	-0.92052	-1.2333	-1.78	-2.8232	-4.0943	-5.1725	2.6394	-9.6672	-7.6903	-4.8726	-2.1	0.17987	0.6302	0.86756	0.76317	0.55756	0.39471	0.2751	0.17324	0.13549	0.088855	0.012809	-0.056693	-0.080033	15.6
931.21	-0.18743	-0.22095	-0.22662	-0.35854	-0.45241	-0.56703	-0.87057	-1.2802	-1.7643	-2.7937	-4.0345	-5.2257	2.6606	-9.5414	-7.4593	-4.6179	-2.0135	0.21226	0.65382	0.87247	0.75161	0.55261	0.39098	0.26323	0.15996	0.10876	0.055374	0.011289	-0.065714	-0.079932	15.45
930.46	-0.16588	-0.20789	-0.2515	-0.35317	-0.45913	-0.60807	-0.87979	-1.2047	-1.7633	-2.6402	-4.1472	-5.0762	2.7611	-9.4353	-7.1284	-4.7246	-1.9171	0.23889	0.65513	0.8663	0.7163	0.53606	0.37754	0.24698	0.16701	0.098381	0.063369	0.007532	-0.07569	-0.0776	15.259
928.76	-0.18123	-0.20281	-0.28661	-0.35301	-0.44541	-0.58532	-0.80142	-1.183	-1.7004	-2.7404	-4.0908	-4.9829	2.643	-9.1921	-6.9905	-4.5356	-1.787	0.28087	0.68398	0.87047	0.71271	0.53534	0.3685	0.24413	0.15422	0.089685	0.056317	-0.0015085	-0.062571	-0.090542	15.053
927.48	-0.16306	-0.22808	-0.26636	-0.35755	-0.477	-0.53391	-0.82663	-1.1937	-1.757	-2.5879	-3.9225	-4.9212	2.6713	-8.8217	-6.8668	-4.1891	-1.6969	0.31754	0.7126	0.85618	0.7317	0.50794	0.36658	0.23125	0.15212	0.088192	0.031667	-0.006799	-0.072616	-0.076247	14.839
925.88	-0.20779	-0.24177	-0.26682	-0.3354	-0.4687	-0.54636	-0.79846	-1.1999	-1.6697	-2.5401	-3.81	-4.7581	2.7418	-8.8042	-6.5579	-4.1446	-1.5981	0.3438	0.717	0.85507	0.7059	0.51992	0.35014	0.22503	0.15007	0.098058	0.040511	-0.0090813	-0.085206	-0.089219	14.616
924.82	-0.182	-0.20916	-0.27044	-0.34068	-0.44549	-0.52746	-0.77286	-1.188	-1.6597	-2.5953	-3.8603	-4.7293	2.646	-8.5037	-6.4495	-3.7783	-1.4964	0.38325	0.74082	0.85951	0.70589	0.49487	0.33996	0.22281	0.12549	0.091687	0.031759	-0.013638	-0.076152	-0.089321	14.431
923.75	-0.18474	-0.2243	-0.26245	-0.33618	-0.42679	-0.53518	-0.78234	-1.1736	-1.6319	-2.5198	-3.874	-4.6315	2.6821	-8.3171	-6.1713	-3.8345	-1.3911	0.43434	0.75835	0.85963	0.69931	0.50999	0.33302	0.21974	0.13338	0.050416	0.034198	-0.027306	-0.090402	-0.082185	14.169
924.07	-0.19224	-0.20933	-0.2491	-0.33851	-0.42847	-0.50035	-0.75241	-1.1276	-1.6146	-2.641	-3.7532	-4.6299	2.7224	-8.126	-6.1424	-3.6864	-1.3351	0.4564	0.77794	0.84466	0.68838	0.48329	0.32476	0.19811	0.11166	0.063375	0.02618	-0.0075834	-0.072884	-0.086178	13.912
924.07	-0.17711	-0.21011	-0.26568	-0.33036	-0.40652	-0.4888	-0.79846	-1.1044	-1.5993	-2.4928	-3.4867	-4.544	2.7802	-7.9706	-5.7943	-3.4187	-1.2223	0.48127	0.78349	0.84206	0.67359	0.47045	0.32313	0.19231	0.11476	0.052022	0.0013631	-0.03033	-0.085373	-0.099041	13.665
924.82	-0.19376	-0.21464	-0.24558	-0.30568	-0.3998	-0.49196	-0.73699	-1.1267	-1.5653	-2.4037	-3.4472	-4.2654	2.5965	-7.4818	-5.6558	-3.1225	-1.1153	0.52171	0.80348	0.82931	0.67469	0.44699	0.31391	0.1905	0.092237	0.063324	0.014958	-0.037882	-0.088634	-0.1086	13.394
926.63	-0.17662	-0.17905	-0.22443	-0.30914	-0.42182	-0.47948	-0.77524	-1.0964	-1.5694	-2.3729	-3.3305	-4.3086	2.7561	-7.4264	-5.4312	-2.9442	-0.98831	0.55258	0.79954	0.81907	0.64387	0.43502	0.28162	0.16532	0.088968	0.051068	-0.00023955	-0.033272	-0.096766	-0.10599	13.128
928.33	-0.16041	-0.18184	-0.24383	-0.32317	-0.38464	-0.4786	-0.74818	-1.0911	-1.5442	-2.49	-3.4067	-4.2065	2.6114	-7.1278	-5.1636	-2.7582	-0.86105	0.58693	0.82493	0.81327	0.62469	0.424	0.27218	0.15677	0.079559	0.04371	0.011716	-0.044533	-0.075035	-0.08018	12.869
929.93	-0.16514	-0.1901	-0.24094	-0.28619	-0.38125	-0.48307	-0.73139	-1.0357	-1.5002	-2.3645	-3.2456	-3.9686	2.7135	-6.9204	-4.8709	-2.5132	-0.75824	0.64065	0.82746	0.80158	0.61954	0.42243	0.28143	0.14579	0.066347	0.023485	0.0021482	-0.030893	-0.077389	-0.085635	12.605
931.21	-0.17825	-0.1875	-0.20276	-0.27125	-0.3771	-0.46302	-0.71954	-1.0515	-1.4902	-2.3267	-3.2411	-3.9547	2.8081	-6.6024	-4.6428	-2.4241	-0.63215	0.64594	0.82712	0.7662	0.59015	0.38279	0.24871	0.13407	0.059343	0.026672	-0.005798	-0.036118	-0.083893	-0.085517	12.337
932.91	-0.12216	-0.15223	-0.18597	-0.27478	-0.38275	-0.48241	-0.70045	-1.0644	-1.4478	-2.3138	-3.1624	-3.8793	2.8602	-6.4282	-4.3691	-2.3512	-0.54067	0.67468	0.83583	0.76908	0.56302	0.37276	0.23615	0.12233	0.0577	0.016984	-0.010544	-0.037553	-0.076316	-0.066245	12.055
933.12	-0.11631	-0.15762	-0.19085	-0.27956	-0.34463	-0.45415	-0.70647	-1.0477	-1.4459	-2.1665	-3.1071	-3.7933	2.6633	-6.127	-4.2001	-2.0513	-0.45516	0.71675	0.85293	0.76377	0.56045	0.35319	0.22239	0.11163	0.050023	0.0065384	-0.016886	-0.062326	-0.090318	-0.092507	11.751
933.76	-0.10127	-0.13192	-0.17759	-0.2431	-0.35435	-0.45472	-0.69517	-1.0249	-1.4029	-2.1736	-3.0322	-3.6801	2.8085	-5.8313	-4.0559	-2.0329	-0.36131	0.72329	0.85706	0.7453	0.53893	0.34025	0.20047	0.088577	0.020116	-0.0079145	-0.038266	-0.044274	-0.072125	-0.074142	11.403
933.98	-0.10706	-0.14895	-0.16279	-0.2382	-0.33798	-0.47219	-0.71586	-1.0394	-1.3986	-2.2249	-2.9133	-3.6283	2.7181	-5.7572	-3.8343	-1.759	-0.27182	0.74686	0.87022	0.73488	0.52417	0.3317	0.18269	0.084455	0.016282	-0.016739	-0.035089	-0.052517	-0.075405	-0.07174	11.097
934.83	-0.090352	-0.11627	-0.16674	-0.22671	-0.31959	-0.46386	-0.72215	-1.0212	-1.3594	-2.0936	-2.8108	-3.4805	2.6911	-5.3152	-3.5573	-1.5781	-0.15848	0.76286	0.87256	0.71372	0.49689	0.31871	0.16642	0.076184	0.014736	-0.016722	-0.027143	-0.060713	-0.075337	-0.073263	10.765
935.89	-0.098546	-0.13549	-0.16491	-0.22002	-0.34	-0.45193	-0.70207	-0.99716	-1.3396	-2.1515	-2.9255	-3.4002	2.4762	-5.1557	-3.4122	-1.4825	-0.073166	0.77953	0.87862	0.69756	0.49551	0.29807	0.16221	0.072004	0.0078419	-0.023111	-0.032646	-0.058399	-0.048938	-0.048569	10.498
936.64	-0.066965	-0.088214	-0.13534	-0.2319	-0.33161	-0.47523	-0.71537	-0.98737	-1.322	-1.9434	-2.7781	-3.3042	2.6941	-5.1193	-3.0573	-1.1746	0.00050726	0.81046	0.86069	0.69956	0.46431	0.27504	0.13878	0.048227	0.00019913	-0.028694	-0.036568	-0.050124	-0.056294	-0.032667	10.158
937.81	-0.047011	-0.081924	-0.13272	-0.22278	-0.36273	-0.46326	-0.68294	-0.96898	-1.2675	-1.9324	-2.666	-3.3255	2.6988	-4.7259	-3.0623	-1.0965	0.085468	0.8182	0.87761	0.6689	0.46373	0.27301	0.14262	0.051434	0.0009626	-0.027059	-0.031001	-0.055291	-0.052942	-0.045301	9.8364
939.51	-0.048579	-0.070982	-0.12024	-0.21357	-0.34228	-0.46155	-0.68171	-0.93705	-1.2754	-1.9289	-2.5437	-3.1672	2.767	-4.5242	-2.8021	-1.0181	0.14892	0.84905	0.85806	0.649	0.44268	0.24811	0.13515	0.030955	-0.011981	-0.038975	-0.049056	-0.047733	-0.065951	-0.038101	9.5208
941.21	-0.022917	-0.053925	-0.1127	-0.20518	-0.35872	-0.45723	-0.6935	-0.93698	-1.233	-1.9168	-2.3586	-3.1446	2.6648	-4.1947	-2.7094	-0.83821	0.24307	0.82135	0.8682	0.62324	0.42413	0.22834	0.11331	0.034968	-0.017279	-0.021387	-0.048967	-0.037968	-0.034762	-0.026192	9.2323
941.21	-0.018792	-0.068548	-0.09805	-0.22198	-0.33987	-0.47641	-0.68967	-0.91501	-1.2252	-1.7029	-2.4398	-2.9927	2.5999	-4.0341	-2.3326	-0.53298	0.31876	0.85274	0.8721	0.62918	0.40073	0.2233	0.10531	0.019504	-0.0058793	-0.040498	-0.037178	-0.045413	-0.026589	-0.0088252	8.9105
939.94	-0.029557	-0.048606	-0.10552	-0.23589	-0.36101	-0.47793	-0.69674	-0.92685	-1.2095	-1.7309	-2.3347	-3.0475	2.7414	-3.9511	-2.1252	-0.54219	0.35506	0.84604	0.83895	0.59947	0.37462	0.20005	0.095044	0.0032286	-0.025673	-0.05012	-0.046673	-0.055166	-0.02908	-0.01358	8.6174
939.51	-0.0080829	-0.044772	-0.12187	-0.24081	-0.37376	-0.47902	-0.68785	-0.89546	-1.1927	-1.7145	-2.2002	-2.9305	2.7264	-3.808	-2.1525	-0.4405	0.40578	0.85866	0.84245	0.57341	0.35297	0.17741	0.071853	0.005675	-0.041673	-0.045358	-0.051419	-0.046986	-0.022539	-0.0072604	8.3105
937.27	0.0043237	-0.033289	-0.091105	-0.25825	-0.37195	-0.47403	-0.66102	-0.89515	-1.1758	-1.6928	-2.2961	-2.7341	2.7655	-3.6639	-1.9289	-0.37344	0.47377	0.86859	0.84054	0.56711	0.34165	0.16096	0.068008	-0.023735	-0.044061	-0.069453	-0.061803	-0.045603	-0.021774	-0.0025194	7.9945
935.25	0.019278	-0.031811	-0.09458	-0.23466	-0.35649	-0.45926	-0.66168	-0.87169	-1.1452	-1.6793	-2.1376	-2.6296	2.6573	-3.3646	-1.7831	-0.34012	0.52476	0.86256	0.83922	0.54188	0.33021	0.15539	0.045619	-0.031978	-0.051805	-0.065597	-0.056398	-0.053943	-0.03087	0.0054181	7.6905
934.29	0.0068325	-0.01479	-0.11681	-0.26149	-0.38037	-0.46764	-0.65849	-0.88324	-1.1305	-1.7931	-2.1216	-2.6493	2.6845	-3.1658	-1.5466	-0.19526	0.56466	0.85642	0.81496	0.52621	0.30048	0.14455	0.03922	-0.029551	-0.059514	-0.07529	-0.068334	-0.068248	-0.017724	0.00622	7.4213
934.61	0.032585	-0.014785	-0.11759	-0.23562	-0.37211	-0.46924	-0.65518	-0.86655	-1.104	-1.7063	-2.021	-2.4869	2.7652	-2.9543	-1.4402	0.12928	0.62021	0.86052	0.80134	0.48078	0.29144	0.11912	0.019877	-0.041836	-0.06638	-0.06885	-0.061979	-0.029989	-0.0078385	0.010987	7.1111
935.25	0.031731	-0.023293	-0.11178	-0.24029	-0.34926	-0.47243	-0.66476	-0.83155	-1.093	-1.5931	-2.0377	-2.3663	2.6491	-2.8149	-1.3157	0.10359	0.66238	0.8573	0.79295	0.47106	0.27338	0.082687	0.0061822	-0.072936	-0.075513	-0.082425	-0.069056	-0.038958	0.00039667	0.034813	6.8372
936.64	0.025053	-0.00083444	-0.12797	-0.25601	-0.35687	-0.44544	-0.6299	-0.83359	-1.0297	-1.5994	-1.9259	-2.2525	2.7103	-2.6009	-1.1377	0.18865	0.71293	0.85077	0.7722	0.44736	0.23568	0.092693	0.0045651	-0.058106	-0.069291	-0.070302	-0.068163	-0.044138	-0.0037143	0.026828	6.5496
937.7	0.024197	-0.025549	-0.12865	-0.22522	-0.35556	-0.45456	-0.61303	-0.80487	-1.0341	-1.5289	-1.8966	-2.2076	2.6585	-2.3883	-1.1012	0.14589	0.72601	0.8428	0.75568	0.42983	0.20545	0.061389	-0.017114	-0.067842	-0.057772	-0.086206	-0.060196	-0.056044	-0.0028883	0.026006	6.2498
939.62	0.026627	-0.012393	-0.11126	-0.22235	-0.31077	-0.45101	-0.61255	-0.78285	-0.99655	-1.44	-1.8024	-2.1439	2.7829	-2.2386	-0.80053	0.2305	0.74247	0.83759	0.7354	0.40858	0.19372	0.051164	-0.030697	-0.075044	-0.082014	-0.086829	-0.078183	-0.050709	-0.01353	0.026743	5.9909
941.64	0.032342	-0.034672	-0.10614	-0.22268	-0.3451	-0.41518	-0.61353	-0.78035	-0.98655	-1.531	-1.6091	-2.1478	2.6716	-2.0812	-0.93894	0.45036	0.76772	0.82795	0.7237	0.38058	0.18766	0.03594	-0.040224	-0.081391	-0.082597	-0.092214	-0.069373	-0.045392	0.0052962	0.018008	5.7607
942.49	0.040551	-0.030799	-0.11905	-0.24404	-0.3412	-0.42612	-0.59997	-0.75607	-0.96525	-1.4356	-1.4635	-1.9688	2.7259	-1.9029	-0.68432	0.48384	0.79223	0.82546	0.70592	0.37515	0.18265	0.031713	-0.039388	-0.091073	-0.087075	-0.079407	-0.071666	-0.06245	0.0028417	0.025874	5.5137
942.6	0.037252	-0.020038	-0.13042	-0.23682	-0.35013	-0.45481	-0.59072	-0.76574	-0.9361	-1.3073	-1.5985	-1.7832	2.6042	-1.8866	-0.63172	0.3991	0.81002	0.79576	0.68717	0.34717	0.15444	0.019966	-0.060148	-0.091062	-0.10452	-0.099277	-0.073226	-0.047576	0.018354	0.029813	5.3016
943.23	0.02323	-0.029238	-0.10434	-0.24225	-0.34362	-0.42318	-0.57349	-0.7441	-0.92998	-1.3149	-1.5794	-1.942	2.7156	-1.9094	-0.56137	0.50882	0.81191	0.79174	0.66493	0.32917	0.14306	-0.010228	-0.061704	-0.093438	-0.10976	-0.09762	-0.087296	-0.044573	0.017524	0.021916	5.091
942.6	0.022424	-0.024647	-0.1296	-0.22564	-0.34654	-0.4313	-0.58613	-0.73486	-0.90706	-1.2902	-1.4453	-1.7832	2.7337	-1.6059	-0.42174	0.44144	0.82546	0.77225	0.64437	0.31331	0.11577	-0.015266	-0.078515	-0.11382	-0.11514	-0.112	-0.091279	-0.075825	-0.0028733	0.016413	4.8545
941.21	0.03153	-0.029301	-0.12003	-0.21878	-0.33718	-0.41188	-0.5594	-0.71966	-0.88167	-1.2493	-1.4204	-1.693	2.7458	-1.5199	-0.47494	0.57776	0.84051	0.75507	0.62739	0.28579	0.11271	-0.03545	-0.083428	-0.11562	-0.11303	-0.12331	-0.092984	-0.064024	-0.0086007	0.02433	4.6529
940.15	0.034871	-0.010075	-0.1169	-0.23504	-0.31689	-0.41234	-0.53242	-0.69847	-0.85198	-1.2164	-1.3497	-1.5851	2.8219	-1.5055	-0.28247	0.69723	0.84473	0.74894	0.60703	0.26998	0.090222	-0.029606	-0.095533	-0.11738	-0.11848	-0.1083	-0.097025	-0.0477	0.0053046	0.038582	4.471
940.04	0.040657	-0.018553	-0.12262	-0.22866	-0.3313	-0.40977	-0.55549	-0.71077	-0.8324	-1.0795	-1.3679	-1.4078	2.7087	-1.3127	-0.31759	0.65489	0.8603	0.7333	0.57823	0.25218	0.076499	-0.041384	-0.093942	-0.12309	-0.11621	-0.10911	-0.08287	-0.057396	0.0093991	0.02357	4.333
940.36	0.020826	-0.028558	-0.13561	-0.21978	-0.3285	-0.41312	-0.54764	-0.68853	-0.83763	-1.0449	-1.4668	-1.5425	2.7239	-1.264	-0.071924	0.5613	0.85513	0.71123	0.56087	0.22664	0.049826	-0.074163	-0.11792	-0.13609	-0.11846	-0.11386	-0.085989	-0.058866	0.0036676	0.035415	4.1859
940.47	0.017521	-0.028556	-0.12094	-0.23496	-0.32576	-0.39824	-0.533	-0.68031	-0.81393	-1.1989	-1.3493	-1.5254	2.7399	-1.0468	-0.11576	0.68003	0.86154	0.70242	0.55769	0.2054	0.040937	-0.077517	-0.12351	-0.13363	-0.12757	-0.10986	-0.089127	-0.053644	0.019213	0.04252	4.0919
941.96	0.05129	-0.010826	-0.11017	-0.23219	-0.31448	-0.40806	-0.53905	-0.67029	-0.80715	-1.12	-1.0857	-1.4387	2.7517	-1.0612	-0.15935	0.7891	0.85449	0.69608	0.53423	0.19745	0.027168	-0.079074	-0.11932	-0.13667	-0.11977	-0.11446	-0.091341	-0.068437	-0.0012407	0.036931	3.9584
942.38	0.052089	0.0007069	-0.13207	-0.21132	-0.3269	-0.38436	-0.52733	-0.66755	-0.77303	-1.0512	-1.2024	-1.2357	2.6129	-1.0447	-0.089264	0.68713	0.86386	0.647	0.50363	0.16772	0.01668	-0.09498	-0.13844	-0.16425	-0.14097	-0.12554	-0.10936	-0.063945	0.0028421	0.035339	3.8295
943.45	0.030631	-0.020787	-0.11325	-0.21826	-0.30503	-0.39002	-0.51527	-0.65867	-0.79803	-1.1183	-1.309	-1.428	2.6584	-1.0355	0.059452	0.83014	0.86695	0.66019	0.49218	0.17176	0.0053942	-0.10325	-0.1319	-0.15838	-0.1302	-0.12302	-0.096685	-0.054217	0.0044693	0.036084	3.7567
944.72	0.034702	-0.023827	-0.12039	-0.2331	-0.32609	-0.38949	-0.50846	-0.64562	-0.75623	-1.0912	-1.1455	-1.3588	2.7356	-0.95407	0.0069864	0.7192	0.85442	0.65929	0.48841	0.17153	0.0045821	-0.098092	-0.12694	-0.14519	-0.14138	-0.12364	-0.10204	-0.057853	0.0093526	0.035251	3.6702
945.68	0.036308	-0.041417	-0.13647	-0.23446	-0.32486	-0.39517	-0.51786	-0.63281	-0.77268	-1.0475	-1.2251	-1.3994	2.6844	-0.72926	0.085478	0.81131	0.85274	0.62477	0.46774	0.14351	-0.0066642	-0.11053	-0.14114	-0.1572	-0.13594	-0.11876	-0.10741	-0.054089	0.019922	0.046213	3.6429
946.53	0.033814	-0.019189	-0.1234	-0.23345	-0.31118	-0.39569	-0.51206	-0.63386	-0.72431	-1.0976	-1.0446	-1.2387	2.7223	-0.87237	0.085401	0.74312	0.85198	0.6138	0.45338	0.13748	-0.014679	-0.11211	-0.1593	-0.15543	-0.15245	-0.12578	-0.09168	-0.078469	0.0060814	0.034398	3.5974
947.7	0.03623	-0.027573	-0.11597	-0.22919	-0.31525	-0.38567	-0.51523	-0.63227	-0.77103	-0.85827	-1.1329	-1.145	2.7189	-0.78355	0.1201	0.80115	0.8388	0.60092	0.43269	0.12047	-0.027484	-0.13032	-0.16387	-0.16333	-0.15075	-0.13275	-0.091567	-0.064326	0.0020146	0.03122	3.5276
948.02	0.037857	-0.029091	-0.11027	-0.23626	-0.31871	-0.39507	-0.51126	-0.61913	-0.7536	-0.89197	-1.1325	-1.2954	2.7502	-0.82316	0.076572	0.76722	0.85549	0.60592	0.42326	0.12295	-0.043493	-0.14279	-0.15746	-0.17216	-0.13862	-0.13823	-0.09778	-0.053217	-0.0036697	0.041396	3.4957
948.77	0.033734	-0.0084577	-0.14895	-0.24401	-0.31134	-0.37918	-0.50478	-0.62591	-0.75145	-0.93371	-1.1048	-1.2441	2.7239	-0.7986	0.22428	0.66568	0.84351	0.59246	0.40901	0.11865	-0.032254	-0.12684	-0.15814	-0.16395	-0.1551	-0.14445	-0.11486	-0.058345	0.0076899	0.029619	3.4866
948.55	0.025556	-0.018386	-0.11667	-0.23772	-0.31408	-0.38359	-0.50717	-0.61717	-0.71808	-0.92543	-1.105	-1.2193	2.7326	-0.65533	0.20695	0.87617	0.85662	0.59865	0.42689	0.11195	-0.033863	-0.13854	-0.15024	-0.16803	-0.13478	-0.11682	-0.11176	-0.063529	0.0028236	0.020224	3.5185
949.3	0.03617	-0.026762	-0.14967	-0.22881	-0.31383	-0.40145	-0.49614	-0.60619	-0.7448	-0.89925	-1.0415	-1.1932	2.6421	-0.79815	0.16334	0.77459	0.84546	0.57657	0.42192	0.10681	-0.033035	-0.12344	-0.16281	-0.16547	-0.14522	-0.12936	-0.099207	-0.064954	0.0052535	0.029603	3.5549
950.04	0.032872	-0.030554	-0.13262	-0.21833	-0.3296	-0.37608	-0.49195	-0.61459	-0.77848	-0.81375	-1.0139	-1.184	2.6159	-0.68611	0.1719	0.74877	0.84399	0.58735	0.41001	0.10925	-0.042602	-0.11918	-0.15475	-0.15486	-0.14285	-0.13005	-0.0929	-0.046465	-0.0004206	0.034271	3.5337
951.42	0.031192	-0.019852	-0.12921	-0.22197	-0.30958	-0.37122	-0.50261	-0.60725	-0.76102	-0.88877	-1.0571	-1.1488	2.6682	-0.70896	0.13696	0.6722	0.83874	0.59081	0.41095	0.10322	-0.04653	-0.12649	-0.16402	-0.16027	-0.14339	-0.13616	-0.094319	-0.067019	0.0092867	0.039689	3.5139
952.81	0.036851	-0.0023397	-0.11615	-0.21691	-0.31711	-0.36379	-0.49733	-0.6128	-0.70711	-1.0397	-1.1001	-1.3056	2.6083	-0.69207	0.058868	0.88061	0.83833	0.58133	0.42113	0.10056	-0.026538	-0.13709	-0.16536	-0.16245	-0.16045	-0.13833	-0.10971	-0.063982	0.027848	0.045868	3.5231
953.76	0.040884	-0.029676	-0.13612	-0.21353	-0.32565	-0.39355	-0.50894	-0.60657	-0.7351	-0.97105	-0.95653	-1.1877	2.7336	-0.62003	0.16257	0.82954	0.83909	0.58333	0.41379	0.10548	-0.03766	-0.13696	-0.16599	-0.16309	-0.14004	-0.12326	-0.097967	-0.058039	0.004424	0.026347	3.5231
954.3	0.018894	-0.037249	-0.13042	-0.22524	-0.32282	-0.38559	-0.49429	-0.61666	-0.72074	-0.9283	-0.92042	-1.0871	2.6522	-0.64346	0.2057	0.9127	0.84424	0.58645	0.41049	0.095385	-0.036047	-0.13688	-0.15801	-0.15337	-0.14071	-0.10905	-0.094035	-0.064614	0.011678	0.034898	3.5534
954.4	0.036789	-0.038003	-0.14405	-0.24336	-0.33429	-0.38812	-0.50482	-0.61338	-0.73229	-1.021	-0.9381	-1.2701	2.6359	-0.70674	0.17112	0.9126	0.83933	0.59154	0.42581	0.10123	-0.036041	-0.12444	-0.15641	-0.16298	-0.12945	-0.10983	-0.079298	-0.033771	0.014096	0.039564	3.5579
953.13	0.022177	-0.044133	-0.14425	-0.25158	-0.30991	-0.40328	-0.52138	-0.62385	-0.81244	-0.95479	-1.0819	-1.3051	2.6474	-0.91393	0.11077	0.77985	0.82679	0.58889	0.42484	0.13402	-0.025732	-0.10552	-0.15109	-0.15677	-0.13038	-0.11469	-0.088719	-0.060284	0.010884	0.038057	3.5898
951.53	0.035269	-0.037357	-0.13644	-0.25121	-0.33796	-0.41086	-0.52453	-0.61846	-0.77337	-1.1088	-1.0569	-1.2489	2.7401	-0.73273	0.07629	0.76439	0.82818	0.59764	0.42787	0.11663	-0.025775	-0.11567	-0.14106	-0.14254	-0.12834	-0.11331	-0.08809	-0.041975	0.014138	0.020164	3.7552
950.15	0.028782	-0.031312	-0.15034	-0.24841	-0.35713	-0.42614	-0.53972	-0.65403	-0.76905	-0.90691	-1.2819	-1.234	2.6798	-0.83723	0.16321	0.71509	0.85761	0.62529	0.45088	0.13696	-0.025014	-0.10336	-0.13731	-0.14517	-0.10444	-0.10559	-0.06408	-0.036872	0.0036298	0.049907	3.8583
950.25	0.023059	-0.027499	-0.13985	-0.22937	-0.35175	-0.42437	-0.55104	-0.65315	-0.74015	-1.0424	-1.1477	-1.3676	2.6715	-0.80531	0.14582	0.71501	0.84622	0.65114	0.47167	0.17389	0.0021579	-0.10002	-0.12779	-0.13064	-0.1112	-0.11346	-0.079644	-0.042767	0.015776	0.054593	4.0646
949.83	0.050047	-0.031323	-0.14313	-0.24453	-0.35636	-0.43061	-0.55053	-0.67441	-0.82071	-1.0429	-1.2376	-1.3431	2.6727	-1.0047	0.13719	0.82456	0.83854	0.66785	0.48964	0.18825	0.01735	-0.081748	-0.10328	-0.13473	-0.099957	-0.09773	-0.069553	-0.046475	0.008491	0.02098	4.2056
949.4	0.0099949	-0.04507	-0.1432	-0.25812	-0.36453	-0.42043	-0.55002	-0.67875	-0.80627	-1.1537	-1.3545	-1.4106	2.69	-1.0051	-0.097286	0.71565	0.84859	0.69235	0.5339	0.19422	0.036552	-0.075121	-0.1065	-0.11865	-0.11432	-0.094617	-0.077377	-0.033213	0.025516	0.027251	4.4119
950.15	0.026331	-0.042747	-0.15276	-0.24762	-0.36424	-0.42528	-0.55945	-0.70079	-0.81888	-1.1697	-1.1836	-1.3845	2.7842	-1.068	-0.079859	0.6983	0.84551	0.6944	0.53039	0.20751	0.051707	-0.059251	-0.086605	-0.10405	-0.091644	-0.078767	-0.06953	-0.024335	0.014159	0.037393	4.6256
951.43	0.024665	-0.013	-0.15578	-0.25361	-0.36731	-0.44714	-0.55946	-0.72401	-0.84655	-1.092	-1.3962	-1.4745	2.548	-1.2573	-0.10576	0.78964	0.86129	0.70555	0.56129	0.24246	0.067602	-0.036734	-0.081742	-0.093438	-0.078739	-0.0826	-0.04922	-0.044188	0.024654	0.063117	4.853
951.32	0.021402	-0.041172	-0.15418	-0.28371	-0.37179	-0.47049	-0.58985	-0.72973	-0.87075	-1.109	-1.325	-1.4746	2.6525	-1.2971	-0.2965	0.58002	0.83239	0.72806	0.58834	0.26429	0.093153	-0.037567	-0.077003	-0.1015	-0.077996	-0.073155	-0.065557	-0.028725	0.016569	0.024853	5.097
951.64	0.023842	-0.040397	-0.15172	-0.267	-0.37166	-0.45653	-0.60102	-0.72787	-0.88756	-1.1764	-1.3959	-1.6244	2.7879	-1.2093	-0.27908	0.67205	0.83936	0.73299	0.60356	0.2793	0.11547	-0.0084732	-0.062741	-0.082147	-0.062187	-0.058955	-0.046099	-0.033869	-0.0068885	0.024063	5.3395
951.74	0.030364	-0.027456	-0.14848	-0.27567	-0.40181	-0.46252	-0.60474	-0.76562	-0.90223	-1.2693	-1.253	-1.6659	2.7715	-1.5031	-0.49567	0.56298	0.84007	0.76827	0.61736	0.30275	0.12343	0.002327	-0.049287	-0.076503	-0.06744	-0.055799	-0.046093	-0.022087	0.023028	0.044359	5.6122
952.28	0.024643	-0.047976	-0.15564	-0.26762	-0.38472	-0.49157	-0.62334	-0.77726	-0.92814	-1.3194	-1.5109	-1.7234	2.6819	-1.5499	-0.41745	0.5459	0.82673	0.78595	0.66555	0.33107	0.14888	0.01478	-0.028709	-0.066807	-0.053883	-0.051045	-0.028977	-0.019867	0.03029	0.043552	5.8894
