13491	5	3	91	25.8	747	1	16	8	1.747	128	4096	10	0	0	0	0	223.61	914.63	1.4006e+006	0.11455	0.076033	39.701	0	0	1	0	0	0	11	0	0
902.27	0.023494	0.007755	-0.15433	-0.30718	-0.44171	-0.57942	-0.81825	-1.1029	-1.4337	-1.9744	-2.7484	-3.3897	-4.5141	-5.4676	-3.6553	-1.484	-0.26381	0.76955	0.86584	0.76178	0.60622	0.4172	0.29151	0.21878	0.16092	0.13239	0.10984	0.095727	0.072121	0.06639	11.719
906.1	0.032822	-0.0010685	-0.15368	-0.27431	-0.45383	-0.59599	-0.82434	-1.1397	-1.4554	-2.2149	-2.9055	-3.5507	-4.7728	-5.6697	-3.8674	-1.8564	-0.38191	0.71013	0.85812	0.77177	0.60449	0.43987	0.28944	0.22969	0.18235	0.14754	0.11836	0.098413	0.081157	0.068569	12.089
901.73	0.016619	-0.001878	-0.14508	-0.31821	-0.45509	-0.60889	-0.81954	-1.1384	-1.4862	-2.2435	-3.0514	-3.5503	-5.0327	-5.9487	-4.3251	-2.122	-0.52989	0.68626	0.85415	0.80206	0.63352	0.47357	0.32841	0.25204	0.19354	0.14992	0.1378	0.10666	0.062775	0.052421	12.473
892.67	0.020267	-0.0035189	-0.13625	-0.29867	-0.47107	-0.60588	-0.86583	-1.1534	-1.532	-2.3565	-3.0824	-3.8266	-5.3573	-6.475	-4.5816	-2.3581	-0.66401	0.65369	0.84721	0.82897	0.66037	0.50406	0.34861	0.27005	0.20833	0.17831	0.14168	0.12658	0.092724	0.062942	12.908
880.61	-0.018252	-0.029065	-0.15726	-0.33866	-0.46408	-0.62722	-0.90799	-1.217	-1.6008	-2.3614	-3.2981	-3.9872	-5.7164	-6.8555	-4.9533	-2.8707	-0.84274	0.61324	0.83799	0.87023	0.68752	0.52533	0.37219	0.29637	0.22174	0.17139	0.14614	0.11002	0.078263	0.051992	13.339
865.35	-0.022163	-0.030416	-0.17154	-0.36029	-0.52012	-0.69045	-0.93901	-1.3031	-1.6957	-2.5706	-3.5624	-4.2044	-6.2139	-7.3871	-5.5935	-3.2349	-1.0488	0.55861	0.82649	0.87636	0.71808	0.55287	0.3831	0.30868	0.23309	0.18134	0.15043	0.11277	0.085869	0.042607	13.762
849.64	-0.020744	-0.025861	-0.1684	-0.35632	-0.47504	-0.66747	-0.96825	-1.3281	-1.768	-2.5138	-3.7382	-4.413	-6.5442	-7.9685	-5.9299	-3.5201	-1.2603	0.49744	0.79774	0.89443	0.73224	0.57612	0.40524	0.31348	0.24665	0.1794	0.1567	0.10495	0.072966	0.042518	14.204
836.17	-0.040579	-0.053129	-0.17386	-0.38097	-0.52311	-0.72731	-1.0322	-1.4081	-1.8257	-2.747	-3.8187	-4.8831	-7.206	-8.6936	-6.5087	-3.9491	-1.5234	0.41809	0.78077	0.91171	0.7731	0.60999	0.43608	0.33594	0.24806	0.20559	0.15922	0.12843	0.062177	0.042314	14.661
827.29	-0.073863	-0.064206	-0.19332	-0.36959	-0.53689	-0.74404	-1.031	-1.4149	-1.8623	-2.718	-4.0034	-5.022	-7.7444	-9.1434	-7.2166	-4.4641	-1.799	0.33625	0.74038	0.91088	0.79057	0.61749	0.45805	0.3488	0.26456	0.19965	0.15378	0.10694	0.041449	0.01852	15.059
824.19	-0.075083	-0.071479	-0.19963	-0.35728	-0.58095	-0.73091	-1.0682	-1.4825	-1.9501	-2.8748	-4.3584	-5.2722	-8.0419	-9.8107	-7.564	-4.9844	-2.0159	0.24789	0.7049	0.92496	0.80645	0.63996	0.46343	0.36778	0.28118	0.22859	0.17859	0.1269	0.04254	0.022197	15.485
831.15	-0.090338	-0.10399	-0.19703	-0.38508	-0.56592	-0.73072	-1.0627	-1.5171	-2.0174	-2.9865	-4.3628	-5.5052	-8.4243	-10.283	-7.9969	-5.1155	-2.2617	0.16286	0.63369	0.92299	0.8262	0.63556	0.48038	0.34442	0.28054	0.21766	0.17621	0.12921	0.045887	0.014859	15.943
843.55	-0.11294	-0.11277	-0.21139	-0.3696	-0.5596	-0.74333	-1.0394	-1.463	-1.9737	-2.9426	-4.4497	-5.4431	-8.5535	-10.312	-8.1726	-5.4282	-2.4382	0.068017	0.60611	0.90941	0.82755	0.64402	0.48224	0.37478	0.27557	0.22867	0.17098	0.12731	0.04795	0.0084733	16.305
861.82	-0.12316	-0.12382	-0.22913	-0.36526	-0.53499	-0.71804	-1.0265	-1.5022	-1.9628	-2.7867	-4.4144	-5.4199	-8.8324	-10.523	-8.4683	-5.7761	-2.5946	-0.0039046	0.53028	0.89198	0.8056	0.6689	0.48773	0.38994	0.2996	0.22904	0.19139	0.11892	0.035325	-0.010672	16.773
881.15	-0.12046	-0.10713	-0.21715	-0.36579	-0.50504	-0.69671	-1.0474	-1.4893	-1.997	-2.8261	-4.308	-5.5714	-9.0282	-10.79	-8.6008	-5.9483	-2.7289	-0.080205	0.48702	0.86698	0.80517	0.65423	0.47618	0.39009	0.30927	0.23933	0.19559	0.12347	0.02931	-0.0011634	17.184
893.95	-0.14392	-0.13639	-0.22604	-0.39676	-0.52805	-0.67479	-1.0566	-1.4303	-1.9816	-3.0199	-4.5883	-5.696	-9.1207	-11.066	-9.0681	-6.2291	-2.9272	-0.16721	0.44886	0.86974	0.81997	0.66167	0.51399	0.39564	0.31284	0.25434	0.19114	0.12562	0.027167	-0.021093	17.643
899.71	-0.15077	-0.15322	-0.24418	-0.35908	-0.49556	-0.68233	-0.99614	-1.4441	-1.9961	-3.0364	-4.5495	-5.739	-9.3591	-11.332	-9.3767	-6.6859	-3.164	-0.27288	0.39055	0.86418	0.81472	0.69347	0.51405	0.42632	0.32117	0.24439	0.19978	0.1217	0.02956	-0.012701	18.003
896.3	-0.18773	-0.16027	-0.27417	-0.35877	-0.53421	-0.70691	-0.99671	-1.4881	-1.9896	-3.066	-4.6047	-5.8495	-9.6925	-11.906	-9.7989	-7.023	-3.4162	-0.35451	0.32984	0.87281	0.83985	0.70758	0.54456	0.42794	0.33277	0.26288	0.2121	0.13858	0.027096	-0.021867	18.476
885.95	-0.20482	-0.19648	-0.22808	-0.40459	-0.52519	-0.72072	-1.0311	-1.4855	-2.0947	-3.1472	-4.8406	-6.3123	-9.668	-12.429	-10.397	-7.4834	-3.6922	-0.47817	0.2865	0.86679	0.8548	0.70245	0.55517	0.4511	0.37137	0.2854	0.20873	0.13545	0.01786	-0.03638	18.887
868.02	-0.20816	-0.22724	-0.30605	-0.41382	-0.57498	-0.74318	-1.0765	-1.465	-2.0911	-3.073	-4.9112	-6.4794	-10.043	-12.869	-10.954	-7.9597	-4.005	-0.56748	0.24763	0.89021	0.87334	0.75067	0.57964	0.46571	0.36009	0.28526	0.21901	0.14713	0.018229	-0.044836	19.297
850.82	-0.26986	-0.24715	-0.35996	-0.47173	-0.56078	-0.77846	-1.0746	-1.5136	-2.0664	-3.0784	-5.0803	-6.6477	-10.246	-13.645	-11.389	-8.6084	-4.2858	-0.66578	0.18712	0.90446	0.90527	0.76398	0.60994	0.47513	0.36905	0.28838	0.22169	0.15917	-0.0031113	-0.050108	19.697
833.39	-0.28016	-0.29056	-0.39414	-0.49333	-0.60293	-0.8302	-1.187	-1.6096	-2.1469	-3.1041	-5.0949	-6.7199	-10.452	-14.157	-12.023	-9.1044	-4.6126	-0.7644	0.13558	0.91092	0.92785	0.78945	0.62631	0.50161	0.38535	0.31419	0.23965	0.13727	0.0051365	-0.05918	20.051
818.52	-0.35829	-0.33654	-0.39101	-0.53632	-0.70163	-0.89944	-1.3249	-1.7193	-2.2121	-3.0621	-5.2497	-7.0653	-10.716	-14.552	-12.372	-9.3966	-4.8359	-0.86855	0.1246	0.91187	0.95491	0.82215	0.64045	0.52944	0.39148	0.32356	0.23768	0.14233	-0.015456	-0.082948	20.452
811.35	-0.34232	-0.35648	-0.45773	-0.56519	-0.73595	-1.0025	-1.5331	-1.9432	-2.3074	-3.0494	-5.0868	-6.7165	-10.679	-14.784	-12.746	-9.5485	-4.9296	-0.87825	0.1031	0.94059	0.9802	0.84403	0.66188	0.5294	0.40199	0.31165	0.23339	0.13754	-0.022232	-0.11207	20.79
806.74	-0.38181	-0.40609	-0.448	-0.57028	-0.69511	-1.1476	-1.6187	-2.2525	-2.5626	-2.8671	-4.5474	-6.5186	-10.05	-14.09	-12.287	-9.3062	-4.8115	-0.82527	0.13188	0.97761	0.99991	0.87826	0.68152	0.53622	0.42379	0.3255	0.25582	0.14093	-0.041435	-0.1035	21.125
808.35	-0.37529	-0.48055	-0.48692	-0.5887	-0.74077	-1.1971	-2.1981	-2.6868	-2.6848	-2.9212	-3.7506	-5.6114	-8.9826	-12.435	-11.151	-8.5177	-4.4238	-0.67233	0.23778	1.0092	1.0167	0.88043	0.68761	0.55317	0.41941	0.34247	0.2489	0.12679	-0.034687	-0.12719	21.408
812.84	-0.4162	-0.46185	-0.42673	-0.46598	-0.81984	-1.659	-2.5223	-2.72	-2.6153	-3.024	-3.9805	-4.8864	-6.5684	-9.7616	-8.9481	-7.1452	-3.6237	-0.39191	0.39529	1.0547	1.0372	0.89501	0.70696	0.58309	0.44085	0.32859	0.25298	0.14074	-0.033551	-0.13106	21.694
819.05	-0.38555	-0.37081	-0.3814	-0.65912	-1.3284	-2.2688	-2.6211	-2.6573	-2.9179	-3.3649	-3.9711	-3.8796	-4.0974	-5.9493	-5.95	-5.23	-2.6094	-0.10633	0.53827	1.0389	1.0238	0.89305	0.69793	0.5581	0.41917	0.33067	0.25016	0.12085	-0.044572	-0.13914	21.962
824.51	-0.32838	-0.39822	-0.52476	-1.0473	-2.1323	-2.5286	-2.5548	-2.819	-2.572	-3.2645	-3.1724	-3.0061	-3.58	-4.3969	-4.7002	-4.2469	-2.0671	0.08452	0.64057	1.0669	1.0244	0.86125	0.67413	0.54975	0.41379	0.31485	0.22697	0.1209	-0.048008	-0.11028	22.21
827.29	-0.3207	-0.41352	-0.76747	-1.718	-2.2314	-2.4903	-2.5654	-2.5836	-2.4748	-2.757	-2.8846	-3.14	-3.614	-3.3952	-4.485	-3.7213	-1.7787	0.23505	0.7058	1.0787	1.0246	0.86122	0.67733	0.55902	0.42364	0.33372	0.24678	0.1459	-0.01343	-0.09105	22.425
824.4	-0.45275	-0.61175	-1.337	-2.2153	-2.5456	-2.5827	-2.2997	-2.0973	-2.0142	-2.4735	-2.6063	-2.3513	-2.5627	-2.4717	-3.6904	-3.2117	-1.3806	0.37328	0.78123	1.1019	1.0061	0.86136	0.68335	0.5396	0.39996	0.30762	0.2279	0.12092	-0.052683	-0.11841	22.559
814.77	-0.7459	-0.93989	-1.7731	-2.5343	-2.5291	-2.2314	-2.1206	-2.1532	-1.9181	-1.9393	-1.5012	-1.6478	-2.0126	-1.6565	-2.7116	-2.231	-0.98795	0.51369	0.86609	1.0992	1.0171	0.83952	0.64616	0.51213	0.36607	0.26802	0.15795	0.031186	-0.17042	-0.273	22.773
799.35	-1.0274	-1.2733	-2.1198	-2.6181	-2.4457	-2.22	-1.936	-1.7557	-1.9403	-1.6038	-1.4026	-1.4809	-1.5839	-1.4425	-2.1655	-1.7649	-0.64856	0.64683	0.92868	1.0795	0.97686	0.80032	0.59177	0.44151	0.27023	0.15975	0.049941	-0.12425	-0.40379	-0.53482	22.901
781.34	-2.335	-1.7059	-2.2432	-2.4298	-2.2761	-2.0747	-1.9104	-1.6619	-1.4586	-1.3109	-1.1959	-1.1388	-1.0933	-1.2339	-1.7299	-1.2744	-0.31837	0.78675	0.99421	1.0666	0.94009	0.7378	0.52545	0.34285	0.16203	0.026263	-0.12218	-0.39705	-0.92327	-1.2423	23.05
763.1	-3.8174	-3.0821	-1.8591	-2.0855	-2.0071	-1.836	-1.8049	-1.4827	-1.224	-1.0256	-0.91289	-0.87461	-0.86955	-1.0751	-1.447	-1.0539	-0.060937	0.8701	1.0353	1.0419	0.88295	0.67565	0.46107	0.25265	0.056238	-0.076231	-0.25404	-0.55989	-1.27	-1.6838	23.143
752.37	-4.0442	-3.3523	-1.8092	-1.732	-1.7808	-1.6648	-1.5804	-1.34	-1.1175	-1.0295	-0.76791	-0.82373	-1.0036	-0.92971	-1.073	-0.77197	0.08584	0.91524	1.0637	1.027	0.84307	0.62854	0.41362	0.21858	0.039927	-0.11418	-0.28126	-0.5893	-1.2902	-1.6713	23.289
752.15	-2.6538	-2.2632	-1.3636	-1.5114	-1.5578	-1.6183	-1.6326	-1.2935	-1.1572	-1.0726	-0.86972	-1.0352	-1.227	-0.99027	-1.5009	-0.81462	0.062437	0.88167	1.025	0.96262	0.79989	0.58246	0.37171	0.20438	0.011411	-0.11122	-0.27839	-0.54475	-1.0553	-1.3349	23.463
766.11	-1.5362	-1.4004	-1.3978	-1.5477	-1.5118	-1.5438	-1.3431	-1.3669	-1.3872	-1.2529	-1.1088	-1.203	-1.5232	-1.0808	-1.592	-0.85188	-0.0407	0.83132	0.97568	0.93363	0.77244	0.56566	0.36886	0.21466	0.042947	-0.080823	-0.20379	-0.40952	-0.75178	-0.92558	23.651
795.38	-1.0765	-1.1358	-1.3338	-1.2977	-1.2532	-1.4777	-1.339	-1.3667	-1.4319	-1.3384	-1.2175	-1.2286	-1.5918	-1.4212	-1.6267	-1.1516	-0.13552	0.80692	0.94622	0.95144	0.80415	0.60847	0.42343	0.25685	0.1241	0.028626	-0.09305	-0.23675	-0.5161	-0.62155	23.847
833.18	-0.71917	-0.77917	-1.0315	-1.2081	-1.3921	-1.3811	-1.3925	-1.5401	-1.4913	-1.3067	-1.2132	-1.4494	-1.5196	-1.3114	-1.9192	-1.0994	-0.21305	0.75554	0.93324	0.94468	0.81143	0.62262	0.44849	0.3206	0.17341	0.082199	-0.0035852	-0.15285	-0.368	-0.47386	23.968
876.13	-0.72734	-0.75254	-1.0342	-1.2202	-1.4907	-1.4614	-1.5292	-1.5197	-1.4199	-1.3437	-1.144	-1.1607	-1.4451	-1.273	-1.7686	-1.2823	-0.27955	0.68758	0.88078	0.92569	0.78898	0.63451	0.45313	0.32849	0.19022	0.10126	0.027832	-0.12456	-0.328	-0.41162	24.026
916.76	-0.68071	-0.78871	-1.0895	-1.3467	-1.3795	-1.4316	-1.489	-1.4599	-1.3521	-1.3457	-1.2323	-1.2826	-1.2563	-1.2578	-1.7352	-1.2951	-0.3148	0.66338	0.83535	0.89685	0.76892	0.60726	0.44373	0.30474	0.18023	0.093508	0.00077435	-0.11063	-0.32606	-0.40878	24.061
946.89	-0.81403	-0.87682	-1.1649	-1.4263	-1.4302	-1.4771	-1.3753	-1.2888	-1.2091	-1.2263	-1.0227	-1.1579	-1.2324	-1.1699	-1.5058	-1.0938	-0.23358	0.657	0.81729	0.87422	0.76451	0.60464	0.44233	0.31122	0.18431	0.096073	-0.0015929	-0.12709	-0.37338	-0.4609	24.053
961.24	-0.84388	-0.96017	-1.2423	-1.4348	-1.3649	-1.344	-1.2377	-1.2114	-1.0563	-1.141	-0.88372	-1.0414	-1.3251	-0.84565	-1.4662	-0.94461	-0.18307	0.67452	0.83485	0.85701	0.73334	0.57833	0.41066	0.28585	0.1637	0.065009	-0.023889	-0.15945	-0.38142	-0.4803	24.046
957.95	-1.1572	-1.0565	-1.349	-1.369	-1.2716	-1.2209	-1.0485	-1.0484	-0.97269	-0.85901	-0.68288	-0.87085	-1.0988	-0.88802	-1.2388	-0.85623	-0.082931	0.71797	0.84691	0.85996	0.73586	0.56629	0.40029	0.24685	0.11797	0.034723	-0.085754	-0.21925	-0.51688	-0.66189	24.011
929.33	-1.2965	-1.1529	-1.3361	-1.2913	-1.2262	-1.1632	-1.0661	-0.97929	-0.94135	-0.94614	-0.74048	-0.88057	-1.0013	-0.94791	-1.2947	-0.77954	-0.0055227	0.74096	0.86589	0.84608	0.71603	0.54799	0.35916	0.2256	0.080044	-0.02308	-0.1282	-0.31422	-0.64542	-0.83498	24.053
888.08	-1.542	-1.3891	-1.3516	-1.3148	-1.2175	-1.1127	-1.0222	-0.99026	-0.93592	-0.83588	-0.7366	-0.81414	-0.83307	-0.7706	-1.1876	-0.74386	0.10723	0.80495	0.91436	0.86021	0.71508	0.52982	0.34194	0.19467	0.039466	-0.079005	-0.20413	-0.38405	-0.74558	-0.93065	24.011
836.17	-1.3443	-1.3186	-1.2715	-1.2497	-1.1426	-1.1612	-1.0813	-1.0233	-0.91616	-0.85888	-0.7011	-0.69368	-1.049	-0.86364	-1.1134	-0.54191	0.16428	0.86082	0.94481	0.90694	0.73223	0.55609	0.35236	0.18843	0.032506	-0.081222	-0.19291	-0.40789	-0.77714	-0.92711	23.952
787.02	-1.3158	-1.2381	-1.1581	-1.2981	-1.201	-1.2056	-1.0847	-1.0863	-1.0467	-0.96368	-1.0038	-1.1205	-1.037	-0.956	-1.3401	-0.73797	0.13073	0.87076	0.99635	0.91287	0.75191	0.54058	0.32941	0.18073	0.010908	-0.08915	-0.20684	-0.40576	-0.72887	-0.8906	23.873
755.05	-1.0651	-0.97969	-1.056	-1.2773	-1.1959	-1.1783	-1.1736	-1.2013	-1.1772	-1.1218	-0.96761	-1.1154	-1.3536	-0.98647	-1.4515	-0.62125	0.11597	0.93047	1.0395	0.98112	0.79984	0.57918	0.35931	0.20563	0.058731	-0.069102	-0.1764	-0.35705	-0.6252	-0.73643	23.816
740.55	-0.9601	-0.93139	-1.1439	-1.165	-1.2182	-1.218	-1.2414	-1.2382	-1.1643	-1.2308	-1.17	-1.0192	-1.205	-1.1181	-1.5801	-0.75195	0.15135	0.95312	1.0866	1.0014	0.8237	0.61081	0.39786	0.24069	0.074372	-0.024916	-0.12292	-0.27888	-0.53249	-0.64249	23.707
751.94	-0.91562	-0.92981	-1.0665	-1.2025	-1.2065	-1.2749	-1.2111	-1.1797	-1.1536	-0.95509	-1.0281	-1.2045	-1.065	-1.1916	-1.282	-0.67688	0.12868	0.96052	1.0711	0.98306	0.81426	0.60156	0.40485	0.23807	0.082754	-0.028525	-0.10531	-0.28305	-0.51215	-0.59818	23.511
781.77	-0.93928	-0.9388	-1.1287	-1.1662	-1.1767	-1.1717	-1.1492	-1.1308	-1.0812	-1.0732	-0.85851	-1.1484	-1.1122	-0.99144	-1.3386	-0.65105	0.17767	0.91652	1.0256	0.92922	0.77056	0.55534	0.35858	0.1937	0.039341	-0.040858	-0.16659	-0.31437	-0.5369	-0.62382	23.321
823.98	-0.95619	-0.98301	-1.0541	-1.0855	-1.0703	-1.0818	-0.99841	-1.0264	-0.95845	-0.87159	-0.78361	-0.80036	-0.86086	-0.84891	-0.97972	-0.3659	0.24016	0.88252	0.95523	0.86322	0.6887	0.48083	0.30002	0.15217	0.007814	-0.088791	-0.19756	-0.34419	-0.57664	-0.67934	23.126
861.5	-0.92986	-0.95868	-1.01	-0.99886	-0.94811	-0.9527	-0.89465	-0.8812	-0.86518	-0.80559	-0.7889	-0.83002	-0.70828	-0.90847	-0.87003	-0.37774	0.31418	0.87362	0.92469	0.81913	0.64812	0.44612	0.27123	0.10374	-0.0099627	-0.10058	-0.20871	-0.34303	-0.58725	-0.67648	22.808
886.48	-0.86249	-0.86222	-0.93833	-0.8875	-0.84514	-0.84622	-0.81899	-0.81229	-0.77654	-0.77379	-0.66131	-0.81561	-0.86898	-0.77199	-1.0316	-0.19606	0.35718	0.86474	0.9036	0.78075	0.60502	0.41036	0.23472	0.098228	-0.033078	-0.10958	-0.20199	-0.33099	-0.5681	-0.63227	22.476
894.8	-0.80067	-0.80159	-0.87395	-0.8355	-0.79196	-0.80166	-0.76221	-0.77477	-0.74121	-0.77561	-0.75006	-0.73701	-0.67338	-0.68877	-0.79158	-0.10506	0.39924	0.85303	0.89602	0.75119	0.57818	0.41096	0.22917	0.093034	-0.033571	-0.12867	-0.20177	-0.32556	-0.50864	-0.58405	22.149
887.66	-0.75988	-0.76643	-0.82662	-0.79304	-0.77644	-0.74893	-0.71797	-0.75684	-0.73801	-0.71832	-0.59347	-0.70713	-0.71317	-0.67729	-0.82583	-0.096908	0.43611	0.87099	0.89579	0.74465	0.56658	0.37597	0.22847	0.078246	-0.024173	-0.10859	-0.18839	-0.29345	-0.48846	-0.54439	21.873
877.41	-0.71035	-0.72338	-0.77602	-0.76027	-0.71905	-0.73148	-0.71649	-0.74822	-0.74157	-0.57065	-0.48426	-0.65203	-0.68673	-0.74549	-0.63807	-0.061661	0.48399	0.90174	0.91127	0.76335	0.58877	0.40198	0.2543	0.10448	-0.0073348	-0.076551	-0.17035	-0.27292	-0.45557	-0.5101	21.537
861.82	-0.68265	-0.71461	-0.75539	-0.74607	-0.71932	-0.7409	-0.75288	-0.76264	-0.70862	-0.69312	-0.52258	-0.78364	-0.68144	-0.75021	-0.77401	0.08537	0.51052	0.93234	0.95073	0.77901	0.59766	0.40375	0.2327	0.10282	-0.022407	-0.068368	-0.17	-0.26078	-0.42631	-0.50381	21.261
843.87	-0.69902	-0.67489	-0.78053	-0.73964	-0.76266	-0.75666	-0.74326	-0.74618	-0.69039	-0.66967	-0.71484	-0.5179	-0.73211	-0.62284	-0.78071	-0.20596	0.55497	0.9405	0.964	0.78045	0.59868	0.3936	0.23765	0.10682	-0.012714	-0.10979	-0.18502	-0.28625	-0.44632	-0.51893	20.968
823.33	-0.70419	-0.70316	-0.76278	-0.80015	-0.73139	-0.73466	-0.70311	-0.74432	-0.69952	-0.61791	-0.4542	-0.6273	-0.6114	-0.81283	-0.79017	0.099067	0.57998	0.98191	0.97468	0.79895	0.59885	0.40438	0.23077	0.10297	-0.020849	-0.10525	-0.17076	-0.27893	-0.44344	-0.52104	20.676
799.67	-0.72503	-0.72125	-0.75662	-0.75511	-0.70337	-0.70405	-0.68423	-0.70312	-0.66471	-0.57576	-0.55256	-0.49687	-0.58181	-0.61943	-0.73103	0.26166	0.64792	1.0079	1.0145	0.81062	0.60613	0.41634	0.2329	0.086856	-0.034881	-0.11586	-0.19802	-0.3161	-0.4912	-0.55969	20.337
779.2	-0.766	-0.76994	-0.75487	-0.73824	-0.70992	-0.72044	-0.68925	-0.70586	-0.65559	-0.65291	-0.50171	-0.52011	-0.60688	-0.53869	-0.72906	0.12515	0.67281	1.0428	1.0515	0.8186	0.59477	0.39988	0.20907	0.075375	-0.063336	-0.14295	-0.22411	-0.3316	-0.48831	-0.58488	19.975
768.04	-0.73871	-0.71512	-0.76583	-0.74896	-0.68833	-0.68602	-0.65888	-0.70614	-0.69787	-0.5785	-0.60851	-0.56904	-0.53626	-0.77291	-0.52489	0.012696	0.72547	1.0654	1.0124	0.79828	0.56682	0.35628	0.19348	0.024599	-0.064256	-0.15381	-0.24277	-0.3355	-0.4984	-0.57306	19.641
765.25	-0.71908	-0.72151	-0.73458	-0.74186	-0.64778	-0.666	-0.66694	-0.68969	-0.65207	-0.59111	-0.45538	-0.64379	-0.53821	-0.6967	-0.62381	0.36729	0.74314	1.0425	1.0084	0.76782	0.54904	0.34517	0.16173	0.036701	-0.085053	-0.16514	-0.24753	-0.34497	-0.49318	-0.57224	19.275
772.98	-0.65565	-0.68338	-0.68066	-0.67991	-0.65661	-0.65722	-0.64254	-0.65505	-0.63981	-0.72068	-0.47279	-0.70928	-0.59202	-0.73863	-0.52154	0.25008	0.75949	1.031	1.0021	0.73744	0.52391	0.29979	0.14064	0.001647	-0.10363	-0.17222	-0.25941	-0.34152	-0.46934	-0.53576	18.899
791.31	-0.62868	-0.61171	-0.64456	-0.64133	-0.61149	-0.61917	-0.58846	-0.6389	-0.60162	-0.50041	-0.61207	-0.49209	-0.63614	-0.64509	-0.4886	0.29468	0.78062	0.99986	0.97056	0.70623	0.48298	0.28285	0.11075	-0.0042006	-0.11479	-0.17959	-0.24311	-0.346	-0.45165	-0.50269	18.49
817.55	-0.56196	-0.55221	-0.59669	-0.58207	-0.55259	-0.58423	-0.5731	-0.58279	-0.58864	-0.41538	-0.46779	-0.61232	-0.63439	-0.7076	-0.45275	0.43163	0.7968	0.99287	0.94838	0.66989	0.46748	0.26409	0.11548	-0.012498	-0.091861	-0.17933	-0.22807	-0.29718	-0.41457	-0.45565	18.057
850.5	-0.51007	-0.50357	-0.54295	-0.53651	-0.52622	-0.52589	-0.50935	-0.57012	-0.538	-0.61713	-0.43967	-0.55124	-0.4484	-0.71576	-0.4837	0.52754	0.78305	0.94379	0.90905	0.63362	0.44669	0.25108	0.086224	-0.0048103	-0.099236	-0.15387	-0.22533	-0.2832	-0.39037	-0.41005	17.69
884.03	-0.48106	-0.46481	-0.51543	-0.50424	-0.50626	-0.50873	-0.50635	-0.55543	-0.51341	-0.50258	-0.46143	-0.43149	-0.5608	-0.6715	-0.34406	0.39017	0.78541	0.89871	0.85964	0.60056	0.40484	0.24334	0.082954	-0.020227	-0.096281	-0.15313	-0.18749	-0.27167	-0.35815	-0.38441	17.282
912.18	-0.4245	-0.42744	-0.45921	-0.47135	-0.4823	-0.50743	-0.49863	-0.51057	-0.47161	-0.40761	-0.37271	-0.60976	-0.40135	-0.82483	-0.31537	0.43061	0.7469	0.87637	0.80577	0.57153	0.37486	0.20723	0.090292	-0.017083	-0.10115	-0.14429	-0.19874	-0.23793	-0.32685	-0.35626	16.874
927.84	-0.41399	-0.41632	-0.43825	-0.4707	-0.47598	-0.46525	-0.47622	-0.49205	-0.47323	-0.41808	-0.25661	-0.67651	-0.58365	-0.68055	-0.32782	0.57816	0.73759	0.8607	0.81431	0.54554	0.38654	0.20117	0.06849	-0.022574	-0.084026	-0.14347	-0.19379	-0.24525	-0.31968	-0.35745	16.498
930.29	-0.39537	-0.39031	-0.44945	-0.46946	-0.45929	-0.47902	-0.45326	-0.47346	-0.47039	-0.59881	-0.44763	-0.5808	-0.52472	-0.73564	-0.29151	0.46511	0.75542	0.86549	0.80665	0.53553	0.34471	0.19044	0.053744	-0.029925	-0.11071	-0.14954	-0.18373	-0.22351	-0.30808	-0.34533	16.132
921.23	-0.42117	-0.41302	-0.45802	-0.46427	-0.45279	-0.44809	-0.44284	-0.50057	-0.47581	-0.36863	-0.43357	-0.32784	-0.43879	-0.75107	-0.25855	0.539	0.79694	0.86687	0.79626	0.5226	0.33738	0.18545	0.045283	-0.05018	-0.11957	-0.16647	-0.18714	-0.24776	-0.33617	-0.36082	15.713
902.16	-0.44987	-0.44342	-0.47195	-0.46324	-0.42584	-0.46575	-0.49457	-0.49162	-0.46537	-0.37643	-0.42392	-0.59891	-0.50727	-0.80885	-0.20002	0.62115	0.78916	0.87792	0.77894	0.51861	0.32011	0.1473	0.027051	-0.075867	-0.12447	-0.17248	-0.2239	-0.25922	-0.33048	-0.35445	15.356
878.48	-0.44079	-0.43312	-0.45938	-0.4663	-0.4681	-0.47644	-0.45536	-0.44905	-0.42655	-0.46908	-0.35801	-0.7507	-0.67722	-0.83065	-0.19603	0.58339	0.8113	0.85487	0.78575	0.47718	0.2907	0.12247	0.0020754	-0.083145	-0.13923	-0.19078	-0.25015	-0.29093	-0.3464	-0.37077	14.935
855.63	-0.45347	-0.43368	-0.48687	-0.51042	-0.45789	-0.45271	-0.38913	-0.47269	-0.43016	-0.37806	-0.48669	-0.84502	-0.76661	-0.97654	-0.36513	0.50573	0.8276	0.88153	0.7793	0.47313	0.27006	0.12481	-0.012827	-0.094318	-0.15966	-0.21865	-0.23781	-0.2815	-0.35475	-0.37025	14.544
838.85	-0.45143	-0.45099	-0.48474	-0.48115	-0.42776	-0.41871	-0.41325	-0.35794	-0.40172	-0.36641	-0.62801	-0.98503	-1.0911	-1.2935	-0.33309	0.70609	0.8268	0.89428	0.78178	0.47118	0.26822	0.082065	-0.026543	-0.13	-0.17479	-0.21855	-0.26109	-0.29632	-0.36552	-0.37766	14.144
829.97	-0.44878	-0.43749	-0.46315	-0.42372	-0.39874	-0.35099	-0.31513	-0.32484	-0.41315	-0.4868	-0.65517	-1.2157	-1.2958	-1.4258	-0.40624	0.65596	0.82919	0.90187	0.80428	0.48103	0.26377	0.085801	-0.04678	-0.11754	-0.18787	-0.21728	-0.26031	-0.29274	-0.33976	-0.36648	13.735
829.11	-0.43894	-0.42134	-0.40265	-0.3479	-0.27176	-0.26622	-0.22325	-0.32148	-0.37074	-0.5456	-0.94263	-1.2744	-1.5915	-1.6826	-0.60559	0.339	0.83189	0.88596	0.78034	0.45554	0.24848	0.076354	-0.040472	-0.13892	-0.18461	-0.22925	-0.24452	-0.28459	-0.3466	-0.37492	13.297
835.1	-0.38558	-0.35501	-0.30527	-0.23003	-0.18077	-0.20631	-0.21301	-0.28799	-0.34417	-0.6092	-1.0375	-1.5126	-1.6349	-1.7157	-0.68025	0.4608	0.83418	0.88649	0.77825	0.4561	0.22033	0.073912	-0.050999	-0.1315	-0.17387	-0.22402	-0.24631	-0.25989	-0.31279	-0.32953	12.899
844.41	-0.29122	-0.27734	-0.19485	-0.19005	-0.088719	-0.22737	-0.28839	-0.30568	-0.37805	-0.69789	-1.1568	-1.7311	-1.7794	-1.858	-0.79974	0.53135	0.78779	0.87575	0.77315	0.45013	0.24128	0.050624	-0.037957	-0.12914	-0.1711	-0.19049	-0.23571	-0.23712	-0.27562	-0.2907	12.539
856.8	-0.19004	-0.17019	-0.14911	-0.079243	-0.18606	-0.21163	-0.20341	-0.28427	-0.48396	-0.97921	-1.3383	-1.5485	-1.8338	-1.7693	-0.70154	0.43982	0.77639	0.87362	0.77909	0.4315	0.22006	0.066502	-0.055857	-0.11207	-0.16696	-0.18598	-0.20295	-0.22305	-0.21685	-0.21625	12.123
868.55	-0.11952	-0.10702	-0.14886	-0.1761	-0.14851	-0.17758	-0.20896	-0.3554	-0.59411	-0.94742	-1.3202	-1.7379	-1.9495	-1.9021	-0.70154	0.37876	0.75707	0.85329	0.77531	0.45139	0.24506	0.090183	-0.029101	-0.086742	-0.11529	-0.15068	-0.1525	-0.15227	-0.13506	-0.13035	11.819
873.25	-0.082425	-0.1023	-0.13402	-0.10189	-0.17771	-0.17944	-0.20536	-0.46315	-0.68749	-1.136	-1.3812	-1.8104	-2.0962	-2.0996	-1.0284	0.34015	0.74071	0.86186	0.78289	0.4645	0.27505	0.1069	-0.0073954	-0.057323	-0.10648	-0.12154	-0.11017	-0.13219	-0.089391	-0.10923	11.457
874.64	-0.076968	-0.063215	-0.0576	-0.14389	-0.14941	-0.19699	-0.28667	-0.54475	-0.72108	-1.1987	-1.5052	-1.9165	-2.1365	-2.0877	-0.94184	0.30312	0.73253	0.87176	0.79926	0.4738	0.2833	0.11487	0.0012228	-0.037963	-0.083411	-0.094788	-0.10407	-0.10234	-0.065494	-0.083573	11.103
867.8	-0.025679	-0.0077936	-0.1481	-0.13549	-0.13598	-0.20894	-0.32715	-0.59053	-0.79155	-1.236	-1.6736	-1.9133	-2.3291	-2.2348	-0.95876	0.09399	0.72859	0.88052	0.81401	0.50236	0.26978	0.14037	0.019448	-0.022369	-0.058519	-0.082579	-0.075907	-0.067615	-0.044727	-0.034572	10.804
861.72	-0.02496	-0.096941	-0.079801	-0.084033	-0.11341	-0.23328	-0.39475	-0.64449	-0.85466	-1.1512	-1.6263	-2.0098	-2.2659	-2.4173	-1.1091	0.15022	0.72396	0.92008	0.83168	0.53369	0.31398	0.15696	0.0554	-0.016306	-0.035691	-0.057941	-0.050687	-0.03638	-0.013787	-0.00032784	10.466
856.48	-0.049588	-0.080621	-0.036458	-0.094214	-0.15357	-0.24237	-0.43758	-0.69941	-0.87284	-1.431	-1.6164	-2.0962	-2.3688	-2.538	-1.2507	0.24432	0.73464	0.92378	0.84875	0.53136	0.33363	0.16069	0.04695	-0.0092484	-0.043424	-0.036419	-0.055317	-0.024331	-0.014771	-0.029823	10.227
850.39	0.008492	0.0048216	-0.051134	-0.084266	-0.17752	-0.31264	-0.4916	-0.70172	-0.90867	-1.3749	-1.638	-2.1673	-2.4665	-2.5117	-1.1821	0.15223	0.71198	0.91881	0.84707	0.53705	0.32352	0.15999	0.047286	-0.010215	-0.032801	-0.054305	-0.045273	-0.025327	-0.011256	-0.011689	9.9089
847.93	-0.014378	0.0065446	-0.03773	-0.12801	-0.23284	-0.35614	-0.51174	-0.73809	-0.95755	-1.4739	-1.843	-2.3141	-2.5996	-2.6082	-1.3217	0.14326	0.69868	0.90889	0.84692	0.5386	0.32535	0.17071	0.045648	-0.0066309	-0.027834	-0.040322	-0.033189	-0.022095	0.00050976	0.0084295	9.6311
838.95	0.033597	0.032512	-0.029916	-0.14822	-0.24944	-0.35408	-0.51808	-0.77065	-0.98544	-1.4129	-1.802	-2.1685	-2.6183	-2.5369	-1.3358	0.27795	0.7089	0.9196	0.85949	0.532	0.34513	0.16594	0.053314	0.0015157	-0.031544	-0.038073	-0.039717	-0.024005	0.036288	0.018263	9.3502
829.01	0.049925	0.056492	-0.024728	-0.14364	-0.26364	-0.35635	-0.53213	-0.7725	-0.9812	-1.663	-1.8953	-2.2136	-2.4289	-2.613	-1.2921	0.12727	0.74421	0.95737	0.88661	0.56823	0.3566	0.19559	0.072114	0.020942	-0.0025876	-0.009601	-0.013421	0.0069835	0.041364	0.034614	9.0934
817.34	0.072484	0.066159	-0.057887	-0.15122	-0.27981	-0.37751	-0.59355	-0.82008	-1.0196	-1.539	-1.7458	-2.2064	-2.7529	-2.6965	-1.3409	0.21695	0.74264	0.95396	0.89747	0.57439	0.35425	0.19064	0.063934	0.019366	9.7147e-007	-0.0033177	-0.004561	0.013083	0.067375	0.059653	8.8501
813.91	0.091869	0.068216	-0.071311	-0.20365	-0.31836	-0.40834	-0.57212	-0.81694	-1.0039	-1.5751	-1.9618	-2.2937	-2.6895	-2.615	-1.1844	0.060996	0.73541	0.97411	0.89765	0.57974	0.35668	0.1827	0.086399	0.033568	-0.0035139	-0.017145	-0.0009447	0.0338	0.07995	0.077249	8.5902
819.27	0.06947	0.047437	-0.095157	-0.20231	-0.31422	-0.42371	-0.61856	-0.80599	-1.0371	-1.614	-1.8557	-2.2303	-2.765	-2.7271	-1.5088	0.070333	0.72032	0.94571	0.89178	0.56524	0.36732	0.19116	0.088591	0.023997	-0.0034909	0.0030918	-0.00093853	0.024171	0.09258	0.075836	8.4269
834.14	0.086849	0.066562	-0.087031	-0.20593	-0.31469	-0.44764	-0.63347	-0.82744	-1.0328	-1.45	-1.8226	-2.2762	-2.6608	-2.7782	-1.4424	0.21258	0.71574	0.94163	0.87324	0.54942	0.35895	0.1887	0.084304	0.02908	0.019723	0.013819	0.0079475	0.0271	0.062328	0.062904	8.247
856.16	0.071012	0.049624	-0.088372	-0.20063	-0.29871	-0.3949	-0.54979	-0.80169	-0.99846	-1.4786	-1.8551	-2.0321	-2.5211	-2.5124	-1.1548	0.057987	0.71076	0.92413	0.85763	0.55207	0.34617	0.20139	0.089169	0.0337	0.024229	0.0012088	0.013792	0.038679	0.07241	0.074303	8.1019
873.25	0.087408	0.063581	-0.069097	-0.19671	-0.2977	-0.39657	-0.57867	-0.79477	-0.97469	-1.5142	-1.6826	-2.1561	-2.4893	-2.5239	-1.2456	0.18479	0.71176	0.89664	0.84589	0.53395	0.34636	0.20198	0.090871	0.039182	0.024572	0.0097677	0.019454	0.041935	0.084211	0.087314	7.9734
885.84	0.063375	0.047144	-0.094924	-0.18796	-0.30682	-0.38167	-0.55905	-0.79299	-0.95833	-1.3563	-1.8217	-2.1254	-2.5314	-2.3344	-1.0416	0.029015	0.71029	0.87926	0.82807	0.52096	0.32514	0.19107	0.074286	0.056786	0.033911	0.018937	0.027527	0.023937	0.085622	0.060909	7.8463
890.43	0.087463	0.047714	-0.067764	-0.20643	-0.28057	-0.40736	-0.55617	-0.75965	-0.95339	-1.3674	-1.7074	-2.1412	-2.3213	-2.6025	-1.1104	0.17225	0.71094	0.90055	0.81227	0.51827	0.33626	0.18476	0.10687	0.043588	0.025705	0.018839	0.017414	0.050568	0.079129	0.079788	7.7586
890.32	0.078752	0.055042	-0.092726	-0.18786	-0.29484	-0.38897	-0.56028	-0.7649	-0.95184	-1.3585	-1.698	-2.0879	-2.4587	-2.4075	-1.1105	0.30674	0.7179	0.91172	0.82802	0.53985	0.34909	0.19633	0.10942	0.044455	0.03374	0.03315	0.025726	0.056085	0.080867	0.092316	7.6966
886.16	0.085257	0.047127	-0.10959	-0.20063	-0.3172	-0.40284	-0.57268	-0.80308	-0.95965	-1.6467	-1.6293	-2.1515	-2.4874	-2.3847	-1.2274	0.13708	0.73165	0.89191	0.82529	0.51627	0.32588	0.18565	0.081903	0.04034	0.0088791	0.02062	0.018334	0.055557	0.062142	0.075981	7.6058
878.37	0.062145	0.040949	-0.096604	-0.20498	-0.29019	-0.44192	-0.55887	-0.80584	-0.97574	-1.4045	-1.7985	-1.9536	-2.3966	-2.4231	-1.0224	0.15646	0.73901	0.89609	0.82259	0.5263	0.32445	0.1864	0.071489	0.029359	0.028501	0.00032386	0.025234	0.031319	0.06795	0.08596	7.5393
871.54	0.045704	0.030466	-0.12109	-0.24891	-0.34094	-0.44821	-0.59801	-0.8227	-1.0021	-1.5726	-1.7346	-2.1329	-2.5116	-2.5288	-1.0493	0.25842	0.72283	0.89934	0.82735	0.51486	0.31741	0.17788	0.065139	0.04629	0.013132	0.0029064	0.015247	0.026742	0.058769	0.075551	7.5151
859.79	0.057168	0.03425	-0.1174	-0.23831	-0.34265	-0.45529	-0.62967	-0.83572	-1.0097	-1.4161	-1.7781	-2.2083	-2.5016	-2.4842	-1.3514	0.18768	0.74518	0.93741	0.83951	0.52375	0.32528	0.17111	0.073034	0.022866	0.00832	-0.0031539	0.0068488	0.034441	0.06763	0.075718	7.4697
851.89	0.039467	0.015016	-0.13648	-0.24493	-0.35575	-0.47204	-0.62197	-0.87316	-1.0234	-1.6562	-1.8843	-2.1449	-2.5875	-2.5428	-1.0057	0.16132	0.73771	0.91238	0.84902	0.53423	0.32206	0.17827	0.05869	0.022177	0.0092363	-0.011102	0.0060444	0.020778	0.071869	0.081654	7.4803
848.68	0.048767	0.036408	-0.12255	-0.24586	-0.36406	-0.48833	-0.62432	-0.84757	-1.0665	-1.5581	-2.0315	-2.1342	-2.6063	-2.5613	-1.1844	0.15253	0.73778	0.92454	0.84186	0.53155	0.30986	0.17615	0.071329	0.016845	0.014327	-0.0093784	0.0069384	0.020856	0.067607	0.073208	7.4803
850.07	0.052339	-0.00028906	-0.13317	-0.24988	-0.39925	-0.50009	-0.66657	-0.87052	-1.0883	-1.7166	-1.8384	-2.3737	-2.5392	-2.655	-1.2019	0.17107	0.71044	0.89888	0.83444	0.51566	0.30756	0.14795	0.0597	-0.001208	-0.010936	-0.017297	-0.017441	0.016701	0.054823	0.056482	7.506
859.58	0.055373	0.01741	-0.14417	-0.27076	-0.39385	-0.50219	-0.62815	-0.87604	-1.0763	-1.5664	-1.8082	-2.1349	-2.6353	-2.5376	-1.2366	0.18773	0.70882	0.88989	0.82435	0.49231	0.29356	0.15	0.044153	0.0095014	-0.014978	-0.022337	-0.02069	-0.0038626	0.039892	0.047214	7.4909
871.76	0.035004	0.015504	-0.14919	-0.25489	-0.38157	-0.49518	-0.64833	-0.87611	-1.0519	-1.5445	-1.6563	-2.0777	-2.5723	-2.5455	-1.2477	0.10273	0.70507	0.885	0.80191	0.50191	0.30252	0.1606	0.047853	0.01464	-0.010664	-0.011708	-0.0042763	-0.001397	0.04375	0.053372	7.4954
884.35	0.025726	-0.013382	-0.14273	-0.29893	-0.37422	-0.48256	-0.67172	-0.87229	-1.0796	-1.559	-1.988	-2.1829	-2.5788	-2.723	-1.3325	0.10125	0.65951	0.87425	0.78385	0.49025	0.28619	0.1458	0.055683	0.0066361	-0.011322	-0.01239	-0.022619	0.0017905	0.033555	0.037488	7.5166
895.02	0.02889	0.0062003	-0.14788	-0.25752	-0.38487	-0.50799	-0.64277	-0.87902	-1.0477	-1.6484	-1.8504	-2.2456	-2.6588	-2.5976	-1.3904	0.10896	0.65422	0.84549	0.78598	0.48798	0.3023	0.15819	0.062588	0.028813	-0.0087895	-0.0038683	0.0016209	0.011165	0.063246	0.038704	7.4954
901.2	0.018352	0.0077642	-0.15026	-0.26828	-0.37379	-0.51179	-0.64075	-0.88063	-1.0709	-1.5477	-2.0544	-2.1244	-2.7167	-2.6805	-1.3625	-0.051183	0.63018	0.83969	0.79686	0.49437	0.29432	0.17817	0.066336	0.034566	0.018256	-0.012157	0.0081781	0.018087	0.043175	0.059049	7.5363
903.87	0.032901	0.0077413	-0.14812	-0.27499	-0.37923	-0.49303	-0.65961	-0.85685	-1.0661	-1.5342	-1.8699	-2.4609	-2.6075	-2.9152	-1.3311	0.019612	0.58849	0.8581	0.79533	0.52205	0.33378	0.18202	0.086129	0.021751	0.018202	0.013582	-0.013946	0.035088	0.051559	0.054762	7.6769
898	0.032252	0.0037599	-0.13544	-0.286	-0.39582	-0.49259	-0.67195	-0.87865	-1.0895	-1.5442	-1.7781	-2.3001	-2.7009	-2.7911	-1.5143	0.028622	0.58294	0.88472	0.81441	0.52723	0.3478	0.19905	0.093396	0.056017	0.03186	0.012837	0.013973	0.035317	0.063894	0.060085	7.8872
887.44	0.045761	0.001356	-0.15346	-0.25717	-0.39101	-0.52342	-0.69132	-0.90378	-1.0975	-1.6624	-2.0671	-2.4349	-2.9222	-2.9265	-1.5881	-0.069952	0.57693	0.87398	0.83567	0.5434	0.34766	0.20587	0.10214	0.067907	0.033853	0.019745	0.038315	0.037316	0.069856	0.059964	8.0414
869.94	0.02526	-0.0019466	-0.16271	-0.28744	-0.4183	-0.52169	-0.7243	-0.9343	-1.1578	-1.6959	-2.0502	-2.5021	-2.9546	-3.0375	-1.62	0.011209	0.57357	0.90383	0.85923	0.59286	0.3887	0.22819	0.12583	0.071035	0.041933	0.034788	0.02888	0.040483	0.065955	0.061171	8.303
849.64	0.045967	0.025284	-0.15127	-0.29076	-0.4084	-0.54091	-0.72378	-0.98096	-1.2212	-1.8122	-2.0992	-2.7863	-3.1419	-3.5016	-1.8723	-0.21396	0.50702	0.92639	0.90047	0.62111	0.41943	0.25412	0.14832	0.091666	0.057244	0.040912	0.02957	0.05547	0.063906	0.074873	8.563
830.5	0.042354	0.023251	-0.15475	-0.29293	-0.41883	-0.57315	-0.72917	-1.0276	-1.2574	-1.854	-2.3111	-2.6783	-3.4623	-3.646	-2.1041	-0.41106	0.4735	0.95268	0.94242	0.65561	0.44007	0.29235	0.16806	0.115	0.081817	0.059	0.051633	0.057594	0.076499	0.061391	8.8123
812.84	0.027035	0.0086082	-0.14209	-0.31319	-0.46016	-0.6169	-0.80002	-1.0386	-1.3338	-1.9835	-2.4762	-3.1079	-3.6783	-4.1717	-2.2818	-0.60654	0.41687	0.97337	0.97373	0.69341	0.46738	0.31329	0.1893	0.13163	0.083594	0.067659	0.060033	0.060568	0.062069	0.077351	9.0888
804.28	0.047597	0.0023963	-0.15408	-0.31465	-0.46191	-0.58469	-0.8202	-1.0801	-1.3738	-2.0447	-2.4393	-3.2891	-3.7269	-4.2161	-2.5112	-0.55346	0.37368	0.99089	0.98866	0.71469	0.51957	0.32154	0.20161	0.12351	0.087153	0.075834	0.060673	0.059472	0.075169	0.05323	9.3819
802.13	0.043852	-0.0084316	-0.1736	-0.33051	-0.45998	-0.57704	-0.8098	-1.1078	-1.3867	-2.1004	-2.5093	-3.5158	-4.0792	-4.4725	-2.7132	-0.79371	0.29732	0.95874	0.98947	0.74147	0.54178	0.34902	0.21248	0.16395	0.10968	0.09192	0.080203	0.074481	0.090718	0.08394	9.7202
809.1	0.038675	-0.01552	-0.15222	-0.30906	-0.4508	-0.62179	-0.84295	-1.1097	-1.4086	-2.2217	-2.6241	-3.672	-4.1667	-4.7236	-2.9549	-1.1025	0.21996	0.94441	0.96917	0.7558	0.54838	0.3597	0.23018	0.15402	0.10343	0.079087	0.078601	0.085963	0.07662	0.074035	10.006
823.76	0.037045	0.0252	-0.16439	-0.31817	-0.4479	-0.61072	-0.80518	-1.1262	-1.3925	-1.8594	-2.7527	-3.5777	-4.2036	-4.7772	-2.9324	-1.0635	0.12676	0.92062	0.95103	0.76947	0.5589	0.38497	0.25898	0.17732	0.13892	0.10133	0.080794	0.090389	0.077125	0.078129	10.338
842.27	0.041762	0.014327	-0.15168	-0.31297	-0.43606	-0.58073	-0.82602	-1.1287	-1.4111	-2.1915	-2.6619	-3.518	-4.4191	-4.9505	-3.2596	-1.2675	0.0030007	0.87213	0.94929	0.76678	0.56916	0.37933	0.25061	0.19616	0.13842	0.10356	0.094827	0.074258	0.067207	0.056122	10.694
861.82	0.025498	0.020724	-0.16246	-0.31548	-0.46832	-0.5666	-0.79807	-1.0969	-1.4314	-2.0296	-2.6606	-3.3183	-4.4339	-5.1277	-3.3388	-1.2758	-0.08596	0.82662	0.92094	0.76327	0.5862	0.4065	0.25191	0.19971	0.14358	0.11686	0.089242	0.082332	0.072827	0.047089	11.039
878.69	0.017055	0.0087884	-0.1576	-0.32998	-0.42183	-0.60617	-0.79917	-1.1151	-1.4191	-1.9998	-2.9285	-3.2094	-4.5831	-5.2787	-3.6032	-1.6782	-0.18894	0.7902	0.89408	0.78404	0.58878	0.42479	0.28562	0.21419	0.16199	0.11291	0.11195	0.086332	0.088069	0.059715	11.403
