13241	5	3	91	25.1	746	1	6	8	1.165	128	4096	10	0	0	0	0	149.12	965.05	1.4421e+006	0.11774	0.049386	40.76	0	0	1	0	0	0	11	0	0
944.64	0.048398	-0.0041078	-0.10558	-0.1816	-0.27567	-0.34313	-0.41741	-0.5426	-0.60811	-0.51297	-0.53412	-0.51127	-0.34962	0.067077	0.81671	1.1216	0.78524	0.40524	0.20489	-0.04714	-0.14076	-0.19006	-0.22675	-0.18905	-0.16632	-0.11342	-0.081997	-0.028202	0.051567	0.062767	3.0891
942.72	0.043554	-0.0071905	-0.11636	-0.20592	-0.29684	-0.34992	-0.46339	-0.56564	-0.62583	-0.61655	-0.61628	-0.84093	-0.69822	0.10732	0.60838	1.0477	0.80878	0.44612	0.25821	-0.008295	-0.12091	-0.16612	-0.19607	-0.16261	-0.14541	-0.11922	-0.073532	-0.016368	0.050856	0.056591	3.4745
940.38	0.037884	-0.020302	-0.11828	-0.23525	-0.29758	-0.36039	-0.47835	-0.5866	-0.71786	-0.65235	-0.62684	-0.80078	-0.67562	-0.18988	0.62746	1.0927	0.83767	0.51357	0.32672	0.04345	-0.080023	-0.15056	-0.18295	-0.16139	-0.12068	-0.11951	-0.072928	-0.02833	0.03625	0.067	3.8735
939.85	0.04534	-0.00027626	-0.12894	-0.22097	-0.29325	-0.37282	-0.48169	-0.61221	-0.72771	-0.627	-0.77176	-0.8266	-0.80586	-0.31871	0.62781	1.0594	0.86423	0.5846	0.39636	0.10546	-0.031591	-0.11783	-0.15182	-0.13947	-0.10476	-0.091671	-0.044631	0.0059497	0.023991	0.059924	4.2269
939.74	0.043692	-0.011068	-0.12325	-0.23862	-0.31307	-0.39558	-0.50938	-0.63592	-0.77424	-0.74707	-0.92544	-1.1056	-0.96015	-0.58424	0.32946	1.068	0.86433	0.6362	0.44012	0.13774	0.004768	-0.083348	-0.1222	-0.13541	-0.10325	-0.081313	-0.075338	0.0014776	0.046924	0.052025	4.6514
938.46	0.042924	-0.00027667	-0.12097	-0.24536	-0.3198	-0.42323	-0.53159	-0.67107	-0.77529	-0.90258	-0.9448	-1.014	-1.124	-0.75421	0.36508	1.0354	0.87775	0.67818	0.51106	0.1881	0.047659	-0.059871	-0.10472	-0.10213	-0.085863	-0.07264	-0.056523	0.0059585	0.045346	0.061597	5.0683
936.55	0.039696	-0.0080122	-0.14166	-0.23702	-0.35022	-0.41883	-0.54269	-0.69289	-0.81242	-0.99905	-1.1099	-1.2112	-1.3055	-0.95756	0.10163	0.92674	0.89591	0.72601	0.5779	0.2541	0.081002	-0.01609	-0.080019	-0.085154	-0.06771	-0.058384	-0.045579	-0.0067486	0.035579	0.059342	5.4501
939.1	0.047856	-0.021099	-0.13475	-0.25641	-0.35557	-0.42207	-0.56041	-0.71222	-0.84803	-1.0649	-1.3601	-1.3094	-1.5618	-1.2528	-0.10943	0.77128	0.86981	0.77648	0.61304	0.2874	0.12283	0.0092111	-0.043732	-0.057186	-0.041631	-0.051044	-0.02576	0.010432	0.064162	0.055224	5.8606
940.49	0.046961	0.0020344	-0.13618	-0.25844	-0.35145	-0.45723	-0.61557	-0.76901	-0.91207	-1.0548	-1.3129	-1.5186	-1.7542	-1.4278	-0.16189	0.70226	0.86365	0.81461	0.67765	0.34128	0.15979	0.036103	-0.022858	-0.042439	-0.037007	-0.045389	-0.028082	0.0037117	0.037885	0.063835	6.2604
940.38	0.050267	-0.0002761	-0.12968	-0.24086	-0.37036	-0.46776	-0.62331	-0.77724	-0.94443	-1.0978	-1.2589	-1.6117	-1.8922	-1.6692	-0.47764	0.70234	0.83604	0.85835	0.72686	0.39139	0.20422	0.066377	-0.0020476	-0.020449	-0.02408	-0.015109	-0.0068435	-0.005975	0.063259	0.058311	6.6904
940.59	0.030445	-0.0064357	-0.15327	-0.27201	-0.38465	-0.48859	-0.6316	-0.82675	-1.0016	-1.3459	-1.5385	-1.89	-2.1108	-2.0385	-0.67921	0.50704	0.78943	0.85815	0.75165	0.44645	0.25988	0.11092	0.020359	-0.010671	-0.0081047	-0.018293	-0.0084157	0.016376	0.05097	0.074885	7.0869
940.49	0.035403	-0.010288	-0.16632	-0.29525	-0.38559	-0.4869	-0.63781	-0.84476	-1.0387	-1.4916	-1.7283	-2.0507	-2.3867	-2.1674	-0.8459	0.4392	0.75449	0.88618	0.78684	0.46517	0.28009	0.15297	0.03877	0.01621	-0.0088672	-0.0023584	-0.0029103	0.0059457	0.05834	0.052774	7.5166
938.78	0.043736	0.0035817	-0.14786	-0.27895	-0.38719	-0.50877	-0.65664	-0.86833	-1.08	-1.3828	-1.7585	-2.1391	-2.4479	-2.4129	-1.0056	0.32949	0.70037	0.90003	0.82264	0.51106	0.32185	0.17177	0.063695	0.039907	0.013211	0.008016	-0.0052799	0.02387	0.047789	0.052869	7.9219
937.4	0.04463	-0.010322	-0.14971	-0.26892	-0.39858	-0.50952	-0.6953	-0.90639	-1.1432	-1.5653	-1.9242	-2.2863	-2.7038	-2.7391	-1.3414	0.10864	0.62212	0.89523	0.84264	0.53395	0.35392	0.2007	0.099927	0.05059	0.028493	0.012025	0.018391	0.035119	0.056891	0.054534	8.3377
935.48	0.035592	-0.014213	-0.13855	-0.29522	-0.43192	-0.50881	-0.69827	-0.94018	-1.1637	-1.6201	-1.8918	-2.3249	-2.8887	-2.9629	-1.5557	0.074754	0.56034	0.90145	0.86396	0.58452	0.38712	0.22647	0.10979	0.061341	0.041549	0.026471	0.0208	0.0277	0.047958	0.051467	8.7534
933.57	0.036496	-0.00027812	-0.15114	-0.30147	-0.41017	-0.5459	-0.72597	-0.93883	-1.2192	-1.6062	-2.0503	-2.5509	-3.0907	-3.3415	-1.7886	-0.078973	0.46219	0.90154	0.86967	0.60111	0.41719	0.24303	0.13501	0.091827	0.05006	0.040974	0.032728	0.033761	0.048882	0.046796	9.1372
930.8	0.02576	-0.014285	-0.14336	-0.30156	-0.45678	-0.56605	-0.76145	-0.98195	-1.2506	-1.7062	-2.1203	-2.8572	-3.444	-3.7738	-2.1306	-0.32785	0.39361	0.90157	0.89117	0.64062	0.45351	0.27434	0.15239	0.095394	0.067115	0.053979	0.033622	0.042896	0.053986	0.056516	9.5556
927.61	0.018316	-0.036976	-0.16202	-0.29692	-0.42738	-0.58392	-0.76096	-1.0266	-1.3171	-1.7207	-2.2557	-3.0126	-3.5874	-3.9906	-2.2714	-0.53546	0.29007	0.88344	0.89582	0.67896	0.46899	0.3	0.16833	0.11389	0.082768	0.06063	0.051283	0.04682	0.049196	0.052705	9.8968
924.2	0.031825	-0.0026321	-0.15765	-0.29638	-0.44176	-0.56476	-0.77313	-1.0669	-1.338	-1.7532	-2.3651	-3.0495	-3.7905	-4.3325	-2.4761	-0.70149	0.18587	0.87693	0.89753	0.69183	0.48797	0.33105	0.20886	0.14084	0.097777	0.064907	0.054674	0.065189	0.046879	0.068173	10.25
924.52	0.025096	-0.0183	-0.17251	-0.31094	-0.44252	-0.57699	-0.79705	-1.0922	-1.3887	-1.9181	-2.4745	-3.1	-3.9542	-4.6336	-2.8499	-0.83073	0.08802	0.85798	0.90992	0.70712	0.5223	0.35574	0.22345	0.16068	0.10084	0.073801	0.065858	0.050008	0.040203	0.059311	10.559
925.8	0.014157	-0.0049747	-0.15986	-0.31295	-0.44374	-0.61344	-0.83022	-1.0833	-1.4292	-1.9068	-2.5812	-3.1472	-4.303	-4.8313	-3.1132	-1.2089	-0.039537	0.85236	0.89123	0.74235	0.54947	0.36721	0.21663	0.15301	0.11538	0.081797	0.069763	0.06205	0.067578	0.043178	10.925
925.69	0.040162	-0.0041919	-0.14995	-0.30567	-0.45474	-0.58868	-0.8272	-1.114	-1.4445	-2.0375	-2.6732	-3.2677	-4.3776	-5.1504	-3.4076	-1.3469	-0.14299	0.8232	0.89926	0.76916	0.58071	0.39715	0.25894	0.17951	0.13084	0.094759	0.068174	0.068869	0.065092	0.050406	11.196
927.29	0.0057609	-0.011216	-0.15547	-0.32218	-0.47492	-0.60183	-0.85689	-1.1501	-1.4851	-2.0601	-2.8151	-3.5105	-4.6498	-5.6063	-3.6774	-1.5598	-0.26337	0.78195	0.88584	0.77042	0.59363	0.40669	0.26093	0.17837	0.13833	0.10268	0.07683	0.08462	0.051701	0.047116	11.516
926.65	0.0099555	-0.026855	-0.14896	-0.31672	-0.46248	-0.61376	-0.86916	-1.1757	-1.5221	-2.0441	-2.9179	-3.573	-4.8011	-5.7896	-3.8936	-1.7675	-0.3702	0.76477	0.88883	0.80368	0.60551	0.41807	0.26598	0.20826	0.14923	0.11569	0.092851	0.061993	0.05838	0.04394	11.808
925.48	0.0049337	-0.024541	-0.14998	-0.32607	-0.45576	-0.64735	-0.83363	-1.1788	-1.552	-2.1163	-2.9307	-3.5775	-5.0792	-6.0175	-4.0946	-1.8905	-0.4609	0.73204	0.87886	0.809	0.63089	0.45534	0.28096	0.20356	0.13706	0.11098	0.09217	0.068126	0.054297	0.043193	12.03
923.99	0.0066214	-0.023014	-0.16266	-0.32008	-0.48484	-0.61997	-0.88649	-1.1658	-1.5561	-2.2418	-3.1468	-3.6434	-5.2442	-6.2645	-4.369	-2.2563	-0.58685	0.69502	0.87075	0.80599	0.62533	0.45949	0.30993	0.21715	0.14966	0.10872	0.10433	0.077339	0.064378	0.039243	12.259
922.71	0.00074167	-0.012055	-0.15458	-0.30176	-0.49009	-0.63328	-0.8885	-1.2289	-1.5919	-2.1314	-3.1972	-3.7432	-5.5077	-6.5108	-4.6164	-2.2681	-0.68314	0.65417	0.85208	0.83046	0.63937	0.45756	0.30791	0.21745	0.16615	0.11781	0.097256	0.069852	0.061133	0.040101	12.519
920.79	0.0058016	-0.017587	-0.14076	-0.33917	-0.45808	-0.62123	-0.88017	-1.2106	-1.6266	-2.2233	-3.0102	-3.8286	-5.5772	-6.7378	-4.7961	-2.3941	-0.79689	0.63325	0.85704	0.83739	0.66709	0.48857	0.33144	0.23871	0.1665	0.14166	0.098263	0.067714	0.045382	0.038571	12.721
921.22	-0.017801	-0.032516	-0.154	-0.33656	-0.48814	-0.65124	-0.91421	-1.2525	-1.6563	-2.301	-3.2116	-3.9475	-5.7319	-6.9563	-5.0625	-2.5229	-0.8539	0.608	0.84231	0.85086	0.68162	0.49006	0.31985	0.23527	0.16797	0.13671	0.090989	0.076049	0.047031	0.024036	12.923
919.73	-0.021207	-0.030995	-0.15592	-0.3101	-0.47331	-0.62284	-0.89765	-1.2403	-1.6799	-2.3398	-3.3091	-4.0749	-5.9402	-7.0744	-5.2232	-2.5878	-0.93025	0.60364	0.84128	0.83055	0.68685	0.48226	0.35065	0.24898	0.16902	0.1353	0.098377	0.07922	0.059657	0.035385	13.09
916.74	-0.0060305	-0.023195	-0.15225	-0.30701	-0.45826	-0.62308	-0.89664	-1.2628	-1.6555	-2.2331	-3.3477	-4.0881	-6.0594	-7.2541	-5.1952	-2.7964	-1.0227	0.57963	0.80882	0.85327	0.68991	0.51056	0.34768	0.26149	0.18751	0.14146	0.097081	0.074893	0.061531	0.030637	13.203
914.93	-0.017074	-0.057281	-0.16092	-0.29527	-0.49518	-0.61354	-0.92601	-1.2401	-1.6895	-2.4137	-3.2893	-4.2872	-6.1714	-7.3594	-5.4218	-3.0026	-1.0808	0.56284	0.82325	0.85758	0.70373	0.49947	0.35742	0.26033	0.17851	0.15321	0.10536	0.081166	0.049035	0.018516	13.355
916.64	-0.033137	-0.035839	-0.15895	-0.29883	-0.46661	-0.63748	-0.93294	-1.2462	-1.6711	-2.3652	-3.4777	-4.2706	-6.2348	-7.5932	-5.3757	-3.2233	-1.1265	0.53493	0.79611	0.86034	0.70656	0.51839	0.37154	0.26737	0.19768	0.15456	0.10597	0.093246	0.049785	0.03064	13.497
916.96	-0.017038	-0.047674	-0.14469	-0.31104	-0.47197	-0.63815	-0.90666	-1.2666	-1.7173	-2.4083	-3.5043	-4.1911	-6.3657	-7.6977	-5.6077	-3.1265	-1.1536	0.52847	0.80383	0.87222	0.70549	0.54321	0.37223	0.26728	0.18981	0.14389	0.11239	0.079459	0.032983	0.023336	13.569
916.85	-0.041599	-0.051629	-0.14888	-0.31928	-0.48585	-0.64449	-0.89811	-1.2726	-1.7465	-2.4877	-3.4584	-4.4689	-6.4746	-7.8965	-5.6714	-3.1704	-1.224	0.50168	0.76952	0.86449	0.72213	0.5174	0.35914	0.27232	0.17891	0.15289	0.097877	0.062655	0.025432	0.0030798	13.637
915.57	-0.032328	-0.073852	-0.16499	-0.28931	-0.46438	-0.66691	-0.93954	-1.2895	-1.7312	-2.3152	-3.5282	-4.3363	-6.542	-7.9571	-5.9495	-3.3404	-1.2759	0.48176	0.80424	0.86395	0.71734	0.52331	0.35553	0.24425	0.18072	0.14083	0.10609	0.076517	0.028831	0.020126	13.689
915.25	-0.023008	-0.043807	-0.16254	-0.27543	-0.435	-0.64293	-0.90283	-1.2908	-1.7197	-2.3776	-3.5665	-4.4072	-6.6526	-7.7946	-5.7804	-3.3241	-1.2855	0.48103	0.79891	0.86687	0.72256	0.54682	0.35318	0.27112	0.18626	0.12859	0.11583	0.060468	0.031363	0.031498	13.715
915.68	-0.056067	-0.057232	-0.16246	-0.30243	-0.44126	-0.63635	-0.90084	-1.3002	-1.7213	-2.4293	-3.6112	-4.4225	-6.4496	-8.0304	-5.8227	-3.4795	-1.2941	0.49784	0.78332	0.87693	0.71476	0.52929	0.37028	0.27351	0.18461	0.14245	0.091541	0.070388	0.025464	-0.0082761	13.757
915.68	-0.059459	-0.067514	-0.14322	-0.2975	-0.4468	-0.62559	-0.92604	-1.2902	-1.7471	-2.4029	-3.5185	-4.4572	-6.6412	-7.9561	-5.9578	-3.3574	-1.3142	0.46646	0.78572	0.87518	0.73301	0.53706	0.3596	0.27852	0.19476	0.13917	0.12305	0.083396	0.026306	0.0030837	13.759
915.15	-0.052707	-0.05885	-0.14247	-0.31083	-0.4489	-0.61968	-0.93761	-1.2541	-1.7239	-2.4307	-3.5577	-4.4859	-6.6117	-7.9855	-5.9883	-3.464	-1.3393	0.47122	0.78057	0.88005	0.72265	0.54774	0.36803	0.27618	0.18784	0.13598	0.10534	0.058943	0.029683	0.010393	13.771
916.32	-0.075517	-0.095923	-0.15984	-0.28908	-0.43542	-0.62426	-0.90257	-1.27	-1.7298	-2.4364	-3.4326	-4.5235	-6.6532	-7.9341	-6.0617	-3.3377	-1.3083	0.47241	0.78118	0.86151	0.71509	0.54791	0.36345	0.26746	0.17043	0.14562	0.10036	0.060397	0.026288	-0.0090807	13.789
916.42	-0.056869	-0.066671	-0.15397	-0.28329	-0.44366	-0.60628	-0.85839	-1.2657	-1.7021	-2.4009	-3.4785	-4.4363	-6.7107	-7.9909	-5.845	-3.4331	-1.3198	0.47414	0.79549	0.86837	0.72164	0.53231	0.36177	0.27328	0.19695	0.13579	0.086622	0.061156	0.027125	-0.0058369	13.747
913.87	-0.057028	-0.062894	-0.14602	-0.2882	-0.4671	-0.62683	-0.91683	-1.2743	-1.7441	-2.4077	-3.6648	-4.4226	-6.5458	-8.0464	-5.8794	-3.3903	-1.3034	0.49523	0.79451	0.88565	0.73114	0.52688	0.37678	0.26483	0.19202	0.14109	0.10387	0.075895	0.015411	-0.0034139	13.76
910.35	-0.058101	-0.075866	-0.15416	-0.2703	-0.44662	-0.60942	-0.91958	-1.28	-1.7435	-2.5143	-3.4551	-4.4397	-6.6549	-7.8781	-5.9655	-3.4472	-1.3328	0.47009	0.78468	0.88381	0.73647	0.54021	0.36583	0.27763	0.17626	0.13917	0.11077	0.062332	0.035756	-0.0009784	13.763
909.6	-0.057295	-0.066374	-0.15681	-0.26969	-0.41912	-0.58555	-0.8569	-1.2962	-1.7222	-2.3127	-3.5046	-4.4695	-6.5178	-7.976	-5.8525	-3.3097	-1.2901	0.49123	0.79662	0.87488	0.71954	0.52587	0.3562	0.25596	0.18584	0.13351	0.099471	0.051599	0.014638	0.011273	13.778
910.88	-0.051248	-0.063895	-0.1364	-0.2594	-0.43059	-0.59194	-0.90083	-1.2616	-1.7109	-2.2917	-3.4158	-4.3063	-6.5003	-7.8652	-5.6451	-3.3576	-1.2286	0.50586	0.78825	0.86665	0.69852	0.52426	0.35488	0.23878	0.16831	0.11851	0.084711	0.049218	0.017996	-0.015661	13.723
912.8	-0.057094	-0.052652	-0.13528	-0.26792	-0.43709	-0.56911	-0.86417	-1.2607	-1.6838	-2.4105	-3.4551	-4.245	-6.3529	-7.7327	-5.57	-3.1145	-1.1849	0.5066	0.78579	0.85084	0.70371	0.51277	0.34589	0.24247	0.15777	0.10513	0.075618	0.043742	-0.0031175	-0.011558	13.58
915.25	-0.051851	-0.059632	-0.1324	-0.27543	-0.41838	-0.59808	-0.86816	-1.2238	-1.6655	-2.3688	-3.2696	-4.2684	-6.2359	-7.5303	-5.3658	-3.0451	-1.1072	0.5456	0.80613	0.85815	0.69353	0.51571	0.33509	0.23847	0.14718	0.11222	0.068951	0.048219	-0.0031092	-0.0042216	13.382
915.15	-0.045918	-0.045396	-0.15586	-0.27711	-0.42582	-0.57394	-0.86432	-1.1972	-1.639	-2.3163	-3.335	-4.1387	-6.0616	-7.2916	-5.2493	-2.7926	-1.0111	0.56809	0.82225	0.85127	0.67535	0.48208	0.32444	0.2159	0.14017	0.10158	0.077042	0.034441	0.016228	-0.0017863	13.149
917.06	-0.047516	-0.059518	-0.14384	-0.29212	-0.40466	-0.59243	-0.85701	-1.1896	-1.6146	-2.2763	-3.1706	-4.13	-5.8743	-7.0867	-5.1574	-2.7345	-0.96052	0.5857	0.81893	0.83209	0.66649	0.48538	0.30898	0.21461	0.14689	0.10546	0.06962	0.038953	0.0086431	-0.0082636	12.967
919.19	-0.045716	-0.056227	-0.13184	-0.27753	-0.43314	-0.57676	-0.81736	-1.1894	-1.5988	-2.2447	-3.2648	-3.913	-5.7694	-6.8565	-4.9032	-2.7456	-0.86495	0.61024	0.83379	0.84058	0.65999	0.47737	0.30581	0.22412	0.13877	0.10195	0.072679	0.041913	0.008623	0.0038798	12.759
919.51	-0.038945	-0.037302	-0.13179	-0.26024	-0.43206	-0.54978	-0.83198	-1.1731	-1.5596	-2.2615	-3.0883	-3.8167	-5.6513	-6.7554	-4.7759	-2.4495	-0.75384	0.63859	0.84946	0.82467	0.64654	0.46517	0.29506	0.20071	0.13017	0.090505	0.061388	0.035802	0.0195	0.020039	12.492
918.66	-0.027148	-0.037336	-0.13275	-0.26785	-0.41315	-0.55923	-0.84295	-1.1742	-1.5498	-2.2636	-3.0726	-3.8548	-5.4739	-6.6712	-4.7265	-2.3649	-0.71451	0.66152	0.85104	0.81066	0.62978	0.44408	0.28387	0.19673	0.11939	0.087326	0.049366	0.019816	0.017844	0.009545	12.235
918.34	-0.029694	-0.051545	-0.13113	-0.25893	-0.41698	-0.56926	-0.8456	-1.1513	-1.5246	-2.2643	-2.9905	-3.6312	-5.2764	-6.2536	-4.3868	-2.1311	-0.60797	0.70287	0.85453	0.80573	0.61925	0.43735	0.25528	0.17928	0.10463	0.064505	0.045354	0.028979	0.0027653	0.0095468	11.954
913.97	-0.00010032	-0.023266	-0.11247	-0.23546	-0.41065	-0.57557	-0.83071	-1.1249	-1.4695	-2.0901	-2.9769	-3.692	-5.068	-6.0519	-4.1912	-1.9317	-0.48934	0.7188	0.88591	0.79386	0.61141	0.41175	0.25732	0.17762	0.099654	0.068092	0.041525	0.0076521	0.025512	0.012845	11.642
912.8	0.0015999	-0.023296	-0.11681	-0.25555	-0.43154	-0.56462	-0.80965	-1.1197	-1.4771	-2.0222	-2.8691	-3.6794	-5.0745	-5.7284	-3.9978	-1.7157	-0.35987	0.7503	0.88383	0.78439	0.59722	0.40275	0.2494	0.16442	0.097431	0.070643	0.052115	0.029155	0.020488	0.01286	11.356
913.44	0.0007492	-0.0209	-0.14525	-0.27598	-0.41181	-0.53457	-0.80434	-1.1281	-1.4582	-2.0472	-2.6533	-3.4942	-4.6451	-5.3933	-3.7422	-1.4873	-0.28246	0.78392	0.89285	0.78122	0.57104	0.3765	0.22945	0.15843	0.093447	0.064851	0.04236	0.029902	0.027211	0.021799	11.042
916	-0.0060354	-0.010563	-0.12728	-0.25466	-0.41066	-0.53845	-0.78556	-1.0756	-1.4267	-1.98	-2.6551	-3.311	-4.5905	-5.3782	-3.4166	-1.5093	-0.18716	0.7889	0.89516	0.75726	0.55286	0.36941	0.2247	0.13457	0.075226	0.054851	0.040626	0.024464	0.028817	0.024984	10.653
920.05	0.01931	-0.0034323	-0.13338	-0.25436	-0.42079	-0.53698	-0.768	-1.0625	-1.3987	-1.8925	-2.6158	-3.3223	-4.3713	-5.0341	-3.2133	-1.2251	-0.092245	0.82201	0.90318	0.72965	0.53475	0.33598	0.20244	0.11733	0.064013	0.038319	0.030797	0.010648	0.03538	0.025681	10.36
923.77	0.013348	-0.00028107	-0.12538	-0.26882	-0.38983	-0.5197	-0.76021	-1.0665	-1.3522	-1.7802	-2.3754	-3.0767	-4.1886	-4.801	-3.0575	-0.99553	-0.02055	0.82402	0.88365	0.71288	0.51286	0.32778	0.18614	0.11188	0.071498	0.037354	0.020263	0.020466	0.046067	0.028796	10.069
924.09	0.025947	0.0083401	-0.10958	-0.26384	-0.39609	-0.50709	-0.75137	-1.0388	-1.3261	-1.8406	-2.4848	-2.9725	-3.9478	-4.5784	-2.9137	-0.85701	0.085576	0.83262	0.8897	0.69622	0.48803	0.30371	0.16734	0.085308	0.038965	0.022741	0.01145	0.017426	0.048549	0.046474	9.6673
925.26	0.031788	0.0059825	-0.11938	-0.26838	-0.40746	-0.51975	-0.73872	-1.0118	-1.2989	-1.9514	-2.4358	-3.1319	-3.8686	-4.3357	-2.6337	-0.80419	0.16412	0.8635	0.88936	0.67982	0.47182	0.29136	0.16063	0.083545	0.043553	0.011373	0.0074365	-0.0068309	0.030191	0.038385	9.3381
926.54	0.027555	-0.0080973	-0.1217	-0.26395	-0.39322	-0.51815	-0.72525	-0.96497	-1.2643	-1.6618	-2.2217	-2.9132	-3.5998	-3.9054	-2.363	-0.45855	0.26147	0.86763	0.87706	0.65046	0.43757	0.2517	0.14984	0.069373	0.024966	-0.0023939	0.013015	-0.0022835	0.037623	0.034323	8.9544
923.45	0.037736	0.0020704	-0.12708	-0.24446	-0.37349	-0.50388	-0.71205	-0.96736	-1.2341	-1.7633	-2.1188	-2.9144	-3.4962	-3.7875	-2.0672	-0.32182	0.35941	0.86875	0.88158	0.63103	0.41847	0.25511	0.13404	0.06214	0.024275	0.0032792	0.0042453	-0.00077296	0.036084	0.043288	8.5312
921.75	0.017589	0.0028611	-0.1323	-0.25716	-0.38518	-0.50125	-0.69616	-0.93341	-1.1842	-1.6443	-2.0582	-2.7302	-3.271	-3.5238	-1.9547	-0.24449	0.44318	0.88906	0.87604	0.60276	0.4003	0.22814	0.10162	0.02901	0.0056967	-0.006471	-0.0045738	0.013669	0.037819	0.046592	8.1775
923.13	0.041115	0.0044251	-0.13044	-0.23149	-0.36904	-0.50584	-0.66542	-0.91541	-1.1512	-1.5895	-1.9079	-2.4937	-3.1256	-3.2155	-1.6034	-0.053946	0.51887	0.89662	0.87155	0.58456	0.38324	0.19696	0.088424	0.032284	0.004138	-0.011333	-0.018994	0.010612	0.059437	0.064228	7.8131
925.05	0.041869	0.020859	-0.1103	-0.26356	-0.3628	-0.48615	-0.66404	-0.8895	-1.1248	-1.5165	-1.9407	-2.4456	-2.8141	-2.9718	-1.4485	0.084203	0.57908	0.89387	0.84596	0.53677	0.3332	0.17176	0.065455	0.013168	-0.015973	-0.016171	-0.033349	-0.015163	0.039349	0.048031	7.3941
924.73	0.034326	0.0091171	-0.1269	-0.24493	-0.37937	-0.47389	-0.6401	-0.85998	-1.0876	-1.4473	-1.721	-2.2832	-2.6171	-2.7112	-1.2171	0.31724	0.63893	0.87554	0.81928	0.51624	0.31032	0.14617	0.045944	-0.005053	-0.026809	-0.030764	-0.024559	-0.015927	0.031042	0.051263	7.0143
927.07	0.050153	-0.0018432	-0.12989	-0.22889	-0.36383	-0.45853	-0.62836	-0.8388	-1.029	-1.3829	-1.7991	-2.0376	-2.4295	-2.2721	-1.0627	0.3767	0.71252	0.87067	0.80455	0.4805	0.2866	0.12874	0.0304	-0.010823	-0.039857	-0.050089	-0.03168	-0.0045499	0.052544	0.050331	6.6026
928.78	0.032504	0.016876	-0.1115	-0.23414	-0.34315	-0.44797	-0.60314	-0.81087	-0.98889	-1.3456	-1.5398	-1.82	-2.2608	-2.1866	-0.76776	0.45334	0.75823	0.86907	0.77385	0.45299	0.2362	0.092747	0.0027884	-0.036376	-0.053644	-0.049997	-0.047553	-0.012839	0.023449	0.05104	6.1787
931.01	0.029091	0.0036116	-0.11124	-0.23439	-0.32599	-0.4372	-0.58775	-0.78424	-0.97221	-1.3164	-1.3081	-1.7559	-2.0669	-1.954	-0.71278	0.51226	0.79015	0.84583	0.72787	0.39447	0.20709	0.080634	-0.02309	-0.048631	-0.055052	-0.062756	-0.041876	-0.021842	0.034963	0.027773	5.797
934.1	0.058089	0.0098006	-0.10431	-0.21427	-0.29868	-0.39445	-0.56959	-0.74392	-0.9088	-1.0965	-1.1947	-1.6736	-1.7825	-1.5914	-0.40138	0.79248	0.82854	0.83161	0.70584	0.37608	0.18608	0.03635	-0.043966	-0.067335	-0.061762	-0.070572	-0.05837	-0.022518	0.035672	0.063474	5.4001
936.66	0.054614	-0.0025971	-0.099933	-0.23137	-0.32493	-0.41791	-0.54725	-0.73289	-0.85893	-0.99894	-1.273	-1.5248	-1.6636	-1.4417	-0.21537	0.80737	0.84591	0.79165	0.65458	0.32819	0.13612	0.0075477	-0.053489	-0.088416	-0.081447	-0.095985	-0.059	-0.042657	0.027359	0.052196	4.9849
935.06	0.053045	0.015988	-0.11485	-0.21325	-0.30289	-0.39492	-0.5235	-0.69318	-0.83192	-1.0523	-1.0481	-1.434	-1.5686	-1.3553	-0.22455	0.82581	0.85801	0.76492	0.61412	0.27925	0.10468	-0.0076588	-0.078536	-0.11315	-0.10071	-0.078516	-0.065431	-0.023245	0.047159	0.051491	4.5665
933.14	0.025695	0.026111	-0.095384	-0.20884	-0.29627	-0.38518	-0.51684	-0.67407	-0.78923	-0.8732	-1.0412	-1.3178	-1.2775	-1.0583	-0.0040703	0.92159	0.86798	0.74626	0.569	0.2345	0.068276	-0.037335	-0.097251	-0.11666	-0.11088	-0.097952	-0.082215	-0.027797	0.019215	0.050004	4.1753
932.93	0.055664	0.019906	-0.094583	-0.19114	-0.24833	-0.37471	-0.48295	-0.62578	-0.76245	-0.83887	-0.88669	-1.2414	-1.2288	-0.83161	0.093189	0.96456	0.86325	0.69539	0.51724	0.18579	0.026778	-0.070397	-0.12874	-0.1479	-0.13007	-0.11083	-0.089369	-0.048085	0.039018	0.04922	3.7703
933.46	0.063949	0.012135	-0.091247	-0.19506	-0.27082	-0.37537	-0.47726	-0.61311	-0.69227	-0.87291	-0.88619	-1.0195	-1.1219	-0.60436	0.27868	1.0324	0.87425	0.6396	0.44858	0.14893	-0.019605	-0.11186	-0.15447	-0.15684	-0.1323	-0.13244	-0.10517	-0.054062	0.036522	0.062722	3.4335
935.48	0.048871	0.014432	-0.087774	-0.17292	-0.24765	-0.34385	-0.44616	-0.58558	-0.65677	-0.67299	-0.72089	-0.87291	-0.82591	-0.41718	0.55139	1.0643	0.85025	0.59171	0.399	0.093157	-0.047973	-0.1336	-0.16782	-0.16633	-0.15418	-0.12575	-0.085962	-0.03372	0.040556	0.047495	3.0192
936.12	0.052155	0.022934	-0.088532	-0.17762	-0.2538	-0.34186	-0.44201	-0.53117	-0.67607	-0.64671	-0.69318	-0.84685	-0.58907	-0.20691	0.48934	1.0721	0.83084	0.52642	0.32272	0.047911	-0.086067	-0.17828	-0.19745	-0.1924	-0.17318	-0.13687	-0.12937	-0.056154	0.044639	0.045082	2.6155
935.8	0.054663	0.029131	-0.10002	-0.16642	-0.24125	-0.31216	-0.39977	-0.52234	-0.61701	-0.58668	-0.60268	-0.73679	-0.55668	-0.14234	0.72745	1.0895	0.80984	0.46959	0.27188	-0.0066517	-0.12991	-0.20199	-0.22648	-0.2072	-0.16712	-0.16094	-0.12467	-0.049434	0.038898	0.063359	2.2784
937.51	0.069471	0.014401	-0.098209	-0.15247	-0.24171	-0.30108	-0.38827	-0.50423	-0.59459	-0.60281	-0.53818	-0.48974	-0.46616	0.099841	0.77013	1.062	0.76996	0.39606	0.19941	-0.07729	-0.17585	-0.21765	-0.25577	-0.21663	-0.19352	-0.17024	-0.11576	-0.068778	0.026512	0.056112	1.8987
939.32	0.058592	0.022084	-0.086601	-0.16019	-0.22056	-0.29439	-0.37984	-0.4739	-0.53988	-0.48159	-0.41059	-0.59874	-0.3191	0.18014	0.63694	1.0345	0.71954	0.33238	0.13811	-0.11113	-0.20623	-0.25932	-0.27531	-0.23742	-0.2	-0.16513	-0.13523	-0.079089	0.032197	0.054423	1.5629
940.59	0.045304	0.020515	-0.086483	-0.16878	-0.22744	-0.27828	-0.34559	-0.46267	-0.52106	-0.49806	-0.44615	-0.32766	-0.099727	0.22812	0.77638	0.98216	0.66481	0.25775	0.048242	-0.16867	-0.24712	-0.29764	-0.29495	-0.27049	-0.20962	-0.17207	-0.14449	-0.062591	0.018247	0.037759	1.218
945.06	0.058236	0.037277	-0.075536	-0.15922	-0.19776	-0.26741	-0.33556	-0.42238	-0.48415	-0.45308	-0.30026	-0.35135	-0.026629	0.33904	0.89487	0.99441	0.60654	0.17489	-0.010199	-0.21009	-0.28131	-0.30711	-0.29037	-0.26516	-0.22831	-0.18474	-0.13441	-0.061554	0.028743	0.045443	0.88213
947.3	0.046623	0.021135	-0.08021	-0.1509	-0.20532	-0.25378	-0.34086	-0.43109	-0.45958	-0.45201	-0.42506	-0.16603	0.021748	0.40209	0.91018	1.0089	0.53799	0.12422	-0.086831	-0.2534	-0.34156	-0.35146	-0.32782	-0.28071	-0.23154	-0.19143	-0.1419	-0.060668	0.0099941	0.050826	0.5857
948.15	0.055589	0.030279	-0.076097	-0.11424	-0.18553	-0.23624	-0.30328	-0.4105	-0.41313	-0.31569	-0.066442	-0.09886	0.069983	0.50539	0.92677	0.96591	0.48337	0.057451	-0.13704	-0.30957	-0.36288	-0.36365	-0.34976	-0.30551	-0.24718	-0.21813	-0.13943	-0.065789	0.020535	0.046079	0.26184
947.72	0.057254	0.026474	-0.075324	-0.11985	-0.17848	-0.23028	-0.31559	-0.37916	-0.386	-0.31583	-0.075443	-0.06538	0.14245	0.72101	1.0838	0.82321	0.41164	-0.022206	-0.21063	-0.35518	-0.40391	-0.39135	-0.36739	-0.32181	-0.26012	-0.22139	-0.14964	-0.070253	0.025417	0.055507	-0.0088634
946.66	0.052395	0.018088	-0.07298	-0.1184	-0.17511	-0.22881	-0.28776	-0.35773	-0.3794	-0.21409	-0.1114	0.077198	0.29569	0.62597	1.1286	0.80725	0.34655	-0.086397	-0.28138	-0.40616	-0.43244	-0.41852	-0.38132	-0.32217	-0.21356	-0.24064	-0.14356	-0.065892	0.02707	0.05086	-0.272
944.96	0.049204	0.008922	-0.061761	-0.12259	-0.16559	-0.22227	-0.28293	-0.33973	-0.33076	-0.31675	-0.021743	-0.0067273	0.19129	0.74712	0.90371	0.80028	0.27988	-0.16299	-0.34165	-0.4432	-0.46536	-0.44438	-0.4059	-0.34951	-0.24347	-0.22125	-0.16417	-0.088257	0.013275	0.050166	-0.51541
945.17	0.040155	0.036507	-0.059316	-0.10265	-0.13068	-0.1953	-0.25922	-0.33074	-0.32051	-0.21441	-0.012742	0.10254	0.42527	0.88292	1.078	0.75787	0.21903	-0.22809	-0.40288	-0.47266	-0.49418	-0.46017	-0.42015	-0.33079	-0.24644	-0.22357	-0.16257	-0.094166	0.0051311	0.062731	-0.78777
945.59	0.054098	0.01198	-0.086026	-0.1042	-0.15564	-0.21344	-0.26368	-0.30628	-0.29768	-0.18877	-0.057629	0.1529	0.41702	0.86654	0.92054	0.74066	0.1371	-0.2957	-0.46554	-0.51633	-0.52688	-0.48589	-0.43349	-0.35332	-0.26297	-0.2417	-0.18753	-0.085232	0.017335	0.049345	-0.9856
945.49	0.047533	0.028833	-0.054435	-0.086699	-0.1646	-0.20131	-0.24158	-0.29903	-0.27345	-0.21435	-0.066628	0.18652	0.3364	0.81866	0.95553	0.58882	0.065002	-0.36431	-0.51679	-0.56956	-0.5671	-0.50936	-0.46459	-0.372	-0.263	-0.25203	-0.17112	-0.086725	0.010825	0.050138	-1.1926
945.38	0.040969	0.025006	-0.05363	-0.10582	-0.13781	-0.19525	-0.24543	-0.28447	-0.26801	-0.13769	0.1669	0.20335	0.50586	1.0187	1.1301	0.69018	0.005851	-0.40516	-0.57271	-0.59917	-0.5776	-0.52447	-0.47738	-0.37933	-0.2774	-0.25286	-0.16801	-0.090441	0.031991	0.059574	-1.4027
946.98	0.050738	0.017317	-0.049493	-0.088153	-0.15363	-0.18452	-0.23283	-0.27429	-0.24959	-0.24802	0.041071	0.25334	0.44058	0.98503	1.1718	0.46148	-0.086386	-0.48856	-0.63991	-0.64619	-0.59748	-0.54446	-0.49883	-0.39568	-0.29355	-0.25639	-0.18101	-0.092507	0.027875	0.064183	-1.5808
949.74	0.053862	0.0058284	-0.038058	-0.099784	-0.1523	-0.18831	-0.22076	-0.25816	-0.21692	-0.03527	0.13931	0.32787	0.56778	0.91051	1.0034	0.47694	-0.18213	-0.55368	-0.70292	-0.67456	-0.62852	-0.56702	-0.47994	-0.37356	-0.28291	-0.25564	-0.18672	-0.087812	0.0018641	0.045219	-1.7071
952.29	0.048008	0.029388	-0.051632	-0.093192	-0.14656	-0.18091	-0.20956	-0.25345	-0.20469	-0.0013607	0.13001	0.29363	0.62234	1.0272	0.95737	0.47567	-0.22347	-0.60737	-0.74957	-0.69873	-0.65235	-0.57546	-0.49763	-0.39106	-0.29417	-0.26204	-0.17456	-0.098614	0.02691	0.062262	-1.8381
952.08	0.045574	0.018745	-0.050838	-0.084516	-0.13861	-0.18181	-0.20279	-0.24706	-0.19696	-0.08595	0.24599	0.42719	0.59042	0.88445	0.96623	0.14888	-0.30077	-0.66699	-0.79211	-0.73745	-0.68281	-0.59469	-0.51513	-0.42816	-0.29724	-0.26997	-0.19247	-0.106	0.0018595	0.036523	-1.9858
950.49	0.042381	0.020301	-0.05173	-0.11396	-0.14062	-0.15793	-0.20844	-0.24345	-0.19107	-0.043713	0.2196	0.35269	0.63955	0.95752	0.94183	0.30865	-0.35286	-0.69747	-0.83511	-0.76891	-0.69434	-0.609	-0.47323	-0.41679	-0.31505	-0.28304	-0.19824	-0.089954	0.0083391	0.043621	-2.0711
950.7	0.035839	0.025629	-0.044466	-0.080679	-0.12014	-0.16049	-0.20157	-0.22244	-0.1739	0.074897	0.28207	0.38603	0.79186	0.94141	1.0544	0.24982	-0.42611	-0.74308	-0.87736	-0.77545	-0.71335	-0.63465	-0.51192	-0.40945	-0.30971	-0.25617	-0.20053	-0.094357	0.038287	0.039702	-2.1594
949.74	0.048956	0.038618	-0.05661	-0.074421	-0.13005	-0.16065	-0.20177	-0.22751	-0.17174	0.05802	0.23766	0.41151	0.74445	0.96625	0.83837	0.29208	-0.4459	-0.79482	-0.90605	-0.81068	-0.72527	-0.64028	-0.52433	-0.42922	-0.31454	-0.28721	-0.19996	-0.10257	0.01726	0.052259	-2.2036
947.51	0.039237	0.008898	-0.061595	-0.094458	-0.15444	-0.1567	-0.1992	-0.21996	-0.16668	0.13467	0.30991	0.37893	0.71403	1.0004	0.91868	0.27593	-0.46959	-0.80102	-0.92057	-0.8126	-0.72537	-0.63678	-0.53112	-0.43104	-0.31226	-0.28867	-0.20355	-0.099112	0.010802	0.063361	-2.2691
945.7	0.058197	0.028062	-0.04308	-0.093046	-0.12167	-0.14832	-0.17823	-0.2058	-0.15996	0.23713	0.33744	0.49728	0.76379	1.0103	0.97275	0.16675	-0.52882	-0.83988	-0.95723	-0.82596	-0.73479	-0.64302	-0.52259	-0.43916	-0.31134	-0.26941	-0.20159	-0.095596	0.01896	0.059554	-2.3391
945.81	0.035203	0.017337	-0.060085	-0.10657	-0.11898	-0.15871	-0.18736	-0.20415	-0.15603	0.10084	0.42718	0.43003	0.67498	1.0582	0.91162	0.082355	-0.54496	-0.85801	-0.97807	-0.85034	-0.7596	-0.66636	-0.54561	-0.43182	-0.32492	-0.27018	-0.19375	-0.1067	0.0091951	0.037551	-2.365
946.34	0.050772	0.02039	-0.051957	-0.089802	-0.13142	-0.14388	-0.18878	-0.21133	-0.15751	0.083766	0.21159	0.40459	0.6746	1.0656	0.89367	0.25097	-0.55275	-0.87661	-0.96899	-0.84143	-0.75195	-0.65679	-0.54053	-0.43967	-0.32927	-0.27398	-0.17957	-0.097013	0.0222	0.04067	-2.3985
947.08	0.055652	0.031079	-0.039782	-0.069861	-0.12685	-0.1455	-0.17416	-0.20226	-0.14567	0.1092	0.28315	0.51331	0.65797	1.0568	1.0149	0.14967	-0.53775	-0.84905	-0.97442	-0.84835	-0.76178	-0.65627	-0.52898	-0.44741	-0.31467	-0.28643	-0.18802	-0.079919	0.043309	0.068881	-2.3757
946.98	0.066316	0.028025	-0.034933	-0.093715	-0.12686	-0.14725	-0.18485	-0.19824	-0.15428	0.075192	0.43563	0.33721	0.72246	1.001	0.80597	0.16653	-0.56451	-0.88035	-0.98383	-0.85687	-0.78512	-0.67806	-0.53381	-0.43694	-0.31999	-0.26826	-0.17554	-0.096947	0.030313	0.053983	-2.3589
948.04	0.050681	0.027228	-0.042974	-0.10234	-0.12851	-0.15748	-0.19529	-0.20529	-0.15645	0.024141	0.47095	0.46253	0.71362	0.86431	0.75288	0.24211	-0.5663	-0.87244	-0.9835	-0.85002	-0.75701	-0.65978	-0.54512	-0.43969	-0.32718	-0.2727	-0.2011	-0.10571	0.019726	0.052354	-2.3346
950.49	0.060356	0.020301	-0.033997	-0.096537	-0.13351	-0.1493	-0.17506	-0.20234	-0.1288	0.049504	0.30894	0.56999	0.7439	1.0371	0.82903	0.1911	-0.58419	-0.89437	-0.99331	-0.86882	-0.75346	-0.64145	-0.5453	-0.44017	-0.32332	-0.27752	-0.17022	-0.10027	0.016435	0.052218	-2.3391
951.87	0.049664	0.017989	-0.043607	-0.10351	-0.11911	-0.15425	-0.18011	-0.19641	-0.15348	-0.0013613	0.23713	0.29376	0.76684	0.9323	0.8798	0.15731	-0.58012	-0.87065	-0.99881	-0.85247	-0.7388	-0.65879	-0.52315	-0.42987	-0.31308	-0.25743	-0.18785	-0.086879	0.029347	0.037312	-2.3422
951.12	0.041537	0.01191	-0.049279	-0.11072	-0.13608	-0.16818	-0.19086	-0.20946	-0.15905	0.041007	0.3623	0.42762	0.69527	0.94099	0.91519	0.24971	-0.54996	-0.85407	-0.96874	-0.84223	-0.74896	-0.63935	-0.54177	-0.42457	-0.31558	-0.26473	-0.19656	-0.083264	0.035844	0.04984	-2.333
950.91	0.044812	0.018007	-0.059763	-0.088579	-0.12367	-0.16995	-0.20077	-0.21917	-0.16686	0.032534	0.45168	0.54467	0.73553	1.0923	1.0195	0.2162	-0.50336	-0.81542	-0.92962	-0.82983	-0.74833	-0.63866	-0.53239	-0.42869	-0.30663	-0.2506	-0.18182	-0.089914	0.048799	0.059227	-2.231
949.64	0.043237	0.028708	-0.051777	-0.10693	-0.14253	-0.17191	-0.20711	-0.22269	-0.18423	-0.035274	0.16614	0.41156	0.69636	0.85488	0.8211	0.24168	-0.47096	-0.79231	-0.91464	-0.80741	-0.72215	-0.63036	-0.50378	-0.40264	-0.32286	-0.27145	-0.18829	-0.084132	0.036708	0.042094	-2.0772
946.44	0.03518	0.020388	-0.047903	-0.11286	-0.15015	-0.19156	-0.22153	-0.25016	-0.18797	-0.026887	0.32821	0.35419	0.61006	0.93765	1.0766	0.369	-0.41427	-0.75249	-0.89525	-0.79159	-0.70132	-0.62246	-0.49116	-0.4121	-0.3043	-0.25574	-0.17095	-0.094041	0.036832	0.046945	-1.8472
946.34	0.047491	0.0050829	-0.04629	-0.090597	-0.13409	-0.18378	-0.21545	-0.23723	-0.19425	0.083749	0.26542	0.42979	0.71491	0.97771	0.9634	0.31	-0.34145	-0.69966	-0.82559	-0.7571	-0.68214	-0.59747	-0.51189	-0.37248	-0.27864	-0.23043	-0.1741	-0.089608	0.031146	0.049306	-1.6432
948.25	0.048213	0.0096558	-0.07932	-0.1309	-0.14897	-0.18427	-0.2211	-0.26907	-0.22429	-0.086297	0.27385	0.41216	0.56065	0.9518	0.83098	0.50294	-0.27209	-0.65756	-0.77597	-0.72191	-0.66635	-0.56541	-0.48863	-0.38788	-0.28335	-0.24261	-0.16516	-0.08721	0.022967	0.053125	-1.4468
947.08	0.046634	0.010432	-0.057579	-0.11437	-0.16432	-0.20097	-0.23813	-0.27183	-0.23706	-0.14594	0.058988	0.2617	0.61771	0.953	1.0759	0.46142	-0.19153	-0.57864	-0.71961	-0.69247	-0.64873	-0.57195	-0.53375	-0.37056	-0.27917	-0.24291	-0.18177	-0.07844	0.044122	0.061036	-1.1804
944.96	0.038522	0.015821	-0.065816	-0.12976	-0.17006	-0.19881	-0.25317	-0.28865	-0.2556	-0.095134	0.15798	0.22025	0.68366	1.0431	1.0346	0.59758	-0.10603	-0.49829	-0.64206	-0.6442	-0.60358	-0.5406	-0.45768	-0.35356	-0.25104	-0.2268	-0.17748	-0.076392	0.025491	0.049378	-0.95669
943.47	0.043519	0.0043297	-0.06592	-0.13236	-0.15958	-0.20957	-0.26045	-0.31266	-0.2811	-0.12088	0.059248	0.22901	0.52306	0.8124	1.01	0.57316	-0.044481	-0.4521	-0.6042	-0.6173	-0.58522	-0.53643	-0.45122	-0.36143	-0.27115	-0.2351	-0.16365	-0.077255	0.023899	0.054969	-0.67973
943.89	0.045969	0.00049182	-0.085368	-0.11077	-0.20158	-0.23817	-0.27485	-0.32875	-0.30605	-0.12083	-0.021768	0.2794	0.49858	0.89214	1.0358	0.52217	0.031023	-0.38145	-0.54875	-0.55615	-0.54151	-0.49179	-0.43348	-0.34828	-0.2392	-0.22547	-0.14241	-0.058661	0.026333	0.065964	-0.40131
946.23	0.049959	0.012738	-0.077871	-0.1264	-0.16358	-0.23325	-0.27798	-0.32065	-0.31468	-0.11202	-0.021714	0.1192	0.44092	0.81003	1.0071	0.67268	0.11758	-0.30504	-0.4753	-0.5202	-0.52011	-0.46467	-0.39661	-0.34742	-0.22122	-0.21303	-0.13111	-0.055553	0.036841	0.066586	-0.14271
950.49	0.052184	0.025635	-0.074299	-0.12505	-0.18774	-0.23566	-0.29798	-0.34662	-0.3553	-0.28948	0.040919	0.12704	0.27846	0.86208	0.93316	0.74526	0.18879	-0.22509	-0.40295	-0.48428	-0.48742	-0.44844	-0.41304	-0.31765	-0.21872	-0.21996	-0.12352	-0.075211	0.014817	0.064725	0.15995
950.7	0.034204	-0.001036	-0.099263	-0.1456	-0.1797	-0.25805	-0.32371	-0.382	-0.38245	-0.28095	-0.093061	-0.023388	0.31048	0.66308	0.95898	0.79544	0.26691	-0.15424	-0.34422	-0.42961	-0.44578	-0.42755	-0.3797	-0.31033	-0.21341	-0.19863	-0.13984	-0.050133	0.036667	0.067056	0.53857
950.81	0.041551	0.0096299	-0.10248	-0.13767	-0.21522	-0.26838	-0.32595	-0.39485	-0.40109	-0.33174	-0.13771	0.00168	0.28638	0.68686	1.0803	0.85409	0.35632	-0.075659	-0.27321	-0.38256	-0.41218	-0.39341	-0.35749	-0.30465	-0.2179	-0.19781	-0.12115	-0.046443	0.036663	0.060797	0.79853
947.51	0.044973	0.0058421	-0.094746	-0.16278	-0.23827	-0.27365	-0.36514	-0.41563	-0.43371	-0.36691	-0.17402	-0.19952	0.10224	0.7052	0.87516	0.87391	0.43599	-0.010949	-0.18358	-0.33757	-0.38236	-0.37308	-0.34602	-0.26609	-0.20658	-0.17794	-0.12313	-0.063614	0.027046	0.064147	1.1557
944.74	0.051681	0.01659	-0.097456	-0.176	-0.23092	-0.29009	-0.3601	-0.44685	-0.46866	-0.36798	-0.23745	-0.15807	-0.042776	0.45919	0.91266	0.94405	0.52322	0.083722	-0.11968	-0.28112	-0.32561	-0.33483	-0.31676	-0.27417	-0.20643	-0.17846	-0.11958	-0.042292	0.03527	0.054895	1.5234
943.47	0.034467	0.0081689	-0.10733	-0.17864	-0.23033	-0.28091	-0.39729	-0.46694	-0.49595	-0.49654	-0.30077	-0.28457	0.037995	0.43578	0.95758	1.0384	0.58402	0.16301	-0.044423	-0.22398	-0.285	-0.29925	-0.29405	-0.25018	-0.1832	-0.15328	-0.1017	-0.026751	0.027978	0.046308	1.8349
944.1	0.050072	0.0089301	-0.117	-0.18728	-0.24897	-0.30072	-0.38938	-0.4788	-0.53558	-0.53033	-0.41749	-0.33487	-0.10745	0.33939	0.83463	1.0208	0.63962	0.23854	0.030192	-0.17058	-0.22931	-0.26722	-0.27153	-0.23541	-0.18535	-0.13889	-0.093797	-0.034897	0.043445	0.066736	2.2617
941.13	0.035379	0.0043405	-0.11411	-0.19987	-0.24976	-0.34005	-0.42433	-0.53404	-0.57422	-0.46354	-0.58123	-0.5807	-0.24556	0.18784	0.74088	0.92227	0.70921	0.31605	0.11524	-0.11854	-0.20906	-0.24454	-0.25479	-0.20359	-0.16314	-0.14012	-0.097238	-0.039475	0.029682	0.055896	2.6033
