14291	6	3	91	22.5	748	1	20	8	1.557	128	4096	10	0	0	0	0	199.28	425.3	9.6943e+005	0.078061	0.099994	26.905	0	0	1	0	0	0	11	0	0
357.1	-0.17756	-0.19519	-0.25736	-0.35185	-0.51163	-0.68591	-0.94309	-1.3657	-1.8708	-2.8999	-4.1651	-5.2631	-7.9122	-9.8054	-7.68	-4.8048	-2.2677	0.12353	0.60884	0.9366	0.82151	0.66681	0.49962	0.36236	0.30445	0.24123	0.18467	0.081199	-0.00047305	-0.028378	16.782
353.7	-0.17707	-0.17863	-0.26633	-0.35523	-0.53326	-0.69017	-0.95622	-1.3615	-1.8867	-2.9732	-4.2051	-5.4259	-8.3548	-9.985	-8.36	-5.3698	-2.4498	0.073657	0.61675	0.91175	0.84442	0.68886	0.50867	0.44598	0.3094	0.23931	0.21782	0.1117	0.027807	-0.041256	17.133
350.2	-0.16997	-0.22799	-0.27993	-0.39748	-0.54342	-0.69708	-1.0029	-1.3904	-2.0133	-3.256	-4.3199	-5.6163	-8.4601	-10.646	-8.7734	-5.4919	-2.7631	-0.038106	0.54333	0.91175	0.90058	0.68221	0.5718	0.387	0.30841	0.28237	0.21367	0.080799	-0.013668	-0.065006	17.546
349.32	-0.21263	-0.22027	-0.29379	-0.40709	-0.55204	-0.67063	-1.0012	-1.4334	-1.9866	-2.8492	-4.355	-5.2666	-9.3547	-10.76	-9.1259	-6.3053	-2.9498	-0.1322	0.4985	0.93232	0.87457	0.74051	0.5172	0.42745	0.33785	0.24446	0.22056	0.10708	-0.00048358	-0.054536	17.898
350.09	-0.22991	-0.25909	-0.3391	-0.4019	-0.57738	-0.67854	-0.98257	-1.4171	-1.9569	-3.3951	-4.3698	-5.8904	-9.2689	-11.362	-9.7184	-6.8614	-3.1753	-0.22804	0.47855	0.93028	0.92905	0.74115	0.58058	0.48122	0.31668	0.31457	0.22641	0.11085	-0.00048252	-0.05017	18.282
351.95	-0.26399	-0.30712	-0.32425	-0.4511	-0.53832	-0.73792	-1.0102	-1.3879	-2.0222	-2.8279	-4.2502	-5.8366	-9.7616	-11.882	-9.6905	-7.0065	-3.4285	-0.28514	0.41975	0.95257	0.93924	0.76868	0.57109	0.45038	0.36988	0.31077	0.23362	0.13216	-0.0048505	-0.066792	18.697
353.59	-0.30229	-0.29544	-0.37475	-0.44901	-0.58361	-0.79021	-1.0483	-1.4659	-1.9375	-3.1792	-4.8308	-5.8544	-9.932	-11.848	-10.252	-7.177	-3.5815	-0.35346	0.37008	0.94137	0.90267	0.7651	0.5876	0.47645	0.36411	0.27966	0.24718	0.11371	0.012581	-0.070686	19.047
355.67	-0.32235	-0.35684	-0.35317	-0.51834	-0.65147	-0.80405	-1.1071	-1.4638	-1.922	-2.9341	-4.4444	-6.2445	-9.9382	-12.289	-10.146	-7.7184	-3.7178	-0.40678	0.31017	0.93362	0.90806	0.79842	0.61379	0.4952	0.39013	0.31385	0.23534	0.16624	-0.013454	-0.066093	19.484
358.74	-0.36938	-0.376	-0.395	-0.55377	-0.69536	-0.92073	-1.2223	-1.5324	-1.8829	-2.4825	-4.7378	-5.8148	-10.597	-12.353	-10.151	-7.7192	-3.8804	-0.50855	0.26049	0.94788	0.90454	0.82025	0.60644	0.48029	0.40275	0.284	0.29519	0.13357	-0.021922	-0.053104	19.843
361.04	-0.32832	-0.39166	-0.45826	-0.58361	-0.79391	-0.96034	-1.3303	-1.6606	-1.9447	-2.6005	-4.4724	-5.7997	-10.488	-12.609	-10.406	-7.9132	-4.0573	-0.55306	0.25681	0.93964	0.94084	0.83693	0.64219	0.52604	0.41603	0.32371	0.28512	0.13078	-0.040968	-0.063054	20.271
363.66	-0.36865	-0.40875	-0.49708	-0.59181	-0.85324	-1.1295	-1.5409	-1.893	-2.0384	-2.3159	-3.9264	-5.4302	-10.181	-11.894	-10.444	-8.0754	-4.0237	-0.56035	0.22268	0.93285	0.94448	0.84828	0.63963	0.54331	0.41696	0.32961	0.25254	0.18186	-0.011043	-0.072812	20.699
364.32	-0.3829	-0.42591	-0.53614	-0.61554	-0.85402	-1.3032	-1.9716	-2.0094	-2.248	-2.975	-4.5953	-5.7257	-9.0114	-9.7977	-9.4519	-6.9876	-3.7725	-0.48048	0.29476	0.96841	0.99697	0.84241	0.67153	0.54653	0.42603	0.37016	0.27645	0.1546	-0.046931	-0.078804	21.098
365.2	-0.41388	-0.4705	-0.46563	-0.59963	-0.95609	-1.4933	-2.1743	-2.0571	-2.5282	-2.7694	-4.7005	-5.2116	-7.1102	-7.7661	-7.9839	-6.1841	-3.3104	-0.32874	0.37238	1.0032	0.98835	0.85555	0.69672	0.55781	0.43088	0.36722	0.27377	0.12737	-0.015213	-0.10506	21.528
362.46	-0.37416	-0.46606	-0.54101	-0.64985	-1.1382	-1.8307	-1.9897	-2.1783	-2.9637	-3.6126	-4.1269	-4.1552	-4.7018	-4.6961	-5.2226	-4.6896	-2.4836	-0.12061	0.51483	1.0548	1.0084	0.85328	0.67706	0.58527	0.47754	0.34519	0.27787	0.11866	-0.034433	-0.095602	21.921
359.29	-0.46174	-0.47622	-0.57137	-0.95518	-1.4963	-1.9131	-2.1077	-2.6837	-3.4017	-3.5772	-3.5252	-3.595	-3.4272	-2.8437	-4.1439	-3.9759	-1.949	0.10907	0.60309	1.0508	1.0131	0.89603	0.71656	0.56699	0.44394	0.3378	0.27621	0.13921	-0.043308	-0.10472	22.28
353.26	-0.40808	-0.51509	-0.68955	-1.012	-1.6844	-2.1456	-2.4355	-3.0569	-2.9152	-2.7945	-2.3835	-2.6219	-2.9459	-2.2073	-3.3741	-2.9819	-1.5767	0.21549	0.66736	1.0416	1.0282	0.88892	0.67338	0.60918	0.44341	0.34992	0.2516	0.12572	-0.054936	-0.13805	22.697
347.13	-0.46226	-0.54923	-0.79663	-1.2684	-1.8043	-2.4436	-2.7051	-2.7666	-2.4786	-2.6119	-2.1321	-2.508	-2.7781	-2.0721	-3.1011	-2.6438	-1.4589	0.30443	0.70873	1.0715	1.0332	0.87274	0.72864	0.60008	0.45743	0.35179	0.24539	0.11583	-0.069209	-0.14692	23.157
339.79	-0.54537	-0.57176	-0.99196	-1.6768	-2.3605	-2.7211	-2.7593	-2.5198	-2.2687	-2.2653	-2.0032	-1.9076	-2.1872	-1.9166	-2.537	-2.7244	-1.204	0.35207	0.75426	1.0876	1.0377	0.91719	0.70893	0.57923	0.44836	0.33293	0.27464	0.10184	-0.11147	-0.15665	23.414
332.88	-0.615	-0.76638	-1.3762	-2.1887	-2.7775	-2.8663	-2.641	-2.4063	-2.1914	-2.2155	-1.6621	-1.637	-2.118	-1.752	-2.5648	-2.1096	-1.0771	0.40622	0.84042	1.1006	1.0774	0.94335	0.72364	0.60275	0.43618	0.34659	0.24256	0.070266	-0.11378	-0.23579	23.803
328.39	-0.74873	-0.92464	-1.6726	-2.4685	-2.7178	-2.6881	-2.4136	-2.2176	-1.924	-1.6326	-1.6849	-1.5868	-2.2167	-1.6838	-1.9469	-1.9927	-0.97755	0.45428	0.83406	1.1351	1.0922	0.93459	0.7198	0.57601	0.43779	0.3171	0.21434	0.037086	-0.20204	-0.29105	24.16
326.41	-0.92929	-1.161	-1.8963	-2.5757	-2.5711	-2.5811	-2.1918	-2.0269	-1.7611	-1.223	-1.7991	-1.5477	-1.7861	-1.5551	-1.4786	-2.0292	-0.81447	0.53498	0.86382	1.1762	1.0592	0.90391	0.70109	0.50439	0.40976	0.26391	0.14311	0.0029656	-0.28106	-0.38158	24.509
326.74	-1.0733	-1.2175	-1.9741	-2.58	-2.6176	-2.3122	-1.8916	-1.7411	-1.6801	-1.3943	-1.3295	-1.5219	-1.4342	-1.299	-1.4519	-1.4166	-0.64483	0.61483	0.93479	1.1213	1.0396	0.84249	0.66352	0.51794	0.34806	0.21548	0.07051	-0.13429	-0.43622	-0.59495	24.82
328.83	-1.4136	-1.3683	-2.0245	-2.4767	-2.4083	-2.2277	-1.7611	-1.567	-1.4444	-1.3365	-1.0887	-1.1015	-1.1699	-0.99186	-1.3424	-1.2377	-0.48232	0.65587	0.97124	1.1263	0.95911	0.82994	0.62727	0.45875	0.27407	0.086474	-0.019933	-0.2826	-0.69088	-0.85103	25.129
332.01	-2.1181	-1.8221	-1.8367	-2.2761	-2.2326	-2.0333	-1.501	-1.3235	-1.2613	-0.95975	-1.3596	-0.85173	-1.0668	-1.0279	-0.60908	-1.6345	-0.28848	0.73612	0.93985	1.1083	0.97279	0.81485	0.55098	0.38513	0.20251	0.024696	-0.12002	-0.39809	-0.98327	-1.2658	25.443
337.6	-3.0881	-2.7573	-1.711	-1.9798	-1.9979	-1.7881	-1.2796	-1.1133	-1.0081	-0.9916	-0.78373	-0.9553	-0.7103	-0.69734	-1.0632	-0.68551	-0.13166	0.78715	0.97426	1.0262	0.92519	0.73109	0.50619	0.33109	0.12077	-0.022332	-0.175	-0.49735	-1.163	-1.5266	25.77
343.95	-3.2523	-3.2644	-1.6548	-1.8075	-1.7399	-1.6142	-1.1825	-1.0482	-1.0024	-0.62201	-0.54704	-0.59124	-0.69718	-1.0801	-0.89967	-0.74246	-0.057952	0.79169	0.94772	1.0258	0.90147	0.6831	0.50339	0.28266	0.11229	-0.01756	-0.18898	-0.49835	-1.1661	-1.4919	26.068
352.72	-2.7356	-2.5138	-1.6594	-1.4638	-1.5433	-1.3647	-1.1225	-1.0721	-0.96907	-0.69789	-1.015	-0.55404	-0.74473	-0.96757	-0.9241	-1.0182	-0.045654	0.73014	0.90755	0.94823	0.81233	0.67509	0.42473	0.25825	0.10139	-0.031997	-0.16331	-0.48398	-1.0739	-1.3516	26.346
363.01	-2.0463	-2.1174	-1.6102	-1.3663	-1.325	-1.2536	-1.1324	-1.1493	-1.017	-1.0775	-0.98617	-1.1729	-0.95473	-0.96095	-1.0115	-0.98929	-0.1119	0.71621	0.90202	0.92575	0.79767	0.63635	0.43135	0.28048	0.12413	-0.014574	-0.12199	-0.40849	-0.85053	-1.0472	26.597
373.62	-1.5434	-1.5881	-1.4332	-1.3074	-1.3145	-1.2444	-1.1272	-1.131	-1.095	-0.78821	-1.0718	-1.1396	-1.3359	-1.0146	-1.2918	-1.068	-0.17023	0.68268	0.82535	0.90371	0.80753	0.58864	0.45334	0.28687	0.13209	0.048027	-0.11061	-0.33312	-0.6925	-0.87229	26.803
379.09	-1.2057	-1.3034	-1.3782	-1.2667	-1.2598	-1.2849	-1.1947	-1.3229	-1.1905	-1.0955	-1.1235	-0.80881	-1.4373	-1.1595	-1.3167	-1.1578	-0.20415	0.67284	0.83279	0.91173	0.75581	0.65315	0.46666	0.32315	0.19245	0.049306	-0.0036253	-0.24513	-0.56477	-0.69703	27.012
381.17	-0.82024	-0.86501	-0.97874	-1.1946	-1.2397	-1.2649	-1.402	-1.3719	-1.2694	-1.2375	-1.1397	-1.3671	-1.0093	-1.411	-1.4609	-1.0468	-0.3377	0.63471	0.79746	0.89629	0.81743	0.63092	0.47991	0.33947	0.20829	0.12572	-0.024958	-0.16475	-0.43248	-0.55483	27.22
379.31	-0.80584	-0.87497	-1.0158	-1.3751	-1.2725	-1.3902	-1.3822	-1.5321	-1.418	-1.0524	-1.4811	-1.0387	-1.2354	-1.2984	-1.5334	-1.2834	-0.41409	0.59454	0.78783	0.93645	0.83546	0.68613	0.51799	0.37749	0.26588	0.1619	0.056836	-0.11198	-0.36968	-0.44198	27.379
375.59	-0.77454	-0.82579	-1.1238	-1.3747	-1.4268	-1.4564	-1.5591	-1.5473	-1.4576	-1.5561	-1.1114	-1.3662	-1.3695	-0.92876	-1.5925	-1.2748	-0.48142	0.58295	0.83469	0.96272	0.87608	0.7624	0.5632	0.41998	0.3047	0.20341	0.083006	-0.092571	-0.30982	-0.41867	27.505
369.03	-0.78832	-0.86599	-1.1314	-1.395	-1.4682	-1.4623	-1.583	-1.7035	-1.4595	-1.4747	-1.3843	-1.5843	-1.2492	-1.0477	-1.2408	-1.2975	-0.53773	0.57553	0.87538	0.98633	0.93282	0.7631	0.56302	0.46898	0.30624	0.20094	0.096512	-0.079028	-0.29657	-0.40195	27.591
360.16	-0.8918	-0.93155	-1.2251	-1.4586	-1.4223	-1.5826	-1.66	-1.7072	-1.5201	-1.1755	-1.6541	-1.3807	-1.5552	-1.3464	-1.3172	-1.7948	-0.57012	0.58057	0.8786	1.0571	0.92204	0.80603	0.57897	0.45287	0.32172	0.18507	0.11121	-0.10043	-0.37011	-0.42422	27.643
350.85	-0.96193	-1.0553	-1.3734	-1.4137	-1.5057	-1.5848	-1.7595	-1.7809	-1.495	-1.4133	-1.4076	-1.0777	-1.64	-1.1666	-1.8222	-1.5467	-0.5634	0.60299	0.92908	1.067	0.96382	0.82967	0.60935	0.52821	0.34656	0.18785	0.10994	-0.11108	-0.36457	-0.51172	27.72
341.98	-1.1867	-1.2564	-1.3911	-1.501	-1.5498	-1.5395	-1.6386	-1.6815	-1.5122	-1.1438	-1.3199	-1.2683	-1.2365	-1.3295	-1.3872	-1.5168	-0.54666	0.69065	0.93818	1.139	1.0199	0.85582	0.65377	0.46575	0.33464	0.19054	0.082507	-0.087326	-0.47079	-0.5641	27.788
334.09	-1.0915	-1.2817	-1.456	-1.5432	-1.5636	-1.6447	-1.5585	-1.5675	-1.4328	-1.2672	-1.1732	-1.3458	-1.1972	-1.1573	-1.3706	-1.5765	-0.49995	0.68976	0.96473	1.1396	1.0531	0.84764	0.61965	0.47674	0.2933	0.16811	0.055676	-0.17748	-0.56023	-0.69974	27.837
327.07	-1.3476	-1.2472	-1.4709	-1.5464	-1.5532	-1.5645	-1.5545	-1.4278	-1.3685	-1.3437	-1.2243	-1.2775	-1.4327	-1.2514	-1.8035	-1.2932	-0.46617	0.72714	1.0191	1.1641	1.0339	0.79571	0.63064	0.4331	0.24055	0.12589	-0.042659	-0.29269	-0.72517	-0.92147	27.883
323.01	-1.5809	-1.4423	-1.4277	-1.638	-1.6355	-1.4749	-1.4467	-1.3367	-1.3284	-1.186	-1.0031	-1.5394	-1.0021	-1.1735	-1.5197	-1.2847	-0.35581	0.77948	0.98872	1.1194	1.0163	0.78123	0.59661	0.39348	0.2015	0.094991	-0.093585	-0.35928	-0.84625	-1.1056	27.987
323.23	-1.7936	-1.6026	-1.5523	-1.6905	-1.5874	-1.4967	-1.3364	-1.2978	-1.1742	-1.0357	-0.97613	-1.0715	-1.0486	-0.96222	-0.98288	-1.0122	-0.20625	0.76372	1.0039	1.1162	0.93811	0.80516	0.52401	0.35055	0.18367	-0.0024549	-0.10954	-0.40022	-0.86949	-1.045	27.917
327.29	-1.5982	-1.5872	-1.4395	-1.5085	-1.5083	-1.3553	-1.2031	-1.2022	-1.0466	-1.1213	-1.0159	-0.96108	-1.1055	-0.88099	-1.1219	-0.95093	-0.1756	0.79688	1.0161	1.0731	0.93344	0.73961	0.51982	0.3345	0.14861	-0.007006	-0.10818	-0.37599	-0.80933	-1.0117	27.938
333.98	-1.6731	-1.5706	-1.3005	-1.422	-1.3187	-1.2225	-1.1487	-1.068	-1.0478	-0.83351	-0.97019	-1.2986	-0.87786	-1.0218	-0.92653	-0.76463	-0.14915	0.79567	0.96065	1.0755	0.91475	0.7106	0.52744	0.29568	0.15848	0.040258	-0.11931	-0.34748	-0.81847	-1.0048	27.943
343.84	-1.4874	-1.515	-1.1607	-1.2914	-1.276	-1.1301	-1.078	-1.0797	-1.007	-1.1376	-0.91763	-1.0073	-1.0745	-0.83858	-1.1638	-0.92836	-0.1315	0.80388	1.0014	1.0098	0.89955	0.70861	0.51012	0.34736	0.13729	0.047822	-0.11803	-0.32732	-0.75247	-0.92191	27.926
356.99	-1.2325	-1.1914	-1.1116	-1.2544	-1.1627	-1.1414	-1.0686	-1.0399	-1.001	-0.66695	-1.431	-1.0147	-0.88538	-0.74417	-0.86682	-0.84949	-0.11378	0.73749	0.90696	0.957	0.87919	0.67366	0.50188	0.33028	0.15427	0.054462	-0.088822	-0.28779	-0.65794	-0.79223	27.935
369.36	-1.002	-1.0848	-1.0909	-1.1126	-1.078	-1.1654	-1.0582	-1.0238	-1.0376	-0.77547	-0.80829	-1.0667	-0.69054	-1.0673	-0.9941	-0.88583	-0.15353	0.73279	0.88453	0.96817	0.84359	0.64039	0.48916	0.313	0.16267	0.066842	-0.033772	-0.20037	-0.55882	-0.64299	27.95
377.23	-0.90702	-0.82796	-0.98895	-1.0574	-1.0981	-1.1302	-1.0667	-1.0593	-1.0591	-1.0155	-0.92648	-1.0234	-0.75699	-0.96478	-1.0608	-1.0155	-0.13205	0.70661	0.85828	0.96488	0.8159	0.68782	0.46896	0.32474	0.17444	0.075378	-0.023255	-0.22034	-0.47167	-0.58229	27.903
377.67	-0.8299	-0.86727	-0.90464	-1.0661	-1.0923	-1.0941	-1.1209	-1.1067	-1.1029	-1.0144	-1.1053	-0.93807	-1.1398	-0.98367	-1.1688	-0.92972	-0.18058	0.6645	0.87477	0.93841	0.82501	0.66607	0.50031	0.33451	0.17802	0.077278	0.004196	-0.18854	-0.43241	-0.52653	27.793
372.53	-0.81217	-0.87924	-0.93769	-1.0667	-1.0824	-1.1621	-1.1247	-1.1528	-1.1439	-0.704	-1.1433	-1.2069	-1.1146	-1.0582	-0.98563	-1.221	-0.20364	0.71333	0.85731	0.97492	0.82824	0.67527	0.4769	0.31856	0.2016	0.088398	-0.011636	-0.18738	-0.45078	-0.50189	27.625
363.77	-0.85946	-0.90637	-1.0319	-1.111	-1.1178	-1.1336	-1.1538	-1.1469	-1.1287	-0.94237	-1.0074	-1.1486	-0.82691	-0.95893	-1.2134	-1.1407	-0.18116	0.71922	0.91424	0.96548	0.85027	0.65457	0.50493	0.34939	0.20842	0.08023	-0.015981	-0.18418	-0.40662	-0.52826	27.412
354.8	-0.90966	-1.0212	-1.0752	-1.1858	-1.1937	-1.1785	-1.1748	-1.1522	-1.151	-1.1251	-0.9611	-1.3344	-1.0628	-0.7701	-1.1744	-0.87721	-0.20734	0.7351	0.92703	0.97866	0.88676	0.69342	0.51559	0.34959	0.17338	0.086482	-0.056006	-0.22044	-0.48198	-0.59398	27.236
348.01	-1.0591	-1.0244	-1.1535	-1.2392	-1.1126	-1.2015	-1.1024	-1.113	-1.1182	-0.91563	-1.2727	-0.97236	-0.71096	-0.95891	-0.84181	-1.009	-0.10351	0.80134	0.97674	1.0299	0.86261	0.7274	0.52565	0.33	0.18087	0.053711	-0.033715	-0.23683	-0.57541	-0.65895	26.934
343.51	-1.1611	-1.1454	-1.1775	-1.1546	-1.1665	-1.167	-1.0728	-1.0606	-1.0338	-1.1152	-1.0174	-0.93885	-1.0089	-1.2576	-1.165	-0.78984	-0.029032	0.8405	1.0386	1.0108	0.90925	0.73001	0.47774	0.32762	0.15825	0.047867	-0.066459	-0.29704	-0.5919	-0.75841	26.727
341.32	-1.1162	-1.1018	-1.1379	-1.151	-1.1319	-1.1024	-1.0458	-0.9687	-0.94723	-0.76836	-0.9244	-0.96814	-0.68021	-1.0885	-1.1724	-0.51437	0.047092	0.91322	1.0109	0.99391	0.85058	0.71385	0.50727	0.31177	0.14669	0.048175	-0.10373	-0.301	-0.62952	-0.78504	26.481
341.32	-1.189	-1.1251	-1.1222	-1.1003	-1.0502	-1.0687	-0.97822	-0.89911	-0.89304	-0.88638	-1.0489	-1.0612	-0.59084	-0.84477	-1.1482	-0.98195	0.076272	0.87956	1.0174	1.0477	0.85725	0.64666	0.45875	0.29157	0.12154	-0.026477	-0.13408	-0.34617	-0.68137	-0.79811	26.181
343.29	-1.1731	-1.144	-1.0912	-1.0501	-1.0171	-0.97172	-0.92638	-0.89618	-0.87713	-0.90474	-0.91914	-0.91632	-0.85403	-0.70781	-1.1416	-0.79035	0.16733	0.90798	1.0393	1.0114	0.82799	0.65215	0.44516	0.25865	0.089591	-0.052525	-0.13547	-0.38091	-0.64159	-0.80434	25.907
347.46	-1.0741	-1.0427	-0.99653	-0.9617	-0.92465	-0.92464	-0.87584	-0.88544	-0.88792	-0.87073	-0.59041	-1.0654	-0.90966	-1.1563	-0.55827	-0.64306	0.16973	0.90655	0.99305	0.97407	0.82681	0.59655	0.42249	0.21145	0.092633	-0.02601	-0.15513	-0.34408	-0.67598	-0.73269	25.638
353.26	-1.0433	-0.95999	-0.94545	-0.91394	-0.84487	-0.88156	-0.83082	-0.86439	-0.84819	-0.58278	-0.96528	-0.53067	-0.722	-0.66645	-0.82929	-0.70027	0.22117	0.88003	1.0017	0.9558	0.74659	0.60018	0.40063	0.20147	0.083016	-0.061653	-0.12326	-0.30074	-0.60606	-0.72275	25.35
357.86	-0.89102	-0.93753	-0.90333	-0.86854	-0.88123	-0.82207	-0.84836	-0.85542	-0.80215	-0.9129	-0.73934	-0.7236	-0.81927	-0.57335	-0.93384	-0.4014	0.22475	0.86872	0.99697	0.92121	0.73487	0.56596	0.35552	0.21173	0.057967	-0.05248	-0.13615	-0.29492	-0.52301	-0.64287	25.033
363.01	-0.75647	-0.84643	-0.87786	-0.85623	-0.8478	-0.81041	-0.83435	-0.84119	-0.81728	-0.72246	-0.30782	-0.64769	-0.38742	-1.0026	-0.85244	-0.28581	0.26166	0.91973	0.96264	0.90596	0.77675	0.53397	0.37536	0.19395	0.049261	-0.0021859	-0.10161	-0.25986	-0.46896	-0.51096	24.728
368.92	-0.74645	-0.78968	-0.85342	-0.80374	-0.82505	-0.80411	-0.81903	-0.82356	-0.80819	-0.55805	-0.55603	-0.57275	-0.81538	-0.96604	-0.86117	-0.45423	0.28238	0.86717	0.96909	0.89577	0.71491	0.54257	0.34487	0.19708	0.073677	-0.034656	-0.104	-0.25949	-0.44476	-0.49673	24.378
374.83	-0.72433	-0.75211	-0.80726	-0.80513	-0.80754	-0.798	-0.81189	-0.77992	-0.7619	-0.6782	-0.3434	-0.56372	-0.74152	-0.70879	-0.93561	-0.6387	0.28202	0.85787	0.9636	0.8561	0.70566	0.5298	0.31132	0.19602	0.049615	-0.018115	-0.10038	-0.2797	-0.40695	-0.48692	24.08
377.45	-0.71724	-0.7277	-0.78338	-0.79355	-0.78178	-0.8142	-0.7814	-0.78058	-0.78796	-0.48145	-0.94843	-0.79129	-0.6555	-0.90412	-0.71054	-0.31714	0.32472	0.87801	0.91026	0.8565	0.6565	0.48212	0.34305	0.13985	0.045482	-0.0299	-0.12517	-0.24434	-0.45509	-0.49337	23.655
375.92	-0.69124	-0.71332	-0.78046	-0.8128	-0.8007	-0.8197	-0.76348	-0.76745	-0.77149	-0.84764	-0.92972	-0.79452	-0.86107	-0.80726	-0.82316	-0.084876	0.34438	0.87721	0.92177	0.84087	0.66725	0.50722	0.31441	0.14653	0.043762	-0.020055	-0.12961	-0.25466	-0.44466	-0.48748	23.274
369.36	-0.6783	-0.74561	-0.77151	-0.7926	-0.76002	-0.75426	-0.738	-0.7645	-0.75315	-0.90633	-0.76234	-0.70108	-0.64923	-0.7602	-1.0164	-0.10802	0.38991	0.93503	0.94808	0.83853	0.70584	0.48198	0.29351	0.14084	0.017433	-0.048819	-0.1239	-0.27626	-0.45673	-0.54844	23.005
360.16	-0.71071	-0.77671	-0.79334	-0.79611	-0.75831	-0.73477	-0.73881	-0.74786	-0.73746	-0.77292	-0.75819	-0.69694	-0.83521	-0.82161	-0.63018	-8.2131e-006	0.40837	0.90421	0.99876	0.88432	0.67958	0.47891	0.2801	0.1657	0.03376	-0.052145	-0.16198	-0.29499	-0.43848	-0.52118	22.525
351.51	-0.80109	-0.74019	-0.83901	-0.79643	-0.74091	-0.74818	-0.70365	-0.72049	-0.73035	-0.81484	-0.65604	-0.78189	-0.89917	-0.54071	-0.78648	-0.24969	0.50124	0.93813	0.98578	0.86294	0.6531	0.46821	0.25273	0.12837	-0.030521	-0.11739	-0.1807	-0.34012	-0.5237	-0.60588	22.137
346.47	-0.71413	-0.7405	-0.7893	-0.8015	-0.75412	-0.71405	-0.70555	-0.69559	-0.70254	-0.4547	-0.46953	-0.58694	-0.78015	-0.50496	-0.60749	-0.13818	0.55276	0.97546	0.99588	0.84094	0.65822	0.45219	0.27596	0.088228	-0.028898	-0.12343	-0.17265	-0.32889	-0.50022	-0.58681	21.78
343.62	-0.70424	-0.74664	-0.77132	-0.75119	-0.71366	-0.71758	-0.69461	-0.68352	-0.6976	-0.5757	-0.6711	-0.84609	-0.83103	-0.57511	-0.42052	0.023247	0.5774	0.99549	1.0319	0.8572	0.63273	0.44214	0.24758	0.09342	-0.035383	-0.10046	-0.19131	-0.32549	-0.51109	-0.55924	21.408
344.94	-0.64302	-0.7039	-0.75506	-0.67849	-0.71094	-0.68867	-0.63133	-0.65648	-0.64561	-0.52683	-0.47161	-0.45132	-0.87206	-0.81401	-0.8493	0.13886	0.61295	0.97028	0.99606	0.84468	0.59069	0.44503	0.22263	0.073069	-0.026958	-0.11528	-0.1434	-0.33035	-0.4846	-0.49895	21.045
344.28	-0.70515	-0.69473	-0.72534	-0.67323	-0.70984	-0.66376	-0.61159	-0.63104	-0.61246	-0.62141	-0.44786	-0.65986	-0.85159	-0.72773	-0.49155	0.23179	0.6297	0.99359	1.0384	0.79298	0.62049	0.40454	0.22087	0.066537	-0.033235	-0.12203	-0.19954	-0.32691	-0.49223	-0.54522	20.663
344.83	-0.66125	-0.63902	-0.67309	-0.66343	-0.63765	-0.64842	-0.61689	-0.6056	-0.62222	-0.55034	-0.34861	-0.75095	-0.58483	-0.52924	-0.56253	0.1389	0.68424	1.0111	1.0006	0.79866	0.6085	0.35345	0.20742	0.044213	-0.049782	-0.12836	-0.20137	-0.30607	-0.48698	-0.50127	20.295
346.03	-0.66343	-0.63888	-0.68181	-0.62631	-0.63787	-0.65802	-0.58347	-0.59241	-0.60722	-0.40875	-0.64194	-0.63357	-0.49463	-0.59294	-0.10773	0.20761	0.6885	0.99805	0.99926	0.77743	0.5581	0.36593	0.19582	0.048489	-0.076477	-0.13225	-0.18998	-0.33133	-0.4764	-0.52529	19.89
350.2	-0.59124	-0.62094	-0.62996	-0.66401	-0.57962	-0.56348	-0.60949	-0.58975	-0.60212	-0.44986	-0.5858	-0.6941	-0.53229	-0.52112	-0.36551	0.5014	0.71751	0.98853	0.95387	0.75907	0.57315	0.34127	0.17845	0.050095	-0.05923	-0.12211	-0.2004	-0.31539	-0.45095	-0.48721	19.538
354.47	-0.60164	-0.58282	-0.6094	-0.59867	-0.57501	-0.59606	-0.54518	-0.54158	-0.56982	-0.4672	-0.67455	-0.48403	-0.63344	-0.81344	-0.058616	0.38277	0.74561	1.0067	0.97755	0.72967	0.51055	0.33269	0.16568	0.010593	-0.070624	-0.14813	-0.19172	-0.31751	-0.46506	-0.43733	19.137
358.74	-0.5447	-0.55972	-0.57652	-0.59994	-0.58937	-0.54091	-0.5608	-0.54581	-0.52798	-0.37183	-0.074778	-0.5447	-0.73223	-0.61411	-0.6557	0.3337	0.76663	0.97643	0.96183	0.68761	0.5341	0.3155	0.14902	0.044638	-0.097696	-0.13383	-0.21006	-0.2942	-0.41233	-0.47976	18.788
361.58	-0.53826	-0.55131	-0.5635	-0.5515	-0.54267	-0.52303	-0.54641	-0.51821	-0.5361	-0.4357	-0.23858	-0.34272	-0.49444	-0.77654	-0.19433	0.55179	0.80721	0.99144	0.93195	0.70648	0.52989	0.28022	0.16867	0.020981	-0.065276	-0.1307	-0.18795	-0.28801	-0.42398	-0.44721	18.398
365.42	-0.50075	-0.50589	-0.51147	-0.51482	-0.48379	-0.50407	-0.46766	-0.49181	-0.50213	-0.18866	-0.21285	-0.59997	-0.51012	-0.74772	-0.28257	0.415	0.7673	0.99004	0.89206	0.66194	0.50148	0.28594	0.13806	0.0039854	-0.070464	-0.11703	-0.1637	-0.25814	-0.37742	-0.39373	18
369.36	-0.51853	-0.51226	-0.52054	-0.48487	-0.5404	-0.53425	-0.449	-0.47619	-0.42667	-0.60102	-0.46346	-0.72262	-0.38077	-0.43268	-0.39123	0.45376	0.77156	0.92614	0.92028	0.65704	0.44885	0.22722	0.1101	0.032985	-0.12006	-0.15433	-0.22605	-0.29713	-0.3734	-0.43177	17.637
370.89	-0.45986	-0.48867	-0.50806	-0.48692	-0.50171	-0.49221	-0.47437	-0.48249	-0.47677	-0.64195	-0.66762	-0.16275	-0.27639	-0.79785	-0.10051	0.4949	0.78283	0.9201	0.88681	0.60054	0.43266	0.22202	0.085284	-0.01673	-0.11378	-0.13753	-0.21315	-0.30157	-0.35525	-0.40394	17.291
369.68	-0.47186	-0.46283	-0.47034	-0.49055	-0.45535	-0.47161	-0.45835	-0.46748	-0.46832	-0.36078	-0.76166	-0.57156	-0.62799	-0.80044	0.077668	0.1511	0.79781	0.94974	0.85398	0.6176	0.40532	0.20991	0.099814	-0.020927	-0.077389	-0.17041	-0.21985	-0.29307	-0.37723	-0.39923	16.917
367.71	-0.4406	-0.44955	-0.46869	-0.47885	-0.45319	-0.4719	-0.46081	-0.46165	-0.45675	-0.31893	-0.67333	-0.38019	-0.32023	-0.94865	-0.16868	0.36894	0.82292	0.94813	0.87053	0.60572	0.39716	0.20674	0.075786	-0.025208	-0.10698	-0.17133	-0.18682	-0.28321	-0.32693	-0.38116	16.551
366.62	-0.43557	-0.43311	-0.45755	-0.45153	-0.4315	-0.47779	-0.46416	-0.45466	-0.43995	-0.18804	-0.39738	-0.46798	-0.36281	-0.704	-0.12417	0.23947	0.84418	0.91067	0.83311	0.56617	0.36313	0.175	0.04932	-0.067077	-0.1073	-0.20046	-0.20554	-0.28023	-0.38668	-0.36203	16.23
365.31	-0.42863	-0.45846	-0.44242	-0.4717	-0.47931	-0.47501	-0.44805	-0.4542	-0.50026	-0.29899	-0.073433	-0.49144	-0.51027	-0.93418	-0.26005	0.39325	0.8619	0.9072	0.84615	0.5551	0.3582	0.18213	0.059799	-0.067318	-0.13314	-0.18887	-0.22451	-0.27548	-0.38385	-0.3613	15.892
364.76	-0.42289	-0.43333	-0.47249	-0.48891	-0.46382	-0.48023	-0.425	-0.48219	-0.44828	-0.27737	-0.32957	-0.49218	-0.49014	-0.60398	-0.1248	0.54698	0.84639	0.92656	0.8454	0.50561	0.3296	0.14988	0.016552	-0.048515	-0.16471	-0.1686	-0.20862	-0.27974	-0.32747	-0.39443	15.545
363.99	-0.38325	-0.45614	-0.46506	-0.45892	-0.42997	-0.4226	-0.4358	-0.46426	-0.46751	-0.38858	-0.33035	-0.53684	-0.030188	-0.56369	-0.034436	0.74543	0.8608	0.94881	0.82703	0.52422	0.34906	0.16541	0.043472	-0.057035	-0.13362	-0.18337	-0.21922	-0.28225	-0.32393	-0.36669	15.22
363.88	-0.43671	-0.44035	-0.46731	-0.43838	-0.42081	-0.42273	-0.43197	-0.43282	-0.44325	-0.41082	-0.72711	-0.38419	-0.30265	-0.70934	0.010903	0.6799	0.86948	0.913	0.79705	0.53534	0.29283	0.12199	0.026933	-0.092848	-0.14349	-0.21432	-0.21319	-0.28234	-0.33249	-0.37905	14.918
364.21	-0.42992	-0.46382	-0.42692	-0.39871	-0.42043	-0.39981	-0.46524	-0.45767	-0.4652	-0.43255	-0.42336	-0.47108	-0.5118	-0.48029	-0.12499	0.65734	0.88973	0.86259	0.8507	0.53266	0.3426	0.14577	0.028979	-0.03597	-0.12372	-0.18738	-0.21706	-0.31094	-0.31317	-0.37055	14.598
365.09	-0.42676	-0.42699	-0.43429	-0.41219	-0.40785	-0.42808	-0.36337	-0.44609	-0.43369	-0.25507	-0.58515	-0.40467	-0.57326	-0.85191	-0.034332	0.28417	0.88131	0.89875	0.80246	0.49641	0.27106	0.16923	0.035095	-0.073654	-0.1195	-0.2013	-0.20843	-0.24878	-0.34403	-0.32896	14.332
363.88	-0.3791	-0.41049	-0.39572	-0.36391	-0.39295	-0.36859	-0.428	-0.46861	-0.47375	-0.63218	-0.49375	-0.71162	-0.5961	-0.62619	-0.079795	0.8115	0.86106	0.87465	0.79301	0.46735	0.26778	0.095916	0.012453	-0.09074	-0.1199	-0.18343	-0.21929	-0.25153	-0.33248	-0.31983	14.096
363.88	-0.35775	-0.38064	-0.41467	-0.37011	-0.37901	-0.43175	-0.43197	-0.45598	-0.42699	-0.47723	-0.26039	-0.12221	-0.72188	-0.62619	-0.41976	0.76762	0.87369	0.88819	0.791	0.43227	0.27404	0.11547	-0.022713	-0.086532	-0.16511	-0.18755	-0.18472	-0.28427	-0.30711	-0.35046	13.838
362.02	-0.36817	-0.3866	-0.37871	-0.36578	-0.39963	-0.39089	-0.4561	-0.36733	-0.43531	-0.27946	-0.61359	-0.84695	-0.43063	-0.88004	-0.21687	0.52909	0.87818	0.86781	0.76872	0.45873	0.23979	0.10515	0.0042008	-0.10179	-0.14225	-0.18437	-0.22654	-0.25476	-0.30018	-0.30096	13.605
359.83	-0.35747	-0.35473	-0.41721	-0.39729	-0.40911	-0.43889	-0.35265	-0.35466	-0.38039	-0.41544	-0.87685	-0.41058	-0.83597	-0.96943	0.033934	0.5988	0.88565	0.86625	0.7469	0.46818	0.23914	0.12556	-0.014602	-0.089633	-0.12324	-0.19799	-0.18064	-0.24657	-0.27635	-0.28627	13.414
359.61	-0.35984	-0.37106	-0.37486	-0.40172	-0.37646	-0.35699	-0.34885	-0.31653	-0.38063	-0.25891	-0.52321	-0.45502	-0.75164	-1.1172	-0.17247	0.48827	0.87554	0.89873	0.79223	0.4618	0.2773	0.094862	0.023069	-0.072646	-0.12928	-0.16268	-0.19103	-0.25256	-0.25511	-0.31124	13.182
361.69	-0.34704	-0.37093	-0.36423	-0.34738	-0.36028	-0.31408	-0.27506	-0.33589	-0.31299	-0.41331	-0.96628	-0.71593	-1.0215	-1.1108	-0.26264	0.41927	0.83662	0.87313	0.739	0.44591	0.23371	0.089938	0.012529	-0.097644	-0.11469	-0.16382	-0.16948	-0.22786	-0.28769	-0.27452	13.004
364.21	-0.33824	-0.36239	-0.34699	-0.28504	-0.29747	-0.27135	-0.26523	-0.2936	-0.33723	-0.41045	-0.6099	-0.97273	-1.0353	-1.1238	-0.1703	0.46017	0.86869	0.87161	0.78223	0.45159	0.2738	0.13274	-0.0020252	-0.059107	-0.1139	-0.15034	-0.17847	-0.23014	-0.24978	-0.26242	12.854
366.18	-0.32795	-0.33474	-0.30328	-0.28351	-0.26818	-0.23178	-0.24214	-0.28784	-0.29096	-0.47424	-0.97762	-0.94581	-0.96732	-1.1797	-0.34955	0.56664	0.82636	0.85123	0.73996	0.45135	0.25988	0.095314	0.037045	-0.062971	-0.1172	-0.15772	-0.18963	-0.21742	-0.27996	-0.26507	12.711
365.2	-0.30119	-0.31779	-0.27263	-0.21213	-0.17867	-0.2369	-0.2428	-0.24456	-0.33024	-0.47552	-1.0035	-1.1006	-1.137	-1.3278	-0.3505	0.50261	0.80762	0.88949	0.76606	0.48097	0.2689	0.11506	0.049513	-0.082023	-0.10576	-0.14993	-0.16583	-0.20074	-0.26175	-0.26985	12.572
364.1	-0.27651	-0.26901	-0.24399	-0.17969	-0.1908	-0.23536	-0.26531	-0.19269	-0.34952	-0.47695	-1.263	-1.4093	-1.4546	-1.4564	-0.6234	0.56988	0.80373	0.87638	0.79254	0.46707	0.2572	0.11975	0.010379	-0.035976	-0.10411	-0.13597	-0.15414	-0.20904	-0.22661	-0.25638	12.447
362.13	-0.26943	-0.25848	-0.23051	-0.14741	-0.26418	-0.27064	-0.18112	-0.26144	-0.40862	-1.0801	-1.223	-1.6144	-1.9891	-1.694	-0.67231	0.30851	0.78483	0.88795	0.82318	0.47842	0.30263	0.15534	0.027064	-0.023482	-0.084929	-0.10774	-0.13046	-0.1947	-0.18959	-0.26188	12.354
361.37	-0.22918	-0.20692	-0.15468	-0.22271	-0.24369	-0.19398	-0.18949	-0.23231	-0.5487	-1.2384	-1.5076	-1.7717	-1.6556	-1.7603	-1.1987	0.35339	0.74834	0.89892	0.80462	0.50815	0.28436	0.17099	0.050037	-0.012933	-0.079171	-0.11626	-0.10003	-0.13887	-0.17509	-0.21309	12.271
358.52	-0.17685	-0.16815	-0.16659	-0.18879	-0.15371	-0.19323	-0.17691	-0.35169	-0.62734	-0.95618	-1.8038	-1.5421	-2.1155	-2.3015	-0.90914	-0.044502	0.74573	0.90147	0.82329	0.5478	0.32051	0.19439	0.052529	0.0061978	-0.045884	-0.10464	-0.067806	-0.12434	-0.14857	-0.12982	12.221
357.97	-0.1229	-0.16639	-0.14758	-0.2017	-0.19171	-0.18436	-0.23158	-0.41857	-0.70064	-1.1827	-1.9014	-2.0104	-2.1827	-2.3895	-1.0948	0.33442	0.69336	0.91202	0.88192	0.56647	0.35918	0.18806	0.067329	-0.023755	-0.0099894	-0.033624	-0.084446	-0.11866	-0.14235	-0.13416	12.184
358.74	-0.15294	-0.12565	-0.15581	-0.14462	-0.22663	-0.18854	-0.21902	-0.50524	-0.78163	-1.0679	-2.1578	-1.7404	-2.3906	-2.4054	-1.2074	-0.15568	0.65772	0.90778	0.86981	0.59418	0.33301	0.18546	0.067189	0.031823	-0.025921	-0.075332	-0.078074	-0.10864	-0.099145	-0.10074	12.152
361.47	-0.13245	-0.13472	-0.13132	-0.24764	-0.24362	-0.23026	-0.3251	-0.56287	-0.85144	-1.4609	-1.5072	-2.2766	-2.6257	-2.8055	-1.7003	0.19875	0.61671	0.89411	0.84294	0.55215	0.38721	0.22124	0.099996	0.020987	-0.039572	-0.043663	-0.05702	-0.092311	-0.10265	-0.11025	12.141
364.54	-0.086605	-0.10379	-0.11971	-0.21045	-0.20912	-0.22382	-0.38569	-0.58336	-0.87066	-1.2939	-1.611	-2.6933	-2.6455	-2.8856	-1.7086	-0.19701	0.57579	0.90235	0.88012	0.59348	0.4277	0.21722	0.126	0.043923	-0.0039227	-0.030959	-0.042331	-0.037714	-0.08279	-0.10118	12.152
367.06	-0.066971	-0.11097	-0.20655	-0.21106	-0.17545	-0.22005	-0.40072	-0.68371	-0.98966	-1.3728	-2.0857	-2.4368	-2.8767	-3.2366	-1.6295	-0.41307	0.51132	0.9051	0.84611	0.63942	0.42476	0.27173	0.13129	0.060322	0.033126	-0.02258	-0.031965	-0.052722	-0.075932	-0.057974	12.14
366.95	-0.064876	-0.14258	-0.15441	-0.20087	-0.22387	-0.25143	-0.45588	-0.71315	-0.97181	-1.5708	-1.9938	-2.6756	-3.0022	-3.3612	-2.057	-0.34799	0.4718	0.89195	0.89633	0.63961	0.44352	0.28043	0.14774	0.041548	-0.0077932	-0.0021624	0.0043186	-0.031734	-0.040308	-0.064062	12.147
368.59	-0.12146	-0.15177	-0.1267	-0.18363	-0.18848	-0.2993	-0.50081	-0.7557	-1.0658	-1.6075	-1.8236	-2.9223	-2.8026	-3.5513	-1.8465	-0.36804	0.37617	0.91247	0.8804	0.63243	0.45596	0.23842	0.1818	0.072543	0.029109	0.03241	0.0042994	-0.035396	-0.071443	-0.027493	12.168
367.93	-0.073143	-0.13629	-0.15191	-0.12259	-0.22327	-0.34222	-0.51542	-0.77995	-1.0557	-1.9607	-2.0115	-2.5389	-3.1808	-3.2495	-2.2532	-0.49884	0.33519	0.88733	0.89593	0.66176	0.45058	0.31406	0.15348	0.11432	0.05832	0.024325	0.048541	-0.024035	-0.02765	-0.041678	12.152
367.93	-0.11746	-0.11858	-0.12901	-0.18192	-0.22557	-0.35784	-0.57227	-0.81118	-1.1079	-1.7417	-2.0577	-2.906	-3.4296	-3.8865	-2.3653	-0.62899	0.28939	0.86949	0.88197	0.6791	0.48567	0.32266	0.20462	0.11848	0.052487	0.036543	0.020392	-0.016414	-0.046471	-0.043696	12.167
367.28	-0.094415	-0.079351	-0.089611	-0.17404	-0.24897	-0.35624	-0.58311	-0.85644	-1.1341	-1.8107	-2.2463	-3.1923	-3.6433	-4.0993	-2.5492	-0.86912	0.23984	0.91351	0.91151	0.68684	0.51962	0.37706	0.21524	0.11869	0.064267	0.06722	0.024458	0.0064493	-0.029793	-0.05187	12.155
366.73	-0.047974	-0.07157	-0.11272	-0.17841	-0.26547	-0.38364	-0.61348	-0.91621	-1.1721	-1.44	-2.2265	-3.1321	-3.836	-4.2084	-2.553	-0.97925	0.13993	0.8701	0.93287	0.74227	0.55559	0.37332	0.2443	0.16065	0.10532	0.0898	0.054753	0.0064589	-0.010951	-0.019529	12.297
363.55	-0.056939	-0.088135	-0.092634	-0.20274	-0.32125	-0.40731	-0.67835	-0.96003	-1.2352	-2.2058	-2.0825	-3.5091	-4.1422	-4.37	-3.1198	-0.70243	0.063179	0.88447	0.94303	0.74435	0.58133	0.3831	0.25886	0.17049	0.09837	0.11326	0.047092	0.0007326	-0.0046957	-0.048312	12.425
361.15	-0.027219	-0.068668	-0.11022	-0.1895	-0.31637	-0.44184	-0.6689	-0.96855	-1.3336	-2.0867	-2.6371	-3.7304	-4.2332	-4.8596	-3.4146	-1.3037	-0.01701	0.84719	0.91885	0.7913	0.5747	0.41631	0.25016	0.18434	0.13467	0.09741	0.071986	0.039543	-0.013254	-0.021887	12.575
358.85	-0.053357	-0.081215	-0.083173	-0.2075	-0.33253	-0.495	-0.69127	-1.0089	-1.3916	-1.6512	-2.725	-3.9978	-4.3241	-5.4807	-3.1837	-1.6234	-0.11532	0.85033	0.92883	0.84085	0.61224	0.41897	0.30001	0.18766	0.18138	0.11474	0.086879	0.0437	-0.0090479	0.011098	12.788
359.72	-0.042436	-0.074976	-0.14261	-0.22792	-0.3834	-0.52117	-0.73771	-1.0491	-1.4253	-1.9606	-2.2463	-4.1206	-4.5043	-5.3202	-3.9555	-1.5085	-0.23005	0.79805	0.91638	0.80109	0.63397	0.46411	0.28881	0.21489	0.14913	0.10613	0.10723	0.037753	0.018785	-0.013717	12.985
359.5	-0.0079032	-0.077035	-0.074501	-0.22806	-0.39773	-0.56715	-0.77627	-1.0561	-1.3994	-2.3203	-2.5547	-3.8358	-4.6132	-5.8282	-4.2332	-1.8203	-0.39854	0.76658	0.90673	0.80602	0.64491	0.46	0.31412	0.24272	0.17906	0.12704	0.088781	0.080655	0.0080957	-0.0013197	13.241
361.8	-0.042192	-0.056531	-0.13543	-0.23493	-0.39987	-0.54994	-0.78131	-1.0684	-1.4621	-1.9716	-3.2425	-3.8114	-5.132	-5.833	-4.0467	-2.0513	-0.48071	0.67322	0.89083	0.80972	0.63032	0.46144	0.31628	0.25177	0.20362	0.12831	0.12707	0.049153	0.0037927	0.031544	13.504
362.9	-0.01853	-0.05636	-0.12658	-0.26741	-0.38004	-0.59126	-0.76902	-1.1307	-1.529	-2.1432	-2.9988	-3.8875	-5.3057	-6.3987	-4.6254	-2.4189	-0.61015	0.68703	0.85782	0.84246	0.66818	0.48619	0.33192	0.23834	0.19118	0.15477	0.13076	0.050939	0.00802	-0.015643	13.769
364.1	-0.067514	-0.048218	-0.12616	-0.31201	-0.41824	-0.60959	-0.79817	-1.1522	-1.5788	-2.2689	-3.4786	-3.6783	-5.4976	-6.6267	-4.6554	-2.6082	-0.78277	0.6081	0.83081	0.87255	0.6618	0.4911	0.34943	0.24177	0.20823	0.11721	0.10798	0.066169	0.0016524	0.019104	14.038
364.54	-0.018446	-0.081936	-0.18485	-0.29305	-0.45946	-0.56382	-0.85656	-1.1991	-1.5911	-2.2883	-3.0085	-3.8918	-5.8885	-6.7432	-5.2833	-2.7364	-0.86589	0.54658	0.81372	0.82553	0.69017	0.53607	0.33249	0.26249	0.17658	0.15407	0.16873	0.05263	0.014313	-0.025762	14.344
365.09	-0.080094	-0.12942	-0.17408	-0.34828	-0.49811	-0.56073	-0.86911	-1.1784	-1.6049	-2.2407	-3.6088	-4.1471	-5.7752	-7.1886	-5.3206	-3.2788	-1.066	0.52328	0.80446	0.86145	0.68913	0.5266	0.3856	0.27259	0.2155	0.15384	0.12997	0.05831	-0.015217	0.021086	14.637
363.99	-0.065403	-0.11389	-0.15356	-0.3059	-0.46479	-0.63683	-0.87172	-1.2514	-1.7155	-2.4466	-3.4563	-4.3341	-6.0231	-7.6257	-5.7218	-3.2009	-1.2271	0.49328	0.74239	0.87939	0.73501	0.53687	0.39916	0.2713	0.2024	0.18107	0.14459	0.081584	-0.011033	-0.0258	14.966
363.12	-0.10191	-0.12813	-0.1687	-0.29627	-0.50547	-0.65193	-0.93142	-1.2228	-1.744	-2.386	-3.2776	-4.2352	-6.3527	-7.7274	-6.1217	-3.5164	-1.4326	0.40179	0.73812	0.82657	0.73888	0.58825	0.39183	0.30782	0.23243	0.17944	0.15105	0.064416	0.016492	-0.021769	15.276
362.9	-0.086997	-0.10226	-0.18992	-0.32963	-0.48948	-0.65006	-0.97372	-1.3249	-1.7512	-2.5872	-3.537	-4.3253	-6.7769	-8.357	-6.3754	-3.8703	-1.615	0.33644	0.71432	0.84906	0.76862	0.58424	0.43563	0.35446	0.25425	0.19194	0.17357	0.087624	0.010135	-0.021782	15.617
360.71	-0.11981	-0.11493	-0.21443	-0.33998	-0.50884	-0.66539	-0.90965	-1.3542	-1.8029	-2.6252	-3.888	-4.7479	-7.2198	-8.764	-6.7113	-4.3806	-1.8266	0.27248	0.68002	0.89403	0.76697	0.63383	0.42784	0.36935	0.25183	0.17233	0.17053	0.064846	0.014465	-0.0054366	15.95
358.41	-0.11842	-0.1096	-0.23932	-0.34216	-0.51918	-0.67195	-0.94969	-1.3821	-1.8082	-2.6645	-3.7945	-4.8449	-7.6066	-9.0523	-7.1456	-4.52	-2.0328	0.19179	0.65572	0.90868	0.81002	0.65775	0.44949	0.38882	0.2754	0.20898	0.20051	0.078947	0.010262	-0.038642	16.293
