12212	1	3	91	28	757	1	10	4	3.496	128	4096	10	0	0	0	0	447.43	960.96	1.4317e+006	0.11664	0.14888	40.573	0	0	1	0	0	0	11	0	0
945.21	0.017023	-0.052641	-0.16938	-0.29324	-0.42708	-0.49958	-0.67196	-0.83688	-1.0371	-1.5637	-1.7579	-2.1425	-4.6011	-2.3013	-0.87274	0.38145	0.76808	0.84243	0.74288	0.41762	0.2274	0.096021	0.027061	-0.0183	-0.015041	-0.021551	-0.018814	-0.0048197	0.031687	0.037214	6.427
943.83	0.040082	-0.029697	-0.15421	-0.29765	-0.41428	-0.50205	-0.66225	-0.85921	-1.0542	-1.5234	-1.6435	-1.9268	-4.4705	-2.1926	-0.90897	0.44966	0.74242	0.8341	0.74708	0.43092	0.24946	0.11208	0.043849	-0.0037175	9.0531e-005	-0.016024	-0.0070842	-0.0040833	0.030103	0.034907	6.5784
943.08	0.035174	-0.048152	-0.16002	-0.28592	-0.41012	-0.5216	-0.65589	-0.84689	-1.048	-1.4563	-1.7168	-2.1052	-4.474	-2.3626	-0.98839	0.31463	0.7292	0.84607	0.75778	0.45326	0.26093	0.10294	0.031113	-0.014281	-0.016594	-0.025572	-0.017288	-0.0025999	0.013806	0.040449	6.698
945.95	0.012904	-0.067146	-0.16925	-0.30335	-0.43478	-0.51568	-0.69736	-0.8678	-1.0816	-1.571	-1.7655	-2.2416	-4.5249	-2.5633	-1.029	0.11119	0.71403	0.83049	0.74152	0.4426	0.25452	0.116	0.04216	-0.017477	-0.0089824	-0.013611	-0.024275	0.0011111	0.015392	0.046609	6.8629
947.02	0.0096119	-0.051775	-0.18362	-0.29824	-0.43518	-0.53416	-0.69734	-0.86521	-1.0733	-1.6798	-1.7904	-2.323	-4.3829	-2.5604	-1.0365	0.035235	0.68815	0.84863	0.76857	0.46064	0.26787	0.12757	0.056418	0.010856	-0.0089723	-0.019926	-0.014092	0.019607	0.024313	0.037143	7.0067
947.34	0.017802	-0.04029	-0.18194	-0.31959	-0.43236	-0.53138	-0.69025	-0.88595	-1.0917	-1.6963	-1.754	-2.1209	-4.47	-2.5196	-1.219	0.21213	0.66931	0.8492	0.77063	0.46639	0.28621	0.16091	0.065933	0.036734	0.012171	0.010143	0.011683	0.007767	0.028366	0.044974	7.214
945.42	0.022766	-0.041137	-0.15395	-0.31706	-0.42966	-0.54288	-0.70767	-0.90152	-1.1018	-1.623	-1.8294	-2.2176	-4.4468	-2.5327	-1.2215	0.052183	0.65689	0.84051	0.78694	0.49096	0.30045	0.15956	0.072439	0.023031	0.0023602	-0.0041052	-0.0015947	0.017418	0.026796	0.045849	7.3805
946.27	0.0014107	-0.051049	-0.17405	-0.30961	-0.43017	-0.53892	-0.72685	-0.90718	-1.1367	-1.6641	-2.07	-2.3416	-4.6363	-2.866	-1.386	0.0015149	0.63282	0.83281	0.77925	0.48799	0.30258	0.14605	0.072372	0.02139	0.012185	-0.0025184	-0.0086287	0.0011121	0.019454	0.035603	7.5453
947.55	-0.0051448	-0.052511	-0.19645	-0.31237	-0.4501	-0.56332	-0.72283	-0.9189	-1.1258	-1.6959	-2.0493	-2.4223	-4.5334	-2.8223	-1.4451	-0.14165	0.59801	0.84122	0.80142	0.5126	0.30779	0.16505	0.078629	0.03268	0.014434	-0.0096326	0.006997	0.019596	0.038106	0.036337	7.7374
948.29	0.0022276	-0.059343	-0.1866	-0.33594	-0.44351	-0.56028	-0.7177	-0.93676	-1.1554	-1.856	-2.0745	-2.4371	-4.4735	-2.9795	-1.5744	-0.074218	0.58058	0.84835	0.80389	0.52482	0.32756	0.1891	0.090475	0.048005	0.011405	0.013294	0.017132	0.024755	0.030772	0.048061	7.9492
946.27	0.031773	-0.056408	-0.17243	-0.29688	-0.43463	-0.545	-0.72761	-0.93309	-1.1477	-1.6897	-1.8098	-2.4003	-4.467	-2.9938	-1.6388	-0.040645	0.54782	0.85537	0.81336	0.54112	0.34832	0.20036	0.1034	0.060252	0.034861	0.024409	0.033588	0.018143	0.029212	0.041882	8.1185
945.42	0.021125	-0.051862	-0.18231	-0.29397	-0.45558	-0.56806	-0.74352	-0.95338	-1.1965	-1.7423	-2	-2.5201	-4.5759	-3.2364	-1.6926	-0.19262	0.524	0.85092	0.81642	0.55849	0.35506	0.20305	0.10429	0.049771	0.034135	0.015713	0.022662	0.0092657	0.033309	0.043492	8.3151
947.44	0.0022296	-0.063218	-0.17545	-0.3283	-0.45907	-0.56685	-0.75107	-0.95134	-1.204	-1.7556	-2.1392	-2.7244	-4.5098	-3.3413	-1.7673	-0.25959	0.48407	0.83698	0.82706	0.56404	0.36633	0.21097	0.10565	0.048049	0.049917	0.022799	0.009339	0.0196	0.019428	0.025361	8.5388
947.97	0.013697	-0.064711	-0.1802	-0.32335	-0.4499	-0.56739	-0.76967	-0.96455	-1.2362	-1.8821	-2.2006	-2.7396	-4.5314	-3.4032	-1.8707	-0.23418	0.45955	0.84517	0.8297	0.56877	0.37974	0.22252	0.12227	0.06176	0.049133	0.026738	0.033528	0.032155	0.021853	0.041024	8.7277
947.44	0.0030502	-0.054045	-0.18515	-0.32591	-0.44213	-0.56598	-0.75488	-0.98126	-1.2478	-1.9426	-2.3005	-2.716	-4.4293	-3.5807	-1.8892	-0.41121	0.43717	0.85171	0.84332	0.60531	0.39999	0.24685	0.13266	0.094948	0.060487	0.037828	0.047602	0.031432	0.055167	0.033204	8.9196
944.68	0.0071681	-0.044236	-0.16461	-0.32368	-0.43447	-0.58502	-0.77541	-1.0117	-1.26	-1.7693	-2.2623	-2.9426	-4.4503	-3.6632	-1.9558	-0.33638	0.39141	0.85942	0.84346	0.60455	0.41242	0.25176	0.15297	0.076573	0.059906	0.026039	0.031294	0.024107	0.034148	0.049031	9.0903
945.42	0.015376	-0.067184	-0.18879	-0.33855	-0.4681	-0.58369	-0.79006	-1.0036	-1.2747	-1.9212	-2.3862	-2.999	-4.6162	-3.8842	-2.2247	-0.63155	0.3279	0.83182	0.84202	0.6142	0.4153	0.25658	0.14569	0.088669	0.056831	0.03553	0.024228	0.023347	0.003192	0.035632	9.2943
946.48	-0.022378	-0.074761	-0.20153	-0.34612	-0.47471	-0.59083	-0.78841	-1.0082	-1.3163	-1.885	-2.5091	-3.13	-4.4579	-3.9038	-2.2658	-0.66456	0.2992	0.83783	0.84805	0.61773	0.42527	0.26381	0.15904	0.091805	0.068104	0.021238	0.020293	0.015177	0.01701	0.030883	9.4921
945.53	0.0038771	-0.054921	-0.19444	-0.36797	-0.48949	-0.5897	-0.80217	-1.0197	-1.3168	-2.0744	-2.5566	-3.1499	-4.3092	-4.0996	-2.3553	-0.68212	0.25413	0.84475	0.84193	0.63523	0.43534	0.27913	0.17194	0.1081	0.069685	0.046623	0.047698	0.051506	0.047954	0.045844	9.7066
941.7	0.0071908	-0.039761	-0.17245	-0.3303	-0.46187	-0.5982	-0.8062	-1.0531	-1.3426	-2.0144	-2.4047	-3.1459	-4.4563	-4.2207	-2.4787	-0.65099	0.22994	0.84993	0.87261	0.65985	0.45888	0.29874	0.18383	0.124	0.080602	0.059547	0.050249	0.047252	0.053051	0.04603	9.9119
940.21	0.00059594	-0.049069	-0.17843	-0.33963	-0.4662	-0.59827	-0.81362	-1.0793	-1.3565	-1.9576	-2.5349	-3.21	-4.4796	-4.3802	-2.6055	-0.82178	0.17816	0.83294	0.86307	0.67363	0.47979	0.30762	0.18252	0.12746	0.083772	0.056453	0.058198	0.03391	0.022853	0.03425	10.083
941.7	-0.0093003	-0.074371	-0.20418	-0.36787	-0.50314	-0.59994	-0.83148	-1.0971	-1.3795	-2.0828	-2.585	-3.4411	-4.6102	-4.4856	-2.8904	-1.0832	0.10791	0.80896	0.86171	0.66748	0.47662	0.30294	0.18703	0.124	0.095032	0.061138	0.047106	0.033113	0.013828	0.032618	10.32
940.53	-0.003533	-0.076004	-0.20281	-0.37393	-0.49928	-0.61203	-0.82024	-1.0732	-1.3978	-2.2053	-2.7417	-3.4454	-4.5591	-4.7243	-2.894	-1.1864	0.074646	0.8091	0.86512	0.68952	0.5087	0.33778	0.22568	0.14696	0.095912	0.071573	0.060536	0.052525	0.031026	0.042929	10.514
937.76	-0.0085118	-0.077774	-0.18217	-0.34533	-0.50976	-0.60771	-0.82805	-1.0943	-1.4208	-2.0658	-2.5506	-3.3793	-4.5645	-4.8914	-3.2367	-1.0367	0.011145	0.81061	0.88175	0.70432	0.53854	0.35058	0.21992	0.14576	0.096195	0.089366	0.063872	0.046702	0.041786	0.045433	10.739
934.35	0.0080779	-0.057902	-0.17299	-0.33451	-0.49082	-0.63101	-0.87429	-1.1237	-1.4489	-2.2199	-2.6962	-3.4511	-4.5403	-5.063	-3.1956	-1.2625	-0.052771	0.79863	0.8622	0.72055	0.534	0.36625	0.24731	0.16843	0.12028	0.089692	0.075979	0.056622	0.02876	0.03844	10.931
935.53	-0.017662	-0.083377	-0.18669	-0.36547	-0.48208	-0.64514	-0.87936	-1.1436	-1.4566	-2.2946	-2.8653	-3.5148	-4.6324	-5.2587	-3.4649	-1.4657	-0.13787	0.76166	0.86504	0.72648	0.52684	0.35903	0.23091	0.1674	0.11554	0.091983	0.066395	0.051308	0.029548	0.015362	11.116
935.74	-0.00023212	-0.067879	-0.19157	-0.3678	-0.50454	-0.63359	-0.86992	-1.1663	-1.4713	-2.1994	-3.0552	-3.48	-4.6069	-5.4837	-3.561	-1.6871	-0.17878	0.76061	0.85701	0.72972	0.55107	0.37923	0.24694	0.18128	0.12621	0.080751	0.079822	0.049049	0.036121	0.034413	11.33
934.67	0.00226	-0.067182	-0.2049	-0.35936	-0.51958	-0.65099	-0.92261	-1.1422	-1.4991	-2.3828	-3.0314	-3.6454	-4.4571	-5.5709	-3.7769	-1.7146	-0.24127	0.75445	0.87603	0.75019	0.57444	0.39235	0.26091	0.19378	0.12789	0.099283	0.076746	0.049105	0.041101	0.035249	11.522
930.84	-0.0094088	-0.055009	-0.17776	-0.33577	-0.49086	-0.62722	-0.83885	-1.1403	-1.5307	-2.185	-2.9162	-3.5836	-4.5984	-5.675	-3.8101	-1.7817	-0.29906	0.74256	0.86624	0.77643	0.58578	0.42624	0.27735	0.20199	0.13917	0.1166	0.10567	0.062105	0.047059	0.013043	11.673
930.52	-0.002737	-0.069039	-0.19099	-0.3464	-0.52099	-0.64949	-0.89727	-1.1819	-1.5535	-2.255	-3.1362	-3.8324	-4.6901	-5.9857	-4.0064	-1.9024	-0.38808	0.7093	0.84841	0.76898	0.57374	0.40769	0.27259	0.18971	0.12846	0.082814	0.086628	0.040289	0.010685	0.02263	11.867
932.54	-0.021881	-0.076655	-0.1799	-0.3513	-0.52439	-0.66216	-0.90228	-1.204	-1.585	-2.4142	-3.1932	-3.8412	-4.729	-6.1105	-4.1481	-1.9667	-0.4546	0.69103	0.84578	0.76902	0.59692	0.40681	0.27604	0.19587	0.14812	0.10996	0.093581	0.052223	0.025517	0.031344	12.099
932.54	-0.026045	-0.073547	-0.19058	-0.37309	-0.52168	-0.67273	-0.91002	-1.2294	-1.6033	-2.371	-3.2478	-3.9178	-4.5818	-6.2565	-4.2277	-2.155	-0.50554	0.67783	0.84972	0.77501	0.59204	0.42038	0.2825	0.20244	0.14275	0.097101	0.080887	0.062744	0.035418	0.022581	12.23
930.42	-0.0077449	-0.061263	-0.16219	-0.35129	-0.5038	-0.65485	-0.86404	-1.1903	-1.5664	-2.4717	-3.2461	-3.8414	-4.5759	-6.4252	-4.4147	-2.3314	-0.55445	0.67938	0.86191	0.80595	0.62196	0.45703	0.30499	0.22514	0.15922	0.11263	0.10254	0.082466	0.042116	0.040202	12.402
927.43	-0.024513	-0.057554	-0.16106	-0.35323	-0.50997	-0.67024	-0.90648	-1.2379	-1.5906	-2.358	-3.165	-3.9394	-4.5001	-6.5844	-4.5622	-2.4078	-0.63058	0.66918	0.84491	0.81284	0.62641	0.46703	0.31571	0.2209	0.16128	0.11622	0.081333	0.057044	0.027316	0.031517	12.513
928.92	-0.024474	-0.08475	-0.1806	-0.35024	-0.49915	-0.65767	-0.94152	-1.24	-1.639	-2.4323	-3.4067	-3.9844	-4.7803	-6.8587	-4.7236	-2.6359	-0.71534	0.62569	0.81986	0.79865	0.62296	0.45351	0.30061	0.21065	0.15871	0.10232	0.085185	0.050164	0.013189	0.021068	12.684
928.92	-0.016952	-0.08475	-0.1839	-0.33808	-0.51734	-0.65414	-0.92754	-1.2532	-1.6143	-2.4236	-3.3975	-4.1298	-4.5422	-6.8343	-4.9456	-2.5757	-0.77389	0.61773	0.81355	0.80552	0.63358	0.45436	0.31763	0.21808	0.15948	0.11442	0.083592	0.05846	0.022301	0.0098719	12.81
928.39	-0.026997	-0.078558	-0.15925	-0.34963	-0.5049	-0.65717	-0.92108	-1.2143	-1.6615	-2.5638	-3.4086	-4.0808	-4.5366	-7.0092	-4.9307	-2.7061	-0.79744	0.60306	0.82744	0.82145	0.65194	0.46229	0.317	0.22975	0.16419	0.11287	0.095594	0.069816	0.021486	0.029083	12.928
925.52	-0.01198	-0.05063	-0.16388	-0.3255	-0.51833	-0.63792	-0.89043	-1.2429	-1.6482	-2.5544	-3.3642	-4.1021	-4.6001	-7.0637	-5.1242	-2.7404	-0.87276	0.58897	0.82922	0.83004	0.66545	0.47995	0.32937	0.22384	0.15234	0.12132	0.086298	0.07079	0.033193	0.02195	13.015
925.84	-0.0010712	-0.052959	-0.15555	-0.34653	-0.50811	-0.66873	-0.9096	-1.2565	-1.6684	-2.4839	-3.4089	-4.2551	-4.6232	-7.4205	-5.2204	-2.886	-0.94942	0.56305	0.79091	0.82545	0.65292	0.47637	0.32113	0.22294	0.1631	0.10995	0.087867	0.063198	0.011571	0.013113	13.068
928.61	-0.032844	-0.08088	-0.18974	-0.34387	-0.49204	-0.67381	-0.94495	-1.2841	-1.681	-2.5372	-3.545	-4.4392	-4.6998	-7.3333	-5.4802	-2.9891	-0.98289	0.53928	0.79566	0.80837	0.65179	0.47155	0.32179	0.22393	0.16569	0.12253	0.086011	0.056972	0.0098773	0.0026721	13.194
929.56	-0.027798	-0.082354	-0.16317	-0.3338	-0.51062	-0.67135	-0.91682	-1.2565	-1.6753	-2.5433	-3.4866	-4.4859	-4.6375	-7.407	-5.3503	-2.9603	-1.0305	0.52989	0.79247	0.8333	0.66174	0.47702	0.32389	0.23853	0.16168	0.12482	0.085922	0.053897	0.021458	0.013861	13.277
928.39	-0.016124	-0.059834	-0.16255	-0.35449	-0.50399	-0.65186	-0.9304	-1.2465	-1.6846	-2.4597	-3.3629	-4.3632	-4.6845	-7.4978	-5.4281	-2.9726	-1.0508	0.53763	0.79663	0.83435	0.67566	0.48613	0.34944	0.25038	0.16111	0.13063	0.087625	0.07661	0.034747	0.029083	13.348
927.33	-0.026191	-0.055217	-0.15695	-0.32892	-0.50456	-0.64287	-0.89258	-1.2628	-1.6841	-2.6362	-3.3942	-4.2911	-4.5747	-7.5553	-5.5767	-3.0793	-1.0759	0.51789	0.79359	0.83617	0.68544	0.5046	0.33847	0.23663	0.1559	0.12108	0.10049	0.052516	0.029809	0.031521	13.402
930.42	-0.036953	-0.086949	-0.17949	-0.36181	-0.50743	-0.66368	-0.93768	-1.2742	-1.6857	-2.7141	-3.5838	-4.4561	-4.7399	-7.6847	-5.6734	-3.172	-1.0963	0.50911	0.7878	0.83339	0.67256	0.48423	0.32036	0.22678	0.14846	0.11504	0.074713	0.050083	0.018957	0.010653	13.428
932.12	-0.04355	-0.080576	-0.1882	-0.345	-0.49834	-0.65894	-0.94061	-1.2678	-1.6762	-2.6659	-3.6319	-4.5247	-4.6657	-7.622	-5.6011	-3.3203	-1.1164	0.50818	0.78085	0.83958	0.66644	0.48843	0.33027	0.23048	0.16277	0.11001	0.08648	0.040969	0.015621	-0.0021195	13.468
932.44	-0.032709	-0.084431	-0.18238	-0.34165	-0.49092	-0.64023	-0.93952	-1.2805	-1.686	-2.5354	-3.6033	-4.3102	-4.6396	-7.6599	-5.5992	-3.2849	-1.1374	0.48776	0.77665	0.84357	0.6825	0.50607	0.34065	0.25258	0.17115	0.12765	0.095972	0.053731	0.038723	0.025772	13.468
930.31	-0.023603	-0.072947	-0.15563	-0.32787	-0.48932	-0.64081	-0.906	-1.2629	-1.6867	-2.5066	-3.5933	-4.2688	-4.5764	-7.718	-5.6563	-3.2153	-1.1614	0.49241	0.78474	0.84378	0.69549	0.50723	0.34062	0.23999	0.1677	0.11828	0.10255	0.052348	0.025578	0.003467	13.479
931.05	-0.033591	-0.065888	-0.17113	-0.30578	-0.47441	-0.62796	-0.88901	-1.2865	-1.7091	-2.6689	-3.5631	-4.3848	-4.8021	-7.8743	-5.767	-3.3155	-1.1852	0.46645	0.76914	0.83796	0.66965	0.49069	0.31044	0.23568	0.1545	0.11899	0.08499	0.044026	0.012333	-0.0077095	13.47
934.46	-0.048426	-0.091999	-0.17297	-0.34252	-0.49167	-0.6406	-0.95369	-1.2712	-1.7243	-2.6161	-3.6228	-4.4539	-4.7112	-7.7647	-5.7724	-3.2778	-1.1923	0.4788	0.75378	0.84003	0.67452	0.49313	0.32944	0.22826	0.16236	0.11856	0.083889	0.040117	-0.001712	-0.0044997	13.497
935.95	-0.050008	-0.088756	-0.16942	-0.33474	-0.48728	-0.658	-0.94447	-1.2536	-1.6883	-2.5689	-3.6442	-4.3279	-4.5896	-7.72	-5.6839	-3.4687	-1.1896	0.47453	0.76747	0.84807	0.67913	0.48981	0.34098	0.24263	0.16822	0.10075	0.082176	0.048289	0.026244	0.016942	13.459
935.53	-0.045052	-0.075637	-0.15721	-0.33328	-0.46401	-0.67321	-0.88862	-1.2476	-1.735	-2.4582	-3.6277	-4.3639	-4.5183	-7.6669	-5.5543	-3.257	-1.1582	0.48791	0.77723	0.84078	0.68187	0.50609	0.34999	0.24438	0.17059	0.11361	0.096446	0.065538	0.020498	0.009007	13.453
933.93	-0.039309	-0.081193	-0.15994	-0.33547	-0.47566	-0.64009	-0.90944	-1.2629	-1.7086	-2.5486	-3.4066	-4.4139	-4.6812	-7.8258	-5.6874	-3.2113	-1.207	0.48171	0.77149	0.83026	0.69198	0.47902	0.32883	0.23003	0.15709	0.12103	0.076016	0.049144	0.008174	-0.0052974	13.459
936.48	-0.051636	-0.092573	-0.18814	-0.33134	-0.51317	-0.68041	-0.91697	-1.2783	-1.7063	-2.7137	-3.5968	-4.546	-4.644	-7.8367	-5.8921	-3.4071	-1.2168	0.46199	0.7498	0.81351	0.67226	0.48447	0.33195	0.23758	0.1475	0.1079	0.080547	0.040032	-0.0017083	-0.01401	13.479
937.44	-0.035019	-0.11257	-0.17079	-0.32698	-0.49191	-0.62631	-0.92989	-1.2753	-1.7196	-2.4531	-3.6565	-4.5244	-4.7043	-7.9093	-5.7013	-3.327	-1.2229	0.46152	0.75373	0.84077	0.66833	0.4865	0.34044	0.23326	0.16108	0.09979	0.073363	0.027283	0.00486	0.0010626	13.47
936.91	-0.050785	-0.081709	-0.16516	-0.33118	-0.50121	-0.63017	-0.89038	-1.2875	-1.7127	-2.6265	-3.4955	-4.3235	-4.5849	-7.7847	-5.8454	-3.3885	-1.2285	0.46791	0.76747	0.83017	0.68735	0.49775	0.35429	0.24566	0.17339	0.12145	0.079723	0.045249	-0.0049927	-0.0029012	13.488
933.5	-0.050139	-0.088989	-0.16494	-0.31546	-0.46412	-0.60433	-0.91063	-1.2807	-1.6872	-2.5411	-3.4991	-4.3818	-4.667	-7.8536	-5.8579	-3.341	-1.2395	0.45555	0.74591	0.82123	0.68905	0.5038	0.34833	0.23424	0.16789	0.11145	0.084768	0.046915	0.0090032	0.0010671	13.465
933.82	-0.053447	-0.092062	-0.16406	-0.33953	-0.51372	-0.64895	-0.93117	-1.2581	-1.7271	-2.6955	-3.7071	-4.4654	-4.7144	-7.9724	-5.7852	-3.451	-1.2522	0.45364	0.75586	0.82608	0.66767	0.47907	0.31032	0.20709	0.13873	0.098573	0.068102	0.033392	-0.00088799	-0.0076836	13.476
935.63	-0.074092	-0.096529	-0.17112	-0.31716	-0.4757	-0.6398	-0.90316	-1.2491	-1.7324	-2.7334	-3.6908	-4.4822	-4.6971	-7.9489	-5.8974	-3.4102	-1.2572	0.46241	0.74735	0.83387	0.67449	0.48998	0.32099	0.20669	0.15375	0.10079	0.067178	0.034076	-0.0091112	-0.019581	13.501
935.42	-0.038415	-0.10429	-0.15396	-0.32849	-0.46768	-0.64521	-0.88101	-1.2551	-1.6806	-2.6134	-3.6645	-4.4153	-4.7063	-7.8456	-5.7753	-3.4195	-1.2255	0.47041	0.75222	0.82979	0.67383	0.48248	0.32669	0.22557	0.15225	0.10321	0.071941	0.029589	0.0032261	0.0018603	13.492
933.5	-0.037663	-0.064939	-0.13868	-0.31143	-0.45687	-0.62719	-0.89363	-1.1937	-1.6761	-2.3858	-3.5264	-4.3223	-4.4627	-7.7078	-5.6811	-3.341	-1.1936	0.48633	0.77891	0.83235	0.68498	0.48601	0.33542	0.22439	0.1449	0.092987	0.067331	0.025146	0.0098255	0.00027012	13.349
931.37	-0.048585	-0.075974	-0.14722	-0.30163	-0.46336	-0.59425	-0.90032	-1.2326	-1.6887	-2.4691	-3.5071	-4.3918	-4.6695	-7.7985	-5.6056	-3.2459	-1.1486	0.4892	0.7673	0.82568	0.68247	0.48118	0.32084	0.21339	0.13065	0.098026	0.053188	0.03348	-0.0099802	-0.0029185	13.203
932.86	-0.051005	-0.1007	-0.16095	-0.32294	-0.47258	-0.62498	-0.9012	-1.2463	-1.7003	-2.6638	-3.538	-4.5381	-4.6865	-7.7374	-5.6055	-3.3091	-1.1246	0.48842	0.77079	0.80982	0.65451	0.45753	0.30177	0.18841	0.12584	0.092246	0.04676	0.027416	-0.012439	-0.024419	13.135
933.5	-0.054298	-0.075025	-0.1395	-0.29691	-0.45597	-0.6096	-0.88668	-1.1986	-1.6532	-2.4721	-3.581	-4.3563	-4.7895	-7.4811	-5.5486	-3.0846	-1.082	0.49336	0.76948	0.81354	0.64837	0.44874	0.28866	0.19813	0.12958	0.072112	0.046729	0.010884	-0.0099574	-0.0037088	13.03
933.4	-0.04349	-0.078137	-0.14772	-0.30098	-0.40985	-0.58945	-0.86437	-1.1881	-1.6494	-2.6536	-3.5723	-4.1866	-4.6267	-7.3037	-5.3549	-2.9909	-1.0205	0.53915	0.801	0.8256	0.65089	0.46235	0.30321	0.1842	0.12346	0.068907	0.05228	0.019894	0.0032316	-0.0068931	12.882
929.88	-0.052003	-0.069087	-0.13757	-0.28755	-0.44775	-0.56078	-0.86454	-1.1868	-1.6071	-2.3085	-3.394	-4.2622	-4.5949	-7.372	-5.2687	-2.882	-0.95435	0.55354	0.7993	0.82443	0.64845	0.45474	0.30273	0.18572	0.10932	0.069975	0.042135	0.019217	-0.0075133	-0.0045218	12.744
929.24	-0.035328	-0.073808	-0.12447	-0.28774	-0.44896	-0.58943	-0.91558	-1.2214	-1.6058	-2.4834	-3.4604	-4.1796	-4.6391	-7.3445	-5.1392	-2.9957	-0.9245	0.5548	0.79669	0.80524	0.61457	0.42357	0.28107	0.17266	0.104	0.061153	0.026242	0.0033935	-0.019111	-0.0061232	12.554
931.16	-0.040258	-0.07988	-0.13738	-0.292	-0.44532	-0.59791	-0.85483	-1.1794	-1.6017	-2.487	-3.4441	-4.2478	-4.6869	-7.1914	-4.916	-2.8267	-0.89133	0.57482	0.79741	0.79759	0.62391	0.42185	0.27079	0.17559	0.0915	0.070684	0.027776	0.0026358	-0.011634	-0.010103	12.438
930.95	-0.031928	-0.078343	-0.14811	-0.28802	-0.42817	-0.58571	-0.8434	-1.1846	-1.5862	-2.3837	-3.299	-4.172	-4.6798	-7.0225	-5.0146	-2.6644	-0.8076	0.61198	0.82281	0.80377	0.61181	0.4211	0.26277	0.16987	0.10842	0.061844	0.029371	0.00037673	-0.018251	-0.020479	12.269
928.29	-0.031182	-0.082468	-0.12213	-0.28318	-0.40938	-0.5697	-0.85048	-1.1476	-1.5867	-2.3645	-3.4548	-4.047	-4.6439	-6.7983	-4.7269	-2.4743	-0.74141	0.63585	0.82517	0.79404	0.60784	0.40953	0.26271	0.1522	0.094093	0.055563	0.041411	0.0086823	-0.0066977	-0.0037297	12.086
926.8	-0.014477	-0.073223	-0.13886	-0.3015	-0.45197	-0.55999	-0.82072	-1.1742	-1.5701	-2.3162	-3.1305	-3.9421	-4.6185	-6.7032	-4.7256	-2.4267	-0.68722	0.65015	0.83678	0.79101	0.60308	0.40677	0.25988	0.15741	0.078812	0.044331	0.019125	0.0049137	-0.011689	-0.010147	11.903
929.35	-0.034489	-0.090167	-0.15579	-0.29581	-0.43346	-0.5717	-0.82623	-1.1339	-1.5451	-2.3618	-3.2407	-3.8971	-4.7042	-6.7335	-4.6505	-2.4715	-0.6367	0.63777	0.82501	0.76823	0.58345	0.38949	0.23649	0.13966	0.072438	0.037758	0.026239	-0.010178	-0.017453	-0.016518	11.746
929.67	-0.042828	-0.076892	-0.13348	-0.28842	-0.46603	-0.59093	-0.8112	-1.1508	-1.5414	-2.413	-3.2213	-3.9898	-4.6288	-6.3653	-4.6134	-2.3247	-0.57962	0.65962	0.83893	0.76625	0.5857	0.39361	0.24693	0.14456	0.063181	0.036132	0.018272	0.0033919	-0.016622	-0.014113	11.552
929.56	-0.017775	-0.056642	-0.12278	-0.29817	-0.42881	-0.56009	-0.82526	-1.1048	-1.497	-2.2919	-3.2125	-3.862	-4.6211	-6.1545	-4.1525	-2.0331	-0.50139	0.69678	0.85007	0.76977	0.57678	0.37834	0.24292	0.13633	0.07319	0.030493	0.015887	0.0011321	-0.010829	0.0074671	11.374
926.9	-0.0027476	-0.051336	-0.14215	-0.28685	-0.42822	-0.55904	-0.81907	-1.1121	-1.5205	-2.2898	-2.9561	-3.7446	-4.6015	-6.0907	-4.2623	-1.9701	-0.44001	0.7165	0.85251	0.7694	0.57598	0.38284	0.23549	0.13094	0.074172	0.032198	0.015932	-0.0026453	-0.0033855	-0.013354	11.164
928.07	-0.010273	-0.065318	-0.12793	-0.29784	-0.42859	-0.5601	-0.79084	-1.114	-1.4835	-2.287	-3.1445	-3.7227	-4.7847	-6.2133	-3.9904	-2.0622	-0.38085	0.72001	0.85065	0.74865	0.54907	0.3585	0.20762	0.10353	0.05173	0.011969	0.0079405	-0.0049086	-0.01665	0.0090793	10.97
930.63	-0.043619	-0.070587	-0.15639	-0.28004	-0.44285	-0.5718	-0.81192	-1.0994	-1.454	-2.3499	-2.8986	-3.8662	-4.6978	-5.8469	-3.9705	-1.8335	-0.33699	0.72774	0.84358	0.74916	0.55001	0.34137	0.21352	0.11148	0.054661	0.032876	0.0039431	-0.015435	-0.014122	-0.0069136	10.814
931.69	-0.0060668	-0.066619	-0.14142	-0.28941	-0.43327	-0.57202	-0.80247	-1.0982	-1.4404	-2.2262	-2.868	-3.7168	-4.6515	-5.6536	-3.7978	-1.643	-0.28891	0.74188	0.84813	0.73118	0.54449	0.35881	0.21731	0.13027	0.082236	0.026402	0.0079097	-0.0026317	-0.010804	0.010638	10.608
930.84	-0.0019007	-0.057343	-0.12673	-0.26784	-0.40553	-0.53727	-0.79391	-1.0728	-1.4274	-2.0725	-2.7702	-3.4044	-4.5165	-5.4963	-3.7038	-1.6188	-0.24474	0.75226	0.86388	0.72327	0.53765	0.34724	0.22075	0.11804	0.051576	0.02562	0.019045	0.0063999	0.0048945	-0.0029201	10.407
930.95	-0.0094077	-0.030107	-0.12342	-0.27751	-0.42817	-0.53545	-0.76206	-1.0842	-1.405	-2.1415	-2.8064	-3.4382	-4.7126	-5.5119	-3.7122	-1.5672	-0.18875	0.76805	0.8622	0.71119	0.51149	0.31832	0.18838	0.085932	0.046192	0.0095154	-0.0047995	-0.014676	-0.010812	0.00027086	10.214
934.14	-0.015194	-0.054815	-0.13858	-0.27173	-0.42309	-0.55031	-0.80346	-1.0871	-1.4033	-2.1514	-2.7514	-3.554	-4.6475	-5.3717	-3.4965	-1.502	-0.12741	0.77421	0.86711	0.6968	0.50974	0.3147	0.17645	0.081538	0.032251	0.01109	-0.01191	-0.012377	-0.0099506	0.0018613	10.055
935.31	-0.010193	-0.033839	-0.12531	-0.28185	-0.39094	-0.55928	-0.78241	-1.062	-1.3968	-2.0626	-2.8296	-3.558	-4.5846	-5.2841	-3.3422	-1.3295	-0.069916	0.79079	0.86053	0.69849	0.49611	0.30585	0.16014	0.066691	0.018446	-0.010561	-0.019805	-0.0063667	-0.00088657	0.017746	9.8561
936.16	-0.011013	-0.049281	-0.10801	-0.25828	-0.38698	-0.52984	-0.76012	-1.0127	-1.36	-2.0951	-2.7182	-3.2748	-4.4337	-4.9482	-3.1542	-1.2771	-0.036301	0.81199	0.87229	0.70723	0.47862	0.30557	0.17366	0.07727	0.028362	-0.00014368	-0.0039814	-0.010104	0.0056882	0.0058249	9.6749
935.21	0.0030885	-0.036164	-0.11221	-0.25774	-0.40996	-0.5137	-0.74008	-0.99164	-1.344	-2.0283	-2.5485	-3.2272	-4.4872	-4.7593	-3.0339	-1.1761	0.040667	0.82599	0.8771	0.68065	0.48074	0.28306	0.1674	0.07571	0.019977	-0.012164	-0.015852	-0.016857	0.0056956	0.013777	9.471
937.87	-0.0076818	-0.026795	-0.12006	-0.26182	-0.40429	-0.50612	-0.73644	-1.0027	-1.3299	-1.9797	-2.4869	-3.2011	-4.6453	-4.7861	-3.0341	-1.1387	0.076492	0.80527	0.85819	0.65234	0.45265	0.26961	0.13402	0.050172	9.1106e-005	-0.023317	-0.029216	-0.024281	-0.0049876	0.00027189	9.2792
939.89	-0.012622	-0.052939	-0.13692	-0.27648	-0.40073	-0.51988	-0.76478	-1.0209	-1.3027	-1.8725	-2.5177	-3.3632	-4.6596	-4.6632	-2.7117	-1.0428	0.13746	0.81489	0.854	0.65518	0.44845	0.25893	0.12492	0.037838	0.0061799	-0.024064	-0.018135	-0.024974	-0.021351	0.016079	9.0934
940.63	-0.00023092	-0.049046	-0.13274	-0.27786	-0.37795	-0.50027	-0.71127	-0.95904	-1.2686	-1.8968	-2.3623	-3.2677	-4.5749	-4.3862	-2.6043	-0.76202	0.19437	0.84217	0.86268	0.65466	0.41499	0.24275	0.13362	0.051654	0.022903	-0.0017356	-0.023626	-0.010056	-0.0041553	0.014487	8.9105
938.51	0.017971	-0.030636	-0.12896	-0.25763	-0.3635	-0.5014	-0.7075	-0.97918	-1.2557	-1.7723	-2.3043	-3.0973	-4.6177	-4.2109	-2.5223	-0.70424	0.25113	0.84758	0.87011	0.63999	0.42322	0.25257	0.11227	0.03218	-0.0090537	-0.026497	-0.026045	-0.019784	-0.00088356	0.0097712	8.7035
937.97	0.013843	-0.038375	-0.12332	-0.27062	-0.38083	-0.51219	-0.71867	-0.96177	-1.2478	-1.885	-2.2422	-3.1753	-4.5878	-4.1165	-2.5413	-0.61104	0.28721	0.84018	0.85027	0.62504	0.40079	0.22827	0.1019	0.024846	-0.014397	-0.031305	-0.0371	-0.038471	-0.01155	0.010567	8.4753
940.53	0.011327	-0.035191	-0.14579	-0.26268	-0.40315	-0.51341	-0.74202	-0.93146	-1.2483	-1.9569	-2.0917	-3.0653	-4.6078	-3.8321	-2.3941	-0.54151	0.32472	0.83441	0.84016	0.59195	0.38678	0.20579	0.092024	0.010931	-0.022723	-0.041579	-0.037787	-0.046563	-0.02461	0.010538	8.3302
940.74	0.0047218	-0.039801	-0.14168	-0.27303	-0.38779	-0.49061	-0.71886	-0.95649	-1.2071	-1.8024	-2.1183	-3.0477	-4.6716	-3.8633	-2.227	-0.46503	0.38165	0.83422	0.83842	0.58587	0.37459	0.2007	0.0832	0.023959	-0.020436	-0.047943	-0.042496	-0.039848	-0.0098808	0.012116	8.1049
939.25	0.013823	-0.041407	-0.12804	-0.26304	-0.37581	-0.50974	-0.71309	-0.92457	-1.183	-1.7109	-2.0041	-2.7819	-4.4679	-3.5797	-1.9496	-0.32134	0.42059	0.8504	0.83506	0.5868	0.36871	0.19428	0.096155	0.012578	-0.018945	-0.037647	-0.027599	-0.024245	0.013044	0.027166	7.9144
936.38	0.020498	-0.028385	-0.11943	-0.26144	-0.38328	-0.50254	-0.67137	-0.92413	-1.1772	-1.7764	-2.0828	-2.7396	-4.5957	-3.4696	-1.9203	-0.27971	0.46606	0.86879	0.84389	0.57241	0.35606	0.19572	0.077156	0.011799	-0.010601	-0.032158	-0.030054	-0.024319	0.010618	0.016139	7.7147
936.59	0.030443	-0.031472	-0.14558	-0.27986	-0.40214	-0.49804	-0.68585	-0.92147	-1.1619	-1.8276	-1.9826	-2.7305	-4.5865	-3.4445	-2.0167	-0.28816	0.47413	0.84931	0.82255	0.53735	0.33814	0.16444	0.058656	-0.0061988	-0.043438	-0.052957	-0.047424	-0.033292	-0.0082823	0.012963	7.5332
937.76	0.021297	-0.043792	-0.13233	-0.26827	-0.40164	-0.48779	-0.68499	-0.89336	-1.1542	-1.8339	-2.0435	-2.7101	-4.6377	-3.3838	-1.9351	-0.26227	0.51684	0.85	0.81918	0.53582	0.32314	0.15159	0.049751	-0.0021054	-0.022788	-0.03371	-0.041054	-0.042217	-0.00088426	0.016115	7.3986
937.65	0.0080495	-0.046885	-0.14215	-0.25546	-0.37465	-0.49048	-0.6643	-0.89755	-1.1527	-1.8427	-2.0981	-2.6596	-4.5243	-3.0939	-1.5395	-0.11761	0.54223	0.8536	0.81223	0.52737	0.31994	0.14655	0.045744	-0.02335	-0.034996	-0.042505	-0.03948	-0.024286	0.018811	0.03672	7.1913
934.67	0.023858	-0.055559	-0.12949	-0.25869	-0.39483	-0.48589	-0.65871	-0.88156	-1.1002	-1.702	-1.9685	-2.3536	-4.5387	-2.9663	-1.5532	-0.024083	0.58822	0.86598	0.81403	0.52393	0.30552	0.14701	0.041862	-0.0045731	-0.030516	-0.04184	-0.030108	-0.023614	0.010638	0.028888	7.0279
933.93	0.03718	-0.03544	-0.12631	-0.26937	-0.38338	-0.48189	-0.67468	-0.87488	-1.109	-1.6258	-1.8791	-2.4406	-4.624	-3.001	-1.5898	-0.032626	0.60838	0.86315	0.79583	0.49872	0.29764	0.1302	0.047537	-0.037388	-0.046625	-0.056317	-0.044389	-0.022132	0.01559	0.023342	6.8826
936.27	0.0080614	-0.037672	-0.14154	-0.27594	-0.39054	-0.49383	-0.66606	-0.87923	-1.1149	-1.7249	-2.0196	-2.409	-4.7591	-2.9693	-1.2775	0.0015311	0.64531	0.84346	0.79463	0.48809	0.28311	0.1265	0.039379	-0.040568	-0.033521	-0.052173	-0.04507	-0.037045	0.012264	0.029633	6.7752
935.95	0.014702	-0.047745	-0.16123	-0.26558	-0.37172	-0.49926	-0.65549	-0.85907	-1.0892	-1.519	-2.1019	-2.3504	-4.7118	-2.6472	-1.1898	-0.0069739	0.66518	0.84726	0.79725	0.48655	0.26373	0.10626	0.022503	-0.034034	-0.041174	-0.048188	-0.054572	-0.034063	0.016378	0.024085	6.6586
935.31	0.024673	-0.02532	-0.12694	-0.25771	-0.37829	-0.49434	-0.649	-0.86212	-1.067	-1.7009	-1.9036	-2.2926	-4.5356	-2.5601	-1.1465	0.22338	0.69512	0.85661	0.79779	0.47409	0.27203	0.12409	0.030568	-0.010302	-0.035084	-0.039407	-0.048279	-0.031839	0.03449	0.051112	6.5451
933.08	0.027229	-0.041681	-0.13874	-0.25591	-0.3783	-0.46561	-0.63664	-0.84365	-1.0561	-1.4632	-1.8081	-2.1278	-4.571	-2.6554	-1.1669	0.069969	0.70007	0.86218	0.79499	0.47693	0.26617	0.11337	0.033059	-0.026748	-0.038235	-0.050746	-0.037295	-0.031163	0.019729	0.047253	6.3619
934.78	0.032164	-0.043931	-0.13849	-0.27074	-0.40382	-0.48847	-0.66249	-0.84458	-1.0724	-1.788	-2.0319	-2.2939	-4.6851	-2.5049	-1.2619	0.027163	0.69715	0.8369	0.76686	0.43765	0.25106	0.096246	0.01609	-0.040632	-0.053468	-0.062679	-0.049099	-0.040102	0.0081665	0.027296	6.2938
936.59	0.018836	-0.042298	-0.1644	-0.29031	-0.37417	-0.46825	-0.66198	-0.83967	-1.064	-1.5867	-1.892	-2.2047	-4.6597	-2.605	-1.0393	0.189	0.70808	0.8423	0.76538	0.44021	0.24815	0.090995	0.0056104	-0.054461	-0.057947	-0.049756	-0.049794	-0.028805	-0.0025293	0.034382	6.2362
936.91	0.017173	-0.019866	-0.13981	-0.25727	-0.38667	-0.47072	-0.64328	-0.81649	-1.0368	-1.5776	-1.6828	-2.2378	-4.5035	-2.3782	-0.9949	0.20597	0.71356	0.85165	0.7612	0.45028	0.25049	0.096871	0.020873	-0.038088	-0.04953	-0.04654	-0.055304	-0.023558	0.019648	0.064505	6.1772
934.25	0.026363	-0.037754	-0.14923	-0.26364	-0.36607	-0.47469	-0.63507	-0.82292	-1.0183	-1.5735	-1.7513	-2.1762	-4.5898	-2.3202	-0.90945	0.35177	0.73609	0.86198	0.76023	0.44473	0.22763	0.081911	0.0072349	-0.044756	-0.060389	-0.049881	-0.048336	-0.028874	0.037	0.043218	6.0818
933.5	0.03387	-0.025369	-0.13622	-0.28079	-0.3917	-0.47859	-0.63249	-0.81783	-1.0231	-1.5316	-1.6253	-2.0588	-4.6343	-2.2573	-1.0604	0.23237	0.74324	0.86091	0.75298	0.42457	0.23188	0.075202	0.0096615	-0.05382	-0.068867	-0.07802	-0.055506	-0.019141	0.0065299	0.032108	6.0166
937.33	0.028761	-0.036085	-0.14547	-0.26679	-0.40633	-0.45912	-0.64145	-0.83737	-1.0284	-1.5941	-1.7364	-2.0334	-4.5584	-2.3126	-1.0385	0.24846	0.75655	0.81886	0.71704	0.40155	0.21149	0.07405	0.0039991	-0.065859	-0.057901	-0.058511	-0.051334	-0.027285	-0.01238	0.01771	5.9863
938.29	0.029561	-0.029872	-0.15838	-0.2962	-0.36539	-0.49801	-0.64848	-0.82182	-1.0179	-1.5066	-1.6985	-2.0821	-4.6513	-2.1249	-0.8528	0.36726	0.75578	0.8259	0.73428	0.40709	0.21047	0.071446	-0.0040275	-0.055994	-0.059367	-0.061646	-0.056012	-0.032486	0.021259	0.047783	5.9243
937.97	0.023776	-0.047642	-0.15844	-0.24895	-0.37452	-0.48856	-0.62486	-0.80903	-0.98511	-1.447	-1.6085	-2.032	-4.474	-2.1498	-0.70361	0.40993	0.77972	0.84718	0.73688	0.41489	0.21216	0.076529	0.0015902	-0.042945	-0.059387	-0.057673	-0.040255	-0.023533	0.020445	0.039878	5.9243
936.27	0.025479	-0.024521	-0.14809	-0.24619	-0.36437	-0.49032	-0.60443	-0.81705	-0.98611	-1.4754	-1.548	-1.9169	-4.5065	-2.1295	-0.87227	0.33394	0.77869	0.83294	0.72882	0.41905	0.2093	0.080892	-0.013683	-0.034022	-0.054147	-0.047371	-0.04349	-0.031806	0.022126	0.051852	5.8546
938.93	0.027884	-0.042194	-0.15991	-0.27916	-0.39933	-0.49505	-0.62499	-0.79678	-0.99356	-1.6085	-1.6521	-1.9792	-4.5831	-2.1154	-0.94885	0.35002	0.7724	0.82971	0.71582	0.38642	0.18687	0.072241	-0.0080325	-0.061668	-0.063896	-0.065596	-0.037062	-0.027985	0.020424	0.01847	5.8364
940.95	0.022874	-0.030556	-0.15794	-0.27856	-0.39129	-0.46957	-0.63668	-0.80972	-0.99064	-1.5708	-1.7298	-2.0256	-4.6544	-1.9984	-0.85915	0.35773	0.79273	0.8035	0.72363	0.37965	0.20665	0.05864	-0.020815	-0.055022	-0.068321	-0.067844	-0.055854	-0.015266	0.026923	0.046857	5.8576
942.12	0.019551	-0.045126	-0.16506	-0.27902	-0.38722	-0.49076	-0.6267	-0.80059	-0.98548	-1.2953	-1.5564	-1.9725	-4.4786	-2.1002	-0.74429	0.40813	0.78361	0.80947	0.70561	0.39527	0.19833	0.060245	-0.0088038	-0.051702	-0.048497	-0.048667	-0.054215	-0.027891	-0.002516	0.035757	5.8228
940.42	0.022062	-0.020561	-0.15314	-0.26751	-0.38792	-0.46983	-0.64624	-0.80041	-0.98176	-1.4261	-1.4779	-1.8071	-4.4786	-1.8709	-0.62284	0.39189	0.79073	0.82752	0.72404	0.3909	0.19788	0.070444	-0.0040183	-0.043649	-0.053148	-0.06071	-0.047231	-0.039863	0.014665	0.058734	5.8243
942.02	0.015431	-0.045898	-0.13255	-0.26307	-0.38457	-0.46032	-0.61529	-0.79254	-0.98402	-1.475	-1.6737	-1.8715	-4.4872	-1.9801	-0.74438	0.38274	0.79834	0.81566	0.70023	0.37753	0.18223	0.061929	-0.02159	-0.05496	-0.060651	-0.06379	-0.045581	-0.037564	0.012189	0.034184	5.7849
945.63	0.012086	-0.041128	-0.15229	-0.274	-0.39025	-0.48634	-0.6259	-0.77979	-0.98417	-1.4864	-1.6673	-1.9063	-4.5749	-1.9885	-0.7764	0.33909	0.79042	0.81428	0.69213	0.37271	0.17671	0.053331	-0.020712	-0.050698	-0.062687	-0.075433	-0.040712	-0.033715	0.0064461	0.04741	5.8697
946.38	0.029308	-0.024259	-0.14246	-0.26742	-0.38459	-0.46861	-0.62541	-0.79294	-0.98652	-1.3575	-1.5494	-1.9216	-4.5954	-1.947	-0.6625	0.38098	0.7898	0.80843	0.68926	0.38085	0.19744	0.058304	-0.012742	-0.064419	-0.056592	-0.064289	-0.044588	-0.041092	0.0080664	0.027745	5.8606
945.42	0.024409	-0.028879	-0.15476	-0.26371	-0.35369	-0.45866	-0.61918	-0.76862	-0.95152	-1.2993	-1.524	-1.8396	-4.4145	-1.941	-0.56722	0.38982	0.79141	0.81099	0.69926	0.37785	0.18639	0.053346	-0.0063859	-0.041796	-0.043786	-0.043742	-0.040721	-0.010746	0.017841	0.042707	5.8273
944.68	0.027718	-0.037337	-0.13298	-0.27428	-0.36113	-0.46163	-0.60669	-0.76761	-0.96793	-1.2236	-1.5252	-1.799	-4.4907	-2.0705	-0.62878	0.41547	0.80663	0.81597	0.69438	0.37562	0.1777	0.055896	-0.012765	-0.053995	-0.055179	-0.056469	-0.035272	-0.0092718	0.021931	0.041167	5.8349
947.12	0.038301	-0.0533	-0.15125	-0.27277	-0.38964	-0.46477	-0.62416	-0.77128	-0.9834	-1.4926	-1.6109	-2.113	-4.471	-1.8337	-0.8013	0.4565	0.77624	0.80086	0.68716	0.36454	0.17403	0.035716	-0.016705	-0.065178	-0.064099	-0.06582	-0.050021	-0.022565	0.026748	0.032432	5.8561
948.29	0.022697	-0.028792	-0.1551	-0.27085	-0.37668	-0.48843	-0.63631	-0.80184	-0.97907	-1.4652	-1.4388	-2.0099	-4.4977	-2.0467	-0.64377	0.44754	0.79143	0.80247	0.68864	0.36998	0.18342	0.054851	-0.019859	-0.051365	-0.04969	-0.053884	-0.042159	-0.032143	0.02428	0.053545	5.8652
948.29	0.030069	-0.03643	-0.15833	-0.2645	-0.38381	-0.46853	-0.63251	-0.79457	-0.97751	-1.2953	-1.4119	-1.9429	-4.4333	-1.9191	-0.55679	0.42229	0.78013	0.81286	0.69483	0.38176	0.18663	0.053181	-0.012716	-0.051365	-0.039883	-0.039657	-0.05074	-0.0099736	0.022658	0.040227	5.847
945.1	0.03099	-0.042684	-0.16535	-0.26858	-0.39583	-0.47532	-0.64533	-0.78915	-0.9722	-1.3509	-1.5515	-1.941	-4.5209	-1.9176	-0.58485	0.49127	0.79249	0.80431	0.7026	0.3746	0.19127	0.060055	-0.01037	-0.047485	-0.037749	-0.048515	-0.03682	-0.020388	0.014592	0.056085	5.8591
945.63	0.016193	-0.048787	-0.16201	-0.28674	-0.40544	-0.47418	-0.63124	-0.8203	-0.98808	-1.5119	-1.5685	-1.9399	-4.4539	-1.8686	-0.72408	0.38973	0.78232	0.8082	0.70299	0.37439	0.18394	0.053334	-0.011956	-0.033685	-0.062687	-0.051657	-0.042276	-0.0033335	0.028417	0.033266	5.9
948.19	0.0095969	-0.057823	-0.16077	-0.30422	-0.40168	-0.50321	-0.66757	-0.82132	-0.98854	-1.4994	-1.7076	-1.9934	-4.4901	-2.0549	-0.76561	0.47284	0.77617	0.82334	0.70806	0.37759	0.19546	0.058193	0.0063352	-0.042482	-0.054221	-0.036502	-0.027338	-0.0040645	0.020224	0.028476	6.059
948.51	0.010413	-0.063911	-0.18737	-0.29777	-0.40154	-0.49784	-0.6605	-0.84285	-1.0147	-1.4734	-1.5638	-2.0094	-4.553	-2.102	-0.80013	0.34649	0.76137	0.80662	0.70317	0.40692	0.21541	0.073178	0.012681	-0.037623	-0.021778	-0.030957	-0.017189	-0.01736	0.021841	0.044134	6.156
947.97	0.013697	-0.041026	-0.17535	-0.27571	-0.40801	-0.48946	-0.64946	-0.82474	-1.0059	-1.4487	-1.5199	-1.9016	-4.4107	-2.0155	-0.71358	0.37192	0.76988	0.82958	0.73143	0.40967	0.22594	0.086564	0.020629	-0.0077398	-0.011226	-0.026232	-0.025003	-0.0062817	0.02916	0.044159	6.2302
947.12	0.026825	-0.039533	-0.15529	-0.29105	-0.41997	-0.50464	-0.66223	-0.82144	-1.0193	-1.4245	-1.6199	-1.9872	-4.4066	-2.0892	-0.84485	0.33856	0.76087	0.83033	0.73983	0.41425	0.22534	0.082467	0.0127	-0.0053215	-0.030871	-0.019133	-0.0070596	0.0033294	0.031623	0.037921	6.3725
