14221	6	3	91	22	748	1	11	8	1.557	128	4096	10	0	0	0	0	199.28	425.3	9.7154e+005	0.078061	0.10008	26.882	0	0	1	0	0	0	11	0	0
398.22	0.00066397	-0.013164	-0.16729	-0.3174	-0.38452	-0.52231	-0.66095	-0.86106	-1.0645	-1.3666	-1.7946	-1.8471	-2.4409	-2.2619	-1.0049	0.24049	0.71947	0.86518	0.79094	0.5012	0.29236	0.19487	0.062416	0.01905	0.02335	0.0055349	-0.0053114	0.020027	0.047885	0.052915	7.6921
398.66	0.020141	-0.0404	-0.19978	-0.2774	-0.43073	-0.5341	-0.7145	-0.91585	-1.1246	-1.6075	-1.8778	-2.0045	-2.4382	-2.5818	-1.3969	0.16016	0.68025	0.88895	0.83975	0.48864	0.33395	0.16887	0.079342	0.047854	0.0053856	0.0092866	0.020675	0.014732	0.020813	0.028627	8.0868
399.43	0.039542	-0.049391	-0.15145	-0.29007	-0.41721	-0.52075	-0.72758	-0.91218	-1.1558	-1.4028	-1.8104	-2.4581	-2.6627	-2.7851	-1.6006	0.2198	0.60606	0.86875	0.84733	0.52966	0.34091	0.19824	0.094266	0.061188	0.050142	0.029908	-0.0034407	0.041017	0.059302	0.045316	8.4511
399.1	0.014281	0.0086404	-0.14581	-0.29973	-0.43238	-0.53763	-0.68481	-0.94364	-1.1512	-1.747	-2.1523	-2.5198	-2.9133	-2.92	-1.8293	-0.3999	0.54321	0.88181	0.83699	0.57008	0.39067	0.24001	0.11509	0.086195	0.07527	0.050589	0.016943	0.028761	0.049711	0.052799	8.8365
399.64	0.018149	-0.022177	-0.17053	-0.30121	-0.41064	-0.55333	-0.7326	-0.97302	-1.2144	-1.926	-2.2344	-2.6754	-3.1002	-2.897	-1.9713	-0.27953	0.46579	0.83336	0.83401	0.5733	0.38823	0.24166	0.14319	0.087989	0.080537	0.059898	0.031732	0.033982	0.07082	0.050872	9.2444
400.08	0.014246	-0.0058622	-0.18184	-0.33098	-0.41442	-0.55887	-0.70656	-0.96813	-1.2445	-1.7024	-1.956	-2.7122	-3.3827	-3.4797	-2.1134	-0.2992	0.37145	0.85912	0.87527	0.61058	0.40299	0.25919	0.13739	0.095556	0.071512	0.050464	0.042793	0.032194	0.051515	0.026666	9.613
400.85	0.018095	-0.038377	-0.17002	-0.31721	-0.4326	-0.54757	-0.78258	-1.0045	-1.2606	-1.7193	-2.1853	-3.1231	-3.5285	-3.7937	-2.2534	-0.219	0.28856	0.84314	0.85896	0.65122	0.46473	0.27447	0.17656	0.11257	0.060671	0.063459	0.06855	0.042619	0.07253	0.0674	10.046
401.17	0.016142	-0.0094584	-0.14506	-0.32258	-0.46805	-0.5594	-0.77475	-0.99223	-1.278	-2.1596	-2.0989	-3.1404	-3.5256	-4.1863	-2.6011	-0.83545	0.21958	0.83222	0.88386	0.65267	0.46814	0.33141	0.19518	0.13349	0.087364	0.085827	0.062961	0.040838	0.055205	0.052526	10.44
401.5	0.018065	-0.023881	-0.16975	-0.33169	-0.44873	-0.57325	-0.80106	-1.0391	-1.3304	-2.0576	-2.6047	-3.3752	-3.6177	-4.2018	-2.8865	-0.87454	0.11254	0.8295	0.89592	0.7078	0.49991	0.35477	0.22876	0.1868	0.12648	0.087619	0.075804	0.058258	0.066661	0.045078	10.845
400.63	0.021979	-0.032974	-0.15864	-0.32865	-0.44338	-0.60319	-0.84061	-1.1007	-1.3776	-1.8811	-2.6952	-3.6404	-4.311	-4.8336	-3.1605	-1.1753	0.0037894	0.82926	0.88689	0.71731	0.53891	0.36343	0.21799	0.19486	0.14104	0.076589	0.10736	0.063632	0.045675	0.04889	11.214
398.77	0.0045589	-0.036758	-0.1613	-0.34528	-0.4624	-0.61835	-0.859	-1.1077	-1.4471	-1.9908	-2.6651	-3.7569	-4.4076	-5.1406	-3.3613	-1.4809	-0.14413	0.78373	0.87447	0.75067	0.56427	0.38298	0.27941	0.18232	0.14529	0.11641	0.089313	0.08677	0.072908	0.056567	11.641
398.44	-0.0090822	-0.016797	-0.1672	-0.3399	-0.46702	-0.64564	-0.83799	-1.1452	-1.5059	-1.8914	-3.0509	-4.1189	-4.6409	-5.4673	-3.4469	-1.9027	-0.275	0.75965	0.8623	0.77732	0.58189	0.40115	0.27397	0.219	0.1472	0.13532	0.12095	0.056944	0.03434	0.062212	12.04
398.55	-0.014921	-0.060403	-0.171	-0.35303	-0.51778	-0.6331	-0.83414	-1.1756	-1.498	-1.9515	-2.7944	-3.9185	-5.0224	-5.6555	-4.0461	-2.1825	-0.42677	0.73473	0.87311	0.78312	0.60269	0.44667	0.28523	0.22855	0.19921	0.12588	0.12277	0.086821	0.04592	0.052871	12.458
398.77	-0.026597	-0.042207	-0.20165	-0.35661	-0.5069	-0.61423	-0.86623	-1.1615	-1.5269	-2.3545	-2.729	-4.0557	-4.9814	-6.0316	-4.4782	-1.8812	-0.586	0.68698	0.8432	0.7987	0.63854	0.44643	0.30395	0.23996	0.14349	0.14836	0.078181	0.088529	0.028522	0.02862	12.881
398.66	-0.042185	-0.05312	-0.16711	-0.33971	-0.51127	-0.68646	-0.88637	-1.1964	-1.6238	-1.9914	-3.4114	-4.0369	-5.2124	-6.4695	-4.6656	-2.6624	-0.74566	0.63363	0.79375	0.82894	0.62728	0.48027	0.32669	0.23426	0.17044	0.12585	0.089338	0.086797	0.043974	0.013719	13.272
398.22	-0.030535	-0.073184	-0.18845	-0.32497	-0.49486	-0.65424	-0.8801	-1.2747	-1.6442	-2.479	-3.3298	-4.1212	-5.9267	-6.6854	-5.2714	-2.7054	-0.91193	0.54569	0.82041	0.83586	0.68899	0.51256	0.30814	0.27876	0.20655	0.13163	0.14888	0.069296	0.038225	0.021196	13.695
398.77	-0.028543	-0.064001	-0.18051	-0.34906	-0.49206	-0.68216	-0.91869	-1.2729	-1.6957	-2.516	-3.3252	-4.1354	-5.9186	-7.4725	-5.7192	-3.1819	-1.1201	0.54289	0.77882	0.85273	0.68044	0.52971	0.3568	0.27646	0.21703	0.18595	0.12085	0.090285	0.049752	0.0081248	14.118
399.64	-0.086769	-0.092859	-0.15903	-0.37843	-0.49733	-0.66834	-0.93111	-1.2912	-1.7142	-2.2082	-3.4455	-4.7823	-6.1729	-7.5319	-5.5622	-3.2549	-1.2633	0.43079	0.74591	0.86085	0.70554	0.53053	0.3579	0.27777	0.24698	0.12928	0.13725	0.077818	0.011132	-0.0011872	14.467
400.08	-0.042035	-0.076467	-0.17609	-0.32722	-0.51791	-0.67787	-0.97517	-1.3128	-1.7512	-2.7897	-3.5478	-4.4991	-6.6618	-7.7693	-6.2982	-3.8298	-1.442	0.37287	0.71943	0.81802	0.70857	0.54576	0.37633	0.31194	0.22168	0.15349	0.15004	0.081234	0.047663	-0.0067577	14.854
399.43	-0.079041	-0.098346	-0.18789	-0.35226	-0.52299	-0.68515	-0.96232	-1.313	-1.7781	-2.5724	-3.7025	-4.8446	-6.6536	-8.4256	-6.639	-3.856	-1.5824	0.36116	0.68939	0.82736	0.72305	0.55458	0.39391	0.29135	0.19698	0.20066	0.14658	0.093647	0.0053574	-0.029093	15.247
397.35	-0.095086	-0.082457	-0.2043	-0.38062	-0.48957	-0.6784	-0.98913	-1.3161	-1.8079	-2.4236	-3.7432	-4.67	-6.9955	-8.736	-6.5906	-4.077	-1.7526	0.29074	0.69115	0.87185	0.73637	0.59926	0.3846	0.31794	0.25021	0.17341	0.15294	0.092371	0.007321	-0.0049353	15.561
395.82	-0.085643	-0.12303	-0.19734	-0.33645	-0.55124	-0.66028	-0.97473	-1.3386	-1.7775	-2.6569	-3.9293	-4.8887	-7.485	-8.7125	-7.3662	-4.3549	-1.9549	0.23172	0.64564	0.82683	0.77375	0.5796	0.3975	0.3482	0.22769	0.1987	0.15726	0.075028	0.040404	-0.031234	15.874
393.2	-0.098067	-0.12385	-0.19866	-0.36932	-0.50549	-0.66051	-0.99224	-1.3592	-1.8891	-2.7566	-3.9555	-5.4466	-7.6707	-9.309	-7.3944	-4.7493	-2.1355	0.1936	0.62009	0.87902	0.78277	0.59553	0.42887	0.34468	0.2383	0.1924	0.13198	0.091565	0.01327	-0.025773	16.212
390.68	-0.13646	-0.10982	-0.21955	-0.37941	-0.49576	-0.70889	-0.96724	-1.3836	-1.9562	-2.6918	-4.2635	-5.197	-7.7982	-9.9107	-7.5264	-5.3109	-2.2649	0.15914	0.58654	0.90307	0.79365	0.63377	0.44704	0.36062	0.27462	0.19364	0.18205	0.12982	0.017297	-0.0069203	16.458
389.04	-0.12506	-0.16427	-0.25592	-0.36166	-0.52826	-0.7182	-1.0269	-1.4308	-1.9169	-3.138	-4.5434	-5.2189	-8.4584	-10.011	-8.1517	-5.4359	-2.4557	0.04798	0.59655	0.88225	0.8087	0.66694	0.46633	0.39562	0.26842	0.21179	0.18853	0.10155	0.060885	-0.010771	16.77
388.71	-0.15512	-0.20168	-0.24431	-0.37745	-0.53522	-0.72937	-1.013	-1.3906	-1.9813	-2.7469	-4.2414	-5.4072	-8.6225	-10.369	-8.6042	-5.4815	-2.6745	-0.0026561	0.55932	0.91995	0.83087	0.64919	0.45705	0.38609	0.27233	0.21583	0.15633	0.070991	0.02332	-0.04136	17.034
388.39	-0.18324	-0.17574	-0.27016	-0.40878	-0.51827	-0.75746	-1.0138	-1.4095	-1.9849	-2.7907	-4.4854	-5.5959	-8.6298	-10.884	-8.569	-5.8765	-2.8089	-0.047044	0.49368	0.91868	0.82376	0.6762	0.50395	0.36473	0.28545	0.21986	0.16218	0.098112	-0.018265	-0.01844	17.292
389.26	-0.1968	-0.22186	-0.30104	-0.36146	-0.53664	-0.70937	-1.0115	-1.3985	-1.9557	-3.1362	-4.4972	-5.7874	-9.355	-10.84	-8.9523	-6.2528	-2.9365	-0.12917	0.48127	0.88381	0.86482	0.69703	0.51248	0.41508	0.27562	0.24826	0.17702	0.092491	0.03515	-0.064209	17.54
391.01	-0.22173	-0.23753	-0.28794	-0.40604	-0.57314	-0.72298	-1.0033	-1.4471	-1.9659	-3.0604	-4.6725	-5.7208	-9.4497	-10.753	-9.313	-6.184	-3.0193	-0.15589	0.48099	0.92067	0.86872	0.702	0.50826	0.41126	0.29999	0.2414	0.20082	0.093868	0.040901	-0.071522	17.763
392.98	-0.27594	-0.21055	-0.31184	-0.40592	-0.57887	-0.75696	-0.98545	-1.3716	-1.8619	-2.8196	-4.5843	-6.0156	-9.3636	-11.43	-9.1824	-6.5999	-3.1192	-0.18435	0.42259	0.91606	0.82765	0.67233	0.50763	0.42285	0.3076	0.20395	0.17723	0.10053	-0.031759	-0.057929	17.941
395.05	-0.27646	-0.25894	-0.30439	-0.49905	-0.58439	-0.75298	-1.046	-1.3605	-1.8839	-3.0902	-4.4313	-5.6221	-9.5846	-11.351	-9.9693	-6.7672	-3.2599	-0.28519	0.3888	0.86075	0.83676	0.69081	0.50306	0.39542	0.29512	0.24272	0.19877	0.084044	-0.0062681	-0.074553	18.111
397.13	-0.24569	-0.31047	-0.36453	-0.47749	-0.60686	-0.75525	-1.0768	-1.3669	-1.8368	-3.1552	-4.1729	-6.1727	-9.5153	-11.406	-9.7095	-6.5309	-3.3027	-0.26717	0.38677	0.8683	0.87254	0.68919	0.52886	0.41071	0.30258	0.22824	0.16606	0.083597	-0.013989	-0.083516	18.301
398	-0.30952	-0.28795	-0.4157	-0.48212	-0.69894	-0.85877	-1.0654	-1.3813	-1.8142	-2.622	-4.4411	-5.6203	-9.686	-11.001	-9.6674	-6.7571	-3.3339	-0.28515	0.3896	0.89447	0.89161	0.7135	0.53148	0.42136	0.3055	0.2315	0.17685	0.092222	-0.015887	-0.098269	18.47
397.13	-0.31998	-0.36154	-0.43397	-0.58743	-0.73452	-0.95988	-1.1658	-1.4229	-1.8219	-2.7901	-4.2584	-5.6127	-9.6113	-11.406	-9.6679	-6.993	-3.403	-0.33124	0.35907	0.91051	0.86489	0.67525	0.50043	0.42422	0.28097	0.22258	0.13812	0.074777	-0.052745	-0.094742	18.578
394.84	-0.28645	-0.35263	-0.4559	-0.61181	-0.80513	-0.96961	-1.242	-1.4816	-1.8007	-2.5003	-4.1756	-5.5648	-9.474	-11.338	-9.5779	-6.872	-3.3588	-0.28951	0.37601	0.91782	0.86608	0.70121	0.58532	0.39563	0.2989	0.22766	0.1614	0.073438	-0.078389	-0.059537	18.688
391.67	-0.3522	-0.39432	-0.50653	-0.68211	-0.83754	-1.2122	-1.4417	-1.6051	-1.7812	-2.4588	-4.101	-5.3056	-9.1418	-10.581	-8.9815	-6.7035	-3.1727	-0.25413	0.42775	0.94562	0.85951	0.75735	0.54969	0.4184	0.33967	0.2142	0.1646	0.068664	-0.022039	-0.077094	18.767
388.17	-0.40139	-0.42027	-0.55057	-0.69989	-0.99964	-1.2929	-1.5105	-1.8051	-1.8354	-2.5017	-4.0067	-5.026	-8.3203	-9.5464	-8.2763	-6.1266	-2.9447	-0.14857	0.47885	0.96648	0.92007	0.75399	0.54301	0.43203	0.30956	0.23351	0.15846	0.080119	-0.055944	-0.1065	18.837
385.76	-0.38779	-0.40223	-0.50634	-0.84865	-1.1132	-1.4605	-1.7256	-1.7845	-2.169	-2.6009	-4.0097	-4.7485	-6.6718	-7.9597	-6.981	-5.358	-2.5222	0.042004	0.5769	1.0159	0.92975	0.72385	0.57957	0.41288	0.30964	0.19416	0.16712	0.080611	-0.070257	-0.13606	18.876
383.9	-0.37955	-0.36833	-0.57864	-0.99393	-1.2925	-1.5382	-1.7114	-2.1704	-2.3723	-2.6554	-3.7858	-3.9231	-5.81	-6.2455	-5.6828	-5.0513	-2.0295	0.13201	0.66759	1.025	0.89271	0.77678	0.54708	0.41887	0.33163	0.19901	0.17756	0.048151	-0.076611	-0.10962	18.918
381.5	-0.35549	-0.41812	-0.70479	-1.091	-1.3759	-1.6382	-1.9169	-2.0736	-2.5792	-3.3689	-3.5203	-4.3851	-4.5272	-4.5608	-4.8107	-3.6189	-1.6026	0.31142	0.76793	1.0168	0.91625	0.75681	0.5525	0.41549	0.29435	0.21205	0.13796	0.070494	-0.073058	-0.15705	18.933
378.87	-0.43992	-0.52616	-0.84515	-1.182	-1.3431	-1.6453	-1.9054	-2.1446	-2.4565	-3.2647	-3.4551	-2.9059	-3.1292	-3.5348	-3.2113	-2.9489	-1.2052	0.45658	0.79455	1.0134	0.88853	0.73909	0.56627	0.38602	0.28884	0.19968	0.12915	0.05804	-0.091846	-0.12872	18.921
377.78	-0.5563	-0.58711	-0.93479	-1.2093	-1.5684	-1.7934	-1.8785	-2.1974	-2.728	-2.805	-2.9256	-2.4517	-2.6537	-2.5644	-2.915	-2.7039	-0.87002	0.52743	0.86286	1.0226	0.89512	0.74333	0.49618	0.38105	0.27453	0.16256	0.14519	0.0062699	-0.11452	-0.20383	18.929
377.78	-0.55219	-0.65038	-0.97738	-1.2551	-1.4924	-1.6783	-1.888	-2.3374	-2.536	-2.6558	-2.004	-2.1784	-2.1692	-2.3642	-3.0023	-2.1547	-0.66317	0.60999	0.90364	0.98461	0.88105	0.67635	0.48223	0.38105	0.25371	0.17248	0.10994	-0.027116	-0.15322	-0.253	18.915
378.33	-0.64785	-0.71644	-1.0671	-1.3448	-1.4813	-1.7453	-2.0797	-2.2732	-2.2332	-2.0345	-2.1807	-2.1122	-2.166	-2.3808	-2.3004	-1.9195	-0.59134	0.64816	0.87907	0.99373	0.84164	0.6482	0.48352	0.32785	0.242	0.16232	0.064805	-0.032634	-0.22419	-0.27817	18.917
378.98	-0.6918	-0.78591	-1.229	-1.4478	-1.695	-1.7574	-2.1389	-1.9034	-2.1005	-1.9673	-1.9305	-1.6265	-1.8604	-1.8381	-2.1005	-1.3897	-0.41849	0.70985	0.94335	0.97727	0.81414	0.64291	0.43701	0.30909	0.1925	0.094806	0.035413	-0.10838	-0.27254	-0.34826	18.929
379.2	-0.7385	-0.84467	-1.2949	-1.6216	-1.8678	-1.8018	-1.8638	-1.8619	-1.8144	-1.9661	-1.4143	-1.7722	-1.638	-1.4183	-2.034	-1.3469	-0.28693	0.73975	0.93507	0.94093	0.81768	0.59667	0.3911	0.29477	0.1226	0.069057	-0.030941	-0.16745	-0.33326	-0.47346	18.93
379.53	-0.9404	-0.97752	-1.421	-1.533	-1.6658	-1.6381	-1.7634	-1.6564	-1.6238	-1.7522	-1.4578	-1.666	-1.5563	-1.4968	-2.0323	-1.0934	-0.1373	0.81697	0.95359	0.91488	0.76495	0.58573	0.33919	0.22386	0.084805	0.025555	-0.079649	-0.19316	-0.42421	-0.51808	18.924
381.28	-1.0705	-0.91795	-1.3462	-1.4489	-1.5873	-1.5918	-1.655	-1.5303	-1.3699	-1.7019	-1.6293	-1.1375	-1.5091	-1.1726	-1.5038	-1.2558	0.050197	0.82613	0.98576	0.90859	0.68974	0.53534	0.33171	0.18666	0.0469	-0.049257	-0.08898	-0.27313	-0.51309	-0.65991	18.878
383.47	-1.2284	-1.1639	-1.2786	-1.474	-1.4548	-1.465	-1.4105	-1.3257	-1.1383	-1.1671	-0.93355	-1.4211	-0.98335	-0.94909	-1.3232	-0.437	0.18377	0.88564	0.96101	0.82225	0.67788	0.47661	0.27682	0.14964	-0.011193	-0.072427	-0.16564	-0.33736	-0.58843	-0.72977	18.785
387.4	-1.2059	-1.1072	-1.1865	-1.4532	-1.2895	-1.2001	-1.1765	-1.1264	-1.0293	-1.0097	-0.92407	-1.0785	-1.1112	-0.80284	-0.84136	-0.55617	0.28276	0.88511	0.9361	0.80771	0.64551	0.42483	0.23903	0.098683	-0.020309	-0.089104	-0.19643	-0.33031	-0.58642	-0.68975	18.586
391.56	-1.0821	-1.138	-1.1993	-1.1917	-1.1528	-1.0658	-1.048	-1.042	-1.0732	-0.75206	-0.76246	-0.88452	-1.0605	-0.85225	-0.85348	-0.18341	0.3541	0.88201	0.92992	0.76857	0.59794	0.41022	0.2192	0.085895	-0.03288	-0.10156	-0.17734	-0.33217	-0.53107	-0.66535	18.412
396.04	-0.97766	-0.99529	-1.0445	-1.1383	-1.063	-1.0268	-0.92138	-1.0148	-1.0293	-0.96731	-0.86102	-0.85443	-0.77879	-0.80445	-1.1562	0.080627	0.39846	0.86167	0.89162	0.71958	0.59693	0.33371	0.21481	0.092664	-0.063211	-0.10609	-0.23137	-0.31603	-0.51728	-0.62218	18.189
399.1	-0.73865	-0.88604	-0.96549	-1.0636	-0.94263	-0.94074	-0.87456	-0.96859	-0.98806	-0.67734	-0.64165	-0.90759	-0.46707	-1.0446	-0.8167	-7.4118e-006	0.45875	0.8962	0.89213	0.73406	0.53717	0.36087	0.19619	0.059316	-0.048387	-0.099638	-0.16657	-0.28552	-0.48632	-0.54667	17.967
402.59	-0.66859	-0.70384	-0.85625	-0.94218	-0.86098	-0.8449	-0.87592	-0.98302	-0.92435	-0.8715	-0.847	-0.82079	-0.99347	-0.84766	-0.95301	-0.099102	0.46999	0.87618	0.90807	0.70587	0.52496	0.34005	0.17205	0.03216	-0.047966	-0.13414	-0.18534	-0.27956	-0.41902	-0.50316	17.703
404.34	-0.57928	-0.72229	-0.78434	-0.91577	-0.81546	-0.87576	-0.865	-0.89162	-0.87828	-0.86773	-0.80136	-0.66009	-0.95147	-1.0684	-0.6429	-0.019695	0.50964	0.89675	0.89689	0.68506	0.51518	0.31512	0.14524	0.050969	-0.040684	-0.10762	-0.17722	-0.27488	-0.37725	-0.42381	17.456
405.11	-0.64144	-0.66908	-0.75449	-0.80441	-0.81601	-0.84777	-0.81708	-0.85778	-0.82913	-0.5082	-0.75795	-0.60002	-0.57308	-0.8051	-0.84529	-0.39397	0.53894	0.9133	0.88614	0.68771	0.50484	0.31453	0.15055	0.030071	-0.047669	-0.13331	-0.18419	-0.2588	-0.39933	-0.44135	17.142
404.23	-0.65051	-0.63111	-0.78265	-0.76704	-0.80314	-0.79681	-0.81171	-0.81226	-0.79981	-0.52925	-0.73855	-0.66027	-0.74415	-0.75072	-0.6839	-0.03947	0.59886	0.88685	0.91891	0.68129	0.48151	0.30933	0.15273	0.024453	-0.065466	-0.11691	-0.16263	-0.26109	-0.37354	-0.43679	16.901
402.81	-0.58534	-0.59018	-0.69032	-0.74919	-0.76821	-0.82407	-0.79487	-0.77708	-0.8008	-0.5511	-0.63573	-0.56398	-0.57634	-1.0349	-0.91153	0.23775	0.6276	0.91646	0.86933	0.67181	0.49829	0.26724	0.12337	-0.0096979	-0.055042	-0.13221	-0.15402	-0.26027	-0.40925	-0.43095	16.567
399.21	-0.56145	-0.58462	-0.70998	-0.76539	-0.8196	-0.84385	-0.77856	-0.77067	-0.79691	-0.83856	-0.72659	-0.68847	-0.81084	-1.1958	-0.63052	-0.079925	0.65629	0.91241	0.91026	0.66789	0.47235	0.28946	0.13014	0.019003	-0.055539	-0.13716	-0.17765	-0.24507	-0.38596	-0.40879	16.269
395.93	-0.5759	-0.56203	-0.63072	-0.75461	-0.84346	-0.79071	-0.73583	-0.78091	-0.73811	-0.62168	-0.81839	-0.55373	-0.75975	-0.84284	-0.6566	-0.020114	0.66753	0.91166	0.90483	0.64116	0.45708	0.25991	0.11601	-0.0021272	-0.10116	-0.14397	-0.22583	-0.27542	-0.34056	-0.43094	15.964
392.65	-0.55698	-0.55934	-0.69257	-0.75708	-0.8419	-0.79313	-0.74932	-0.74256	-0.68963	-0.54482	-0.93333	-0.47744	-0.59126	-0.92689	-0.32599	0.34551	0.71018	0.95063	0.89183	0.66481	0.4667	0.24999	0.10356	-0.017757	-0.0929	-0.14518	-0.21264	-0.28307	-0.36496	-0.43075	15.608
390.35	-0.59009	-0.62757	-0.67898	-0.74225	-0.76243	-0.74523	-0.71493	-0.6959	-0.64631	-0.48616	-0.56906	-0.72442	-0.59474	-0.77741	-0.47581	0.44978	0.73201	0.95622	0.8952	0.62374	0.41303	0.20893	0.073314	-0.045334	-0.11177	-0.15371	-0.22527	-0.29371	-0.3809	-0.45422	15.271
389.81	-0.63275	-0.59129	-0.67993	-0.73943	-0.70714	-0.71679	-0.67522	-0.64184	-0.6586	-0.65214	-0.89659	-0.39937	-0.73257	-0.93365	-0.49762	0.40945	0.792	0.90071	0.86259	0.60415	0.35907	0.19502	0.065694	-0.045397	-0.10092	-0.20391	-0.22369	-0.29232	-0.38736	-0.41674	14.897
389.04	-0.56414	-0.59245	-0.64386	-0.7138	-0.68681	-0.64858	-0.63762	-0.61357	-0.6618	-0.4671	-0.57098	-0.6452	-0.47914	-1.0133	-0.2866	0.49234	0.80735	0.91092	0.85108	0.54995	0.34611	0.16898	0.04454	-0.092748	-0.13972	-0.2101	-0.24124	-0.30731	-0.42768	-0.43666	14.544
390.35	-0.55628	-0.5515	-0.63777	-0.65162	-0.65853	-0.62327	-0.60591	-0.59384	-0.59703	-0.56869	-0.43853	-0.52096	-0.43847	-0.91299	-0.28563	0.67466	0.83211	0.91627	0.83507	0.50721	0.32743	0.13397	0.02318	-0.090475	-0.16124	-0.20171	-0.25938	-0.31166	-0.41836	-0.43138	14.21
392.43	-0.53355	-0.53197	-0.63049	-0.56185	-0.56891	-0.61788	-0.54573	-0.59851	-0.57125	-0.422	-0.54438	-0.63963	-0.68879	-0.92741	-0.116	0.38643	0.83161	0.88842	0.80636	0.5269	0.29088	0.13327	-0.021061	-0.10757	-0.13669	-0.22165	-0.26366	-0.29215	-0.39262	-0.39881	13.825
395.27	-0.44328	-0.50066	-0.55618	-0.56353	-0.54772	-0.49299	-0.56553	-0.53025	-0.53533	-0.60235	-0.69084	-0.79579	-0.4523	-0.90163	-0.031711	0.70666	0.85082	0.87995	0.79499	0.47869	0.26381	0.094301	0.0076577	-0.10679	-0.14114	-0.21816	-0.27112	-0.28296	-0.34891	-0.37339	13.462
398.66	-0.45315	-0.44372	-0.50149	-0.51153	-0.51551	-0.56086	-0.50102	-0.52958	-0.49552	-0.45583	-0.66368	-0.54993	-0.69715	-0.95086	-0.19694	0.52048	0.81861	0.84571	0.75696	0.42258	0.24442	0.061768	-0.022619	-0.10589	-0.17403	-0.21443	-0.24655	-0.29638	-0.34981	-0.34039	13.069
401.17	-0.40966	-0.42289	-0.49644	-0.50833	-0.4512	-0.44277	-0.49609	-0.47471	-0.45184	-0.51322	-0.51132	-0.56628	-0.67378	-0.75645	0.0098899	0.45753	0.82685	0.83836	0.7321	0.43187	0.22775	0.06729	-0.039366	-0.11859	-0.17651	-0.21495	-0.24869	-0.27706	-0.31309	-0.34382	12.714
402.05	-0.41843	-0.41296	-0.44582	-0.43608	-0.44812	-0.47447	-0.45913	-0.38983	-0.43062	-0.43193	-0.57366	-0.82191	-0.57744	-1.0369	0.0098684	0.49625	0.82887	0.83041	0.69402	0.37932	0.21215	0.023878	-0.054257	-0.13548	-0.19213	-0.21262	-0.27575	-0.25728	-0.31624	-0.32089	12.331
401.72	-0.35112	-0.40248	-0.40041	-0.3746	-0.42114	-0.36861	-0.34281	-0.35201	-0.33705	-0.31197	-0.70092	-0.94123	-0.84376	-1.0942	-0.23647	0.59597	0.84671	0.8127	0.68363	0.41142	0.18207	0.01209	-0.080534	-0.14894	-0.16736	-0.21466	-0.23178	-0.24702	-0.29159	-0.30081	11.947
398.77	-0.34204	-0.38367	-0.36879	-0.36982	-0.33102	-0.31988	-0.32906	-0.27969	-0.28759	-0.49609	-0.98294	-1.1075	-1.309	-1.1023	-0.27961	0.7405	0.84145	0.81665	0.71812	0.37844	0.18533	0.03399	-0.086793	-0.1097	-0.20089	-0.21437	-0.21123	-0.27697	-0.28024	-0.30676	11.555
396.04	-0.33263	-0.35705	-0.3636	-0.33436	-0.33757	-0.32416	-0.22389	-0.20811	-0.28771	-0.51984	-0.96825	-1.1754	-1.0292	-1.129	-0.23987	0.58442	0.85692	0.83058	0.70825	0.37299	0.18469	0.042211	-0.051278	-0.16269	-0.20227	-0.22909	-0.23698	-0.2311	-0.26468	-0.28824	11.16
394.73	-0.31997	-0.29035	-0.32987	-0.28971	-0.26805	-0.24205	-0.17712	-0.19133	-0.2793	-0.37872	-1.036	-0.91764	-1.3804	-1.3626	-0.11533	0.52566	0.86753	0.80838	0.68831	0.33177	0.14875	0.0062903	-0.10484	-0.14188	-0.20113	-0.23365	-0.21902	-0.28513	-0.26167	-0.29673	10.771
395.16	-0.27835	-0.28453	-0.25971	-0.22081	-0.22285	-0.12338	-0.14042	-0.21632	-0.34826	-0.82673	-0.77702	-1.1981	-1.4561	-1.055	-0.53264	0.82803	0.86463	0.80749	0.68383	0.34352	0.13129	-0.02173	-0.091393	-0.13784	-0.18281	-0.2296	-0.23937	-0.23694	-0.23411	-0.24939	10.404
395.49	-0.22707	-0.20554	-0.22076	-0.22634	-0.18421	-0.090074	-0.17861	-0.23164	-0.44898	-0.76498	-1.1413	-1.3377	-1.0499	-1.3026	-0.26108	0.64569	0.85423	0.84003	0.66472	0.31902	0.15038	-0.023714	-0.12558	-0.16872	-0.19893	-0.21425	-0.2373	-0.2332	-0.23197	-0.23791	10.019
396.69	-0.18528	-0.18849	-0.15635	-0.10231	-0.06437	-0.089801	-0.1617	-0.24832	-0.45322	-0.68144	-1.0737	-1.4137	-1.1428	-1.0699	0.17632	0.78459	0.87675	0.78783	0.67565	0.30799	0.13844	-0.025631	-0.064475	-0.18559	-0.18211	-0.19093	-0.21048	-0.19186	-0.18471	-0.15666	9.6447
398.66	-0.14152	-0.16212	-0.10754	-0.052719	-0.10432	-0.11818	-0.13558	-0.32972	-0.52521	-0.83971	-1.0258	-1.1676	-1.4624	-1.0647	-0.27968	0.70065	0.84167	0.786	0.6116	0.29647	0.11109	-0.01162	-0.11703	-0.17123	-0.19376	-0.20691	-0.18531	-0.19619	-0.16836	-0.15961	9.2792
401.06	-0.10776	-0.087112	-0.057228	-0.12559	-0.12055	-0.099058	-0.18152	-0.35258	-0.56633	-1.2163	-0.76559	-1.4379	-1.3776	-1.2656	-0.2986	0.63679	0.83281	0.80175	0.6244	0.26683	0.12368	-0.029292	-0.10694	-0.14154	-0.20509	-0.17203	-0.15284	-0.14784	-0.14241	-0.12716	8.8864
404.67	-0.030048	-0.097079	-0.045362	-0.10402	-0.075627	-0.11237	-0.23337	-0.41002	-0.60333	-0.82724	-1.3673	-1.3662	-1.403	-1.1049	-0.071753	0.29583	0.86893	0.78447	0.62246	0.27629	0.10193	-0.042709	-0.11343	-0.14218	-0.16968	-0.17976	-0.16062	-0.12748	-0.091693	-0.067273	8.5191
408.27	-0.050702	-0.073159	-0.054342	-0.10125	-0.10187	-0.10736	-0.26311	-0.42329	-0.57989	-1.1948	-1.1056	-1.0623	-1.4654	-1.0766	-0.030701	0.82094	0.85563	0.75141	0.61696	0.27385	0.10661	-0.011347	-0.090301	-0.1184	-0.13665	-0.14696	-0.11028	-0.11777	-0.02303	-0.079418	8.1472
409.37	-0.027804	-0.035807	-0.0092818	-0.058691	-0.097464	-0.1592	-0.31174	-0.44836	-0.59822	-0.95549	-1.1234	-1.4088	-1.1075	-1.3138	0.029828	0.62388	0.82528	0.76544	0.59202	0.25557	0.087779	-0.051879	-0.099256	-0.13306	-0.14502	-0.15389	-0.12625	-0.098626	-0.030488	-0.051982	7.7783
409.91	0.0082214	0.079089	-0.063468	-0.073306	-0.10764	-0.21506	-0.3254	-0.5057	-0.6642	-0.93457	-1.2876	-1.1744	-1.4595	-1.1461	0.11026	0.40886	0.87277	0.75241	0.57871	0.28054	0.091369	-0.024804	-0.095449	-0.12354	-0.13087	-0.161	-0.10984	-0.08482	-0.024818	-0.010222	7.3986
408.49	-0.0012525	-0.046522	-0.03931	-0.044076	-0.1618	-0.2359	-0.41304	-0.50183	-0.69186	-0.87866	-0.95954	-1.2951	-1.3526	-0.81692	-0.17202	0.89868	0.87393	0.73493	0.62202	0.25612	0.10841	-0.042309	-0.090253	-0.12959	-0.14358	-0.10102	-0.08849	-0.098837	0.020312	-0.0029828	7.0612
406.64	0.0082876	0.020948	-0.0093442	-0.097958	-0.16461	-0.23698	-0.38832	-0.5305	-0.67501	-0.66478	-1.0057	-1.2619	-1.1524	-1.1181	-0.071406	0.74579	0.87604	0.74838	0.58156	0.26906	0.07343	-0.069729	-0.10548	-0.13584	-0.13544	-0.12728	-0.118	-0.054487	-0.0023068	-0.01396	6.7192
404.78	0.021753	0.044306	-0.0074918	-0.11328	-0.19459	-0.30702	-0.37585	-0.56511	-0.63607	-0.96632	-1.1991	-1.0911	-1.3461	-1.1793	-0.010563	0.69006	0.88763	0.72139	0.57336	0.23875	0.06251	-0.038793	-0.11526	-0.12511	-0.15373	-0.15379	-0.091128	-0.073778	-0.019429	0.002497	6.371
401.94	0.060544	0.046423	-0.026606	-0.11783	-0.20858	-0.29285	-0.38568	-0.55386	-0.67369	-1.1134	-1.4822	-1.2372	-1.4885	-0.92427	0.13296	0.33756	0.86912	0.73466	0.55369	0.2325	0.051619	-0.054804	-0.11607	-0.14505	-0.1388	-0.12877	-0.075205	-0.070811	0.014899	0.015454	6.0515
399.32	0.074553	0.053979	-0.024863	-0.12049	-0.229	-0.29888	-0.381	-0.569	-0.69109	-0.87865	-1.0454	-1.4243	-1.4027	-0.70316	-0.4238	1.0792	0.88634	0.71687	0.57569	0.22203	0.063365	-0.069025	-0.097982	-0.14792	-0.12717	-0.139	-0.086816	-0.067769	0.0034365	0.006254	5.7576
397.02	0.059339	0.048818	-0.044303	-0.13256	-0.27076	-0.31301	-0.40318	-0.59159	-0.64477	-0.96492	-0.94447	-1.0524	-1.0843	-0.80246	0.11384	0.74372	0.91462	0.72928	0.54946	0.21126	0.029301	-0.069424	-0.1251	-0.11983	-0.1153	-0.13036	-0.092909	-0.046979	0.0015154	0.03436	5.4819
396.26	0.075128	0.041605	-0.077257	-0.14232	-0.27341	-0.32605	-0.46038	-0.5734	-0.73376	-0.90579	-1.032	-1.1346	-1.3173	-0.84215	0.15571	0.80558	0.90091	0.67476	0.52275	0.18548	0.025527	-0.097494	-0.15193	-0.13746	-0.14079	-0.12683	-0.09682	-0.061219	0.003463	0.028801	5.238
396.15	0.055548	0.047095	-0.088882	-0.17466	-0.2479	-0.34064	-0.40771	-0.56389	-0.70782	-1.15	-1.0108	-1.2352	-1.2214	-0.72786	0.28068	0.72523	0.87602	0.69981	0.49882	0.17748	-0.0013019	-0.079559	-0.13297	-0.15491	-0.13722	-0.15335	-0.10058	-0.048854	-0.00042642	0.038189	4.9652
395.71	0.035987	0.03983	-0.054133	-0.17105	-0.2503	-0.37006	-0.42092	-0.5587	-0.71608	-0.7849	-1.3338	-1.0759	-1.1649	-0.65228	0.23929	0.5849	0.89441	0.67362	0.5142	0.19784	0.015965	-0.073652	-0.15404	-0.14733	-0.14641	-0.14974	-0.061434	-0.068386	0.011242	0.038231	4.7166
395.6	0.065441	0.04716	-0.075449	-0.15968	-0.25464	-0.30791	-0.42833	-0.58403	-0.68262	-0.84621	-0.79757	-0.71485	-0.99177	-0.84354	0.34358	0.98849	0.89079	0.65306	0.4921	0.15553	0.010211	-0.091663	-0.15028	-0.14544	-0.11029	-0.10999	-0.08389	-0.059547	0.019026	0.058901	4.4816
395.71	0.069345	0.032509	-0.04445	-0.18817	-0.24389	-0.32857	-0.43915	-0.52579	-0.76843	-0.96812	-0.90467	-1.2767	-1.03	-0.61406	0.17676	0.72603	0.86925	0.64251	0.44747	0.11919	-0.018572	-0.14958	-0.13692	-0.13959	-0.13376	-0.13269	-0.12874	-0.071926	0.024855	0.043864	4.3012
396.15	0.084952	0.047095	-0.077278	-0.16516	-0.25643	-0.36136	-0.41317	-0.55809	-0.69475	-0.94669	-1.0751	-0.91435	-1.1252	-0.76605	0.093288	0.62452	0.86829	0.61279	0.43217	0.11704	-0.030054	-0.11349	-0.13107	-0.1433	-0.1318	-0.11552	-0.093114	-0.038241	0.063679	0.086955	4.1207
396.04	0.071251	0.032482	-0.085037	-0.1576	-0.27143	-0.33245	-0.4315	-0.54663	-0.67439	-0.72327	-0.7753	-1.1954	-0.83658	-0.36537	0.11413	1.0075	0.87046	0.60466	0.44711	0.13118	-0.01472	-0.11951	-0.15012	-0.14528	-0.13364	-0.1269	-0.087535	-0.061253	0.050095	0.062589	3.9478
395.93	0.063423	0.059929	-0.061842	-0.18236	-0.22242	-0.33046	-0.40976	-0.5197	-0.68579	-0.49965	-0.83982	-0.71426	-0.87535	-0.61372	0.48911	0.84662	0.89005	0.59654	0.39536	0.11913	-0.026237	-0.12953	-0.14255	-0.1608	-0.13729	-0.12883	-0.067006	-0.078968	0.040393	0.070112	3.784
396.47	0.055502	0.034272	-0.098469	-0.14034	-0.269	-0.34865	-0.40191	-0.56729	-0.68298	-0.55991	-0.96718	-0.89357	-1.2781	-0.25055	0.25962	0.76491	0.88109	0.56466	0.39851	0.090783	-0.053014	-0.10941	-0.17083	-0.1683	-0.15154	-0.1381	-0.087438	-0.07532	0.03257	0.051279	3.6384
397.68	0.065099	0.030525	-0.084686	-0.17967	-0.26606	-0.30424	-0.42247	-0.54246	-0.64929	-0.90256	-1.0497	-0.83094	-0.58379	-0.59198	0.21738	1.0235	0.85917	0.57328	0.39731	0.082478	-0.043308	-0.12896	-0.16843	-0.15624	-0.15468	-0.11884	-0.1002	-0.052189	0.059563	0.039909	3.52
399.43	0.066757	0.01407	-0.082398	-0.18076	-0.26913	-0.32141	-0.42603	-0.52282	-0.66312	-0.8381	-0.85372	-1.0461	-0.69585	-0.17299	0.31965	0.8192	0.85349	0.56255	0.3772	0.088111	-0.060227	-0.15017	-0.15638	-0.16131	-0.13609	-0.13521	-0.11828	-0.071257	0.016914	0.054618	3.4381
400.85	0.052961	0.061	-0.10504	-0.15947	-0.26185	-0.34279	-0.41193	-0.58212	-0.6497	-0.65426	-0.82956	-0.60639	-0.84559	-0.41758	0.50371	0.89589	0.87722	0.55236	0.37952	0.0659	-0.0638	-0.10624	-0.16709	-0.16264	-0.13561	-0.14595	-0.049572	-0.055274	0.041812	0.041446	3.3607
403.14	0.087328	-0.00042758	-0.079736	-0.13989	-0.26246	-0.32456	-0.44179	-0.5085	-0.65701	-0.75046	-0.80375	-1.0758	-1.1246	-0.49021	0.13256	0.75226	0.83993	0.537	0.35007	0.069482	-0.067206	-0.14879	-0.17547	-0.16932	-0.12242	-0.12839	-0.095167	-0.051481	0.047301	0.057799	3.2985
405.65	0.061903	0.045991	-0.066026	-0.16314	-0.24625	-0.33873	-0.41949	-0.48457	-0.63288	-0.84508	-0.92438	-0.97125	-0.66638	-0.41263	0.43675	0.76726	0.85172	0.55594	0.34971	0.057247	-0.059302	-0.14202	-0.1447	-0.1645	-0.1005	-0.10172	-0.090932	-0.025253	0.035625	0.075758	3.2423
407.62	0.050174	0.010239	-0.090138	-0.17159	-0.24506	-0.31696	-0.40862	-0.51419	-0.61167	-0.72243	-0.91992	-0.81068	-0.7754	-0.33642	0.43464	0.93978	0.81566	0.51097	0.35343	0.04327	-0.072057	-0.16461	-0.15693	-0.15618	-0.14213	-0.13249	-0.090493	-0.045758	0.029793	0.057164	3.2423
408.6	0.055755	0.040348	-0.11242	-0.18776	-0.2362	-0.31419	-0.4147	-0.55795	-0.64279	-0.93757	-0.93848	-0.69207	-0.77354	-0.33564	0.55468	0.95704	0.82682	0.52179	0.33462	0.066601	-0.066307	-0.1139	-0.16392	-0.15768	-0.15229	-0.095487	-0.084843	-0.055942	0.03914	0.055206	3.1786
408.49	0.074778	0.0084416	-0.093698	-0.16938	-0.27143	-0.31829	-0.41834	-0.5581	-0.67738	-0.74063	-1.0635	-0.92563	-1.0351	-0.24318	0.29238	0.68379	0.82329	0.50385	0.32933	0.03536	-0.081196	-0.17007	-0.18792	-0.16898	-0.15583	-0.13221	-0.073999	-0.071393	0.018425	0.066138	3.1619
408.16	0.06913	0.02974	-0.091897	-0.18796	-0.26337	-0.29442	-0.44341	-0.54353	-0.65979	-0.85961	-0.79385	-0.73175	-0.94253	-0.46566	0.37343	0.86032	0.81645	0.53844	0.34397	0.054941	-0.066378	-0.1702	-0.19729	-0.17474	-0.1472	-0.10477	-0.092184	-0.073166	0.044838	0.06983	3.168
406.64	0.063665	0.031636	-0.099774	-0.17015	-0.30384	-0.30965	-0.43444	-0.53239	-0.62043	-1.0015	-0.67158	-0.79311	-0.8523	-0.20709	0.19228	0.90278	0.84212	0.52431	0.35067	0.037487	-0.085303	-0.15335	-0.19248	-0.16975	-0.14775	-0.11622	-0.076155	-0.066549	0.046895	0.060958	3.1998
404.12	0.058296	0.012115	-0.096605	-0.19356	-0.26182	-0.30954	-0.38895	-0.54897	-0.69568	-0.50944	-0.94888	-0.77836	-0.65	-0.43285	0.56086	0.63197	0.8303	0.4971	0.31292	0.067339	-0.068924	-0.13473	-0.16015	-0.16133	-0.11858	-0.16887	-0.069306	-0.068696	0.041473	0.088914	3.212
401.5	0.066412	0.010392	-0.097236	-0.1967	-0.27616	-0.35245	-0.39688	-0.57736	-0.62836	-1.0344	-0.82817	-0.72412	-1.0342	-0.26623	-0.010649	0.79506	0.8319	0.48604	0.32775	0.018089	-0.093955	-0.13955	-0.18369	-0.18528	-0.1443	-0.13638	-0.080815	-0.095325	0.037913	0.05063	3.212
399.53	0.04342	-0.0040585	-0.11306	-0.19956	-0.27751	-0.35214	-0.43675	-0.57828	-0.66293	-0.99915	-0.85348	-0.72769	-0.9438	-0.41895	0.3815	0.79897	0.82258	0.52542	0.31651	0.046142	-0.10202	-0.15409	-0.16576	-0.18811	-0.15575	-0.12767	-0.079363	-0.062473	0.016913	0.065759	3.2105
399.86	0.049206	0.0086238	-0.11871	-0.25398	-0.29842	-0.3888	-0.45262	-0.57206	-0.692	-0.69618	-0.83156	-0.86615	-0.42804	-0.4186	0.44307	0.87818	0.83148	0.52499	0.33277	0.042111	-0.082948	-0.16385	-0.15056	-0.14963	-0.13415	-0.097574	-0.097799	-0.071179	0.032294	0.030398	3.1665
401.28	0.012266	0.035665	-0.12402	-0.21744	-0.25736	-0.35674	-0.40608	-0.60249	-0.68955	-0.73388	-1.0403	-0.78387	-0.76861	-0.60553	0.58537	0.81541	0.87245	0.53949	0.35535	0.087704	-0.078872	-0.10416	-0.12752	-0.15674	-0.11229	-0.10283	-0.079017	-0.070927	0.03218	0.082134	3.2575
402.27	0.041192	0.026577	-0.095148	-0.22066	-0.27143	-0.37015	-0.44633	-0.57055	-0.70257	-0.97235	-0.82659	-0.8412	-0.69094	-0.54766	0.31739	0.81341	0.82271	0.57694	0.35266	0.07162	-0.057911	-0.14911	-0.12159	-0.14112	-0.13335	-0.11935	-0.069626	-0.025466	0.047404	0.06162	3.391
402.59	0.035372	0.010367	-0.1103	-0.2373	-0.2859	-0.39228	-0.49613	-0.61766	-0.73692	-0.81147	-1.0158	-1.0773	-0.80402	-0.397	0.35809	1.0705	0.82393	0.58259	0.36513	0.10129	-0.048435	-0.14703	-0.13832	-0.12578	-0.11725	-0.10436	-0.095299	-0.016744	0.02252	0.076333	3.5534
402.81	0.01415	-0.018409	-0.10263	-0.22596	-0.29414	-0.37984	-0.49228	-0.63634	-0.73101	-0.77106	-1.0152	-0.99781	-0.87932	-0.64078	0.50126	0.77263	0.81017	0.60469	0.41045	0.1052	-0.033325	-0.10376	-0.1233	-0.12952	-0.095883	-0.089418	-0.076881	-0.048043	0.043521	0.09105	3.7142
403.8	0.056418	-0.018364	-0.11945	-0.24405	-0.30179	-0.36672	-0.49287	-0.58546	-0.75671	-0.86891	-0.88655	-1.3495	-0.68832	-0.4707	0.4183	0.86959	0.82717	0.61745	0.40582	0.13261	-0.016321	-0.11135	-0.091302	-0.11213	-0.083251	-0.076208	-0.073028	-0.020163	0.041507	0.054027	3.9857
404.01	0.050621	-0.018354	-0.14024	-0.25882	-0.34137	-0.39902	-0.51402	-0.661	-0.77827	-1.1675	-1.1593	-1.3291	-1.3487	-0.58273	0.030223	0.63207	0.84569	0.62524	0.46915	0.14044	0.023158	-0.081922	-0.098709	-0.10259	-0.10622	-0.074313	-0.078483	-0.032292	-0.0099401	0.052157	4.1981
402.7	0.031508	-0.002229	-0.16163	-0.2335	-0.33618	-0.41255	-0.5336	-0.66695	-0.79918	-0.9513	-1.1631	-1.1756	-1.05	-1.054	0.41944	0.71343	0.85035	0.65173	0.47978	0.17459	0.025118	-0.084155	-0.10464	-0.12004	-0.060386	-0.10433	-0.065879	-0.039354	0.0072236	0.052326	4.4149
401.61	0.029658	0.0031756	-0.15635	-0.23976	-0.35182	-0.43616	-0.52428	-0.68021	-0.82346	-0.85359	-1.2931	-1.0997	-1.2618	-0.71796	0.17416	0.71537	0.85457	0.65351	0.50848	0.19891	0.03086	-0.0095672	-0.078683	-0.084122	-0.073017	-0.080356	-0.021847	-0.016785	0.055149	0.065419	4.7439
400.08	0.041417	0.012238	-0.17801	-0.2482	-0.34683	-0.4727	-0.54071	-0.71537	-0.80441	-0.93742	-1.6376	-1.2826	-1.5717	-0.90968	0.11297	0.43889	0.88656	0.70114	0.51592	0.25752	0.059447	-0.0056495	-0.067694	-0.076785	-0.053631	-0.088153	-0.042271	-0.041365	0.041892	0.071241	5.0167
400.08	0.04724	-0.0022436	-0.12248	-0.23879	-0.38907	-0.42141	-0.57676	-0.6943	-0.88393	-1.1186	-1.1282	-1.4613	-1.5335	-0.81521	-0.27869	0.81786	0.85975	0.70114	0.59293	0.25153	0.093614	-0.017509	-0.033829	-0.061467	-0.075086	-0.05069	-0.055214	-0.036111	0.028428	0.043385	5.3092
399.97	0.045312	-0.0022442	-0.11293	-0.30096	-0.35538	-0.4482	-0.58413	-0.71365	-0.85087	-1.0786	-1.3621	-1.5411	-1.267	-1.1746	-0.36128	0.7183	0.82742	0.73827	0.57292	0.28751	0.11832	-0.0016993	-0.033838	-0.065316	-0.044706	-0.065693	-0.045979	-0.018601	0.018818	0.034107	5.6137
399.64	0.037575	-0.020369	-0.13603	-0.26354	-0.35567	-0.49581	-0.581	-0.74682	-0.88119	-1.0392	-1.6182	-1.4828	-1.5352	-1.3458	-0.093281	0.5192	0.83002	0.76968	0.60275	0.32769	0.13932	0.026003	-0.045164	-0.069202	-0.060848	-0.046993	-0.034913	0.00066644	0.028459	0.039709	5.9152
399.75	0.010372	-0.013114	-0.14941	-0.25217	-0.3746	-0.50184	-0.59528	-0.73703	-0.8791	-1.2606	-1.1717	-1.8003	-1.8591	-1.1563	-0.21702	0.69874	0.84895	0.78795	0.68883	0.34357	0.17347	0.047749	-0.016908	-0.027022	-0.033994	-0.043229	-0.034903	-0.022122	0.040006	0.032264	6.212
400.3	0.033636	-0.027573	-0.18556	-0.30071	-0.40364	-0.50115	-0.64491	-0.77239	-0.97216	-1.1381	-1.5519	-1.7581	-1.9709	-1.7969	-0.71121	0.23924	0.80761	0.81764	0.6659	0.36104	0.18082	0.063489	0.0056785	-0.025068	-0.028591	-0.022576	-0.012679	-0.011588	0.030338	0.04893	6.539
401.83	-0.0090057	-0.023861	-0.17723	-0.29395	-0.37897	-0.52172	-0.61015	-0.79233	-0.97398	-1.234	-1.8418	-1.791	-1.9444	-1.9217	-0.7085	0.23833	0.77975	0.80635	0.69805	0.40534	0.21604	0.096696	0.033758	-0.0078161	-0.0088991	-0.039278	0.0021001	0.0058947	0.018731	0.067235	6.8554
402.92	0.027635	-0.041772	-0.18246	-0.28942	-0.4094	-0.4816	-0.63893	-0.82821	-0.99704	-1.1307	-1.605	-1.727	-2.0906	-2.0666	-0.48143	0.21789	0.77003	0.81843	0.75077	0.43792	0.27576	0.15531	0.037401	0.028333	-0.0070974	0.02035	-0.012597	0.0076202	0.026323	0.026478	7.2473
