13351	5	3	91	26.7	746	1	20	8	1.165	128	4096	10	0	0	0	0	149.12	918.49	1.3972e+006	0.11487	0.050487	39.871	0	0	1	0	0	0	11	0	0
804.42	-0.19372	-0.19714	-0.26167	-0.35343	-0.48161	-0.65771	-0.93955	-1.3767	-1.8961	-2.7128	-4.4134	-5.5374	-8.937	-10.656	-8.4893	-5.9759	-2.7353	-0.033121	0.50312	0.90567	0.83048	0.6698	0.49718	0.39017	0.2928	0.20711	0.15949	0.10394	0.014847	-0.038182	17.115
803.25	-0.22977	-0.22989	-0.30593	-0.37925	-0.52545	-0.65152	-0.95529	-1.4255	-2.0278	-2.9474	-4.6313	-6.0202	-9.4628	-11.077	-8.9638	-6.243	-2.9253	-0.1374	0.4719	0.90203	0.84209	0.67965	0.51196	0.38693	0.29768	0.23447	0.1763	0.099728	-0.01387	-0.041939	17.529
796.39	-0.27368	-0.2346	-0.30568	-0.41276	-0.52785	-0.68083	-0.96623	-1.4503	-1.9551	-2.993	-4.8204	-5.8326	-9.7167	-11.542	-9.4035	-6.6475	-3.114	-0.20146	0.44557	0.9118	0.85888	0.70039	0.50692	0.41527	0.31371	0.24496	0.18711	0.095305	-0.0081935	-0.060026	17.914
790.6	-0.26488	-0.27937	-0.3554	-0.44625	-0.56164	-0.6879	-0.96875	-1.4483	-1.9376	-3.0353	-4.4691	-5.9658	-9.9422	-11.952	-9.7853	-6.9384	-3.3646	-0.27249	0.40986	0.9104	0.87861	0.70752	0.53729	0.41831	0.3151	0.2477	0.16883	0.11285	-0.0053332	-0.072683	18.307
785.46	-0.33482	-0.36142	-0.41332	-0.49613	-0.64708	-0.79482	-1.0274	-1.4549	-1.9447	-2.9321	-4.7254	-6.1161	-10.017	-12.252	-10.196	-7.3496	-3.5154	-0.34221	0.38546	0.91128	0.89597	0.74739	0.54081	0.42983	0.33447	0.24932	0.18972	0.093959	-0.029861	-0.084509	18.685
781.38	-0.34849	-0.36516	-0.44783	-0.53725	-0.70885	-0.84203	-1.0688	-1.433	-1.8611	-2.8959	-4.6196	-6.0972	-10.362	-12.432	-10.439	-7.4492	-3.6768	-0.39231	0.36119	0.91705	0.89481	0.74015	0.56482	0.44089	0.32798	0.26405	0.1907	0.10072	-0.026079	-0.10397	19.09
778.92	-0.39744	-0.41281	-0.45613	-0.65588	-0.80439	-0.92584	-1.2472	-1.5487	-1.8936	-2.7499	-4.3944	-6.0757	-9.729	-12.539	-10.493	-7.6163	-3.7711	-0.43466	0.32184	0.9261	0.91519	0.7628	0.5869	0.47671	0.35197	0.26681	0.19416	0.10374	-0.049871	-0.11288	19.498
779.45	-0.39717	-0.4627	-0.5492	-0.6564	-0.87104	-1.1653	-1.485	-1.8317	-2.0251	-2.624	-4.2607	-5.9798	-9.8006	-12.366	-10.38	-7.6417	-3.7125	-0.42383	0.36491	0.95413	0.93892	0.79372	0.60871	0.46656	0.35815	0.28009	0.19497	0.11176	-0.044901	-0.10613	19.876
779.56	-0.43098	-0.46728	-0.5619	-0.75673	-0.88068	-1.5505	-1.9974	-2.0791	-2.1852	-2.5823	-3.3451	-4.8173	-8.1947	-10.89	-8.7707	-6.791	-3.2619	-0.28794	0.44578	0.98471	0.96899	0.8068	0.62022	0.49597	0.3682	0.28774	0.20823	0.097366	-0.039958	-0.12804	20.334
782.78	-0.37366	-0.39875	-0.57035	-0.85555	-1.4794	-1.8986	-2.0942	-2.1009	-2.0071	-2.8804	-3.5158	-3.3159	-4.205	-6.6822	-5.0996	-5.0605	-2.1239	0.053	0.63604	1.0296	0.97761	0.81762	0.62728	0.48317	0.36577	0.29231	0.21021	0.10592	-0.064371	-0.1389	20.667
783.96	-0.37607	-0.42956	-0.80794	-1.5437	-1.8598	-2.0067	-2.0276	-2.1339	-2.5873	-2.4959	-2.514	-2.5307	-2.6226	-3.644	-2.8826	-3.3427	-1.2871	0.35656	0.77263	1.0393	0.95386	0.78715	0.60425	0.48538	0.37069	0.28613	0.20046	0.10129	-0.053477	-0.10647	21.072
777.95	-0.56861	-0.67772	-1.3341	-1.9068	-2.0849	-2.1815	-1.8569	-1.9662	-2.0091	-1.925	-1.6711	-1.7436	-2.0644	-2.0492	-2.1097	-2.1479	-0.76628	0.54607	0.87005	1.0401	0.96221	0.78204	0.59731	0.47336	0.35333	0.27774	0.18869	0.057934	-0.11126	-0.1942	21.407
764.33	-0.86319	-1.1219	-1.6877	-1.8532	-1.7594	-1.7361	-1.6966	-1.6424	-1.5977	-1.7591	-1.4231	-1.4213	-1.4925	-1.3933	-1.8992	-1.6119	-0.4632	0.67394	0.9393	1.0367	0.9277	0.75874	0.55871	0.44672	0.29693	0.19444	0.096232	-0.068463	-0.29447	-0.40666	21.697
743.39	-1.2823	-1.2334	-1.7847	-1.8932	-1.7294	-1.6017	-1.4145	-1.2857	-1.0944	-1.0176	-0.96062	-1.0874	-0.9394	-0.86303	-1.2981	-1.0561	-0.096995	0.80444	1.0092	1.0391	0.89662	0.71416	0.49547	0.34903	0.18214	0.079947	-0.054317	-0.28153	-0.64955	-0.80691	22.036
726.3	-2.1806	-1.9515	-1.6716	-1.6589	-1.5235	-1.3862	-1.1498	-0.99849	-0.79518	-0.70889	-0.53895	-0.63171	-0.69897	-0.71678	-0.84032	-0.64146	0.18658	0.90926	1.0339	1.0042	0.8529	0.63407	0.4408	0.25493	0.1037	-0.0162	-0.19412	-0.44734	-1.0102	-1.2515	22.398
719.95	-1.8363	-1.7554	-1.763	-1.3881	-1.2118	-1.1487	-0.92657	-0.90301	-0.88028	-0.78228	-0.81498	-0.84692	-0.86403	-0.63909	-0.95081	-0.56952	0.21163	0.90587	1.0196	0.95318	0.78553	0.58694	0.37882	0.21887	0.050966	-0.084007	-0.22255	-0.47173	-0.94752	-1.15	22.786
731.35	-1.3841	-1.2339	-1.4537	-1.1493	-1.082	-1.004	-1.0088	-1.0523	-1.0932	-1.1666	-0.68617	-1.0184	-1.0279	-1.0323	-1.3533	-0.66976	0.10044	0.86594	0.97764	0.91759	0.77951	0.58753	0.38526	0.21965	0.062886	-0.040682	-0.17761	-0.3791	-0.76019	-0.92788	23.244
761.43	-1.1041	-1.0663	-0.99182	-1.011	-0.91275	-0.99346	-1.3033	-1.3338	-1.1773	-1.1417	-1.0494	-1.1033	-1.2076	-1.2596	-1.5381	-0.93677	-0.023261	0.79939	0.94288	0.92432	0.76368	0.59651	0.4086	0.2482	0.11582	0.01703	-0.089952	-0.26658	-0.55836	-0.68924	23.716
801.43	-0.75832	-0.78168	-0.76739	-0.76614	-0.99161	-1.2962	-1.6504	-1.5788	-1.3114	-1.3359	-1.2089	-1.1573	-1.4424	-1.1213	-1.6466	-1.0692	-0.1827	0.71238	0.89124	0.91503	0.78621	0.62594	0.42014	0.30464	0.16627	0.062937	-0.017151	-0.17896	-0.40375	-0.5028	24.119
838.35	-0.60544	-0.61162	-0.65865	-0.99457	-1.343	-1.6758	-1.7154	-1.5266	-1.3499	-1.2771	-1.1152	-1.3811	-1.1514	-1.3063	-1.7708	-1.2696	-0.27426	0.68688	0.87211	0.90519	0.786	0.60969	0.44294	0.33234	0.19648	0.099498	-0.0013933	-0.12427	-0.30886	-0.39557	24.513
855.45	-0.52254	-0.61971	-0.94191	-1.4041	-1.6066	-1.6106	-1.6069	-1.4352	-1.284	-1.1857	-1.1921	-1.2978	-1.2711	-1.2626	-1.6583	-1.3562	-0.30012	0.66547	0.85725	0.91414	0.80757	0.62523	0.46224	0.32749	0.19673	0.10978	0.0098776	-0.11359	-0.29459	-0.36769	24.778
848.19	-0.87122	-0.90253	-1.3348	-1.5004	-1.4779	-1.5364	-1.5441	-1.3355	-1.2426	-1.1578	-1.0121	-1.2152	-1.1381	-1.2645	-1.6822	-1.142	-0.23946	0.69634	0.86373	0.91351	0.80195	0.63058	0.45111	0.31223	0.18493	0.08686	-0.0101	-0.14266	-0.34792	-0.44004	25.083
816.2	-1.0538	-1.0994	-1.4443	-1.5094	-1.4675	-1.4477	-1.3325	-1.2621	-1.1862	-1.3117	-1.0518	-1.039	-1.5565	-0.95276	-1.4551	-1.0988	-0.14654	0.72664	0.91285	0.92095	0.79523	0.63108	0.41899	0.28223	0.12295	0.016804	-0.09026	-0.28045	-0.59726	-0.73219	25.262
771.19	-1.3821	-1.2612	-1.2693	-1.4648	-1.4556	-1.446	-1.2662	-1.1907	-1.1528	-1.0332	-1.1682	-1.0894	-0.92531	-1.1358	-1.3261	-0.987	-0.10641	0.79992	0.95852	0.95608	0.82195	0.64125	0.43856	0.27486	0.11899	-0.0074829	-0.13486	-0.33317	-0.70596	-0.85393	25.537
731.03	-1.1404	-1.1492	-1.2867	-1.4217	-1.4131	-1.3413	-1.244	-1.254	-1.1736	-1.0679	-1.0233	-1.0731	-1.2683	-1.0327	-1.5118	-1.063	-0.07034	0.85285	1.0122	1.0272	0.86607	0.67432	0.4606	0.27843	0.14412	0.010561	-0.10786	-0.31121	-0.62474	-0.75043	25.836
715.54	-1.1543	-1.1802	-1.2224	-1.2747	-1.2901	-1.3244	-1.3082	-1.3293	-1.2104	-1.2599	-1.0336	-1.163	-1.2211	-1.2242	-1.5215	-0.97452	-0.093275	0.84492	1.0249	1.0472	0.90286	0.69554	0.47477	0.31337	0.16423	0.042212	-0.082278	-0.28661	-0.57696	-0.71371	26.191
730.6	-1.0827	-1.0736	-1.1773	-1.2824	-1.2728	-1.2679	-1.2507	-1.3051	-1.233	-1.1678	-0.98908	-1.0847	-1.3317	-1.1782	-1.4901	-1.0964	-0.13015	0.79942	0.9907	1.0321	0.89881	0.71151	0.48251	0.33941	0.18434	0.060832	-0.06033	-0.25193	-0.56612	-0.67256	26.482
767.44	-1.0479	-1.0588	-1.1498	-1.213	-1.1897	-1.1964	-1.1812	-1.2255	-1.1275	-1.0802	-0.99691	-1.1464	-1.2379	-1.1512	-1.3434	-1.023	-0.12091	0.7696	0.96034	0.98155	0.85071	0.66911	0.4515	0.30615	0.15313	0.019826	-0.074786	-0.26814	-0.54998	-0.67707	26.672
803.46	-1.0627	-1.0402	-1.0944	-1.1399	-1.1279	-1.0947	-1.078	-1.1257	-1.0337	-0.90146	-0.87824	-1.1445	-1.1824	-1.1184	-1.2626	-0.96721	-0.073533	0.74736	0.90907	0.93158	0.80406	0.62829	0.41627	0.28098	0.12757	0.01334	-0.10826	-0.29275	-0.57033	-0.69017	26.813
818.02	-1.0362	-0.98894	-1.0384	-1.034	-1.0304	-1.0251	-0.98124	-1.0111	-0.95201	-0.99372	-0.83146	-0.90077	-0.84437	-0.83973	-1.1191	-0.75488	-0.035701	0.76215	0.90544	0.90817	0.78975	0.59487	0.41162	0.26755	0.10431	0.016767	-0.10724	-0.29782	-0.57993	-0.69696	26.905
811.39	-0.94423	-0.94347	-0.99307	-0.9933	-0.9836	-0.98085	-0.94749	-0.96837	-0.9288	-1.0614	-0.91154	-0.98645	-0.94528	-0.8466	-0.96566	-0.69222	-0.0048335	0.76029	0.91737	0.91658	0.78779	0.60949	0.4289	0.27352	0.11663	0.010437	-0.11724	-0.28385	-0.54105	-0.65047	27.06
791.67	-0.92557	-0.90292	-0.98586	-1.0323	-1.022	-1.0136	-0.9975	-1.0225	-0.9594	-1.0472	-0.86985	-0.88057	-0.98807	-0.81993	-1.146	-0.84049	-0.00011612	0.79166	0.95781	0.94747	0.80453	0.63565	0.45099	0.30452	0.14483	0.037205	-0.082777	-0.2564	-0.51078	-0.62161	27.207
765.72	-0.90421	-0.93825	-1.0083	-1.0339	-1.0654	-1.0672	-1.0144	-1.0431	-0.98129	-0.92484	-0.86608	-1.0142	-0.912	-0.93659	-1.3033	-0.92108	-0.012125	0.82171	0.98644	1.0067	0.87047	0.68198	0.48888	0.33385	0.1899	0.069788	-0.049834	-0.21842	-0.4889	-0.60484	27.361
741.88	-0.99187	-0.99086	-1.0954	-1.1036	-1.0906	-1.0761	-1.046	-1.0632	-1.0308	-1.0849	-1.0313	-1.1645	-0.99272	-0.99726	-1.4341	-0.92917	-0.078606	0.84037	1.0201	1.0347	0.90049	0.7284	0.50967	0.34768	0.19504	0.068997	-0.058416	-0.24149	-0.52535	-0.63729	27.501
729.31	-1.0931	-1.1112	-1.1279	-1.136	-1.1059	-1.0845	-1.0482	-1.0385	-0.98362	-1.1146	-0.94424	-1.1628	-1.1249	-0.92115	-0.97255	-0.90142	-0.049497	0.8436	1.0216	1.058	0.91081	0.71711	0.49678	0.33056	0.1778	0.037304	-0.10406	-0.28312	-0.6146	-0.73589	27.609
727.8	-1.1946	-1.1702	-1.144	-1.126	-1.1163	-1.0676	-0.99981	-1.0469	-0.96329	-1.0948	-0.94619	-1.0452	-1.0748	-0.81917	-1.1445	-0.93619	0.028295	0.88031	1.0368	1.0471	0.91165	0.70881	0.48953	0.32177	0.14378	0.011635	-0.11139	-0.32222	-0.6624	-0.82725	27.646
739.63	-1.1135	-1.0771	-1.0511	-1.0744	-1.0299	-1.0183	-1.0004	-0.98671	-0.91388	-1.0228	-0.91959	-0.91031	-0.94417	-0.75498	-1.1151	-0.88885	0.026806	0.84737	1.0292	1.0185	0.86319	0.65686	0.46339	0.29798	0.13084	0.0063837	-0.12261	-0.32844	-0.6414	-0.77184	27.64
757.24	-0.9492	-0.94781	-0.96797	-0.96392	-0.99367	-0.97402	-0.96571	-0.98602	-0.92096	-0.82885	-0.8197	-1.036	-0.95243	-0.94708	-1.1327	-0.66793	0.055523	0.85042	0.99846	0.99688	0.85214	0.66664	0.48541	0.31837	0.14952	0.032958	-0.088494	-0.2662	-0.5462	-0.66656	27.656
783.1	-0.83358	-0.82125	-0.90274	-0.95516	-0.94144	-0.97645	-0.94027	-0.95052	-0.91227	-0.88376	-0.79264	-0.9105	-0.8236	-0.73237	-1.0005	-0.78854	0.028253	0.82339	0.96081	0.97211	0.85988	0.66987	0.48188	0.31666	0.16651	0.065366	-0.04306	-0.20462	-0.47019	-0.57055	27.627
809.99	-0.81357	-0.83422	-0.9002	-0.9411	-0.92792	-0.93085	-0.92062	-0.92653	-0.88472	-0.88425	-0.78727	-0.88027	-0.87156	-0.8854	-1.12	-0.82148	-0.0095701	0.77173	0.928	0.93688	0.81914	0.64372	0.4445	0.30993	0.17599	0.066898	-0.051676	-0.20388	-0.44413	-0.53876	27.662
825.73	-0.88175	-0.94024	-0.94428	-0.94231	-0.93172	-0.90615	-0.90483	-0.89124	-0.84547	-0.88692	-0.70031	-0.89236	-0.83649	-0.76782	-0.97885	-0.53522	0.0063832	0.77492	0.91209	0.93062	0.80721	0.62475	0.43512	0.29382	0.14492	0.045654	-0.07309	-0.24667	-0.51674	-0.59598	27.67
816.31	-0.97658	-0.97238	-0.97957	-0.9495	-0.92591	-0.9146	-0.88081	-0.91467	-0.8525	-0.86753	-0.76039	-0.66911	-0.84614	-0.74889	-0.95983	-0.74669	0.031799	0.78084	0.9307	0.91888	0.80164	0.63196	0.42723	0.28501	0.11329	0.029656	-0.11562	-0.28385	-0.5689	-0.68022	27.616
792.42	-0.96487	-0.97062	-0.98783	-0.94392	-0.92396	-0.92249	-0.90281	-0.93934	-0.86513	-0.80221	-0.74045	-0.88977	-1.0545	-0.83825	-0.96794	-0.7692	0.028888	0.78366	0.93932	0.94154	0.79706	0.63405	0.43726	0.2704	0.12754	0.011634	-0.10511	-0.29506	-0.57439	-0.68291	27.613
765.83	-0.92132	-0.92488	-0.96512	-0.97375	-0.94833	-0.97274	-0.96618	-0.98096	-0.93381	-1.0404	-0.8327	-0.96214	-0.81227	-0.97595	-1.2385	-0.86885	0.0038812	0.82267	0.95757	0.96798	0.82672	0.63955	0.46228	0.27878	0.12076	0.0051872	-0.12614	-0.28335	-0.55415	-0.66491	27.609
750.69	-0.85715	-0.88082	-0.98152	-1.0024	-1.0023	-0.99564	-0.99143	-1.0518	-0.97827	-0.81461	-0.97391	-1.0768	-0.90995	-0.84457	-1.1426	-0.87575	-0.0072643	0.82941	0.99056	1.0056	0.85148	0.65666	0.44653	0.29053	0.12986	0.025259	-0.093208	-0.26946	-0.50689	-0.60111	27.605
752.41	-0.94188	-0.93079	-0.96705	-1.0071	-0.98321	-0.99991	-1.0064	-1.027	-0.97112	-0.98405	-1.0055	-1.0215	-1.0397	-1.0436	-1.0852	-0.88435	0.0059896	0.82752	0.98635	1.0022	0.8455	0.6415	0.45151	0.28783	0.14573	0.021216	-0.10971	-0.26232	-0.53028	-0.62838	27.553
764.65	-0.92782	-0.90642	-0.98865	-0.99593	-0.97189	-0.9721	-0.95824	-0.97346	-0.92558	-0.98935	-0.77845	-0.88052	-0.93323	-0.90824	-0.90602	-0.60928	0.060999	0.83682	0.99167	0.97365	0.85084	0.64053	0.44429	0.28823	0.13872	0.019899	-0.10795	-0.28104	-0.57412	-0.6669	27.377
773.23	-1.0039	-0.99565	-0.98857	-0.96833	-0.94362	-0.9146	-0.88044	-0.90717	-0.85599	-0.92629	-0.7149	-0.82966	-0.79464	-0.74171	-1.0133	-0.70573	0.09698	0.83284	0.97592	0.94323	0.81291	0.62217	0.43449	0.26324	0.1122	-0.014248	-0.13737	-0.3196	-0.5986	-0.73733	27.165
777.41	-0.92657	-0.90271	-0.93989	-0.92051	-0.90267	-0.90968	-0.8989	-0.90623	-0.86756	-0.94204	-0.75474	-0.90695	-0.78056	-0.91279	-1.0821	-0.5582	0.1004	0.84314	0.96595	0.9474	0.78998	0.61272	0.40891	0.24901	0.086759	-0.0083865	-0.13568	-0.30436	-0.55677	-0.65882	26.886
775.48	-0.85978	-0.80783	-0.89382	-0.91116	-0.91255	-0.91088	-0.88812	-0.91342	-0.86781	-0.87168	-0.87707	-0.95018	-1.0382	-0.80782	-1.0423	-0.73456	0.11843	0.86111	0.98443	0.94873	0.80565	0.60711	0.41478	0.25753	0.10911	0.015753	-0.11694	-0.26898	-0.50259	-0.59531	26.69
772.48	-0.80181	-0.78753	-0.88342	-0.93029	-0.89969	-0.9208	-0.90558	-0.95764	-0.89321	-0.90633	-0.79255	-0.78933	-0.79541	-0.84031	-1.0997	-0.65475	0.11393	0.85915	0.9949	0.95862	0.81075	0.61766	0.40568	0.26845	0.13732	0.028427	-0.085791	-0.24644	-0.48462	-0.56781	26.528
765.83	-0.85136	-0.87571	-0.9291	-0.92461	-0.91412	-0.91701	-0.90779	-0.92194	-0.87006	-1.0194	-0.84378	-0.87916	-0.81229	-0.78837	-1.0877	-0.70212	0.15494	0.87197	1.0189	0.95756	0.80193	0.63335	0.42198	0.27478	0.10208	0.010081	-0.094264	-0.26139	-0.5019	-0.5999	26.228
763.68	-0.87917	-0.87627	-0.9257	-0.90947	-0.89678	-0.87337	-0.86973	-0.88541	-0.83472	-0.66363	-0.84615	-0.85043	-0.8645	-0.71141	-0.87476	-0.53691	0.21155	0.90237	1.0237	0.96861	0.81015	0.6165	0.41626	0.25048	0.10986	0.004221	-0.12456	-0.29332	-0.54663	-0.62591	25.956
762.18	-0.88091	-0.86754	-0.85314	-0.86385	-0.85309	-0.85571	-0.83454	-0.8379	-0.80628	-0.68608	-0.53587	-0.65409	-0.70609	-0.85168	-1.0064	-0.56936	0.22805	0.91923	1.0035	0.94854	0.75895	0.58762	0.38548	0.20574	0.073478	-0.034121	-0.13451	-0.29758	-0.5568	-0.63397	25.648
759.39	-0.8412	-0.8488	-0.88856	-0.86306	-0.84732	-0.85236	-0.83096	-0.86216	-0.81411	-0.87953	-0.77266	-0.87614	-0.84931	-0.83489	-1.097	-0.62403	0.25714	0.93233	1.0333	0.94677	0.76273	0.57937	0.38987	0.22163	0.080343	-0.03918	-0.15449	-0.29498	-0.52034	-0.61771	25.364
755.63	-0.80839	-0.79647	-0.84634	-0.87532	-0.82917	-0.85117	-0.84273	-0.87659	-0.82697	-0.84127	-0.85517	-1.0067	-0.80306	-0.75899	-1.0697	-0.43701	0.2645	0.9424	1.0394	0.94831	0.79466	0.58749	0.37687	0.2278	0.085476	-0.034417	-0.1347	-0.26121	-0.49747	-0.59128	25.043
760.46	-0.80836	-0.80569	-0.85406	-0.85987	-0.85724	-0.8544	-0.82789	-0.87304	-0.79545	-0.83592	-0.80507	-0.95849	-1.0989	-0.784	-1.0303	-0.37127	0.30715	0.94829	1.0473	0.95173	0.78562	0.5588	0.37646	0.23038	0.08023	-0.0095585	-0.12801	-0.26139	-0.48925	-0.58753	24.736
772.48	-0.84403	-0.79972	-0.85366	-0.8192	-0.81218	-0.81986	-0.80474	-0.84359	-0.79169	-0.77077	-0.78154	-0.72763	-0.72631	-0.625	-0.99293	-0.39649	0.32022	0.92078	1.0091	0.91626	0.73506	0.55727	0.36183	0.19109	0.080834	-0.039486	-0.12889	-0.27547	-0.49359	-0.61205	24.351
788.14	-0.80953	-0.79394	-0.82601	-0.80675	-0.7864	-0.78794	-0.77503	-0.80933	-0.74969	-0.74524	-0.66906	-0.66279	-0.84735	-0.76605	-1.0046	-0.30761	0.35566	0.91811	0.99748	0.89299	0.72046	0.52513	0.34604	0.18535	0.049279	-0.036799	-0.1451	-0.30022	-0.49745	-0.58481	24.013
793.6	-0.74329	-0.72641	-0.76433	-0.79171	-0.78524	-0.7939	-0.76878	-0.78928	-0.76223	-0.77056	-0.83566	-0.7483	-0.66852	-0.76078	-0.95612	-0.28539	0.36865	0.91385	0.97767	0.85667	0.68009	0.50159	0.32089	0.16959	0.045335	-0.059212	-0.14876	-0.27785	-0.47366	-0.5555	23.712
789.64	-0.73326	-0.71722	-0.75362	-0.75565	-0.73782	-0.7563	-0.73337	-0.78257	-0.72765	-0.76424	-0.64627	-0.73193	-0.81678	-0.66887	-0.77292	-0.2767	0.4161	0.93404	1.0058	0.88321	0.70851	0.51612	0.3187	0.18015	0.053714	-0.029137	-0.12983	-0.25617	-0.44875	-0.5103	23.318
782.35	-0.70734	-0.69799	-0.75476	-0.75307	-0.73389	-0.73922	-0.72453	-0.76929	-0.73726	-0.78165	-0.58717	-0.62706	-0.74638	-0.82005	-0.88552	-0.24868	0.43957	0.95428	1.0039	0.8843	0.69473	0.49768	0.31782	0.16812	0.04416	-0.041862	-0.13956	-0.26751	-0.46671	-0.52646	22.979
779.88	-0.70958	-0.71227	-0.74733	-0.73904	-0.73297	-0.73945	-0.73144	-0.76682	-0.7064	-0.66017	-0.74148	-0.71054	-0.77809	-0.68693	-0.81431	-0.11644	0.47828	0.94257	1.0033	0.85435	0.67843	0.46073	0.28793	0.14704	0.021368	-0.052565	-0.16087	-0.28363	-0.46226	-0.53765	22.594
780.63	-0.70193	-0.69673	-0.74072	-0.72869	-0.73443	-0.72192	-0.70949	-0.73566	-0.68107	-0.78337	-0.67549	-0.61827	-0.74804	-0.65721	-0.80297	-0.014111	0.52297	0.98582	1.008	0.84535	0.65248	0.46231	0.28766	0.14395	0.0076045	-0.074597	-0.14649	-0.28156	-0.45492	-0.51809	22.194
777.41	-0.72082	-0.69216	-0.73886	-0.71137	-0.69073	-0.73229	-0.69665	-0.72983	-0.6877	-0.66226	-0.71106	-0.64127	-0.69225	-0.6891	-0.51983	0.016648	0.55962	0.98357	1.0112	0.81805	0.62881	0.42863	0.25109	0.12287	-0.0089243	-0.082617	-0.18041	-0.31157	-0.45779	-0.52215	21.81
772.8	-0.67589	-0.68693	-0.70262	-0.70685	-0.69813	-0.71118	-0.70548	-0.75104	-0.70712	-0.66622	-0.62738	-0.57315	-0.65691	-0.71279	-0.81111	-0.055538	0.58577	0.96819	0.9774	0.79919	0.608	0.41277	0.25064	0.1008	-0.019158	-0.10348	-0.17478	-0.27082	-0.4655	-0.51277	21.42
773.23	-0.6725	-0.66032	-0.69133	-0.71035	-0.69337	-0.70441	-0.69669	-0.75261	-0.67994	-0.58252	-0.68196	-0.73719	-0.75518	-0.69283	-0.74663	0.068333	0.58742	0.98146	1.0015	0.80184	0.60373	0.39107	0.21351	0.090836	-0.026547	-0.096634	-0.18617	-0.30329	-0.44036	-0.49231	21.057
780.63	-0.67905	-0.66333	-0.69165	-0.67565	-0.66623	-0.69037	-0.66052	-0.67775	-0.64222	-0.47383	-0.66462	-0.58774	-0.42561	-0.62815	-0.60222	-0.05498	0.62601	0.98582	0.97512	0.77379	0.56202	0.38736	0.20859	0.074272	-0.018966	-0.11012	-0.19104	-0.29593	-0.46083	-0.5219	20.672
794.03	-0.62848	-0.62934	-0.66936	-0.65951	-0.63158	-0.63427	-0.63484	-0.67982	-0.63231	-0.4151	-0.53577	-0.79792	-0.59132	-0.66517	-0.52973	0.086633	0.65501	0.96815	0.96975	0.75973	0.5621	0.37584	0.19559	0.060477	-0.029454	-0.11959	-0.17943	-0.27593	-0.45015	-0.49719	20.287
803.03	-0.62143	-0.60785	-0.65614	-0.6315	-0.62345	-0.62307	-0.60617	-0.65121	-0.5939	-0.61106	-0.56149	-0.53178	-0.65118	-0.55415	-0.56487	0.21486	0.65339	0.95015	0.9333	0.72339	0.53878	0.35095	0.1934	0.061708	-0.021109	-0.11171	-0.17005	-0.27458	-0.41539	-0.46201	19.903
798.43	-0.59196	-0.58233	-0.62442	-0.62383	-0.60376	-0.61742	-0.58709	-0.62907	-0.57231	-0.58432	-0.57534	-0.73383	-0.57852	-0.71831	-0.44418	0.16613	0.69171	0.96385	0.93409	0.71957	0.51145	0.3302	0.16906	0.060144	-0.040939	-0.12081	-0.18493	-0.27353	-0.41586	-0.45444	19.538
781.92	-0.57466	-0.57147	-0.61311	-0.61389	-0.61434	-0.60315	-0.57089	-0.63451	-0.60521	-0.60695	-0.56578	-0.59695	-0.58096	-0.70448	-0.49575	0.30232	0.72786	0.98945	0.951	0.70618	0.50768	0.34222	0.17166	0.04182	-0.055523	-0.10994	-0.16991	-0.29096	-0.41382	-0.45738	19.108
761.64	-0.58996	-0.59714	-0.6234	-0.61739	-0.58965	-0.61705	-0.63059	-0.66146	-0.59801	-0.49621	-0.61429	-0.71712	-0.58642	-0.65375	-0.38983	0.2475	0.74523	0.99747	0.97054	0.7407	0.51521	0.31811	0.15943	0.028849	-0.04761	-0.13156	-0.20843	-0.28214	-0.39654	-0.44224	18.804
751.44	-0.57317	-0.56477	-0.61555	-0.60874	-0.62352	-0.65165	-0.60268	-0.64597	-0.58447	-0.59941	-0.65651	-0.58944	-0.69589	-0.73305	-0.38415	0.37831	0.78797	1.0099	0.98859	0.72739	0.52726	0.33611	0.15459	0.043516	-0.06444	-0.14132	-0.19157	-0.28318	-0.38657	-0.44429	18.412
751.66	-0.62569	-0.58869	-0.63779	-0.6306	-0.61097	-0.62198	-0.57756	-0.61215	-0.57643	-0.60996	-0.56598	-0.65267	-0.50288	-0.73284	-0.30722	0.37818	0.79284	1.002	0.96684	0.67728	0.48872	0.29289	0.14553	0.045541	-0.055856	-0.12234	-0.2171	-0.29149	-0.39772	-0.45701	17.98
762.07	-0.57129	-0.59681	-0.62405	-0.59729	-0.57712	-0.55316	-0.54127	-0.57765	-0.54913	-0.63334	-0.35766	-0.64375	-0.58609	-0.72283	-0.41125	0.59292	0.82624	1.0023	0.96999	0.66697	0.493	0.30756	0.13366	0.025819	-0.072925	-0.12657	-0.19375	-0.28199	-0.39228	-0.45272	17.66
772.91	-0.56428	-0.55939	-0.56871	-0.56067	-0.52749	-0.56239	-0.55515	-0.58441	-0.53186	-0.52024	-0.37461	-0.55251	-0.51868	-0.74202	-0.27744	0.52265	0.83448	0.9893	0.92792	0.66175	0.46054	0.27051	0.10939	-0.010228	-0.074679	-0.12382	-0.19965	-0.27259	-0.4057	-0.44252	17.271
785.56	-0.52752	-0.50336	-0.52932	-0.5478	-0.54911	-0.54393	-0.48561	-0.54477	-0.5393	-0.57337	-0.5091	-0.5335	-0.55884	-0.76856	-0.24147	0.46347	0.82981	0.95247	0.90083	0.6257	0.42509	0.26213	0.11625	0.00066238	-0.081671	-0.14473	-0.20302	-0.25928	-0.37369	-0.41931	16.881
796.28	-0.50969	-0.49112	-0.52701	-0.50356	-0.47805	-0.48507	-0.53432	-0.5509	-0.52647	-0.45438	-0.36361	-0.47645	-0.61839	-0.83418	-0.25894	0.52738	0.81383	0.94171	0.90345	0.62329	0.40888	0.23079	0.094835	-0.0080044	-0.076079	-0.13337	-0.19193	-0.25051	-0.36383	-0.39501	16.48
809.35	-0.47364	-0.45993	-0.46643	-0.46009	-0.48808	-0.51577	-0.51589	-0.53349	-0.50517	-0.51671	-0.46266	-0.58652	-0.58955	-0.87677	-0.24456	0.43997	0.81962	0.94171	0.8662	0.58266	0.39196	0.22902	0.083072	-0.0088194	-0.079271	-0.13121	-0.16781	-0.2482	-0.33894	-0.37578	16.126
814.06	-0.44037	-0.4626	-0.50797	-0.51106	-0.51535	-0.49061	-0.48544	-0.52381	-0.49861	-0.52363	-0.38698	-0.62216	-0.56741	-0.79738	-0.25327	0.50605	0.83088	0.91106	0.84497	0.57928	0.38222	0.21896	0.062248	-0.021945	-0.091112	-0.14611	-0.17956	-0.23815	-0.32186	-0.34896	15.761
813.1	-0.44949	-0.44088	-0.49255	-0.47926	-0.47128	-0.45686	-0.4532	-0.53197	-0.50375	-0.38556	-0.46052	-0.49589	-0.58683	-0.88202	-0.27386	0.50665	0.83563	0.93132	0.84056	0.54758	0.3696	0.20755	0.081762	-0.026682	-0.077145	-0.13614	-0.16976	-0.23671	-0.33075	-0.36491	15.453
801.43	-0.47348	-0.46628	-0.46436	-0.45525	-0.44757	-0.47991	-0.48049	-0.55406	-0.50924	-0.48162	-0.68975	-0.69144	-0.56682	-0.88544	-0.26757	0.45429	0.85163	0.92542	0.85555	0.55356	0.35699	0.18788	0.05008	-0.03663	-0.092549	-0.15589	-0.1907	-0.25852	-0.32885	-0.38042	15.084
787.92	-0.45696	-0.4228	-0.48301	-0.4535	-0.48848	-0.51418	-0.48873	-0.51397	-0.4776	-0.52055	-0.53993	-0.75369	-0.71208	-1.0062	-0.36635	0.57347	0.84483	0.92565	0.84228	0.53166	0.35636	0.1911	0.037566	-0.036286	-0.10412	-0.15	-0.19303	-0.26028	-0.32081	-0.36808	14.744
777.52	-0.45408	-0.46292	-0.49637	-0.48377	-0.48415	-0.45877	-0.42013	-0.44004	-0.51634	-0.58967	-0.54715	-0.80464	-0.89817	-0.97099	-0.28639	0.46824	0.85022	0.90636	0.86015	0.5244	0.32206	0.17128	0.045812	-0.037756	-0.10919	-0.14719	-0.19275	-0.26106	-0.32016	-0.35485	14.479
777.95	-0.4698	-0.45987	-0.47344	-0.42641	-0.37961	-0.35933	-0.37169	-0.50381	-0.53602	-0.68252	-0.56867	-0.96758	-1.0545	-1.3495	-0.5513	0.56031	0.83793	0.9333	0.83516	0.5118	0.32578	0.17118	0.037078	-0.046601	-0.11373	-0.14325	-0.18409	-0.2411	-0.31404	-0.3728	14.204
782.13	-0.43254	-0.3963	-0.38863	-0.32212	-0.31384	-0.35006	-0.31069	-0.55793	-0.53883	-0.59649	-0.76104	-1.0436	-1.1854	-1.3713	-0.45343	0.34305	0.82659	0.92516	0.84101	0.52743	0.32307	0.15915	0.028217	-0.059084	-0.10946	-0.16165	-0.18594	-0.23265	-0.29859	-0.31856	13.884
792	-0.34088	-0.32277	-0.3035	-0.26013	-0.27473	-0.36332	-0.40699	-0.45522	-0.5452	-0.58906	-0.79445	-1.2312	-1.4307	-1.5833	-0.59358	0.51007	0.76116	0.90638	0.82035	0.53295	0.33631	0.17414	0.03832	-0.048675	-0.097263	-0.13693	-0.17148	-0.20055	-0.28224	-0.28739	13.661
802.39	-0.26292	-0.24909	-0.25756	-0.24832	-0.27538	-0.34737	-0.39273	-0.49611	-0.54275	-0.64165	-1.0593	-1.4925	-1.7639	-1.9302	-0.90453	0.23493	0.75226	0.91306	0.83258	0.52804	0.33006	0.18469	0.069722	-0.023219	-0.06213	-0.10807	-0.11486	-0.1508	-0.20378	-0.21421	13.418
810.21	-0.20767	-0.18232	-0.1851	-0.26729	-0.31757	-0.35617	-0.42989	-0.52725	-0.59686	-0.80449	-1.0491	-1.5369	-2.0104	-2.0982	-1.1706	0.13416	0.71191	0.90729	0.83722	0.54461	0.34843	0.1956	0.069049	-0.0050299	-0.056233	-0.095923	-0.11102	-0.12599	-0.17047	-0.19381	13.158
809.24	-0.12924	-0.14227	-0.22982	-0.28621	-0.36806	-0.43571	-0.46159	-0.5506	-0.7027	-1.1737	-1.3966	-1.8823	-2.1259	-2.2128	-1.1109	0.075167	0.64838	0.91039	0.88535	0.57978	0.3723	0.22221	0.098896	0.024312	-0.019179	-0.061772	-0.06818	-0.086309	-0.10506	-0.098551	12.926
801.85	-0.20209	-0.19326	-0.2606	-0.39399	-0.37251	-0.4428	-0.5369	-0.59771	-0.74424	-1.0238	-1.5895	-1.9294	-2.4879	-2.7518	-1.4811	-0.053525	0.58365	0.89319	0.88985	0.61398	0.40699	0.24891	0.1167	0.038867	0.0020525	-0.037105	-0.053123	-0.088853	-0.098348	-0.11892	12.754
794.03	-0.18648	-0.19516	-0.25834	-0.30781	-0.43364	-0.44406	-0.47316	-0.64702	-0.81493	-1.3179	-1.6479	-2.4686	-2.9351	-3.1026	-1.7138	-0.20482	0.53247	0.9175	0.9097	0.64013	0.42343	0.25535	0.13018	0.073985	0.012881	-0.0063225	-0.035014	-0.065901	-0.075089	-0.11167	12.571
784.49	-0.16598	-0.12921	-0.32594	-0.30771	-0.37645	-0.45155	-0.46972	-0.70762	-0.9248	-1.5291	-1.6788	-2.5391	-2.893	-3.2753	-1.8714	-0.20731	0.46668	0.91924	0.92918	0.66521	0.46246	0.29272	0.14232	0.075859	0.0075671	-0.0025783	-0.02318	-0.053305	-0.078943	-0.10924	12.42
779.45	-0.16307	-0.12819	-0.21108	-0.29039	-0.39189	-0.39445	-0.51162	-0.77019	-1.039	-1.6113	-1.9184	-2.7492	-3.0487	-3.3159	-2.021	-0.39294	0.41466	0.94625	0.93236	0.68691	0.4937	0.30983	0.16738	0.1078	0.0535	0.018558	-0.013838	-0.023983	-0.016269	-0.049892	12.254
775.81	-0.080768	-0.13253	-0.23084	-0.21802	-0.32076	-0.43121	-0.60885	-0.86071	-1.0629	-1.7538	-2.0478	-2.9566	-3.4661	-3.7018	-2.3069	-0.59024	0.33465	0.92424	0.9462	0.70454	0.50385	0.32352	0.1672	0.10238	0.066657	0.023474	-0.0034117	-0.025	-0.032217	-0.054914	12.143
780.2	-0.11315	-0.08908	-0.14018	-0.24477	-0.31137	-0.43299	-0.61836	-0.8696	-1.1195	-1.7027	-2.3846	-3.0825	-3.427	-3.991	-2.4842	-0.59714	0.28366	0.91062	0.94087	0.7241	0.50393	0.3369	0.1923	0.1293	0.080034	0.020464	0.0089348	0.0047797	-0.024143	-0.041272	12.033
787.6	-0.065757	-0.090081	-0.16415	-0.27592	-0.32346	-0.47061	-0.62079	-0.95287	-1.1494	-1.7071	-2.2867	-2.9628	-3.5401	-4.1071	-2.4818	-0.71313	0.22458	0.90727	0.92086	0.72945	0.52523	0.35281	0.21439	0.11058	0.086547	0.041205	0.027634	0.026085	-0.0024221	-0.018244	11.917
795.64	-0.066068	-0.077337	-0.15094	-0.2438	-0.33612	-0.44007	-0.60455	-0.89414	-1.175	-1.7709	-2.2423	-2.9329	-3.6481	-3.9991	-2.6848	-0.95667	0.13373	0.87954	0.90879	0.71808	0.52279	0.36316	0.21601	0.14798	0.098258	0.054916	0.032934	0.012612	0.0043727	-0.020861	11.85
797.25	-0.065935	-0.060831	-0.13814	-0.20649	-0.31849	-0.52258	-0.68837	-0.90867	-1.1763	-1.6663	-2.259	-2.9767	-3.8226	-4.4367	-2.9277	-0.89468	0.10751	0.86541	0.92719	0.74065	0.54459	0.38226	0.21652	0.14191	0.090881	0.070788	0.050498	0.016102	-0.0091494	-0.032935	11.778
798.32	-0.033751	-0.025365	-0.11877	-0.22224	-0.35511	-0.49	-0.65854	-0.96599	-1.2294	-1.8355	-2.4581	-3.122	-3.9512	-4.4876	-3.0064	-1.1934	0.060345	0.86425	0.93055	0.76165	0.55242	0.3976	0.23414	0.17339	0.12301	0.075386	0.072673	0.035392	0.040024	0.02109	11.725
796.5	-0.043575	-0.042701	-0.14212	-0.26055	-0.38562	-0.51585	-0.67453	-1.0019	-1.2833	-1.86	-2.6556	-2.7502	-4.0368	-4.6687	-2.9615	-1.0659	0.0066175	0.85386	0.92254	0.77441	0.5861	0.39552	0.25736	0.15744	0.11611	0.070855	0.057049	0.037231	0.034319	0.015543	11.727
798.43	-0.041525	-0.017199	-0.15425	-0.29669	-0.38258	-0.49919	-0.74517	-1.033	-1.3581	-1.916	-2.5429	-3.1813	-4.1895	-4.6574	-3.2746	-1.2232	-0.061522	0.83226	0.91848	0.75155	0.57707	0.37675	0.24542	0.18009	0.10508	0.089456	0.053204	0.035387	0.041947	0.013643	11.674
797.57	-0.022099	-0.041734	-0.13617	-0.24132	-0.37875	-0.50693	-0.75863	-1.1052	-1.3076	-2.0089	-2.5137	-3.354	-4.2227	-4.7477	-3.4642	-1.2545	-0.09521	0.8311	0.92866	0.75836	0.59388	0.40392	0.26362	0.18124	0.12672	0.09613	0.063466	0.041575	0.046814	0.02111	11.668
794.68	-0.023158	-0.020014	-0.13184	-0.29619	-0.44818	-0.52323	-0.72872	-1.0553	-1.3924	-1.9757	-2.7793	-3.2063	-4.286	-5.1646	-3.4976	-1.4298	-0.12737	0.82276	0.92189	0.77217	0.58744	0.39644	0.25511	0.16937	0.13078	0.087993	0.0758	0.062887	0.026651	0.0090338	11.654
797.35	-0.0084716	-0.0054132	-0.19674	-0.25366	-0.34282	-0.51324	-0.77511	-1.094	-1.3914	-1.9388	-2.5995	-3.2254	-4.4247	-5.005	-3.372	-1.5351	-0.16249	0.8025	0.90315	0.76557	0.5769	0.39114	0.25991	0.1736	0.11868	0.096155	0.054204	0.054767	0.051651	0.020185	11.686
804.32	-0.025775	-0.033279	-0.14741	-0.2131	-0.43335	-0.54656	-0.77199	-1.0807	-1.3407	-1.9621	-2.5137	-3.3654	-4.4433	-5.2343	-3.7017	-1.5913	-0.20109	0.77718	0.88713	0.7639	0.57851	0.39954	0.25205	0.18258	0.12743	0.095323	0.058335	0.061264	0.040682	0.018163	11.713
806.57	-0.0025983	-0.022414	-0.1318	-0.27596	-0.45205	-0.57251	-0.74838	-1.072	-1.3673	-1.9366	-2.812	-3.2969	-4.4498	-5.2853	-3.4562	-1.5077	-0.20053	0.78926	0.92467	0.77761	0.59573	0.41608	0.27468	0.17922	0.14304	0.089481	0.081103	0.048931	0.02912	0.021795	11.697
803.57	-0.017101	-0.03331	-0.16661	-0.27887	-0.42114	-0.56137	-0.79335	-1.1094	-1.3687	-2.1543	-2.7908	-3.4377	-4.6657	-5.3332	-3.7052	-1.702	-0.26611	0.7636	0.8916	0.78845	0.58661	0.40976	0.25603	0.18179	0.12488	0.086085	0.071277	0.056087	0.045507	0.040369	11.68
799.07	-0.022057	-0.033498	-0.13208	-0.29928	-0.46052	-0.55631	-0.80143	-1.1223	-1.432	-2.1261	-2.7427	-3.4869	-4.7684	-5.7039	-3.8293	-1.6217	-0.30404	0.77098	0.90305	0.79489	0.62413	0.4368	0.27066	0.19144	0.13991	0.12596	0.083714	0.070434	0.031319	0.020141	11.703
795.1	-0.019237	-0.029113	-0.16839	-0.31591	-0.47238	-0.59625	-0.80543	-1.1298	-1.4447	-2.2684	-2.9807	-3.6242	-4.9072	-5.5897	-3.921	-1.9309	-0.34602	0.77173	0.90663	0.79985	0.61578	0.43998	0.28337	0.20685	0.1487	0.10491	0.07948	0.077837	0.047928	0.026783	11.777
790.5	-0.032119	-0.05127	-0.19457	-0.32347	-0.42703	-0.59661	-0.83658	-1.1752	-1.4999	-2.0983	-2.9873	-3.6353	-5.0516	-6.0431	-4.1317	-1.9522	-0.44302	0.73989	0.88779	0.80351	0.62897	0.44254	0.30121	0.20806	0.14776	0.1188	0.081816	0.063219	0.024844	0.012841	11.947
784.38	-0.0195	-0.049824	-0.13455	-0.31735	-0.47668	-0.61591	-0.8339	-1.1853	-1.5182	-2.32	-3.1188	-3.9573	-5.2077	-6.2733	-4.3216	-2.1709	-0.54512	0.73205	0.89845	0.82503	0.66098	0.46917	0.30547	0.23117	0.15985	0.13978	0.086226	0.074435	0.050544	0.017676	12.131
780.74	-0.016607	-0.067681	-0.1813	-0.3304	-0.47566	-0.61458	-0.87105	-1.2262	-1.5347	-2.2277	-3.2095	-3.8842	-5.4567	-6.3995	-4.5213	-2.2117	-0.61439	0.69551	0.89231	0.84217	0.66893	0.48149	0.30208	0.245	0.18625	0.12892	0.093262	0.047857	0.042898	0.039648	12.34
779.56	-0.021614	-0.038054	-0.14128	-0.31352	-0.49047	-0.62288	-0.85294	-1.2153	-1.5703	-2.3963	-3.2253	-3.941	-5.6215	-6.5352	-4.7821	-2.6655	-0.68608	0.6713	0.89742	0.85266	0.66117	0.48121	0.32475	0.24341	0.16726	0.10893	0.094349	0.06231	0.052834	0.020645	12.533
786.42	-0.056969	-0.061666	-0.19752	-0.3127	-0.48404	-0.56943	-0.90328	-1.1618	-1.5528	-2.355	-3.2835	-4.048	-5.747	-6.9108	-4.9711	-2.5814	-0.79115	0.64248	0.85508	0.86349	0.69403	0.50617	0.34488	0.2559	0.1749	0.13371	0.1321	0.068005	0.042588	0.01385	12.794
792.32	-0.054586	-0.052981	-0.19605	-0.29328	-0.49004	-0.6201	-0.88199	-1.3108	-1.6244	-2.3781	-3.0983	-4.0781	-5.916	-6.7735	-5.1215	-2.7132	-0.86358	0.62008	0.86075	0.86109	0.68695	0.50739	0.35182	0.26366	0.17269	0.14312	0.10684	0.074571	0.037414	0.010935	13.035
794.68	-0.045629	-0.077431	-0.15209	-0.28956	-0.45881	-0.61516	-0.85759	-1.2317	-1.5683	-2.4825	-3.4417	-4.2659	-6.0713	-6.9341	-5.345	-3.0667	-0.97863	0.56246	0.83974	0.84548	0.69924	0.5218	0.36119	0.28023	0.19198	0.14552	0.11769	0.070823	0.037303	0.0071613	13.312
795.21	-0.069033	-0.069182	-0.16933	-0.29789	-0.42025	-0.63023	-0.89964	-1.2578	-1.6538	-2.5923	-3.6637	-4.3129	-6.0576	-7.1577	-5.5177	-3.1951	-1.0907	0.5528	0.83272	0.86698	0.70736	0.55029	0.36663	0.28968	0.20265	0.15956	0.12226	0.084877	0.042117	0.017436	13.605
798.21	-0.075583	-0.058035	-0.17157	-0.31186	-0.42502	-0.63506	-0.88632	-1.2924	-1.6856	-2.4513	-3.4371	-4.3067	-6.4743	-7.7938	-5.6313	-3.433	-1.1931	0.50033	0.80386	0.87872	0.72659	0.57298	0.3794	0.29531	0.20637	0.15333	0.12922	0.080167	0.02846	0.0071296	13.911
798.53	-0.065829	-0.068895	-0.18589	-0.34944	-0.45765	-0.65331	-0.95913	-1.2881	-1.7368	-2.3898	-3.7867	-4.5138	-6.5768	-7.9326	-6.0215	-3.7514	-1.3701	0.44154	0.76036	0.87137	0.72344	0.54899	0.3981	0.28272	0.20986	0.17016	0.11064	0.088032	0.037122	0.0034069	14.231
798	-0.10966	-0.096169	-0.20234	-0.31949	-0.46326	-0.67226	-0.95796	-1.3302	-1.7426	-2.5025	-3.7786	-4.6562	-6.8966	-8.2127	-6.2839	-3.854	-1.4968	0.40172	0.75719	0.88296	0.75152	0.57413	0.40497	0.31267	0.23689	0.1853	0.15336	0.085456	0.031361	-0.00031659	14.574
797.35	-0.10585	-0.096247	-0.21019	-0.34618	-0.50284	-0.67589	-0.95783	-1.3371	-1.8377	-2.6358	-3.739	-4.5006	-7.0552	-8.153	-6.5062	-4.0272	-1.5903	0.35983	0.73848	0.88267	0.7607	0.59343	0.43362	0.31965	0.22363	0.17323	0.13678	0.09695	0.030423	-0.015225	14.894
796.39	-0.13231	-0.13365	-0.2191	-0.35699	-0.51194	-0.67156	-0.9925	-1.3579	-1.8065	-2.6693	-3.8395	-4.8452	-7.2553	-8.647	-6.9905	-4.3227	-1.7836	0.27472	0.69609	0.88274	0.77593	0.5882	0.41902	0.33542	0.22121	0.18003	0.13416	0.069792	0.014997	-0.013377	15.205
793.82	-0.12588	-0.13591	-0.24297	-0.38754	-0.53914	-0.74508	-0.9521	-1.3266	-1.8105	-2.5765	-3.9161	-4.9009	-7.5383	-8.9131	-7.0339	-4.5981	-1.8965	0.26631	0.69188	0.9047	0.77366	0.61999	0.45262	0.34134	0.24265	0.19383	0.13553	0.089437	0.0014742	-0.026526	15.554
793.6	-0.14549	-0.16241	-0.28165	-0.40472	-0.53183	-0.75459	-1.0005	-1.4322	-1.9163	-2.7193	-3.9065	-5.0123	-7.6268	-9.0203	-7.1605	-4.7703	-2.0409	0.19708	0.66341	0.90293	0.79109	0.62015	0.45843	0.34143	0.25353	0.18727	0.13836	0.0771	0.010202	-0.021851	15.938
793.71	-0.14645	-0.19433	-0.27389	-0.41794	-0.56051	-0.75552	-1.0595	-1.4002	-1.8033	-3.064	-3.7776	-5.3219	-8.0198	-9.4858	-7.6583	-4.9607	-2.2172	0.1319	0.62636	0.88572	0.79289	0.63302	0.46026	0.34235	0.25349	0.18913	0.14766	0.077973	0.0014744	-0.047123	16.249
797.46	-0.2032	-0.21339	-0.35426	-0.44996	-0.55787	-0.69536	-1.0011	-1.4128	-1.8421	-2.8577	-3.9728	-5.0877	-8.2116	-9.6119	-7.7361	-5.1475	-2.3672	0.060256	0.58294	0.87955	0.80821	0.64392	0.44866	0.36668	0.25768	0.20704	0.14882	0.069698	-0.022655	-0.061807	16.679
