13801	6	3	91	23.2	748	1	16	8	2.912	128	4096	10	0	0	0	0	372.72	959.19	1.4514e+006	0.11723	0.12438	40.452	0	0	1	0	0	0	11	0	0
855.08	0.033852	-0.0029643	-0.15468	-0.30437	-0.46656	-0.58736	-0.79156	-1.0448	-1.3572	-1.783	-2.485	-3.134	-3.8921	-4.41	-2.6004	-0.79385	0.18584	0.90765	0.92061	0.73136	0.54511	0.37707	0.24059	0.17566	0.13912	0.12274	0.095691	0.081719	0.063413	0.06098	10.576
857.22	0.03558	0.0046479	-0.16412	-0.29571	-0.45357	-0.58685	-0.81399	-1.0895	-1.3694	-1.9007	-2.5382	-3.1447	-4.0248	-4.5754	-2.6901	-0.99668	0.12013	0.88816	0.92173	0.7584	0.56147	0.38996	0.27511	0.20114	0.14795	0.12768	0.11789	0.097863	0.098264	0.074699	10.92
858.39	0.028296	-0.012234	-0.16211	-0.33389	-0.45984	-0.61282	-0.83472	-1.1032	-1.4321	-1.9826	-2.6238	-3.2145	-4.1081	-4.8422	-3.0035	-1.0046	0.019119	0.88216	0.93756	0.7648	0.58193	0.41246	0.27211	0.21336	0.16358	0.14235	0.12549	0.11161	0.086474	0.069404	11.222
859.99	0.028243	-0.012211	-0.14934	-0.33589	-0.46684	-0.6279	-0.84323	-1.1234	-1.4578	-1.9789	-2.6584	-3.2731	-4.331	-4.9826	-3.1897	-1.1883	-0.060202	0.84902	0.92558	0.781	0.58879	0.42548	0.28385	0.21385	0.18573	0.12465	0.12783	0.10733	0.089894	0.080503	11.555
862.24	0.033571	-0.0046203	-0.14007	-0.31494	-0.46367	-0.60723	-0.83016	-1.1258	-1.4927	-2.1232	-2.9469	-3.366	-4.4702	-5.4782	-3.5067	-1.3796	-0.16134	0.83158	0.92487	0.81136	0.6357	0.46014	0.32065	0.25417	0.17944	0.16171	0.14638	0.11517	0.10929	0.081157	11.921
863.73	0.029019	0.0012574	-0.15579	-0.34664	-0.47558	-0.59287	-0.85962	-1.1514	-1.4858	-2.0543	-2.7747	-3.4429	-4.7097	-5.6438	-3.8157	-1.6267	-0.30563	0.79117	0.92073	0.83491	0.65218	0.49047	0.3445	0.2626	0.21474	0.17444	0.14441	0.11822	0.093961	0.080155	12.286
862.45	0.027263	-0.013855	-0.15868	-0.30875	-0.49392	-0.63468	-0.90857	-1.1788	-1.5292	-2.132	-2.897	-3.5401	-4.9378	-5.9327	-4.0126	-1.9252	-0.43134	0.74952	0.91019	0.83707	0.67164	0.49211	0.35374	0.26121	0.20345	0.17905	0.14977	0.12408	0.089638	0.084582	12.646
860.53	0.0020572	-0.023145	-0.16527	-0.32694	-0.48325	-0.6609	-0.8997	-1.2109	-1.61	-2.221	-3.1501	-3.7234	-5.2324	-6.3765	-4.4816	-2.0501	-0.56852	0.72067	0.90114	0.85378	0.68461	0.52078	0.37202	0.30097	0.23466	0.18032	0.17074	0.11784	0.088051	0.066638	12.991
858.28	0.00025427	-0.031643	-0.15499	-0.36375	-0.50322	-0.6741	-0.9239	-1.2551	-1.6159	-2.2644	-3.1782	-3.7794	-5.6016	-6.6222	-4.6663	-2.4273	-0.72532	0.65657	0.88042	0.86903	0.68906	0.52767	0.38089	0.30086	0.23027	0.20175	0.17464	0.13203	0.079315	0.062485	13.423
855.51	-0.0033751	-0.03598	-0.16714	-0.34294	-0.49596	-0.67533	-0.95725	-1.2771	-1.673	-2.4318	-3.3274	-4.1445	-5.914	-7.1562	-5.0189	-2.8363	-0.88528	0.62608	0.85069	0.88304	0.72414	0.54232	0.41732	0.31527	0.25276	0.20853	0.17434	0.13819	0.082269	0.048793	13.823
852.41	-0.0015665	-0.025915	-0.17763	-0.33888	-0.50569	-0.68549	-0.94804	-1.2997	-1.7295	-2.4123	-3.3794	-4.1782	-6.186	-7.5104	-5.4048	-3.0152	-1.0763	0.57443	0.86325	0.92651	0.76062	0.58325	0.43297	0.34698	0.28556	0.22512	0.20014	0.14774	0.093403	0.069018	14.243
848.99	-0.013461	-0.030284	-0.17203	-0.35621	-0.54157	-0.66988	-0.97479	-1.3302	-1.773	-2.5738	-3.603	-4.2232	-6.6871	-8.0928	-5.9026	-3.2435	-1.2756	0.52453	0.8339	0.93212	0.80036	0.60889	0.46042	0.35289	0.29429	0.24368	0.18787	0.14916	0.087432	0.059668	14.661
846.74	-0.03734	-0.047472	-0.17701	-0.36338	-0.52704	-0.7211	-1.0029	-1.4233	-1.8162	-2.5616	-3.743	-4.7128	-7.0561	-8.5339	-6.454	-3.8364	-1.4762	0.43868	0.80666	0.93742	0.79082	0.63571	0.47676	0.39363	0.30774	0.2576	0.21808	0.1719	0.085847	0.057194	15.063
844.82	-0.034667	-0.045866	-0.16562	-0.34371	-0.52724	-0.73343	-0.98729	-1.4156	-1.8904	-2.5293	-4.0128	-4.7141	-7.3972	-8.8755	-6.6444	-4.1758	-1.6927	0.38624	0.76335	0.93767	0.83397	0.64839	0.48853	0.38727	0.31099	0.2644	0.22033	0.16731	0.087864	0.051168	15.501
843.86	-0.030107	-0.063081	-0.18306	-0.38246	-0.53184	-0.72454	-1.0337	-1.4508	-1.9267	-2.6563	-3.8966	-4.9737	-7.74	-9.2529	-7.2677	-4.4643	-1.9207	0.27773	0.72597	0.95103	0.82592	0.67068	0.49801	0.40224	0.33677	0.26292	0.2197	0.16418	0.083405	0.067955	15.932
845.14	-0.058542	-0.056987	-0.18097	-0.37742	-0.55703	-0.72829	-1.0612	-1.4459	-1.9299	-2.7857	-4.2926	-5.1541	-8.0442	-9.6414	-7.5299	-4.6935	-2.1398	0.21904	0.69362	0.97225	0.85432	0.6996	0.53377	0.42429	0.35741	0.28115	0.24825	0.18715	0.08783	0.046754	16.317
846.74	-0.047426	-0.085106	-0.20687	-0.37582	-0.55298	-0.76472	-1.0609	-1.5029	-1.9761	-2.7328	-4.1441	-5.3132	-8.5874	-10.436	-8.0125	-5.3161	-2.3973	0.11199	0.63514	0.98172	0.87602	0.70388	0.56565	0.44792	0.35758	0.31337	0.25303	0.18762	0.10221	0.060705	16.791
847.81	-0.084917	-0.092688	-0.17408	-0.35936	-0.55827	-0.72987	-1.0714	-1.5146	-2.0198	-2.8624	-4.3292	-5.447	-8.8735	-10.699	-8.372	-5.6106	-2.6066	0.0402	0.59454	0.96824	0.8982	0.72258	0.55162	0.45006	0.36051	0.29529	0.24224	0.19565	0.10298	0.052741	17.175
850.38	-0.093791	-0.10263	-0.18706	-0.38395	-0.57348	-0.7547	-1.0682	-1.4803	-2.0529	-3.0148	-4.376	-5.8229	-9.2144	-11.005	-8.9966	-6.016	-2.8474	-0.070928	0.52805	0.95219	0.8812	0.72784	0.57917	0.45682	0.3611	0.2944	0.24673	0.18105	0.073716	0.042096	17.606
852.09	-0.087225	-0.091374	-0.20557	-0.35491	-0.54852	-0.75993	-1.0991	-1.5348	-2.0687	-2.8953	-4.726	-5.8579	-9.4913	-11.55	-9.2011	-6.3036	-3.0656	-0.14207	0.48825	0.95589	0.88122	0.73195	0.58772	0.48377	0.37549	0.31931	0.25578	0.18727	0.095241	0.044628	18.009
852.3	-0.10542	-0.11769	-0.20732	-0.35659	-0.55632	-0.74144	-1.0683	-1.5479	-2.0856	-3.0269	-4.7348	-5.8657	-9.8111	-11.884	-9.4891	-6.6017	-3.3039	-0.22197	0.43477	0.96127	0.91485	0.76516	0.60524	0.48725	0.39805	0.33858	0.26961	0.19133	0.086192	0.0359	18.443
851.66	-0.1128	-0.12629	-0.22187	-0.35597	-0.5359	-0.75934	-1.0767	-1.5644	-2.1566	-2.9535	-4.9377	-6.15	-10.051	-12.266	-10.029	-7.2532	-3.5591	-0.33972	0.39117	0.9545	0.94051	0.78802	0.62072	0.5128	0.41347	0.33092	0.28023	0.19559	0.091677	0.035927	18.833
848.35	-0.159	-0.14727	-0.23537	-0.39197	-0.55393	-0.79327	-1.1218	-1.6193	-2.1929	-3.117	-5.0071	-6.2676	-9.9827	-12.911	-10.719	-7.6202	-3.8548	-0.44361	0.32612	0.94506	0.94507	0.7855	0.63912	0.51571	0.41171	0.35429	0.27958	0.19387	0.068449	0.015923	19.234
845.46	-0.13658	-0.12978	-0.24886	-0.37105	-0.52384	-0.75229	-1.1119	-1.6484	-2.2363	-2.9656	-5.2351	-6.6742	-10.324	-13.447	-11.166	-8.0992	-4.1706	-0.56843	0.27431	0.95017	0.94381	0.82279	0.64575	0.53831	0.41819	0.35196	0.28491	0.19785	0.076875	0.028281	19.64
842.36	-0.17119	-0.20076	-0.26888	-0.40726	-0.57492	-0.76188	-1.1272	-1.6062	-2.3368	-3.2347	-5.1838	-6.6233	-10.697	-13.901	-11.687	-8.527	-4.4106	-0.67868	0.20566	0.94799	0.95179	0.83521	0.67493	0.53938	0.4435	0.37282	0.30265	0.21438	0.071678	0.016037	20.017
839.79	-0.16062	-0.1962	-0.26331	-0.38162	-0.5646	-0.77789	-1.1572	-1.5883	-2.3034	-3.1391	-5.321	-6.8517	-10.811	-14.429	-12.154	-9.0091	-4.7023	-0.77556	0.14253	0.93853	0.97731	0.84811	0.68237	0.56566	0.44997	0.37218	0.31943	0.20586	0.08564	0.013431	20.409
839.79	-0.19483	-0.22208	-0.24872	-0.361	-0.55052	-0.76909	-1.1529	-1.6202	-2.2567	-3.1295	-5.3007	-6.8895	-10.911	-14.906	-12.488	-9.5223	-4.9368	-0.89481	0.097983	0.93948	0.98906	0.87636	0.71912	0.58208	0.46274	0.39092	0.31502	0.22171	0.083809	0.011661	20.764
840.86	-0.20012	-0.19682	-0.26936	-0.41784	-0.57092	-0.78862	-1.1738	-1.6565	-2.2872	-3.0776	-5.1728	-7.0697	-11.033	-15.004	-12.904	-9.6905	-5.1355	-0.98348	0.044647	0.9231	0.98148	0.88089	0.7021	0.59592	0.47917	0.38953	0.3331	0.22393	0.075466	0.014297	21.135
842.57	-0.20525	-0.20673	-0.27608	-0.43396	-0.59082	-0.75681	-1.1757	-1.8013	-2.2975	-3.014	-5.384	-6.9988	-11.002	-15.324	-12.995	-10.031	-5.3087	-1.0546	0.0010293	0.91649	0.99931	0.87722	0.7239	0.59652	0.48159	0.40119	0.32979	0.24344	0.09632	0.016914	21.434
845.46	-0.2321	-0.242	-0.33132	-0.42358	-0.60379	-0.79015	-1.1401	-1.7952	-2.3527	-3.0323	-5.2853	-6.9655	-10.91	-15.54	-13.419	-10.157	-5.4428	-1.1374	-0.045826	0.92469	1.0004	0.90042	0.72766	0.59902	0.49179	0.40869	0.32954	0.21443	0.063223	0.0019161	21.746
849.2	-0.25027	-0.28273	-0.3434	-0.46692	-0.57029	-0.75091	-1.2327	-2.0029	-2.4443	-3.1612	-5.112	-6.9348	-10.961	-15.614	-13.38	-10.479	-5.5804	-1.1874	-0.073265	0.92907	1.0049	0.90576	0.75016	0.61623	0.49973	0.4263	0.33767	0.22833	0.074725	0.0045327	22.039
851.23	-0.29164	-0.31268	-0.40828	-0.44812	-0.57885	-0.7549	-1.3281	-2.0107	-2.4845	-2.8414	-4.6709	-6.7223	-10.666	-15.568	-13.522	-10.529	-5.6444	-1.2338	-0.096356	0.91654	1.0168	0.9166	0.75898	0.63366	0.49854	0.42969	0.33339	0.23108	0.051947	-0.0050791	22.297
850.91	-0.32186	-0.36387	-0.38952	-0.46952	-0.58106	-0.65101	-1.4464	-2.3977	-2.7932	-2.7952	-4.0739	-6.2954	-10.293	-15.209	-13.343	-10.448	-5.6952	-1.2719	-0.11018	0.91876	1.0297	0.93089	0.75573	0.63029	0.50713	0.41928	0.34134	0.22952	0.053774	-0.017307	22.574
848.77	-0.36018	-0.39295	-0.39321	-0.43523	-0.5656	-0.82865	-1.5537	-2.7097	-2.9257	-3.2577	-3.8841	-5.0852	-9.106	-14.125	-12.599	-10.07	-5.399	-1.1813	-0.05861	0.9427	1.0367	0.93882	0.76561	0.63188	0.50672	0.41504	0.32999	0.21194	0.023085	-0.047112	22.808
844.6	-0.38126	-0.41976	-0.39606	-0.43114	-0.56839	-0.78415	-1.8287	-3.1204	-3.3501	-3.2357	-3.8127	-5.0915	-7.4171	-10.793	-9.81	-8.7594	-4.7055	-0.90818	0.10785	1.0201	1.0904	0.96593	0.80593	0.64135	0.5033	0.43306	0.33601	0.20386	0.031398	-0.0623	23.037
838.3	-0.39524	-0.42032	-0.4164	-0.3814	-0.51118	-0.77537	-2.609	-3.195	-3.5907	-3.6444	-4.6113	-5.1393	-5.4167	-6.3922	-6.2239	-6.4359	-3.4587	-0.48907	0.33003	1.0735	1.1122	0.99866	0.82277	0.66445	0.51562	0.41933	0.33942	0.20038	-0.0032484	-0.08404	23.216
831.34	-0.38174	-0.41425	-0.36183	-0.32483	-0.5805	-1.2676	-2.6673	-3.3756	-3.8458	-3.8396	-3.6386	-3.2904	-3.4711	-4.1722	-4.7977	-5.0018	-2.7688	-0.24238	0.48014	1.1065	1.1133	0.99275	0.79977	0.66172	0.51563	0.40842	0.30933	0.18351	-0.012532	-0.1044	23.383
822.78	-0.38665	-0.3992	-0.28459	-0.32181	-0.76318	-1.615	-3.0553	-3.9583	-3.519	-3.1648	-3.4185	-2.9867	-3.0993	-3.4437	-4.0457	-4.2003	-2.3023	-0.065324	0.56626	1.1199	1.1156	0.99346	0.80718	0.64905	0.50013	0.40538	0.30086	0.17094	-0.025756	-0.11362	23.555
814.22	-0.33255	-0.30644	-0.249	-0.4121	-1.039	-2.2258	-3.3602	-3.3864	-3.1435	-2.8914	-2.2656	-2.6962	-3.1507	-2.5978	-3.8249	-3.774	-2.0706	0.029762	0.61096	1.1121	1.1022	0.9806	0.80088	0.62106	0.49748	0.39952	0.29039	0.14778	-0.035479	-0.11573	23.698
805.76	-0.30617	-0.29078	-0.3467	-0.59205	-1.4127	-2.6648	-3.4653	-3.0417	-3.1976	-2.5819	-2.5317	-2.547	-2.4454	-2.1278	-3.1178	-3.2986	-1.7671	0.15843	0.68383	1.1386	1.11	0.97618	0.7906	0.64184	0.49205	0.38046	0.29711	0.16847	-0.022481	-0.077289	23.791
797.62	-0.2908	-0.31372	-0.47126	-1.0379	-2.1401	-3.1314	-3.3244	-3.0228	-2.5958	-2.3659	-1.9933	-1.9556	-2.8242	-1.8462	-2.674	-2.9821	-1.5249	0.25473	0.74966	1.1783	1.1223	0.99407	0.79395	0.63399	0.48542	0.3928	0.2918	0.13592	-0.034289	-0.091121	23.853
791.51	-0.30677	-0.35549	-0.6317	-1.4329	-2.7181	-3.4273	-3.1614	-2.6599	-2.3261	-2.0382	-1.998	-1.8402	-2.3642	-1.8605	-2.4237	-2.6019	-1.3566	0.34899	0.81568	1.1833	1.1559	0.97877	0.78011	0.62823	0.48465	0.38257	0.27629	0.13697	-0.029691	-0.083375	23.867
786.37	-0.35321	-0.42966	-0.91349	-2.1009	-3.1646	-3.6219	-2.9941	-2.3431	-2.1823	-1.7749	-1.5359	-1.6098	-1.7104	-1.5458	-2.1983	-2.2434	-1.0654	0.44939	0.87699	1.189	1.1519	0.97914	0.78713	0.6265	0.48236	0.37459	0.27716	0.14411	-0.028907	-0.10093	23.944
781.11	-0.4878	-0.60408	-1.3149	-2.5101	-3.0832	-3.2806	-2.7705	-2.0843	-1.8542	-1.2713	-1.2636	-1.2647	-1.3215	-1.3336	-1.5796	-2.0235	-0.898	0.53018	0.90167	1.1837	1.1227	0.94726	0.77026	0.59933	0.4444	0.34449	0.22125	0.11278	-0.102	-0.18436	23.926
775.96	-0.69717	-0.8769	-1.7383	-2.7935	-3.2278	-3.1395	-2.4282	-1.9352	-1.8035	-1.4147	-1.1954	-1.1912	-1.3401	-1.3716	-1.5475	-1.8107	-0.76968	0.57389	0.91994	1.1659	1.0792	0.91584	0.72492	0.54308	0.3902	0.284	0.18172	0.031353	-0.19293	-0.25931	23.947
773.93	-0.83946	-1.0505	-2.1081	-2.8767	-3.0823	-2.9123	-2.0469	-1.8294	-1.5942	-1.231	-1.1218	-1.1327	-1.1465	-1.131	-1.2106	-1.4339	-0.61431	0.61995	0.95269	1.1535	1.0713	0.88147	0.66653	0.49303	0.333	0.22761	0.1019	-0.062725	-0.27497	-0.37328	23.926
771.46	-1.0596	-1.297	-2.1983	-2.8733	-3.0538	-2.7386	-1.8842	-1.591	-1.372	-1.0992	-0.98225	-0.98189	-0.9426	-1.0856	-1.1076	-1.4902	-0.42164	0.70067	0.98711	1.1386	1.0284	0.83612	0.62866	0.42609	0.2599	0.12051	0.0024949	-0.17646	-0.47635	-0.6114	23.912
768.99	-1.3527	-1.4104	-2.3129	-2.8747	-2.8955	-2.5296	-1.7384	-1.4128	-1.2609	-0.9666	-0.5437	-0.85075	-0.91586	-0.92198	-0.93953	-1.0799	-0.24865	0.7723	1.0227	1.1235	0.98039	0.78945	0.5602	0.37366	0.18074	0.027328	-0.10813	-0.34469	-0.72705	-0.89549	23.935
768.03	-1.8842	-1.5904	-2.1732	-2.7224	-2.6318	-2.1737	-1.4513	-1.3118	-1.1171	-0.78952	-0.65495	-0.68635	-0.6886	-0.77549	-0.86554	-0.89422	-0.093347	0.82991	1.0211	1.0771	0.90944	0.68543	0.49328	0.26939	0.056175	-0.08876	-0.25276	-0.52942	-1.0706	-1.3532	23.962
769.1	-3.724	-2.3868	-1.8544	-2.4926	-2.2557	-1.8185	-1.4127	-1.2104	-0.95006	-0.74653	-0.57675	-0.71638	-0.48931	-0.56798	-0.86433	-0.58168	0.03628	0.87465	1.0521	1.0289	0.88152	0.65671	0.41527	0.21323	0.0077379	-0.15295	-0.3409	-0.6781	-1.4283	-1.8286	23.937
773.6	-4.7141	-3.9391	-1.4069	-2.1715	-2.0023	-1.549	-1.3019	-1.1122	-0.91202	-0.50269	-0.62829	-0.63004	-0.71323	-0.65263	-0.84862	-0.49577	0.10737	0.89502	1.0365	1.0126	0.83417	0.61609	0.40215	0.17733	-0.004327	-0.18112	-0.34752	-0.67234	-1.4409	-1.864	23.931
780.25	-4.5794	-3.8749	-1.1867	-1.9475	-1.7621	-1.3601	-1.2844	-1.0723	-0.93932	-0.81843	-0.65558	-0.63485	-0.95153	-0.72458	-1.1585	-0.51201	0.10155	0.86004	0.99667	0.93957	0.78911	0.58956	0.35145	0.15912	-0.050124	-0.18822	-0.35594	-0.68816	-1.3714	-1.7567	23.918
790.98	-3.4365	-2.8591	-1.2113	-1.8136	-1.5801	-1.297	-1.3071	-1.1042	-0.98645	-0.90918	-0.67888	-0.59613	-0.9097	-0.8677	-0.96554	-0.58578	0.070146	0.84527	0.95627	0.89859	0.74481	0.52758	0.30767	0.1221	-0.063913	-0.20273	-0.35953	-0.65846	-1.241	-1.5328	23.935
804.8	-2.1194	-1.7436	-1.2781	-1.5262	-1.5488	-1.2707	-1.1708	-1.1262	-1.0706	-0.99365	-0.83605	-0.67472	-0.98883	-0.89976	-1.1744	-0.6947	0.071795	0.81953	0.9289	0.87522	0.69428	0.48807	0.30238	0.11143	-0.05215	-0.18155	-0.32486	-0.57924	-1.0246	-1.2379	23.825
820.86	-1.2133	-1.2975	-1.3016	-1.4312	-1.3733	-1.3138	-1.1664	-1.1854	-1.1948	-0.74851	-0.85073	-0.76798	-0.97879	-0.86373	-1.1213	-0.37975	0.061057	0.8175	0.92145	0.86976	0.70752	0.48911	0.2873	0.13632	-0.013662	-0.12231	-0.2401	-0.43559	-0.7608	-0.87964	23.694
837.98	-0.93838	-0.95549	-1.1361	-1.243	-1.3433	-1.3124	-1.183	-1.1996	-1.2039	-0.97354	-0.81309	-0.885	-0.98611	-0.90022	-1.3937	-0.49578	0.021412	0.79492	0.90788	0.872	0.70576	0.51686	0.32005	0.16827	0.038682	-0.061675	-0.15485	-0.3113	-0.58914	-0.68611	23.546
857.96	-0.78982	-0.81673	-0.98549	-1.2175	-1.2696	-1.2551	-1.2655	-1.2707	-1.2095	-1.1011	-0.81393	-1.0218	-1.3632	-1.2141	-1.4093	-0.67956	-0.032663	0.78118	0.90896	0.87959	0.72118	0.53247	0.34594	0.1974	0.081966	-0.0078271	-0.10382	-0.25341	-0.45881	-0.51684	23.335
878.57	-0.74654	-0.697	-0.78012	-0.96537	-1.1081	-1.2163	-1.3015	-1.2374	-1.2005	-0.97439	-0.99781	-1.1153	-1.3138	-0.9705	-1.5358	-0.7272	-0.06852	0.77314	0.89098	0.85169	0.71809	0.52268	0.33954	0.20759	0.069461	-0.0076435	-0.09633	-0.2044	-0.38762	-0.48189	23.147
899.27	-0.58344	-0.61089	-0.76046	-0.95738	-1.1747	-1.1938	-1.2916	-1.2797	-1.2313	-0.93405	-0.98428	-1.0543	-1.1903	-1.0911	-1.5738	-0.65723	-0.088241	0.76174	0.89087	0.8738	0.73365	0.53527	0.37525	0.24455	0.1132	0.038372	-0.043931	-0.15294	-0.31537	-0.37413	22.934
914.93	-0.59976	-0.63922	-0.84876	-0.96896	-1.1342	-1.3097	-1.3026	-1.2745	-1.2409	-1.1822	-1.0974	-1.1492	-1.495	-1.0476	-1.5559	-0.92509	-0.085056	0.75497	0.88202	0.86668	0.71528	0.54253	0.37211	0.23116	0.11986	0.032799	-0.043179	-0.12888	-0.29483	-0.35067	22.743
926.22	-0.56646	-0.61501	-0.88473	-0.93846	-1.166	-1.2831	-1.2836	-1.254	-1.2242	-0.95904	-0.79062	-0.89502	-1.4192	-1.0675	-1.5547	-0.68979	-0.07244	0.76172	0.89503	0.87421	0.73935	0.5436	0.37977	0.22669	0.1184	0.046154	-0.03147	-0.12882	-0.29539	-0.35682	22.486
936.44	-0.60671	-0.6547	-0.88326	-1.0729	-1.1614	-1.2244	-1.312	-1.21	-1.1453	-0.83675	-0.8636	-0.91068	-1.2082	-0.86207	-1.3264	-0.65669	-0.040561	0.77357	0.8931	0.86893	0.72723	0.5402	0.36196	0.22994	0.11023	0.023243	-0.049296	-0.1536	-0.30038	-0.37197	22.188
941.23	-0.60528	-0.67368	-0.98621	-1.1162	-1.2013	-1.1972	-1.1858	-1.138	-1.0829	-0.92663	-0.70584	-0.76259	-1.2588	-0.84162	-1.4248	-0.56009	0.0052259	0.78358	0.88232	0.8679	0.72272	0.53913	0.36012	0.22551	0.099031	0.033475	-0.055333	-0.14314	-0.29967	-0.35271	21.87
934.95	-0.63426	-0.73786	-1.0617	-1.1503	-1.1967	-1.207	-1.1112	-1.0473	-1.0514	-0.83809	-0.81958	-0.90364	-1.1693	-0.83111	-1.3726	-0.51265	0.065078	0.80377	0.91256	0.86434	0.69509	0.52415	0.3569	0.209	0.10429	0.012056	-0.065201	-0.15535	-0.30498	-0.3519	21.495
920.79	-0.75279	-0.8428	-1.0464	-1.1958	-1.1802	-1.1463	-1.0625	-1.016	-1.0008	-0.83349	-0.67539	-0.69325	-1.1293	-0.70431	-1.2952	-0.45119	0.14678	0.84198	0.93775	0.8629	0.70166	0.51847	0.33296	0.19724	0.077926	-0.014617	-0.079059	-0.19198	-0.36566	-0.43316	21.128
906.09	-0.8507	-0.91004	-1.1454	-1.1645	-1.1145	-1.058	-0.9659	-0.97072	-0.93624	-0.66922	-0.71447	-0.75709	-0.87829	-0.72407	-1.0704	-0.29998	0.21681	0.88283	0.9554	0.8725	0.70299	0.50681	0.32923	0.17761	0.05551	-0.038014	-0.11055	-0.23299	-0.44294	-0.52875	20.732
891.8	-1.0341	-1.0343	-1.156	-1.1013	-1.0196	-1.005	-0.94902	-0.9227	-0.86912	-0.67994	-0.70688	-0.61781	-0.85817	-0.63395	-0.92111	-0.24214	0.32595	0.91354	0.97152	0.86769	0.68359	0.47858	0.30074	0.12462	0.0066733	-0.081483	-0.16624	-0.30508	-0.55099	-0.66469	20.332
871.1	-1.1763	-1.1353	-1.201	-1.1171	-1.039	-0.96855	-0.89789	-0.87163	-0.82013	-0.54816	-0.43124	-0.66897	-0.75597	-0.62298	-0.94301	-0.10131	0.39877	0.93619	0.9862	0.83792	0.66671	0.44547	0.25431	0.10471	-0.0087681	-0.10063	-0.21011	-0.35577	-0.63388	-0.75896	19.905
844.71	-1.1506	-1.1434	-1.1016	-1.1119	-1.0355	-0.98714	-0.87898	-0.81905	-0.77656	-0.68923	-0.70608	-0.53	-0.86086	-0.62453	-0.92365	-0.19895	0.46837	0.95766	0.97445	0.82914	0.61832	0.40697	0.2275	0.049032	-0.06408	-0.15523	-0.25959	-0.39923	-0.66643	-0.79323	19.563
822.04	-1.1408	-1.0868	-1.1311	-1.1435	-0.97974	-0.91752	-0.84532	-0.80436	-0.79888	-0.66905	-0.58093	-0.68956	-0.68976	-0.57738	-0.67823	0.15476	0.53441	0.9711	0.99955	0.81027	0.58642	0.3903	0.18616	0.022425	-0.098913	-0.19142	-0.29195	-0.43752	-0.71477	-0.83319	19.152
803.83	-1.1666	-1.0952	-1.1462	-1.0476	-0.93465	-0.88111	-0.83036	-0.82448	-0.79949	-0.51385	-0.50958	-0.60635	-0.57254	-0.63749	-0.69359	0.049062	0.58845	0.99003	0.99846	0.76905	0.56002	0.35192	0.1782	0.00673	-0.11806	-0.21161	-0.31237	-0.45179	-0.73479	-0.86777	18.755
784.44	-1.1806	-1.0502	-1.0818	-0.94783	-0.92437	-0.85162	-0.82975	-0.8351	-0.79757	-0.59844	-0.41393	-0.53022	-0.74227	-0.64362	-0.70021	0.23339	0.66843	1.0145	1.0157	0.78501	0.55741	0.33744	0.15766	-0.017521	-0.094535	-0.19869	-0.28425	-0.41651	-0.68428	-0.77935	18.397
766.2	-0.91988	-0.88524	-0.99252	-0.96842	-0.89453	-0.85153	-0.83067	-0.86598	-0.8011	-0.59166	-0.6122	-0.82276	-0.75994	-0.72799	-0.55544	0.32228	0.70434	1.0461	1.0341	0.7787	0.56275	0.32896	0.1398	0.0060593	-0.10705	-0.20928	-0.27074	-0.39899	-0.58607	-0.66796	17.995
755.79	-0.85961	-0.90606	-0.95146	-0.92998	-0.86773	-0.85892	-0.8383	-0.83939	-0.83465	-0.70639	-0.53074	-0.60288	-0.59884	-0.78805	-0.50852	0.46397	0.75459	1.0627	1.0357	0.76514	0.52328	0.32303	0.13276	-0.019198	-0.10853	-0.19432	-0.27349	-0.37482	-0.53	-0.62309	17.664
755.68	-0.77342	-0.82568	-0.86846	-0.89126	-0.82536	-0.85035	-0.77638	-0.85269	-0.83868	-0.65319	-0.59824	-0.65549	-0.73014	-0.83817	-0.49768	0.3373	0.77294	1.0607	1.0407	0.76525	0.54044	0.30738	0.14174	-0.0019662	-0.10192	-0.18145	-0.26178	-0.34798	-0.49342	-0.5455	17.306
761.37	-0.68911	-0.7377	-0.80361	-0.77684	-0.78146	-0.79009	-0.76205	-0.83323	-0.80521	-0.58482	-0.57148	-0.57758	-0.53434	-0.82199	-0.47229	0.29288	0.78528	1.0894	1.0262	0.73018	0.53042	0.30404	0.12388	0.0010693	-0.12182	-0.17616	-0.23942	-0.32789	-0.45739	-0.5063	16.943
773.5	-0.65924	-0.70554	-0.78309	-0.76661	-0.71568	-0.70661	-0.75104	-0.80531	-0.80597	-0.534	-0.57347	-0.75336	-0.71333	-0.90684	-0.58217	0.63906	0.80565	1.0639	1.0348	0.76414	0.52603	0.32483	0.11707	0.011945	-0.10419	-0.16468	-0.22419	-0.31822	-0.43032	-0.47915	16.551
793.98	-0.65592	-0.64356	-0.71079	-0.65961	-0.64401	-0.68838	-0.74166	-0.7913	-0.71717	-0.53037	-0.49453	-0.53385	-0.5124	-0.82632	-0.40096	0.47181	0.82733	1.0602	1.0145	0.73136	0.49525	0.29952	0.1406	0.020322	-0.087993	-0.15005	-0.21095	-0.28619	-0.40662	-0.48551	16.198
822.25	-0.57294	-0.58355	-0.63417	-0.62412	-0.63831	-0.65373	-0.73019	-0.75384	-0.68711	-0.51213	-0.33294	-0.6121	-0.44839	-0.71516	-0.19659	0.71763	0.82218	0.9948	0.95112	0.68389	0.4736	0.25653	0.10189	-0.0083291	-0.10323	-0.16312	-0.1983	-0.27976	-0.39171	-0.43899	15.83
851.44	-0.56879	-0.57545	-0.55574	-0.62747	-0.62833	-0.64867	-0.70346	-0.65151	-0.6201	-0.33375	-0.3315	-0.4605	-0.47781	-0.5752	-0.22859	0.62741	0.82008	0.98287	0.92109	0.64076	0.41723	0.22637	0.080714	-0.02064	-0.094656	-0.1628	-0.21757	-0.28827	-0.37827	-0.43441	15.462
879.32	-0.47835	-0.50449	-0.54335	-0.58618	-0.63244	-0.65144	-0.63113	-0.60385	-0.57689	-0.33234	-0.34994	-0.35556	-0.40195	-0.65154	-0.27763	0.71644	0.80715	0.92744	0.85936	0.58051	0.37982	0.19402	0.045628	-0.046124	-0.13558	-0.17298	-0.2275	-0.26638	-0.36891	-0.386	15.046
906.94	-0.45351	-0.45798	-0.52765	-0.58742	-0.64112	-0.65694	-0.57373	-0.57363	-0.56095	-0.41103	-0.4142	-0.52866	-0.43175	-0.68172	-0.25099	0.57143	0.78256	0.89105	0.81458	0.53115	0.33895	0.16544	0.026809	-0.064149	-0.13145	-0.18424	-0.21975	-0.26213	-0.33985	-0.35622	14.663
932.72	-0.42849	-0.45154	-0.51881	-0.58732	-0.59713	-0.54726	-0.51225	-0.52082	-0.48993	-0.34785	-0.34812	-0.36927	-0.34623	-0.6953	-0.18214	0.5214	0.78312	0.84178	0.78106	0.49594	0.3076	0.14815	0.013155	-0.075517	-0.13012	-0.18156	-0.21685	-0.24888	-0.30571	-0.34239	14.273
949.74	-0.44125	-0.45793	-0.48128	-0.53082	-0.53305	-0.49165	-0.45903	-0.46631	-0.44531	-0.37554	-0.1273	-0.54667	-0.39624	-0.67486	-0.10073	0.6465	0.78602	0.81546	0.74852	0.4694	0.2781	0.12469	-0.0061025	-0.085456	-0.1436	-0.17752	-0.21297	-0.23999	-0.30509	-0.30809	13.868
956.55	-0.43162	-0.45089	-0.47225	-0.46173	-0.4736	-0.42551	-0.37056	-0.3861	-0.38414	-0.33075	-0.27731	-0.31855	-0.56884	-0.75702	0.063802	0.60019	0.80045	0.82681	0.73169	0.45689	0.26024	0.11636	0.010466	-0.086451	-0.1366	-0.17704	-0.20526	-0.24487	-0.30936	-0.32532	13.495
955.27	-0.44845	-0.45149	-0.46325	-0.42216	-0.40966	-0.37108	-0.34387	-0.37138	-0.39007	-0.069818	-0.23323	-0.46866	-0.44184	-0.74219	0.081161	0.85997	0.79109	0.82191	0.72039	0.42993	0.2431	0.082574	-0.015522	-0.10421	-0.15475	-0.17414	-0.21096	-0.26574	-0.29527	-0.32886	13.038
946.98	-0.43188	-0.4478	-0.42606	-0.38691	-0.3383	-0.29632	-0.32784	-0.36816	-0.30443	-0.23203	-0.23527	-0.64891	-0.69541	-0.81257	0.0034978	0.74951	0.81339	0.80917	0.69571	0.41516	0.21556	0.072444	-0.034735	-0.12292	-0.15761	-0.19624	-0.22999	-0.26363	-0.32305	-0.34116	12.667
931.12	-0.42255	-0.41809	-0.41439	-0.35551	-0.31049	-0.34721	-0.34814	-0.29462	-0.26989	-0.24463	-0.37608	-0.73674	-0.9448	-1.0781	-0.085022	0.73656	0.82148	0.80796	0.69102	0.3948	0.20863	0.036313	-0.050687	-0.12501	-0.18488	-0.21407	-0.23629	-0.27715	-0.32276	-0.34298	12.272
910.25	-0.41774	-0.43325	-0.39527	-0.32231	-0.32132	-0.32722	-0.26342	-0.20711	-0.19317	-0.25909	-0.53397	-0.91073	-0.94133	-0.95333	-0.06886	0.6921	0.83191	0.81026	0.68511	0.36879	0.16753	0.024984	-0.079139	-0.15986	-0.20719	-0.22557	-0.26772	-0.27504	-0.33017	-0.35411	11.897
889.03	-0.37793	-0.39552	-0.35731	-0.31053	-0.29192	-0.26855	-0.17966	-0.16121	-0.20195	-0.29247	-0.68043	-0.87885	-1.1525	-1.0271	-0.033398	0.79836	0.85693	0.81575	0.67836	0.35874	0.17495	0.01224	-0.089494	-0.17316	-0.20248	-0.21409	-0.24332	-0.26505	-0.29477	-0.30991	11.555
868.64	-0.36892	-0.38146	-0.341	-0.26669	-0.23749	-0.22666	-0.07677	-0.18705	-0.22627	-0.50333	-0.86258	-0.93605	-1.1796	-1.0425	-0.091137	0.86304	0.86205	0.83017	0.69681	0.3598	0.16332	0.0052433	-0.085529	-0.16487	-0.20147	-0.22774	-0.24648	-0.27369	-0.28751	-0.29836	11.217
849.2	-0.34445	-0.32281	-0.31092	-0.25861	-0.15636	-0.05496	-0.16346	-0.13539	-0.33077	-0.61919	-0.85233	-1.0791	-1.2246	-1.1999	-0.10293	1.099	0.89532	0.84917	0.71017	0.36616	0.16795	0.010952	-0.10699	-0.15512	-0.20019	-0.22678	-0.2286	-0.2552	-0.25603	-0.27457	10.878
831.66	-0.31344	-0.30698	-0.25115	-0.11835	-0.052974	-0.11534	-0.096659	-0.18062	-0.4098	-0.53539	-0.90094	-1.1114	-1.2871	-1.1252	-0.015859	0.83425	0.92064	0.86214	0.71985	0.37292	0.15871	-0.0049816	-0.099287	-0.15286	-0.20441	-0.22435	-0.24409	-0.24963	-0.26698	-0.26517	10.558
818.08	-0.26929	-0.23682	-0.14294	-0.08719	-0.032163	-0.11324	-0.091211	-0.24637	-0.48443	-0.77076	-0.92628	-1.2755	-1.355	-1.2548	-0.42948	0.99443	0.94718	0.87346	0.72553	0.35668	0.16784	0.014267	-0.10738	-0.16757	-0.20781	-0.21892	-0.21288	-0.23407	-0.25355	-0.24778	10.292
807.05	-0.19504	-0.15211	-0.085093	-0.044546	-0.031556	-0.11377	-0.12552	-0.33232	-0.53597	-0.75134	-1.1704	-1.4406	-1.4775	-1.2813	-0.11854	0.93882	0.94018	0.87929	0.73181	0.36848	0.15414	-0.0041524	-0.10605	-0.15088	-0.19292	-0.20148	-0.21304	-0.21036	-0.20933	-0.18856	10.046
796.87	-0.14881	-0.062257	-0.055414	-0.0054413	-0.13269	-0.1111	-0.16062	-0.38656	-0.59202	-0.89235	-0.9829	-1.14	-1.4773	-1.1933	-0.078657	1.0309	0.96661	0.89361	0.72735	0.36517	0.14658	-0.014128	-0.096066	-0.14607	-0.18192	-0.17772	-0.2009	-0.18579	-0.16759	-0.16114	9.7972
789.9	-0.05772	-0.056388	-0.01129	-0.11127	-0.1114	-0.10169	-0.21955	-0.45107	-0.65062	-0.89001	-1.0346	-1.3914	-1.6351	-1.3761	-0.18377	0.92888	0.98774	0.89733	0.74677	0.38254	0.16133	0.013775	-0.090243	-0.14348	-0.15093	-0.16695	-0.16896	-0.14396	-0.12035	-0.087307	9.5888
786.9	-0.06978	-0.0050626	-0.034698	-0.10117	-0.11182	-0.13546	-0.27355	-0.51218	-0.71233	-0.88317	-1.2004	-1.326	-1.622	-1.2853	-0.1635	0.94256	0.98275	0.91745	0.75614	0.39008	0.18704	0.036938	-0.063803	-0.10996	-0.13423	-0.14282	-0.12918	-0.1258	-0.05529	-0.053649	9.3985
787.44	0.018026	0.031733	-0.088185	-0.11066	-0.081701	-0.14788	-0.31641	-0.54102	-0.75319	-0.90304	-1.0917	-1.5067	-1.6887	-1.6589	-0.027238	0.83044	0.96651	0.92099	0.76774	0.40502	0.17727	0.024866	-0.071407	-0.11085	-0.13142	-0.11988	-0.12909	-0.10525	-0.022025	-0.012096	9.1855
792.58	-0.034013	-0.015076	-0.075046	-0.080497	-0.10889	-0.18523	-0.36623	-0.5752	-0.78283	-0.94798	-1.256	-1.5771	-1.6777	-1.4383	-0.14152	0.84518	0.96797	0.92019	0.7646	0.4034	0.19432	0.041663	-0.041502	-0.10723	-0.09988	-0.11249	-0.091848	-0.071858	0.0033625	0.011419	8.9997
802.76	-0.011336	-0.047366	-0.058824	-0.097293	-0.13172	-0.21458	-0.40561	-0.60799	-0.8024	-1.0062	-1.0815	-1.6066	-1.7324	-1.4671	-0.47876	0.84441	0.9557	0.91057	0.75674	0.38436	0.19659	0.047043	-0.066293	-0.085833	-0.09594	-0.10733	-0.079623	-0.061346	-0.022565	0.00016621	8.8169
814.44	-0.013079	0.011117	-0.038227	-0.084807	-0.13606	-0.27702	-0.41396	-0.62562	-0.78545	-0.8731	-1.3579	-1.525	-1.6983	-1.5111	-0.32	0.69513	0.92695	0.88845	0.7558	0.40629	0.19657	0.053165	-0.033919	-0.067671	-0.083148	-0.089224	-0.075757	-0.064769	-0.0052341	0.0010773	8.6491
827.71	0.024653	0.0091897	-0.026508	-0.065258	-0.19309	-0.28844	-0.42389	-0.6378	-0.80592	-1.1413	-1.3566	-1.5678	-1.671	-1.4777	-0.26504	0.98285	0.92875	0.898	0.75432	0.40363	0.20259	0.082882	-0.034284	-0.055478	-0.081816	-0.09232	-0.060242	-0.056957	-0.012587	0.028888	8.4919
841.08	0.031646	0.020239	-0.034285	-0.082121	-0.19203	-0.29362	-0.43944	-0.65043	-0.82038	-0.97952	-1.3755	-1.5051	-1.7805	-1.5171	-0.14316	0.86286	0.91945	0.89544	0.75715	0.40006	0.2111	0.051483	-0.025685	-0.05733	-0.07031	-0.069468	-0.077756	-0.054383	0.01506	0.0045765	8.3861
854.76	0.024781	0.036858	0.0057009	-0.11603	-0.20279	-0.32541	-0.46447	-0.64002	-0.82802	-1.011	-1.2243	-1.6483	-1.6092	-1.5371	-0.3242	0.70903	0.89936	0.8715	0.74503	0.39833	0.21306	0.079334	-0.013825	-0.042071	-0.051612	-0.063971	-0.041025	-0.018264	0.026523	0.028842	8.2788
867.9	0.056614	0.051323	-0.015571	-0.089991	-0.18317	-0.30535	-0.45661	-0.64799	-0.81975	-0.94925	-1.2449	-1.486	-1.7958	-1.4964	-0.17675	0.82701	0.87956	0.88006	0.73967	0.42632	0.22908	0.099999	0.006331	-0.030841	-0.039293	-0.046597	-0.048076	-0.0042623	0.044743	0.044672	8.1745
880.17	0.05759	0.059658	-0.017095	-0.11183	-0.22094	-0.32068	-0.43713	-0.65549	-0.8142	-1.1465	-1.2758	-1.4924	-1.7707	-1.4927	-0.38981	0.76107	0.88035	0.87431	0.74852	0.41675	0.23624	0.1013	0.017361	-0.021707	-0.022492	-0.029767	-0.010422	0.0037599	0.04674	0.063465	8.0973
892.02	0.091643	0.070233	-0.025455	-0.1365	-0.22084	-0.32194	-0.45235	-0.64249	-0.81583	-0.88745	-1.1636	-1.5616	-1.5848	-1.5576	-0.38464	0.912	0.87639	0.87651	0.75914	0.42553	0.25779	0.12211	0.020507	-0.0076777	-0.018185	-0.01593	-0.00199	0.0092087	0.055609	0.072615	8.0444
901.93	0.090635	0.072675	-0.029423	-0.12832	-0.2231	-0.32295	-0.46976	-0.64052	-0.7962	-1.0742	-1.1603	-1.5092	-1.635	-1.5405	-0.49013	0.7958	0.85741	0.88781	0.76868	0.45624	0.26927	0.1462	0.045319	0.010244	0.0073924	0.010006	0.018539	0.033966	0.094246	0.10477	8.0096
909.82	0.097529	0.083188	-0.034219	-0.16113	-0.23695	-0.3418	-0.45935	-0.66949	-0.81775	-1.118	-1.1035	-1.4961	-1.7549	-1.5936	-0.33177	0.79767	0.83567	0.8747	0.75638	0.45404	0.26443	0.14319	0.03748	0.012682	0.00025091	0.0074477	0.024069	0.031361	0.082433	0.093245	7.993
916.64	0.10104	0.077038	-0.035637	-0.13612	-0.22229	-0.34105	-0.47324	-0.65616	-0.81248	-1.0306	-1.2899	-1.6323	-1.7585	-1.5735	-0.45529	0.57408	0.83112	0.87356	0.76515	0.45502	0.26992	0.14385	0.073334	0.025959	0.028341	0.022926	0.028734	0.051768	0.085178	0.096604	7.9734
921.22	0.095481	0.075871	-0.042945	-0.16322	-0.25145	-0.36341	-0.49751	-0.69364	-0.86786	-1.2091	-1.3848	-1.6242	-1.9071	-1.8283	-0.51568	0.6059	0.82116	0.87189	0.76692	0.47181	0.28753	0.1749	0.069699	0.031653	0.03286	0.022812	0.036622	0.043904	0.068047	0.084834	8.0051
921.65	0.088696	0.056187	-0.078668	-0.14436	-0.25684	-0.35523	-0.49572	-0.68917	-0.85061	-1.025	-1.4395	-1.7355	-1.9145	-1.7783	-0.62284	0.52768	0.80416	0.88752	0.79044	0.50536	0.30388	0.16366	0.091719	0.055744	0.042931	0.036626	0.034999	0.069732	0.10642	0.11785	8.0096
917.28	0.085735	0.056457	-0.069021	-0.16721	-0.26819	-0.36945	-0.4965	-0.70498	-0.88047	-1.2757	-1.3815	-1.6918	-1.9984	-2.0587	-0.67075	0.55628	0.79713	0.89264	0.78941	0.50429	0.31857	0.17737	0.095439	0.056846	0.047035	0.044971	0.026295	0.052497	0.096025	0.098967	7.9975
910.35	0.096621	0.060863	-0.068705	-0.17096	-0.27209	-0.37857	-0.53118	-0.72717	-0.91317	-1.2766	-1.392	-1.7919	-2.2482	-2.0495	-0.70303	0.53423	0.77543	0.89582	0.80428	0.51163	0.3285	0.19349	0.096162	0.049702	0.04268	0.026377	0.036246	0.061361	0.087457	0.10054	8.0142
902.36	0.1035	0.049364	-0.065916	-0.20167	-0.31757	-0.40467	-0.55507	-0.74804	-0.95323	-1.2611	-1.762	-1.9663	-2.2513	-2.143	-0.95605	0.33556	0.75428	0.90922	0.81953	0.51439	0.33478	0.19432	0.095348	0.07052	0.039886	0.030763	0.041486	0.071226	0.11552	0.097308	7.9779
892.55	0.068969	0.022315	-0.097542	-0.23256	-0.31728	-0.43946	-0.57814	-0.7906	-0.96951	-1.3021	-1.5435	-1.9879	-2.4384	-2.3021	-0.89262	0.41971	0.7351	0.88518	0.83429	0.5281	0.3291	0.18671	0.098925	0.056703	0.045133	0.029423	0.02785	0.049239	0.085752	0.10171	8.0157
881.77	0.046917	0.0078037	-0.12827	-0.24735	-0.35853	-0.47462	-0.63182	-0.8298	-1.0275	-1.3819	-1.7164	-1.9851	-2.2692	-2.4074	-0.97837	0.32527	0.71194	0.91648	0.83284	0.52821	0.36498	0.20245	0.10269	0.048708	0.030272	0.022134	0.038261	0.041896	0.07371	0.06756	8.0792
870.67	0.068026	0.009566	-0.13431	-0.2678	-0.38154	-0.4835	-0.64402	-0.8747	-1.0729	-1.381	-1.7871	-2.0469	-2.6135	-2.6118	-0.98137	0.28361	0.71486	0.90648	0.85441	0.56703	0.3583	0.21229	0.097089	0.071328	0.044625	0.040494	0.040447	0.047259	0.077301	0.076104	8.2939
860.95	0.041739	0.013881	-0.14472	-0.2717	-0.40253	-0.51279	-0.67977	-0.89703	-1.122	-1.5744	-1.827	-2.1623	-2.5898	-2.7466	-1.0787	0.14775	0.69267	0.93101	0.85809	0.57806	0.38351	0.22755	0.1384	0.08281	0.061744	0.047043	0.045199	0.051046	0.086217	0.074374	8.442
852.83	0.066719	0.011467	-0.13083	-0.26987	-0.39447	-0.51287	-0.70823	-0.92174	-1.1283	-1.6933	-1.8145	-2.3878	-2.7844	-2.888	-1.4661	0.17723	0.65435	0.93507	0.88776	0.60228	0.40675	0.25938	0.12736	0.095277	0.060654	0.047491	0.058643	0.04989	0.076211	0.082922	8.637
847.06	0.062591	-0.0064122	-0.15885	-0.25216	-0.40314	-0.52217	-0.71221	-0.95334	-1.1814	-1.5051	-2.0975	-2.526	-3.0015	-2.9791	-1.4761	0.06539	0.59279	0.95307	0.90334	0.61392	0.41939	0.26955	0.15578	0.099542	0.083866	0.054894	0.063408	0.075872	0.080365	0.079979	8.8712
844.18	0.056366	0.0055772	-0.16484	-0.29404	-0.43355	-0.53854	-0.72148	-0.97112	-1.2117	-1.6343	-1.984	-2.3747	-3.1383	-3.2132	-1.7644	-0.085648	0.56668	0.94271	0.90556	0.63776	0.44421	0.29202	0.17147	0.10261	0.096013	0.079938	0.068884	0.083604	0.089754	0.078493	9.107
843.32	0.049977	0.010736	-0.1532	-0.30148	-0.39992	-0.52644	-0.72905	-0.98664	-1.2217	-1.636	-2.0263	-2.8386	-3.1052	-3.5481	-1.9032	-0.066819	0.49548	0.93102	0.91778	0.65828	0.45906	0.28856	0.177	0.12724	0.091871	0.077352	0.067199	0.077041	0.092583	0.071523	9.3577
842.79	0.026055	0.01418	-0.1433	-0.29809	-0.43527	-0.56086	-0.76118	-1.0027	-1.2919	-1.6848	-2.219	-2.7556	-3.3063	-3.8374	-1.9631	-0.19941	0.43217	0.95303	0.92359	0.67764	0.4972	0.31501	0.20301	0.13096	0.090231	0.088074	0.064607	0.05963	0.090815	0.084792	9.6024
844.5	0.053586	0.0004305	-0.15299	-0.29749	-0.41537	-0.57527	-0.73999	-1.0343	-1.2735	-1.6242	-2.1642	-2.9099	-3.4893	-3.7939	-2.2033	-0.40689	0.37777	0.93069	0.92866	0.70462	0.49709	0.32561	0.21508	0.13341	0.11546	0.087895	0.076741	0.080254	0.07332	0.073182	9.8078
848.24	0.035042	-0.00042641	-0.14147	-0.29441	-0.42848	-0.55919	-0.76734	-1.0478	-1.315	-1.7879	-2.1747	-2.9907	-3.5638	-4.098	-2.2908	-0.54623	0.31469	0.92078	0.91679	0.70245	0.51101	0.34748	0.2168	0.17527	0.11748	0.096343	0.10693	0.087334	0.069366	0.078117	10.117
853.37	0.034831	-0.0012721	-0.16127	-0.30851	-0.42789	-0.56833	-0.80752	-1.0675	-1.3443	-1.8338	-2.3109	-3.0658	-3.8373	-4.0999	-2.306	-0.60841	0.25713	0.90178	0.92847	0.73376	0.50349	0.36207	0.23401	0.16344	0.15113	0.12035	0.091549	0.10569	0.10141	0.08287	10.419
