13871	6	3	91	21.9	748	1	7	8	3.496	128	4096	10	0	0	0	0	447.43	947.82	1.451e+006	0.11653	0.15055	40.124	0	0	1	0	0	0	11	0	0
971.72	-0.00033518	-0.042857	-0.15118	-0.012797	-0.28555	-0.35624	-0.41563	-0.50437	-0.55153	-0.63761	-0.53688	-0.53136	-0.12292	0.13476	0.68377	0.91094	0.53962	0.1345	-0.06143	-0.24427	-0.29353	-0.31288	-0.29399	-0.24942	-0.16111	-0.14495	-0.098532	-0.065389	0.0082521	0.037314	1.4004
972.25	0.018832	-0.059223	-0.15819	-0.0042736	-0.31146	-0.36111	-0.44507	-0.52695	-0.56112	-0.70353	-0.50166	-0.53107	-0.33465	0.1658	0.68339	0.89404	0.60315	0.17326	-0.020654	-0.19079	-0.27541	-0.29563	-0.27447	-0.23983	-0.15366	-0.15875	-0.096955	-0.064633	0.012206	0.033472	1.6845
972.04	0.022831	-0.051783	-0.14483	-0.010469	-0.32109	-0.35865	-0.46446	-0.55465	-0.59701	-0.72027	-0.64154	-0.50665	-0.3112	0.11917	0.69202	0.92707	0.63559	0.2113	0.024617	-0.18016	-0.25906	-0.28105	-0.26601	-0.22806	-0.16694	-0.14105	-0.10535	-0.056717	0.0019166	0.024307	1.9412
971.51	0.027638	-0.068958	-0.14806	-0.0066	-0.33606	-0.37406	-0.48922	-0.57467	-0.61561	-0.64605	-0.64189	-0.59687	-0.41343	0.033634	0.66695	0.77151	0.6667	0.25957	0.065401	-0.14411	-0.23575	-0.25272	-0.25144	-0.22187	-0.14495	-0.13264	-0.081801	-0.045929	0.013008	0.041145	2.2844
970.77	0.02286	-0.049614	-0.15765	-0.006605	-0.33022	-0.38111	-0.47102	-0.57274	-0.63971	-0.69632	-0.68611	-0.72826	-0.50017	-0.052006	0.58248	0.99405	0.69562	0.30628	0.12061	-0.11627	-0.19604	-0.23825	-0.24465	-0.20468	-0.15979	-0.11576	-0.094819	-0.053182	0.0082603	0.021278	2.5593
970.45	0.0076657	-0.060825	-0.15533	-0.011263	-0.3312	-0.39899	-0.48827	-0.60372	-0.66431	-0.71314	-0.70384	-0.76124	-0.55535	-0.20784	0.57418	0.93681	0.74242	0.35205	0.16373	-0.057925	-0.16794	-0.21551	-0.21681	-0.18896	-0.12815	-0.11889	-0.060545	-0.030816	0.0042988	0.042724	2.8568
969.49	0.010877	-0.066861	-0.17129	-0.013602	-0.34111	-0.4087	-0.52892	-0.6138	-0.68481	-0.81355	-0.70454	-0.81936	-0.70537	-0.091074	0.47267	0.84719	0.76449	0.39727	0.20097	-0.018471	-0.14069	-0.20594	-0.2046	-0.16781	-0.13492	-0.11746	-0.065182	-0.043857	0.0035097	0.029736	3.2044
967.58	0.0052807	-0.061753	-0.17638	-0.0058493	-0.35139	-0.41714	-0.52549	-0.59284	-0.72134	-0.82348	-0.82879	-0.78812	-0.78559	-0.34129	0.42245	0.9066	0.79371	0.44387	0.24912	-0.0061364	-0.11664	-0.17938	-0.184	-0.16022	-0.1278	-0.10529	-0.045432	-0.046117	0.0090823	0.030562	3.5306
965.13	-0.005969	-0.076918	-0.18	-0.012884	-0.36979	-0.44031	-0.54476	-0.65625	-0.75382	-0.8673	-0.81329	-0.93828	-0.81129	-0.36567	0.42352	0.88407	0.80763	0.48922	0.30524	0.036019	-0.083888	-0.15525	-0.16887	-0.14555	-0.1296	-0.089254	-0.057812	-0.043328	-0.0044494	0.015244	3.8796
964.18	0.0061042	-0.077746	-0.19527	-0.012897	-0.39645	-0.46203	-0.56699	-0.65929	-0.7891	-1.0102	-0.97263	-1.2111	-0.95449	-0.50716	0.3555	0.96772	0.82194	0.52972	0.35423	0.0733	-0.05798	-0.11932	-0.16201	-0.13775	-0.11341	-0.090898	-0.054799	-0.03029	-0.010041	0.032212	4.2041
964.39	0.0061029	-0.062709	-0.19364	-0.017577	-0.38673	-0.473	-0.57135	-0.67742	-0.80273	-1.01	-1.0252	-1.2108	-1.1125	-0.64033	0.23571	0.85167	0.81938	0.56279	0.39902	0.10473	-0.036707	-0.10618	-0.13856	-0.12739	-0.099294	-0.086214	-0.044048	-0.030285	-0.0028548	0.02296	4.5968
962.48	0.0036961	-0.067348	-0.17492	-0.019177	-0.39276	-0.46626	-0.57399	-0.69946	-0.86198	-1.1459	-1.0537	-1.1967	-1.1622	-0.79084	0.16761	0.83678	0.84966	0.62105	0.44859	0.16298	0.027914	-0.071885	-0.09973	-0.097395	-0.080169	-0.067697	-0.0303	-0.015055	0.017927	0.052341	5.0152
960.14	0.0085562	-0.074302	-0.20088	-0.012167	-0.42452	-0.49219	-0.59342	-0.73228	-0.86022	-1.0815	-1.1713	-1.2658	-1.3557	-0.89514	0.030589	0.78065	0.85013	0.6542	0.49552	0.19246	0.039845	-0.03253	-0.074885	-0.091249	-0.055782	-0.05147	-0.02498	-0.0092536	0.01236	0.04318	5.3683
958.22	-0.0003399	-0.057822	-0.19169	-0.020833	-0.41567	-0.47947	-0.60815	-0.75453	-0.84959	-1.0585	-1.2622	-1.4341	-1.4858	-1.1021	-0.13289	0.82384	0.84703	0.69405	0.54397	0.22866	0.08272	-0.013615	-0.060895	-0.063449	-0.0544	-0.04297	-0.021942	-0.0070781	0.028447	0.027759	5.7637
956.95	-0.0043967	-0.077576	-0.19275	-0.015353	-0.42682	-0.50412	-0.63835	-0.77475	-0.92958	-1.2114	-1.2994	-1.6602	-1.5754	-1.3326	-0.23649	0.63313	0.83776	0.72071	0.56539	0.26566	0.10981	0.0095014	-0.047604	-0.05953	-0.037281	-0.035195	-0.022744	-0.0034256	0.011596	0.02935	6.1499
956.2	-0.0019653	-0.070062	-0.20491	-0.0019835	-0.44571	-0.53198	-0.66525	-0.809	-0.95738	-1.1702	-1.3626	-1.5452	-1.792	-1.563	-0.32293	0.68369	0.83841	0.75818	0.6226	0.31761	0.14245	0.042588	-0.042131	-0.045155	-0.031326	-0.03052	-0.018894	-0.010026	0.014825	0.034812	6.5451
954.4	0.0029128	-0.065643	-0.21413	-0.013029	-0.4377	-0.54073	-0.68994	-0.85629	-1.0197	-1.24	-1.5609	-1.8644	-2.0272	-1.7481	-0.48772	0.56794	0.80468	0.77768	0.66067	0.355	0.17534	0.05841	-0.022494	-0.018751	-0.026889	-0.014087	-0.020479	-0.0093093	0.031784	0.022421	6.9341
950.57	-0.012595	-0.074287	-0.21177	-0.015456	-0.45635	-0.53946	-0.69575	-0.87828	-1.0277	-1.5924	-1.594	-1.9471	-2.2199	-1.9858	-0.68925	0.44428	0.80308	0.79635	0.70037	0.40177	0.2136	0.088592	0.016219	-0.0099601	-0.0051764	-0.0023177	-0.0034397	-0.0056603	0.025438	0.033456	7.3638
947.48	-0.0011644	-0.063063	-0.22459	-0.017096	-0.48548	-0.57327	-0.71096	-0.92237	-1.1005	-1.4871	-1.7515	-1.945	-2.2995	-2.2396	-0.80466	0.38679	0.75718	0.831	0.7282	0.41992	0.24074	0.1039	0.025804	0.0094119	-0.0051933	-0.005489	0.0035771	-0.010115	0.023084	0.034348	7.7193
945.46	-0.013484	-0.073157	-0.21778	-0.017132	-0.4749	-0.58925	-0.73765	-0.91948	-1.1271	-1.584	-1.89	-2.1593	-2.369	-2.4283	-1.0332	0.32853	0.72315	0.84493	0.74993	0.44361	0.27017	0.12921	0.04656	0.019157	0.00917	0.013524	0.0090621	0.00097852	0.018249	0.025778	8.1336
943.87	-0.01104	-0.08479	-0.21409	-0.0091875	-0.48197	-0.5772	-0.75418	-0.94864	-1.1604	-1.7658	-2.0281	-2.4238	-2.7528	-2.6087	-1.2971	0.12615	0.68216	0.85506	0.79161	0.49171	0.3012	0.16881	0.069766	0.043538	0.020552	0.016723	0.016916	0.0017236	0.034585	0.034479	8.5297
941.63	-0.00117	-0.079607	-0.20483	-0.0084088	-0.49927	-0.60211	-0.75827	-0.96146	-1.1945	-1.7273	-2.0239	-2.3199	-2.9375	-2.9039	-1.379	0.024755	0.62846	0.8658	0.80439	0.53779	0.34143	0.19524	0.1059	0.059102	0.04263	0.033476	0.025598	0.017353	0.022409	0.03456	8.9181
939.5	0.0046125	-0.063598	-0.20285	-0.011632	-0.46802	-0.59648	-0.78532	-0.98403	-1.2524	-1.7398	-2.2364	-2.6295	-2.9929	-3.2002	-1.5928	-0.068606	0.57769	0.87388	0.8351	0.57468	0.37615	0.21588	0.13178	0.073097	0.049577	0.046316	0.034317	0.019632	0.015906	0.032267	9.3471
939.72	-0.00034659	-0.068979	-0.22318	-0.016436	-0.50568	-0.60509	-0.80509	-1.0335	-1.2859	-1.9022	-2.3263	-2.7473	-3.3899	-3.5293	-1.8031	-0.30639	0.48707	0.8798	0.8513	0.60767	0.40111	0.24949	0.14537	0.085309	0.073922	0.062257	0.058715	0.03976	0.025732	0.029888	9.7202
940.35	0.0054336	-0.062001	-0.20918	-0.010822	-0.51342	-0.6326	-0.80531	-1.0475	-1.3024	-1.841	-2.4059	-2.8637	-3.4688	-3.6958	-2.0913	-0.44197	0.40934	0.87047	0.86164	0.62848	0.4283	0.27118	0.16128	0.10643	0.087562	0.069388	0.069689	0.037498	0.033078	0.03856	10.131
941.21	-0.02592	-0.081183	-0.22446	-0.01641	-0.49949	-0.63203	-0.82374	-1.0832	-1.3484	-1.8393	-2.521	-2.9539	-3.7735	-4.0619	-2.4312	-0.58571	0.30153	0.8723	0.86554	0.64995	0.45938	0.28606	0.18193	0.11936	0.096605	0.084454	0.058622	0.036718	0.01588	0.017209	10.519
940.57	-0.00034628	-0.074308	-0.19773	-0.020424	-0.51151	-0.64643	-0.85651	-1.1083	-1.4059	-1.9091	-2.5679	-3.3106	-4.0518	-4.4264	-2.7923	-0.7049	0.21539	0.84759	0.88562	0.67754	0.48956	0.31315	0.19326	0.13329	0.10808	0.078136	0.072821	0.045682	0.029798	0.03539	10.938
939.93	-0.0061291	-0.06511	-0.22069	-0.015631	-0.52534	-0.63813	-0.86169	-1.1319	-1.4564	-2.1503	-2.6509	-3.4227	-4.225	-4.7994	-2.8907	-0.96858	0.11365	0.83943	0.88701	0.70263	0.51251	0.34197	0.21982	0.14887	0.11728	0.10849	0.075232	0.055405	0.038006	0.038576	11.264
940.67	-0.01768	-0.072758	-0.21481	-0.014819	-0.52583	-0.65857	-0.85718	-1.1644	-1.4828	-2.1486	-2.8204	-3.5214	-4.3838	-4.9965	-3.2567	-1.2987	-0.0061566	0.82306	0.88318	0.74025	0.52986	0.36187	0.24685	0.17155	0.1324	0.10123	0.080678	0.054618	0.030613	0.023539	11.644
940.57	0.0037822	-0.063527	-0.20995	-0.028427	-0.53307	-0.66301	-0.87031	-1.1833	-1.5247	-2.2002	-2.8207	-3.4289	-4.6195	-5.4311	-3.6517	-1.4176	-0.12345	0.783	0.88328	0.73524	0.57029	0.38797	0.25968	0.20089	0.14001	0.11479	0.10035	0.056114	0.037979	0.029861	11.997
939.93	-0.002825	-0.059716	-0.19216	-0.010026	-0.53703	-0.67568	-0.90236	-1.1882	-1.558	-2.296	-3.0304	-3.7354	-4.8741	-5.6359	-3.7857	-1.6818	-0.22542	0.75996	0.88623	0.77649	0.58522	0.40422	0.28068	0.1937	0.16446	0.12125	0.10199	0.077026	0.042917	0.044108	12.345
938.65	-0.011928	-0.059026	-0.20956	-0.018861	-0.52426	-0.69847	-0.91127	-1.2037	-1.5609	-2.3678	-3.0616	-3.7828	-4.9864	-5.9819	-3.993	-1.9221	-0.35631	0.74088	0.87259	0.80306	0.61514	0.44436	0.29549	0.21844	0.16468	0.11582	0.092672	0.081608	0.030679	0.025965	12.685
937.06	-0.025205	-0.066084	-0.1903	-0.0205	-0.55311	-0.69527	-0.94284	-1.2286	-1.6109	-2.4664	-3.2662	-3.8995	-5.231	-6.2664	-4.2639	-2.2149	-0.49591	0.70009	0.86468	0.80783	0.62591	0.45946	0.30564	0.21882	0.16496	0.13601	0.1102	0.058568	0.023341	0.028388	13.015
934.93	-0.031908	-0.063134	-0.20794	-0.019742	-0.54262	-0.67667	-0.9311	-1.2617	-1.6684	-2.4116	-3.3554	-3.9848	-5.6589	-6.6688	-4.7676	-2.3224	-0.64208	0.6455	0.83213	0.81735	0.65577	0.47066	0.32002	0.24062	0.19288	0.14354	0.12944	0.061699	0.030801	0.040373	13.298
933.44	-0.026967	-0.081858	-0.20499	-0.0092901	-0.57335	-0.69533	-0.96195	-1.2711	-1.6798	-2.5363	-3.5336	-4.1529	-5.9866	-7.0034	-5.0049	-2.7365	-0.78755	0.60608	0.83581	0.82806	0.65519	0.48242	0.34392	0.23936	0.18553	0.13735	0.1027	0.079063	0.013539	0.025313	13.619
931.31	-0.024527	-0.075823	-0.19888	-0.021435	-0.55561	-0.72336	-0.95873	-1.2946	-1.7599	-2.62	-3.5052	-4.3244	-6.0822	-7.3198	-5.282	-2.8456	-0.93002	0.58279	0.83457	0.84024	0.67625	0.509	0.3447	0.25883	0.19286	0.15053	0.11724	0.079244	0.022657	0.017392	13.859
930.24	-0.024556	-0.060338	-0.18098	-0.017412	-0.5508	-0.71272	-0.9606	-1.3224	-1.7428	-2.4238	-3.5914	-4.2781	-6.3434	-7.6126	-5.4743	-3.0633	-1.0538	0.56139	0.81345	0.85835	0.70152	0.51893	0.36937	0.27724	0.19923	0.17085	0.12134	0.081595	0.039228	0.030192	14.106
928.97	-0.033783	-0.070557	-0.18948	-0.0052825	-0.55883	-0.70221	-0.98832	-1.3341	-1.8161	-2.5832	-3.7425	-4.5063	-6.6394	-7.8672	-5.7481	-3.2565	-1.1822	0.50915	0.79167	0.86727	0.71229	0.52815	0.37474	0.2801	0.20644	0.16705	0.13346	0.076425	0.040112	0.020637	14.369
926.84	-0.038051	-0.069938	-0.20397	-0.019915	-0.54188	-0.71268	-0.98281	-1.3719	-1.7995	-2.6934	-3.8153	-4.6196	-6.8028	-8.2605	-6.0728	-3.4879	-1.2792	0.47578	0.78083	0.87098	0.7254	0.54387	0.38373	0.28735	0.20614	0.17148	0.13376	0.073577	0.032729	0.021484	14.563
924.28	-0.019675	-0.059945	-0.21116	-0.01834	-0.54978	-0.72886	-1.0043	-1.3765	-1.8221	-2.7183	-3.7983	-4.555	-7.0197	-8.2752	-6.277	-3.8169	-1.4187	0.42558	0.75362	0.87425	0.73562	0.55479	0.38967	0.28732	0.21445	0.16627	0.12933	0.082877	0.0195	0.027975	14.748
922.68	-0.027282	-0.068682	-0.18247	-0.018372	-0.56905	-0.71322	-0.99818	-1.3889	-1.8324	-2.7667	-3.8509	-4.8297	-7.2468	-8.691	-6.556	-4.0571	-1.5565	0.37917	0.73823	0.88096	0.74183	0.55146	0.39198	0.28699	0.21172	0.169	0.12555	0.051125	0.031209	0.011112	14.897
923	-0.036525	-0.074937	-0.17327	-0.01184	-0.53498	-0.69697	-1.0088	-1.3477	-1.8775	-2.8006	-4.0151	-4.8711	-7.3847	-8.8682	-6.8486	-4.2113	-1.6539	0.35859	0.72447	0.89708	0.74898	0.57269	0.40571	0.30266	0.21319	0.16407	0.12711	0.088306	0.021195	0.019964	15.061
922.9	-0.039896	-0.066312	-0.16831	-0.016736	-0.50208	-0.68993	-0.99951	-1.3554	-1.9058	-2.7748	-3.9972	-4.9577	-7.5591	-9.1805	-6.9477	-4.2723	-1.752	0.32661	0.72216	0.89546	0.76963	0.57275	0.41309	0.31349	0.22717	0.17789	0.13273	0.080724	0.020362	0.024797	15.159
922.79	-0.015498	-0.085158	-0.18245	-0.020817	-0.54243	-0.69357	-0.99416	-1.3622	-1.8795	-2.9235	-3.8872	-5.0186	-7.7832	-9.2553	-7.2345	-4.489	-1.8004	0.29107	0.71191	0.89988	0.75326	0.58139	0.41559	0.29111	0.221	0.15842	0.12473	0.077696	0.032041	0.0248	15.265
921.4	-0.037433	-0.085286	-0.19187	-0.0094114	-0.5304	-0.69283	-0.99643	-1.385	-1.9	-2.8842	-4.0958	-5.1296	-7.6624	-9.4087	-7.1738	-4.5391	-1.8837	0.26122	0.69149	0.88738	0.77088	0.58655	0.4154	0.29404	0.2027	0.16354	0.12251	0.076292	0.027076	0.0079035	15.309
920.66	-0.054329	-0.075915	-0.18453	-0.015141	-0.50789	-0.68091	-0.99254	-1.3728	-1.9112	-2.8427	-4.1268	-5.2114	-7.8923	-9.6052	-7.2871	-4.6641	-1.946	0.25964	0.67134	0.90023	0.77068	0.58102	0.41083	0.29677	0.21374	0.15879	0.11056	0.051237	0.0036943	0.008715	15.347
921.51	-0.036585	-0.096278	-0.20099	-0.020846	-0.52026	-0.70255	-1.0057	-1.3699	-1.9143	-2.9537	-4.1506	-5.1635	-7.9761	-9.4651	-7.3699	-4.6252	-1.9533	0.24515	0.68106	0.90113	0.76832	0.5882	0.42188	0.30647	0.20888	0.16596	0.11206	0.061075	0.0028579	-0.0041926	15.371
922.58	-0.065999	-0.11579	-0.16754	-0.0085825	-0.56087	-0.69996	-0.99047	-1.3982	-1.8976	-2.8368	-4.155	-5.0628	-8.0661	-9.6508	-7.4865	-4.8188	-2.0026	0.22352	0.65802	0.90009	0.76414	0.59009	0.40916	0.28951	0.20477	0.15683	0.096694	0.058726	0.0020193	-0.006604	15.344
923.11	-0.067644	-0.087482	-0.16828	-0.0085775	-0.49922	-0.68355	-0.9899	-1.3949	-1.9061	-2.7654	-4.2446	-5.1459	-7.987	-9.6125	-7.4822	-4.7468	-2.0164	0.23139	0.66717	0.88574	0.76288	0.5769	0.40648	0.30097	0.21395	0.15837	0.10946	0.057175	0.014522	0.00064437	15.332
923.22	-0.053338	-0.10395	-0.20145	-0.0069452	-0.5074	-0.67547	-1.0101	-1.3781	-1.8642	-2.9047	-4.189	-5.2314	-7.9861	-9.6933	-7.4635	-4.85	-1.9887	0.21536	0.65597	0.89082	0.76772	0.57513	0.39828	0.29595	0.20695	0.15997	0.10624	0.048058	0.0036857	-0.0017703	15.327
923.22	-0.10044	-0.12983	-0.19896	-0.023252	-0.54309	-0.69147	-1.0078	-1.3557	-1.9171	-2.8611	-4.2349	-5.2314	-8.1183	-9.6933	-7.526	-4.8241	-2.0468	0.20469	0.65359	0.87872	0.76114	0.55457	0.39012	0.3001	0.19145	0.14617	0.10143	0.043505	-0.012152	-0.028328	15.344
923.11	-0.086149	-0.11808	-0.19566	-0.014286	-0.50563	-0.688	-0.96412	-1.3775	-1.8797	-2.8526	-4.1802	-5.2922	-8.0201	-9.7108	-7.6698	-4.8938	-2.0371	0.21894	0.65684	0.8892	0.75712	0.57262	0.40811	0.27773	0.2	0.14456	0.099844	0.062488	-0.0079847	-0.018673	15.35
923.64	-0.07517	-0.1086	-0.18726	-0.013463	-0.5218	-0.66805	-0.95966	-1.3385	-1.8442	-2.7202	-4.1686	-5.1171	-8.032	-9.6397	-7.5047	-4.7873	-2.0202	0.21348	0.66202	0.90078	0.77477	0.5877	0.40706	0.29001	0.20298	0.15422	0.1134	0.051832	-0.0013154	-0.012227	15.336
925.03	-0.067504	-0.12019	-0.17952	-0.010188	-0.46073	-0.64043	-0.913	-1.3572	-1.8502	-2.7597	-4.2542	-5.1782	-8.0282	-9.756	-7.4489	-4.8491	-2.0312	0.22914	0.66024	0.90288	0.77689	0.58169	0.42028	0.29206	0.19494	0.16614	0.11323	0.050238	-0.0079681	-0.02024	15.342
926.62	-0.064036	-0.12545	-0.15854	-0.013419	-0.47544	-0.64907	-0.97603	-1.3722	-1.8502	-3.007	-4.0728	-5.2378	-8.1708	-9.7474	-7.4805	-4.7891	-2.0195	0.21368	0.65752	0.90305	0.76818	0.56789	0.40656	0.28081	0.19615	0.14483	0.08669	0.053176	-0.0038028	-0.0017638	15.294
927.58	-0.093268	-0.11595	-0.18481	-0.013406	-0.49863	-0.61565	-0.97114	-1.37	-1.8754	-2.9084	-4.2791	-5.2067	-8.1048	-9.4928	-7.4728	-4.7928	-1.9909	0.23735	0.65921	0.90126	0.7682	0.58179	0.41507	0.29043	0.19672	0.13579	0.10335	0.038769	-0.011264	-0.011373	15.111
928.11	-0.094888	-0.099495	-0.18718	-0.013398	-0.48378	-0.65333	-0.92084	-1.3816	-1.8735	-2.8026	-4.2034	-5.2038	-7.9522	-9.5769	-7.3174	-4.6352	-1.9576	0.25491	0.66199	0.89644	0.75549	0.55761	0.39455	0.26798	0.17503	0.12521	0.084161	0.022892	-0.0037967	-0.022574	14.99
929.28	-0.080564	-0.1056	-0.16221	-0.016621	-0.47862	-0.62601	-0.9158	-1.3263	-1.8322	-2.7644	-3.9149	-5.1886	-7.8191	-9.4184	-7.1928	-4.5779	-1.918	0.25193	0.68405	0.89445	0.74473	0.5552	0.37299	0.2462	0.1725	0.10248	0.055394	0.031911	-0.041884	-0.032141	14.842
931.52	-0.089539	-0.12634	-0.18567	-0.010924	-0.4684	-0.62627	-0.90509	-1.2836	-1.8167	-2.7404	-4.179	-5.0227	-7.9067	-9.3715	-7.1844	-4.3955	-1.8189	0.27865	0.68083	0.87003	0.73561	0.53859	0.36483	0.24232	0.15673	0.0974	0.058436	0.0040033	-0.041783	-0.036053	14.639
934.82	-0.1075	-0.13055	-0.19075	-0.013302	-0.48573	-0.6144	-0.89958	-1.2807	-1.7889	-2.7049	-4.0007	-4.903	-7.6096	-9.1928	-6.9385	-4.363	-1.7592	0.30664	0.68314	0.86525	0.72245	0.53161	0.34824	0.22835	0.12022	0.073807	0.04636	-0.0057556	-0.049045	-0.047051	14.47
937.69	-0.083981	-0.1286	-0.18363	-0.006838	-0.46712	-0.61252	-0.8799	-1.3054	-1.7574	-2.6622	-3.8254	-4.9557	-7.4561	-8.9228	-6.8645	-4.1538	-1.6884	0.3092	0.69591	0.83196	0.69594	0.50216	0.3255	0.2105	0.11985	0.072782	0.030438	-0.0049897	-0.04479	-0.055623	14.276
939.5	-0.092084	-0.13144	-0.18491	-0.0076271	-0.44194	-0.59124	-0.85748	-1.2727	-1.7177	-2.6657	-3.8181	-4.8109	-7.182	-8.7607	-6.5615	-3.9335	-1.5751	0.35841	0.70472	0.84225	0.68975	0.48941	0.32647	0.20357	0.11505	0.082214	0.03353	0.0047133	-0.034057	-0.034164	14.01
941.1	-0.090277	-0.12891	-0.19762	-0.02521	-0.44837	-0.58239	-0.86905	-1.2559	-1.7203	-2.7125	-3.7304	-4.8028	-7.105	-8.4808	-6.454	-3.8251	-1.5179	0.39269	0.71365	0.84761	0.6789	0.47513	0.30832	0.19671	0.11409	0.05898	0.023254	-0.010186	-0.045447	-0.049106	13.795
942.91	-0.08434	-0.097934	-0.17937	-0.0091968	-0.4269	-0.57431	-0.89492	-1.2177	-1.7061	-2.545	-3.6872	-4.5324	-6.9215	-8.1278	-6.048	-3.5807	-1.3468	0.42937	0.73795	0.83159	0.65827	0.45829	0.30534	0.18333	0.10629	0.059661	0.025563	-0.012394	-0.06005	-0.046648	13.564
944.61	-0.071858	-0.13379	-0.16607	-0.0012114	-0.42882	-0.54807	-0.86811	-1.2188	-1.6787	-2.5745	-3.6446	-4.4065	-6.7233	-8.0011	-5.8712	-3.3884	-1.2105	0.48421	0.7607	0.8377	0.66191	0.45997	0.30877	0.17733	0.10307	0.053207	0.018468	-0.024983	-0.04202	-0.050497	13.309
945.78	-0.094756	-0.092276	-0.16019	-0.015535	-0.38004	-0.55781	-0.82662	-1.1841	-1.6891	-2.4777	-3.6401	-4.359	-6.352	-7.8073	-5.6983	-3.2492	-1.1167	0.52093	0.76751	0.81388	0.64021	0.43516	0.27257	0.16495	0.083279	0.047593	0.0043668	-0.040511	-0.047663	-0.048863	13.006
946.53	-0.071713	-0.11975	-0.17625	-0.0059794	-0.40831	-0.54003	-0.83207	-1.1669	-1.6347	-2.4417	-3.5565	-4.322	-6.2826	-7.4337	-5.3801	-2.9516	-0.9952	0.5422	0.79403	0.80987	0.63409	0.42479	0.25804	0.15916	0.072635	0.030136	0.005143	-0.027153	-0.055756	-0.044116	12.727
947.27	-0.083132	-0.10972	-0.17045	-0.0059747	-0.43564	-0.5448	-0.8139	-1.1684	-1.5982	-2.4228	-3.4282	-4.1845	-6.0683	-7.3321	-5.2714	-2.9156	-0.91111	0.5695	0.79573	0.80502	0.61275	0.41695	0.25466	0.1372	0.064271	0.027739	-0.012042	-0.036748	-0.050026	-0.042512	12.441
947.91	-0.10028	-0.1127	-0.14528	-0.016294	-0.40147	-0.53837	-0.79053	-1.1224	-1.5745	-2.2512	-3.2736	-4.0811	-5.9355	-7.048	-5.0938	-2.7452	-0.82968	0.58297	0.80757	0.78343	0.59952	0.38914	0.24655	0.13387	0.049137	-0.0015324	-0.009694	-0.0589	-0.067852	-0.059727	12.137
948.33	-0.071576	-0.0989	-0.14522	-0.010731	-0.371	-0.53813	-0.79474	-1.1356	-1.573	-2.4031	-3.3169	-3.9955	-5.7639	-6.8456	-4.8828	-2.5168	-0.72428	0.61993	0.7987	0.76877	0.57763	0.37979	0.21548	0.11281	0.040819	0.0039987	-0.02685	-0.04114	-0.068632	-0.054216	11.844
947.91	-0.062598	-0.064562	-0.12185	-0.0059706	-0.37651	-0.5098	-0.76618	-1.107	-1.5144	-2.2852	-3.1751	-3.8465	-5.5171	-6.6572	-4.6327	-2.5011	-0.62278	0.64792	0.82692	0.7708	0.5811	0.35911	0.21796	0.10316	0.040838	0.015071	-0.019059	-0.038201	-0.042685	-0.023671	11.489
948.01	-0.062591	-0.11269	-0.13072	-0.010734	-0.38984	-0.48636	-0.74783	-1.0633	-1.4534	-2.2084	-2.9956	-3.9131	-5.2107	-6.3933	-4.3451	-2.0883	-0.48048	0.69287	0.84926	0.75556	0.55219	0.35073	0.18459	0.094261	0.029516	-0.021297	-0.029201	-0.073677	-0.060538	-0.055802	11.087
948.44	-0.028997	-0.066054	-0.11289	-0.0075552	-0.36472	-0.48614	-0.73077	-1.0959	-1.452	-2.148	-3.0121	-3.7187	-5.0556	-6.0477	-4.0561	-1.8602	-0.35344	0.7341	0.8543	0.72914	0.53433	0.32889	0.18451	0.066754	0.015929	-0.014175	-0.040889	-0.039659	-0.048341	-0.040892	10.777
948.01	-0.0544	-0.063028	-0.11618	-0.0091473	-0.36221	-0.51061	-0.73566	-1.0689	-1.4073	-2.2169	-2.8702	-3.5192	-4.8004	-5.7154	-3.8144	-1.6758	-0.26713	0.75781	0.86474	0.73031	0.52336	0.31403	0.16077	0.057895	0.016689	-0.022087	-0.039346	-0.055197	-0.054044	-0.04483	10.398
947.48	-0.051153	-0.10128	-0.13726	-0.0012077	-0.39274	-0.4953	-0.74978	-1.038	-1.4019	-2.1332	-2.8091	-3.4206	-4.6501	-5.3356	-3.5989	-1.542	-0.146	0.77036	0.85671	0.69366	0.48358	0.27832	0.12988	0.043372	-0.014253	-0.040293	-0.048738	-0.067061	-0.054886	-0.037797	10.027
945.46	-0.019234	-0.07239	-0.11973	-0.0035974	-0.3757	-0.51285	-0.72926	-1.0305	-1.3673	-2.2229	-2.6893	-3.3859	-4.4745	-5.1391	-3.3449	-1.309	-0.047451	0.7885	0.85854	0.67404	0.46132	0.26721	0.11503	0.019157	-0.034708	-0.057026	-0.063709	-0.076099	-0.068027	-0.02609	9.6583
943.33	-0.035738	-0.065644	-0.12406	-0.0067971	-0.3667	-0.4792	-0.71561	-0.99546	-1.3422	-2.0059	-2.8034	-3.3178	-4.3472	-4.9424	-3.1863	-1.1427	0.032843	0.81377	0.87214	0.67218	0.44465	0.24853	0.10412	0.0070167	-0.031753	-0.060332	-0.063069	-0.063643	-0.038814	-0.024575	9.2882
942.27	-0.028363	-0.065718	-0.12339	-0.0084031	-0.37787	-0.48323	-0.71948	-0.99252	-1.3115	-2.1022	-2.6624	-3.3552	-4.1902	-4.6591	-2.9448	-0.95771	0.13858	0.82166	0.87546	0.656	0.4234	0.22112	0.076274	-0.022245	-0.051524	-0.076308	-0.071776	-0.080818	-0.050291	-0.021447	8.8954
940.57	-0.00695	-0.041196	-0.12768	-0.0044175	-0.37855	-0.48061	-0.69241	-0.96255	-1.3068	-1.8577	-2.5137	-3.3022	-3.9221	-4.5148	-2.6169	-0.89155	0.23657	0.84497	0.86847	0.63936	0.40479	0.19966	0.082816	-0.01251	-0.049338	-0.066884	-0.070333	-0.060849	-0.04711	-0.018326	8.5206
939.18	-0.0011731	-0.042029	-0.10014	-0.01324	-0.36921	-0.49093	-0.68806	-0.92237	-1.241	-1.8004	-2.427	-3.1548	-3.806	-4.2477	-2.3486	-0.5445	0.31931	0.87156	0.86819	0.62756	0.38679	0.18817	0.062901	-0.0084502	-0.053218	-0.069376	-0.089343	-0.077354	-0.026694	-0.01598	8.1488
938.76	0.0037879	-0.0088707	-0.101	-0.011642	-0.33518	-0.46842	-0.66609	-0.91707	-1.2234	-1.8956	-2.202	-2.9785	-3.6778	-3.7504	-2.3145	-0.47672	0.40514	0.87632	0.85608	0.58364	0.3635	0.17309	0.042883	-0.034569	-0.066194	-0.085375	-0.080713	-0.082614	-0.04474	-0.016778	7.751
938.33	0.019513	-0.022768	-0.09288	-0.0068333	-0.36775	-0.47913	-0.66101	-0.89789	-1.183	-1.7333	-2.1849	-2.836	-3.46	-3.6473	-1.9727	-0.39189	0.47391	0.8636	0.83067	0.54479	0.33372	0.13778	0.013222	-0.058263	-0.082995	-0.096596	-0.094943	-0.080411	-0.0382	-0.0096602	7.3744
938.01	0.017036	-0.020459	-0.10435	-0.0060336	-0.33905	-0.46267	-0.65585	-0.86635	-1.1495	-1.7082	-2.1313	-2.6506	-3.1196	-3.3987	-1.6569	-0.17083	0.55003	0.87177	0.83564	0.53306	0.30632	0.12602	0.0068054	-0.069717	-0.086071	-0.10462	-0.099706	-0.084174	-0.021805	0.00063413	6.9613
937.59	0.02781	-0.028195	-0.10031	-0.0044316	-0.35182	-0.46113	-0.62538	-0.85857	-1.1216	-1.6574	-1.9421	-2.4909	-3.0397	-3.0777	-1.6312	-0.11131	0.59848	0.85903	0.82038	0.50947	0.27325	0.10584	-0.01246	-0.070565	-0.086111	-0.11426	-0.10922	-0.08197	-0.034127	-0.0088759	6.5587
936.63	0.029497	-0.015851	-0.11104	-0.0068473	-0.3585	-0.42655	-0.60908	-0.83491	-1.0809	-1.6505	-1.9803	-2.3238	-2.9125	-2.9356	-1.4128	0.067481	0.6678	0.86429	0.79224	0.46824	0.24758	0.069647	-0.020509	-0.098448	-0.11369	-0.11998	-0.12039	-0.078314	-0.030054	0.0069807	6.1726
936.52	0.043595	0.0065756	-0.10615	-0.014081	-0.31072	-0.41695	-0.59683	-0.81292	-1.0407	-1.5389	-1.7811	-2.1544	-2.5545	-2.7179	-1.0695	0.38278	0.71205	0.86264	0.77431	0.43506	0.21923	0.061212	-0.051857	-0.11073	-0.10912	-0.11759	-0.1054	-0.088048	-0.025949	0.0069815	5.794
936.52	0.023697	-0.01972	-0.11187	-0.010063	-0.31252	-0.40556	-0.59066	-0.78347	-1.0162	-1.5475	-1.7902	-2.1035	-2.4893	-2.3547	-0.95498	0.39131	0.75868	0.84511	0.7375	0.40268	0.19977	0.026597	-0.059895	-0.12464	-0.12516	-0.1392	-0.12119	-0.092538	-0.023485	0.014917	5.3668
934.82	0.021248	-0.011233	-0.12273	0.0011918	-0.33207	-0.4221	-0.57477	-0.78571	-0.96662	-1.49	-1.6572	-1.9459	-2.2573	-2.2134	-0.68323	0.40909	0.79612	0.83436	0.7004	0.37439	0.15465	-0.019876	-0.084966	-0.16174	-0.15064	-0.15067	-0.14041	-0.097204	-0.036698	0.0093788	5.0167
931.73	0.025485	-0.019043	-0.11245	-0.0060743	-0.32592	-0.42174	-0.54416	-0.7472	-0.94203	-1.4517	-1.5351	-1.85	-2.1338	-1.888	-0.57926	0.56461	0.82754	0.81069	0.67753	0.32938	0.12093	-0.027581	-0.10948	-0.14337	-0.15037	-0.14232	-0.13134	-0.096775	-0.03847	0.012599	4.5847
930.03	0.045568	-0.040883	-0.11513	-0.015799	-0.32924	-0.39868	-0.55291	-0.71315	-0.90001	-1.3504	-1.337	-1.7595	-1.9819	-1.7045	-0.51825	0.54849	0.85377	0.79364	0.64485	0.29737	0.10237	-0.042935	-0.13639	-0.16669	-0.16372	-0.1587	-0.14988	-0.10147	-0.030268	-0.0017558	4.2102
928.65	0.036438	-0.020666	-0.11282	-0.0060945	-0.31608	-0.38955	-0.53587	-0.69194	-0.88063	-1.2223	-1.275	-1.5825	-1.878	-1.5931	-0.2437	0.63525	0.87071	0.763	0.58657	0.24883	0.05755	-0.08472	-0.12849	-0.18179	-0.17551	-0.15571	-0.14612	-0.10011	-0.032797	0.00864	3.8492
928.11	0.03897	-0.014436	-0.11124	-0.011775	-0.2844	-0.37386	-0.51365	-0.65767	-0.84686	-1.1709	-1.294	-1.5748	-1.6326	-1.3578	-0.32382	0.70441	0.8836	0.71745	0.56083	0.21974	0.020765	-0.095845	-0.16425	-0.19841	-0.16945	-0.17922	-0.13505	-0.088846	-0.041108	-0.0081648	3.4957
927.69	0.042336	-0.012101	-0.084035	-0.0020444	-0.29364	-0.34748	-0.50455	-0.66127	-0.79542	-1.2757	-1.1573	-1.4814	-1.3949	-1.0487	-0.14615	0.85096	0.88978	0.70451	0.53262	0.19145	-0.0045987	-0.11975	-0.17974	-0.20593	-0.19497	-0.17122	-0.13112	-0.094174	-0.009605	0.027872	3.1498
927.16	0.037335	-0.0097639	-0.11135	-0.0052929	-0.28287	-0.3707	-0.48773	-0.64017	-0.76076	-1.1026	-1.1946	-1.268	-1.371	-1.0085	0.20959	0.81701	0.88203	0.65711	0.47517	0.13131	-0.041459	-0.15564	-0.19852	-0.24075	-0.2028	-0.19395	-0.14396	-0.10254	-0.02953	0.011861	2.7642
926.84	0.045726	-0.0074228	-0.097338	-0.013416	-0.26382	-0.32035	-0.47622	-0.5941	-0.72431	-0.86838	-0.97516	-1.1485	-1.3139	-0.83757	0.23635	0.85173	0.86745	0.62014	0.42469	0.10036	-0.063595	-0.17617	-0.22701	-0.2243	-0.20364	-0.20372	-0.15918	-0.11694	-0.029541	0.0046509	2.4484
928.43	0.047319	-0.01131	-0.094695	0.0028221	-0.27338	-0.3366	-0.45443	-0.57493	-0.70553	-0.93629	-1.0466	-1.0695	-1.0405	-0.55113	0.26259	0.92763	0.87339	0.56956	0.37735	0.069245	-0.088021	-0.1946	-0.22419	-0.24207	-0.20406	-0.19449	-0.15731	-0.091834	-0.012084	0.018248	2.1387
930.24	0.051401	0.0019481	-0.094511	-0.0012301	-0.26376	-0.33594	-0.44812	-0.57545	-0.68189	-0.83922	-0.99899	-0.9393	-0.93191	-0.48503	0.46601	0.8572	0.87745	0.53051	0.33324	0.039943	-0.13275	-0.22313	-0.25288	-0.25807	-0.21596	-0.20137	-0.16734	-0.08789	-0.0079235	0.042971	1.8349
932.9	0.05708	0.00038923	-0.087672	-0.017363	-0.25123	-0.32618	-0.41823	-0.52208	-0.66567	-0.94906	-0.76857	-0.99623	-0.86385	-0.41881	0.32322	0.96596	0.84457	0.485	0.29376	-0.0012314	-0.14621	-0.22673	-0.26265	-0.26144	-0.22148	-0.18794	-0.15735	-0.10116	-0.00047789	0.04285	1.5098
935.03	0.049478	-0.0034854	-0.081737	0.00038692	-0.2606	-0.30964	-0.40571	-0.52334	-0.61985	-0.80047	-0.80315	-0.82405	-0.73952	-0.19955	0.54301	0.93816	0.81479	0.43737	0.24054	-0.02854	-0.17917	-0.25834	-0.27332	-0.27314	-0.22174	-0.19633	-0.14987	-0.10767	-0.008707	0.034806	1.2423
936.95	0.055176	-0.0034768	-0.074212	-0.0012213	-0.24384	-0.30726	-0.39949	-0.49529	-0.61463	-0.71286	-0.6837	-0.80541	-0.60777	-0.18301	0.5067	0.88515	0.77551	0.39968	0.18681	-0.084696	-0.20069	-0.26879	-0.30169	-0.27994	-0.23656	-0.20632	-0.15114	-0.10147	-0.010332	0.031561	0.96269
938.65	0.041015	-0.018132	-0.091215	-0.015652	-0.22269	-0.28658	-0.39646	-0.48052	-0.58357	-0.72872	-0.58292	-0.74471	-0.48477	-0.0054698	0.63757	0.97704	0.76839	0.3325	0.14974	-0.11005	-0.24482	-0.28178	-0.29633	-0.28514	-0.22622	-0.21234	-0.14929	-0.089342	-0.02507	0.029129	0.7134
940.46	0.041761	-0.004235	-0.094298	-0.0060179	-0.24203	-0.28952	-0.35966	-0.46819	-0.54075	-0.72732	-0.57279	-0.58279	-0.55683	0.099051	0.68019	0.96668	0.70581	0.28647	0.080039	-0.15057	-0.26292	-0.31319	-0.34138	-0.30089	-0.24404	-0.21113	-0.17733	-0.12419	-0.0062018	0.025124	0.58114
941.53	0.039239	-0.017308	-0.091752	-0.0076107	-0.24714	-0.29181	-0.35849	-0.47987	-0.548	-0.63239	-0.56313	-0.53996	-0.41039	0.074863	0.732	0.79608	0.67328	0.24081	0.034763	-0.18091	-0.27956	-0.33299	-0.32261	-0.29729	-0.24528	-0.21567	-0.17162	-0.11363	-0.017637	0.025095	0.30289
943.76	0.047374	-0.012663	-0.090723	-0.006794	-0.22775	-0.2946	-0.36451	-0.46168	-0.54592	-0.64797	-0.58877	-0.47976	-0.36092	0.19483	0.75645	0.96329	0.64571	0.19415	-0.0049577	-0.21853	-0.31671	-0.35901	-0.34338	-0.31769	-0.26365	-0.22231	-0.17514	-0.10816	-0.010258	0.037633	0.10368
946.42	0.045601	0.0026782	-0.088849	0.0043583	-0.22176	-0.27816	-0.33606	-0.45229	-0.49748	-0.56104	-0.52432	-0.41966	-0.26321	0.21825	0.6759	0.78352	0.61395	0.15804	-0.046796	-0.239	-0.32625	-0.34714	-0.34321	-0.30628	-0.25611	-0.22643	-0.18012	-0.090829	-0.02649	0.039096	-0.028635
947.16	0.038186	-0.019499	-0.089589	-0.011538	-0.24121	-0.28488	-0.33884	-0.45598	-0.49475	-0.62013	-0.41633	-0.3774	-0.19857	0.28992	0.79728	0.82503	0.56655	0.11025	-0.087804	-0.27504	-0.34604	-0.37442	-0.35804	-0.31008	-0.26572	-0.20885	-0.15498	-0.096677	0.0035925	0.03279	-0.19138
947.06	0.048849	-0.0087944	-0.079082	-0.00041236	-0.21625	-0.26064	-0.33659	-0.40669	-0.45809	-0.53514	-0.38052	-0.36904	-0.18249	0.39374	0.77996	0.90939	0.53345	0.07213	-0.11802	-0.28603	-0.36532	-0.37028	-0.35728	-0.31578	-0.24687	-0.2057	-0.14406	-0.08707	-0.0053449	0.050839	-0.29939
948.01	0.047161	-0.0011441	-0.087082	-0.013117	-0.22762	-0.2725	-0.32788	-0.40789	-0.45763	-0.5516	-0.44283	-0.39381	-0.14209	0.31359	0.87487	0.82429	0.50381	0.046946	-0.13879	-0.31604	-0.36735	-0.38409	-0.35771	-0.31869	-0.24964	-0.21103	-0.1447	-0.089198	-0.0020944	0.031978	-0.38762
950.14	0.03398	0.0026677	-0.076405	0.0027577	-0.22267	-0.25029	-0.33626	-0.40778	-0.44959	-0.41472	-0.42396	-0.30097	-0.061478	0.44816	0.74271	0.86444	0.47286	0.0088304	-0.17013	-0.32205	-0.38411	-0.39738	-0.36563	-0.31636	-0.24833	-0.20661	-0.13581	-0.093424	-0.0028976	0.041289	-0.48651
951.84	0.057577	-0.020924	-0.10122	-0.00041029	-0.23913	-0.2783	-0.35763	-0.42396	-0.44102	-0.55784	-0.31614	-0.39223	-0.0052772	0.50295	0.89735	0.7623	0.4366	-0.020506	-0.20605	-0.34663	-0.40337	-0.41245	-0.38	-0.32707	-0.25239	-0.21569	-0.1581	-0.089575	0.0035733	0.038873	-0.53671
953.23	0.037944	-0.022415	-0.089018	-0.019362	-0.2246	-0.27359	-0.34198	-0.41772	-0.43728	-0.42182	-0.31568	-0.18333	0.026734	0.35945	0.79221	0.83653	0.41024	-0.031671	-0.23191	-0.37041	-0.40836	-0.40853	-0.37471	-0.3282	-0.23702	-0.20752	-0.15555	-0.091651	0.00033914	0.032582	-0.55345
953.33	0.029794	-0.012536	-0.089812	-0.013043	-0.22901	-0.26667	-0.35858	-0.4024	-0.43723	-0.54006	-0.24439	-0.20831	0.026731	0.39907	0.79214	0.79457	0.37886	-0.070413	-0.25266	-0.38125	-0.42345	-0.41761	-0.38415	-0.337	-0.23324	-0.23579	-0.14311	-0.085026	-0.006118	0.041151	-0.59148
953.65	0.042812	-0.032276	-0.086568	-0.016985	-0.23868	-0.25884	-0.35468	-0.40146	-0.43398	-0.44698	-0.36899	-0.25822	-0.037272	0.42272	0.8178	0.719	0.36668	-0.08244	-0.2595	-0.39367	-0.43048	-0.42825	-0.38954	-0.32645	-0.23091	-0.20507	-0.15548	-0.090876	0.0084085	0.034905	-0.57018
955.78	0.04759	-0.0064407	-0.10481	-0.0082843	-0.2134	-0.26513	-0.32673	-0.39015	-0.42372	-0.57241	-0.36816	-0.28256	0.034638	0.4534	0.88503	0.62554	0.37628	-0.088268	-0.26967	-0.37777	-0.42396	-0.41406	-0.3745	-0.33374	-0.22741	-0.21324	-0.15358	-0.095073	0.018857	0.047264	-0.55193
957.16	0.049955	-0.0094579	-0.11186	-0.012991	-0.19985	-0.24588	-0.32249	-0.38959	-0.40997	-0.55474	-0.29665	-0.26557	0.082404	0.50807	0.82343	0.73303	0.36614	-0.093286	-0.26161	-0.39306	-0.42731	-0.4209	-0.38418	-0.33165	-0.23679	-0.22311	-0.14795	-0.089809	0.0043585	0.053409	-0.56562
957.59	0.060475	-0.028362	-0.087813	-0.0066959	-0.23064	-0.25177	-0.34042	-0.38701	-0.40284	-0.45355	-0.29652	-0.29863	0.042534	0.55519	0.81444	0.7077	0.35317	-0.09753	-0.26762	-0.38289	-0.42712	-0.40832	-0.37694	-0.3179	-0.2576	-0.20892	-0.14634	-0.078062	0.0019455	0.057262	-0.52758
957.9	0.041	-0.010208	-0.090183	-0.005123	-0.20057	-0.25597	-0.33127	-0.38209	-0.41274	-0.37772	-0.2787	-0.17415	0.13012	0.51555	0.84	0.77413	0.36425	-0.1035	-0.27749	-0.38359	-0.42698	-0.41397	-0.37524	-0.317	-0.22317	-0.19555	-0.14011	-0.088277	0.010781	0.047159	-0.53671
959.61	0.032027	-0.010942	-0.10519	-0.0082513	-0.24072	-0.24611	-0.34497	-0.39259	-0.41278	-0.50296	-0.26934	-0.20695	-0.0052345	0.3807	0.7096	0.71454	0.34604	-0.11101	-0.29917	-0.40869	-0.43018	-0.42807	-0.38712	-0.32761	-0.21979	-0.2116	-0.14757	-0.091773	-0.005275	0.040882	-0.55345
960.03	0.027968	-0.025272	-0.11871	-0.0019756	-0.24502	-0.28362	-0.3388	-0.40757	-0.42107	-0.47758	-0.42843	-0.1903	-0.021128	0.46717	0.85532	0.55629	0.35547	-0.10412	-0.2807	-0.40851	-0.43473	-0.42952	-0.38068	-0.34263	-0.23534	-0.20917	-0.15907	-0.082243	-0.0068765	0.046281	-0.5717
962.05	0.036789	-0.019197	-0.11687	-0.0035354	-0.23221	-0.29241	-0.34109	-0.41388	-0.43403	-0.5268	-0.25984	-0.19815	0.12956	0.40332	0.76781	0.72103	0.33242	-0.10646	-0.28621	-0.40931	-0.42672	-0.43109	-0.3791	-0.31563	-0.22592	-0.19003	-0.14566	-0.10101	-0.0028633	0.0346	-0.47433
963.01	0.027882	-0.029706	-0.10402	-0.019948	-0.24514	-0.28786	-0.38194	-0.41666	-0.43821	-0.5179	-0.33895	-0.25571	-0.052741	0.45786	0.78416	0.69545	0.35039	-0.096981	-0.2844	-0.38322	-0.42551	-0.40274	-0.37794	-0.33282	-0.22941	-0.20541	-0.13322	-0.071074	0.019514	0.038423	-0.2933
963.86	0.015774	-0.045461	-0.13493	-0.0043108	-0.25632	-0.31571	-0.36739	-0.41629	-0.4478	-0.47567	-0.36508	-0.24723	-0.076436	0.51236	0.88616	0.80246	0.35882	-0.081567	-0.27045	-0.38039	-0.4078	-0.40485	-0.3698	-0.30709	-0.2203	-0.19512	-0.13081	-0.080462	-0.0036559	0.041474	-0.14271
965.13	0.016557	-0.049152	-0.13078	-0.008985	-0.25598	-0.31359	-0.3953	-0.42844	-0.46331	-0.54182	-0.38218	-0.41975	-0.0052045	0.41769	0.83371	0.71871	0.37978	-0.076357	-0.24349	-0.36749	-0.41119	-0.38547	-0.35449	-0.28287	-0.2	-0.19331	-0.12603	-0.074548	-0.0084339	0.037569	0.00026131
966.52	0.011715	-0.054327	-0.12346	-0.0097506	-0.27747	-0.33183	-0.3716	-0.45398	-0.46418	-0.64104	-0.34648	-0.263	-0.0051971	0.47967	0.73013	0.7755	0.41015	-0.03888	-0.22493	-0.34797	-0.38625	-0.38655	-0.34542	-0.28802	-0.19602	-0.17675	-0.12815	-0.070816	0.0027248	0.032904	0.23142
966.41	0.022964	-0.034098	-0.12982	-0.0081932	-0.28362	-0.30978	-0.38732	-0.45166	-0.47954	-0.59112	-0.39046	-0.20549	-0.044668	0.46407	0.81555	0.74254	0.44508	-0.0032109	-0.1908	-0.32406	-0.37136	-0.37596	-0.32053	-0.28329	-0.18272	-0.17289	-0.11821	-0.061397	0.0051141	0.041364	0.45799
966.41	0.014928	-0.053583	-0.14964	-0.0058563	-0.25651	-0.33526	-0.4097	-0.46672	-0.49026	-0.51609	-0.47831	-0.44385	-0.14727	0.29197	0.7814	0.70124	0.47361	0.029067	-0.14754	-0.3059	-0.34858	-0.34732	-0.32832	-0.24286	-0.18642	-0.18607	-0.11821	-0.065748	0.0059084	0.045976	0.65867
967.15	0.029369	-0.037067	-0.12101	-0.0035182	-0.28602	-0.31463	-0.41163	-0.48775	-0.52353	-0.70724	-0.47794	-0.45174	-0.1787	0.31519	0.67848	0.77499	0.5184	0.053656	-0.11405	-0.27513	-0.33025	-0.33888	-0.31795	-0.24109	-0.18036	-0.16966	-0.12271	-0.0628	0.0019262	0.045171	0.91253
967.26	0.014112	-0.038563	-0.15426	-0.017525	-0.31744	-0.37655	-0.43097	-0.51145	-0.53724	-0.61556	-0.48668	-0.48453	-0.1629	0.33078	0.72103	0.94815	0.55399	0.11814	-0.080673	-0.2355	-0.30431	-0.31514	-0.29768	-0.26483	-0.17812	-0.14872	-0.086748	-0.064242	0.0074951	0.025964	1.2013
