14431	6	3	91	31.3	748	1	15	8	3.103	128	4096	10	0	0	0	0	397.14	1626.5	1.8259e+006	0.15266	0.10042	53.392	0	0	1	0	0	0	11	0	0
1464.4	0.011538	-0.02179	-0.18985	-0.32654	-0.4735	-0.59254	-0.77371	-1.0226	-1.2551	-1.875	-2.3553	-2.8184	-3.405	-3.6461	-2.0927	-0.39573	0.45289	0.88878	0.89282	0.62349	0.42166	0.26194	0.13671	0.088841	0.063436	0.041086	0.047437	0.035178	0.05381	0.045278	9.0994
1457.4	0.011594	-0.018417	-0.18499	-0.35498	-0.46361	-0.61005	-0.79131	-1.0459	-1.2988	-1.9283	-2.4366	-2.9901	-3.5889	-3.8817	-2.2273	-0.66597	0.37623	0.89027	0.8911	0.65225	0.43569	0.2784	0.16319	0.090847	0.077485	0.053627	0.045128	0.0541	0.054071	0.052125	9.4196
1455.1	0.0036076	-0.036364	-0.20897	-0.34312	-0.47015	-0.61214	-0.82229	-1.0934	-1.344	-2.0032	-2.5688	-3.0275	-3.7518	-4.0956	-2.4576	-0.68346	0.32101	0.87813	0.89452	0.66095	0.46247	0.29894	0.17017	0.11679	0.080064	0.052166	0.055368	0.051296	0.055742	0.052207	9.7519
1456.9	0.011065	-0.042286	-0.2003	-0.33237	-0.48234	-0.61309	-0.83962	-1.0905	-1.3703	-2.0285	-2.5074	-3.2311	-3.9096	-4.3242	-2.6867	-0.78672	0.23017	0.86411	0.89142	0.67658	0.47598	0.31269	0.18908	0.13032	0.097151	0.065478	0.061394	0.044501	0.043525	0.038883	10.101
1460.8	0.002531	-0.045146	-0.20605	-0.36909	-0.52442	-0.62379	-0.85018	-1.14	-1.4279	-2.0726	-2.6518	-3.2713	-4.0974	-4.6178	-2.8883	-1.0031	0.13672	0.85166	0.89755	0.69825	0.50588	0.31942	0.20403	0.14413	0.099827	0.075049	0.048568	0.040063	0.041301	0.024028	10.44
1462.9	0.00040344	-0.040133	-0.20053	-0.36496	-0.5023	-0.64086	-0.86032	-1.1467	-1.4466	-2.1688	-2.7757	-3.435	-4.3054	-4.9886	-3.0534	-1.1817	0.034932	0.83867	0.89076	0.71308	0.52904	0.35897	0.22432	0.15649	0.11191	0.089287	0.070752	0.05725	0.048607	0.042786	10.837
1464.8	-0.007018	-0.046505	-0.19346	-0.35471	-0.51316	-0.63888	-0.88082	-1.1682	-1.4871	-2.1989	-2.9227	-3.3815	-4.4402	-5.1367	-3.3758	-1.3653	-0.056117	0.80784	0.89206	0.73554	0.54855	0.38008	0.23995	0.17354	0.11811	0.090701	0.076211	0.052389	0.031205	0.024468	11.149
1470.7	-0.0096296	-0.036471	-0.20207	-0.36559	-0.52148	-0.65812	-0.86557	-1.1896	-1.5169	-2.2066	-2.8881	-3.4924	-4.6197	-5.4197	-3.6149	-1.501	-0.14081	0.79014	0.87956	0.74566	0.55929	0.38772	0.25078	0.1765	0.13855	0.1148	0.082449	0.061712	0.052012	0.029425	11.528
1473.7	0.0072503	-0.029517	-0.19646	-0.35565	-0.50493	-0.63506	-0.90149	-1.195	-1.5369	-2.2731	-3.0666	-3.5931	-4.8587	-5.778	-3.8202	-1.72	-0.27101	0.76736	0.88473	0.77933	0.59576	0.41697	0.28142	0.20213	0.15477	0.12372	0.097342	0.078228	0.06705	0.041465	11.888
1471.8	-0.0011818	-0.042349	-0.19671	-0.37195	-0.50787	-0.67379	-0.9041	-1.2267	-1.5766	-2.1885	-3.1397	-3.7919	-5.0618	-6.0833	-4.1108	-1.9391	-0.39576	0.72817	0.88037	0.79225	0.60735	0.42717	0.29661	0.22321	0.17878	0.14476	0.11456	0.083565	0.048833	0.043536	12.241
1471.8	0.0072595	-0.019713	-0.18682	-0.36121	-0.51763	-0.66096	-0.93792	-1.2429	-1.6007	-2.4183	-3.3185	-3.8729	-5.409	-6.4017	-4.447	-2.2481	-0.5238	0.69917	0.87439	0.80852	0.63418	0.45833	0.32116	0.23935	0.17926	0.14476	0.12762	0.11022	0.054063	0.053632	12.637
1474.4	-0.013293	-0.028521	-0.17298	-0.37436	-0.51156	-0.66369	-0.92257	-1.2604	-1.6551	-2.425	-3.4164	-4.0654	-5.6323	-6.8058	-4.7021	-2.5581	-0.66681	0.65006	0.84698	0.82658	0.65521	0.48648	0.34051	0.26283	0.20951	0.15772	0.13392	0.1086	0.069626	0.056562	12.988
1473.3	0.0056711	-0.016743	-0.15751	-0.34246	-0.51712	-0.68761	-0.92916	-1.2832	-1.687	-2.4706	-3.5055	-4.1171	-5.9628	-7.0266	-5.092	-2.7388	-0.81865	0.61045	0.85112	0.84672	0.68613	0.5035	0.35763	0.27707	0.21259	0.17361	0.15261	0.11249	0.082738	0.051563	13.411
1471	0.0056799	-0.022677	-0.17546	-0.35528	-0.51332	-0.68254	-0.9306	-1.292	-1.7057	-2.6552	-3.6033	-4.3071	-6.1587	-7.4847	-5.4139	-3.0523	-0.98607	0.56509	0.83	0.86485	0.70475	0.53546	0.38838	0.29782	0.24306	0.2019	0.16994	0.12982	0.077634	0.061239	13.825
1471	-0.00012635	-0.015785	-0.17859	-0.33379	-0.52826	-0.68254	-0.95021	-1.2972	-1.7419	-2.573	-3.661	-4.3719	-6.5943	-7.829	-5.8456	-3.3833	-1.1616	0.51486	0.81155	0.87462	0.7285	0.56448	0.4068	0.31084	0.24841	0.20496	0.17698	0.13458	0.086005	0.054674	14.207
1472.8	-0.0022348	-0.024124	-0.16848	-0.3165	-0.51898	-0.65158	-0.97153	-1.3335	-1.7698	-2.6682	-3.7717	-4.609	-6.8759	-8.2708	-6.2582	-3.6932	-1.3713	0.45346	0.77467	0.89193	0.75696	0.58578	0.43286	0.33333	0.26849	0.20928	0.18831	0.1406	0.086942	0.053594	14.61
1471.4	-0.018069	-0.047283	-0.19676	-0.33676	-0.51605	-0.70299	-1.0112	-1.3864	-1.7967	-2.7365	-3.8677	-4.8295	-7.1574	-8.6438	-6.5559	-3.9192	-1.5419	0.37749	0.75549	0.90095	0.77886	0.59872	0.45477	0.35553	0.27313	0.23546	0.188	0.14693	0.092256	0.043549	15.044
1468.5	-0.024978	-0.039978	-0.16585	-0.35024	-0.52858	-0.68369	-0.99996	-1.3573	-1.8713	-2.7529	-4.072	-4.9581	-7.5196	-9.1912	-6.962	-4.3563	-1.7656	0.3106	0.72152	0.89947	0.78403	0.61713	0.45977	0.35466	0.28731	0.23032	0.19441	0.15103	0.092441	0.059825	15.447
1463.7	-0.052645	-0.054953	-0.16796	-0.35704	-0.52511	-0.71901	-1.0352	-1.4256	-1.9082	-2.8444	-4.2129	-5.1968	-7.8099	-9.6396	-7.3397	-4.7849	-1.9682	0.23646	0.67226	0.9084	0.80267	0.63427	0.48699	0.37466	0.2946	0.24284	0.20718	0.15679	0.078546	0.040732	15.826
1457.8	-0.04913	-0.051203	-0.18336	-0.37501	-0.54289	-0.73939	-0.9974	-1.4498	-1.9774	-2.9444	-4.4106	-5.4413	-7.9514	-10.12	-7.7825	-5.089	-2.1795	0.17661	0.63423	0.91921	0.81061	0.65312	0.50135	0.38512	0.31297	0.25	0.21157	0.16272	0.061973	0.03529	16.222
1450	-0.076703	-0.093434	-0.19491	-0.3843	-0.55222	-0.71166	-1.0236	-1.4898	-2.0202	-3.0102	-4.487	-5.6568	-8.2046	-10.659	-8.2452	-5.5951	-2.4343	0.058116	0.59009	0.91259	0.82701	0.65826	0.51028	0.40726	0.31416	0.26478	0.20557	0.15199	0.063898	0.027282	16.631
1438.2	-0.088673	-0.092693	-0.21409	-0.36182	-0.55559	-0.76717	-1.0832	-1.4973	-2.0836	-3.091	-4.6184	-5.7807	-8.4737	-11.151	-8.749	-5.9964	-2.6951	-0.033297	0.547	0.92343	0.85494	0.69173	0.51919	0.41222	0.31824	0.25602	0.20571	0.15324	0.050512	0.019757	17.031
1423.3	-0.10324	-0.11249	-0.20879	-0.40843	-0.57089	-0.76192	-1.092	-1.5538	-2.1698	-3.1572	-4.7681	-6.0141	-8.8944	-11.698	-9.1996	-6.53	-2.9655	-0.12765	0.49397	0.93981	0.85694	0.70395	0.54577	0.42568	0.33714	0.26817	0.2219	0.16617	0.054284	0.027794	17.402
1409.1	-0.10868	-0.11876	-0.23916	-0.3885	-0.56283	-0.77889	-1.1153	-1.6129	-2.1664	-3.2118	-4.9425	-6.2211	-9.4709	-12.325	-9.8539	-6.975	-3.2524	-0.22155	0.4578	0.94245	0.87524	0.73571	0.56781	0.44572	0.36032	0.29001	0.23515	0.1564	0.05046	0.01331	17.821
1394.7	-0.12651	-0.14336	-0.23066	-0.40926	-0.58261	-0.8011	-1.1124	-1.6439	-2.2075	-3.4011	-4.9633	-6.5077	-9.5309	-12.876	-10.512	-7.3735	-3.5779	-0.34156	0.39103	0.93849	0.89903	0.74958	0.5818	0.46627	0.37329	0.3043	0.24449	0.17008	0.05595	0.0017257	18.225
1381	-0.1525	-0.13534	-0.2346	-0.38387	-0.58164	-0.75315	-1.1834	-1.7489	-2.2598	-3.493	-5.3567	-6.7043	-10.028	-13.507	-11.07	-7.8162	-3.8207	-0.45489	0.35559	0.93852	0.91671	0.77417	0.60172	0.48863	0.36973	0.30189	0.25012	0.16111	0.058174	-0.010093	18.575
1369.1	-0.14645	-0.15238	-0.25231	-0.4004	-0.58792	-0.80885	-1.1937	-1.7294	-2.3426	-3.541	-5.4466	-6.9424	-10.338	-14.055	-11.521	-8.3387	-4.0726	-0.52779	0.31367	0.95716	0.93077	0.79186	0.62838	0.50574	0.40376	0.3275	0.25553	0.18809	0.059242	0.0039294	18.983
1361.7	-0.16436	-0.19044	-0.26662	-0.41529	-0.56754	-0.83434	-1.2219	-1.7878	-2.3902	-3.6253	-5.6072	-7.1727	-10.702	-14.592	-12.099	-8.8822	-4.4076	-0.6488	0.23942	0.95944	0.95869	0.81939	0.65446	0.5158	0.41173	0.33038	0.26887	0.18243	0.052217	-0.006961	19.352
1360	-0.19255	-0.2301	-0.28386	-0.41195	-0.58505	-0.75153	-1.197	-1.7338	-2.4847	-3.5708	-5.5708	-7.2871	-10.924	-15.128	-12.618	-9.2928	-4.6573	-0.76071	0.18958	0.95247	0.96943	0.82104	0.64701	0.52605	0.417	0.34073	0.26868	0.18009	0.042666	-0.023908	19.719
1364	-0.2267	-0.2326	-0.28358	-0.42231	-0.61738	-0.77697	-1.1833	-1.7769	-2.3769	-3.5601	-5.6724	-7.4401	-10.986	-15.526	-12.871	-9.6863	-4.9242	-0.86435	0.11749	0.94319	0.96877	0.82207	0.65943	0.53459	0.41943	0.3474	0.27167	0.18007	0.032949	-0.023836	20.057
1371.8	-0.20955	-0.23338	-0.30486	-0.41991	-0.57998	-0.79528	-1.2076	-1.7305	-2.3418	-3.5164	-5.6772	-7.4672	-11.141	-15.818	-13.314	-10.021	-5.0748	-0.94379	0.078856	0.94364	0.98594	0.85081	0.6875	0.54942	0.43268	0.35143	0.28199	0.18823	0.036686	-0.0047444	20.37
1384.5	-0.26878	-0.25585	-0.30762	-0.45849	-0.59545	-0.77262	-1.2247	-1.6721	-2.461	-3.4087	-5.6746	-7.4508	-11.166	-15.98	-13.419	-10.31	-5.2145	-1.0135	0.026745	0.93504	0.97477	0.84478	0.68069	0.54165	0.43236	0.3439	0.25484	0.17741	0.010228	-0.037975	20.676
1400.6	-0.27621	-0.28237	-0.36588	-0.45428	-0.61091	-0.76782	-1.155	-1.8043	-2.3978	-3.2026	-5.4758	-7.3479	-11.086	-15.974	-13.371	-10.356	-5.3027	-1.0604	-0.0096983	0.90888	0.95974	0.84181	0.67929	0.54525	0.4238	0.34529	0.26458	0.17286	0.0046161	-0.041781	20.981
1417.9	-0.30297	-0.31162	-0.30847	-0.46626	-0.58857	-0.75904	-1.2691	-1.8434	-2.4077	-3.1977	-5.3612	-7.1463	-10.994	-15.795	-13.394	-10.326	-5.3542	-1.1192	-0.049414	0.89274	0.95661	0.85052	0.6811	0.54563	0.42872	0.33685	0.27022	0.1673	0.01053	-0.05804	21.219
1432.8	-0.31933	-0.31193	-0.39456	-0.48034	-0.61312	-0.82564	-1.2212	-2.0863	-2.5614	-3.142	-4.861	-6.6064	-10.534	-15.373	-13.203	-10.196	-5.2863	-1.1116	-0.042758	0.89127	0.94191	0.84279	0.67246	0.54638	0.43675	0.34173	0.26949	0.15284	-0.011064	-0.074551	21.503
1445.3	-0.34449	-0.3498	-0.41127	-0.47616	-0.5733	-0.81618	-1.2301	-2.2155	-2.772	-3.0812	-4.1137	-6.2741	-9.4923	-13.722	-12.249	-9.6053	-5.0501	-1.027	0.0022747	0.90449	0.96209	0.85625	0.6739	0.55912	0.43394	0.33616	0.26714	0.14715	-0.0115	-0.080585	21.725
1456.1	-0.38833	-0.39048	-0.4461	-0.46022	-0.55744	-0.67709	-1.5285	-2.63	-2.9257	-3.4788	-3.9957	-4.8311	-7.9081	-11.6	-10.748	-8.6516	-4.5538	-0.87845	0.078826	0.91697	0.9659	0.85316	0.6782	0.5455	0.41893	0.33521	0.2489	0.13355	-0.034139	-0.11264	21.937
1463	-0.40774	-0.4342	-0.41521	-0.44108	-0.44162	-0.64755	-1.9419	-3.0355	-3.1527	-3.2808	-3.681	-4.5587	-6.6146	-9.5462	-8.7753	-7.4111	-3.8412	-0.64486	0.22336	0.95086	0.98837	0.8551	0.68686	0.55342	0.42039	0.32851	0.24015	0.12095	-0.046603	-0.13446	22.124
1463.7	-0.42504	-0.41567	-0.36424	-0.34778	-0.38079	-0.75266	-2.3504	-3.0565	-3.2653	-3.4057	-3.4935	-4.1222	-4.8084	-6.4113	-6.3367	-5.8372	-3.0092	-0.37368	0.36306	0.9602	0.98995	0.85792	0.68498	0.54896	0.40846	0.32426	0.23498	0.11371	-0.073393	-0.15013	22.288
1461.6	-0.39536	-0.39496	-0.30605	-0.33489	-0.66229	-1.5338	-2.7115	-2.9225	-2.8286	-3.5759	-3.4869	-3.8509	-3.9803	-5.5204	-5.5219	-5.2831	-2.6639	-0.21247	0.45441	1.0069	1.0017	0.85914	0.69161	0.54345	0.41149	0.32574	0.2343	0.10907	-0.076129	-0.15594	22.407
1459.3	-0.34118	-0.32262	-0.30758	-0.48861	-1.0368	-1.9265	-2.4508	-3.0352	-3.0394	-3.0351	-3.4051	-3.8297	-3.8977	-4.2546	-4.7336	-4.5805	-2.2544	-0.044064	0.53001	1.0024	0.98458	0.84315	0.6829	0.54325	0.40968	0.31495	0.22148	0.11789	-0.076248	-0.14091	22.518
1454.4	-0.30765	-0.31576	-0.44665	-0.82204	-1.7677	-2.2514	-2.5019	-2.7896	-2.6906	-2.7852	-2.7628	-2.6467	-3.0877	-3.531	-4.0013	-3.8005	-1.8649	0.10761	0.60849	1.0256	0.98274	0.83679	0.6754	0.5193	0.39387	0.30779	0.20495	0.10914	-0.079156	-0.13066	22.574
1444.5	-0.33609	-0.40165	-0.6873	-1.4269	-2.132	-2.3072	-2.2753	-2.3478	-2.0837	-2.6369	-2.476	-3.1927	-2.8817	-3.0789	-3.5604	-3.4287	-1.6512	0.19529	0.67358	1.026	0.98314	0.84032	0.6696	0.52126	0.39012	0.29744	0.21096	0.11085	-0.067977	-0.12795	22.6
1434.2	-0.42512	-0.503	-1.0063	-1.6886	-2.1732	-2.1652	-1.9532	-2.207	-2.0723	-2.4649	-2.3872	-2.2297	-2.6099	-3.0693	-3.5342	-3.2586	-1.4536	0.27853	0.72138	1.0373	0.98702	0.82705	0.65288	0.50576	0.38145	0.28494	0.19081	0.077449	-0.095829	-0.15995	22.631
1424.3	-0.57744	-0.70582	-1.3462	-1.9629	-2.1752	-2.1883	-1.9384	-1.941	-1.9548	-2.12	-2.368	-2.8475	-2.6441	-2.6819	-3.1302	-2.9002	-1.2443	0.35768	0.76706	1.0506	0.98213	0.82946	0.6442	0.50174	0.36903	0.26429	0.1807	0.051421	-0.13215	-0.21271	22.603
1413.3	-0.87093	-0.99216	-1.7227	-2.1354	-2.0846	-1.9748	-1.9719	-1.7876	-1.7591	-2.1651	-1.7496	-2.1222	-1.9739	-2.6012	-2.822	-2.6235	-1.0572	0.44411	0.80419	1.0577	0.97368	0.80572	0.62632	0.46229	0.32029	0.22552	0.12244	-0.022548	-0.25896	-0.36472	22.634
1398.6	-1.1399	-1.2258	-1.8399	-2.1728	-2.1016	-1.8546	-1.9663	-1.5741	-1.2613	-1.8941	-2.1626	-1.9741	-2.3164	-2.2825	-2.7927	-2.4171	-0.88754	0.51978	0.86507	1.0574	0.95078	0.77969	0.57692	0.41456	0.27353	0.1518	0.053372	-0.132	-0.41629	-0.55395	22.585
1380.8	-1.388	-1.3108	-1.9019	-2.0984	-1.9598	-1.7876	-1.5947	-1.3802	-1.1409	-1.4927	-1.9322	-1.7752	-2.0535	-2.2134	-2.53	-2.0437	-0.68871	0.60198	0.90226	1.0323	0.9141	0.72217	0.51731	0.34722	0.16621	0.046288	-0.079348	-0.29	-0.67857	-0.88395	22.583
1361.8	-2.3173	-2.1646	-1.7585	-1.9657	-1.8215	-1.6178	-1.3182	-1.1238	-1.0954	-1.3242	-1.8718	-1.4266	-1.9141	-1.7613	-2.3533	-1.703	-0.47159	0.68692	0.92992	0.99276	0.85379	0.63875	0.45156	0.25699	0.076093	-0.053778	-0.21301	-0.45046	-0.96491	-1.2411	22.664
1342.3	-2.7333	-2.3018	-1.5347	-1.7744	-1.8259	-1.6022	-1.2804	-0.88903	-1.0783	-1.3254	-1.1969	-1.4474	-1.5328	-1.77	-1.8776	-1.3176	-0.20678	0.7709	0.97185	0.9638	0.81642	0.58324	0.3813	0.18482	0.0047331	-0.12268	-0.28389	-0.55359	-1.1475	-1.4827	22.601
1320.4	-2.9698	-2.4119	-1.5497	-1.597	-1.5561	-1.3876	-1.1094	-1.1162	-1.1197	-1.262	-1.1138	-1.1766	-1.3734	-1.4444	-1.5964	-1.0554	-0.046011	0.82225	0.98133	0.94959	0.7857	0.55041	0.34944	0.1583	-0.018482	-0.15309	-0.31494	-0.56013	-1.1392	-1.4505	22.589
1296.8	-2.2743	-2.0297	-1.1833	-1.3765	-1.4652	-1.3477	-1.1886	-1.0697	-0.95358	-1.2602	-1.2979	-1.2532	-1.2749	-1.4241	-1.6573	-1.0254	-0.0078567	0.84799	0.98677	0.93981	0.76254	0.52813	0.33491	0.13696	-0.025437	-0.15704	-0.31155	-0.519	-1.0341	-1.2506	22.61
1275.9	-1.6134	-1.6252	-1.0783	-1.242	-1.2567	-1.335	-1.148	-1.0824	-1.2457	-1.3313	-1.2791	-1.1678	-1.3256	-1.4473	-1.6133	-1.0359	0.041851	0.87084	1.0155	0.9489	0.7613	0.53861	0.32858	0.15721	-0.009596	-0.12495	-0.25402	-0.43796	-0.84111	-1.0038	22.6
1261.7	-1.0254	-0.99199	-1.0377	-1.1111	-1.1765	-1.1959	-1.2696	-1.3752	-1.3448	-1.2697	-1.3406	-1.288	-1.1653	-1.3019	-1.6184	-0.98432	0.061755	0.89239	1.0183	0.95709	0.7717	0.54908	0.35019	0.15777	0.0090029	-0.11091	-0.21643	-0.35793	-0.65909	-0.75659	22.61
1254.1	-0.92388	-0.92866	-0.99505	-1.0769	-1.2219	-1.2489	-1.467	-1.4971	-1.3641	-1.3737	-1.2065	-1.4035	-1.4156	-1.4604	-1.74	-1.1175	0.032804	0.89121	1.032	0.9743	0.77514	0.56499	0.34869	0.18804	0.054112	-0.05003	-0.15579	-0.2936	-0.54401	-0.6391	22.53
1254.3	-0.91506	-0.93139	-1.1225	-1.1362	-1.1975	-1.3854	-1.518	-1.4541	-1.4807	-1.4698	-1.3214	-1.2766	-1.4336	-1.4783	-1.6739	-1.1173	0.020583	0.89695	1.0383	0.98241	0.78227	0.5775	0.37744	0.21427	0.074631	-0.034486	-0.11448	-0.25835	-0.49853	-0.5839	22.44
1268.1	-0.93822	-0.90132	-0.99257	-1.0603	-1.2158	-1.3957	-1.4902	-1.5005	-1.443	-1.3776	-1.1732	-1.3505	-1.4842	-1.349	-1.7599	-1.1745	0.01734	0.89242	1.0502	1.0007	0.81153	0.59308	0.37276	0.22947	0.091872	-0.018747	-0.094571	-0.23401	-0.47189	-0.57407	22.286
1296	-0.80535	-0.84108	-0.98594	-1.1525	-1.2972	-1.5201	-1.5365	-1.4735	-1.3429	-1.379	-1.3051	-1.1865	-1.5052	-1.2674	-1.7028	-1.1122	0.01401	0.88964	1.0366	0.99761	0.80633	0.60469	0.39376	0.23989	0.10755	0.0013189	-0.079973	-0.21869	-0.42549	-0.50436	22.146
1333.4	-0.81128	-0.84246	-1.0083	-1.2302	-1.3837	-1.483	-1.5599	-1.3959	-1.2808	-1.2074	-1.0329	-1.1115	-1.5316	-1.2148	-1.6365	-0.9433	0.024533	0.87698	1.0207	0.96482	0.78655	0.57942	0.39118	0.24465	0.099169	-0.0071485	-0.096592	-0.2157	-0.41874	-0.50357	22.022
1377.3	-0.75784	-0.84248	-1.093	-1.2949	-1.4648	-1.4787	-1.4322	-1.282	-1.1992	-1.0754	-1.0062	-1.0588	-1.3167	-1.0005	-1.6024	-0.87273	0.083827	0.8753	1.001	0.93007	0.76593	0.55237	0.3678	0.21906	0.07576	-0.012907	-0.10534	-0.22156	-0.42442	-0.50751	21.738
1428.6	-0.7741	-0.89992	-1.162	-1.3211	-1.3791	-1.3595	-1.2642	-1.1694	-1.0738	-1.0311	-0.91655	-1.1153	-1.1946	-1.0651	-1.4928	-0.72966	0.10441	0.84845	0.96194	0.8866	0.71715	0.51592	0.33615	0.18814	0.067031	-0.028182	-0.11709	-0.24793	-0.44149	-0.51112	21.526
1484.7	-0.84266	-0.95178	-1.1527	-1.3234	-1.2957	-1.2076	-1.1455	-1.0396	-0.95945	-0.94336	-0.70463	-0.90732	-1.2163	-0.95357	-1.3476	-0.69673	0.15878	0.83078	0.93549	0.84344	0.67779	0.47673	0.30367	0.16039	0.027884	-0.062453	-0.15602	-0.27397	-0.46939	-0.54086	21.265
1536.3	-0.8179	-0.90332	-1.1818	-1.1776	-1.168	-1.0708	-0.99152	-0.9304	-0.88245	-0.86974	-0.79704	-0.90787	-0.91234	-0.8871	-1.2647	-0.47593	0.23373	0.84242	0.92651	0.81512	0.64218	0.44631	0.27388	0.12608	0.0087906	-0.07987	-0.18063	-0.28985	-0.50522	-0.60685	20.954
1577.6	-0.95249	-0.83558	-1.1421	-1.1596	-1.0105	-0.95795	-0.8581	-0.83026	-0.79742	-0.73973	-0.84073	-0.8438	-0.96577	-0.8926	-1.0434	-0.41287	0.28006	0.82971	0.89247	0.77959	0.59021	0.39953	0.23855	0.093637	-0.022269	-0.11198	-0.19935	-0.31468	-0.53588	-0.65406	20.595
1607.3	-0.84067	-0.803	-0.92797	-1.0595	-0.90664	-0.84015	-0.76236	-0.79632	-0.76933	-0.70099	-0.65614	-0.7343	-0.88622	-0.82436	-0.88556	-0.27119	0.34018	0.81845	0.85954	0.72645	0.53819	0.35623	0.19152	0.059018	-0.050783	-0.13835	-0.21591	-0.33153	-0.51783	-0.58973	20.229
1626.6	-0.71901	-0.73649	-0.91367	-0.92195	-0.84031	-0.79789	-0.74579	-0.74355	-0.707	-0.64812	-0.70578	-0.72071	-0.78663	-0.77741	-0.84464	-0.27779	0.38937	0.80926	0.83808	0.69282	0.501	0.32235	0.15223	0.018284	-0.086238	-0.17357	-0.24292	-0.34009	-0.51737	-0.56218	19.84
1628.7	-0.75195	-0.75913	-0.79257	-0.85192	-0.78737	-0.79789	-0.7289	-0.72285	-0.66522	-0.583	-0.62148	-0.69541	-0.80905	-0.75322	-0.80812	-0.071631	0.44344	0.80622	0.82396	0.65323	0.46167	0.27776	0.11137	-0.011844	-0.10633	-0.18992	-0.26987	-0.36505	-0.52853	-0.57425	19.471
1612.7	-0.76903	-0.72488	-0.77381	-0.78521	-0.74015	-0.73861	-0.71689	-0.67443	-0.62685	-0.64871	-0.62236	-0.61856	-0.75085	-0.68098	-0.71384	-0.032755	0.48156	0.80657	0.81483	0.62457	0.4347	0.24913	0.091933	-0.022888	-0.1269	-0.20156	-0.26749	-0.36953	-0.51993	-0.57671	19.077
1584	-0.73737	-0.74715	-0.73898	-0.75238	-0.72528	-0.71053	-0.68298	-0.67649	-0.69472	-0.61978	-0.64971	-0.69496	-0.80298	-0.73626	-0.72156	0.011989	0.5222	0.81755	0.82588	0.60968	0.42147	0.23468	0.072688	-0.041197	-0.14681	-0.22035	-0.28121	-0.36472	-0.50942	-0.57214	18.727
1549.5	-0.68614	-0.69508	-0.75247	-0.74825	-0.7158	-0.6898	-0.67724	-0.6965	-0.64764	-0.71155	-0.65322	-0.73606	-0.82578	-0.75266	-0.79618	0.074074	0.56795	0.84317	0.83528	0.60935	0.424	0.22357	0.07625	-0.042115	-0.13577	-0.20204	-0.26742	-0.35295	-0.48501	-0.54413	18.352
1510.7	-0.6354	-0.66835	-0.71551	-0.70619	-0.66483	-0.65101	-0.67363	-0.68295	-0.65498	-0.71917	-0.70374	-0.66559	-0.7965	-0.83706	-0.67469	0.14992	0.61702	0.8719	0.86257	0.61919	0.41177	0.21571	0.068743	-0.051818	-0.14352	-0.20872	-0.26694	-0.34346	-0.48066	-0.51925	17.983
1468.6	-0.63035	-0.64214	-0.69324	-0.67108	-0.64189	-0.65458	-0.67281	-0.67749	-0.67022	-0.65752	-0.6256	-0.8848	-0.78817	-0.88164	-0.60978	0.28465	0.6634	0.90136	0.8818	0.62988	0.42616	0.22782	0.064561	-0.048609	-0.13691	-0.19123	-0.26603	-0.34472	-0.45514	-0.49872	17.634
1430.5	-0.62653	-0.63495	-0.68173	-0.66528	-0.65841	-0.68063	-0.68973	-0.70251	-0.68395	-0.67505	-0.6779	-0.75845	-0.69721	-0.92628	-0.62603	0.22527	0.69661	0.92768	0.89556	0.62993	0.42053	0.21952	0.068388	-0.045619	-0.14206	-0.20052	-0.2633	-0.32403	-0.45059	-0.49643	17.283
1402.7	-0.59687	-0.60931	-0.6488	-0.67416	-0.68169	-0.69294	-0.71162	-0.70386	-0.65372	-0.64247	-0.68527	-0.7678	-0.79802	-0.98775	-0.54436	0.25819	0.73007	0.95366	0.92323	0.64297	0.41857	0.21259	0.062228	-0.057993	-0.14896	-0.21464	-0.27168	-0.34343	-0.45184	-0.48295	16.952
1384.4	-0.58906	-0.63098	-0.63138	-0.6782	-0.67851	-0.70449	-0.67884	-0.66448	-0.68482	-0.68589	-0.53486	-0.74354	-0.88021	-0.94076	-0.6171	0.31925	0.75579	0.94968	0.90949	0.62555	0.40985	0.20569	0.044021	-0.082003	-0.16333	-0.22668	-0.2726	-0.34595	-0.44837	-0.47056	16.567
1375.7	-0.59728	-0.59652	-0.62811	-0.67316	-0.68891	-0.69162	-0.62701	-0.67701	-0.73322	-0.53211	-0.55057	-0.66737	-0.8303	-1.161	-0.53705	0.31546	0.76611	0.95983	0.90348	0.62252	0.39201	0.18572	0.027337	-0.087531	-0.15968	-0.23083	-0.27324	-0.34049	-0.4456	-0.46812	16.216
1377.1	-0.56963	-0.5791	-0.64697	-0.68179	-0.65019	-0.62298	-0.66306	-0.70416	-0.58852	-0.61348	-0.58703	-0.76478	-0.95134	-1.2477	-0.57245	0.24561	0.78872	0.95769	0.90685	0.61611	0.38059	0.18152	0.031682	-0.088001	-0.1616	-0.22843	-0.2719	-0.33201	-0.42616	-0.4423	15.847
1386.3	-0.54174	-0.5512	-0.61722	-0.65551	-0.6044	-0.63303	-0.62897	-0.58671	-0.57658	-0.67328	-0.6566	-0.77113	-1.0165	-1.1794	-0.49723	0.27274	0.80058	0.95543	0.89179	0.60681	0.36764	0.18487	0.028757	-0.080781	-0.15897	-0.21987	-0.25353	-0.32221	-0.41165	-0.43666	15.483
1398.6	-0.51699	-0.53807	-0.60796	-0.60885	-0.60754	-0.60634	-0.53268	-0.56184	-0.62441	-0.58098	-0.70548	-0.71323	-1.1275	-1.1528	-0.6108	0.35023	0.80011	0.95232	0.89916	0.59121	0.36495	0.17137	0.015048	-0.087192	-0.16524	-0.22598	-0.23914	-0.30485	-0.39208	-0.42327	15.073
1411.7	-0.51384	-0.54384	-0.61588	-0.59679	-0.53666	-0.51872	-0.4981	-0.59298	-0.55991	-0.59841	-0.82523	-0.93167	-1.1279	-1.2813	-0.65186	0.40351	0.79214	0.92719	0.86639	0.54841	0.32229	0.13505	-0.012285	-0.11297	-0.16827	-0.226	-0.26102	-0.3174	-0.37644	-0.41197	14.658
1423.2	-0.50098	-0.53387	-0.57486	-0.50896	-0.45457	-0.44534	-0.46876	-0.57367	-0.54346	-0.59359	-0.69927	-0.96326	-1.2957	-1.4463	-0.59447	0.27691	0.77285	0.90013	0.83674	0.52829	0.29996	0.10674	-0.026466	-0.11906	-0.18098	-0.24156	-0.27296	-0.31436	-0.37936	-0.41178	14.32
1430.3	-0.50881	-0.513	-0.57094	-0.47486	-0.41392	-0.43969	-0.49165	-0.50335	-0.48646	-0.53998	-0.74331	-1.1029	-1.4599	-1.5977	-0.7703	0.37597	0.77599	0.89682	0.82184	0.49499	0.29795	0.091288	-0.046861	-0.12704	-0.20059	-0.2367	-0.28247	-0.32897	-0.39901	-0.43468	13.923
1432.4	-0.48256	-0.4925	-0.47915	-0.42947	-0.42921	-0.42298	-0.46523	-0.43466	-0.45989	-0.64599	-0.67104	-1.2066	-1.5695	-1.7061	-0.67699	0.38096	0.77534	0.87597	0.7914	0.46304	0.25455	0.062995	-0.061503	-0.15092	-0.20828	-0.24314	-0.28566	-0.32749	-0.39142	-0.41742	13.543
1431.8	-0.45511	-0.4396	-0.40285	-0.406	-0.3934	-0.41686	-0.45837	-0.39365	-0.44666	-0.71941	-0.77808	-1.4457	-1.5808	-1.8072	-0.72912	0.36441	0.76337	0.87693	0.78047	0.44931	0.23504	0.047008	-0.074147	-0.15847	-0.21536	-0.25319	-0.28785	-0.30757	-0.36579	-0.39425	13.099
1430.5	-0.38607	-0.35698	-0.40858	-0.37534	-0.34534	-0.33749	-0.37461	-0.34849	-0.44708	-0.60747	-0.99251	-1.5303	-1.7209	-1.8723	-0.68945	0.3759	0.78016	0.86743	0.7689	0.44137	0.21774	0.034339	-0.079478	-0.16184	-0.22107	-0.2592	-0.28915	-0.30786	-0.34354	-0.35463	12.72
1429.9	-0.32756	-0.31811	-0.40498	-0.35968	-0.32537	-0.29054	-0.27437	-0.32183	-0.4519	-0.78231	-1.2185	-1.5753	-1.8069	-1.9418	-0.71279	0.27001	0.78259	0.8643	0.75379	0.43148	0.20508	0.031585	-0.085299	-0.16297	-0.19814	-0.24514	-0.26391	-0.27171	-0.29093	-0.29553	12.349
1430.3	-0.35301	-0.34994	-0.31866	-0.28592	-0.24613	-0.21816	-0.31566	-0.32873	-0.44922	-0.91731	-1.3429	-1.5972	-1.9345	-1.9678	-0.73569	0.35364	0.7851	0.85607	0.74696	0.41911	0.1907	0.023839	-0.098437	-0.16615	-0.20109	-0.24194	-0.24937	-0.2643	-0.30001	-0.2939	11.915
1434.8	-0.31346	-0.31955	-0.27119	-0.14756	-0.15171	-0.19516	-0.18547	-0.38054	-0.53801	-1.0267	-1.4215	-1.6585	-1.923	-1.9668	-0.80807	0.33583	0.78206	0.8665	0.7548	0.41722	0.1848	0.018803	-0.08973	-0.17309	-0.19148	-0.24169	-0.24496	-0.24588	-0.27706	-0.28157	11.528
1445.2	-0.29992	-0.23557	-0.16799	-0.12619	-0.10677	-0.15797	-0.20809	-0.37886	-0.61093	-1.0973	-1.4818	-1.6961	-2.0095	-1.9474	-0.76802	0.3831	0.80612	0.86993	0.75699	0.41035	0.1945	0.027969	-0.095334	-0.157	-0.19258	-0.2244	-0.22221	-0.21841	-0.23993	-0.25899	11.152
1459.3	-0.19646	-0.16281	-0.092867	-0.077514	-0.10806	-0.14351	-0.23326	-0.44134	-0.66027	-1.1253	-1.4442	-1.7232	-1.9482	-1.9959	-0.74363	0.35753	0.79989	0.86432	0.75318	0.4206	0.19939	0.035283	-0.076874	-0.14289	-0.15346	-0.18114	-0.18255	-0.17165	-0.17802	-0.17705	10.857
1473	-0.086574	-0.057063	-0.041554	-0.073727	-0.13975	-0.17728	-0.25214	-0.48612	-0.70134	-1.2023	-1.4999	-1.7395	-1.987	-1.8131	-0.7815	0.34337	0.8091	0.85517	0.76062	0.41398	0.20269	0.049986	-0.066451	-0.11347	-0.14135	-0.16521	-0.15775	-0.14626	-0.11785	-0.11438	10.469
1486.1	-0.035654	-0.03658	-0.073666	-0.13183	-0.16751	-0.19671	-0.3203	-0.54371	-0.74695	-1.1701	-1.5039	-1.7723	-2.0517	-1.9396	-0.75798	0.41016	0.80611	0.85814	0.75886	0.42161	0.22339	0.065508	-0.034463	-0.081027	-0.1122	-0.12593	-0.11604	-0.10584	-0.065554	-0.060874	10.163
1498.9	0.021634	-0.0067929	-0.064861	-0.11414	-0.14298	-0.18846	-0.34933	-0.56924	-0.75737	-1.1924	-1.5251	-1.7361	-2.0088	-1.9886	-0.75153	0.39069	0.80283	0.85358	0.75338	0.42335	0.22402	0.064424	-0.023121	-0.074205	-0.094063	-0.097862	-0.087906	-0.07549	-0.030085	-0.028136	9.8682
1509.6	-0.019153	-0.023536	-0.041055	-0.11133	-0.14867	-0.20397	-0.38745	-0.587	-0.77353	-1.2959	-1.5198	-1.7447	-1.9894	-1.9444	-0.77348	0.31391	0.8042	0.86379	0.76064	0.42667	0.22896	0.087009	-0.007	-0.056928	-0.075389	-0.081278	-0.075027	-0.043389	0.0073404	0.0040556	9.5435
1514	0.014237	0.014802	-0.070286	-0.068749	-0.13206	-0.21152	-0.40158	-0.60201	-0.77131	-1.3135	-1.5098	-1.8079	-1.9283	-1.8739	-0.71133	0.4395	0.81201	0.87161	0.76669	0.43283	0.23733	0.078926	0.002963	-0.038548	-0.049661	-0.066688	-0.067481	-0.036322	0.0042704	0.0069887	9.2459
1512.2	0.02555	0.0047608	-0.029839	-0.06634	-0.16406	-0.27799	-0.43161	-0.62804	-0.79813	-1.2777	-1.506	-1.8888	-2.0364	-1.9661	-0.73399	0.38196	0.81245	0.85743	0.76079	0.44072	0.24062	0.089474	-0.0010144	-0.040113	-0.057759	-0.067757	-0.060222	-0.029414	0.0078374	0.018788	8.9725
1505.4	0.026182	0.020179	-0.01369	-0.066143	-0.17828	-0.29179	-0.45178	-0.63446	-0.81896	-1.3263	-1.5241	-1.8921	-1.9646	-1.985	-0.70445	0.44201	0.80545	0.87659	0.76278	0.43212	0.23818	0.078851	-0.0085199	-0.044875	-0.062297	-0.06458	-0.056563	-0.025823	0.0042948	0.023316	8.7337
1493	0.043563	0.025198	-0.020474	-0.12619	-0.21316	-0.31566	-0.46762	-0.65308	-0.84015	-1.2187	-1.6449	-1.9132	-2.0525	-2.0269	-0.6827	0.38691	0.81267	0.8773	0.76423	0.44641	0.22897	0.082155	-0.0085909	-0.057564	-0.053714	-0.07315	-0.069424	-0.031202	0.0079386	0.025004	8.4602
1474.9	0.047254	0.035818	-0.043061	-0.13539	-0.24498	-0.34568	-0.48948	-0.69172	-0.88053	-1.3483	-1.688	-1.8935	-2.1448	-2.0107	-0.75256	0.4241	0.81534	0.86911	0.76065	0.43618	0.22508	0.077799	-0.013289	-0.0484	-0.057766	-0.082175	-0.057732	-0.034434	0.010644	0.023294	8.2561
1453	0.066671	0.044831	-0.056364	-0.15763	-0.25682	-0.37236	-0.52366	-0.72429	-0.90245	-1.3631	-1.6842	-1.8947	-2.1142	-1.9942	-0.73552	0.43597	0.83185	0.87826	0.76555	0.43891	0.22639	0.082783	-0.0057185	-0.059147	-0.044362	-0.057624	-0.040274	-0.01711	0.026163	0.056883	8.0338
1430	0.059054	0.047578	-0.063697	-0.17911	-0.26685	-0.38351	-0.53157	-0.73325	-0.91643	-1.368	-1.7232	-1.9529	-2.2388	-2.0262	-0.7877	0.37044	0.84682	0.88088	0.77836	0.42754	0.22471	0.076924	-0.0073896	-0.047776	-0.053576	-0.073749	-0.050233	-0.012974	0.035193	0.046886	7.8282
1406.8	0.070513	0.04167	-0.07455	-0.18367	-0.29467	-0.41258	-0.55469	-0.76113	-0.9389	-1.4192	-1.7516	-1.9795	-2.1781	-2.0757	-0.77724	0.48432	0.86024	0.90241	0.79171	0.4431	0.22464	0.070886	-0.0096525	-0.045841	-0.051918	-0.059515	-0.051061	-0.028131	0.035774	0.055581	7.6618
1385	0.069945	0.045988	-0.10062	-0.19255	-0.30726	-0.42266	-0.56032	-0.77149	-0.95587	-1.3951	-1.7608	-1.9649	-2.229	-1.9884	-0.78951	0.49196	0.8705	0.90658	0.80422	0.44779	0.23586	0.086278	-0.014696	-0.049883	-0.04809	-0.05775	-0.040649	0.00026399	0.05523	0.065042	7.4652
1366.5	0.074299	0.034949	-0.085159	-0.20672	-0.32687	-0.44158	-0.58583	-0.78583	-0.97906	-1.4965	-1.7598	-2.1193	-2.3205	-2.148	-0.72775	0.47526	0.87161	0.92183	0.81883	0.45092	0.24571	0.081657	-0.018199	-0.048876	-0.047169	-0.052497	-0.041739	0.0069328	0.04978	0.069725	7.3547
1354.8	0.072073	0.028301	-0.097768	-0.20572	-0.33467	-0.43387	-0.60685	-0.79769	-0.98204	-1.4975	-1.637	-2.1141	-2.2955	-2.1721	-0.78273	0.49703	0.88308	0.92735	0.81615	0.45481	0.24279	0.075941	-0.025023	-0.062868	-0.047047	-0.050736	-0.048652	0.004924	0.05873	0.077456	7.1792
1352.3	0.059576	0.032638	-0.12854	-0.23505	-0.35029	-0.45531	-0.60478	-0.81333	-0.98331	-1.5479	-1.7845	-2.0651	-2.2716	-2.1818	-0.81468	0.43303	0.89038	0.91814	0.81006	0.45742	0.23987	0.080759	-0.0067016	-0.048821	-0.04925	-0.054155	-0.049289	-0.01372	0.037784	0.065512	7.0657
1356.1	0.063992	0.028275	-0.099938	-0.24494	-0.34309	-0.45587	-0.6164	-0.83311	-1.0079	-1.5436	-1.8109	-2.1063	-2.254	-2.2315	-0.782	0.4083	0.88904	0.93134	0.8062	0.4538	0.24256	0.087532	-0.0089032	-0.05151	-0.04595	-0.045716	-0.03115	0.0038866	0.045057	0.07081	7.0037
1364.5	0.064733	0.020669	-0.12571	-0.24949	-0.33539	-0.44402	-0.61522	-0.81223	-0.9897	-1.4691	-1.7685	-2.0641	-2.1898	-2.1955	-0.71672	0.54027	0.88073	0.92437	0.79099	0.43812	0.22826	0.082353	-0.0011242	-0.046138	-0.0399	-0.059164	-0.043426	0.0054032	0.038575	0.063838	6.9189
1378.8	0.053926	0.017829	-0.1433	-0.24145	-0.3405	-0.43883	-0.5963	-0.83216	-0.99608	-1.4481	-1.7071	-2.0139	-2.3054	-2.1508	-0.78107	0.4305	0.88216	0.89574	0.78865	0.44111	0.23251	0.0815	-0.013669	-0.041214	-0.049861	-0.058007	-0.031173	-0.019046	0.043197	0.054554	6.8508
1398.4	0.05928	0.014472	-0.12102	-0.24022	-0.34298	-0.4679	-0.61734	-0.80462	-0.99059	-1.399	-1.7864	-1.9346	-2.2622	-2.1099	-0.69346	0.48724	0.87857	0.90726	0.78915	0.45319	0.245	0.098455	-0.0016359	-0.047213	-0.020008	-0.035221	-0.018568	0.006273	0.045895	0.072918	6.8085
1418.9	0.058969	0.017835	-0.12413	-0.24365	-0.33504	-0.45478	-0.60893	-0.81081	-0.98827	-1.5434	-1.8025	-1.9235	-2.1488	-2.0368	-0.74738	0.5027	0.84752	0.89415	0.7674	0.43652	0.23343	0.10706	0.014303	-0.021155	-0.018711	-0.040523	-0.01465	0.0012457	0.05174	0.061916	6.7827
1437.2	0.069564	0.01912	-0.11562	-0.23269	-0.35429	-0.44841	-0.6062	-0.79942	-0.97054	-1.4173	-1.7736	-2.004	-2.286	-2.0371	-0.73786	0.32973	0.84099	0.87934	0.77754	0.44762	0.24472	0.093045	0.016739	-0.03581	-0.026933	-0.040528	-0.016008	0.017806	0.055899	0.079737	6.8024
1453.5	0.059167	0.01741	-0.12065	-0.23733	-0.34102	-0.42418	-0.60187	-0.80362	-0.96423	-1.4457	-1.7654	-1.9432	-2.2604	-2.0715	-0.75796	0.46327	0.83472	0.89658	0.7895	0.45028	0.25295	0.10995	0.020694	-0.012744	-0.023678	-0.036464	-0.0066671	0.011339	0.060037	0.071687	6.7994
1468.1	0.066515	0.017237	-0.13406	-0.23139	-0.34742	-0.43172	-0.61065	-0.81184	-0.96476	-1.4259	-1.7075	-2.0376	-2.2743	-2.1488	-0.79539	0.42063	0.81028	0.86925	0.76869	0.44691	0.25303	0.10886	0.013823	-0.012096	-0.028803	-0.036614	-0.019704	0.0078853	0.055249	0.071482	6.813
1479.3	0.075983	0.024452	-0.12165	-0.2337	-0.34765	-0.44399	-0.58847	-0.77047	-0.96545	-1.5022	-1.7232	-2.0007	-2.2416	-2.153	-0.93991	0.3689	0.80103	0.86766	0.77378	0.45216	0.25111	0.10911	0.019825	-0.014075	-0.014563	-0.015057	-0.0050506	0.024405	0.065754	0.079982	6.8206
1487.9	0.06302	0.020903	-0.12919	-0.22932	-0.33825	-0.43259	-0.59283	-0.80927	-0.97279	-1.4773	-1.7418	-1.9998	-2.1979	-2.2015	-0.81807	0.39358	0.80412	0.87643	0.77078	0.45437	0.25374	0.12761	0.0445	-0.00060699	-0.0058258	-0.011947	-0.0045244	0.025676	0.056581	0.072029	6.7979
1492.7	0.055016	0.017924	-0.14109	-0.25027	-0.35812	-0.45486	-0.61461	-0.80463	-0.97216	-1.4834	-1.6907	-2.0839	-2.2318	-2.1742	-0.91491	0.37628	0.77589	0.86593	0.77667	0.46361	0.27328	0.12614	0.039819	0.0035007	-0.0072449	-0.0083943	-0.012936	0.021839	0.066712	0.068811	6.8206
1496.6	0.039826	-0.013095	-0.1397	-0.24005	-0.35492	-0.4405	-0.59853	-0.80405	-0.98196	-1.4794	-1.6749	-2.0943	-2.2412	-2.2443	-0.90698	0.38595	0.77231	0.87298	0.77022	0.46399	0.26597	0.11894	0.039211	0.0050273	-0.0043581	-0.0013623	0.0048946	0.032082	0.0362	0.052744	6.8221
1501.9	0.046407	0.010099	-0.12849	-0.25374	-0.36098	-0.4619	-0.61707	-0.81856	-1.0046	-1.426	-1.7538	-2.0076	-2.2536	-2.2817	-0.91478	0.31021	0.75429	0.86881	0.77581	0.46129	0.26503	0.12484	0.044587	-0.0046819	0.0028005	-0.0043518	0.0029062	0.03057	0.051956	0.0674	6.9174
1506.6	0.027707	-0.0019506	-0.13877	-0.27193	-0.36096	-0.47733	-0.64097	-0.82767	-1.0358	-1.4268	-1.8666	-2.0804	-2.3022	-2.3648	-0.93925	0.25096	0.73512	0.8726	0.77481	0.47413	0.28586	0.13809	0.061932	0.019232	0.02463	0.00014018	0.010263	0.026287	0.045151	0.053379	7.1293
1509.8	0.04565	-0.0081832	-0.14254	-0.26588	-0.37589	-0.49538	-0.62962	-0.84017	-1.0293	-1.5146	-1.9134	-2.155	-2.5298	-2.425	-1.0957	0.20817	0.71382	0.8583	0.78877	0.48426	0.30137	0.15718	0.065793	0.022237	0.01463	-0.0087963	0.0004414	0.01695	0.052704	0.066556	7.2791
1512	0.035825	-0.0076922	-0.14081	-0.2834	-0.38203	-0.48594	-0.66588	-0.87893	-1.058	-1.507	-1.8881	-2.157	-2.4503	-2.5464	-1.1377	0.12869	0.70413	0.87763	0.79971	0.50253	0.31046	0.16375	0.06868	0.024736	0.020758	-0.0013484	0.021479	0.022023	0.044991	0.061543	7.4697
1513.7	0.020909	-0.025866	-0.17203	-0.29254	-0.40283	-0.49029	-0.66658	-0.87595	-1.0857	-1.6064	-1.9309	-2.2858	-2.619	-2.6584	-1.3217	0.081085	0.66439	0.8642	0.80755	0.50831	0.31764	0.17245	0.078552	0.039893	0.023098	0.007566	0.011192	0.014129	0.039349	0.045277	7.6739
1510.9	0.029684	-0.0024251	-0.16373	-0.29458	-0.4142	-0.51076	-0.68213	-0.88314	-1.0936	-1.6734	-2.0581	-2.3584	-2.745	-2.7784	-1.4006	-0.0032682	0.63621	0.87178	0.83041	0.54147	0.34839	0.20312	0.099123	0.052643	0.029768	0.011052	0.018069	0.027605	0.050117	0.052737	7.8735
1504.9	0.038573	-0.0062838	-0.14657	-0.28375	-0.39901	-0.51225	-0.71361	-0.91162	-1.127	-1.7496	-2.0381	-2.5051	-2.8522	-2.9553	-1.5761	-0.10935	0.59548	0.87744	0.84396	0.55529	0.35785	0.21076	0.11202	0.052853	0.022282	0.022052	0.0078166	0.034699	0.048272	0.052948	8.0989
1496.9	0.021143	-0.021317	-0.15605	-0.30588	-0.41524	-0.54404	-0.71453	-0.94974	-1.1607	-1.7751	-2.083	-2.6352	-2.9337	-3.1277	-1.7002	-0.12059	0.56334	0.87389	0.84748	0.56625	0.37295	0.22139	0.11463	0.069513	0.047725	0.030181	0.017743	0.027863	0.043389	0.033376	8.3453
1487.4	0.018669	-0.017072	-0.18126	-0.31847	-0.44915	-0.54974	-0.72929	-0.97335	-1.1905	-1.819	-2.1249	-2.6895	-3.1679	-3.3053	-1.8941	-0.22868	0.52986	0.89164	0.87363	0.58974	0.39627	0.23557	0.12195	0.074594	0.042742	0.024831	0.033276	0.035108	0.042115	0.046577	8.5871
1477.8	0.029297	-0.016692	-0.17154	-0.31187	-0.43261	-0.56107	-0.78036	-0.98741	-1.2287	-1.858	-2.2765	-2.8788	-3.2812	-3.6029	-1.9956	-0.29495	0.46278	0.89073	0.87976	0.61244	0.40859	0.24405	0.14005	0.081816	0.067217	0.04122	0.038497	0.040551	0.052802	0.053414	8.8773
