13791	6	3	91	22.9	748	1	15	8	2.912	128	4096	10	0	0	0	0	372.72	959.19	1.4533e+006	0.11723	0.12445	40.432	0	0	1	0	0	0	11	0	0
853.9	0.03299	-0.012298	-0.18629	-0.32066	-0.47116	-0.58047	-0.78759	-1.0265	-1.2776	-1.7666	-2.21	-2.7104	-3.2008	-3.4687	-1.9762	-0.19681	0.4409	0.94063	0.93476	0.66227	0.46494	0.30999	0.18979	0.13015	0.093245	0.067617	0.087159	0.071164	0.068006	0.069766	9.5027
849.63	0.020362	-0.0055392	-0.18903	-0.34619	-0.4437	-0.61817	-0.8272	-1.0641	-1.3363	-1.8608	-2.2411	-3.0326	-3.4682	-3.8777	-2.19	-0.26357	0.37098	0.93086	0.93773	0.69379	0.4923	0.32178	0.19163	0.13802	0.097923	0.088246	0.071053	0.065749	0.068348	0.067495	9.847
846.64	0.026854	-0.034646	-0.18427	-0.34742	-0.45025	-0.60776	-0.81564	-1.0959	-1.3629	-1.7628	-2.3694	-3.2403	-3.7237	-4.3022	-2.4315	-0.59439	0.27004	0.9138	0.94798	0.72169	0.51377	0.34347	0.22521	0.16565	0.13375	0.10007	0.084411	0.077568	0.074042	0.0651	10.196
846.53	0.028692	-0.0089832	-0.17886	-0.34568	-0.49223	-0.60977	-0.81319	-1.1096	-1.4059	-1.8296	-2.47	-3.2032	-3.8864	-4.4635	-2.7046	-0.81129	0.19767	0.90907	0.93683	0.71989	0.53806	0.35752	0.2448	0.17653	0.14053	0.10805	0.10627	0.088339	0.086779	0.058087	10.532
846.53	0.020436	-0.0072697	-0.17796	-0.3359	-0.48325	-0.62238	-0.85835	-1.1295	-1.4303	-1.801	-2.5904	-3.2032	-4.1477	-4.6243	-2.9677	-0.85842	0.099027	0.90422	0.9507	0.76891	0.57215	0.40236	0.25902	0.2073	0.15489	0.1231	0.12462	0.099926	0.071324	0.097584	10.916
847.17	0.019505	-0.011541	-0.1724	-0.34276	-0.47191	-0.64128	-0.83556	-1.1431	-1.4537	-2.0374	-2.5984	-3.3227	-4.3426	-4.951	-3.2575	-1.1686	0.013042	0.87543	0.94392	0.78529	0.60219	0.43846	0.30503	0.23608	0.18432	0.16547	0.13588	0.10481	0.084898	0.065937	11.259
849.52	0.032247	-0.016624	-0.17823	-0.34092	-0.48652	-0.6511	-0.86721	-1.158	-1.4906	-2.0033	-2.6812	-3.3135	-4.4473	-5.1508	-3.365	-1.3157	-0.094311	0.84595	0.94735	0.81787	0.62555	0.45306	0.30773	0.23543	0.18802	0.15354	0.11983	0.084727	0.081943	0.074499	11.605
853.8	0.011168	-0.030963	-0.1926	-0.35156	-0.51081	-0.66996	-0.88821	-1.1881	-1.5637	-2.1253	-2.9462	-3.4457	-4.7734	-5.4615	-3.6669	-1.5895	-0.22754	0.81576	0.92628	0.82686	0.63754	0.46839	0.33881	0.24412	0.20551	0.15979	0.13223	0.12123	0.088743	0.056721	12.034
858.71	0.0092966	-0.038376	-0.18257	-0.38724	-0.50887	-0.66039	-0.91504	-1.2143	-1.5712	-2.1226	-2.9393	-3.6665	-4.906	-5.8529	-4.0109	-1.6734	-0.37612	0.77764	0.92696	0.84165	0.66307	0.47768	0.33249	0.24897	0.20517	0.16499	0.13836	0.11075	0.080171	0.056398	12.41
863.62	-0.00064589	-0.028931	-0.19307	-0.34407	-0.52945	-0.65853	-0.89564	-1.2278	-1.5537	-2.1944	-3.0897	-3.6365	-5.0812	-6.1785	-4.1791	-2.0981	-0.51857	0.73805	0.90215	0.84517	0.67688	0.50609	0.36023	0.28215	0.20566	0.18748	0.15813	0.11904	0.10466	0.068122	12.776
867.04	0.019953	-0.032995	-0.16138	-0.33924	-0.50788	-0.67865	-0.91124	-1.2442	-1.6269	-2.13	-3.244	-3.7962	-5.4834	-6.5727	-4.5812	-2.2187	-0.66232	0.71052	0.89183	0.8713	0.71275	0.52051	0.39093	0.29694	0.22877	0.2023	0.1686	0.13959	0.089163	0.067854	13.138
869.93	-0.0095688	-0.048705	-0.17053	-0.36234	-0.50231	-0.69811	-0.9306	-1.2612	-1.6419	-2.3544	-3.3797	-4.0393	-5.6231	-6.8377	-4.9073	-2.5967	-0.81512	0.66005	0.86273	0.8629	0.7165	0.53878	0.40694	0.31445	0.2461	0.19818	0.16124	0.13912	0.077367	0.046277	13.586
871.63	-0.005095	-0.046945	-0.17811	-0.35991	-0.51877	-0.70521	-0.95112	-1.2561	-1.6769	-2.3868	-3.2561	-4.0587	-5.8833	-7.1192	-5.049	-2.7472	-0.93306	0.61543	0.85684	0.89326	0.7299	0.56494	0.40614	0.31647	0.253	0.21671	0.1779	0.14367	0.077216	0.070054	14.004
873.02	-0.0041963	-0.043554	-0.16203	-0.34813	-0.49859	-0.68717	-0.96118	-1.2909	-1.7056	-2.3184	-3.4941	-4.1888	-6.1535	-7.463	-5.5701	-3.0079	-1.1062	0.55992	0.84707	0.90921	0.75832	0.57854	0.42964	0.3458	0.27472	0.24126	0.18948	0.15308	0.10001	0.065686	14.422
874.2	-0.021955	-0.037696	-0.17846	-0.36057	-0.50275	-0.68719	-0.96236	-1.3085	-1.793	-2.5365	-3.538	-4.383	-6.5291	-7.9545	-6.006	-3.4056	-1.3054	0.48123	0.80566	0.90707	0.78249	0.6058	0.43509	0.35936	0.28172	0.23237	0.21377	0.14165	0.099878	0.063899	14.857
873.98	-0.027291	-0.032733	-0.17851	-0.3598	-0.52898	-0.73619	-0.98488	-1.364	-1.801	-2.4541	-3.6263	-4.5841	-6.7664	-8.1987	-6.1773	-3.7534	-1.4661	0.43251	0.78823	0.91734	0.80614	0.62495	0.47137	0.37347	0.29979	0.24786	0.22398	0.16894	0.085813	0.065614	15.286
872.06	-0.049612	-0.048584	-0.19735	-0.35973	-0.51658	-0.72087	-1.0243	-1.3767	-1.8271	-2.6535	-3.8972	-4.6853	-7.2361	-8.7456	-6.522	-4.1185	-1.7048	0.36193	0.73614	0.934	0.81401	0.64446	0.50521	0.39187	0.30947	0.26817	0.22193	0.16932	0.095709	0.052126	15.725
871.1	-0.023817	-0.06693	-0.17294	-0.3584	-0.54722	-0.71224	-1.0155	-1.4081	-1.8877	-2.6842	-3.8917	-4.9275	-7.8394	-9.2326	-7.173	-4.4804	-1.9459	0.25491	0.70326	0.93869	0.83147	0.66151	0.51787	0.4011	0.33198	0.26674	0.22982	0.16307	0.08698	0.066683	16.129
870.99	-0.044322	-0.081904	-0.18879	-0.36536	-0.57348	-0.72175	-1.028	-1.4523	-1.9686	-2.629	-4.1067	-5.0923	-8.0593	-9.7198	-7.5242	-4.8016	-2.1722	0.18709	0.65703	0.9324	0.83855	0.68519	0.53089	0.42225	0.3271	0.27452	0.24343	0.17918	0.085223	0.042806	16.512
869.28	-0.049769	-0.079567	-0.18828	-0.3375	-0.54642	-0.73639	-1.064	-1.5018	-1.9835	-2.7732	-4.3297	-5.2485	-8.5139	-10.13	-7.8426	-5.2701	-2.3986	0.10814	0.60348	0.948	0.87164	0.69746	0.54666	0.43366	0.34584	0.288	0.23285	0.1755	0.088047	0.037763	16.986
865.55	-0.10291	-0.10669	-0.19706	-0.36939	-0.56928	-0.74052	-1.082	-1.503	-2.0212	-2.8317	-4.2993	-5.5098	-8.9208	-10.689	-8.6674	-5.6801	-2.6337	0.0014433	0.57134	0.94287	0.87629	0.71874	0.56902	0.45678	0.36056	0.2979	0.25437	0.17788	0.080426	0.044793	17.403
862.56	-0.074463	-0.097821	-0.19952	-0.36282	-0.56636	-0.77164	-1.084	-1.5597	-2.1551	-2.8788	-4.5702	-5.7315	-9.3319	-11.279	-9.099	-6.1253	-2.9155	-0.10228	0.51549	0.93504	0.88196	0.72856	0.56837	0.44681	0.36844	0.30501	0.25268	0.18499	0.075352	0.034611	17.803
858.71	-0.10644	-0.11597	-0.21112	-0.37058	-0.54823	-0.76649	-1.1099	-1.5417	-2.0889	-2.8824	-4.5709	-5.8867	-9.578	-11.681	-9.3895	-6.4966	-3.1784	-0.17825	0.46569	0.96246	0.89476	0.75393	0.60598	0.48272	0.38592	0.33256	0.26242	0.20214	0.081067	0.038228	18.198
853.26	-0.11713	-0.12775	-0.22235	-0.38883	-0.57054	-0.76369	-1.1068	-1.6405	-2.1742	-3.0896	-4.6697	-6.1942	-10.059	-12.199	-10.107	-7.0244	-3.4708	-0.3006	0.39646	0.94335	0.92272	0.76615	0.59838	0.47862	0.39006	0.3259	0.26757	0.1788	0.080683	0.021929	18.631
848.77	-0.12416	-0.14719	-0.24157	-0.37226	-0.54668	-0.74065	-1.1288	-1.5869	-2.184	-3.03	-4.8245	-6.2925	-10.121	-12.691	-10.413	-7.5129	-3.7572	-0.40277	0.3588	0.95116	0.92849	0.7702	0.62283	0.4983	0.40055	0.33027	0.26724	0.18222	0.072951	0.022041	18.962
845.78	-0.14663	-0.15885	-0.24152	-0.38604	-0.57959	-0.78694	-1.1422	-1.6088	-2.3369	-3.1645	-5.0022	-6.3523	-10.157	-13.281	-11.025	-7.8603	-4.0105	-0.50125	0.31237	0.95453	0.94166	0.815	0.63126	0.52361	0.40112	0.3403	0.2813	0.17706	0.06138	0.018607	19.355
841.72	-0.14457	-0.16994	-0.2436	-0.40132	-0.55829	-0.78489	-1.1743	-1.6866	-2.2594	-3.2946	-5.0969	-6.8926	-10.388	-13.839	-11.539	-8.3912	-4.2811	-0.60216	0.25375	0.9544	0.95973	0.82833	0.65667	0.54525	0.4158	0.35619	0.29057	0.19707	0.074474	0.020462	19.715
838.94	-0.16634	-0.18431	-0.26998	-0.38919	-0.58431	-0.78749	-1.1601	-1.6493	-2.3269	-3.2095	-5.1543	-6.9155	-10.786	-14.345	-11.98	-8.8566	-4.5555	-0.72156	0.19513	0.96041	0.96563	0.84992	0.6732	0.53975	0.4419	0.35201	0.28272	0.18853	0.052708	0.0090156	20.059
838.83	-0.17098	-0.19211	-0.26818	-0.39911	-0.55518	-0.81793	-1.2144	-1.6988	-2.3201	-3.2003	-5.2461	-7.0394	-10.642	-14.662	-12.365	-9.0956	-4.7799	-0.80092	0.14357	0.94056	0.98205	0.84909	0.68405	0.559	0.43514	0.36546	0.29687	0.18688	0.079317	0.014332	20.388
840.76	-0.20569	-0.23216	-0.26301	-0.37044	-0.57903	-0.7975	-1.1713	-1.6895	-2.2435	-3.2601	-5.2644	-6.9856	-10.78	-14.925	-12.572	-9.6063	-4.9539	-0.89671	0.09089	0.95169	0.9798	0.86031	0.70308	0.5723	0.45456	0.38245	0.30147	0.20312	0.068153	-0.0077938	20.709
842.68	-0.21259	-0.19811	-0.27514	-0.3821	-0.62985	-0.7538	-1.2123	-1.732	-2.3253	-3.2622	-5.333	-7.0827	-10.946	-15.205	-12.994	-9.7075	-5.1226	-0.97162	0.048033	0.941	0.99198	0.87993	0.70862	0.57099	0.4654	0.38691	0.31921	0.20848	0.062519	0.0036866	20.986
845.25	-0.19817	-0.20093	-0.29968	-0.44684	-0.56896	-0.7855	-1.2103	-1.7412	-2.3165	-3.3571	-5.3067	-7.0894	-11.003	-15.418	-13.169	-9.999	-5.2901	-1.0318	0.021852	0.92964	0.98987	0.88661	0.71805	0.59011	0.45807	0.39017	0.32525	0.21116	0.073255	0.0054325	21.271
848.77	-0.22936	-0.25727	-0.32732	-0.48578	-0.57655	-0.84219	-1.2903	-1.8378	-2.2755	-3.0774	-5.2146	-6.9196	-10.813	-15.354	-13.211	-10.155	-5.3945	-1.0952	-0.019721	0.90885	0.99022	0.88199	0.71684	0.58675	0.46712	0.40356	0.32128	0.22102	0.091082	0.0089112	21.529
853.16	-0.29007	-0.31622	-0.33552	-0.42946	-0.59835	-0.84171	-1.3149	-1.9217	-2.3844	-2.9011	-5.158	-6.9864	-10.838	-15.524	-13.221	-10.271	-5.48	-1.1165	-0.035954	0.93786	0.99404	0.88859	0.73521	0.58104	0.46472	0.39095	0.29535	0.21167	0.05183	-0.013777	21.761
857	-0.29511	-0.29283	-0.3358	-0.46442	-0.59172	-0.82453	-1.3242	-2.0696	-2.5886	-2.8881	-4.8079	-6.779	-10.71	-15.286	-13.181	-10.197	-5.4884	-1.1431	-0.035793	0.93924	1.0162	0.91874	0.74421	0.60883	0.48433	0.39794	0.32596	0.20745	0.048006	-0.015449	21.992
858.82	-0.27098	-0.29896	-0.38148	-0.47046	-0.61506	-0.84764	-1.4406	-2.3497	-2.7916	-2.7788	-4.6395	-6.0802	-10.003	-14.576	-12.423	-9.9339	-5.294	-1.1101	-0.0092418	0.93632	1.0193	0.90575	0.74351	0.62003	0.4933	0.4032	0.32011	0.19967	0.042528	-0.033583	22.21
859.14	-0.30522	-0.33763	-0.36618	-0.49744	-0.65614	-0.76897	-1.6869	-2.4585	-2.9171	-3.2747	-4.0843	-5.1903	-8.8275	-13.127	-11.718	-9.5401	-5.0361	-0.99504	0.03516	0.97313	1.0322	0.91553	0.75462	0.60999	0.48396	0.39346	0.30363	0.19388	0.030867	-0.044813	22.38
858.39	-0.33986	-0.33876	-0.40666	-0.47244	-0.48839	-0.98098	-1.8421	-2.8177	-3.2067	-2.9397	-3.7218	-6.3331	-8.1332	-10.523	-10.114	-8.2097	-4.521	-0.75016	0.16764	1.0242	1.0738	0.94857	0.76668	0.64087	0.50771	0.41563	0.33147	0.20385	0.034478	-0.038795	22.513
854.65	-0.38132	-0.37414	-0.4174	-0.38027	-0.62004	-1.1505	-2.5709	-2.7834	-3.0415	-3.6783	-4.2945	-5.264	-5.6611	-7.1899	-8.1989	-6.7516	-3.7206	-0.46147	0.33402	1.0613	1.0883	0.94995	0.78061	0.62485	0.48734	0.41043	0.32167	0.1949	0.015722	-0.066784	22.673
847.7	-0.39452	-0.39173	-0.37473	-0.38516	-0.76965	-1.4146	-2.2925	-2.8234	-3.4871	-3.7845	-3.4883	-3.6392	-4.6458	-5.1084	-6.5634	-5.4042	-3.0886	-0.23673	0.45184	1.0955	1.0954	0.97079	0.76569	0.62093	0.49302	0.39346	0.29463	0.17336	-0.014107	-0.088367	22.774
839.37	-0.38179	-0.39994	-0.29904	-0.46611	-0.93434	-1.723	-2.5309	-3.5095	-3.4909	-3.4766	-2.9463	-3.7037	-3.2925	-3.5558	-5.3905	-4.3645	-2.5534	-0.030784	0.5542	1.112	1.0728	0.94181	0.75895	0.59515	0.4732	0.37058	0.272	0.15588	-0.048169	-0.10341	22.883
830.81	-0.39226	-0.35873	-0.37405	-0.71826	-1.1972	-2.2268	-2.8964	-3.1233	-3.2499	-3.4348	-2.8847	-2.8527	-2.7297	-2.7371	-4.8107	-3.7467	-2.2229	0.066711	0.62789	1.1139	1.1021	0.94389	0.75408	0.59114	0.47119	0.36989	0.26768	0.14314	-0.048665	-0.10626	22.971
822.68	-0.34612	-0.31385	-0.40941	-0.93397	-1.8099	-2.63	-2.8409	-3.049	-2.7991	-2.519	-2.5003	-2.456	-2.9143	-2.1944	-3.956	-3.3278	-1.8938	0.19109	0.6867	1.1375	1.0881	0.92631	0.75421	0.57743	0.45846	0.3535	0.25054	0.13349	-0.020149	-0.075702	22.964
813.58	-0.287	-0.3138	-0.53546	-1.3589	-2.1905	-2.7118	-2.8647	-2.907	-2.6613	-2.2997	-2.1212	-1.9367	-2.075	-1.8379	-3.5745	-2.904	-1.6409	0.29311	0.75389	1.1345	1.0928	0.93667	0.73767	0.5933	0.43722	0.35009	0.25243	0.12895	-0.02321	-0.086594	22.993
807.15	-0.36336	-0.39347	-0.80169	-1.7689	-2.5712	-2.9073	-2.7097	-2.4688	-2.5377	-2.0685	-1.8541	-1.9423	-1.9026	-1.8432	-3.1226	-2.5613	-1.3673	0.37782	0.79715	1.1406	1.0817	0.92845	0.74074	0.58948	0.4469	0.35473	0.24802	0.13432	-0.035789	-0.097408	22.996
801.16	-0.42811	-0.5727	-1.2304	-2.1701	-2.8489	-2.844	-2.6597	-2.3123	-2.1679	-1.8226	-1.7196	-1.7883	-1.6122	-1.6777	-2.6004	-2.3813	-1.1557	0.45851	0.84432	1.1392	1.0624	0.90481	0.71247	0.54991	0.40918	0.3181	0.22402	0.088094	-0.075439	-0.151	22.983
796.98	-0.59208	-0.79199	-1.554	-2.5196	-2.8235	-2.7426	-2.2918	-2.0716	-2.0632	-1.5593	-1.3983	-1.4986	-1.6589	-1.5252	-2.4071	-1.9231	-0.97817	0.52065	0.90305	1.1512	1.0689	0.90558	0.69259	0.53549	0.39517	0.27651	0.19085	0.048111	-0.1077	-0.18069	22.977
792.05	-0.72026	-0.99169	-1.9226	-2.5496	-2.6651	-2.5493	-2.1558	-1.9346	-1.8211	-1.5893	-1.2998	-1.508	-1.6981	-1.5347	-2.0993	-1.8142	-0.79371	0.59022	0.94015	1.1452	1.042	0.87129	0.6855	0.5098	0.36602	0.24133	0.14067	0.011254	-0.1997	-0.26906	22.989
788.08	-0.94262	-1.186	-2.078	-2.6293	-2.5616	-2.3309	-1.9562	-1.8053	-1.7092	-1.3725	-1.1878	-1.4148	-1.4357	-1.4848	-1.7959	-1.6107	-0.61106	0.68589	0.98118	1.1449	1.0279	0.83955	0.64214	0.46279	0.28436	0.19499	0.080358	-0.072268	-0.32081	-0.41466	22.977
785.29	-1.0913	-1.2778	-2.1537	-2.5734	-2.462	-2.1771	-1.8299	-1.5464	-1.426	-1.1722	-0.9325	-1.177	-1.431	-0.9895	-1.6447	-1.2607	-0.41518	0.72595	1.0043	1.1083	0.99001	0.78917	0.58403	0.38541	0.22253	0.092612	-0.021102	-0.23135	-0.53263	-0.65834	22.977
783.15	-1.4978	-1.4635	-2.0931	-2.5074	-2.4084	-2.0227	-1.5715	-1.4117	-1.1824	-1.0828	-0.68567	-0.82523	-0.9967	-0.74122	-1.1437	-0.92789	-0.17274	0.81598	1.0436	1.0828	0.93842	0.72772	0.51162	0.30527	0.11354	-0.027713	-0.16664	-0.40914	-0.85737	-1.0472	22.973
782.18	-2.7326	-2.0903	-1.7489	-2.344	-2.1693	-1.8017	-1.426	-1.1705	-1.0174	-0.97088	-0.57795	-0.69424	-0.77364	-0.64547	-0.93422	-0.65358	0.016083	0.87995	1.0345	1.0546	0.87842	0.66291	0.43623	0.22729	0.039613	-0.10919	-0.27561	-0.56105	-1.1831	-1.5064	22.97
784.97	-3.9079	-2.9668	-1.7222	-2.0404	-2.0045	-1.6165	-1.2399	-1.0971	-0.91389	-0.68013	-0.47855	-0.61081	-0.81949	-0.50834	-0.82583	-0.45809	0.13705	0.90402	1.0299	1.0092	0.8279	0.61724	0.38386	0.18061	0.0030263	-0.14222	-0.31987	-0.61529	-1.3357	-1.7187	22.828
791.3	-3.7108	-3.2992	-1.5449	-1.8167	-1.8059	-1.4739	-1.1561	-1.0157	-0.88134	-0.70522	-0.5391	-0.62599	-0.88039	-0.69535	-0.9026	-0.56536	0.17952	0.89472	1.0189	0.94764	0.74931	0.55635	0.33037	0.14335	-0.047616	-0.18465	-0.34349	-0.62631	-1.2755	-1.659	22.712
799.76	-2.7512	-2.5235	-1.2785	-1.5791	-1.5194	-1.3372	-1.1403	-1.027	-0.88959	-0.61718	-0.76699	-0.68891	-0.91879	-0.76361	-1.0787	-0.49952	0.15654	0.84522	0.9696	0.88572	0.69865	0.4773	0.27794	0.084355	-0.089146	-0.21268	-0.36761	-0.61004	-1.133	-1.4138	22.555
811.12	-1.7726	-1.5747	-1.2804	-1.5134	-1.4575	-1.3266	-1.1315	-1.0032	-0.97655	-0.77737	-0.75625	-0.80657	-1.047	-0.84615	-1.0331	-0.50236	0.13924	0.84047	0.92619	0.84479	0.66359	0.4404	0.25734	0.080341	-0.077317	-0.194	-0.33145	-0.53499	-0.92363	-1.0963	22.373
823.75	-1.1497	-1.314	-1.152	-1.28	-1.3819	-1.2943	-1.1124	-1.0092	-1.1466	-0.84367	-0.62097	-0.86172	-0.98461	-0.88823	-1.1875	-0.39778	0.12409	0.83057	0.92	0.827	0.66448	0.45092	0.25339	0.088409	-0.048347	-0.15827	-0.27069	-0.43321	-0.70207	-0.80439	22.243
839.79	-0.8707	-0.96204	-1.13	-1.2546	-1.2377	-1.1679	-1.1753	-1.1632	-1.1493	-1.0482	-0.84165	-0.93037	-1.2201	-0.91629	-1.1844	-0.43768	0.12263	0.81959	0.93387	0.8454	0.66354	0.47808	0.27813	0.12139	0.0028288	-0.089207	-0.18447	-0.32397	-0.5228	-0.59792	22.003
856.79	-0.72203	-0.82377	-0.96448	-0.96443	-1.1037	-1.1332	-1.1343	-1.192	-1.2017	-0.91455	-0.93399	-0.949	-1.2938	-0.95104	-1.2379	-0.51284	0.11036	0.83112	0.92562	0.8454	0.65924	0.48152	0.29985	0.14849	0.029486	-0.06207	-0.14541	-0.26766	-0.44058	-0.49674	21.795
873.66	-0.67431	-0.71667	-0.82572	-0.89067	-0.94022	-0.96101	-1.218	-1.2689	-1.2064	-1.1274	-0.79931	-1.058	-1.1728	-1.0711	-1.4406	-0.53034	0.10384	0.83385	0.92705	0.85191	0.68649	0.49847	0.31646	0.17193	0.062483	-0.020553	-0.090098	-0.21196	-0.3757	-0.43867	21.553
889.78	-0.73627	-0.7045	-0.81679	-0.80855	-0.96308	-1.0303	-1.3395	-1.2701	-1.1737	-1.0164	-0.8421	-0.98525	-1.2116	-1.0432	-1.3403	-0.59248	0.10627	0.82244	0.90944	0.85083	0.66808	0.48411	0.29804	0.16623	0.052507	-0.025235	-0.096779	-0.20891	-0.37409	-0.41653	21.319
904.92	-0.6227	-0.60227	-0.71931	-0.80001	-0.96657	-1.2226	-1.4135	-1.2336	-1.1378	-0.91932	-0.79048	-0.80197	-1.1323	-0.98401	-1.2906	-0.51202	0.11296	0.81775	0.89908	0.82777	0.66865	0.48475	0.30387	0.16091	0.066647	-0.0049361	-0.08535	-0.17212	-0.32616	-0.38739	21.102
919.62	-0.58235	-0.58162	-0.72697	-0.87153	-1.0485	-1.2513	-1.3124	-1.1764	-1.171	-0.93965	-0.96249	-0.85825	-1.2386	-0.92718	-1.1982	-0.46045	0.11865	0.802	0.89109	0.8128	0.64145	0.45808	0.29983	0.16	0.043804	-0.030936	-0.096054	-0.1808	-0.32513	-0.38928	20.779
933.46	-0.57455	-0.53032	-0.69075	-0.90457	-1.0981	-1.282	-1.242	-1.1343	-1.1323	-1.012	-0.80269	-0.93062	-1.0487	-0.82434	-1.2864	-0.49636	0.14315	0.81473	0.88888	0.79819	0.64007	0.44705	0.28409	0.14942	0.043922	-0.02325	-0.086704	-0.18937	-0.31701	-0.37873	20.503
942.62	-0.4973	-0.5559	-0.68485	-0.9996	-1.1395	-1.2199	-1.1947	-1.1143	-1.0365	-0.81418	-0.65976	-0.75305	-1.0951	-0.87248	-1.169	-0.33915	0.17752	0.81291	0.89503	0.79297	0.62983	0.44942	0.27814	0.16097	0.0526	-0.016664	-0.070165	-0.18308	-0.30658	-0.35771	20.166
942.72	-0.52855	-0.56199	-0.7758	-1.0833	-1.1537	-1.171	-1.0661	-1.0281	-0.94616	-0.797	-0.6777	-0.71083	-0.83608	-0.73604	-1.0026	-0.31372	0.24739	0.86332	0.90894	0.80558	0.62814	0.45357	0.27491	0.15039	0.044247	-0.021431	-0.086636	-0.15853	-0.29512	-0.3356	19.812
936.66	-0.59331	-0.62517	-0.87651	-1.1643	-1.1386	-1.0839	-0.98442	-0.97257	-0.90727	-0.72476	-0.82715	-0.74087	-0.82521	-0.93453	-0.93864	-0.2476	0.29561	0.87329	0.9297	0.79546	0.63789	0.4354	0.26946	0.14728	0.032318	-0.034373	-0.097466	-0.179	-0.2921	-0.35761	19.439
928.35	-0.6764	-0.75402	-0.99411	-1.1252	-1.1042	-1.0512	-0.95671	-0.96724	-0.87634	-0.68789	-0.64245	-0.66193	-0.93939	-0.69857	-0.9204	-0.11226	0.37088	0.89702	0.93722	0.79828	0.62069	0.42141	0.26133	0.12219	0.02182	-0.049211	-0.11826	-0.1874	-0.33202	-0.39202	19.046
914.08	-0.73368	-0.80145	-1.0541	-1.086	-1.0364	-1.0074	-0.8888	-0.89602	-0.9054	-0.74266	-0.6432	-0.66358	-0.98744	-0.67639	-1.034	-0.052904	0.42109	0.91731	0.94945	0.79503	0.59715	0.41934	0.244	0.10063	0.0025989	-0.064739	-0.12658	-0.21562	-0.37003	-0.42009	18.65
891.06	-0.7021	-0.75551	-1.0521	-1.0971	-0.9854	-0.96252	-0.84864	-0.86673	-0.86403	-0.66242	-0.63124	-0.65398	-0.7305	-0.62599	-0.80157	0.017389	0.4655	0.94931	0.95258	0.77348	0.57764	0.3858	0.22496	0.073994	-0.024626	-0.09585	-0.17552	-0.26366	-0.40982	-0.4718	18.249
865.97	-0.69285	-0.76652	-0.98787	-1.0229	-0.95832	-0.90319	-0.83074	-0.85644	-0.82755	-0.58859	-0.58087	-0.60872	-0.68118	-0.75762	-0.68193	0.12847	0.54357	0.95216	0.97001	0.74612	0.56456	0.34949	0.17063	0.038095	-0.069114	-0.1419	-0.21392	-0.31418	-0.46523	-0.50177	17.838
843.96	-0.8296	-0.86547	-1.0118	-1.0192	-0.92225	-0.87423	-0.83105	-0.8107	-0.81056	-0.5753	-0.45518	-0.46458	-0.69895	-0.66989	-0.72902	0.16966	0.59405	0.96435	0.9701	0.74761	0.5172	0.32207	0.16973	0.015486	-0.094648	-0.16336	-0.25193	-0.34811	-0.52843	-0.61698	17.474
825.03	-0.86558	-0.86952	-1.0285	-0.99334	-0.90244	-0.88533	-0.79417	-0.81816	-0.80764	-0.63733	-0.63029	-0.61966	-0.67801	-0.66692	-0.61578	0.27028	0.6764	1.0044	0.97636	0.72124	0.50329	0.30071	0.12436	-0.026873	-0.12369	-0.21162	-0.26578	-0.40196	-0.60584	-0.69868	17.048
806.4	-0.89328	-0.8465	-0.87084	-0.92575	-0.8929	-0.8498	-0.79194	-0.8019	-0.79969	-0.59213	-0.46584	-0.60442	-0.68422	-0.76671	-0.48684	0.42496	0.72717	1.0174	0.9789	0.73097	0.49515	0.2802	0.098292	-0.023692	-0.1434	-0.21186	-0.27376	-0.39821	-0.56258	-0.65216	16.661
793.23	-0.89441	-0.81034	-0.85054	-0.9174	-0.82677	-0.81321	-0.77418	-0.78915	-0.77567	-0.62227	-0.42004	-0.53435	-0.65711	-0.66509	-0.40134	0.50245	0.76726	1.0136	0.99054	0.70489	0.46891	0.26193	0.08664	-0.056924	-0.14849	-0.21538	-0.28017	-0.39511	-0.55253	-0.62085	16.297
787.55	-0.74016	-0.73894	-0.8557	-0.84182	-0.80377	-0.78677	-0.76695	-0.77928	-0.73242	-0.56539	-0.48779	-0.6996	-0.62311	-0.94827	-0.51943	0.50607	0.80101	1.0407	0.98651	0.69477	0.46458	0.24474	0.061458	-0.063172	-0.15501	-0.21789	-0.29252	-0.37928	-0.51743	-0.58287	15.896
786.58	-0.69368	-0.67447	-0.78078	-0.74907	-0.74674	-0.77521	-0.73763	-0.72861	-0.7493	-0.58657	-0.47758	-0.46817	-0.60449	-0.73799	-0.32086	0.58785	0.8468	1.0441	0.98306	0.68142	0.43715	0.24906	0.070147	-0.058378	-0.16702	-0.21815	-0.27877	-0.34946	-0.46914	-0.5373	15.527
790.01	-0.62482	-0.65137	-0.7066	-0.77631	-0.74243	-0.7334	-0.69882	-0.74387	-0.73107	-0.69617	-0.53998	-0.70746	-0.56324	-0.97402	-0.21504	0.69641	0.85378	1.024	0.97229	0.65119	0.4141	0.21896	0.030777	-0.085279	-0.16086	-0.21531	-0.27101	-0.34173	-0.4447	-0.48889	15.175
800.3	-0.58962	-0.61856	-0.67071	-0.73341	-0.69699	-0.70448	-0.67001	-0.69985	-0.68932	-0.42553	-0.52243	-0.31127	-0.54647	-0.80089	-0.2329	0.65754	0.87345	1.0047	0.93413	0.61689	0.39835	0.1865	0.044489	-0.080354	-0.16952	-0.22472	-0.27862	-0.3277	-0.41687	-0.45382	14.757
815.51	-0.55101	-0.55552	-0.62062	-0.64958	-0.61872	-0.62693	-0.62302	-0.61446	-0.6692	-0.36822	-0.32527	-0.54898	-0.51758	-0.90648	-0.14765	0.704	0.86749	0.98894	0.91221	0.58386	0.37136	0.17624	0.032584	-0.069461	-0.15671	-0.2049	-0.25346	-0.31128	-0.38739	-0.43989	14.384
832.95	-0.53481	-0.55519	-0.58739	-0.58899	-0.58852	-0.56847	-0.54417	-0.58872	-0.58058	-0.39918	-0.4408	-0.54701	-0.52505	-0.80582	-0.15446	0.64134	0.87048	0.96133	0.89046	0.56684	0.34171	0.14691	0.020153	-0.083643	-0.15944	-0.21861	-0.24816	-0.2913	-0.4033	-0.42444	13.963
853.16	-0.52579	-0.53864	-0.57169	-0.5124	-0.53199	-0.5146	-0.49831	-0.55053	-0.54255	-0.53136	-0.4602	-0.47819	-0.63777	-0.84876	-0.11213	0.73841	0.86423	0.93664	0.83154	0.53658	0.30691	0.12861	-0.0076752	-0.11848	-0.17746	-0.20464	-0.25268	-0.30001	-0.37571	-0.40916	13.608
876.44	-0.47461	-0.46483	-0.49181	-0.49363	-0.46098	-0.43818	-0.4752	-0.50094	-0.45808	-0.28747	-0.26391	-0.40206	-0.50769	-0.72269	-0.080921	0.80075	0.85963	0.9052	0.79523	0.50684	0.30309	0.10173	-0.010907	-0.11009	-0.17928	-0.20605	-0.2485	-0.29684	-0.33763	-0.37794	13.211
899.69	-0.45112	-0.4971	-0.46548	-0.46163	-0.41431	-0.40404	-0.46773	-0.40199	-0.45857	-0.34271	-0.34202	-0.35633	-0.50306	-0.81326	-0.01466	0.70908	0.83059	0.8517	0.76326	0.44673	0.26318	0.086797	-0.039907	-0.11235	-0.16828	-0.21238	-0.23057	-0.2806	-0.32549	-0.3434	12.84
920.37	-0.4064	-0.39937	-0.41673	-0.38992	-0.35267	-0.35929	-0.38748	-0.4479	-0.3912	-0.34376	-0.17751	-0.44327	-0.5912	-0.8032	-0.023304	0.62379	0.81777	0.82543	0.71981	0.43756	0.22097	0.060792	-0.043101	-0.12897	-0.17771	-0.21006	-0.23986	-0.27277	-0.30396	-0.3155	12.467
936.13	-0.39044	-0.35783	-0.38598	-0.32305	-0.30431	-0.33658	-0.37017	-0.38061	-0.42413	-0.17449	-0.31964	-0.81766	-0.71162	-0.99967	-0.111	0.69854	0.81382	0.80803	0.70691	0.39866	0.20995	0.047945	-0.050417	-0.1268	-0.18084	-0.21693	-0.23424	-0.25096	-0.28898	-0.30146	12.058
946.66	-0.31965	-0.33854	-0.33475	-0.2964	-0.26433	-0.31116	-0.34091	-0.37557	-0.33188	-0.17255	-0.26228	-0.74143	-0.93734	-0.99654	-0.17946	0.74976	0.79505	0.7843	0.67348	0.37315	0.19157	0.042398	-0.061782	-0.1351	-0.17882	-0.2066	-0.22616	-0.24595	-0.26056	-0.27142	11.727
950.7	-0.29624	-0.32187	-0.30593	-0.25713	-0.23921	-0.28048	-0.31594	-0.3224	-0.19896	-0.13793	-0.56483	-0.89703	-1.1259	-1.04	0.012155	0.69623	0.78764	0.79046	0.66058	0.36317	0.18197	0.019763	-0.068646	-0.13372	-0.17656	-0.20336	-0.21431	-0.22943	-0.22951	-0.25464	11.3
946.34	-0.2812	-0.27437	-0.26767	-0.24798	-0.24656	-0.2679	-0.29377	-0.20488	-0.16079	-0.34285	-0.58538	-0.97671	-1.0666	-1.1167	-0.066234	0.75001	0.80746	0.78369	0.65975	0.34713	0.16355	0.021524	-0.079302	-0.14972	-0.1751	-0.20904	-0.2106	-0.22826	-0.24602	-0.25502	10.952
937.83	-0.26471	-0.26373	-0.24232	-0.21892	-0.2533	-0.26683	-0.18954	-0.16263	-0.24587	-0.41466	-0.81707	-0.97711	-1.2552	-1.1188	-0.075624	0.78237	0.81152	0.77943	0.6587	0.34603	0.15775	0.014975	-0.08564	-0.13556	-0.17288	-0.19816	-0.20699	-0.22436	-0.21707	-0.2304	10.59
924.1	-0.23839	-0.23395	-0.2194	-0.22055	-0.21684	-0.18197	-0.15411	-0.2065	-0.30236	-0.58645	-0.81082	-1.1292	-1.3729	-1.1845	-0.21956	0.7508	0.82773	0.76969	0.64388	0.33303	0.14612	0.0092079	-0.09343	-0.15498	-0.16616	-0.18893	-0.21007	-0.20494	-0.21696	-0.21212	10.295
908.22	-0.21777	-0.2197	-0.1878	-0.20037	-0.14155	-0.15984	-0.087716	-0.17974	-0.38584	-0.54348	-0.79694	-1.2014	-1.187	-0.87221	0.003647	0.79029	0.85148	0.78676	0.66079	0.34237	0.14199	-0.0054318	-0.10003	-0.15685	-0.18403	-0.19471	-0.20234	-0.20235	-0.20381	-0.20028	9.9421
892.66	-0.20417	-0.16836	-0.13701	-0.12797	-0.15537	-0.098261	-0.10056	-0.26011	-0.49368	-0.74245	-0.7823	-1.1155	-1.3615	-1.1246	-0.088686	0.86665	0.85603	0.79496	0.65917	0.33225	0.14106	-0.0010966	-0.10431	-0.17503	-0.17762	-0.2065	-0.19178	-0.18783	-0.18667	-0.19462	9.6477
877.61	-0.13866	-0.12173	-0.11492	-0.13188	-0.091601	-0.10369	-0.1483	-0.33004	-0.54682	-0.77353	-0.93117	-1.0623	-1.3935	-1.2731	-0.080813	0.93607	0.86546	0.79643	0.67214	0.33703	0.14175	-0.011028	-0.077794	-0.14224	-0.16111	-0.18101	-0.1782	-0.17907	-0.1583	-0.148	9.3774
862.45	-0.13119	-0.13646	-0.12315	-0.086195	-0.080474	-0.098847	-0.16764	-0.40425	-0.57359	-0.75912	-0.90816	-1.1915	-1.4003	-1.0763	0.032532	1.0265	0.90821	0.8209	0.67545	0.32445	0.14864	-0.001135	-0.090506	-0.13941	-0.14487	-0.15986	-0.15046	-0.15053	-0.13343	-0.12735	9.0586
848.99	-0.12961	-0.12157	-0.10525	-0.09377	-0.046915	-0.10235	-0.21617	-0.43773	-0.62626	-0.75219	-0.92256	-1.3975	-1.4315	-1.2715	-0.034973	0.92064	0.92442	0.83585	0.70257	0.35216	0.14563	0.02865	-0.085737	-0.11906	-0.13958	-0.1465	-0.13193	-0.11	-0.092943	-0.098734	8.8577
837.01	-0.1157	-0.13801	-0.030791	-0.089713	-0.090997	-0.13127	-0.30198	-0.51081	-0.6856	-0.90728	-1.0372	-1.1897	-1.4429	-1.1903	-0.074885	0.89566	0.92849	0.8586	0.69422	0.34003	0.14862	0.013	-0.095056	-0.12534	-0.15183	-0.16024	-0.1294	-0.12246	-0.095192	-0.092159	8.5977
827.06	-0.02133	0.0048174	-0.049686	-0.061669	-0.072679	-0.14873	-0.33875	-0.52529	-0.72157	-0.83055	-1.0497	-1.2424	-1.5801	-1.2046	-0.24531	1.0029	0.94336	0.859	0.70612	0.35763	0.15225	0.0093326	-0.084367	-0.13426	-0.12166	-0.13498	-0.12648	-0.10529	-0.069354	-0.069909	8.3649
817.97	0.019252	-0.031433	-0.10644	-0.082601	-0.11894	-0.23267	-0.39013	-0.59763	-0.73593	-0.99736	-1.0925	-1.4019	-1.6163	-1.2919	-0.036299	0.87749	0.96135	0.87457	0.71308	0.37722	0.14837	0.014271	-0.059539	-0.11889	-0.10115	-0.11449	-0.10709	-0.060205	-0.01462	-0.00074473	8.1714
811.65	0.0021811	-0.033461	-0.054406	-0.063768	-0.13548	-0.26381	-0.4145	-0.59661	-0.77538	-0.95549	-1.0068	-1.4716	-1.5631	-1.3206	-0.17884	0.80567	0.96222	0.88239	0.71953	0.36344	0.16075	0.032891	-0.061858	-0.10755	-0.1037	-0.12462	-0.1061	-0.066717	-0.027059	-0.0044119	7.9386
809.4	-0.00069099	-0.022817	-0.037519	-0.053716	-0.14421	-0.28077	-0.44327	-0.62761	-0.78759	-0.87853	-1.1775	-1.5443	-1.6523	-1.4644	-0.077439	0.82761	0.95543	0.88788	0.73693	0.37135	0.15369	0.0056271	-0.05552	-0.10027	-0.10929	-0.094408	-0.10182	-0.081619	-0.014774	-0.0053416	7.7889
811.33	0.0079246	-0.020978	-0.014767	-0.081421	-0.18657	-0.32462	-0.46178	-0.65728	-0.81307	-0.94592	-1.1119	-1.5015	-1.5919	-1.3118	-0.13825	0.90435	0.96355	0.87768	0.72162	0.36162	0.15988	0.034852	-0.069304	-0.091538	-0.098455	-0.10435	-0.085165	-0.05897	-0.021378	-0.010824	7.6089
815.18	0.014555	0.0075532	-0.019397	-0.10781	-0.20849	-0.32308	-0.47729	-0.67579	-0.83918	-0.93157	-1.2421	-1.5334	-1.5938	-1.4818	-0.21853	0.90007	0.93174	0.8685	0.71281	0.36088	0.16751	0.018197	-0.056973	-0.083585	-0.084827	-0.10201	-0.070243	-0.049236	0.0070432	0.016571	7.4833
821.18	0.051324	0.047187	-0.024854	-0.11619	-0.24092	-0.33572	-0.48522	-0.66526	-0.83125	-0.9444	-1.1813	-1.5319	-1.6007	-1.3514	-0.15667	0.81574	0.95012	0.88715	0.72369	0.37186	0.16536	0.026731	-0.049223	-0.076445	-0.078983	-0.091229	-0.075135	-0.050582	-0.0080026	0.012831	7.3351
829.31	0.055502	0.050218	-0.031077	-0.14682	-0.22939	-0.33738	-0.49438	-0.67721	-0.81953	-1.0517	-1.2107	-1.4785	-1.6862	-1.256	-0.16508	0.94246	0.94635	0.88736	0.74578	0.37976	0.18755	0.049352	-0.031496	-0.069228	-0.061821	-0.075875	-0.040501	-0.025582	0.049609	0.062875	7.2337
839.37	0.070565	0.044438	-0.035267	-0.14955	-0.23168	-0.34605	-0.48502	-0.68736	-0.82205	-1.0103	-1.2467	-1.5176	-1.6296	-1.3851	-0.29084	0.81711	0.94049	0.89237	0.72898	0.37996	0.19615	0.064776	-0.017666	-0.046494	-0.061932	-0.051752	-0.027676	-0.021938	0.039844	0.050617	7.1459
849.41	0.081612	0.070345	-0.04387	-0.16462	-0.24784	-0.33905	-0.50306	-0.66118	-0.84281	-0.88456	-1.112	-1.5651	-1.4936	-1.5289	-0.14176	0.91077	0.93297	0.88665	0.74022	0.40365	0.20992	0.076112	-0.020115	-0.040532	-0.051095	-0.052021	-0.02038	-0.00023107	0.054776	0.064013	7.0657
860.53	0.093192	0.056813	-0.040632	-0.17736	-0.26428	-0.36615	-0.51332	-0.66778	-0.84224	-0.9761	-1.1865	-1.4526	-1.6605	-1.3774	-0.22618	0.8248	0.9236	0.88665	0.74686	0.41328	0.22663	0.093507	0.0028865	-0.017753	-0.027163	-0.026964	0.0013758	0.026644	0.082685	0.091678	7.0567
871.74	0.096446	0.046113	-0.070868	-0.1604	-0.26088	-0.37274	-0.51251	-0.68204	-0.83735	-0.97277	-1.181	-1.4886	-1.6654	-1.4204	-0.32735	0.83253	0.90029	0.86771	0.73472	0.39514	0.21413	0.083233	0.013212	-0.02719	-0.018608	-0.01544	-0.0062805	0.02148	0.090449	0.094762	7.0082
883.48	0.088134	0.047139	-0.07513	-0.17446	-0.28419	-0.36779	-0.48856	-0.67385	-0.8212	-0.95074	-1.2421	-1.5947	-1.6518	-1.5812	-0.25766	0.69499	0.88312	0.86918	0.72828	0.41157	0.2173	0.079442	0.011332	-0.012087	-0.024837	-0.018628	-0.0053585	0.023572	0.080536	0.093502	6.9719
894.79	0.095698	0.063539	-0.069043	-0.18235	-0.29854	-0.36956	-0.49447	-0.67989	-0.82984	-1.0468	-1.1695	-1.5568	-1.6139	-1.4768	-0.37421	0.78433	0.88395	0.85912	0.74941	0.41975	0.23323	0.10406	0.030536	0.0026197	0.0010556	-0.010855	0.0071122	0.027189	0.084678	0.1081	6.9946
905.56	0.093703	0.052387	-0.056378	-0.17187	-0.27353	-0.36607	-0.49895	-0.67349	-0.84448	-1.0699	-1.2681	-1.5821	-1.679	-1.5761	-0.35156	0.71329	0.85567	0.85706	0.74941	0.42093	0.24387	0.10807	0.023524	0.00089584	-0.0060647	-0.002448	0.015196	0.039247	0.08622	0.093684	6.9795
913.98	0.096238	0.058245	-0.056698	-0.15381	-0.24605	-0.35821	-0.50066	-0.65723	-0.82375	-0.9719	-1.2472	-1.5415	-1.555	-1.5864	-0.41149	0.68927	0.85198	0.87611	0.73689	0.44237	0.26987	0.13129	0.048839	0.024359	0.0096429	0.015614	0.015866	0.035821	0.087952	0.084692	6.9961
920.37	0.10232	0.066495	-0.062129	-0.16337	-0.27005	-0.37178	-0.49797	-0.67015	-0.82366	-1.1752	-1.2846	-1.4617	-1.8426	-1.6082	-0.30109	0.70182	0.8419	0.85397	0.75727	0.4523	0.25397	0.12609	0.057496	0.018363	0.027451	0.026906	0.039065	0.054605	0.099045	0.1059	7.0007
924.31	0.088441	0.045056	-0.07264	-0.1863	-0.27621	-0.3693	-0.53096	-0.67309	-0.84896	-1.0917	-1.3067	-1.5844	-1.8265	-1.6259	-0.4961	0.5866	0.82008	0.85388	0.75722	0.43483	0.26521	0.1418	0.067023	0.027404	0.026559	0.021926	0.030896	0.043	0.086135	0.091784	7.0113
924.73	0.075806	0.039553	-0.075921	-0.20412	-0.28705	-0.39399	-0.53072	-0.70095	-0.87257	-1.1609	-1.3153	-1.6524	-1.8586	-1.6824	-0.65643	0.52592	0.80893	0.83396	0.74497	0.43636	0.2577	0.12891	0.046643	0.0033629	0.0010214	0.0081375	0.014081	0.041465	0.093586	0.083707	6.9674
921.54	0.06006	0.038903	-0.10029	-0.21136	-0.31555	-0.41762	-0.56073	-0.72998	-0.91894	-1.0776	-1.2738	-1.7357	-1.8485	-1.6882	-0.63185	0.58836	0.79594	0.85645	0.75392	0.45173	0.26601	0.14137	0.059056	0.02499	0.011115	0.015486	0.011721	0.02488	0.067187	0.07432	6.981
917.49	0.05863	0.038286	-0.11326	-0.21722	-0.32247	-0.42573	-0.57421	-0.76493	-0.923	-1.2491	-1.4553	-1.6654	-1.9647	-1.8769	-0.5897	0.51267	0.80112	0.85128	0.75885	0.46068	0.28374	0.14199	0.069982	0.020092	0.024417	0.0049346	0.015806	0.031099	0.064969	0.088416	7.0854
912.8	0.064037	0.016266	-0.13063	-0.24719	-0.34356	-0.42702	-0.60007	-0.77809	-0.96016	-1.2555	-1.5092	-1.761	-2.0751	-2.0025	-0.70115	0.46286	0.76579	0.87993	0.77239	0.47091	0.28602	0.14879	0.067042	0.031945	0.016707	0.014812	0.02399	0.034329	0.088909	0.08887	7.2745
906.52	0.05934	0.031558	-0.12393	-0.23147	-0.34781	-0.46257	-0.61458	-0.79617	-0.97824	-1.4331	-1.501	-1.7382	-2.1568	-2.1248	-0.7697	0.53647	0.77617	0.8969	0.79878	0.5138	0.32571	0.18035	0.086607	0.035547	0.03418	0.020702	0.024157	0.041525	0.07849	0.07965	7.4561
898.52	0.061599	0.022167	-0.12333	-0.24777	-0.35561	-0.45847	-0.62486	-0.81945	-1.0133	-1.2217	-1.6277	-1.9216	-2.1675	-2.1269	-0.83163	0.45243	0.75153	0.89574	0.8116	0.50593	0.31593	0.18635	0.085702	0.063147	0.048018	0.042573	0.04578	0.070749	0.094602	0.10021	7.6179
890.95	0.055149	0.036989	-0.14415	-0.23213	-0.35958	-0.48079	-0.63422	-0.83759	-1.0452	-1.3858	-1.6988	-1.9468	-2.2715	-2.3571	-1.0701	0.42046	0.7132	0.90888	0.83332	0.52904	0.34418	0.20746	0.1084	0.066263	0.046819	0.037047	0.04949	0.052475	0.055676	0.07187	7.8206
884.65	0.07573	0.032338	-0.13565	-0.2491	-0.36786	-0.47864	-0.65341	-0.87213	-1.0601	-1.3774	-1.6916	-2.0685	-2.5549	-2.5192	-1.1337	0.2701	0.70096	0.91164	0.85335	0.5716	0.35779	0.21519	0.11598	0.077128	0.055237	0.052561	0.039808	0.05364	0.089996	0.084138	8.0353
877.82	0.034745	-0.029289	-0.1498	-0.2982	-0.42463	-0.54408	-0.67739	-0.91208	-1.1147	-1.5349	-1.7145	-2.2384	-2.7399	-2.5991	-1.2646	0.24492	0.65492	0.92247	0.86249	0.57877	0.37701	0.22137	0.11688	0.092565	0.060558	0.047847	0.041802	0.068425	0.065275	0.068712	8.2909
871.42	0.018962	0.0037399	-0.16848	-0.29608	-0.4006	-0.53772	-0.71216	-0.92582	-1.1501	-1.463	-1.9804	-2.4463	-2.7688	-2.9652	-1.4348	0.12767	0.59116	0.91418	0.87977	0.59585	0.38588	0.23661	0.14192	0.068629	0.04869	0.043897	0.021736	0.03757	0.044562	0.055574	8.5131
867.26	0.026215	-0.0070991	-0.16487	-0.31485	-0.41519	-0.53084	-0.7214	-0.9444	-1.1778	-1.5722	-1.941	-2.5038	-2.9316	-2.9446	-1.4797	0.073082	0.57456	0.91384	0.89246	0.60975	0.41838	0.26327	0.14781	0.10959	0.068717	0.057936	0.053401	0.046636	0.075832	0.062696	8.7624
865.23	0.041533	-0.01716	-0.17323	-0.32603	-0.4357	-0.57098	-0.74894	-0.97052	-1.2199	-1.6132	-2.1026	-2.6015	-3.1589	-3.3098	-1.9217	-0.0097645	0.51393	0.93495	0.90896	0.63608	0.44832	0.27577	0.16121	0.1125	0.090372	0.058937	0.074902	0.058893	0.076897	0.070571	9.0798
862.45	0.035364	-0.002098	-0.1649	-0.29915	-0.43808	-0.59851	-0.77142	-1.0207	-1.2624	-1.6744	-2.0404	-2.7664	-3.116	-3.5922	-1.8036	-0.17637	0.45607	0.91703	0.92124	0.64183	0.46649	0.29775	0.17046	0.13063	0.092321	0.063471	0.075144	0.063146	0.071794	0.080274	9.3456
