14331	6	3	91	29.1	748	1	5	8	3.103	128	4096	10	0	0	0	0	397.14	1668.3	1.8665e+006	0.1546	0.099514	53.878	0	0	1	0	0	0	11	0	0
1677.4	0.034653	-0.006787	-0.10189	-0.14942	-0.21689	-0.26285	-0.30473	-0.32376	-0.30383	-0.23615	-0.014982	0.15277	0.45433	0.81949	0.9406	0.48108	-0.096121	-0.51036	-0.67211	-0.66299	-0.62257	-0.57095	-0.46631	-0.38733	-0.27034	-0.24329	-0.16881	-0.081975	0.0055324	0.04053	-0.97038
1677.6	0.030483	-0.0076499	-0.11604	-0.15972	-0.21233	-0.26917	-0.30341	-0.35066	-0.32672	-0.26014	-0.17695	0.1054	0.4361	0.83741	0.96998	0.50005	-0.020759	-0.44523	-0.6165	-0.62295	-0.60258	-0.53412	-0.45099	-0.36353	-0.25666	-0.23968	-0.15247	-0.074447	0.012871	0.037425	-0.71473
1675.6	0.033301	-0.0076593	-0.10109	-0.17115	-0.24537	-0.2891	-0.32014	-0.3703	-0.35141	-0.29891	-0.16196	0.024944	0.39111	0.71661	0.89241	0.58639	0.066087	-0.36641	-0.54546	-0.57894	-0.56933	-0.52392	-0.43627	-0.36032	-0.25399	-0.23327	-0.15354	-0.073702	0.01748	0.046782	-0.36784
1675.2	0.036089	-0.011985	-0.096543	-0.16715	-0.23383	-0.27398	-0.3426	-0.38639	-0.36519	-0.35188	-0.18226	-0.036697	0.3047	0.75741	0.93202	0.62465	0.14294	-0.29496	-0.47203	-0.53001	-0.53321	-0.49384	-0.42604	-0.34852	-0.25704	-0.22214	-0.14784	-0.05908	0.023916	0.043689	-0.066658
1675.7	0.029129	-0.017167	-0.11114	-0.19315	-0.24485	-0.28614	-0.35326	-0.40182	-0.39819	-0.29409	-0.14675	-0.08883	0.3046	0.74816	0.9908	0.7721	0.20873	-0.21992	-0.41323	-0.48032	-0.49679	-0.46962	-0.41109	-0.32235	-0.22879	-0.21357	-0.15398	-0.079134	0.016101	0.055647	0.28008
1673.1	0.032886	-0.021523	-0.11498	-0.18805	-0.25432	-0.36066	-0.3801	-0.42808	-0.43417	-0.3475	-0.3043	-0.15069	0.22757	0.60922	0.96273	0.74943	0.3075	-0.1349	-0.33845	-0.42144	-0.44899	-0.44104	-0.39372	-0.29583	-0.22401	-0.20987	-0.13697	-0.056639	0.023485	0.057953	0.63587
1667.7	0.026939	-0.018986	-0.12041	-0.20266	-0.2592	-0.31164	-0.38696	-0.43729	-0.45245	-0.42592	-0.32058	-0.19406	0.2146	0.56588	1.0154	0.84281	0.39625	-0.058061	-0.26039	-0.38022	-0.43042	-0.41783	-0.36251	-0.30139	-0.2093	-0.18314	-0.13697	-0.063967	0.01664	0.053687	0.93989
1665.5	0.022312	-0.0098796	-0.12884	-0.20789	-0.26258	-0.33422	-0.39699	-0.45856	-0.49213	-0.43614	-0.34138	-0.27539	0.072915	0.51214	0.93248	0.8439	0.46208	0.0049485	-0.1885	-0.33712	-0.3863	-0.38466	-0.34536	-0.27556	-0.17994	-0.17618	-0.11983	-0.055215	0.0051111	0.049742	1.3487
1666.2	0.026032	-0.012483	-0.12649	-0.21864	-0.27058	-0.33802	-0.43621	-0.48962	-0.50967	-0.4988	-0.45336	-0.30864	-0.055297	0.44839	0.92713	0.87226	0.51981	0.066526	-0.12943	-0.28764	-0.34557	-0.35175	-0.32578	-0.26671	-0.18931	-0.1824	-0.11711	-0.059397	0.029124	0.063098	1.7179
1665	0.018589	-0.024237	-0.13118	-0.22604	-0.29108	-0.34813	-0.43783	-0.51253	-0.55226	-0.45562	-0.49959	-0.36612	-0.13321	0.36698	0.97239	0.89687	0.58784	0.14644	-0.051985	-0.23944	-0.30615	-0.32826	-0.2989	-0.26	-0.16625	-0.16453	-0.10031	-0.04934	0.0051127	0.051097	2.0825
1661.9	0.016288	-0.028641	-0.15171	-0.23189	-0.30331	-0.35717	-0.45861	-0.52593	-0.58668	-0.60672	-0.60782	-0.49108	-0.23901	0.26758	0.83028	0.89375	0.64978	0.21833	0.013682	-0.18322	-0.26696	-0.29081	-0.28632	-0.23467	-0.15623	-0.15988	-0.10228	-0.04395	0.023643	0.051191	2.4727
1661.1	0.023308	-0.028654	-0.14394	-0.23699	-0.3111	-0.37316	-0.45536	-0.54971	-0.61725	-0.63127	-0.70525	-0.57261	-0.30342	0.14483	0.75124	0.90379	0.7036	0.29306	0.092292	-0.13527	-0.23692	-0.27001	-0.26018	-0.2311	-0.14037	-0.14958	-0.084961	-0.044394	0.023191	0.05569	2.8492
1663	0.024214	-0.021653	-0.15207	-0.23988	-0.31886	-0.38407	-0.47131	-0.59698	-0.649	-0.65958	-0.72484	-0.69613	-0.51404	0.0401	0.79004	1.0083	0.75898	0.36675	0.16452	-0.063611	-0.1887	-0.2288	-0.23181	-0.20825	-0.14322	-0.13002	-0.081746	-0.043921	0.019926	0.039987	3.2757
1663.7	0.018602	-0.043846	-0.17733	-0.25154	-0.33548	-0.3992	-0.49494	-0.61836	-0.68696	-0.77066	-0.75005	-0.76745	-0.59632	-0.16895	0.62611	0.95031	0.79457	0.42727	0.22397	-0.030967	-0.14343	-0.19544	-0.20682	-0.17915	-0.11349	-0.11015	-0.079043	-0.027055	0.025005	0.045329	3.693
1660.6	0.040148	-0.025174	-0.15552	-0.25021	-0.34121	-0.39898	-0.5137	-0.63985	-0.71323	-0.78183	-0.79239	-0.922	-0.69853	-0.24668	0.50811	1.0098	0.83162	0.48988	0.29993	0.030489	-0.089291	-0.16629	-0.19317	-0.17027	-0.11931	-0.11397	-0.071176	-0.026264	0.033395	0.051233	4.1192
1658.9	0.019593	-0.031312	-0.16122	-0.27224	-0.3441	-0.41471	-0.52378	-0.65157	-0.74828	-0.82631	-0.91602	-0.96122	-0.82336	-0.33806	0.47381	1.006	0.84999	0.54777	0.35594	0.070447	-0.061456	-0.13976	-0.15298	-0.13626	-0.10693	-0.096011	-0.059652	-0.0246	0.029252	0.046356	4.5028
1660.1	0.016305	-0.043504	-0.17264	-0.27793	-0.37082	-0.44457	-0.55858	-0.682	-0.78203	-0.9276	-1.1046	-1.128	-0.95139	-0.5473	0.37907	0.95718	0.87151	0.60669	0.41753	0.11991	-0.027106	-0.11108	-0.13065	-0.13524	-0.10297	-0.086008	-0.056487	-0.02036	0.028304	0.051692	4.9
1659.7	0.03315	-0.033478	-0.16668	-0.27483	-0.36429	-0.4516	-0.58088	-0.70202	-0.82992	-0.88899	-1.1407	-1.1187	-1.1171	-0.77975	0.30462	0.92375	0.87588	0.65185	0.47465	0.17523	0.02413	-0.072042	-0.10573	-0.11081	-0.079724	-0.075644	-0.042238	0.0058092	0.041292	0.063344	5.2971
1656.4	0.02431	-0.039229	-0.17534	-0.29491	-0.3844	-0.46241	-0.60076	-0.73533	-0.85613	-1.0561	-1.2506	-1.3751	-1.2712	-1.0095	0.10606	0.86296	0.87716	0.70567	0.53847	0.23002	0.064979	-0.036861	-0.083223	-0.096228	-0.068656	-0.070364	-0.040088	0.0087819	0.034871	0.05136	5.7516
1655.6	0.022915	-0.033561	-0.17542	-0.28369	-0.38663	-0.45966	-0.60933	-0.76716	-0.90348	-1.1928	-1.3589	-1.4237	-1.5068	-1.2612	-0.088175	0.79109	0.86371	0.74469	0.59013	0.27448	0.10629	-0.0039251	-0.057349	-0.065273	-0.057026	-0.057272	-0.029831	-0.00052461	0.027452	0.051833	6.1499
1657.2	0.022894	-0.034403	-0.18497	-0.30977	-0.40004	-0.48202	-0.64053	-0.79603	-0.92853	-1.182	-1.3782	-1.595	-1.6527	-1.3969	-0.22247	0.8048	0.86337	0.78461	0.63916	0.32479	0.14789	0.022322	-0.032313	-0.050882	-0.036687	-0.046365	-0.033822	0.010047	0.02789	0.054475	6.5405
1657.6	0.012114	-0.041824	-0.18585	-0.30606	-0.40351	-0.50121	-0.65082	-0.82264	-0.9832	-1.3469	-1.5981	-1.7288	-1.8271	-1.6565	-0.37666	0.62166	0.84421	0.80621	0.67352	0.36274	0.16893	0.051892	-0.011416	-0.036078	-0.029342	-0.040023	-0.023102	0.012581	0.022777	0.044601	6.9401
1655	0.016824	-0.022633	-0.18012	-0.30563	-0.41282	-0.51241	-0.66839	-0.84753	-1.0263	-1.461	-1.6673	-1.8562	-2.0973	-1.9331	-0.6314	0.58404	0.81589	0.8392	0.72199	0.40477	0.21415	0.083027	0.0090333	-0.017155	-0.019016	-0.010198	0.0045782	0.0079432	0.051641	0.04871	7.3562
1655.1	0.027145	-0.023506	-0.16946	-0.31152	-0.42504	-0.53668	-0.67924	-0.87386	-1.0642	-1.4414	-1.8108	-1.9617	-2.3276	-2.1112	-0.75594	0.4297	0.77465	0.85651	0.76404	0.44959	0.25406	0.10882	0.02586	0.00043636	-0.009075	-0.017895	-0.0048088	0.02276	0.049777	0.041526	7.6996
1655.7	0.026196	-0.034871	-0.18189	-0.31686	-0.43203	-0.54689	-0.7073	-0.91888	-1.1	-1.5868	-1.8973	-2.0953	-2.5109	-2.4894	-1.0246	0.24157	0.72531	0.86809	0.78813	0.48123	0.27735	0.14125	0.054946	0.010152	0.0034565	-0.007477	0.010832	0.026561	0.045111	0.050484	8.0973
1655.6	0.021977	-0.02175	-0.18144	-0.30961	-0.43869	-0.53106	-0.72259	-0.92865	-1.1381	-1.6891	-1.9949	-2.3066	-2.6539	-2.7544	-1.2688	0.19821	0.68139	0.88797	0.81697	0.50585	0.31773	0.16992	0.07359	0.044396	0.017714	0.015156	0.011278	0.019791	0.045115	0.052283	8.4828
1653.7	0.026229	-0.034039	-0.17285	-0.3168	-0.44177	-0.54558	-0.74089	-0.95662	-1.1797	-1.6765	-2.0589	-2.4726	-2.8231	-3.0548	-1.6095	0.034356	0.61363	0.89498	0.84411	0.54795	0.34979	0.19259	0.096892	0.050007	0.035036	0.024238	0.014871	0.038882	0.044702	0.043358	8.8184
1652.4	0.01967	-0.034065	-0.18411	-0.32159	-0.45283	-0.55593	-0.76065	-0.97217	-1.2226	-1.8045	-2.1221	-2.6523	-3.1114	-3.2264	-1.7754	-0.052538	0.53713	0.88571	0.85806	0.57395	0.37946	0.21236	0.11291	0.062098	0.035494	0.030607	0.026523	0.035943	0.040078	0.047887	9.1749
1652.3	0.015442	-0.01741	-0.18922	-0.33255	-0.46923	-0.58726	-0.77816	-1.0014	-1.259	-1.7997	-2.2456	-2.6861	-3.2408	-3.4691	-1.7905	-0.18295	0.48709	0.90266	0.87143	0.61166	0.40614	0.24922	0.14571	0.082503	0.055409	0.037865	0.035928	0.042307	0.043341	0.058682	9.5042
1652.2	0.013093	-0.042836	-0.1832	-0.32619	-0.48716	-0.59524	-0.81095	-1.0418	-1.3258	-1.912	-2.3176	-2.8834	-3.4857	-3.8033	-2.2099	-0.40031	0.39299	0.87887	0.87859	0.62571	0.42823	0.26311	0.15484	0.095028	0.074028	0.047393	0.043989	0.047398	0.04381	0.051491	9.8666
1650.8	0.017338	-0.016549	-0.18058	-0.33651	-0.47837	-0.59477	-0.79243	-1.0757	-1.3462	-1.899	-2.4688	-2.8908	-3.6967	-4.0998	-2.4116	-0.63271	0.31398	0.87814	0.88824	0.66831	0.4608	0.28729	0.17002	0.10718	0.071491	0.054698	0.051645	0.054231	0.045713	0.051536	10.172
1648.7	0.019243	-0.019644	-0.19567	-0.35565	-0.48204	-0.60597	-0.82667	-1.084	-1.3609	-1.96	-2.544	-3.01	-3.8817	-4.3388	-2.5747	-0.7061	0.23119	0.87675	0.89647	0.68705	0.48441	0.30683	0.19215	0.12264	0.078522	0.055222	0.050364	0.052174	0.049503	0.0516	10.466
1648	0.0051168	-0.035035	-0.186	-0.34438	-0.48379	-0.61669	-0.84322	-1.0975	-1.4033	-2.0293	-2.6946	-3.127	-4.0917	-4.6067	-2.7911	-0.934	0.14622	0.86468	0.9022	0.70672	0.50627	0.3252	0.19954	0.13758	0.09635	0.068434	0.06116	0.051772	0.047191	0.055229	10.775
1648.4	0.016891	-0.014376	-0.18316	-0.3379	-0.47854	-0.63845	-0.84564	-1.1223	-1.4218	-2.0727	-2.7145	-3.1889	-4.2433	-4.8578	-3.0956	-1.1226	0.050446	0.83359	0.8904	0.71429	0.51766	0.34287	0.21821	0.15613	0.1024	0.067962	0.058003	0.045382	0.036909	0.039891	11.021
1646.1	0.016915	-0.027595	-0.17643	-0.35026	-0.47612	-0.61738	-0.85775	-1.1416	-1.47	-2.1832	-2.971	-3.3428	-4.5411	-5.1447	-3.2852	-1.3083	-0.046287	0.82626	0.89831	0.73854	0.54006	0.36639	0.23268	0.15867	0.10472	0.079438	0.076509	0.059065	0.061735	0.04807	11.282
1643	0.0093863	-0.029411	-0.18657	-0.36147	-0.50636	-0.62908	-0.86381	-1.1503	-1.5062	-2.1973	-2.9561	-3.5186	-4.7124	-5.4584	-3.5125	-1.4712	-0.13684	0.81638	0.89515	0.75892	0.55821	0.36277	0.23589	0.16131	0.11362	0.088715	0.069003	0.051077	0.038904	0.034144	11.534
1640.2	0.004195	-0.02902	-0.18922	-0.34189	-0.50825	-0.62664	-0.88858	-1.1667	-1.5141	-2.1814	-2.9766	-3.5875	-4.8227	-5.5967	-3.7095	-1.5515	-0.20994	0.79374	0.90158	0.77383	0.57906	0.39714	0.25373	0.17653	0.11992	0.073329	0.076787	0.057573	0.037562	0.043261	11.722
1639.1	-0.0029085	-0.0392	-0.17532	-0.34762	-0.50908	-0.63004	-0.88518	-1.1918	-1.553	-2.2761	-3.1339	-3.6915	-4.9932	-5.8677	-3.9433	-1.7375	-0.31336	0.7702	0.89544	0.78162	0.59471	0.39931	0.26766	0.17992	0.1248	0.088006	0.070969	0.064021	0.048854	0.048729	11.933
1636.5	-0.0086075	-0.016693	-0.18356	-0.32795	-0.50579	-0.66367	-0.88618	-1.2209	-1.5691	-2.3241	-3.1546	-3.7364	-5.1832	-6.1222	-4.1816	-1.9013	-0.39393	0.7529	0.88839	0.78826	0.59986	0.3961	0.27592	0.18864	0.12544	0.082655	0.067016	0.059415	0.034827	0.040182	12.092
1632.6	0.012775	-0.031817	-0.16805	-0.32366	-0.49354	-0.63107	-0.90245	-1.2139	-1.5797	-2.3445	-3.2038	-3.7989	-5.3357	-6.2063	-4.2724	-1.9791	-0.45822	0.72856	0.88917	0.79895	0.61153	0.42611	0.2835	0.19847	0.14063	0.096166	0.079865	0.063421	0.051408	0.038913	12.224
1630.3	-0.0029243	-0.046521	-0.17674	-0.3472	-0.50822	-0.64454	-0.8953	-1.2373	-1.6023	-2.3527	-3.2759	-3.8918	-5.4788	-6.4051	-4.4403	-2.1239	-0.53828	0.71044	0.87556	0.80888	0.62403	0.42961	0.26819	0.20063	0.13513	0.097679	0.079976	0.053624	0.042983	0.034409	12.384
1629.8	-0.011501	-0.029649	-0.16739	-0.339	-0.47468	-0.65884	-0.90443	-1.2358	-1.6241	-2.3436	-3.3343	-3.9418	-5.5976	-6.5463	-4.5125	-2.2665	-0.59063	0.69556	0.87043	0.81305	0.62423	0.43557	0.29599	0.20492	0.14087	0.10001	0.069107	0.046331	0.023166	0.031685	12.425
1627.7	0.020923	-0.033691	-0.16243	-0.33249	-0.49397	-0.67733	-0.93127	-1.2439	-1.6494	-2.3861	-3.4168	-3.9907	-5.7358	-6.7775	-4.7158	-2.4067	-0.66056	0.68131	0.87379	0.83173	0.64368	0.44973	0.29683	0.20518	0.14589	0.10428	0.076467	0.065331	0.043523	0.035376	12.512
1624.4	0.0066252	-0.033761	-0.17408	-0.32992	-0.50122	-0.64586	-0.91452	-1.2516	-1.6664	-2.4802	-3.4864	-4.1015	-5.7944	-6.9495	-4.8727	-2.4951	-0.73265	0.65541	0.85253	0.82506	0.63984	0.45113	0.29789	0.21079	0.14134	0.10357	0.083909	0.063307	0.043139	0.033618	12.61
1623.8	-0.0005446	-0.027082	-0.16565	-0.32077	-0.49048	-0.62689	-0.92064	-1.2653	-1.662	-2.5159	-3.357	-4.1275	-5.8812	-7.0406	-4.971	-2.5747	-0.75463	0.6501	0.85783	0.83226	0.65037	0.46055	0.3031	0.2019	0.13523	0.10222	0.082574	0.057289	0.030833	0.028599	12.632
1626.1	0.0013661	-0.018582	-0.17673	-0.34671	-0.49239	-0.66994	-0.92423	-1.2593	-1.682	-2.4034	-3.509	-4.1609	-6.0372	-7.147	-5.0047	-2.6447	-0.79692	0.64364	0.85663	0.84533	0.66207	0.46477	0.31009	0.20351	0.14164	0.10623	0.078819	0.062382	0.038836	0.037696	12.699
1625.9	-0.010573	-0.034621	-0.17958	-0.33796	-0.49454	-0.6675	-0.92169	-1.2755	-1.6958	-2.4334	-3.5094	-4.1467	-6.1036	-7.2084	-4.9799	-2.6941	-0.80221	0.62958	0.84095	0.83218	0.65188	0.46191	0.31244	0.20683	0.13946	0.096563	0.070638	0.04515	0.03174	0.025821	12.679
1624.5	0.0023228	-0.028854	-0.16275	-0.34797	-0.50119	-0.64177	-0.91845	-1.2492	-1.6644	-2.4949	-3.5123	-4.2088	-6.0899	-7.1771	-5.0653	-2.6865	-0.81088	0.62202	0.86061	0.83238	0.6627	0.46862	0.30992	0.21172	0.14353	0.097103	0.088002	0.061578	0.033187	0.031788	12.64
1625.8	-0.010574	-0.021704	-0.15414	-0.33474	-0.47585	-0.63926	-0.92485	-1.2751	-1.6636	-2.3741	-3.5619	-4.1665	-6.0524	-7.353	-5.1172	-2.7679	-0.83242	0.63972	0.85409	0.84893	0.6566	0.45951	0.31246	0.21344	0.14562	0.097951	0.075193	0.044721	0.021803	0.026278	12.652
1629.9	-0.0076891	-0.023427	-0.16033	-0.32512	-0.49694	-0.66233	-0.92694	-1.2883	-1.7044	-2.462	-3.5581	-4.1999	-6.1073	-7.3112	-5.1549	-2.7315	-0.84112	0.62853	0.85508	0.83846	0.65959	0.4695	0.30613	0.20256	0.1378	0.092646	0.067741	0.057506	0.023635	0.021198	12.651
1630.2	-0.0024484	-0.040748	-0.15607	-0.31398	-0.49011	-0.64911	-0.93738	-1.2679	-1.6818	-2.5653	-3.4532	-4.2624	-6.1061	-7.3145	-5.245	-2.7114	-0.84848	0.63496	0.85986	0.84515	0.66226	0.45874	0.30515	0.1997	0.13865	0.10412	0.07499	0.050618	0.023159	0.015269	12.661
1628.5	-0.007218	-0.048796	-0.1647	-0.32724	-0.49424	-0.64624	-0.90689	-1.2852	-1.6926	-2.4987	-3.4724	-4.2814	-6.1591	-7.3358	-5.1946	-2.7534	-0.86816	0.62099	0.84992	0.84405	0.66433	0.46406	0.30823	0.20837	0.14142	0.10837	0.078699	0.047227	0.031689	0.024864	12.696
1628.8	-0.00531	-0.029221	-0.15996	-0.30961	-0.46821	-0.64964	-0.92133	-1.2689	-1.6823	-2.3943	-3.4769	-4.2464	-6.1158	-7.2973	-5.148	-2.7823	-0.87693	0.61281	0.84571	0.84193	0.66234	0.47077	0.31418	0.21351	0.14271	0.10283	0.074597	0.039904	0.026013	0.026228	12.643
1631.9	-0.012913	-0.0083068	-0.13994	-0.32886	-0.4958	-0.65797	-0.91472	-1.2576	-1.6886	-2.4194	-3.5172	-4.1751	-6.1229	-7.2557	-5.1181	-2.8259	-0.86212	0.61466	0.84815	0.84522	0.65876	0.46358	0.30621	0.20512	0.14726	0.10539	0.072641	0.055286	0.031622	0.029366	12.645
1631.4	-0.0091098	-0.031396	-0.15595	-0.34742	-0.47161	-0.64208	-0.89644	-1.258	-1.6887	-2.4597	-3.5443	-4.1764	-6.0734	-7.3089	-5.1045	-2.6409	-0.83751	0.62995	0.84932	0.83913	0.6613	0.46276	0.31138	0.19345	0.1289	0.08337	0.065409	0.045425	0.017953	0.023455	12.47
1628.7	0.0032706	-0.017217	-0.15621	-0.32119	-0.46305	-0.61088	-0.86072	-1.2229	-1.6906	-2.3895	-3.571	-4.1833	-6.046	-7.2328	-5.0167	-2.7285	-0.81066	0.63603	0.85432	0.8508	0.64607	0.46206	0.30634	0.19518	0.13657	0.085808	0.0637	0.038617	0.017982	0.024862	12.294
1629.5	-0.005308	-0.016765	-0.14157	-0.29979	-0.47062	-0.62874	-0.89486	-1.2609	-1.6494	-2.4182	-3.4704	-4.1083	-6.0246	-7.1414	-4.9588	-2.6245	-0.75859	0.64532	0.85754	0.83279	0.64345	0.45021	0.29327	0.19039	0.12115	0.078411	0.058223	0.03774	0.02742	0.026675	12.227
1632.9	-0.0038702	-0.035359	-0.16708	-0.29733	-0.45671	-0.60783	-0.8718	-1.2292	-1.6478	-2.497	-3.4216	-4.0365	-5.9279	-7.0478	-4.9232	-2.5799	-0.71572	0.65905	0.85711	0.81835	0.63234	0.43426	0.27837	0.15856	0.10776	0.06815	0.049947	0.02822	0.0080402	0.018429	12.019
1633	0.005164	-0.030478	-0.12578	-0.29639	-0.46806	-0.64599	-0.88985	-1.2146	-1.6273	-2.3883	-3.4058	-3.9973	-5.8061	-6.8714	-4.832	-2.4527	-0.6772	0.67057	0.86828	0.81977	0.62766	0.42988	0.27375	0.16981	0.10425	0.064474	0.04768	0.037659	0.014637	0.020249	11.796
1631.4	-0.003398	-0.025624	-0.15783	-0.30959	-0.46747	-0.61038	-0.85312	-1.1951	-1.6111	-2.4251	-3.2945	-3.9476	-5.6761	-6.7853	-4.695	-2.3327	-0.58956	0.69234	0.86865	0.80538	0.60823	0.41332	0.25739	0.15165	0.086808	0.052592	0.037295	0.024808	0.022198	0.022089	11.647
1631.7	0.013257	-0.018961	-0.14466	-0.28	-0.4389	-0.58662	-0.86047	-1.2005	-1.5809	-2.3358	-3.2418	-3.83	-5.4646	-6.4504	-4.4161	-2.2002	-0.50306	0.71485	0.87568	0.8018	0.59276	0.40937	0.25135	0.14928	0.084599	0.044314	0.035927	0.027811	0.013706	0.018897	11.366
1633.2	-0.0010166	-0.023822	-0.14547	-0.28483	-0.44265	-0.59867	-0.8522	-1.167	-1.5492	-2.2992	-3.3949	-3.8461	-5.3944	-6.3891	-4.291	-2.0517	-0.46227	0.72678	0.88659	0.78546	0.58619	0.38334	0.24375	0.1346	0.080583	0.037391	0.0214	0.00075544	0.011808	0.021609	11.176
1632.6	0.010398	-0.024719	-0.13473	-0.29831	-0.44903	-0.59185	-0.8406	-1.1769	-1.528	-2.3001	-3.1414	-3.7356	-5.275	-6.0674	-4.0704	-1.9009	-0.36578	0.75219	0.88962	0.77696	0.57897	0.3709	0.22909	0.13184	0.069661	0.034651	0.034096	0.02007	0.017468	0.025715	10.931
1628.4	0.017099	0.013912	-0.1266	-0.28473	-0.41748	-0.56311	-0.83165	-1.1295	-1.516	-2.1971	-3.0607	-3.6329	-5.0776	-5.897	-3.9186	-1.6852	-0.26697	0.76972	0.89547	0.76422	0.56412	0.36747	0.22135	0.12558	0.059296	0.034278	0.024643	0.011515	0.014206	0.014828	10.593
1625.8	0.012352	-0.019476	-0.1188	-0.29539	-0.44467	-0.56707	-0.82548	-1.1088	-1.4948	-2.1165	-2.9926	-3.5656	-4.8232	-5.6603	-3.6663	-1.5653	-0.1675	0.81138	0.90146	0.7537	0.54169	0.33792	0.20736	0.10082	0.062473	0.026498	0.014217	0.012827	0.011862	0.026736	10.344
1624.7	0.030997	-0.0061152	-0.12217	-0.29974	-0.43975	-0.57904	-0.81713	-1.1231	-1.4712	-2.1674	-2.8743	-3.4847	-4.6338	-5.4312	-3.4504	-1.4189	-0.078962	0.83059	0.90926	0.74484	0.52288	0.32256	0.18803	0.083905	0.047105	0.00068324	-0.00034513	0.00032914	0.017554	0.037271	10.033
1622.8	0.019072	-0.014156	-0.11902	-0.27181	-0.41269	-0.56002	-0.79456	-1.0881	-1.4356	-2.0757	-2.8516	-3.3665	-4.489	-5.1536	-3.2817	-1.1452	-0.0035213	0.8498	0.909	0.71722	0.50572	0.30735	0.18362	0.078341	0.038787	0.003916	0.0010222	-0.0013984	0.026585	0.030448	9.6854
1619.9	0.029652	0.0090684	-0.13484	-0.2551	-0.40195	-0.56557	-0.80354	-1.0636	-1.3993	-1.9949	-2.8304	-3.2941	-4.3746	-4.9621	-3.0941	-1.0931	0.077818	0.87311	0.91243	0.71554	0.48131	0.28203	0.16583	0.070913	0.027818	-0.0067176	-0.013135	-0.0074568	0.019031	0.038759	9.391
1619.3	0.031581	0.011308	-0.12495	-0.26589	-0.44437	-0.55413	-0.79316	-1.055	-1.3761	-2.0056	-2.7214	-3.2217	-4.2255	-4.7445	-2.8457	-0.91608	0.15733	0.87192	0.90598	0.69216	0.46555	0.26847	0.1366	0.058166	0.013693	-0.0132	-0.0058293	-0.0039988	0.024741	0.045656	9.0359
1620.7	0.021492	-0.017302	-0.13288	-0.27773	-0.41425	-0.54807	-0.76708	-1.0389	-1.3251	-1.8994	-2.5566	-3.1012	-3.9629	-4.4557	-2.5989	-0.74293	0.23519	0.88431	0.90608	0.66939	0.44311	0.25847	0.1258	0.039678	0.0022071	-0.021512	-0.013128	-0.017397	0.019496	0.030945	8.6718
1621.2	0.021485	-0.0074687	-0.13331	-0.2795	-0.41725	-0.53068	-0.73926	-1.014	-1.3092	-1.874	-2.4458	-2.9974	-3.7594	-4.2538	-2.4302	-0.62947	0.31545	0.88251	0.8886	0.64112	0.41768	0.22815	0.10347	0.030687	-0.0052929	-0.034449	-0.041416	-0.019121	0.0090477	0.030478	8.3423
1621.5	0.041115	0.0068255	-0.1106	-0.2567	-0.38695	-0.52045	-0.72355	-0.9803	-1.2761	-1.9332	-2.3615	-2.9184	-3.5611	-3.8986	-2.2364	-0.43742	0.38909	0.89955	0.88345	0.62032	0.397	0.20909	0.089991	0.0065858	-0.024701	-0.045535	-0.029546	-0.0078819	0.030401	0.045592	7.934
1622.9	0.049214	-0.0074611	-0.14356	-0.26855	-0.38871	-0.518	-0.70118	-0.95683	-1.2399	-1.7927	-2.3334	-2.7887	-3.4218	-3.6904	-2.0262	-0.38296	0.46241	0.89274	0.86329	0.58932	0.3597	0.17725	0.068582	0.0042213	-0.022036	-0.044573	-0.050035	-0.022556	0.014254	0.030447	7.5968
1626.6	0.037168	-0.0092259	-0.13852	-0.27117	-0.39458	-0.49663	-0.69027	-0.93769	-1.2039	-1.8084	-2.1662	-2.7091	-3.1796	-3.4031	-1.834	-0.17603	0.51034	0.89222	0.85546	0.56443	0.34254	0.15934	0.051765	-0.019809	-0.043533	-0.062902	-0.05265	-0.033705	-0.0028103	0.035401	7.2186
1629.1	0.039495	-0.016325	-0.14865	-0.26106	-0.38101	-0.48832	-0.68125	-0.91699	-1.1644	-1.7166	-2.1265	-2.6367	-3.0671	-3.1613	-1.5882	0.020196	0.58246	0.89439	0.83885	0.53614	0.31825	0.12901	0.035053	-0.030126	-0.0562	-0.065566	-0.059837	-0.024191	0.0085312	0.037629	6.7721
1630.7	0.049454	0.0058993	-0.12455	-0.24972	-0.35731	-0.46518	-0.65181	-0.9015	-1.14	-1.7643	-2.0514	-2.4246	-2.9237	-2.9958	-1.4551	0.09357	0.63684	0.89198	0.8353	0.50917	0.29092	0.11433	0.011476	-0.040901	-0.061844	-0.071935	-0.047073	-0.019009	0.019849	0.04078	6.4664
1632.3	0.032279	-0.0083047	-0.13052	-0.25269	-0.35073	-0.45918	-0.64541	-0.85553	-1.0863	-1.6046	-1.8621	-2.3589	-2.6777	-2.6315	-1.2566	0.23036	0.69158	0.88303	0.80705	0.47297	0.25946	0.084664	-0.011131	-0.062918	-0.074489	-0.092064	-0.071499	-0.03659	0.0019149	0.027993	6.0787
1634.8	0.045529	0.0063263	-0.12657	-0.24678	-0.34142	-0.464	-0.63252	-0.8458	-1.0584	-1.4445	-1.8852	-2.1415	-2.4497	-2.5258	-0.94189	0.31788	0.74348	0.88119	0.7798	0.45419	0.22609	0.076313	-0.019862	-0.084379	-0.091001	-0.10568	-0.074559	-0.036106	0.021682	0.052493	5.6577
1637.6	0.03265	-0.0016443	-0.11607	-0.2289	-0.32794	-0.45169	-0.61295	-0.80975	-1.0187	-1.447	-1.7576	-2.1039	-2.2779	-2.2445	-0.78417	0.43431	0.76421	0.85664	0.74713	0.412	0.19927	0.037074	-0.043732	-0.10108	-0.095215	-0.098176	-0.08934	-0.046741	0.0042579	0.040154	5.3092
1637.9	0.041652	-0.0047401	-0.1095	-0.22794	-0.33716	-0.44058	-0.60491	-0.78668	-0.9819	-1.3484	-1.5499	-1.9338	-2.1192	-2.0733	-0.60777	0.5609	0.81458	0.85097	0.72325	0.37635	0.16817	0.0071352	-0.070838	-0.11883	-0.11179	-0.11646	-0.088871	-0.044594	0.021641	0.050126	4.8773
1637	0.050214	0.016053	-0.11049	-0.21841	-0.31412	-0.40523	-0.57	-0.75717	-0.93365	-1.2606	-1.5352	-1.7554	-1.9806	-1.7928	-0.51239	0.61484	0.85763	0.83089	0.70529	0.34878	0.13533	-0.01846	-0.098927	-0.13481	-0.12846	-0.13484	-0.10203	-0.057033	0.0094304	0.053331	4.4346
1639	0.047307	0.0032177	-0.12718	-0.21124	-0.31218	-0.40872	-0.55389	-0.72911	-0.89546	-1.3081	-1.4245	-1.6417	-1.8478	-1.5876	-0.28531	0.68223	0.86824	0.78778	0.63862	0.29332	0.085126	-0.046901	-0.11396	-0.1482	-0.13921	-0.14244	-0.10145	-0.06765	-0.0041966	0.027425	4.0585
1641.7	0.042028	0.0085069	-0.11018	-0.20769	-0.30653	-0.38206	-0.52399	-0.69012	-0.84714	-1.1588	-1.3549	-1.46	-1.6264	-1.3041	-0.093942	0.79292	0.87709	0.75599	0.59155	0.25882	0.057235	-0.061754	-0.13165	-0.16289	-0.14421	-0.1486	-0.10804	-0.069673	0.0084653	0.033717	3.6353
1641.9	0.037293	-0.016197	-0.12043	-0.19987	-0.2998	-0.37901	-0.52173	-0.68117	-0.80332	-1.1881	-1.2099	-1.305	-1.4311	-1.1197	-0.048728	0.76852	0.87325	0.71041	0.54636	0.19754	0.022542	-0.10268	-0.1651	-0.17967	-0.16074	-0.14311	-0.13101	-0.070091	0.009402	0.036881	3.2803
1641.3	0.044403	0.0085082	-0.11721	-0.19628	-0.27005	-0.36565	-0.49204	-0.64595	-0.78425	-0.94314	-1.1742	-1.2426	-1.2272	-0.89445	0.10201	0.91954	0.87638	0.67667	0.49875	0.16699	-0.0070586	-0.12825	-0.17755	-0.1956	-0.1669	-0.16599	-0.14503	-0.086341	-0.0051298	0.040515	2.8249
1643	0.049558	0.0014469	-0.095638	-0.18829	-0.27698	-0.3373	-0.47092	-0.62292	-0.71456	-0.9471	-0.99211	-1.1349	-1.082	-0.70948	0.30271	1.0352	0.89135	0.63602	0.45048	0.12553	-0.044028	-0.15459	-0.20211	-0.21686	-0.18154	-0.18498	-0.14443	-0.075592	-0.0046557	0.036857	2.4636
1645.6	0.052308	0.0018836	-0.08943	-0.16329	-0.26986	-0.34224	-0.45525	-0.59863	-0.69812	-0.83787	-0.87698	-1.0848	-0.9366	-0.50159	0.35233	0.98016	0.87314	0.59209	0.39135	0.06859	-0.091946	-0.18606	-0.23289	-0.23745	-0.2008	-0.18423	-0.15319	-0.081856	0.0018995	0.036798	2.0642
1645.6	0.043816	0.011127	-0.10247	-0.16923	-0.26421	-0.31481	-0.42326	-0.55766	-0.65316	-0.79382	-0.84602	-0.91105	-0.79756	-0.33619	0.40746	1.0044	0.85219	0.51478	0.31023	0.010883	-0.13855	-0.21969	-0.25164	-0.24025	-0.20515	-0.1906	-0.14285	-0.077598	0.0037698	0.025961	1.6435
1644.4	0.046209	0.0045287	-0.098349	-0.16936	-0.26749	-0.31704	-0.41042	-0.52826	-0.62621	-0.69645	-0.7124	-0.78131	-0.60334	-0.12956	0.6084	1.0052	0.82069	0.44977	0.24177	-0.042978	-0.16544	-0.25111	-0.26419	-0.27118	-0.22226	-0.20351	-0.16545	-0.082769	0.014535	0.040439	1.294
1644.6	0.066976	0.015538	-0.086691	-0.16522	-0.23355	-0.30852	-0.39896	-0.51189	-0.60274	-0.70616	-0.6297	-0.70393	-0.53835	-0.060583	0.64844	0.84006	0.78285	0.38134	0.17261	-0.087616	-0.21759	-0.28666	-0.30397	-0.28745	-0.2405	-0.21989	-0.16453	-0.090002	0.010322	0.043145	0.91709
1645.9	0.044278	0.0084842	-0.084759	-0.15868	-0.24876	-0.2948	-0.38768	-0.4896	-0.56135	-0.60282	-0.54664	-0.63579	-0.39426	0.08645	0.74813	1.0285	0.74125	0.32019	0.10696	-0.14379	-0.25248	-0.31621	-0.31836	-0.30025	-0.25421	-0.21789	-0.16215	-0.086098	-0.0023091	0.035436	0.54921
1645	0.046664	0.0062871	-0.081547	-0.14367	-0.22219	-0.27551	-0.37343	-0.47218	-0.54322	-0.62274	-0.49533	-0.63132	-0.2461	0.095694	0.80371	1.0339	0.68765	0.25949	0.042361	-0.18074	-0.29324	-0.34571	-0.33639	-0.31625	-0.2474	-0.23441	-0.16359	-0.080608	-0.00043841	0.040424	0.18124
1643.7	0.043866	0.011581	-0.079749	-0.15753	-0.2126	-0.27473	-0.35355	-0.45159	-0.51306	-0.43703	-0.4544	-0.41919	-0.19526	0.24296	0.83948	0.89394	0.63274	0.1778	-0.02633	-0.23915	-0.32628	-0.36427	-0.36139	-0.32723	-0.24455	-0.22959	-0.16643	-0.086642	0.014542	0.047689	-0.16096
1644.7	0.05281	0.015537	-0.080165	-0.13638	-0.2063	-0.24412	-0.33009	-0.42289	-0.46596	-0.39757	-0.32505	-0.32234	-0.042107	0.35773	0.86904	1.0098	0.56108	0.10433	-0.1057	-0.29091	-0.3704	-0.4025	-0.38267	-0.34472	-0.30789	-0.24266	-0.17937	-0.10065	-0.0018432	0.037721	-0.46064
1647.3	0.044242	0.0040813	-0.087946	-0.13068	-0.20136	-0.24722	-0.31031	-0.41061	-0.44861	-0.40673	-0.36062	-0.21092	0.036673	0.45354	0.93277	0.829	0.49649	0.027427	-0.17722	-0.34472	-0.42514	-0.42251	-0.40401	-0.34186	-0.29265	-0.2582	-0.18313	-0.094109	2.8192e-005	0.036761	-0.77712
1648.4	0.050335	0.02297	-0.079055	-0.1347	-0.19507	-0.23809	-0.29084	-0.38011	-0.41554	-0.3527	-0.24189	-0.2445	0.092177	0.50828	0.93213	0.84297	0.42132	-0.049277	-0.25319	-0.40015	-0.4617	-0.45148	-0.41834	-0.36533	-0.26902	-0.25802	-0.18255	-0.10382	-0.0013716	0.032228	-1.0952
1649.8	0.042765	0.018124	-0.079919	-0.12957	-0.1816	-0.22795	-0.28536	-0.37609	-0.38965	-0.3573	-0.21082	-0.051709	0.20306	0.64992	0.93137	0.73102	0.32439	-0.13183	-0.33613	-0.4482	-0.48941	-0.47221	-0.44264	-0.40125	-0.29915	-0.27372	-0.19541	-0.10034	0.01029	0.052018	-1.3813
1654.2	0.05016	0.017637	-0.070443	-0.1183	-0.19133	-0.22833	-0.27762	-0.34081	-0.34298	-0.35634	-0.20512	-0.0083569	0.25323	0.72132	0.90395	0.72906	0.24108	-0.21832	-0.40574	-0.50827	-0.534	-0.51349	-0.46512	-0.42102	-0.31219	-0.28658	-0.20965	-0.11617	0.0079375	0.037955	-1.6371
1658.7	0.050023	0.018026	-0.066556	-0.10936	-0.15617	-0.19851	-0.28165	-0.3385	-0.32911	-0.27281	-0.091938	0.068294	0.30773	0.79226	0.99099	0.68378	0.16052	-0.28947	-0.47538	-0.54826	-0.55635	-0.53163	-0.47384	-0.40925	-0.30357	-0.2885	-0.19659	-0.10867	-0.0027559	0.042778	-1.8822
1661.6	0.048534	0.01102	-0.065057	-0.11959	-0.1681	-0.19224	-0.26597	-0.31163	-0.30005	-0.27719	0.010432	0.096862	0.43571	0.8091	0.89	0.62495	0.076787	-0.35912	-0.54343	-0.60254	-0.59332	-0.56116	-0.48615	-0.4173	-0.31596	-0.27718	-0.19847	-0.11059	0.0014175	0.031525	-2.0848
1664.1	0.049862	0.018403	-0.07601	-0.10901	-0.15668	-0.17913	-0.24087	-0.30518	-0.28893	-0.23805	0.00020696	0.10149	0.39841	0.82153	0.85893	0.53771	0.005774	-0.42666	-0.59684	-0.62899	-0.61799	-0.57126	-0.518	-0.41346	-0.31506	-0.29433	-0.20751	-0.10832	-0.0032092	0.034158	-2.3132
1667.6	0.046033	0.017495	-0.047366	-0.10336	-0.14672	-0.17481	-0.24469	-0.27698	-0.25772	-0.1651	0.015484	0.12986	0.49362	0.87874	0.93627	0.48871	-0.0728	-0.49862	-0.66113	-0.66404	-0.65267	-0.60989	-0.53723	-0.43832	-0.32898	-0.28338	-0.21018	-0.11229	0.013411	0.047453	-2.5097
1671.6	0.044993	0.014854	-0.06146	-0.097259	-0.15092	-0.17832	-0.22512	-0.26394	-0.24293	-0.15989	0.06116	0.18657	0.52438	0.85402	0.94389	0.43025	-0.16475	-0.57599	-0.74116	-0.71544	-0.68518	-0.61647	-0.53549	-0.44139	-0.33718	-0.3087	-0.20968	-0.13047	0.010156	0.035782	-2.6499
1672.8	0.038925	0.0087816	-0.062331	-0.10484	-0.14071	-0.18408	-0.234	-0.26054	-0.23524	-0.15977	0.12203	0.21018	0.6243	0.90762	0.93827	0.32975	-0.2434	-0.63887	-0.79192	-0.72779	-0.71327	-0.63445	-0.52564	-0.45709	-0.32239	-0.30847	-0.20997	-0.11236	-0.010093	0.050413	-2.8388
1673.6	0.036587	0.013104	-0.052688	-0.084546	-0.12196	-0.16927	-0.2089	-0.25171	-0.21744	-0.058621	0.045863	0.34773	0.6559	0.92977	1.0265	0.19608	-0.32751	-0.7082	-0.85157	-0.76939	-0.74014	-0.64737	-0.53483	-0.45229	-0.34189	-0.31011	-0.21031	-0.11398	-0.0013518	0.047724	-2.9775
1675.9	0.039318	0.0048756	-0.054444	-0.098805	-0.13994	-0.1808	-0.21507	-0.23171	-0.19287	-0.058542	0.091416	0.21928	0.58219	0.91948	0.89718	0.16724	-0.41209	-0.7763	-0.9117	-0.80455	-0.76995	-0.6748	-0.55701	-0.46631	-0.34442	-0.30925	-0.22768	-0.11801	0.0059973	0.03037	-3.1039
1679.2	0.040165	0.014356	-0.060269	-0.093231	-0.13464	-0.20636	-0.2082	-0.23582	-0.18852	-0.0968	0.15698	0.28034	0.71731	0.9357	0.87576	0.13365	-0.48428	-0.83491	-0.96059	-0.84242	-0.7784	-0.6829	-0.56578	-0.46859	-0.33437	-0.30954	-0.21974	-0.11569	0.00048656	0.03739	-3.2213
1680.9	0.036428	0.0044303	-0.058384	-0.095822	-0.13601	-0.17782	-0.20713	-0.22555	-0.18305	-0.063156	0.13154	0.36512	0.6848	0.98419	0.92882	0.11926	-0.51386	-0.85259	-0.98359	-0.84819	-0.78436	-0.69818	-0.55355	-0.45625	-0.3336	-0.30119	-0.20367	-0.11057	-0.001345	0.030279	-3.264
1681.5	0.035952	0.0074429	-0.067931	-0.089072	-0.13596	-0.15823	-0.20405	-0.22456	-0.1777	-0.053548	0.2022	0.33663	0.64373	0.92988	0.84511	0.038539	-0.57472	-0.90451	-1.0199	-0.87018	-0.80485	-0.70451	-0.56633	-0.46292	-0.34624	-0.30865	-0.22691	-0.1147	0.0059771	0.036012	-3.2944
1683.5	0.032683	0.020341	-0.061936	-0.10238	-0.13429	-0.17072	-0.19053	-0.20564	-0.15904	-0.034358	0.2171	0.37399	0.71095	0.96922	0.79023	0.043241	-0.60136	-0.93174	-1.0357	-0.87723	-0.81023	-0.70792	-0.57864	-0.47421	-0.34881	-0.31275	-0.20292	-0.11623	0.01557	0.039501	-3.3432
1685.2	0.024816	0.00012115	-0.070508	-0.083517	-0.13967	-0.1647	-0.20189	-0.22679	-0.16063	-0.10601	0.21687	0.40189	0.71473	1.0086	0.77963	0.00057345	-0.63711	-0.9449	-1.0629	-0.89384	-0.79903	-0.70672	-0.56152	-0.47054	-0.35015	-0.30397	-0.21368	-0.129	0.015554	0.031524	-3.3478
1684.6	0.034966	-0.0033188	-0.064168	-0.094718	-0.14323	-0.16671	-0.19298	-0.21778	-0.16727	-0.039114	0.20688	0.3596	0.65162	0.91921	0.83376	-0.037321	-0.64598	-0.96523	-1.0737	-0.89275	-0.80608	-0.7112	-0.57513	-0.47708	-0.34645	-0.29741	-0.20893	-0.12156	-0.0072816	0.029771	-3.3356
1682.6	0.041469	0.0070081	-0.050586	-0.092149	-0.13889	-0.16691	-0.19835	-0.21668	-0.15517	-0.077457	0.29796	0.3742	0.68867	0.96527	0.77105	0.0053147	-0.67591	-0.98787	-1.0925	-0.91234	-0.82286	-0.71301	-0.57896	-0.46901	-0.3524	-0.29867	-0.21974	-0.10963	0.0041442	0.03864	-3.328
1681.5	0.032259	-0.0050468	-0.065197	-0.10474	-0.15405	-0.16848	-0.20362	-0.20861	-0.15878	-0.1302	0.24765	0.2705	0.6891	0.91639	0.76173	0.00057471	-0.69956	-0.99433	-1.1014	-0.91811	-0.84143	-0.7299	-0.5811	-0.48297	-0.34241	-0.30241	-0.23087	-0.11928	-0.0045489	0.037337	-3.3325
1680.4	0.035515	0.010896	-0.069343	-0.099883	-0.14409	-0.17494	-0.20805	-0.20966	-0.15316	-0.02003	0.24782	0.37941	0.71226	0.93501	0.81623	-0.046916	-0.69957	-1.0067	-1.1114	-0.92301	-0.83612	-0.72475	-0.57926	-0.47189	-0.35967	-0.30217	-0.2253	-0.11853	0.002317	0.044437	-3.3356
1678	0.034177	-0.0016047	-0.063963	-0.11124	-0.14178	-0.17323	-0.19889	-0.21498	-0.16484	-0.058466	0.21274	0.49828	0.72689	0.99489	0.82229	-0.027961	-0.69462	-1.0018	-1.1081	-0.93144	-0.83322	-0.73331	-0.59802	-0.49356	-0.35165	-0.30706	-0.2124	-0.10449	0.003697	0.0383	-3.3158
1674.9	0.03656	-0.0080948	-0.06317	-0.097517	-0.15517	-0.18287	-0.20228	-0.21585	-0.16869	-0.029719	0.17258	0.45181	0.7055	0.86136	0.814	-0.047072	-0.69137	-1.0042	-1.1181	-0.92321	-0.85385	-0.73234	-0.58387	-0.47026	-0.34762	-0.30586	-0.21722	-0.12227	-0.01008	0.039703	-3.2807
1673.5	0.042157	0.0087778	-0.054064	-0.10389	-0.15176	-0.17468	-0.2046	-0.22197	-0.17059	0.0232	0.14735	0.39995	0.69239	0.94337	0.86886	-0.0089636	-0.68735	-1.0045	-1.1137	-0.91536	-0.85181	-0.72395	-0.58704	-0.46743	-0.33593	-0.29759	-0.20236	-0.11022	0.0078458	0.043288	-3.1588
1673.2	0.026387	-0.0081019	-0.077425	-0.10706	-0.14673	-0.17177	-0.18869	-0.21377	-0.16178	-0.010494	0.22858	0.34306	0.75634	0.94807	0.79509	-0.023275	-0.67557	-0.99094	-1.1025	-0.90742	-0.83381	-0.717	-0.5867	-0.49041	-0.35266	-0.30571	-0.22053	-0.1182	-0.00043278	0.022869	-3.0125
1672.2	0.035225	-0.0059425	-0.082055	-0.11658	-0.16148	-0.18807	-0.2177	-0.24414	-0.18356	-0.058662	0.117	0.31477	0.66101	0.97126	0.88929	-0.018519	-0.64575	-0.97633	-1.0848	-0.90464	-0.81389	-0.70703	-0.56185	-0.46643	-0.33962	-0.32203	-0.20119	-0.10947	0.00371	0.045543	-2.9119
1670.9	0.042222	0.0096577	-0.07157	-0.12748	-0.16109	-0.19951	-0.22045	-0.23698	-0.18237	-0.00086281	0.18316	0.42434	0.71172	0.93124	0.82578	-0.023306	-0.61596	-0.9466	-1.0584	-0.8905	-0.80359	-0.7014	-0.55956	-0.45026	-0.32104	-0.27832	-0.20046	-0.10997	0.006015	0.03624	-2.755
1671.6	0.033846	0.0018543	-0.082085	-0.12743	-0.17468	-0.19551	-0.23245	-0.2479	-0.19602	-0.087608	0.11705	0.31488	0.65214	0.90377	0.84521	0.072188	-0.57678	-0.90844	-1.0321	-0.86582	-0.78285	-0.69074	-0.5535	-0.44826	-0.32948	-0.28359	-0.19994	-0.10113	0.014299	0.045117	-2.5661
1672.7	0.042642	0.00098757	-0.087067	-0.12374	-0.17305	-0.20274	-0.22841	-0.24819	-0.1981	-0.15497	0.15759	0.35267	0.66994	0.9574	0.84958	0.12939	-0.52509	-0.87838	-0.98404	-0.83852	-0.79185	-0.67656	-0.54323	-0.44659	-0.34037	-0.28609	-0.18521	-0.092261	-0.00043116	0.039756	-2.3894
1672.8	0.025929	-0.0029087	-0.079276	-0.13544	-0.17809	-0.20371	-0.24349	-0.26374	-0.22462	-0.12605	0.11696	0.22442	0.67902	0.99802	0.83965	0.23911	-0.46369	-0.82288	-0.95241	-0.81748	-0.77001	-0.66612	-0.53599	-0.43145	-0.31256	-0.2798	-0.18918	-0.093512	0.010609	0.0362	-2.1548
1671.6	0.038026	0.0053212	-0.078877	-0.13148	-0.18479	-0.21712	-0.24798	-0.28044	-0.23497	-0.14543	0.10181	0.23885	0.59739	0.97613	0.84029	0.22019	-0.39528	-0.75866	-0.89563	-0.7818	-0.73242	-0.64816	-0.52108	-0.42168	-0.30338	-0.25624	-0.19065	-0.088131	0.024428	0.053117	-1.9112
1671.9	0.036161	-0.0020444	-0.093068	-0.14407	-0.19032	-0.22837	-0.26174	-0.28772	-0.25307	-0.16467	0.13225	0.2293	0.56077	0.93073	0.85986	0.33471	-0.33106	-0.70894	-0.84895	-0.74776	-0.71003	-0.63244	-0.50792	-0.42619	-0.28792	-0.26068	-0.17114	-0.094402	0.0096945	0.037998	-1.6965
1673.6	0.030092	-0.0098317	-0.10167	-0.15606	-0.19668	-0.23598	-0.27698	-0.30252	-0.26076	-0.14044	0.066166	0.22431	0.59209	0.87555	0.91317	0.32005	-0.25564	-0.64444	-0.79241	-0.72362	-0.67934	-0.59304	-0.48266	-0.40102	-0.2936	-0.25503	-0.16256	-0.081743	0.013363	0.046836	-1.4742
1674.1	0.041677	-0.0067995	-0.09706	-0.15421	-0.19107	-0.22708	-0.28121	-0.31295	-0.29029	-0.26068	0.020493	0.16731	0.50079	0.87981	0.84884	0.39623	-0.18875	-0.58785	-0.74616	-0.68955	-0.64784	-0.58057	-0.47801	-0.40181	-0.28368	-0.24824	-0.18019	-0.087159	0.007842	0.047266	-1.2048
