12352	4	3	91	22.6	760	1	4	10	0.582	128	4096	10	0	0	0	0	74.493	984.38	1.486e+006	0.11782	0.02476	40.614	0	0	1	0	0	0	11	0	0
983.59	0.037844	-0.019071	-0.11474	-0.18728	-0.26114	-0.23475	-0.39815	-0.49151	-0.53241	-0.63237	-0.64522	-0.55239	-0.23851	0.1024	0.66631	0.81345	0.58942	0.16542	-0.049786	-0.23393	-0.2974	-0.33585	-0.31565	-0.29101	-0.21136	-0.18296	-0.12856	-0.082154	0.0037561	0.030081	1.7893
983.7	0.023634	-0.013178	-0.11006	-0.21175	-0.27314	-0.24724	-0.40544	-0.50859	-0.57673	-0.64868	-0.48113	-0.64116	-0.30828	0.087022	0.54884	0.89449	0.67814	0.25469	0.047903	-0.18036	-0.24719	-0.27955	-0.28654	-0.25593	-0.20189	-0.17227	-0.1308	-0.077159	0.0061028	0.033098	2.2556
979.77	0.026106	-0.020623	-0.12223	-0.21567	-0.28113	-0.25242	-0.44019	-0.55911	-0.62057	-0.7746	-0.75175	-0.78156	-0.46521	0.025629	0.51738	0.8655	0.74576	0.35876	0.15964	-0.094743	-0.20246	-0.23467	-0.26156	-0.22881	-0.18737	-0.17373	-0.10943	-0.058158	0.0029843	0.050673	2.7035
978.18	0.025354	-0.026581	-0.13261	-0.2091	-0.30923	-0.29647	-0.46598	-0.58195	-0.66242	-0.84173	-0.96132	-0.94525	-0.74667	-0.27577	0.52665	0.76085	0.8018	0.44409	0.25964	-0.013313	-0.13913	-0.21646	-0.22198	-0.20647	-0.17963	-0.15716	-0.10507	-0.056821	0.005351	0.034804	3.2636
978.92	0.026921	-0.0236	-0.12703	-0.23815	-0.30813	-0.29624	-0.48846	-0.60186	-0.70122	-0.95629	-0.96059	-1.0257	-0.97985	-0.51498	0.32404	0.76843	0.83327	0.54606	0.33737	0.055173	-0.080844	-0.16379	-0.19336	-0.18675	-0.15319	-0.13407	-0.098941	-0.041746	0.0077054	0.031743	3.7263
980.3	0.031636	-0.013964	-0.13701	-0.23552	-0.31546	-0.29248	-0.49881	-0.65493	-0.81041	-0.98782	-1.0978	-1.0242	-1.0641	-0.57595	0.2731	0.79176	0.84304	0.59134	0.41097	0.11045	-0.024957	-0.12968	-0.15469	-0.14663	-0.12598	-0.10559	-0.081443	-0.043116	0.032028	0.027908	4.2405
982.43	0.032358	-0.028678	-0.14451	-0.26259	-0.34746	-0.31774	-0.54104	-0.69563	-0.79511	-0.96109	-1.1646	-1.3859	-1.2869	-0.92869	0.054241	0.90379	0.8498	0.6569	0.47205	0.16301	0.003696	-0.093184	-0.13444	-0.12525	-0.11915	-0.10384	-0.087292	-0.036603	0.02491	0.039193	4.7772
979.24	0.02929	-0.024333	-0.16376	-0.25268	-0.35118	-0.34896	-0.57374	-0.72918	-0.83471	-1.03	-1.5239	-1.3823	-1.4858	-1.2019	-0.063496	0.54	0.86117	0.70933	0.5425	0.2157	0.05954	-0.049885	-0.10797	-0.11314	-0.11443	-0.11183	-0.078511	-0.037437	0.03285	0.030214	5.3047
975.31	0.027817	-0.012549	-0.15264	-0.27763	-0.37685	-0.34279	-0.59528	-0.75726	-0.89421	-1.2241	-1.4517	-1.6648	-1.6404	-1.4858	-0.31745	0.624	0.84736	0.76185	0.6041	0.29349	0.11739	-0.01036	-0.082164	-0.090034	-0.097287	-0.07924	-0.059863	-0.031123	0.015624	0.040238	5.7864
974.46	0.019873	-0.016276	-0.16457	-0.28405	-0.40146	-0.35404	-0.6143	-0.80352	-0.96559	-1.3574	-1.6534	-1.7885	-2.0175	-1.9061	-0.50392	0.48531	0.82844	0.80126	0.66711	0.33878	0.16581	0.043998	-0.045158	-0.064955	-0.075351	-0.062388	-0.059156	-0.028273	0.024323	0.037987	6.262
975.84	0.023027	-0.029614	-0.16826	-0.28982	-0.40176	-0.37036	-0.65038	-0.84164	-1.0082	-1.5454	-1.8251	-2.022	-2.2648	-2.1901	-0.77368	0.34559	0.76917	0.82704	0.72479	0.40291	0.19826	0.067432	-0.018096	-0.048376	-0.057654	-0.053085	-0.048459	-0.032543	0.0029963	0.037171	6.7767
974.57	0.011903	-0.021476	-0.15904	-0.29406	-0.40749	-0.38853	-0.6616	-0.85217	-1.0611	-1.5722	-1.9146	-2.2121	-2.3225	-2.4567	-0.90163	0.28056	0.72616	0.84918	0.75208	0.45421	0.25306	0.10484	0.018181	-0.012279	-0.018098	-0.043925	-0.031062	-0.01389	0.0037909	0.036458	7.2443
973.93	0.027856	-0.044544	-0.18904	-0.30275	-0.43725	-0.40564	-0.68943	-0.92195	-1.1021	-1.7717	-2.0553	-2.3359	-2.8566	-2.8542	-1.2579	0.034917	0.6464	0.88429	0.79324	0.49138	0.31093	0.13982	0.046018	-0.0020606	-0.0085626	-0.024716	-0.025006	0.0012092	0.012485	0.02809	7.7057
972.55	0.014323	-0.034181	-0.17355	-0.31092	-0.42484	-0.39693	-0.70969	-0.93429	-1.1637	-1.7245	-2.2154	-2.6006	-2.9783	-3.1381	-1.6837	-0.12913	0.57012	0.87964	0.81851	0.529	0.34104	0.15872	0.074721	0.019993	0.0053979	-0.0039458	-0.010589	-0.0074357	0.014876	0.031186	8.1578
967.55	0.017607	-0.016392	-0.1792	-0.30475	-0.4541	-0.40238	-0.72901	-0.97078	-1.2309	-1.85	-2.3146	-2.8603	-3.238	-3.4981	-2.0248	-0.35251	0.4725	0.88418	0.8432	0.56967	0.38126	0.20939	0.093	0.039101	0.015036	0.0092034	-0.0014677	0.017873	0.022112	0.033651	8.6113
965.32	0.010409	-0.04269	-0.17565	-0.33118	-0.44378	-0.43562	-0.7419	-1.0127	-1.2813	-1.9794	-2.4431	-3.0068	-3.5457	-3.8586	-2.2517	-0.47735	0.37756	0.87857	0.85807	0.60819	0.42855	0.23691	0.11505	0.057444	0.027669	0.015435	0.0092583	0.0099314	0.03412	0.031419	9.0118
965.96	0.0071873	-0.020169	-0.1565	-0.32629	-0.46972	-0.42343	-0.7765	-1.0406	-1.3103	-2.1366	-2.5734	-3.1858	-3.7329	-4.177	-2.5832	-0.67529	0.29483	0.86185	0.86889	0.64827	0.43613	0.26131	0.12666	0.067717	0.04542	0.013873	0.003891	-0.0089365	0.025335	0.02063	9.4181
964.68	0.0063908	-0.03521	-0.16941	-0.3275	-0.47473	-0.44782	-0.78725	-1.0793	-1.3803	-1.9974	-2.6824	-3.3382	-4.0541	-4.5195	-2.7747	-0.99054	0.16419	0.85703	0.88753	0.6756	0.48551	0.30346	0.17209	0.10672	0.054378	0.028654	0.016167	0.022286	0.026963	0.028359	9.7972
965.96	-0.00085116	-0.040412	-0.17236	-0.34032	-0.46797	-0.45063	-0.80637	-1.1001	-1.4007	-2.1366	-2.7492	-3.342	-4.254	-4.7405	-3.1637	-1.2536	0.05214	0.82276	0.86813	0.68214	0.4888	0.3137	0.19368	0.11054	0.063931	0.026287	0.023038	0.018629	0.014978	0.032936	10.197
963.51	-0.012135	-0.030744	-0.16802	-0.30681	-0.48758	-0.47988	-0.82039	-1.1148	-1.4403	-2.1085	-2.8972	-3.4577	-4.5182	-5.1606	-3.5056	-1.555	-0.072563	0.81292	0.87262	0.71369	0.53102	0.33829	0.20589	0.12196	0.067806	0.063692	0.031543	0.022313	0.026995	0.016827	10.492
963.19	0.0088193	-0.032258	-0.18081	-0.34364	-0.49037	-0.47663	-0.84912	-1.139	-1.483	-2.0842	-2.9598	-3.5413	-4.6622	-5.3428	-3.6524	-1.5555	-0.16565	0.78421	0.879	0.72884	0.55327	0.36467	0.2208	0.13711	0.093818	0.059822	0.038466	0.03105	0.0054342	0.011433	10.857
958.94	-0.0049068	-0.035421	-0.18161	-0.34516	-0.46611	-0.49758	-0.87695	-1.1832	-1.5243	-2.211	-3.0172	-3.615	-4.9135	-5.808	-4.0212	-1.8287	-0.28143	0.75516	0.86377	0.73873	0.56681	0.38608	0.23984	0.15609	0.095727	0.06712	0.049438	0.032648	0.027124	0.01768	11.13
959.9	-0.0138	-0.048968	-0.17664	-0.34795	-0.4947	-0.4663	-0.87908	-1.2012	-1.5506	-2.4186	-3.2088	-3.6776	-5.1708	-5.9991	-4.2406	-1.9017	-0.37213	0.74073	0.86368	0.77125	0.57099	0.38981	0.24117	0.15434	0.088925	0.072518	0.05247	0.029697	0.037519	0.018438	11.418
958.3	-0.016253	-0.055851	-0.16814	-0.35482	-0.51051	-0.48934	-0.86399	-1.2088	-1.5655	-2.4394	-3.1876	-3.9158	-5.2749	-6.372	-4.4198	-2.0797	-0.47827	0.71284	0.86435	0.79668	0.61156	0.42347	0.27299	0.17778	0.11594	0.085153	0.047927	0.028284	0.0054619	0.0029618	11.679
956.71	-0.026019	-0.024148	-0.17082	-0.33181	-0.50694	-0.50046	-0.8888	-1.218	-1.6052	-2.4519	-3.2994	-4.0137	-5.4352	-6.5249	-4.6082	-2.3334	-0.56716	0.69086	0.86119	0.80385	0.60464	0.4283	0.27187	0.17567	0.11838	0.069627	0.066566	0.040049	0.015123	0.020053	11.959
957.35	-0.034112	-0.041533	-0.17711	-0.33709	-0.49337	-0.49755	-0.89273	-1.2452	-1.6382	-2.4755	-3.4657	-4.0442	-5.6228	-6.7416	-4.7688	-2.4319	-0.6428	0.65953	0.84299	0.80248	0.61614	0.44123	0.27876	0.19396	0.12876	0.10168	0.06884	0.040022	0.017524	0.0021891	12.173
954.16	-0.017951	-0.055335	-0.17851	-0.34926	-0.50387	-0.49577	-0.91763	-1.2646	-1.6622	-2.526	-3.4328	-4.116	-5.7455	-6.8672	-4.8884	-2.624	-0.77663	0.64195	0.82506	0.80851	0.63889	0.44768	0.30179	0.19863	0.12544	0.089451	0.067517	0.032079	0.017583	0.016992	12.373
953.84	-0.022028	-0.050037	-0.17937	-0.33202	-0.49961	-0.49422	-0.92247	-1.2651	-1.6675	-2.5437	-3.4518	-4.1507	-5.9234	-7.131	-5.1322	-2.742	-0.83151	0.61979	0.83994	0.8322	0.64866	0.45695	0.31057	0.21154	0.14048	0.10205	0.070643	0.043843	0.0071002	0.0084283	12.513
953.73	-0.038312	-0.068269	-0.17617	-0.33521	-0.49878	-0.50718	-0.92485	-1.2692	-1.6824	-2.4933	-3.6569	-4.351	-6.036	-7.219	-5.176	-2.9013	-0.87096	0.5906	0.82004	0.81723	0.6551	0.45866	0.30823	0.20193	0.13675	0.10049	0.064446	0.035767	0.018399	-0.011046	12.706
955.12	-0.046386	-0.059072	-0.16228	-0.34576	-0.47948	-0.47809	-0.91218	-1.2529	-1.6846	-2.456	-3.6161	-4.3946	-6.163	-7.3985	-5.4621	-3.0141	-0.95553	0.56998	0.80426	0.82023	0.65971	0.47455	0.31724	0.21287	0.14554	0.098777	0.079843	0.045986	0.00064406	0.0021942	12.83
956.39	-0.033335	-0.055206	-0.17568	-0.30752	-0.5027	-0.50491	-0.91398	-1.2376	-1.7071	-2.5285	-3.6468	-4.3887	-6.2026	-7.4756	-5.5411	-3.0518	-0.98389	0.55548	0.79936	0.81329	0.65328	0.47309	0.31682	0.2238	0.1416	0.10413	0.088245	0.041529	0.0030573	0.00063691	12.94
954.05	-0.040742	-0.063691	-0.17933	-0.35088	-0.47559	-0.50873	-0.92832	-1.3033	-1.7283	-2.56	-3.6913	-4.4744	-6.3697	-7.7872	-5.5546	-3.2015	-1.0562	0.54738	0.80516	0.83704	0.67557	0.47508	0.31996	0.22113	0.15319	0.1036	0.068301	0.045303	0.010326	-0.0079279	13.017
951.07	-0.045767	-0.072267	-0.18392	-0.3401	-0.49573	-0.46804	-0.9297	-1.2776	-1.7104	-2.6443	-3.7475	-4.4968	-6.4859	-7.7003	-5.6501	-3.2619	-1.0957	0.54219	0.79611	0.84973	0.68088	0.49569	0.32413	0.22988	0.15668	0.10786	0.077849	0.048392	0.010359	-0.0056088	13.101
950.33	-0.04662	-0.08452	-0.16068	-0.32849	-0.50679	-0.47618	-0.93195	-1.2915	-1.7141	-2.6972	-3.8756	-4.4669	-6.6194	-7.8654	-5.8541	-3.3652	-1.1401	0.5167	0.79982	0.84032	0.6918	0.49857	0.34577	0.21958	0.14627	0.11662	0.07324	0.034421	0.008745	0.0029867	13.161
951.5	-0.048195	-0.063101	-0.18786	-0.33837	-0.4813	-0.50147	-0.92323	-1.335	-1.7571	-2.6854	-3.7726	-4.4698	-6.5151	-7.8398	-5.6996	-3.3107	-1.1363	0.52038	0.78496	0.83341	0.68377	0.48466	0.3406	0.22575	0.14083	0.12121	0.063042	0.032904	-0.0066314	-0.012633	13.182
952.67	-0.062806	-0.07671	-0.16672	-0.31583	-0.48869	-0.48793	-0.92058	-1.298	-1.727	-2.5722	-3.7502	-4.531	-6.4991	-7.7985	-5.7791	-3.3067	-1.1212	0.53008	0.80017	0.85752	0.67337	0.49071	0.3307	0.21904	0.14966	0.10218	0.065293	0.031393	-0.0033924	-0.010279	13.196
952.88	-0.057088	-0.075931	-0.19321	-0.32366	-0.48061	-0.48093	-0.96957	-1.2679	-1.7064	-2.5801	-3.7137	-4.5716	-6.4256	-7.7412	-5.8038	-3.3143	-1.1379	0.51274	0.78382	0.8322	0.68437	0.50554	0.33537	0.2206	0.15113	0.096648	0.074597	0.033592	-0.008236	-0.014954	13.202
952.99	-0.057896	-0.080483	-0.17149	-0.32125	-0.44952	-0.46451	-0.91573	-1.2847	-1.7015	-2.5967	-3.74	-4.6211	-6.5529	-7.8514	-5.8118	-3.2218	-1.1385	0.52388	0.78527	0.83043	0.67951	0.4864	0.33217	0.22459	0.14811	0.11158	0.081575	0.026236	-0.012273	-0.012614	13.196
950.97	-0.064552	-0.06542	-0.18233	-0.32193	-0.51089	-0.45773	-0.91919	-1.3035	-1.7301	-2.67	-3.8194	-4.489	-6.6471	-7.9476	-5.6941	-3.2119	-1.1651	0.51895	0.7962	0.86493	0.68814	0.49242	0.33921	0.2291	0.14391	0.10472	0.063077	0.041766	-0.003397	-0.0040462	13.179
950.65	-0.056406	-0.087537	-0.17997	-0.33313	-0.48618	-0.46997	-0.92026	-1.2967	-1.7112	-2.7048	-3.7135	-4.3902	-6.6332	-7.8628	-5.9736	-3.213	-1.1567	0.5243	0.80187	0.8543	0.68758	0.48344	0.32745	0.22354	0.15525	0.11816	0.072437	0.033671	-0.0050177	-0.014208	13.169
950.33	-0.08012	-0.064704	-0.1631	-0.31106	-0.49079	-0.46927	-0.90084	-1.2931	-1.69	-2.5701	-3.8219	-4.4585	-6.5231	-7.6983	-5.6892	-3.1636	-1.1087	0.54434	0.80368	0.83948	0.68701	0.49192	0.31726	0.21636	0.13648	0.10085	0.071684	0.043268	0.0006473	-0.014213	13.173
951.82	-0.06531	-0.065362	-0.15802	-0.32165	-0.4989	-0.46853	-0.9161	-1.2798	-1.7145	-2.5491	-3.6286	-4.4849	-6.3045	-7.5433	-5.6023	-3.0581	-1.0087	0.55988	0.81784	0.83481	0.6628	0.47038	0.3049	0.20636	0.12876	0.084944	0.054471	0.027739	0.0054992	-0.0032624	13.129
954.26	-0.041546	-0.062919	-0.17286	-0.31451	-0.48965	-0.48023	-0.86764	-1.2902	-1.7101	-2.6439	-3.5837	-4.2653	-6.2244	-7.421	-5.3719	-3.0001	-0.95156	0.57479	0.80421	0.82431	0.6603	0.46752	0.31832	0.20985	0.14042	0.094151	0.056657	0.030607	0.011936	0.001418	12.956
956.92	-0.034939	-0.0635	-0.16998	-0.33724	-0.47769	-0.45574	-0.90895	-1.2402	-1.6729	-2.5524	-3.4584	-4.2286	-6.0876	-7.2187	-5.3483	-2.8249	-0.88407	0.59378	0.81884	0.81117	0.66164	0.46209	0.29226	0.18524	0.11237	0.082926	0.037944	0.026128	0.0030556	-0.0063506	12.765
952.78	-0.048945	-0.076701	-0.16751	-0.31342	-0.47888	-0.46806	-0.89398	-1.252	-1.6157	-2.5804	-3.5893	-4.172	-6.01	-7.1152	-5.1985	-2.8289	-0.81394	0.62135	0.8301	0.82308	0.64938	0.45995	0.29037	0.17801	0.11361	0.089581	0.048203	0.03286	-0.01066	-0.021196	12.518
952.78	-0.030202	-0.041732	-0.15947	-0.31579	-0.47977	-0.45514	-0.89852	-1.2174	-1.632	-2.5719	-3.3754	-4.0886	-5.7939	-6.9406	-4.9821	-2.6613	-0.7279	0.64805	0.8455	0.80466	0.62706	0.43754	0.27141	0.18766	0.092592	0.075421	0.05364	0.01374	-0.0058137	0.0068789	12.283
952.03	-0.035935	-0.039483	-0.16683	-0.31841	-0.46506	-0.45291	-0.89013	-1.2151	-1.6318	-2.3455	-3.3335	-4.1502	-5.6782	-6.7316	-4.7694	-2.4874	-0.64157	0.68218	0.86311	0.80109	0.62357	0.43041	0.27004	0.18056	0.1107	0.065245	0.045911	0.031414	0.0030713	0.0076643	12
956.6	-0.015471	-0.030966	-0.16363	-0.31532	-0.48315	-0.44645	-0.86401	-1.2117	-1.5482	-2.3595	-3.2376	-3.9311	-5.38	-6.3833	-4.3845	-2.3587	-0.51997	0.70638	0.87509	0.78725	0.59598	0.38868	0.2656	0.15728	0.087736	0.062583	0.03641	0.016614	0.023169	0.0045211	11.727
954.16	-0.037481	-0.039395	-0.13996	-0.31612	-0.47731	-0.50266	-0.87152	-1.1787	-1.5661	-2.2221	-3.1925	-3.733	-5.162	-6.0193	-4.2488	-1.9633	-0.42656	0.73658	0.86503	0.77087	0.59512	0.38967	0.24104	0.14965	0.085711	0.054888	0.033403	0.012985	0.0046781	0.0099835	11.436
956.28	-0.014663	-0.034764	-0.16529	-0.32329	-0.46741	-0.46892	-0.85375	-1.1448	-1.503	-2.3182	-3.2032	-3.8078	-4.9511	-5.8241	-3.9461	-1.9256	-0.29823	0.76069	0.88152	0.75831	0.57712	0.37888	0.23342	0.13249	0.078789	0.043011	0.032554	0.020284	0.007082	0.02317	11.113
954.58	-0.0016743	-0.041653	-0.17281	-0.31362	-0.46913	-0.44396	-0.84015	-1.1389	-1.4941	-2.2633	-3.0488	-3.7064	-4.8321	-5.6207	-3.7371	-1.5779	-0.22814	0.78355	0.87617	0.7396	0.55587	0.35305	0.22043	0.13995	0.067691	0.046227	0.023312	0.014446	0.020799	0.0068659	10.775
955.12	0.009708	-0.023431	-0.15747	-0.31187	-0.45913	-0.47207	-0.83818	-1.0949	-1.4514	-2.1692	-2.9137	-3.4798	-4.7176	-5.3642	-3.6055	-1.4517	-0.086034	0.81147	0.88644	0.73501	0.53489	0.34706	0.20533	0.11822	0.065407	0.029724	0.027173	0.024709	0.023205	0.03331	10.406
958.73	0.0031912	-0.036185	-0.17685	-0.32325	-0.43184	-0.44204	-0.81771	-1.0948	-1.4213	-2.119	-2.7699	-3.3092	-4.3498	-5.0286	-3.2392	-1.2131	0.0045879	0.80756	0.88003	0.70227	0.50278	0.32596	0.18415	0.10658	0.047256	0.021012	0.025527	-0.0053487	0.025526	0.02466	10.058
958.41	0.021826	-0.018816	-0.16652	-0.30922	-0.47078	-0.43619	-0.79917	-1.0664	-1.3878	-1.9517	-2.7354	-3.2855	-4.2398	-4.8173	-2.9821	-1.072	0.1213	0.83951	0.86884	0.66919	0.48314	0.28894	0.15593	0.077043	0.028612	0.010071	-0.0022546	-0.0060826	0.04079	0.021567	9.6794
959.9	0.0039958	-0.02784	-0.16147	-0.30953	-0.46477	-0.42354	-0.76563	-1.0543	-1.3417	-2.0577	-2.6161	-3.2969	-3.979	-4.353	-2.7112	-0.83752	0.18735	0.85531	0.88355	0.64987	0.4547	0.27119	0.14471	0.076924	0.026334	0.00381	0.0016047	-0.0046126	0.011063	0.029274	9.2716
961.92	0.013675	-0.027782	-0.16113	-0.29714	-0.42075	-0.42265	-0.74377	-1.0266	-1.2743	-1.8859	-2.4606	-3.1001	-3.7644	-4.1002	-2.5426	-0.7196	0.29448	0.85352	0.87101	0.62278	0.42848	0.24596	0.12406	0.055259	0.011407	-0.019571	-0.0099361	-0.0067884	0.015041	0.029986	8.8335
960.75	0.016116	-0.024802	-0.15176	-0.31004	-0.44325	-0.40523	-0.72891	-0.98882	-1.2643	-1.9385	-2.3575	-2.8806	-3.4832	-3.7668	-2.1937	-0.48792	0.40328	0.87164	0.85986	0.60028	0.39976	0.21581	0.09836	0.040972	-0.007936	-0.017254	-0.023039	-0.017736	0.031079	0.027701	8.4133
960.32	0.026635	-0.015008	-0.15981	-0.30312	-0.42761	-0.39771	-0.71947	-0.94777	-1.1924	-1.7297	-2.1287	-2.8405	-3.2465	-3.3748	-1.9027	-0.16403	0.50478	0.88058	0.86177	0.56648	0.36752	0.20191	0.07724	0.027426	-0.015388	-0.032871	-0.024589	-0.030149	0.023079	0.036225	7.9794
962.03	0.02013	-0.012723	-0.14997	-0.27911	-0.39259	-0.37909	-0.69646	-0.92699	-1.1473	-1.6597	-2.3103	-2.5382	-2.9316	-3.0781	-1.5564	-0.080786	0.58352	0.86452	0.81526	0.51488	0.32503	0.15142	0.046587	0.0098587	-0.029486	-0.035928	-0.030699	-0.0148	0.023038	0.021486	7.5015
963.73	0.0023694	-0.017962	-0.14732	-0.26456	-0.38664	-0.37927	-0.66529	-0.89196	-1.0992	-1.6651	-2.0066	-2.4019	-2.6652	-2.7197	-1.2027	0.12637	0.66119	0.87747	0.79327	0.46842	0.28506	0.11915	0.016045	-0.015597	-0.052441	-0.050641	-0.043695	-0.020591	0.01661	0.030701	7.0264
967.87	0.023217	-0.01564	-0.14194	-0.26265	-0.36403	-0.34542	-0.65425	-0.85727	-1.0341	-1.5414	-1.6997	-2.1043	-2.575	-2.4346	-1.0953	0.25776	0.72643	0.85336	0.7732	0.44663	0.24932	0.092496	-0.0019131	-0.044817	-0.062563	-0.058168	-0.061087	-0.041498	0.016537	0.030569	6.5496
969.36	0.026386	-0.0059028	-0.13856	-0.26147	-0.35389	-0.35929	-0.62423	-0.81486	-0.9867	-1.5308	-1.5745	-2.0437	-2.3114	-1.9941	-0.85542	0.35615	0.7759	0.80971	0.71526	0.39243	0.19097	0.048307	-0.025982	-0.068458	-0.076487	-0.088231	-0.06252	-0.037819	0.0077814	0.041253	6.0712
970.85	0.028746	-0.022306	-0.1565	-0.28743	-0.3751	-0.32323	-0.59133	-0.77021	-0.94937	-1.3791	-1.6158	-1.8851	-1.9072	-1.7886	-0.61624	0.39671	0.81732	0.81861	0.6847	0.34251	0.16017	0.0066955	-0.053079	-0.089659	-0.082261	-0.10122	-0.071569	-0.045701	0.013316	0.032007	5.5607
969.68	0.030381	-0.013369	-0.12429	-0.24508	-0.35028	-0.31938	-0.56675	-0.75376	-0.89253	-1.1731	-1.5827	-1.6171	-1.6735	-1.5412	-0.39585	0.57824	0.84596	0.78659	0.6235	0.2993	0.11808	-0.013682	-0.077983	-0.11979	-0.11482	-0.091294	-0.086151	-0.042865	0.0022237	0.02285	5.1107
969.04	0.024792	-0.013377	-0.1394	-0.24369	-0.35226	-0.31451	-0.55447	-0.7337	-0.84579	-1.232	-1.3735	-1.569	-1.6195	-1.316	-0.055658	0.66096	0.85521	0.72104	0.56789	0.23197	0.057031	-0.059385	-0.11454	-0.15703	-0.13187	-0.12384	-0.10071	-0.052294	0.013341	0.031299	4.6166
972.33	0.024708	-0.020037	-0.13656	-0.21732	-0.34064	-0.2915	-0.53108	-0.67291	-0.78814	-1.1865	-1.264	-1.3267	-1.4258	-1.0005	-0.080919	0.72439	0.84916	0.67385	0.51844	0.18605	0.026382	-0.084394	-0.12886	-0.15649	-0.14393	-0.13344	-0.11255	-0.062927	0.0030071	0.035778	4.1222
977.33	0.038086	-0.0088173	-0.12645	-0.20388	-0.30777	-0.27993	-0.50033	-0.64909	-0.7334	-0.90017	-1.049	-1.1818	-1.0673	-0.6241	0.13892	0.90033	0.85893	0.61497	0.4505	0.1214	-0.030471	-0.11956	-0.17442	-0.17921	-0.16295	-0.15576	-0.10213	-0.067624	0.01008	0.029514	3.6414
979.56	0.026904	-0.023585	-0.1074	-0.21572	-0.28292	-0.28181	-0.47783	-0.58973	-0.70982	-0.95567	-0.93395	-1.1466	-0.86241	-0.55323	0.3575	0.83311	0.84368	0.55659	0.36935	0.062472	-0.074591	-0.15965	-0.20937	-0.19523	-0.18156	-0.16688	-0.117	-0.070331	-0.0040845	0.015036	3.1968
976.16	0.032566	0.0037841	-0.12582	-0.21569	-0.264	-0.2357	-0.4529	-0.57766	-0.70775	-0.7692	-0.9372	-0.97975	-0.70134	-0.36927	0.5024	0.86053	0.80738	0.46351	0.26694	-0.0051669	-0.15031	-0.21691	-0.234	-0.22024	-0.19832	-0.16823	-0.14166	-0.079908	0.0069378	0.02498	2.6929
974.67	0.033411	0.0030472	-0.11265	-0.1859	-0.26093	-0.24448	-0.41141	-0.53767	-0.63596	-0.67121	-0.78182	-0.73676	-0.52242	-0.17592	0.63855	0.90278	0.75909	0.38337	0.18833	-0.070676	-0.18637	-0.25131	-0.26062	-0.2473	-0.2111	-0.18617	-0.13581	-0.068527	0.017213	0.031118	2.1812
976.9	0.030156	-0.01327	-0.10769	-0.17855	-0.25514	-0.23216	-0.39792	-0.50115	-0.58529	-0.80161	-0.75396	-0.66189	-0.41192	0.048924	0.55266	0.85171	0.72521	0.30939	0.089534	-0.15057	-0.2458	-0.29283	-0.29932	-0.27575	-0.23331	-0.19419	-0.16503	-0.077694	-0.010397	0.034849	1.7149
981.15	0.030816	-0.010998	-0.10566	-0.16627	-0.22476	-0.23199	-0.37415	-0.47087	-0.53148	-0.65037	-0.49972	-0.58615	-0.27022	0.13347	0.66797	0.85616	0.62134	0.19762	-0.00056707	-0.22475	-0.29659	-0.34233	-0.33178	-0.29408	-0.2498	-0.19869	-0.17336	-0.10093	-0.0095695	0.024098	1.2469
983.49	0.046534	-0.013181	-0.093726	-0.17046	-0.21649	-0.2064	-0.35346	-0.46196	-0.46477	-0.5751	-0.48124	-0.4313	-0.14548	0.38682	0.68315	0.7811	0.52872	0.10201	-0.094541	-0.2729	-0.35457	-0.38091	-0.34324	-0.31441	-0.26084	-0.23404	-0.16693	-0.091425	-0.0056337	0.033862	0.72708
983.59	0.013373	-0.0072892	-0.088264	-0.16049	-0.20874	-0.19887	-0.35122	-0.42686	-0.43539	-0.59143	-0.46393	-0.3505	-0.044656	0.38678	0.80884	0.68365	0.41339	-0.024016	-0.21012	-0.354	-0.41707	-0.4283	-0.39447	-0.3393	-0.27535	-0.23706	-0.17068	-0.10068	0.0045381	0.031592	0.274
984.12	0.028356	-0.016116	-0.081209	-0.13287	-0.19489	-0.17624	-0.30339	-0.37292	-0.39681	-0.42741	-0.34288	-0.22922	0.11812	0.51717	0.80841	0.64274	0.31041	-0.1266	-0.31883	-0.43734	-0.46314	-0.45459	-0.42333	-0.36403	-0.30355	-0.25521	-0.17209	-0.10845	-0.010321	0.025534	-0.164
984.23	0.037032	-0.0050767	-0.070303	-0.12598	-0.18542	-0.17956	-0.29237	-0.34096	-0.34415	-0.46829	-0.2048	-0.12429	0.0871	0.72454	0.72451	0.59402	0.1835	-0.26085	-0.4358	-0.51107	-0.53484	-0.48667	-0.45693	-0.40991	-0.27372	-0.27574	-0.19612	-0.10987	-0.0056294	0.027796	-0.63409
984.44	0.032292	-0.0065462	-0.085853	-0.13589	-0.17766	-0.19286	-0.27912	-0.33544	-0.30575	-0.2309	-0.30829	-0.083921	0.19556	0.70131	0.9003	0.42364	0.023923	-0.37586	-0.54971	-0.58798	-0.58949	-0.53556	-0.48283	-0.40905	-0.3049	-0.29091	-0.19232	-0.1134	-0.010317	0.022507	-1.0952
986.04	0.02594	7.422e-005	-0.060074	-0.14254	-0.15252	-0.17923	-0.26258	-0.29683	-0.26775	-0.29587	-0.06665	0.045117	0.30354	0.64652	0.88213	0.27729	-0.1183	-0.51761	-0.68272	-0.68172	-0.65015	-0.5788	-0.50953	-0.41771	-0.32762	-0.29196	-0.21002	-0.13098	-0.022008	0.036034	-1.5427
985.61	0.03698	0.012567	-0.063987	-0.11358	-0.16287	-0.14349	-0.22464	-0.25731	-0.22358	-0.23062	0.20903	0.16602	0.52034	0.83856	0.71514	0.22072	-0.26837	-0.6694	-0.80134	-0.74841	-0.70205	-0.6304	-0.5151	-0.43654	-0.32414	-0.29817	-0.20185	-0.12464	-0.007964	0.030019	-1.9508
986.57	0.025926	0.0008093	-0.064701	-0.11805	-0.16357	-0.13503	-0.2193	-0.24386	-0.20611	-0.091598	0.062486	0.21418	0.57396	0.79178	0.63085	0.026385	-0.45137	-0.81103	-0.91432	-0.82291	-0.75063	-0.66345	-0.5558	-0.45942	-0.3463	-0.30699	-0.23315	-0.12168	-0.0087359	0.0066433	-2.3467
987.2	0.025122	7.4132e-005	-0.069316	-0.11492	-0.13779	-0.13328	-0.19432	-0.21499	-0.14977	-0.1405	0.16569	0.2221	0.55813	0.86019	0.78082	-0.13531	-0.61871	-0.9294	-1.0296	-0.89675	-0.81783	-0.70227	-0.58137	-0.49404	-0.35622	-0.33564	-0.2345	-0.12657	-0.0095108	0.025454	-2.7748
985.93	0.025154	0.0015426	-0.058527	-0.090639	-0.1174	-0.12763	-0.16897	-0.19429	-0.12596	-0.058981	0.09699	0.34322	0.69039	0.96099	0.72329	-0.14359	-0.78502	-1.0613	-1.156	-0.96185	-0.84354	-0.73285	-0.60502	-0.50478	-0.37264	-0.33684	-0.24606	-0.11678	-0.013424	0.024736	-3.1634
986.57	0.024351	0.0008065	-0.039852	-0.10279	-0.1216	-0.10009	-0.15424	-0.18019	-0.10338	-0.18958	0.20882	0.44769	0.659	0.77643	0.38005	-0.48323	-0.96001	-1.1954	-1.266	-1.0365	-0.90995	-0.76764	-0.63667	-0.51766	-0.3666	-0.34346	-0.2249	-0.13731	-0.012635	0.026225	-3.4819
986.35	0.018846	0.0044789	-0.039861	-0.097468	-0.11392	-0.10427	-0.13818	-0.14605	-0.085401	0.02271	0.27772	0.3914	0.76742	0.89924	0.47212	-0.40243	-1.1016	-1.3105	-1.3473	-1.1144	-0.95095	-0.80548	-0.65131	-0.52709	-0.40728	-0.34809	-0.2437	-0.13378	-0.014979	0.018696	-3.8645
988.16	0.02824	0.011068	-0.032809	-0.075961	-0.09832	-0.078332	-0.12698	-0.11943	-0.053049	0.14494	0.15692	0.39873	0.79687	0.85935	0.48794	-0.48246	-1.2345	-1.4028	-1.454	-1.147	-0.96305	-0.84402	-0.6585	-0.54861	-0.41812	-0.34366	-0.24775	-0.15339	-0.005607	0.0051282	-4.203
989.01	0.027431	0.011058	-0.037429	-0.07818	-0.098233	-0.088223	-0.11448	-0.11468	-0.029815	-0.042517	0.23405	0.47066	0.68824	0.76689	0.27904	-0.95811	-1.4046	-1.5527	-1.5714	-1.1961	-1.0021	-0.87208	-0.6998	-0.56441	-0.41632	-0.37065	-0.25202	-0.14263	-0.0024886	0.023906	-4.479
987.95	0.029819	0.0081393	-0.040573	-0.067596	-0.084655	-0.072533	-0.092699	-0.093086	-0.0051361	0.014525	0.40621	0.59982	0.74302	0.82127	0.2042	-0.89451	-1.5604	-1.6599	-1.677	-1.287	-1.0586	-0.89382	-0.71731	-0.57199	-0.424	-0.36498	-0.28075	-0.13144	-0.0063867	0.023932	-4.7811
987.2	0.031414	0.009612	-0.039051	-0.066884	-0.073592	-0.051801	-0.077426	-0.077635	0.02034	0.055325	0.2689	0.45544	0.68949	0.72232	0.18764	-1.1296	-1.7711	-1.8124	-1.7846	-1.3397	-1.0832	-0.94255	-0.72776	-0.58251	-0.44026	-0.36449	-0.25998	-0.14148	-0.0071721	0.017174	-5.0694
986.88	0.027491	-0.0065314	-0.041392	-0.069196	-0.077897	-0.065123	-0.073799	-0.059029	0.039087	0.12879	0.34641	0.42339	0.82109	0.63831	0.087423	-1.2351	-1.913	-1.902	-1.8706	-1.3782	-1.1336	-0.95087	-0.76842	-0.60909	-0.43098	-0.37904	-0.27281	-0.15359	-0.032906	0.022451	-5.2952
988.16	0.029813	0.014001	-0.014202	-0.053108	-0.05984	-0.052581	-0.062753	-0.053526	0.051764	0.11233	0.34597	0.64795	0.82003	0.58393	-0.021198	-1.3789	-2.0772	-2.0125	-1.9573	-1.4539	-1.1682	-0.97525	-0.76819	-0.62614	-0.463	-0.38538	-0.28144	-0.13709	-0.011058	0.012647	-5.5317
988.48	0.031373	0.005203	-0.028924	-0.043954	-0.041013	-0.042598	-0.05033	-0.034907	0.068213	0.15305	0.49191	0.56736	0.72718	0.64494	0.0038424	-1.5238	-2.2021	-2.114	-2.0242	-1.4656	-1.2001	-0.99253	-0.78774	-0.62671	-0.45489	-0.40345	-0.27162	-0.14909	-0.010275	0.023919	-5.7408
986.57	0.03773	0.024301	-0.025097	-0.040986	-0.042807	-0.041848	-0.048234	-0.017891	0.081093	0.12883	0.49283	0.5121	0.82135	0.51589	-0.054669	-1.5914	-2.3694	-2.2296	-2.1114	-1.5331	-1.2225	-1.0137	-0.78698	-0.62482	-0.48115	-0.39663	-0.2699	-0.15932	-0.014196	0.028483	-5.9499
985.4	0.031471	0.018449	-0.022017	-0.040271	-0.059149	-0.049395	-0.042435	-0.020245	0.091701	0.31702	0.5279	0.64973	0.82233	0.47814	-0.37279	-1.8282	-2.5207	-2.3339	-2.2069	-1.5592	-1.2463	-1.047	-0.81847	-0.64111	-0.45776	-0.40243	-0.27172	-0.14458	-0.016556	0.017961	-6.0705
984.02	0.033094	0.019212	-0.0095904	-0.040328	-0.045494	-0.016931	-0.031502	-0.0015882	0.10687	0.19468	0.55451	0.69103	0.72271	0.67857	-0.18892	-1.8307	-2.5975	-2.3922	-2.2398	-1.5882	-1.2611	-1.0605	-0.84333	-0.63423	-0.4664	-0.40299	-0.28939	-0.13481	-0.0087585	0.0096806	-6.246
985.93	0.036969	0.016971	-0.02356	-0.037959	-0.041119	-0.028555	-0.032903	0.0069621	0.12617	0.28415	0.53622	0.67357	0.80642	0.42422	-0.28893	-1.8515	-2.6608	-2.4342	-2.2734	-1.6167	-1.2903	-1.0593	-0.83635	-0.64698	-0.47348	-0.40601	-0.29033	-0.15161	-0.011863	0.017197	-6.3621
985.5	0.033833	0.00081018	-0.029789	-0.034922	-0.04028	-0.046058	-0.027063	0.02329	0.14274	0.1862	0.60538	0.65773	0.70615	0.44742	-0.36438	-2.079	-2.7179	-2.4852	-2.3258	-1.6303	-1.3139	-1.0718	-0.85123	-0.66436	-0.49763	-0.3887	-0.29196	-0.14883	-0.00093664	0.020221	-6.4277
984.87	0.014932	0.0037507	-0.0033595	-0.038765	-0.032586	-0.02692	-0.015363	0.023305	0.14583	0.25175	0.48508	0.81947	0.78406	0.45539	-0.39811	-2.0317	-2.7749	-2.5352	-2.3563	-1.6476	-1.3263	-1.0797	-0.84719	-0.66013	-0.46382	-0.40873	-0.29064	-0.16102	-0.025159	0.014955	-6.4888
985.08	0.021236	0.014043	-0.021247	-0.022709	-0.043728	-0.042745	-0.017556	0.019412	0.13829	0.22716	0.51945	0.64994	0.76841	0.40923	-0.42313	-2.0718	-2.828	-2.5488	-2.3826	-1.6715	-1.333	-1.0939	-0.86229	-0.67865	-0.48042	-0.40256	-0.29359	-0.15601	-0.0071876	0.015704	-6.5667
983.81	0.027577	-0.0080248	-0.01193	-0.022738	-0.030901	-0.0035874	-0.02271	0.028781	0.14524	0.18652	0.50286	0.68309	0.8004	0.44049	-0.54944	-2.2205	-2.9243	-2.6363	-2.4386	-1.6988	-1.3779	-1.1146	-0.8657	-0.68264	-0.49122	-0.4046	-0.28569	-0.15265	-0.015018	0.014214	-6.6277
983.27	0.031539	0.0015468	-0.022066	-0.024282	-0.035215	-0.016947	0.0022162	0.021785	0.15284	0.30133	0.40815	0.75616	0.87066	0.37924	-0.44069	-2.2055	-2.975	-2.6495	-2.4668	-1.6908	-1.3663	-1.12	-0.86464	-0.676	-0.4893	-0.40101	-0.2866	-0.13919	-0.017374	0.013465	-6.6461
984.12	0.033091	0.017002	-0.025937	-0.025027	-0.03862	-0.031944	-0.012443	0.03033	0.14444	0.24376	0.50269	0.82009	0.7304	0.27904	-0.48222	-2.2441	-2.9529	-2.6338	-2.4609	-1.7024	-1.3559	-1.1199	-0.86695	-0.68787	-0.49833	-0.41818	-0.30214	-0.15687	-0.0056285	0.021004	-6.64
982.11	0.023672	0.022199	-0.022092	-0.019713	-0.034395	-0.028666	0.00589	0.032732	0.14926	0.21963	0.61613	0.70853	0.8484	0.43358	-0.62596	-2.2487	-2.9317	-2.6275	-2.4458	-1.6961	-1.3602	-1.1077	-0.85724	-0.67056	-0.48187	-0.39462	-0.28242	-0.15791	-0.0017245	0.014997	-6.6537
983.17	0.027594	0.020701	-0.011938	-0.027345	-0.036079	-0.03114	1.5462e-005	0.028023	0.15361	0.32591	0.53773	0.68354	0.80092	0.37928	-0.60013	-2.1245	-2.9332	-2.6222	-2.4514	-1.7146	-1.3626	-1.1177	-0.85095	-0.65971	-0.48645	-0.4102	-0.30018	-0.15987	-0.0087661	0.0089322	-6.6201
983.49	0.029954	0.0015465	-0.019723	-0.031931	-0.047234	-0.04365	-0.021251	0.034245	0.15206	0.20295	0.52029	0.68331	0.81617	0.44833	-0.54962	-2.2618	-2.9276	-2.6289	-2.4506	-1.7172	-1.3807	-1.119	-0.87211	-0.67975	-0.48556	-0.40473	-0.2903	-0.14985	-0.0087633	0.022527	-6.6339
981.15	0.019737	0.027386	-0.037729	-0.031238	-0.039597	-0.03455	-0.017627	0.022613	0.1494	0.15419	0.50422	0.66876	0.79481	0.44168	-0.46687	-2.1289	-2.9517	-2.6309	-2.4557	-1.6945	-1.3631	-1.1071	-0.86498	-0.68839	-0.50057	-0.39653	-0.27817	-0.15877	-0.013489	0.010466	-6.6384
981.79	0.030006	0.014092	-0.011173	-0.048086	-0.033548	-0.022825	-0.013206	0.020259	0.13725	0.33458	0.52984	0.70069	0.87973	0.37978	-0.47497	-2.2332	-2.8991	-2.5941	-2.4436	-1.6901	-1.3545	-1.0911	-0.84448	-0.67156	-0.48203	-0.38482	-0.28553	-0.16438	0.0021963	0.02938	-6.6064
979.56	0.031659	0.011905	-0.015892	-0.032827	-0.045699	-0.026227	-0.033853	0.0085722	0.1285	0.080428	0.56572	0.65364	0.79607	0.41926	-0.5013	-2.1161	-2.8486	-2.5732	-2.3938	-1.6549	-1.3715	-1.0968	-0.86869	-0.67074	-0.47583	-0.41477	-0.27107	-0.14187	-0.014298	0.026413	-6.4216
979.56	0.024526	0.002293	-0.030753	-0.032827	-0.056053	-0.050527	-0.03238	-0.0078518	0.12094	0.25311	0.40968	0.7347	0.77274	0.47329	-0.40027	-2.1324	-2.7274	-2.4777	-2.3286	-1.6484	-1.3157	-1.0775	-0.8441	-0.64572	-0.4751	-0.40559	-0.27711	-0.16619	-0.022154	0.029446	-6.2583
984.02	0.024415	0.0096431	-0.018156	-0.054097	-0.056656	-0.036952	-0.043229	0.0030835	0.1001	0.2274	0.57179	0.70717	0.86225	0.58638	-0.23082	-1.8226	-2.6123	-2.4022	-2.2517	-1.5793	-1.2758	-1.0541	-0.82191	-0.6389	-0.46422	-0.38319	-0.26533	-0.14407	-0.0025013	0.020251	-6.0796
983.81	0.025999	0.011853	-0.024389	-0.042632	-0.057528	-0.060322	-0.042504	-0.024949	0.090345	0.19469	0.56327	0.6185	0.76164	0.41744	-0.25602	-1.677	-2.4742	-2.3185	-2.1784	-1.5609	-1.2475	-1.035	-0.80067	-0.62035	-0.4476	-0.38023	-0.25637	-0.13057	0.0014085	0.006662	-5.8369
980.51	0.029252	0.011894	-0.028377	-0.045846	-0.063753	-0.052991	-0.061772	-0.018783	0.074048	0.063913	0.44392	0.63677	0.7642	0.64245	-0.0045493	-1.5768	-2.2942	-2.1898	-2.0885	-1.4929	-1.223	-1.0216	-0.77418	-0.62399	-0.44327	-0.37157	-0.26553	-0.13887	-0.0072211	0.02184	-5.547
980.51	0.037963	0.01337	-0.033848	-0.039704	-0.068924	-0.052989	-0.060302	-0.047693	0.057449	0.11321	0.42661	0.59627	0.70975	0.53449	-0.046584	-1.4222	-2.1958	-2.1136	-2.0219	-1.4604	-1.168	-0.9764	-0.76881	-0.62008	-0.43159	-0.38074	-0.2444	-0.13815	-0.0080039	0.02184	-5.315
981.04	0.037945	7.4597e-005	-0.047886	-0.058096	-0.081806	-0.063838	-0.077178	-0.071093	0.046861	0.088513	0.44368	0.59595	0.74046	0.55732	0.12157	-1.3482	-2.015	-1.9895	-1.9296	-1.4092	-1.1612	-0.96298	-0.76609	-0.5971	-0.43428	-0.37213	-0.2767	-0.12951	-0.014276	0.036217	-5.0358
981.58	0.021311	0.013356	-0.042396	-0.068802	-0.0809	-0.063804	-0.11094	-0.092129	0.012918	-0.042839	0.48671	0.49042	0.72451	0.68798	0.10469	-1.1686	-1.8726	-1.8839	-1.8366	-1.3507	-1.1157	-0.94635	-0.75264	-0.59053	-0.41437	-0.36735	-0.28107	-0.13158	-0.00015535	0.021816	-4.7414
982.21	0.029203	0.0089224	-0.032229	-0.069525	-0.092031	-0.081313	-0.10866	-0.099089	-0.017971	0.096619	0.31348	0.5548	0.78617	0.7337	0.23059	-1.1597	-1.7333	-1.7799	-1.7511	-1.3238	-1.0671	-0.9087	-0.7123	-0.55973	-0.39225	-0.35719	-0.25076	-0.1265	0.01003	0.031636	-4.4013
981.79	0.019724	0.0045011	-0.057212	-0.098688	-0.10068	-0.078003	-0.12193	-0.10537	-0.026268	0.10485	0.30496	0.44985	0.8642	0.68783	0.2727	-0.7782	-1.5491	-1.636	-1.642	-1.2577	-1.0335	-0.87446	-0.71491	-0.54983	-0.41428	-0.33826	-0.23504	-0.13869	0.0061147	0.018027	-4.0826
981.15	0.030816	-0.014689	-0.064278	-0.08571	-0.12141	-0.10566	-0.12716	-0.13277	-0.049659	-0.19883	0.30516	0.46636	0.74816	0.90401	0.23084	-0.78684	-1.3955	-1.5182	-1.5421	-1.191	-0.99547	-0.84118	-0.67318	-0.52442	-0.39122	-0.34841	-0.24801	-0.11307	-0.0056471	0.02864	-3.7243
981.04	0.019739	7.4597e-005	-0.067408	-0.093392	-0.12832	-0.098143	-0.16319	-0.15465	-0.070024	-0.067496	0.21	0.37733	0.58496	0.81936	0.55033	-0.60797	-1.2169	-1.3921	-1.4391	-1.1188	-0.9592	-0.80662	-0.65714	-0.53853	-0.37231	-0.32018	-0.24276	-0.13022	-0.0048622	0.030159	-3.3737
982.74	0.022076	0.011867	-0.06963	-0.099359	-0.14099	-0.12721	-0.16658	-0.17309	-0.11131	-0.05098	0.26147	0.27159	0.70036	0.81024	0.38993	-0.37143	-1.0245	-1.2552	-1.3127	-1.0429	-0.91427	-0.77787	-0.61388	-0.5033	-0.36293	-0.31505	-0.20846	-0.1136	0.0076754	0.02557	-2.9394
981.68	0.03159	0.0037628	-0.072046	-0.12247	-0.14631	-0.10142	-0.1888	-0.19435	-0.14082	-0.18232	0.19257	0.32853	0.67006	0.84193	0.59197	-0.27427	-0.83055	-1.096	-1.1774	-0.98227	-0.8379	-0.73602	-0.59537	-0.4859	-0.34875	-0.30394	-0.19211	-0.1073	-0.00015534	0.05133	-2.5722
982.96	0.028391	0.00081228	-0.085204	-0.11695	-0.14956	-0.14054	-0.2069	-0.21826	-0.17676	-0.19026	0.01953	0.27153	0.53728	0.89468	0.71707	-0.038479	-0.62138	-0.93676	-1.0416	-0.88682	-0.80978	-0.70289	-0.57852	-0.45565	-0.33811	-0.30583	-0.22573	-0.11856	0.0006288	0.034634	-2.1107
982.74	0.033137	-0.0036098	-0.068851	-0.12617	-0.16507	-0.14308	-0.22162	-0.25729	-0.20014	-0.1903	-0.015026	0.21501	0.63052	0.86409	0.70883	0.0021083	-0.46014	-0.79748	-0.92982	-0.81474	-0.73346	-0.662	-0.54877	-0.44172	-0.3229	-0.26853	-0.18889	-0.089355	0.013155	0.038423	-1.6752
980.62	0.038751	0.0052447	-0.07525	-0.1226	-0.18783	-0.15762	-0.25152	-0.293	-0.23829	-0.48643	-0.15361	0.14258	0.46078	0.78116	0.76083	0.18116	-0.29708	-0.68285	-0.81141	-0.74815	-0.68626	-0.60135	-0.51465	-0.41767	-0.29807	-0.25841	-0.20288	-0.090977	-0.0087889	0.039265	-1.2626
984.34	0.027562	-0.0058129	-0.065627	-0.15426	-0.21545	-0.15202	-0.26449	-0.29267	-0.27798	-0.37003	-0.032245	0.10168	0.31957	0.78588	0.76635	0.3183	-0.11773	-0.52934	-0.66676	-0.65776	-0.62813	-0.56695	-0.50353	-0.39197	-0.27878	-0.26658	-0.18408	-0.1006	-0.0064102	0.040625	-0.81364
982.96	0.026021	0.0089157	-0.085983	-0.14758	-0.19512	-0.19816	-0.28468	-0.34374	-0.32353	-0.32959	-0.22233	-0.035556	0.27344	0.71007	0.81775	0.4243	0.055134	-0.38228	-0.54084	-0.57506	-0.56334	-0.51063	-0.4736	-0.37381	-0.25807	-0.26161	-0.17305	-0.091473	0.0061074	0.039171	-0.36328
981.15	0.027651	-0.011735	-0.096292	-0.15015	-0.21787	-0.21526	-0.3124	-0.37405	-0.3671	-0.38766	-0.35257	-0.21373	0.12625	0.5958	0.77724	0.5308	0.16377	-0.25331	-0.44165	-0.51268	-0.51562	-0.49706	-0.43765	-0.36123	-0.26583	-0.24758	-0.1613	-0.078073	0.0014123	0.03697	0.083911
982.74	0.022865	-0.010243	-0.10081	-0.16983	-0.21408	-0.21658	-0.33171	-0.40306	-0.39511	-0.39522	-0.33471	-0.28614	0.15709	0.43329	0.85989	0.50558	0.27342	-0.151	-0.34988	-0.43714	-0.46688	-0.44718	-0.39788	-0.35285	-0.24793	-0.21896	-0.1633	-0.069389	0.017855	0.032373	0.57506
983.91	0.036254	-0.022009	-0.11704	-0.18033	-0.22842	-0.22633	-0.34891	-0.43529	-0.45254	-0.41932	-0.52419	-0.4069	-0.067899	0.41739	0.77505	0.73208	0.4335	-0.02985	-0.21229	-0.34821	-0.39609	-0.39602	-0.36986	-0.30026	-0.22147	-0.21642	-0.15408	-0.077854	0.013923	0.05046	0.98093
