12202	1	3	91	28.7	757	1	10	10	2.912	128	4096	10	0	0	0	0	372.72	964.66	1.4302e+006	0.11686	0.12363	40.698	0	0	1	0	0	0	11	0	0
939.28	0.028918	-0.027695	-0.14316	-0.24181	-0.30556	-0.37544	-0.44775	-0.54176	-0.64493	-0.63888	-0.80875	-0.77906	-5.5773	-0.24967	0.66295	0.87001	0.76902	0.41517	0.22135	-0.013526	-0.12253	-0.17343	-0.18337	-0.15745	-0.10382	-0.08445	-0.049698	-0.024483	0.039947	0.071525	3.1376
940.56	0.029703	-0.023038	-0.1503	-0.23348	-0.31952	-0.38279	-0.48932	-0.59153	-0.69597	-0.86923	-0.9882	-0.86246	-5.6021	-0.26541	0.41653	0.7755	0.80055	0.47046	0.27876	0.0068555	-0.080381	-0.16227	-0.15511	-0.13524	-0.10748	-0.10266	-0.039406	-0.016254	0.02844	0.050891	3.5109
941.62	0.049461	-0.038396	-0.13141	-0.2548	-0.32992	-0.39805	-0.51404	-0.61364	-0.70225	-0.94524	-0.77969	-0.89522	-5.5634	-0.30527	0.41606	0.88481	0.81674	0.51439	0.3283	0.058546	-0.062547	-0.13102	-0.14295	-0.11963	-0.097486	-0.073893	-0.050361	-0.0035863	0.041485	0.051621	3.8932
941.62	0.026371	-0.042241	-0.16233	-0.26759	-0.34697	-0.42856	-0.524	-0.61689	-0.75725	-0.80837	-0.95102	-1.0808	-5.5715	-0.6184	0.31096	0.70683	0.82894	0.54403	0.38516	0.088209	-0.030289	-0.11002	-0.11737	-0.11719	-0.083814	-0.063545	-0.018934	-0.012516	0.031677	0.050043	4.2906
939.6	0.012381	-0.044645	-0.16757	-0.26736	-0.35401	-0.41375	-0.53357	-0.61822	-0.75809	-0.95585	-1.0886	-1.1423	-5.5429	-0.64385	0.28529	0.82726	0.84214	0.61247	0.44142	0.15635	0.010863	-0.069864	-0.094387	-0.0938	-0.064963	-0.063682	-0.0071644	0.010575	0.048124	0.065967	4.7424
937.68	0.01489	-0.064047	-0.17118	-0.27594	-0.37366	-0.45224	-0.54928	-0.66687	-0.79988	-1.0523	-1.3172	-1.2548	-5.6437	-0.80643	0.16272	0.77788	0.84958	0.65223	0.47283	0.19581	0.039229	-0.041335	-0.07692	-0.086638	-0.045264	-0.043831	-0.019013	0.0053653	0.026065	0.052629	5.194
936.41	0.020715	-0.046345	-0.18042	-0.28194	-0.38771	-0.46864	-0.58777	-0.72751	-0.81519	-1.0795	-1.2284	-1.4431	-5.6107	-1.1224	-0.03963	0.79599	0.84092	0.69607	0.53458	0.23273	0.087938	-0.0067723	-0.050497	-0.057302	-0.047616	-0.026283	-0.02062	0.0038769	0.042537	0.050322	5.6349
936.09	0.02155	-0.034754	-0.16247	-0.30294	-0.40679	-0.47844	-0.61185	-0.74085	-0.85972	-1.0541	-1.2741	-1.5285	-5.4496	-1.2601	-0.13656	0.74511	0.84939	0.73226	0.58882	0.28055	0.12934	0.020259	-0.024783	-0.040953	-0.020889	-0.019086	-0.0024504	0.026335	0.057349	0.066214	6.0908
934.06	0.014948	-0.052664	-0.17349	-0.30763	-0.41491	-0.48563	-0.60468	-0.75475	-0.90911	-1.2375	-1.4223	-1.6168	-5.6329	-1.4004	-0.28696	0.72964	0.84056	0.76812	0.64036	0.32131	0.16458	0.059241	-0.0046899	-0.023817	-0.0063858	-0.015116	-0.0016626	0.010637	0.036877	0.058403	6.5451
932.15	0.02914	-0.053548	-0.18124	-0.30584	-0.44115	-0.49631	-0.65931	-0.79576	-0.9578	-1.3005	-1.3159	-1.8928	-5.5954	-1.7034	-0.49104	0.72257	0.81846	0.79964	0.68417	0.36906	0.20728	0.081418	0.027602	0.0048993	-0.0086996	-0.00067385	0.016589	0.033964	0.042731	0.05374	7.0203
931.3	0.02333	-0.048153	-0.18141	-0.32309	-0.43157	-0.51439	-0.68237	-0.84584	-0.9976	-1.293	-1.5633	-1.8605	-5.666	-1.8998	-0.66864	0.45761	0.7863	0.81624	0.72417	0.41224	0.23682	0.11206	0.038135	0.018889	0.012029	0.0097861	0.028519	0.011422	0.065079	0.045014	7.4909
930.66	0.0099964	-0.042739	-0.18729	-0.32736	-0.44367	-0.54033	-0.69447	-0.86783	-1.0476	-1.4238	-1.6374	-2.0068	-5.7847	-2.1692	-0.94382	0.24355	0.7465	0.84237	0.77196	0.47169	0.27452	0.13507	0.064851	0.032896	0.031251	0.033951	0.038873	0.0423	0.046933	0.061808	7.9431
928.74	0.015034	-0.054526	-0.1951	-0.32317	-0.46278	-0.55028	-0.70755	-0.89849	-1.1039	-1.5655	-1.8968	-2.1564	-5.5913	-2.4667	-1.0523	0.18391	0.68865	0.85737	0.78066	0.48985	0.3037	0.16515	0.10065	0.056061	0.040556	0.046126	0.037361	0.037108	0.042888	0.049936	8.442
926.61	0.022609	-0.042143	-0.18646	-0.31985	-0.45108	-0.57635	-0.74264	-0.93114	-1.1376	-1.6473	-1.9836	-2.3157	-5.7111	-2.7008	-1.3485	-0.030977	0.63071	0.862	0.81174	0.53576	0.34373	0.2099	0.11956	0.081819	0.061491	0.045424	0.055811	0.044752	0.04797	0.068494	8.9272
924.59	0.013419	-0.052419	-0.21835	-0.33765	-0.45298	-0.56962	-0.75519	-0.9887	-1.1969	-1.7903	-2.1625	-2.4582	-5.7154	-3.0011	-1.5209	-0.056974	0.53846	0.84968	0.8397	0.57922	0.38966	0.25056	0.12878	0.10271	0.079417	0.065788	0.057532	0.042578	0.060559	0.034088	9.4423
921.5	0.0092536	-0.04788	-0.19664	-0.34777	-0.46275	-0.60716	-0.78042	-1.007	-1.245	-1.7963	-2.3171	-2.6819	-5.6518	-3.5116	-1.7229	-0.31696	0.47292	0.87034	0.8656	0.62273	0.41486	0.28401	0.16597	0.12634	0.090549	0.079834	0.081007	0.054886	0.054916	0.051136	9.9542
917.77	-0.0025548	-0.07175	-0.20495	-0.3541	-0.49041	-0.59531	-0.81895	-1.0253	-1.2791	-1.9616	-2.4283	-3.0131	-5.708	-3.8554	-2.2781	-0.56171	0.34963	0.88282	0.8875	0.65918	0.47363	0.30497	0.20847	0.14855	0.10417	0.098123	0.071663	0.066561	0.050108	0.048106	10.437
913.72	0.015281	-0.059384	-0.20837	-0.36638	-0.5083	-0.62041	-0.82969	-1.0692	-1.3714	-1.9262	-2.4948	-3.2437	-5.6832	-4.129	-2.5499	-0.86114	0.21115	0.849	0.89223	0.68131	0.50565	0.34354	0.23493	0.17604	0.13672	0.11004	0.09789	0.066091	0.046962	0.039375	10.952
909.99	-0.014522	-0.049281	-0.18986	-0.37863	-0.49739	-0.64641	-0.86083	-1.1047	-1.3844	-1.9783	-2.7384	-3.4404	-5.8406	-4.7441	-3.0226	-0.99623	0.063007	0.84436	0.89428	0.7148	0.53276	0.37188	0.24334	0.19192	0.14278	0.12614	0.11861	0.070981	0.06153	0.04525	11.455
904.35	0.0068532	-0.047988	-0.20714	-0.38266	-0.53133	-0.65407	-0.88135	-1.1531	-1.4544	-2.0798	-2.8681	-3.4882	-5.8686	-5.1165	-3.4428	-1.4172	-0.091628	0.81061	0.90473	0.75368	0.57975	0.40481	0.2665	0.21768	0.1674	0.1435	0.12181	0.087695	0.042343	0.041425	11.941
899.98	-0.0043315	-0.060292	-0.21326	-0.36027	-0.52921	-0.65725	-0.88644	-1.1979	-1.5305	-2.242	-2.9292	-3.514	-5.9395	-5.5025	-3.8261	-1.6369	-0.25126	0.77898	0.88304	0.75645	0.60113	0.40941	0.29623	0.22725	0.18411	0.16918	0.12816	0.092795	0.044259	0.036674	12.423
896.78	-0.013004	-0.066969	-0.2012	-0.38673	-0.56031	-0.69438	-0.92096	-1.2321	-1.5863	-2.4386	-3.1859	-3.8808	-5.8926	-6.028	-4.2812	-2.0699	-0.43583	0.73233	0.88619	0.80898	0.63291	0.45231	0.32499	0.24344	0.18716	0.16895	0.12614	0.097813	0.0693	0.058346	12.931
894.86	-0.012165	-0.060636	-0.20763	-0.36653	-0.56246	-0.71054	-0.96727	-1.257	-1.6219	-2.4439	-3.354	-3.9513	-5.9394	-6.5394	-4.53	-2.3597	-0.62168	0.67794	0.8717	0.8348	0.68264	0.49481	0.36859	0.28506	0.20595	0.1869	0.13798	0.11603	0.051391	0.051827	13.385
893.04	-0.014798	-0.064003	-0.20548	-0.40352	-0.52859	-0.69728	-0.97408	-1.2621	-1.6997	-2.4939	-3.3893	-4.1372	-5.8319	-6.9675	-4.9548	-2.6326	-0.79709	0.64347	0.84965	0.85079	0.69167	0.53034	0.38113	0.28478	0.22318	0.18225	0.1482	0.12098	0.06442	0.042782	13.885
891.23	-0.033124	-0.077947	-0.2016	-0.40687	-0.53061	-0.71712	-0.99144	-1.324	-1.714	-2.5713	-3.8059	-4.2882	-5.9721	-7.3973	-5.3813	-3.0767	-1.0024	0.584	0.84068	0.88655	0.71097	0.54651	0.3988	0.31029	0.2437	0.18177	0.17341	0.10943	0.073186	0.055374	14.374
891.12	-0.042712	-0.082834	-0.19388	-0.36047	-0.56671	-0.75773	-0.99236	-1.3336	-1.7673	-2.5987	-3.7302	-4.6453	-5.9985	-7.8988	-5.8632	-3.3815	-1.2166	0.50577	0.80456	0.87859	0.73918	0.56343	0.41406	0.32322	0.25577	0.21123	0.16513	0.11416	0.064559	0.033702	14.83
892.08	-0.033092	-0.063261	-0.21343	-0.39889	-0.56042	-0.73207	-1.0107	-1.3837	-1.8351	-2.6501	-4.0307	-4.6047	-6.0006	-8.3564	-6.3192	-3.8341	-1.4352	0.41689	0.76916	0.89554	0.76562	0.5841	0.44061	0.34434	0.26672	0.22865	0.19315	0.13132	0.047239	0.033666	15.277
892.4	-0.03047	-0.068107	-0.18674	-0.38778	-0.55737	-0.73089	-1.0014	-1.4261	-1.9074	-2.8116	-4.0864	-4.9057	-5.9386	-8.7685	-6.6958	-4.1815	-1.6604	0.3496	0.73108	0.91221	0.77641	0.59541	0.45226	0.35624	0.27384	0.23528	0.1939	0.13127	0.067916	0.037817	15.712
892.51	-0.060915	-0.07378	-0.19702	-0.38183	-0.58666	-0.7446	-1.0401	-1.4603	-1.903	-2.7752	-4.0954	-5.0386	-6.0063	-9.3689	-7.1478	-4.646	-1.9143	0.25667	0.68579	0.90852	0.79419	0.6166	0.46486	0.37164	0.28823	0.22518	0.18974	0.14303	0.059285	0.047802	16.098
894.11	-0.063412	-0.09795	-0.21123	-0.39378	-0.57332	-0.76714	-1.0512	-1.4543	-1.9484	-2.8243	-4.297	-5.2339	-6.0382	-9.6819	-7.707	-4.9679	-2.1234	0.1947	0.66077	0.91314	0.8089	0.64468	0.49012	0.38041	0.29331	0.23148	0.20512	0.13807	0.065205	0.021957	16.486
895.07	-0.068547	-0.10755	-0.20073	-0.3841	-0.55571	-0.74889	-1.0589	-1.4561	-1.9587	-3.0642	-4.3968	-5.4502	-5.9976	-10.069	-8.0673	-5.3192	-2.3351	0.099118	0.60761	0.91127	0.82755	0.66165	0.50306	0.40482	0.31138	0.25635	0.22143	0.14027	0.061695	0.027743	16.886
894.54	-0.080742	-0.097093	-0.21455	-0.39275	-0.5721	-0.73374	-1.1063	-1.5084	-1.9889	-3.012	-4.6367	-5.631	-6.0523	-10.632	-8.3487	-5.6078	-2.5403	0.02026	0.57189	0.92431	0.84162	0.66382	0.50924	0.40506	0.30357	0.26405	0.21825	0.13957	0.053129	0.025267	17.207
894.43	-0.079882	-0.11492	-0.1983	-0.39616	-0.56461	-0.72098	-1.05	-1.4503	-2.0304	-3.0844	-4.7322	-5.8271	-5.9166	-10.946	-8.6724	-6.0279	-2.7719	-0.073344	0.52522	0.9146	0.83493	0.68865	0.52698	0.42481	0.32919	0.27246	0.20836	0.14507	0.064321	0.02361	17.574
894.22	-0.10248	-0.13033	-0.2172	-0.37521	-0.57987	-0.73492	-1.0946	-1.5492	-2.0789	-3.0311	-4.7903	-5.8907	-6.0716	-11.38	-9.2463	-6.4131	-3.0004	-0.14404	0.48761	0.90947	0.8657	0.69147	0.53805	0.4369	0.33727	0.28174	0.22164	0.13806	0.051428	0.0045042	17.872
892.08	-0.10446	-0.13633	-0.2014	-0.35839	-0.55378	-0.75876	-1.1142	-1.4825	-2.0947	-3.1196	-4.8303	-6.1452	-6.069	-11.89	-9.5458	-6.7236	-3.1931	-0.2226	0.44684	0.91969	0.85841	0.7073	0.5444	0.44654	0.33647	0.27065	0.21305	0.14938	0.060177	0.017008	18.148
890.27	-0.12648	-0.14637	-0.21128	-0.36842	-0.52929	-0.73541	-1.0994	-1.5139	-2.1255	-3.1169	-4.9927	-6.1755	-6.0985	-12.169	-9.8895	-7.051	-3.4079	-0.30327	0.38431	0.90991	0.86869	0.72651	0.55142	0.44056	0.33154	0.27373	0.22013	0.14654	0.037825	0.002856	18.487
889.42	-0.098665	-0.14244	-0.22957	-0.37978	-0.56115	-0.73704	-1.1256	-1.5868	-2.1409	-3.2105	-5.1026	-6.4047	-6.1472	-12.53	-10.372	-7.3898	-3.636	-0.38292	0.34097	0.90361	0.88232	0.7272	0.56888	0.44012	0.34874	0.27652	0.21701	0.13801	0.033538	-0.0021556	18.652
888.67	-0.13894	-0.15071	-0.247	-0.38264	-0.52834	-0.72934	-1.129	-1.5287	-2.1202	-3.3129	-5.0591	-6.2939	-5.9378	-12.761	-10.511	-7.6474	-3.7985	-0.44606	0.30576	0.91514	0.88136	0.74828	0.57528	0.45084	0.34179	0.28181	0.2172	0.13971	0.035297	0.0070408	18.935
888.46	-0.16082	-0.17194	-0.22809	-0.37595	-0.53988	-0.73506	-1.1049	-1.573	-2.1482	-3.35	-5.1081	-6.4295	-6.0508	-13.079	-10.68	-7.8648	-3.9037	-0.50806	0.28932	0.89919	0.87644	0.74312	0.58644	0.46302	0.35556	0.28779	0.21808	0.13895	0.026644	-0.0096834	19.016
888.67	-0.17564	-0.19146	-0.24787	-0.38602	-0.56637	-0.73396	-1.0657	-1.5192	-2.2001	-3.322	-5.212	-6.5442	-6.1438	-13.17	-11.03	-8.0875	-4.0011	-0.54119	0.26367	0.90257	0.89332	0.75095	0.57867	0.45601	0.3442	0.27169	0.21553	0.14128	0.022308	-0.02473	19.177
890.06	-0.17798	-0.20499	-0.28794	-0.38796	-0.55789	-0.73374	-1.0965	-1.5108	-2.1975	-3.353	-5.2229	-6.6857	-5.9457	-13.319	-11.096	-8.2273	-4.1154	-0.58369	0.23194	0.89847	0.89363	0.74622	0.58877	0.46993	0.34527	0.2738	0.2019	0.11744	0.026596	-0.024692	19.316
891.55	-0.19946	-0.21359	-0.26339	-0.41179	-0.57781	-0.75921	-1.0882	-1.5624	-2.1391	-3.2299	-5.2999	-6.5765	-6.0983	-13.611	-11.124	-8.2045	-4.1592	-0.60113	0.21839	0.89965	0.89129	0.75473	0.592	0.4554	0.36074	0.28174	0.21733	0.12196	0.01792	-0.0096498	19.4
893.68	-0.20593	-0.22118	-0.28077	-0.38386	-0.58494	-0.80149	-1.1017	-1.5201	-2.1307	-3.096	-5.2017	-6.6675	-6.0154	-13.578	-11.448	-8.31	-4.253	-0.64562	0.19571	0.88947	0.89511	0.75558	0.58722	0.45259	0.34788	0.26598	0.20687	0.11383	-0.0114	-0.042052	19.507
896.14	-0.22096	-0.26099	-0.27487	-0.41557	-0.57203	-0.70678	-1.147	-1.5578	-2.0868	-3.1235	-5.178	-6.5517	-6.0841	-13.448	-11.362	-8.6434	-4.2806	-0.67591	0.19026	0.88347	0.88503	0.75175	0.57721	0.45991	0.33016	0.25772	0.20548	0.10101	-0.0053578	-0.042766	19.574
898.06	-0.22568	-0.24349	-0.28708	-0.44066	-0.58397	-0.75645	-1.1341	-1.5323	-2.0478	-3.1527	-5.0629	-6.5819	-5.9777	-13.655	-11.246	-8.4295	-4.2971	-0.68452	0.18087	0.8958	0.88229	0.7475	0.57346	0.44357	0.33503	0.25884	0.19104	0.085969	-0.021626	-0.048466	19.55
899.44	-0.21756	-0.24795	-0.30623	-0.45672	-0.58308	-0.81734	-1.1708	-1.5487	-2.094	-2.9777	-5.0929	-6.5276	-6.0448	-13.584	-11.32	-8.4963	-4.2998	-0.67069	0.17814	0.88644	0.88684	0.74371	0.57007	0.45225	0.34406	0.26427	0.19732	0.085836	-0.019026	-0.055825	19.622
901.04	-0.22062	-0.24992	-0.34564	-0.46009	-0.61768	-0.82956	-1.1936	-1.608	-2.0164	-2.9366	-4.8577	-6.4632	-6.0256	-13.442	-11.254	-8.4547	-4.2454	-0.65492	0.19492	0.90347	0.87853	0.74678	0.57156	0.4455	0.3371	0.26297	0.20518	0.098904	-0.0078893	-0.06727	19.571
902.43	-0.26244	-0.3017	-0.34172	-0.43936	-0.64482	-0.81191	-1.3028	-1.6437	-1.9879	-2.8607	-4.8502	-6.4004	-5.9572	-13.388	-11.155	-8.2914	-4.2202	-0.64391	0.20681	0.90827	0.90747	0.74826	0.57986	0.45076	0.33182	0.25842	0.19257	0.10652	-0.013846	-0.06305	19.533
903.28	-0.28369	-0.32467	-0.36599	-0.45228	-0.6386	-0.9211	-1.2585	-1.6863	-2.0294	-2.6975	-4.7234	-6.3064	-6.0782	-13.3	-11.034	-8.2394	-4.1755	-0.61968	0.20012	0.89681	0.89905	0.74843	0.58765	0.4427	0.33864	0.25568	0.17355	0.081593	-0.040243	-0.090957	19.605
902.64	-0.28819	-0.34015	-0.37219	-0.4526	-0.7336	-0.93449	-1.4455	-1.7893	-2.0341	-2.7887	-4.501	-6.2141	-6.0234	-12.999	-10.924	-8.1214	-4.1157	-0.60102	0.23521	0.91601	0.90473	0.75509	0.57556	0.44301	0.31114	0.24175	0.17941	0.08398	-0.043683	-0.091845	19.677
901.25	-0.27312	-0.3254	-0.33451	-0.47919	-0.70472	-1.0033	-1.5766	-1.8091	-2.0619	-2.4355	-4.2724	-6.0474	-5.8634	-12.877	-10.748	-8.0365	-3.9937	-0.54548	0.26243	0.92273	0.90781	0.74309	0.57978	0.44454	0.32114	0.25293	0.17476	0.083331	-0.057411	-0.096933	19.51
900.08	-0.30626	-0.30973	-0.36474	-0.47563	-0.73474	-1.0721	-1.5947	-1.9374	-2.1476	-2.7518	-4.0798	-5.6405	-6.0744	-12.499	-10.469	-7.7899	-3.8235	-0.47779	0.32878	0.93369	0.92502	0.75724	0.5797	0.44512	0.31282	0.24077	0.16924	0.057748	-0.058342	-0.09871	19.522
898.27	-0.26539	-0.26923	-0.37912	-0.53609	-0.82465	-1.0597	-1.8155	-2.0727	-2.1181	-2.4525	-3.7383	-5.1831	-6.0272	-11.64	-9.8565	-7.1748	-3.5157	-0.36088	0.39232	0.96666	0.92351	0.76669	0.58338	0.44005	0.31743	0.23208	0.17287	0.075807	-0.047322	-0.089811	19.354
894.96	-0.2681	-0.29612	-0.36768	-0.49181	-0.88906	-1.4249	-1.7424	-2.1077	-2.2185	-2.5426	-3.2967	-5.0692	-6.0068	-10.458	-8.8608	-6.5415	-3.1794	-0.22372	0.46262	0.98004	0.92607	0.7492	0.57545	0.41856	0.29543	0.22456	0.14871	0.061994	-0.068132	-0.099274	19.12
892.08	-0.24634	-0.30277	-0.37574	-0.60646	-1.1998	-1.4065	-1.9073	-1.9093	-2.2025	-2.5598	-3.155	-4.2218	-6.0946	-8.9497	-7.9186	-5.7664	-2.7079	-0.054212	0.56607	0.99573	0.92736	0.74187	0.55537	0.4139	0.27634	0.20428	0.13178	0.043343	-0.078706	-0.096263	18.993
889.42	-0.26716	-0.3167	-0.46644	-0.90534	-1.2708	-1.5233	-1.9065	-1.8108	-2.4054	-2.8482	-2.9163	-3.8951	-6.0786	-7.2849	-6.6905	-5.0031	-2.225	0.12097	0.63704	0.99154	0.89428	0.69876	0.52233	0.385	0.24983	0.19563	0.13051	0.020628	-0.081536	-0.10658	18.737
885.36	-0.27627	-0.31324	-0.52656	-0.93414	-1.4351	-1.6499	-1.8322	-2.0051	-2.078	-2.4428	-2.9967	-3.4912	-5.9686	-6.1142	-5.566	-4.2328	-1.7558	0.25596	0.73192	0.99878	0.88122	0.69838	0.50092	0.37032	0.22189	0.17536	0.10604	0.022304	-0.072349	-0.1163	18.482
880.45	-0.2831	-0.37093	-0.61999	-1.2471	-1.3922	-1.5733	-1.8047	-1.9336	-2.1139	-2.4289	-2.4348	-3.3212	-6.0279	-5.2725	-4.3043	-3.5766	-1.3193	0.3963	0.78598	0.98804	0.87147	0.67623	0.49602	0.34193	0.23287	0.15676	0.071338	0.0096942	-0.088486	-0.10513	18.238
875.22	-0.31762	-0.37728	-0.76462	-1.2546	-1.47	-1.64	-1.8798	-1.7482	-2.0395	-2.3882	-2.4008	-2.6422	-6.09	-4.2588	-3.5856	-2.7318	-0.98839	0.48963	0.8175	0.97935	0.83764	0.65046	0.47146	0.31509	0.19994	0.12088	0.077683	-0.011865	-0.1066	-0.12613	17.916
869.99	-0.45162	-0.57102	-0.87137	-1.1419	-1.4934	-1.8583	-1.6216	-1.9261	-2.2541	-2.2359	-2.0444	-2.092	-6.0565	-3.1025	-2.8014	-2.3171	-0.66147	0.60203	0.89745	0.95772	0.81736	0.61893	0.44574	0.29673	0.17401	0.11902	0.039032	-0.028043	-0.13643	-0.15849	17.606
863.48	-0.56113	-0.6525	-0.89125	-1.2516	-1.4793	-1.5815	-1.628	-2.0364	-2.0724	-2.0009	-1.9123	-2.0802	-6.164	-2.6356	-2.0393	-1.9002	-0.3923	0.72635	0.93735	0.97234	0.80242	0.58971	0.41075	0.25283	0.14799	0.066974	-0.0035111	-0.07938	-0.21945	-0.26294	17.265
857.07	-0.65864	-0.75033	-1.0427	-1.2662	-1.4184	-1.5875	-1.7126	-1.8577	-1.8574	-1.734	-1.5798	-1.484	-6.1122	-1.932	-1.8813	-1.3836	-0.17713	0.77487	0.95977	0.93305	0.75526	0.54338	0.37781	0.21181	0.09986	0.027249	-0.043245	-0.14211	-0.28214	-0.34986	16.908
851.94	-0.77016	-0.81266	-1.0463	-1.25	-1.4606	-1.495	-1.7678	-1.8059	-1.5595	-1.5742	-1.4299	-1.6235	-6.2296	-1.6242	-1.6603	-1.0922	-0.026221	0.85373	0.97846	0.91806	0.72505	0.52066	0.32	0.16813	0.04589	-0.018332	-0.087793	-0.1956	-0.3552	-0.43133	16.509
848.73	-0.77215	-0.86864	-1.1739	-1.268	-1.263	-1.4996	-1.5866	-1.5446	-1.3875	-1.3809	-1.4153	-1.2833	-6.2711	-1.3007	-1.5888	-0.88009	0.12262	0.87243	0.97524	0.8811	0.66873	0.45928	0.29106	0.13265	0.020783	-0.05902	-0.11689	-0.22772	-0.40732	-0.48111	16.132
846.49	-0.84574	-0.99158	-1.0621	-1.2358	-1.2734	-1.3766	-1.4	-1.336	-1.3134	-1.3084	-1.2184	-1.1178	-6.1976	-1.3131	-1.3787	-0.57131	0.26594	0.91159	0.97956	0.85044	0.63283	0.4222	0.23759	0.085945	-0.047605	-0.10433	-0.16876	-0.28544	-0.44112	-0.51662	15.733
846.81	-0.79316	-0.86035	-1.0689	-1.1784	-1.208	-1.3063	-1.2785	-1.1835	-1.1434	-1.0606	-1.1979	-1.23	-6.1863	-1.1608	-1.1639	-0.36377	0.38797	0.92481	0.97053	0.79452	0.57341	0.36975	0.17261	0.032535	-0.074615	-0.14589	-0.19928	-0.31346	-0.47822	-0.53573	15.33
849.7	-0.82062	-0.89237	-1.0112	-1.1169	-1.1781	-1.2516	-1.2462	-1.0731	-1.0264	-1.057	-0.90401	-1.0388	-6.2999	-1.059	-1.0046	-0.22164	0.47682	0.91877	0.94565	0.73359	0.51784	0.30987	0.14367	0.02521	-0.092039	-0.15774	-0.2282	-0.31405	-0.46753	-0.52779	14.878
853.44	-0.78518	-0.86555	-0.96637	-1.0538	-1.0878	-1.0288	-0.98548	-0.94994	-0.91784	-1.0523	-0.8901	-0.97842	-6.1472	-1.0366	-0.9519	-0.071051	0.54834	0.93494	0.92174	0.68362	0.47553	0.26311	0.10688	-0.041326	-0.12683	-0.17813	-0.25668	-0.33237	-0.45827	-0.53069	14.467
858.25	-0.67855	-0.72652	-0.88597	-0.90051	-0.96353	-0.97804	-0.85391	-0.8616	-0.9127	-0.84936	-0.84552	-1.01	-6.1661	-1.163	-0.8793	0.068817	0.59793	0.92684	0.89948	0.64353	0.43393	0.21833	0.072956	-0.054486	-0.15196	-0.19721	-0.26299	-0.33378	-0.45571	-0.49656	14.052
864.97	-0.57632	-0.69659	-0.79405	-0.81953	-0.82513	-0.84707	-0.76138	-0.86641	-0.83119	-0.90794	-0.87821	-0.69906	-6.0652	-1.084	-0.89153	0.040601	0.63934	0.90634	0.87468	0.609	0.38842	0.19835	0.052372	-0.077091	-0.15739	-0.22341	-0.26437	-0.34171	-0.44237	-0.46864	13.628
873.73	-0.60965	-0.65645	-0.69753	-0.67951	-0.72305	-0.71739	-0.77273	-0.78495	-0.78645	-0.9265	-1.0346	-1.0193	-6.1965	-1.3068	-0.70324	0.2046	0.66888	0.89162	0.84828	0.56545	0.35237	0.15112	0.024278	-0.097363	-0.18119	-0.22374	-0.2558	-0.33909	-0.42737	-0.45884	13.206
883.12	-0.53371	-0.60272	-0.59989	-0.61432	-0.69336	-0.66236	-0.76615	-0.75839	-0.73453	-0.86192	-0.72555	-0.96351	-6.0528	-1.2929	-0.53699	0.37411	0.69473	0.88865	0.82099	0.54497	0.33143	0.14503	0.0061205	-0.10847	-0.18008	-0.21881	-0.26061	-0.33231	-0.40104	-0.4363	12.798
892.83	-0.51921	-0.52235	-0.5539	-0.56886	-0.58834	-0.65332	-0.74086	-0.69093	-0.84586	-0.65407	-0.86033	-0.85517	-5.9956	-1.2788	-0.60505	0.24492	0.72579	0.85048	0.80138	0.5024	0.2887	0.11069	-0.020924	-0.11931	-0.18693	-0.22986	-0.26689	-0.30986	-0.38375	-0.40908	12.363
904.03	-0.45523	-0.4638	-0.48603	-0.50853	-0.51469	-0.62525	-0.66387	-0.66543	-0.76255	-0.6727	-0.69	-1.0379	-5.7948	-1.2462	-0.54283	0.40078	0.73714	0.86174	0.77523	0.47146	0.27168	0.068208	-0.038151	-0.14071	-0.19886	-0.2436	-0.26032	-0.29982	-0.33899	-0.3358	11.924
915.86	-0.37729	-0.41036	-0.43709	-0.43949	-0.46191	-0.63151	-0.56552	-0.64345	-0.63719	-0.78714	-0.71817	-0.98112	-5.8115	-1.2136	-0.56284	0.38688	0.75606	0.83806	0.74599	0.44272	0.23832	0.063872	-0.045877	-0.13722	-0.20878	-0.23554	-0.2618	-0.29213	-0.32789	-0.35093	11.463
927.46	-0.32736	-0.35603	-0.37545	-0.37556	-0.52173	-0.55192	-0.55999	-0.6007	-0.58933	-0.62097	-0.66339	-1.0288	-5.5825	-1.231	-0.25344	0.4939	0.76725	0.81872	0.70818	0.41653	0.20505	0.056252	-0.058289	-0.14211	-0.19769	-0.23098	-0.24975	-0.27411	-0.30553	-0.30809	11.018
937.79	-0.26745	-0.32817	-0.33047	-0.44045	-0.50517	-0.44431	-0.49999	-0.54426	-0.59783	-0.48528	-0.47501	-1.1361	-5.6431	-1.3142	-0.4793	0.50549	0.75553	0.78958	0.68396	0.37875	0.17526	0.0075717	-0.065674	-0.16015	-0.19627	-0.21405	-0.24069	-0.24719	-0.27509	-0.26746	10.541
946.62	-0.27562	-0.29297	-0.32415	-0.4109	-0.39602	-0.42196	-0.44123	-0.4979	-0.4805	-0.35312	-0.62306	-0.97441	-5.6146	-1.3179	-0.45741	0.55136	0.77034	0.78221	0.67526	0.3592	0.16159	0.0033269	-0.097662	-0.17484	-0.20426	-0.22789	-0.23532	-0.25376	-0.26683	-0.25555	10.087
951.62	-0.24969	-0.27393	-0.36833	-0.36761	-0.38417	-0.37057	-0.42224	-0.43491	-0.35747	-0.40206	-0.59303	-1.1947	-5.5771	-1.3269	-0.403	0.54006	0.77031	0.77034	0.6455	0.34138	0.14558	-0.015802	-0.11139	-0.17876	-0.21146	-0.22669	-0.23019	-0.23918	-0.24198	-0.23234	9.625
954.39	-0.27338	-0.31184	-0.32873	-0.35708	-0.31843	-0.34972	-0.3394	-0.28595	-0.32	-0.56124	-1.0184	-1.1662	-5.5689	-1.1726	-0.28085	0.54687	0.78414	0.74317	0.63671	0.30443	0.11015	-0.041442	-0.12368	-0.17583	-0.20935	-0.22211	-0.2303	-0.24142	-0.22757	-0.23011	9.1175
955.24	-0.24875	-0.24181	-0.28192	-0.28505	-0.28984	-0.27379	-0.26662	-0.21672	-0.27945	-0.68722	-1.0975	-1.1735	-5.564	-1.2823	-0.22016	0.56308	0.80509	0.72876	0.59852	0.29665	0.085409	-0.053821	-0.13933	-0.20053	-0.22339	-0.2376	-0.23242	-0.24561	-0.22092	-0.21902	8.64
953.96	-0.24664	-0.24365	-0.27186	-0.25782	-0.19456	-0.20532	-0.23673	-0.20737	-0.37055	-0.79791	-0.92091	-1.2084	-5.5954	-1.1731	-0.19452	0.63912	0.80376	0.7194	0.57472	0.26442	0.077563	-0.071299	-0.14662	-0.2	-0.22669	-0.24106	-0.23506	-0.24006	-0.21154	-0.20685	8.2077
949.07	-0.20046	-0.21896	-0.21514	-0.17349	-0.14482	-0.14584	-0.17108	-0.21732	-0.45899	-0.78505	-1.0688	-1.156	-5.5197	-0.94812	-0.10862	0.64244	0.83293	0.69717	0.55063	0.22122	0.031556	-0.10582	-0.15848	-0.21475	-0.22559	-0.23993	-0.22302	-0.22801	-0.19885	-0.19304	7.6966
942.58	-0.20431	-0.19665	-0.15729	-0.12437	-0.12071	-0.15816	-0.1646	-0.29197	-0.48962	-0.73919	-0.95905	-1.2146	-5.7358	-0.97068	-0.048116	0.79924	0.82241	0.67584	0.53185	0.19226	0.011636	-0.11914	-0.18433	-0.23005	-0.24384	-0.25033	-0.24182	-0.23478	-0.17981	-0.1857	7.2231
935.77	-0.14937	-0.15628	-0.088845	-0.040814	-0.11618	-0.095278	-0.14962	-0.34731	-0.50821	-0.76179	-0.92067	-1.1979	-5.6879	-0.79193	-0.013214	0.70273	0.83003	0.66146	0.50123	0.17745	0.0019803	-0.12761	-0.19774	-0.235	-0.24943	-0.24014	-0.23409	-0.21702	-0.18029	-0.17196	6.7358
929.27	-0.088586	-0.05761	-0.044947	-0.035429	-0.097892	-0.088877	-0.22129	-0.39343	-0.53962	-0.7931	-0.94537	-1.1978	-5.7522	-0.81373	0.022193	0.8021	0.84572	0.63163	0.47237	0.13661	-0.033145	-0.15913	-0.22909	-0.2523	-0.24964	-0.24021	-0.22458	-0.18083	-0.14677	-0.13399	6.268
920.97	-0.052289	-0.055772	0.036171	-0.083154	-0.06391	-0.089679	-0.23033	-0.41694	-0.52441	-0.73029	-0.88014	-1.0878	-5.8869	-0.73077	0.2015	0.86999	0.865	0.62307	0.44398	0.12138	-0.041687	-0.16915	-0.22625	-0.25208	-0.2418	-0.23342	-0.21054	-0.18779	-0.12386	-0.10293	5.841
912.13	-0.040025	0.0024475	-0.029834	-0.091386	-0.08028	-0.14994	-0.29899	-0.43358	-0.54165	-0.72855	-0.79558	-1.02	-5.7767	-0.64668	0.21249	0.86967	0.86078	0.60301	0.42014	0.098062	-0.069565	-0.1994	-0.23257	-0.25369	-0.24727	-0.23158	-0.18987	-0.17578	-0.09385	-0.07134	5.3592
905.94	0.010269	0.016854	-0.075702	-0.029695	-0.11161	-0.17271	-0.31456	-0.45176	-0.59761	-0.89355	-0.88535	-1.0094	-5.8246	-0.51756	0.3232	0.89322	0.8582	0.56907	0.39061	0.070543	-0.090157	-0.20076	-0.25077	-0.26726	-0.23238	-0.22737	-0.17565	-0.13986	-0.04947	-0.03164	4.9
902.53	0.030096	-0.0537	-0.035243	-0.059831	-0.12326	-0.19428	-0.32374	-0.45177	-0.62856	-0.80768	-0.7758	-0.9164	-5.8466	-0.30173	0.32442	0.93197	0.8521	0.55213	0.36202	0.03721	-0.098069	-0.20415	-0.24172	-0.25299	-0.24753	-0.20663	-0.17304	-0.12408	-0.036868	-0.0045942	4.4695
899.23	0.0077552	-0.016848	-0.023445	-0.064238	-0.13781	-0.21599	-0.32252	-0.4594	-0.54449	-0.76587	-0.80699	-0.97276	-5.8511	-0.19354	0.35312	1.033	0.87057	0.53225	0.3503	0.015158	-0.1187	-0.2216	-0.26688	-0.25392	-0.23571	-0.2224	-0.16791	-0.12688	-0.038714	-0.026093	4.0995
898.06	0.044943	0.025873	-0.0038544	-0.071025	-0.14928	-0.2245	-0.3366	-0.45488	-0.58309	-0.63232	-0.80804	-0.93865	-5.8757	-0.22748	0.50052	0.78556	0.83844	0.48542	0.30175	-0.0034828	-0.14845	-0.22542	-0.27142	-0.25596	-0.24478	-0.22102	-0.18379	-0.12392	-0.043905	-0.0070993	3.6702
900.19	0.058636	0.019374	-0.0063986	-0.099289	-0.19868	-0.24038	-0.3374	-0.43508	-0.54473	-0.64873	-0.74954	-0.75994	-5.9296	-0.24373	0.44436	0.78368	0.82113	0.45235	0.244	-0.048687	-0.17931	-0.26441	-0.27245	-0.27748	-0.25612	-0.22133	-0.17102	-0.11896	-0.03098	-0.0087323	3.2666
903.81	0.065275	0.035325	-0.017393	-0.10389	-0.17638	-0.24305	-0.33286	-0.43503	-0.55237	-0.70851	-0.69016	-0.75689	-5.889	-0.14238	0.4791	0.88651	0.79665	0.42057	0.21218	-0.059971	-0.19203	-0.26685	-0.28301	-0.27552	-0.25113	-0.22541	-0.18343	-0.1053	0.00064935	0.028297	2.9024
907.54	0.071851	0.03518	-0.024919	-0.099313	-0.18124	-0.24386	-0.34738	-0.43662	-0.51749	-0.64347	-0.58439	-0.67501	-5.7975	-0.03349	0.53164	0.87406	0.77649	0.38266	0.18302	-0.10193	-0.213	-0.29102	-0.28932	-0.29296	-0.23828	-0.20302	-0.17942	-0.097143	0.010821	0.048646	2.5456
912.55	0.09358	0.01832	-0.026461	-0.083921	-0.18765	-0.22273	-0.32493	-0.41659	-0.50087	-0.59579	-0.53468	-0.57556	-5.7239	-0.10786	0.56489	0.80804	0.73949	0.35357	0.14182	-0.11886	-0.2268	-0.29029	-0.29433	-0.29555	-0.24873	-0.21176	-0.15574	-0.082791	0.00317	0.043495	2.204
917.45	0.065996	0.040326	-0.045526	-0.11055	-0.16547	-0.24928	-0.30275	-0.40601	-0.48126	-0.50483	-0.56883	-0.56383	-5.7266	0.12347	0.56187	0.78634	0.70381	0.29711	0.10429	-0.13649	-0.25373	-0.30511	-0.31409	-0.27727	-0.23882	-0.19592	-0.15006	-0.086166	0.018252	0.042452	1.8577
921.61	0.068228	0.040928	-0.041165	-0.11168	-0.18581	-0.225	-0.30217	-0.41333	-0.48631	-0.67734	-0.5202	-0.60438	-5.6677	0.13931	0.66672	0.89537	0.68235	0.25302	0.048901	-0.17484	-0.28472	-0.32605	-0.31839	-0.28184	-0.24473	-0.20642	-0.14538	-0.081216	0.01316	0.057581	1.5386
924.48	0.073895	0.034534	-0.062582	-0.11866	-0.18706	-0.24472	-0.30903	-0.4137	-0.45679	-0.45742	-0.51858	-0.43065	-5.7985	0.19612	0.7717	0.90984	0.64376	0.22027	0.017804	-0.2002	-0.28466	-0.32931	-0.33205	-0.29753	-0.23623	-0.2147	-0.13452	-0.093848	0.028101	0.060615	1.2818
926.83	0.062817	0.011003	-0.061598	-0.11755	-0.20391	-0.22284	-0.28802	-0.39612	-0.43648	-0.50841	-0.35235	-0.52383	-5.6604	0.2364	0.67188	0.76977	0.5851	0.16657	-0.047136	-0.23499	-0.31835	-0.3498	-0.33446	-0.31414	-0.25184	-0.19475	-0.14376	-0.083784	0.010596	0.056454	1.0098
928.64	0.053496	0.018781	-0.064777	-0.13029	-0.18622	-0.23655	-0.29445	-0.38627	-0.43961	-0.45539	-0.37911	-0.49716	-5.633	0.1871	0.8926	0.69954	0.54353	0.12293	-0.089697	-0.25602	-0.34553	-0.36785	-0.33543	-0.30528	-0.24827	-0.20567	-0.14905	-0.079093	0.0047731	0.053943	0.75597
929.38	0.060974	0.021884	-0.035049	-0.12695	-0.18971	-0.2293	-0.29188	-0.36536	-0.42175	-0.39434	-0.49759	-0.36	-5.6285	0.28457	0.82975	0.70756	0.52331	0.091041	-0.10462	-0.27041	-0.34771	-0.3616	-0.34569	-0.30503	-0.24115	-0.20712	-0.14177	-0.088831	0.020502	0.062694	0.57962
929.38	0.074341	0.018767	-0.063076	-0.11723	-0.18334	-0.21693	-0.3043	-0.3703	-0.38752	-0.54168	-0.26003	-0.38565	-5.6613	0.49606	0.67001	0.87928	0.48869	0.044232	-0.13461	-0.3185	-0.35996	-0.39308	-0.35136	-0.30421	-0.25808	-0.20389	-0.12983	-0.082798	0.022986	0.052301	0.38196
928.96	0.066016	0.028133	-0.054034	-0.12133	-0.15978	-0.22145	-0.27494	-0.37955	-0.39885	-0.49856	-0.38812	-0.36017	-5.6639	0.42305	0.81238	0.72506	0.46418	0.023046	-0.16073	-0.31778	-0.39037	-0.39071	-0.36287	-0.30435	-0.23587	-0.19672	-0.14343	-0.07303	0.025481	0.055524	0.2299
929.38	0.062644	0.0047402	-0.063076	-0.13262	-0.19062	-0.22135	-0.288	-0.35876	-0.39389	-0.32501	-0.33311	-0.36	-5.6531	0.36591	0.82975	0.69898	0.4211	-0.012292	-0.19618	-0.33567	-0.38856	-0.39393	-0.35541	-0.32069	-0.24576	-0.20228	-0.13222	-0.083552	0.044514	0.061096	0.082389
928.74	0.076063	0.0094213	-0.056521	-0.12703	-0.18893	-0.22504	-0.27578	-0.35406	-0.3846	-0.3339	-0.36077	-0.18919	-5.5995	0.45571	0.74153	0.70805	0.39664	-0.043234	-0.24212	-0.36254	-0.40191	-0.41379	-0.36457	-0.29947	-0.25286	-0.19677	-0.14346	-0.076819	0.034602	0.060337	0.0017853
927.04	0.054427	0.0031905	-0.075633	-0.1297	-0.19475	-0.22279	-0.2864	-0.35306	-0.37733	-0.15206	-0.32478	-0.24952	-5.6427	0.45655	0.80515	0.67492	0.38828	-0.05394	-0.23861	-0.37009	-0.40838	-0.40175	-0.36118	-0.30663	-0.24947	-0.20279	-0.13734	-0.07167	0.017234	0.054036	-0.10772
925.12	0.063771	0.025899	-0.061711	-0.12509	-0.19606	-0.23656	-0.29245	-0.35379	-0.36451	-0.31778	-0.31628	-0.25003	-5.7286	0.68631	0.86924	0.66768	0.37087	-0.081557	-0.25575	-0.39329	-0.42072	-0.42566	-0.37251	-0.31223	-0.24612	-0.20807	-0.14002	-0.074847	0.040559	0.054951	-0.14879
922.46	0.077424	0.022835	-0.049432	-0.13688	-0.20487	-0.23547	-0.28938	-0.36229	-0.3792	-0.30125	-0.40005	-0.15603	-5.7451	0.60633	0.80917	0.67827	0.35865	-0.091582	-0.26842	-0.38923	-0.42605	-0.40889	-0.35971	-0.31729	-0.2352	-0.20298	-0.1276	-0.074305	0.024826	0.075247	-0.17465
919.58	0.059933	0.0047892	-0.052085	-0.1283	-0.17611	-0.23174	-0.28558	-0.35259	-0.36912	-0.38978	-0.21662	-0.13924	-5.6801	0.51781	0.73995	0.74983	0.35727	-0.095437	-0.26766	-0.38611	-0.42408	-0.40845	-0.35592	-0.32911	-0.23438	-0.19954	-0.13524	-0.090538	0.01821	0.053665	-0.17465
916.17	0.06948	0.0024367	-0.07653	-0.14192	-0.19705	-0.23798	-0.32837	-0.37815	-0.38341	-0.39123	-0.2823	-0.26982	-5.668	0.53623	0.8057	0.66547	0.35944	-0.094001	-0.27186	-0.39452	-0.43643	-0.40997	-0.37532	-0.31863	-0.23994	-0.18392	-0.13332	-0.065638	0.023318	0.057919	-0.17465
912.45	0.065508	0.0040333	-0.063408	-0.13755	-0.19601	-0.22726	-0.30679	-0.36206	-0.38417	-0.42814	-0.25553	-0.11421	-5.8583	0.53843	0.8542	0.62449	0.36091	-0.079092	-0.26815	-0.3935	-0.42823	-0.41858	-0.37356	-0.32581	-0.23073	-0.19782	-0.13629	-0.062833	0.025099	0.060599	-0.16096
908.5	0.055537	0.012821	-0.066213	-0.13566	-0.19035	-0.25716	-0.30971	-0.36785	-0.37851	-0.41226	-0.2473	-0.26335	-5.8418	0.48251	0.80345	0.66233	0.35741	-0.08847	-0.27658	-0.39785	-0.43761	-0.42039	-0.38429	-0.29855	-0.22307	-0.19785	-0.14666	-0.062333	0.023515	0.066588	-0.16553
904.99	0.052319	0.012868	-0.07917	-0.15366	-0.20043	-0.2509	-0.33083	-0.37774	-0.39143	-0.44057	-0.43592	-0.15905	-5.738	0.63474	0.96149	0.73545	0.36049	-0.090629	-0.2736	-0.40027	-0.44099	-0.42989	-0.3758	-0.29802	-0.23342	-0.20607	-0.1366	-0.052511	0.027859	0.061921	-0.17921
902.53	0.057626	-0.0039474	-0.10145	-0.15157	-0.19348	-0.26704	-0.32294	-0.38386	-0.40724	-0.39715	-0.35243	-0.15067	-5.7705	0.56108	0.85443	0.68439	0.37251	-0.089054	-0.27353	-0.40136	-0.43209	-0.41441	-0.36765	-0.30816	-0.22692	-0.21079	-0.13205	-0.075946	0.021966	0.057151	-0.16096
901.47	0.054249	0.0024764	-0.085426	-0.16094	-0.21808	-0.2628	-0.32572	-0.39112	-0.39706	-0.45123	-0.334	-0.19491	-5.9381	0.4695	0.80056	0.74716	0.3704	-0.070951	-0.27385	-0.39298	-0.41491	-0.41754	-0.37059	-0.30598	-0.22957	-0.19358	-0.12729	-0.061266	0.025404	0.057218	-0.11685
900.93	0.05514	0.0097121	-0.080375	-0.16939	-0.20226	-0.27663	-0.32912	-0.38795	-0.40961	-0.29951	-0.37189	-0.16857	-5.84	0.46977	0.92003	0.57932	0.39018	-0.058236	-0.25366	-0.37639	-0.43202	-0.39672	-0.36246	-0.30956	-0.20986	-0.1887	-0.11094	-0.068303	0.033961	0.072095	0.030679
901.79	0.048202	0.00086862	-0.099838	-0.17841	-0.23862	-0.29002	-0.3376	-0.39777	-0.42153	-0.46	-0.35272	-0.26531	-5.9276	0.51964	0.89174	0.78231	0.41614	-0.051809	-0.22495	-0.36541	-0.4114	-0.39283	-0.35544	-0.30247	-0.20728	-0.17772	-0.11493	-0.064353	0.040757	0.064612	0.19036
904.03	0.051518	-0.007946	-0.091963	-0.1763	-0.23802	-0.31381	-0.37825	-0.42052	-0.4303	-0.51231	-0.34246	-0.27345	-5.761	0.5016	0.74355	0.75389	0.42698	-0.027165	-0.21466	-0.35215	-0.38938	-0.37962	-0.33707	-0.27122	-0.20202	-0.16982	-0.10728	-0.064194	0.023631	0.061166	0.38348
907.54	0.052175	-0.011107	-0.10934	-0.17147	-0.23058	-0.30808	-0.36963	-0.42142	-0.44412	-0.53697	-0.46275	-0.33366	-5.7135	0.42469	0.81337	0.74216	0.47175	0.02992	-0.17422	-0.33056	-0.36193	-0.36334	-0.30176	-0.26848	-0.17444	-0.15099	-0.10768	-0.026111	0.026083	0.045372	0.59634
911.59	0.046831	-0.022182	-0.099606	-0.18062	-0.23234	-0.30671	-0.39331	-0.43131	-0.47056	-0.45505	-0.47933	-0.40188	-5.8554	0.47257	0.92737	0.75636	0.50243	0.056801	-0.12115	-0.27481	-0.33867	-0.35131	-0.3095	-0.26476	-0.1666	-0.14045	-0.099902	-0.03445	0.026811	0.070439	0.80005
916.17	0.050835	-0.0078406	-0.12085	-0.17972	-0.2487	-0.31503	-0.37796	-0.47515	-0.46659	-0.66378	-0.42132	-0.38254	-5.8678	0.43722	0.75168	0.87454	0.54424	0.1049	-0.10133	-0.24382	-0.30962	-0.31762	-0.29645	-0.22414	-0.15718	-0.12748	-0.091327	-0.045751	0.052715	0.083872	1.0904
921.61	0.041266	-0.0085798	-0.10933	-0.21214	-0.27016	-0.3292	-0.38826	-0.4524	-0.50718	-0.66862	-0.44648	-0.32855	-5.6015	0.27057	0.78306	0.66155	0.58592	0.1497	-0.052179	-0.22247	-0.27978	-0.29259	-0.27837	-0.23445	-0.15858	-0.14299	-0.082761	-0.039398	0.019006	0.059192	1.3685
926.72	0.064499	-0.0226	-0.11451	-0.19879	-0.27505	-0.26981	-0.40479	-0.48049	-0.52434	-0.71707	-0.50816	-0.44676	-5.7105	0.33432	0.72534	0.86459	0.60997	0.18785	-0.0099401	-0.19627	-0.24792	-0.26964	-0.25084	-0.20919	-0.14845	-0.11067	-0.059952	-0.028597	0.032188	0.04283	1.6602
931.19	0.036673	-0.017047	-0.11972	-0.1946	-0.2574	-0.33199	-0.40285	-0.49711	-0.54884	-0.65308	-0.57868	-0.58111	-5.6913	0.24342	0.81043	0.89472	0.63912	0.23631	0.032643	-0.14819	-0.23857	-0.26325	-0.24963	-0.20324	-0.13775	-0.11818	-0.062842	-0.032221	0.050214	0.072945	1.9807
935.45	0.045637	-0.015422	-0.12	-0.21303	-0.29507	-0.35768	-0.44805	-0.53989	-0.57639	-0.68455	-0.70313	-0.71432	-5.6409	0.024098	0.65686	0.83947	0.68372	0.29315	0.092872	-0.12107	-0.20745	-0.23416	-0.22436	-0.1884	-0.1463	-0.10482	-0.074418	-0.018592	0.036822	0.061492	2.3057
938.75	0.049613	-0.0084232	-0.12365	-0.20827	-0.29583	-0.34505	-0.44494	-0.52412	-0.57831	-0.70789	-0.85441	-0.74565	-5.6698	0.12067	0.64575	0.87051	0.72049	0.33059	0.1488	-0.07474	-0.16871	-0.22154	-0.19711	-0.15672	-0.11683	-0.086094	-0.056032	-0.021512	0.042431	0.074732	2.62
940.34	0.042098	-0.0076391	-0.11774	-0.22553	-0.29263	-0.35232	-0.46259	-0.54278	-0.63633	-0.67242	-0.73558	-0.67681	-5.5466	-0.096637	0.60082	0.92844	0.76163	0.3955	0.19301	-0.037273	-0.13692	-0.1766	-0.17596	-0.16216	-0.098379	-0.096309	-0.029187	-0.021475	0.048086	0.066703	2.9661
