14051	6	3	91	24	748	1	11	8	4.077	128	4096	10	0	0	0	0	521.92	951.99	1.441e+006	0.11679	0.17457	40.355	0	0	1	0	0	0	11	0	0
915.35	0.016592	-0.031505	-0.16562	-0.2826	-0.369	-0.46417	-0.58201	-0.72636	-0.85387	-1.1102	-1.1021	-1.2943	-1.2754	-0.82543	0.15299	0.8483	0.88224	0.67109	0.49007	0.16361	0.03753	-0.063698	-0.10518	-0.084164	-0.063355	-0.052237	-0.036644	-0.0094459	0.040085	0.048006	4.7636
919.61	0.00047318	-0.048688	-0.18151	-0.2993	-0.38659	-0.46291	-0.58167	-0.72883	-0.84589	-1.1138	-1.3001	-1.5301	-1.3856	-1.0189	-0.098834	0.87042	0.87232	0.69208	0.52449	0.19149	0.047266	-0.047926	-0.095685	-0.075443	-0.066172	-0.065849	-0.033256	0.0058375	0.040737	0.054245	5.0667
924.83	0.013065	-0.058592	-0.15978	-0.30575	-0.37984	-0.46474	-0.59554	-0.7388	-0.85312	-1.2643	-1.2928	-1.5988	-1.4355	-1.1276	-0.28555	0.86551	0.86988	0.70681	0.54374	0.22838	0.074917	-0.016021	-0.086193	-0.066735	-0.06116	-0.041976	-0.032269	0.00429	0.040507	0.047514	5.3638
930.16	0.018834	-0.049693	-0.17698	-0.30886	-0.40129	-0.48149	-0.60221	-0.74445	-0.89516	-1.1618	-1.3401	-1.5811	-1.5995	-1.1781	-0.25731	0.64605	0.87396	0.72483	0.57848	0.2468	0.093265	0.0027717	-0.058995	-0.050703	-0.033126	-0.03529	-0.018563	0.0072771	0.037793	0.056028	5.6137
934.73	0.014587	-0.040149	-0.163	-0.28721	-0.40565	-0.47562	-0.60775	-0.75884	-0.87574	-1.1906	-1.4062	-1.5818	-1.6243	-1.3664	-0.27371	0.71118	0.87214	0.76255	0.60311	0.28486	0.13018	0.032367	-0.036961	-0.038161	-0.026841	-0.020686	-0.0026426	0.0079921	0.050781	0.058137	5.9091
939.2	0.019479	-0.060009	-0.16223	-0.29947	-0.41361	-0.48035	-0.62867	-0.79519	-0.92198	-1.3822	-1.3996	-1.6504	-1.7546	-1.4082	-0.45682	0.63983	0.85902	0.76417	0.63773	0.30985	0.15058	0.048208	-0.023162	-0.032269	-0.0084364	-0.026971	0.0036726	0.010193	0.030873	0.066564	6.1938
943.99	0.0095086	-0.071214	-0.18656	-0.32825	-0.43031	-0.52139	-0.65145	-0.822	-0.94944	-1.4861	-1.5364	-1.8693	-1.8992	-1.6253	-0.56807	0.40833	0.83275	0.76289	0.64226	0.32265	0.15625	0.058853	-0.028626	-0.041844	-0.02658	-0.02604	-0.010454	-0.01287	0.015229	0.041038	6.4694
949.2	0.0061845	-0.061667	-0.20329	-0.31376	-0.45288	-0.53669	-0.65851	-0.84412	-0.97306	-1.4609	-1.6263	-1.859	-2.0013	-1.8314	-0.58233	0.43973	0.80719	0.78379	0.65574	0.35283	0.17459	0.05853	-0.0054706	-0.02305	0.00069414	-0.0085259	-0.0057196	0.011561	0.036224	0.035334	6.8251
952.39	0.012686	-0.059939	-0.1994	-0.3301	-0.42474	-0.52282	-0.6654	-0.84049	-0.99544	-1.4222	-1.7992	-1.9278	-2.0106	-1.9364	-0.77089	0.34607	0.79564	0.8096	0.68435	0.39438	0.21308	0.093204	0.018257	-0.0076898	-0.0060678	-0.014794	0.01838	0.021086	0.052262	0.042237	7.1399
954.63	0.015096	-0.051454	-0.1901	-0.31671	-0.45473	-0.54138	-0.66913	-0.85217	-1.0032	-1.4105	-1.7149	-1.915	-2.2296	-2.0032	-0.64814	0.41213	0.77853	0.82576	0.71502	0.41519	0.24121	0.12115	0.047391	0.026836	0.022418	0.014288	0.019886	0.035718	0.045691	0.056925	7.4894
954.95	0.017531	-0.051436	-0.18683	-0.32449	-0.43954	-0.53862	-0.68325	-0.87755	-1.0416	-1.3509	-1.7055	-2.0059	-2.2049	-2.1609	-0.88975	0.37858	0.74136	0.83666	0.73629	0.43845	0.26976	0.13684	0.05762	0.040466	0.036642	0.0394	0.026078	0.037174	0.045676	0.054572	7.8146
956.65	0.012629	-0.053616	-0.20331	-0.32627	-0.45112	-0.54795	-0.69184	-0.88	-1.066	-1.5927	-1.9599	-2.1518	-2.504	-2.4415	-1.1382	0.13598	0.68559	0.83946	0.75185	0.4677	0.29151	0.15313	0.073256	0.037993	0.039567	0.023661	0.024484	0.032712	0.027094	0.038167	8.117
957.5	-0.002789	-0.060377	-0.19993	-0.34642	-0.44807	-0.58347	-0.72512	-0.92162	-1.1122	-1.7091	-2.1	-2.3158	-2.5894	-2.7315	-1.2578	0.10253	0.64258	0.83958	0.77416	0.49312	0.30949	0.17776	0.09756	0.055561	0.054472	0.033816	0.04069	0.051711	0.036714	0.049772	8.4783
956.22	0.0020797	-0.05364	-0.20821	-0.35397	-0.45485	-0.61344	-0.75324	-0.9565	-1.1531	-1.804	-2.1028	-2.4019	-2.7364	-2.8458	-1.4837	0.027562	0.61539	0.8467	0.7913	0.5305	0.34087	0.21273	0.11501	0.077267	0.071	0.05502	0.044612	0.044452	0.04481	0.045176	8.8471
954.52	-0.010119	-0.070428	-0.19815	-0.34671	-0.46629	-0.59475	-0.76516	-0.96784	-1.1847	-1.8494	-2.1955	-2.581	-3.0369	-3.136	-1.5641	-0.13962	0.57716	0.85939	0.81039	0.54984	0.3733	0.23548	0.12941	0.09426	0.077121	0.065327	0.05864	0.061415	0.036828	0.046036	9.2293
950.27	-0.0060784	-0.048641	-0.19662	-0.33005	-0.4666	-0.58532	-0.76024	-0.99555	-1.2055	-1.7814	-2.2858	-2.6176	-3.0746	-3.2694	-1.7621	-0.19903	0.5096	0.85719	0.83254	0.58757	0.39255	0.25234	0.15296	0.11242	0.098543	0.082182	0.069024	0.05653	0.050758	0.049368	9.5948
947.82	0.0012794	-0.065577	-0.19632	-0.37219	-0.49009	-0.60329	-0.79949	-0.99893	-1.2617	-1.8795	-2.22	-2.7669	-3.3159	-3.5411	-2.0538	-0.30059	0.45111	0.84988	0.85326	0.60509	0.4192	0.27885	0.16844	0.12402	0.092005	0.073696	0.060618	0.052239	0.046831	0.039307	9.9497
946.54	-0.014306	-0.054189	-0.20953	-0.38065	-0.50057	-0.63185	-0.812	-1.0464	-1.3103	-1.9331	-2.4832	-3.1147	-3.6346	-3.8254	-2.2569	-0.64665	0.33921	0.85623	0.85441	0.62951	0.44464	0.2926	0.18855	0.142	0.11329	0.091214	0.079457	0.061933	0.042017	0.040929	10.351
943.25	0.0012856	-0.063592	-0.21026	-0.37001	-0.50232	-0.63058	-0.86148	-1.0769	-1.3298	-2.1704	-2.4018	-3.3614	-3.7444	-4.2716	-2.5621	-0.63199	0.26243	0.83834	0.87684	0.66132	0.47678	0.32296	0.20437	0.16767	0.13036	0.10425	0.08052	0.06735	0.057664	0.04501	10.745
938.88	-0.0069787	-0.069287	-0.2194	-0.37414	-0.49835	-0.64138	-0.85703	-1.0884	-1.3777	-2.0518	-2.5577	-3.3516	-3.8755	-4.3639	-2.8815	-0.85592	0.15593	0.84223	0.87857	0.68565	0.51054	0.36488	0.23258	0.18151	0.15535	0.1167	0.11793	0.074379	0.072685	0.05788	11.128
932.5	-0.0011994	-0.067431	-0.20201	-0.37024	-0.5208	-0.63345	-0.85903	-1.1148	-1.4134	-2.135	-2.5934	-3.2638	-4.1883	-4.6776	-3.1223	-1.1185	0.080597	0.83568	0.9019	0.73313	0.5458	0.38604	0.26566	0.20493	0.16485	0.13117	0.1227	0.087664	0.048427	0.067042	11.514
926.96	-0.0070684	-0.04752	-0.21231	-0.38382	-0.53849	-0.6576	-0.88595	-1.1396	-1.4505	-2.2781	-2.8287	-3.4204	-4.5671	-5.0725	-3.3189	-1.3921	-0.039588	0.81942	0.89145	0.75559	0.572	0.41223	0.28186	0.21607	0.17818	0.1465	0.13301	0.10179	0.056186	0.046602	11.905
923.45	-0.015504	-0.075934	-0.21311	-0.37957	-0.54877	-0.6921	-0.91666	-1.1879	-1.5065	-2.3652	-3.1981	-3.5797	-4.7827	-5.5667	-3.6709	-1.6826	-0.17829	0.80298	0.8869	0.76711	0.59391	0.41551	0.30005	0.2169	0.17344	0.13489	0.12711	0.091558	0.0564	0.041951	12.297
918.65	-0.029954	-0.080274	-0.24341	-0.39139	-0.57923	-0.71447	-0.94578	-1.2508	-1.5699	-2.4653	-3.298	-3.6243	-4.9986	-5.9002	-4.0761	-1.9172	-0.31848	0.75981	0.87556	0.7963	0.62594	0.4478	0.31555	0.23387	0.20237	0.16088	0.11811	0.10577	0.049156	0.040555	12.733
912.37	-0.022502	-0.06892	-0.22578	-0.41141	-0.56007	-0.7068	-0.94597	-1.2636	-1.6278	-2.4822	-3.4696	-3.9888	-5.2839	-6.2475	-4.285	-2.1928	-0.45335	0.73536	0.88481	0.83415	0.65771	0.48382	0.34577	0.26235	0.21788	0.17595	0.13595	0.11878	0.06552	0.049791	13.107
904.7	-0.027841	-0.079913	-0.22007	-0.40824	-0.59284	-0.73729	-0.95878	-1.2837	-1.6653	-2.3964	-3.4052	-3.9348	-5.472	-6.5846	-4.6131	-2.2114	-0.60285	0.70802	0.88177	0.84564	0.67672	0.51327	0.36285	0.28829	0.23	0.20313	0.16	0.11824	0.050763	0.049394	13.513
898.51	-0.021985	-0.084491	-0.22073	-0.39848	-0.56965	-0.75059	-1.0087	-1.3385	-1.7352	-2.4936	-3.5704	-4.1918	-5.7983	-7.1264	-5.0212	-2.6885	-0.77497	0.65443	0.85356	0.86211	0.70589	0.51328	0.3888	0.29795	0.24114	0.19869	0.1644	0.11281	0.057965	0.038155	13.905
895.85	-0.036783	-0.10253	-0.23849	-0.43328	-0.61379	-0.76565	-1.0214	-1.3776	-1.7627	-2.7168	-3.8464	-4.4968	-6.3179	-7.5105	-5.5517	-3.0083	-0.93719	0.59957	0.85036	0.86824	0.72833	0.55629	0.4034	0.31337	0.25143	0.19928	0.17232	0.11706	0.065869	0.040757	14.288
893.29	-0.054274	-0.084175	-0.22117	-0.38733	-0.6023	-0.80368	-1.0033	-1.3987	-1.8058	-2.7697	-4.0285	-4.5987	-6.6775	-8.116	-5.9462	-3.4279	-1.1594	0.55534	0.81092	0.8877	0.74317	0.56143	0.42899	0.34172	0.26577	0.21663	0.17944	0.13465	0.064335	0.035052	14.712
890.09	-0.053597	-0.092614	-0.22454	-0.42763	-0.61776	-0.74847	-1.0661	-1.4295	-1.8988	-2.6892	-4.0335	-4.8829	-6.8472	-8.3575	-6.2733	-3.6284	-1.3469	0.4891	0.81631	0.916	0.78423	0.62208	0.43646	0.34811	0.27637	0.24267	0.1992	0.16033	0.072348	0.051037	15.091
886.67	-0.038916	-0.084803	-0.21418	-0.40041	-0.59631	-0.77542	-1.0604	-1.4471	-1.9111	-2.8267	-3.9532	-4.8569	-7.1746	-8.7904	-6.5021	-3.9304	-1.5387	0.43636	0.78471	0.92403	0.80609	0.63607	0.47549	0.37451	0.30486	0.24445	0.20914	0.1483	0.07523	0.042854	15.503
884.22	-0.065369	-0.099781	-0.20697	-0.42025	-0.59032	-0.78686	-1.1001	-1.4572	-1.9465	-2.953	-4.1659	-5.2477	-7.5568	-9.1654	-7.0985	-4.2121	-1.751	0.35124	0.75122	0.93201	0.80661	0.66287	0.47511	0.39027	0.31056	0.25869	0.22729	0.1606	0.082399	0.057258	15.842
885.82	-0.067003	-0.093061	-0.22822	-0.43479	-0.60833	-0.78358	-1.1054	-1.5082	-1.9981	-3.0295	-4.3309	-5.3817	-8.077	-9.6524	-7.4953	-4.754	-1.9407	0.27276	0.71094	0.92852	0.81459	0.66257	0.4819	0.39649	0.31403	0.25314	0.21185	0.14212	0.064009	0.038702	16.174
889.66	-0.053623	-0.1236	-0.21604	-0.42022	-0.62186	-0.79958	-1.1428	-1.5456	-2.0186	-3.2428	-4.4077	-5.6889	-8.4708	-9.9761	-8.0563	-5.2089	-2.1458	0.1784	0.67324	0.94066	0.82302	0.65793	0.49674	0.40166	0.3183	0.24952	0.21592	0.15174	0.055082	0.0377	16.5
892.33	-0.092619	-0.12566	-0.22741	-0.42065	-0.62094	-0.77235	-1.1062	-1.5307	-2.0648	-3.1789	-4.5372	-5.6362	-8.7276	-10.463	-8.1893	-5.4527	-2.3455	0.10796	0.61615	0.92801	0.8546	0.69141	0.51297	0.40733	0.32857	0.27817	0.22025	0.15286	0.048879	0.025929	16.857
894.35	-0.077649	-0.13023	-0.23632	-0.41633	-0.61198	-0.79079	-1.1513	-1.5067	-2.1089	-3.1987	-4.5649	-5.7478	-9.0319	-10.761	-8.5396	-5.708	-2.5483	0.036126	0.59425	0.9259	0.84672	0.70664	0.51265	0.42354	0.32863	0.2633	0.22968	0.15957	0.060816	0.03501	17.196
894.78	-0.08282	-0.12855	-0.22593	-0.41445	-0.60696	-0.80876	-1.1338	-1.5547	-2.0839	-3.2692	-4.7146	-5.7717	-9.2236	-11.017	-8.849	-5.9996	-2.7295	-0.04095	0.54642	0.93438	0.85056	0.71691	0.54689	0.4456	0.35725	0.29332	0.2337	0.15871	0.065948	0.026689	17.487
898.3	-0.092004	-0.12805	-0.22164	-0.41953	-0.59706	-0.78732	-1.1005	-1.5333	-2.1211	-3.2833	-4.8852	-5.8906	-9.7054	-11.429	-9.3193	-6.447	-2.9235	-0.10841	0.49692	0.92539	0.85653	0.7273	0.54308	0.42936	0.34709	0.27466	0.22867	0.15028	0.044274	0.01914	17.751
904.7	-0.098219	-0.13275	-0.23023	-0.42072	-0.5863	-0.8498	-1.1637	-1.5894	-2.1511	-3.3847	-5.0008	-6.1562	-9.7211	-11.783	-9.7821	-6.7013	-3.1145	-0.17478	0.44557	0.91709	0.84963	0.72041	0.54756	0.43479	0.32329	0.27437	0.23523	0.14303	0.043959	0.01572	18.024
909.07	-0.11312	-0.13928	-0.22828	-0.398	-0.59278	-0.77709	-1.0771	-1.6078	-2.1423	-3.2444	-4.9394	-6.214	-9.9848	-12.175	-9.6897	-6.8798	-3.2782	-0.26785	0.41116	0.90302	0.86559	0.71347	0.55072	0.44787	0.35557	0.28459	0.23736	0.13925	0.047981	0.0074694	18.276
913.01	-0.092221	-0.13709	-0.22058	-0.39298	-0.59577	-0.8043	-1.1065	-1.5732	-2.1047	-3.3186	-5.0576	-6.3873	-9.8748	-12.329	-10.091	-7.156	-3.4344	-0.32963	0.38608	0.90699	0.87766	0.7433	0.56483	0.45265	0.35482	0.29486	0.23471	0.16014	0.057045	0.025341	18.575
914.39	-0.1201	-0.14243	-0.22779	-0.36193	-0.59579	-0.77076	-1.1174	-1.606	-2.2189	-3.2696	-5.0499	-6.3863	-9.9099	-12.55	-10.256	-7.3023	-3.5892	-0.40004	0.3494	0.91434	0.86802	0.74044	0.57879	0.46034	0.36367	0.28949	0.23031	0.16143	0.053592	0.0090532	18.73
917.59	-0.13069	-0.14983	-0.23702	-0.40743	-0.58635	-0.77703	-1.141	-1.5887	-2.2031	-3.2669	-5.1341	-6.4853	-9.7923	-12.935	-10.588	-7.6508	-3.7829	-0.48453	0.29302	0.87811	0.86831	0.73959	0.57267	0.45206	0.33902	0.27868	0.22467	0.14331	0.034116	-0.006364	18.893
923.45	-0.13406	-0.16848	-0.24132	-0.40566	-0.54695	-0.78276	-1.1416	-1.5845	-2.2099	-3.2985	-5.2119	-6.6592	-9.8789	-13.172	-10.959	-7.801	-3.9124	-0.53212	0.25939	0.88118	0.87843	0.73061	0.56171	0.46247	0.34384	0.27448	0.21684	0.13709	0.0314	0.0017209	19.075
927.49	-0.13766	-0.15682	-0.23696	-0.38522	-0.55367	-0.80413	-1.0775	-1.6213	-2.174	-3.3536	-5.299	-6.6301	-10.017	-13.294	-11.027	-8.0681	-4.0225	-0.56608	0.22505	0.85582	0.86722	0.72572	0.56413	0.45632	0.33617	0.28298	0.21111	0.12667	0.027115	-0.0070967	19.225
930.58	-0.1614	-0.1524	-0.26417	-0.36453	-0.5373	-0.75824	-1.1166	-1.569	-2.1588	-3.2386	-5.0898	-6.702	-10.287	-13.502	-11.141	-8.1271	-4.0882	-0.60654	0.21957	0.87099	0.87985	0.73861	0.57924	0.46057	0.34197	0.28848	0.21676	0.13001	0.026199	-0.016655	19.37
931.65	-0.14622	-0.16856	-0.20713	-0.39966	-0.55029	-0.73799	-1.0526	-1.5121	-2.1246	-3.1658	-5.1022	-6.6773	-10.013	-13.543	-11.314	-8.0921	-4.188	-0.64021	0.19098	0.87685	0.88863	0.75134	0.57535	0.46497	0.3362	0.2785	0.22049	0.12159	0.019561	-0.023016	19.447
931.97	-0.152	-0.17782	-0.22185	-0.37287	-0.53923	-0.76592	-1.1389	-1.5749	-2.1405	-3.2338	-5.1278	-6.7432	-10.206	-13.514	-11.407	-8.4404	-4.2762	-0.66729	0.17832	0.86884	0.87203	0.73412	0.56384	0.44919	0.34607	0.26312	0.20136	0.1208	0.019555	-0.026196	19.487
934.52	-0.15324	-0.18431	-0.22534	-0.35977	-0.55855	-0.73836	-1.1003	-1.5681	-2.1164	-3.3198	-5.1683	-6.6908	-10.252	-13.842	-11.579	-8.5369	-4.326	-0.69446	0.14722	0.85451	0.86396	0.72957	0.55022	0.44715	0.33364	0.2608	0.18498	0.12122	0.0038562	-0.01897	19.541
936.12	-0.16708	-0.20644	-0.27897	-0.39534	-0.53232	-0.80988	-1.0892	-1.4894	-2.1713	-3.2453	-5.1414	-6.7897	-10.144	-13.753	-11.7	-8.5224	-4.3382	-0.70818	0.15167	0.85817	0.86086	0.73002	0.54767	0.4472	0.31168	0.24915	0.18387	0.098553	0.0079592	-0.031636	19.52
935.69	-0.16052	-0.21427	-0.26518	-0.36978	-0.55062	-0.72515	-1.1243	-1.5948	-2.1351	-3.3243	-5.2435	-6.606	-10.394	-13.735	-11.512	-8.6115	-4.35	-0.73219	0.13292	0.85941	0.86937	0.7388	0.56642	0.43676	0.32176	0.25247	0.18554	0.10609	-0.0035526	-0.02371	19.541
933.56	-0.14841	-0.23338	-0.27235	-0.38997	-0.55188	-0.74615	-1.1285	-1.5648	-2.0322	-3.1852	-5.019	-6.6381	-10.074	-13.71	-11.547	-8.6483	-4.3501	-0.72067	0.15523	0.87249	0.87948	0.7515	0.56126	0.44596	0.31942	0.23779	0.18437	0.091315	-0.0093292	-0.029335	19.508
929.84	-0.20913	-0.2312	-0.26108	-0.39801	-0.56136	-0.77474	-1.1151	-1.595	-2.0993	-3.1633	-5.1213	-6.5366	-10.057	-13.643	-11.371	-8.6143	-4.3263	-0.69972	0.15664	0.85453	0.86913	0.7307	0.56108	0.42963	0.31532	0.23552	0.17238	0.082638	-0.021782	-0.04863	19.496
927.71	-0.23639	-0.22939	-0.30628	-0.44436	-0.6173	-0.80749	-1.2374	-1.6424	-2.0817	-3.2574	-5.1056	-6.7485	-10.401	-13.731	-11.593	-8.72	-4.3214	-0.72079	0.14276	0.84875	0.85639	0.71106	0.54534	0.3951	0.29291	0.21425	0.15204	0.069233	-0.040911	-0.067963	19.504
926.11	-0.20494	-0.25793	-0.3341	-0.4435	-0.59829	-0.79292	-1.1866	-1.6626	-2.0238	-3.1412	-5.0594	-6.6486	-10.279	-13.608	-11.444	-8.6748	-4.2676	-0.69101	0.15568	0.84849	0.85786	0.69692	0.54628	0.40323	0.29033	0.22918	0.14272	0.060272	-0.043474	-0.074498	19.498
923.23	-0.251	-0.22344	-0.3061	-0.45222	-0.59924	-0.80517	-1.2387	-1.6545	-2.0301	-3.0725	-5.0108	-6.6005	-10.17	-13.47	-11.354	-8.3474	-4.1988	-0.6416	0.17921	0.86237	0.86382	0.70937	0.54635	0.4161	0.29511	0.21853	0.14477	0.059703	-0.03694	-0.068292	19.36
919.61	-0.22328	-0.23849	-0.3248	-0.43763	-0.54647	-0.84583	-1.2758	-1.5869	-2.0703	-2.9707	-5.0028	-6.3933	-9.862	-13.441	-11.184	-8.2675	-4.1328	-0.62538	0.20544	0.86403	0.86145	0.71646	0.55504	0.42441	0.29783	0.23324	0.15419	0.070604	-0.037086	-0.063713	19.236
913.65	-0.20094	-0.22895	-0.30344	-0.39436	-0.58241	-0.94389	-1.2486	-1.635	-1.9389	-2.946	-4.8589	-6.3915	-9.8012	-13.496	-10.977	-8.1817	-4.0843	-0.59802	0.22284	0.89412	0.8945	0.73931	0.56691	0.42718	0.30681	0.24707	0.15681	0.081802	-0.028063	-0.055997	19.128
909.6	-0.23854	-0.25306	-0.27532	-0.42921	-0.64631	-0.86778	-1.3152	-1.6414	-2.0752	-2.7555	-4.8058	-6.3589	-9.7442	-13.198	-10.881	-8.1128	-4.0006	-0.54654	0.26818	0.91214	0.88345	0.72522	0.55454	0.42739	0.29403	0.22016	0.15263	0.06599	-0.051877	-0.088922	18.999
907.79	-0.23217	-0.2416	-0.28599	-0.44416	-0.61037	-0.91653	-1.3321	-1.697	-2.0459	-2.9473	-4.7499	-6.2928	-9.5956	-13.05	-10.866	-8.0587	-3.9039	-0.50784	0.28973	0.90078	0.88103	0.72493	0.5374	0.40462	0.27098	0.20491	0.13664	0.044507	-0.065544	-0.092372	18.807
904.16	-0.22194	-0.22495	-0.29561	-0.47425	-0.68571	-0.96196	-1.2904	-1.6979	-2.091	-2.8166	-4.5436	-6.116	-9.4822	-12.793	-10.727	-7.7026	-3.795	-0.44814	0.32496	0.90968	0.88708	0.72433	0.53123	0.39014	0.26178	0.18252	0.11591	0.033062	-0.059849	-0.087812	18.634
900.86	-0.19776	-0.2121	-0.33666	-0.45928	-0.75482	-0.94818	-1.4104	-1.7143	-2.0904	-2.8537	-4.4848	-5.9885	-9.1614	-12.286	-10.172	-7.3234	-3.5828	-0.36961	0.37419	0.92542	0.88444	0.71734	0.52232	0.36946	0.25321	0.16822	0.11223	0.032404	-0.051526	-0.076586	18.472
895.31	-0.2198	-0.24982	-0.31051	-0.49743	-0.7208	-0.98339	-1.5488	-1.7215	-2.062	-2.7634	-4.4367	-5.6707	-8.8603	-11.94	-9.728	-7.0657	-3.379	-0.2903	0.43222	0.93739	0.88652	0.70853	0.52219	0.37175	0.2396	0.17177	0.10962	0.023997	-0.066457	-0.090339	18.172
892.65	-0.2248	-0.26274	-0.31487	-0.53602	-0.73621	-1.0746	-1.5446	-1.7344	-2.045	-2.9431	-4.3073	-5.3139	-8.4681	-11.552	-9.369	-6.8633	-3.1874	-0.23323	0.46474	0.93393	0.86876	0.69825	0.49002	0.3411	0.2283	0.13534	0.077625	0.016219	-0.088207	-0.097267	17.928
892.86	-0.26475	-0.29755	-0.36456	-0.52831	-0.79565	-1.1249	-1.4941	-1.6439	-2.187	-2.9514	-3.7452	-5.2147	-8.4234	-10.787	-8.6925	-6.3701	-2.9284	-0.14952	0.50159	0.92477	0.85069	0.67328	0.46545	0.323	0.22023	0.14706	0.075948	-0.008898	-0.093358	-0.11722	17.754
891.58	-0.27036	-0.29798	-0.41321	-0.5603	-0.85934	-1.2039	-1.3596	-1.7012	-2.3138	-2.9376	-3.9029	-4.7144	-7.5201	-9.9885	-7.9464	-6.1017	-2.674	-0.053066	0.54098	0.93595	0.84509	0.65917	0.45936	0.31058	0.18846	0.12794	0.056973	-0.0081268	-0.096944	-0.13655	17.501
889.87	-0.26651	-0.33111	-0.38559	-0.50217	-1.0348	-1.2357	-1.3703	-2.0893	-2.0356	-2.7894	-3.7291	-4.4021	-6.9003	-9.328	-7.4056	-5.5036	-2.3907	0.02616	0.58571	0.92877	0.83648	0.64889	0.4501	0.2974	0.19043	0.10545	0.051263	-0.0089279	-0.099724	-0.1318	17.205
887.21	-0.26907	-0.32312	-0.38675	-0.74548	-0.95977	-1.0803	-1.5272	-1.9531	-2.1359	-2.4891	-3.3096	-4.2452	-7.0328	-8.8618	-6.8979	-5.1873	-2.182	0.11506	0.6379	0.95135	0.83214	0.6446	0.44551	0.28879	0.17971	0.10745	0.048915	-0.022383	-0.10263	-0.13387	16.937
886.67	-0.30338	-0.32822	-0.40772	-0.75357	-1.007	-1.1466	-1.6363	-1.95	-1.9995	-2.4179	-3.1201	-3.7371	-5.9101	-8.2873	-6.1672	-4.7674	-1.8593	0.21881	0.68792	0.93753	0.81637	0.63339	0.42965	0.27082	0.16127	0.089765	0.031422	-0.020817	-0.12091	-0.13982	16.602
889.23	-0.28591	-0.32402	-0.43411	-0.73362	-1.0127	-1.2597	-1.57	-1.8186	-1.9006	-2.8548	-3.3594	-3.235	-5.2412	-7.3198	-5.491	-4.323	-1.5671	0.31141	0.73708	0.92585	0.80292	0.59867	0.41825	0.25884	0.14633	0.092036	0.028837	-0.045969	-0.11797	-0.14861	16.332
891.9	-0.32249	-0.34984	-0.49552	-0.77109	-0.99356	-1.2476	-1.6639	-1.8183	-2.1977	-2.4037	-2.8733	-3.1006	-4.3875	-6.4672	-5.0122	-3.7463	-1.3012	0.3749	0.76613	0.9213	0.77327	0.57826	0.39675	0.24432	0.1483	0.067393	0.015478	-0.045048	-0.12279	-0.16316	16.048
893.93	-0.30613	-0.34743	-0.55267	-0.73482	-0.97997	-1.2696	-1.5649	-1.8879	-2.191	-2.5154	-2.6578	-3.0936	-3.7803	-5.4292	-4.152	-3.2915	-1.0335	0.4769	0.80132	0.91742	0.75793	0.56633	0.38069	0.24206	0.12476	0.073946	0.0030299	-0.054352	-0.14145	-0.15032	15.733
894.35	-0.34679	-0.38371	-0.57639	-0.7715	-1.0674	-1.2378	-1.4505	-1.7011	-2.1734	-2.2801	-2.4097	-2.8523	-3.4544	-4.6996	-3.652	-2.7724	-0.83768	0.54734	0.8444	0.90717	0.75332	0.54927	0.36115	0.21367	0.1191	0.053799	-0.00028006	-0.066077	-0.13794	-0.1785	15.389
895.1	-0.33609	-0.37772	-0.62812	-0.95755	-1.1354	-1.2248	-1.3188	-1.8409	-1.9063	-2.1252	-2.218	-2.7346	-3.3919	-4.324	-3.4463	-2.4758	-0.67864	0.6019	0.86173	0.89304	0.73149	0.52496	0.33057	0.20323	0.098223	0.0278	-0.017636	-0.077766	-0.15588	-0.19163	15.031
898.62	-0.3244	-0.37222	-0.71859	-0.96469	-1.1244	-1.1287	-1.434	-1.8166	-1.7852	-2.1706	-2.3415	-2.9802	-3.124	-4.0463	-3.3135	-2.3152	-0.52423	0.64613	0.87876	0.86556	0.70242	0.5009	0.3075	0.17259	0.065206	-0.0015007	-0.034858	-0.10241	-0.1921	-0.19584	14.667
901.92	-0.39036	-0.50094	-0.72955	-0.89606	-1.0462	-1.0899	-1.4303	-1.4558	-1.732	-1.9037	-2.4648	-2.4497	-3.1802	-3.5285	-3.0178	-1.9262	-0.38385	0.69018	0.8853	0.85974	0.66281	0.46488	0.27299	0.13883	0.053069	-0.023931	-0.056056	-0.11447	-0.19651	-0.20254	14.344
904.06	-0.47963	-0.58708	-0.71766	-0.90893	-1.0213	-1.14	-1.3583	-1.4905	-1.493	-2.0774	-2.0739	-2.356	-2.9955	-3.2359	-2.8465	-1.6304	-0.22702	0.7403	0.90512	0.8224	0.63688	0.44016	0.25653	0.13172	0.039495	-0.041284	-0.069017	-0.1235	-0.21307	-0.23329	13.939
903.95	-0.53466	-0.63523	-0.70588	-0.90821	-1.014	-1.1157	-1.2755	-1.4118	-1.3541	-1.7479	-1.9332	-2.0312	-2.6246	-2.9937	-2.6461	-1.4275	-0.12111	0.78216	0.90603	0.80925	0.61092	0.41922	0.23241	0.10716	0.012597	-0.054553	-0.091121	-0.17003	-0.248	-0.26455	13.58
902.24	-0.52276	-0.66131	-0.72504	-0.93579	-1.0356	-1.0996	-1.2116	-1.35	-1.3328	-1.5905	-1.8992	-2.1935	-2.5112	-2.7815	-2.386	-1.0941	-0.0058601	0.8173	0.91181	0.78513	0.59861	0.39373	0.21033	0.080191	-0.0048189	-0.062963	-0.11015	-0.17501	-0.27832	-0.32187	13.206
903.42	-0.56162	-0.63881	-0.78686	-0.93374	-1.0735	-1.0127	-1.1797	-1.199	-1.3057	-1.6063	-1.8216	-2.0851	-2.5164	-2.8281	-2.3282	-1.022	0.089128	0.82987	0.9155	0.7585	0.54908	0.3512	0.17172	0.037687	-0.044399	-0.10519	-0.14195	-0.20968	-0.32651	-0.35188	12.809
905.65	-0.54908	-0.58685	-0.85428	-0.93309	-0.96728	-0.99391	-1.0931	-1.2079	-1.2968	-1.7091	-1.6671	-2.0186	-2.3417	-2.7042	-2.0947	-0.7816	0.19549	0.8396	0.88408	0.71168	0.51754	0.29184	0.13889	0.029134	-0.069562	-0.10907	-0.16937	-0.21613	-0.30106	-0.33215	12.396
904.7	-0.52392	-0.61789	-0.72731	-0.88749	-0.93561	-1.0294	-1.0353	-1.2345	-1.1796	-1.5061	-1.7063	-1.8363	-2.3189	-2.6904	-1.9329	-0.72068	0.30071	0.88223	0.90853	0.71597	0.48283	0.28341	0.11657	-0.0064009	-0.084656	-0.15226	-0.17691	-0.24269	-0.32605	-0.34974	11.998
902.14	-0.57102	-0.63329	-0.71409	-0.81908	-0.86989	-0.87132	-1.047	-1.1582	-1.1649	-1.2247	-1.4853	-1.639	-2.055	-2.6226	-1.7463	-0.37772	0.38223	0.86653	0.89729	0.66846	0.44548	0.23863	0.081852	-0.037841	-0.1182	-0.16681	-0.20283	-0.23173	-0.34745	-0.36474	11.605
897.66	-0.52024	-0.60821	-0.70058	-0.74686	-0.82999	-0.85829	-0.93817	-1.0949	-0.96383	-1.0872	-1.2751	-1.3551	-1.8443	-2.3493	-1.4335	-0.21956	0.47717	0.88	0.8895	0.63534	0.41387	0.20283	0.041174	-0.064487	-0.14349	-0.18184	-0.20385	-0.26177	-0.33203	-0.37152	11.179
896.81	-0.52246	-0.54337	-0.57738	-0.76688	-0.8402	-0.79687	-1.0147	-0.97972	-0.9301	-1.0882	-1.3521	-1.4539	-1.778	-2.2167	-1.2417	-0.1842	0.55536	0.88907	0.85273	0.59679	0.35922	0.15276	0.0076383	-0.10214	-0.16914	-0.22296	-0.23374	-0.26748	-0.34694	-0.38099	10.78
897.98	-0.514	-0.55073	-0.55359	-0.66948	-0.71678	-0.81502	-0.90731	-0.93152	-0.9849	-1.2034	-1.2179	-1.5404	-1.5124	-2.2558	-1.1391	-0.15729	0.59559	0.8742	0.83609	0.54625	0.32831	0.11646	-0.011652	-0.11309	-0.19123	-0.21349	-0.24497	-0.28586	-0.3422	-0.36063	10.39
897.98	-0.46212	-0.45072	-0.49899	-0.61415	-0.67349	-0.74372	-0.83101	-0.98015	-0.89098	-0.96122	-1.2558	-1.39	-1.6313	-2.0201	-0.96457	-0.023977	0.67578	0.86963	0.82874	0.53025	0.29871	0.098851	-0.034283	-0.12418	-0.18804	-0.21432	-0.24167	-0.26791	-0.32592	-0.32754	10.016
897.55	-0.42081	-0.44367	-0.5163	-0.56832	-0.69829	-0.72487	-0.8756	-0.90124	-0.78426	-0.83604	-1.1239	-1.3819	-1.4026	-1.9874	-0.89152	0.20719	0.71964	0.88193	0.8087	0.49494	0.2794	0.083922	-0.050235	-0.14473	-0.18414	-0.22528	-0.23519	-0.28444	-0.30635	-0.32438	9.6552
896.06	-0.40332	-0.42258	-0.48894	-0.5407	-0.62779	-0.75173	-0.8505	-0.72832	-0.62622	-0.81046	-0.85097	-1.3576	-1.4305	-1.6701	-0.64447	0.43907	0.74648	0.87699	0.78795	0.47528	0.24851	0.067295	-0.060398	-0.15523	-0.19722	-0.23569	-0.26283	-0.26849	-0.30772	-0.32907	9.2716
898.3	-0.41182	-0.38605	-0.42206	-0.51589	-0.60741	-0.77178	-0.64846	-0.65146	-0.61313	-0.95192	-0.96228	-1.5134	-1.4185	-1.8511	-0.73468	0.34027	0.7685	0.86109	0.76639	0.43323	0.21999	0.033678	-0.071979	-0.1574	-0.20469	-0.23678	-0.25723	-0.27484	-0.30696	-0.31998	8.8728
903.95	-0.36973	-0.37082	-0.4084	-0.52266	-0.69428	-0.68796	-0.57659	-0.65332	-0.60029	-0.8925	-0.96565	-1.6006	-1.7133	-1.7893	-0.80309	0.34697	0.78912	0.82847	0.72427	0.38991	0.19509	0.011601	-0.11233	-0.17761	-0.21133	-0.2469	-0.25971	-0.28165	-0.30248	-0.32948	8.5312
908.32	-0.34317	-0.33555	-0.46126	-0.51351	-0.62303	-0.54367	-0.55476	-0.50932	-0.5355	-0.84387	-0.97971	-1.6016	-1.7639	-1.7474	-0.60854	0.37166	0.8022	0.81726	0.70544	0.38276	0.15821	-0.017184	-0.12837	-0.18771	-0.23787	-0.24737	-0.25277	-0.25638	-0.27731	-0.28536	8.1639
911.94	-0.29242	-0.33819	-0.4107	-0.48836	-0.50474	-0.46051	-0.46793	-0.46361	-0.45387	-0.76986	-1.0876	-1.5081	-1.7067	-1.6824	-0.58805	0.6327	0.81245	0.79601	0.67449	0.33399	0.14093	-0.022317	-0.13198	-0.19369	-0.23536	-0.25049	-0.24284	-0.25075	-0.25258	-0.25979	7.8221
914.93	-0.2991	-0.30384	-0.36498	-0.44399	-0.41905	-0.44824	-0.45694	-0.39762	-0.42571	-0.83778	-1.0191	-1.4338	-1.6011	-1.5778	-0.50499	0.58703	0.83325	0.78803	0.66748	0.32069	0.11889	-0.036073	-0.13731	-0.20059	-0.22599	-0.24476	-0.23962	-0.24457	-0.25512	-0.25813	7.4879
919.93	-0.25612	-0.33918	-0.35717	-0.37039	-0.35064	-0.40565	-0.36194	-0.328	-0.42741	-0.91201	-1.1243	-1.4346	-1.6587	-1.4624	-0.26913	0.54912	0.8387	0.7543	0.62876	0.29205	0.072012	-0.070258	-0.17175	-0.23115	-0.23254	-0.27113	-0.26244	-0.25238	-0.25791	-0.22845	7.0778
927.81	-0.2983	-0.34489	-0.3178	-0.36562	-0.36041	-0.35443	-0.24693	-0.37228	-0.47163	-1.0866	-1.0506	-1.4995	-1.6117	-1.4173	-0.45352	0.60468	0.84149	0.73993	0.59812	0.25774	0.050124	-0.079034	-0.17759	-0.23001	-0.24906	-0.25348	-0.25463	-0.25628	-0.25738	-0.24573	6.7615
935.59	-0.29333	-0.29713	-0.27094	-0.31833	-0.31677	-0.25761	-0.20248	-0.31596	-0.50804	-1.0431	-1.1418	-1.3087	-1.582	-1.3733	-0.37043	0.65937	0.83696	0.72413	0.56179	0.20784	0.041591	-0.096974	-0.19543	-0.22892	-0.24164	-0.25698	-0.23907	-0.24366	-0.22892	-0.22622	6.4452
941.44	-0.25439	-0.25758	-0.26519	-0.30276	-0.24479	-0.19672	-0.26787	-0.36283	-0.50881	-0.94252	-1.0625	-1.3765	-1.394	-1.0676	-0.079014	0.56201	0.83094	0.69347	0.54116	0.20654	0.011487	-0.11485	-0.18941	-0.22587	-0.2409	-0.26175	-0.24466	-0.21312	-0.21851	-0.21613	6.1272
945.27	-0.20736	-0.20444	-0.24628	-0.26411	-0.19017	-0.093452	-0.23703	-0.33866	-0.5224	-0.88757	-0.99532	-1.2869	-1.2915	-1.0073	-0.087414	0.74546	0.83081	0.6785	0.51025	0.18376	0.00099719	-0.12358	-0.18785	-0.24197	-0.22857	-0.24563	-0.22019	-0.19521	-0.18099	-0.18303	5.8349
948.99	-0.19755	-0.18761	-0.2211	-0.20596	-0.084355	-0.10866	-0.28474	-0.38981	-0.54607	-0.8756	-1.0451	-1.1647	-1.1819	-0.95551	0.034601	0.72573	0.83159	0.64816	0.47579	0.14436	-0.023011	-0.14143	-0.20774	-0.23618	-0.24501	-0.23992	-0.23414	-0.19297	-0.17785	-0.17057	5.538
955.48	-0.16695	-0.17193	-0.19955	-0.13681	-0.056368	-0.18352	-0.2277	-0.42404	-0.54701	-0.92024	-1.038	-1.2233	-1.2777	-0.77495	-0.095124	0.7208	0.83396	0.61971	0.46412	0.13419	-0.034779	-0.15123	-0.22444	-0.25061	-0.23886	-0.24457	-0.22558	-0.19826	-0.16214	-0.15153	5.2365
961.65	-0.157	-0.16254	-0.15685	-0.082705	-0.061277	-0.15673	-0.25849	-0.42371	-0.54735	-0.81383	-0.9607	-1.2237	-1.1347	-0.8093	0.068449	0.70788	0.82782	0.59269	0.42147	0.1076	-0.058244	-0.16095	-0.21674	-0.2514	-0.23881	-0.23599	-0.23259	-0.20063	-0.1563	-0.14824	5.0016
965.9	-0.10727	-0.075597	-0.10619	-0.039479	-0.13887	-0.128	-0.2805	-0.44089	-0.55796	-0.85193	-0.98285	-1.1114	-1.0191	-0.79008	0.1023	0.7626	0.81704	0.56883	0.39608	0.072426	-0.064277	-0.17006	-0.22748	-0.25188	-0.23109	-0.23572	-0.21089	-0.17726	-0.15481	-0.12682	4.7651
967.28	-0.083034	-0.05752	-0.030794	-0.025416	-0.11246	-0.16855	-0.2898	-0.45134	-0.54263	-0.82574	-0.9639	-1.0113	-0.88361	-0.5701	0.21301	0.90177	0.82221	0.55699	0.37049	0.069023	-0.070465	-0.18535	-0.22015	-0.2428	-0.22115	-0.21447	-0.19682	-0.1502	-0.10845	-0.10052	4.515
965.58	-0.048603	-0.064371	-0.036402	-0.087046	-0.13366	-0.18245	-0.2933	-0.43786	-0.56351	-0.66869	-0.85127	-0.93899	-0.86148	-0.47715	0.2988	0.83723	0.82048	0.54097	0.36126	0.043525	-0.082386	-0.18813	-0.22833	-0.22974	-0.23117	-0.21096	-0.19027	-0.15119	-0.095093	-0.072993	4.2845
966	-0.022056	-0.025356	-0.018937	-0.10025	-0.13185	-0.20786	-0.329	-0.45591	-0.57781	-0.85185	-0.81573	-1.0455	-0.8453	-0.53173	0.24744	0.72122	0.81933	0.50844	0.33529	0.031111	-0.10908	-0.20115	-0.24771	-0.24312	-0.22885	-0.20311	-0.19172	-0.13517	-0.077527	-0.066808	4.1116
968.23	0.006063	0.00088342	-0.071116	-0.10158	-0.14289	-0.23959	-0.36177	-0.45406	-0.57954	-0.94971	-0.96294	-1.0677	-0.76459	-0.49145	0.23835	0.77724	0.80082	0.49455	0.31103	0.0030174	-0.10726	-0.20068	-0.25025	-0.23149	-0.22758	-0.19568	-0.17371	-0.12979	-0.053504	-0.042098	3.9781
967.6	0.027734	-0.018577	-0.057704	-0.090755	-0.16482	-0.23127	-0.34412	-0.46228	-0.53557	-0.80049	-0.87582	-0.96166	-0.96216	-0.46052	0.2044	0.78599	0.81322	0.48724	0.30896	0.024464	-0.11753	-0.18937	-0.24342	-0.24193	-0.19964	-0.202	-0.15623	-0.11829	-0.0432	-0.00757	3.8371
964.83	0.015741	-0.013375	-0.045958	-0.094915	-0.16792	-0.24724	-0.3451	-0.45884	-0.59308	-0.82783	-0.87833	-0.84915	-0.75937	-0.33646	0.35887	0.87097	0.81555	0.47673	0.29844	0.0079912	-0.11393	-0.19484	-0.23787	-0.22992	-0.20911	-0.18239	-0.15132	-0.096112	-0.023384	-0.0091324	3.693
959.09	0.02798	-0.012699	-0.023069	-0.10098	-0.18655	-0.23246	-0.34416	-0.46638	-0.62286	-0.68162	-0.556	-0.7797	-0.67644	-0.26754	0.44699	0.89282	0.82922	0.48129	0.30099	0.014695	-0.11303	-0.18693	-0.22517	-0.21372	-0.18277	-0.16941	-0.13448	-0.10692	-0.032352	-0.0099614	3.5974
955.27	0.030531	0.017575	-0.034389	-0.1132	-0.19702	-0.24972	-0.36517	-0.4907	-0.60522	-0.85299	-0.90489	-0.95745	-0.81487	-0.30027	0.40562	0.75439	0.8149	0.47549	0.27993	0.0072347	-0.13256	-0.19182	-0.23631	-0.21137	-0.18874	-0.18264	-0.14509	-0.092673	-0.029258	0.0016666	3.473
954.31	0.041139	0.011523	-0.060915	-0.11489	-0.2229	-0.27492	-0.37687	-0.50805	-0.65466	-0.8454	-0.9325	-0.86685	-0.77574	-0.34017	0.43196	0.79694	0.79886	0.45704	0.26638	-0.0094817	-0.14542	-0.19781	-0.2334	-0.22282	-0.19193	-0.16947	-0.14135	-0.078079	-0.011547	0.01179	3.4563
952.08	0.051836	0.026003	-0.06669	-0.13888	-0.23141	-0.30918	-0.38684	-0.50522	-0.61035	-0.83893	-0.80091	-0.8939	-0.64937	-0.49186	0.46762	0.81558	0.80154	0.45898	0.25853	-0.020401	-0.12503	-0.20492	-0.22841	-0.21369	-0.1736	-0.14783	-0.10905	-0.073848	0.013484	0.037569	3.4047
949.1	0.045455	0.0047161	-0.08143	-0.16549	-0.23926	-0.31448	-0.3987	-0.506	-0.58421	-0.77365	-0.86605	-0.77955	-0.64338	-0.26238	0.36482	0.76768	0.80002	0.44744	0.2547	-0.018784	-0.13342	-0.1989	-0.21723	-0.20144	-0.16359	-0.1404	-0.095362	-0.089583	0.023255	0.045515	3.4062
943.03	0.063038	0.028557	-0.08439	-0.15458	-0.24976	-0.31737	-0.39208	-0.51007	-0.60836	-0.79572	-0.8356	-0.8014	-0.72031	-0.232	0.56831	0.86572	0.80922	0.44684	0.25012	0.00055909	-0.11576	-0.19263	-0.20506	-0.19299	-0.14113	-0.13494	-0.10382	-0.05598	0.034013	0.051324	3.4062
938.78	0.054226	0.0024533	-0.089669	-0.17452	-0.26079	-0.30832	-0.41153	-0.53441	-0.63791	-0.69637	-0.85747	-0.84733	-0.63419	-0.33775	0.4479	0.86113	0.82187	0.45236	0.26219	-0.010488	-0.13085	-0.1935	-0.20438	-0.19468	-0.15472	-0.13476	-0.11296	-0.059967	0.030887	0.029396	3.4138
936.65	0.038599	0.010192	-0.10214	-0.18537	-0.2677	-0.36598	-0.42325	-0.57571	-0.64726	-0.72375	-1.0045	-0.92559	-0.7415	-0.31432	0.43129	0.80345	0.82455	0.45777	0.25965	-0.0079574	-0.11574	-0.18044	-0.22815	-0.18776	-0.15508	-0.13426	-0.10137	-0.054865	0.0054882	0.047709	3.3956
933.24	0.037908	0.0055734	-0.090203	-0.19895	-0.26777	-0.34181	-0.44411	-0.53184	-0.68847	-0.77817	-0.95354	-1.1077	-0.66248	-0.48557	0.46822	0.84914	0.83003	0.48231	0.27711	-0.0028553	-0.11535	-0.19211	-0.18059	-0.17613	-0.14951	-0.11307	-0.10412	-0.020527	0.018702	0.030365	3.4214
929.84	0.048902	-0.016216	-0.093004	-0.1843	-0.29601	-0.3616	-0.46048	-0.60135	-0.66314	-0.92829	-0.92964	-0.95801	-0.76334	-0.29223	0.4788	0.878	0.85119	0.48496	0.29626	0.020307	-0.094536	-0.16305	-0.19825	-0.17925	-0.14698	-0.1288	-0.075855	-0.047731	0.022908	0.059243	3.3986
924.19	0.048359	-0.0014257	-0.096059	-0.20823	-0.28593	-0.36647	-0.43675	-0.5644	-0.64478	-0.78579	-0.80669	-0.91228	-0.69374	-0.35126	0.40142	1.0388	0.85225	0.53411	0.32506	0.040292	-0.086075	-0.15464	-0.16607	-0.1447	-0.12157	-0.11175	-0.070715	-0.019212	0.048028	0.07086	3.4062
918.87	0.063006	0.0080254	-0.10579	-0.21189	-0.29219	-0.35788	-0.47147	-0.57601	-0.68958	-0.7991	-0.82062	-1.004	-0.80566	-0.45204	0.34092	0.84505	0.85885	0.53095	0.33892	0.03792	-0.070046	-0.15381	-0.16703	-0.15471	-0.11838	-0.11647	-0.07515	-0.01856	0.037419	0.058331	3.3926
916.84	0.041974	-0.012496	-0.11855	-0.23042	-0.2827	-0.38105	-0.48038	-0.59817	-0.71934	-1.0557	-1.0262	-1.2228	-1.0154	-0.46952	0.28769	0.89045	0.87997	0.54197	0.34767	0.058022	-0.071858	-0.14725	-0.18875	-0.15338	-0.13112	-0.10283	-0.064826	-0.024716	0.042538	0.063324	3.4715
914.82	0.031879	-0.014107	-0.13305	-0.23669	-0.31934	-0.39356	-0.51534	-0.60703	-0.73225	-1.1108	-0.96347	-1.1648	-0.97597	-0.52015	0.15308	0.89242	0.86768	0.55394	0.36367	0.066874	-0.047114	-0.14412	-0.18341	-0.15372	-0.12125	-0.10716	-0.07144	-0.010982	0.03422	0.05047	3.6323
912.26	0.027713	-0.037964	-0.15358	-0.24643	-0.32672	-0.39286	-0.52311	-0.63476	-0.76107	-1.1139	-1.0872	-1.1332	-1.0707	-0.53817	0.33433	0.82492	0.86759	0.56359	0.38399	0.080185	-0.064726	-0.12719	-0.17402	-0.15331	-0.11767	-0.10828	-0.052177	-0.024073	0.039376	0.066898	3.8204
909.92	0.026932	-0.030899	-0.15145	-0.24624	-0.35542	-0.41642	-0.53952	-0.67766	-0.79474	-0.99286	-1.0993	-1.1361	-1.0483	-0.52295	0.32612	0.97615	0.88919	0.58759	0.41238	0.10232	-0.03318	-0.11448	-0.1513	-0.13097	-0.10068	-0.09126	-0.052311	-0.015663	0.033557	0.05809	3.9645
908.85	0.034655	-0.054045	-0.155	-0.25564	-0.36607	-0.42685	-0.53697	-0.67086	-0.7566	-0.98519	-1.1006	-1.0588	-1.167	-0.54852	0.24484	0.72266	0.89529	0.61628	0.42336	0.11297	-0.027371	-0.10852	-0.14486	-0.13113	-0.10237	-0.095491	-0.04179	-0.026475	0.036985	0.056524	4.1086
910.88	0.030313	-0.05313	-0.16811	-0.2592	-0.3736	-0.46555	-0.56112	-0.7047	-0.83289	-1.0537	-1.2846	-1.3529	-1.2398	-0.8378	0.15375	0.79115	0.88741	0.63383	0.44174	0.13287	-0.019806	-0.091789	-0.1371	-0.13168	-0.10371	-0.10022	-0.05388	-0.0010291	0.030144	0.03519	4.3285
914.93	0.032725	-0.058436	-0.195	-0.26875	-0.39781	-0.47605	-0.59174	-0.72921	-0.87852	-1.1547	-1.2325	-1.4164	-1.3677	-0.81756	-0.09033	0.79635	0.88432	0.63641	0.47106	0.14798	0.0060089	-0.080148	-0.12333	-0.11937	-0.082928	-0.080931	-0.051217	-0.0017915	0.031692	0.039094	4.5468
