14201	6	3	91	21.9	748	1	9	8	1.557	128	4096	10	0	0	0	0	199.28	425.62	9.7232e+005	0.07809	0.10006	26.887	0	0	1	0	0	0	11	0	0
421	0.052121	0.027117	-0.12167	-0.22671	-0.31511	-0.39131	-0.51974	-0.66614	-0.77907	-0.5028	-0.95522	-0.85774	-1.1424	-0.91333	0.32012	1.2162	0.88626	0.79947	0.62591	0.30963	0.15693	0.044141	0.0014646	-0.022854	-0.001731	-0.018193	0.019012	0.034587	0.064964	0.069255	5.7077
420.78	0.090902	0.016799	-0.13447	-0.24472	-0.36949	-0.43053	-0.57314	-0.72475	-0.84277	-0.86679	-1.1777	-0.87706	-1.705	-1.0576	0.32029	0.97031	0.89764	0.78623	0.65936	0.36858	0.14798	0.09678	0.0086238	0.00080111	0.0084679	-0.014638	0.019025	0.029612	0.068653	0.085184	6.0908
420.01	0.05964	0.018556	-0.12925	-0.23979	-0.36413	-0.43718	-0.59307	-0.71694	-0.91123	-0.56151	-0.81598	-1.1624	-1.363	-1.1675	-0.052205	0.93406	0.85003	0.83847	0.69548	0.37305	0.20068	0.093189	0.028353	0.0026291	0.0084833	0.02459	0.026105	0.048014	0.074275	0.094179	6.4558
419.25	0.046781	0.030683	-0.15506	-0.26177	-0.34665	-0.45755	-0.56491	-0.74201	-0.91819	-0.79307	-1.182	-1.2213	-1.8931	-1.404	0.065706	0.63119	0.85523	0.82042	0.7125	0.43845	0.24452	0.11222	0.049951	0.0099392	0.039203	0.022848	0.024386	0.048101	0.048717	0.089037	6.8433
419.25	0.056043	-0.0055983	-0.15141	-0.23305	-0.33859	-0.41056	-0.60964	-0.78221	-0.9376	-0.77387	-1.02	-1.4487	-1.9113	-1.6385	-0.24903	0.91673	0.78944	0.88112	0.74749	0.48223	0.27169	0.15371	0.051746	0.041008	0.032383	0.051448	0.049093	0.033061	0.08359	0.065997	7.2276
419.69	0.041185	-0.0021364	-0.12387	-0.29558	-0.35435	-0.48837	-0.62103	-0.8106	-1.0107	-1.061	-1.1403	-1.485	-2.0547	-1.4746	-0.64181	0.64957	0.75577	0.84304	0.78342	0.48363	0.30578	0.18746	0.075009	0.081123	0.044276	0.047825	0.034941	0.044714	0.083503	0.057078	7.627
420.01	0.039305	0.028904	-0.1329	-0.26129	-0.32792	-0.50167	-0.6257	-0.83186	-1.0557	-0.9259	-1.4831	-1.9378	-2.0531	-2.1935	-0.56277	0.55408	0.69134	0.88342	0.81075	0.52695	0.35074	0.18355	0.10363	0.050055	0.042539	0.070985	0.015536	0.053019	0.070613	0.053498	8.0278
419.25	0.052338	0.01686	-0.12766	-0.23484	-0.35875	-0.51824	-0.64232	-0.84068	-1.047	-1.0044	-1.5061	-1.6761	-2.4571	-2.3057	-0.97691	0.38373	0.6725	0.90461	0.83147	0.55837	0.36044	0.22727	0.10023	0.062938	0.075033	0.055024	0.02968	0.041419	0.07441	0.076635	8.4012
418.27	0.085878	0.011711	-0.14627	-0.25699	-0.38181	-0.49002	-0.6697	-0.89028	-1.1025	-1.1416	-1.7532	-1.9649	-2.6087	-2.528	-0.97921	0.40374	0.61913	0.88515	0.85797	0.60165	0.40485	0.23347	0.13105	0.12902	0.08547	0.080239	0.05098	0.061618	0.06171	0.076815	8.7821
416.85	0.054504	-0.0038907	-0.1578	-0.27411	-0.39325	-0.4976	-0.72215	-0.90801	-1.1755	-1.0295	-1.5962	-2.2574	-2.398	-2.9537	-1.1606	0.44338	0.51464	0.90588	0.89609	0.65348	0.44995	0.25703	0.17484	0.13314	0.090906	0.10389	0.07777	0.053421	0.0693	0.10025	9.2067
416.09	0.054605	0.016989	-0.15624	-0.28185	-0.42443	-0.52613	-0.70615	-0.93362	-1.2168	-1.1089	-1.742	-1.9752	-2.9707	-3.1409	-1.6583	-0.15034	0.46035	0.88388	0.89773	0.67769	0.47998	0.32401	0.19144	0.14811	0.12546	0.086064	0.090362	0.087202	0.074976	0.10221	9.6099
414.88	0.067863	-0.0091467	-0.129	-0.26453	-0.39307	-0.51183	-0.73948	-0.9751	-1.2506	-1.8692	-1.7266	-2.651	-3.347	-3.3869	-2.2197	-0.20849	0.30657	0.90028	0.90387	0.67388	0.51432	0.35163	0.19562	0.15224	0.11203	0.11883	0.072792	0.079011	0.097457	0.081021	10.04
413.9	0.056768	-0.0091684	-0.14782	-0.27425	-0.40013	-0.54279	-0.75169	-1.0052	-1.3018	-1.465	-1.6897	-2.7532	-3.3365	-3.5228	-2.2648	-0.40179	0.23141	0.88854	0.91487	0.72369	0.55039	0.36202	0.22518	0.17665	0.13648	0.13722	0.10335	0.082582	0.093965	0.07403	10.461
414.01	0.036123	0.015325	-0.14963	-0.31417	-0.41227	-0.57239	-0.75846	-1.0012	-1.3211	-1.1144	-2.1404	-2.9828	-3.4461	-4.2523	-2.3638	-0.53662	0.10551	0.87442	0.91109	0.76783	0.56492	0.37338	0.25785	0.15995	0.16236	0.1227	0.11583	0.11134	0.075352	0.086576	10.888
414.01	0.036123	0.0065798	-0.14778	-0.31599	-0.43064	-0.57437	-0.76194	-1.0271	-1.3605	-1.6008	-2.1609	-3.0979	-4.1646	-4.581	-2.6427	-0.97997	0.022242	0.86848	0.92349	0.8218	0.5796	0.42686	0.2724	0.21547	0.2021	0.12813	0.1605	0.11811	0.073498	0.093754	11.27
415.1	0.036028	0.017029	-0.17138	-0.2934	-0.42136	-0.55506	-0.79469	-1.0336	-1.3997	-1.9265	-2.278	-3.415	-4.2823	-4.915	-3.2915	-1.035	-0.16237	0.8128	0.94403	0.78311	0.62381	0.44479	0.27712	0.20937	0.15849	0.15488	0.128	0.11273	0.095549	0.080978	11.691
415.1	0.015453	-0.01263	-0.164	-0.30791	-0.43358	-0.5867	-0.78426	-1.1056	-1.4638	-1.7519	-2.4621	-3.4916	-4.1537	-5.17	-3.3511	-1.1889	-0.30079	0.79896	0.89809	0.79465	0.6421	0.47907	0.31338	0.2389	0.17744	0.14946	0.11909	0.080659	0.10111	0.05592	12.069
415.54	0.013565	0.0082976	-0.14723	-0.2949	-0.46159	-0.58806	-0.8303	-1.1616	-1.4854	-1.7112	-2.6843	-3.3733	-4.7	-5.4192	-3.4468	-1.6485	-0.40741	0.73689	0.87596	0.85527	0.64508	0.50331	0.34204	0.24971	0.21684	0.13848	0.13855	0.11261	0.062115	0.063009	12.468
414.88	0.043532	0.0048212	-0.14008	-0.2609	-0.46843	-0.58701	-0.81249	-1.1616	-1.5199	-1.7528	-2.5248	-3.2637	-4.7258	-5.8105	-3.9691	-1.8243	-0.55762	0.70244	0.87204	0.84123	0.6461	0.49648	0.34984	0.26672	0.21719	0.17483	0.13877	0.11954	0.090034	0.075648	12.84
413.79	-0.001388	-0.010917	-0.11268	-0.29979	-0.4227	-0.61236	-0.85647	-1.1628	-1.5453	-1.9326	-2.7572	-3.6754	-4.8673	-6.3374	-4.438	-1.7133	-0.72202	0.68842	0.88676	0.83381	0.70469	0.49206	0.34348	0.27853	0.19529	0.18253	0.13377	0.1097	0.075392	0.054299	13.188
414.23	0.002364	-0.026646	-0.12366	-0.30492	-0.43449	-0.62163	-0.82248	-1.1542	-1.5348	-1.8333	-2.7747	-3.4223	-5.2488	-6.3125	-4.4532	-2.251	-0.83038	0.61438	0.86634	0.86567	0.69111	0.53544	0.35584	0.28379	0.19508	0.18053	0.13899	0.11466	0.077173	0.061416	13.534
413.68	-0.0032643	-0.021429	-0.11456	-0.29077	-0.46979	-0.61848	-0.84972	-1.215	-1.5761	-2.1083	-2.9426	-3.446	-5.5876	-6.5949	-4.6784	-2.5047	-0.96482	0.59336	0.83379	0.8784	0.73792	0.57246	0.36359	0.30638	0.223	0.22063	0.15705	0.12497	0.079137	0.038147	13.884
413.03	-0.0089097	-0.012693	-0.10732	-0.28941	-0.47462	-0.59362	-0.86329	-1.2039	-1.6001	-2.1117	-2.8856	-4.0092	-5.6704	-7.0264	-5.3448	-2.6633	-1.1537	0.52474	0.79959	0.89911	0.76483	0.56954	0.39515	0.34026	0.24934	0.19376	0.16805	0.13026	0.075531	0.052601	14.223
412.81	-0.0089144	-0.026738	-0.11295	-0.28956	-0.41552	-0.60984	-0.9214	-1.1786	-1.6404	-1.8591	-3.3603	-4.1845	-5.969	-7.5795	-5.4475	-2.916	-1.3343	0.51508	0.76271	0.88992	0.76155	0.56601	0.42089	0.30704	0.2512	0.19931	0.15739	0.11335	0.086761	0.043628	14.523
411.83	-0.018361	-0.047904	-0.16344	-0.27928	-0.43498	-0.63123	-0.87632	-1.2632	-1.6946	-1.9809	-3.5745	-3.7894	-6.4092	-7.7812	-5.5607	-3.4461	-1.4956	0.43459	0.75741	0.92111	0.75046	0.59424	0.44017	0.33195	0.25353	0.21434	0.15956	0.13404	0.062675	0.065384	14.774
411.61	-0.065531	-0.058488	-0.13561	-0.30321	-0.42494	-0.61162	-0.91358	-1.2341	-1.7261	-2.0015	-3.3082	-4.216	-6.357	-7.8956	-5.9844	-3.4674	-1.623	0.38097	0.74533	0.90996	0.76931	0.62146	0.42943	0.3526	0.25193	0.20899	0.1884	0.12049	0.085142	0.052783	15.084
411.5	-0.052343	-0.056741	-0.14123	-0.3106	-0.45175	-0.61777	-0.93135	-1.2754	-1.7535	-2.0608	-3.4535	-4.3715	-6.6367	-8.2467	-6.3067	-3.6234	-1.75	0.34118	0.6974	0.92766	0.7769	0.61778	0.46247	0.38434	0.26069	0.21998	0.20463	0.12904	0.064594	0.020294	15.339
411.5	-0.058001	-0.047942	-0.1673	-0.30877	-0.44148	-0.61777	-0.91032	-1.2922	-1.8434	-2.0608	-3.5154	-4.7769	-6.8406	-8.7244	-6.5272	-3.9725	-1.8859	0.26738	0.68849	0.89857	0.7935	0.62546	0.4643	0.34339	0.252	0.23819	0.16688	0.13585	0.049635	0.022102	15.575
410.19	-0.067653	-0.090469	-0.1697	-0.27856	-0.44083	-0.61174	-0.89212	-1.3224	-1.7501	-2.5779	-3.6095	-4.4823	-7.4203	-8.8444	-6.9501	-4.6856	-2.0171	0.2182	0.65492	0.93062	0.77938	0.65445	0.44927	0.34261	0.28245	0.18962	0.18184	0.11921	0.046036	0.033041	15.758
410.08	-0.069563	-0.10462	-0.16788	-0.28598	-0.45331	-0.6179	-0.94337	-1.2593	-1.8011	-2.284	-3.6518	-4.5029	-7.6082	-8.7546	-7.0525	-4.5311	-2.1615	0.13019	0.63542	0.91336	0.83884	0.65655	0.45856	0.36699	0.26857	0.24267	0.19271	0.12094	0.068572	0.027614	15.997
409.64	-0.090487	-0.13479	-0.13252	-0.29731	-0.44555	-0.59853	-0.92148	-1.2868	-1.8283	-2.4241	-3.5728	-4.9537	-7.5605	-9.4099	-7.3621	-4.3996	-2.2947	0.13834	0.62177	0.92992	0.83418	0.66304	0.47376	0.38796	0.28981	0.26122	0.19111	0.12449	0.070527	0.002251	16.183
409.86	-0.11696	-0.10821	-0.18292	-0.29348	-0.43912	-0.5962	-0.89988	-1.2506	-1.8345	-2.3638	-3.8609	-4.6022	-7.7239	-9.534	-7.2575	-4.8841	-2.4056	0.092205	0.56775	0.91968	0.8152	0.64919	0.4735	0.36719	0.27046	0.22269	0.19281	0.11246	0.017914	0.011316	16.311
409.32	-0.11712	-0.14552	-0.23744	-0.30307	-0.44178	-0.61705	-0.90108	-1.2785	-1.79	-2.1112	-3.8038	-4.8219	-7.8461	-9.5098	-7.6299	-5.027	-2.4612	0.042194	0.56493	0.93651	0.81072	0.70607	0.50723	0.37517	0.27606	0.20101	0.18946	0.10234	0.053658	0.00043508	16.413
408.88	-0.12104	-0.18464	-0.25456	-0.37887	-0.46291	-0.60768	-0.87029	-1.2724	-1.7792	-2.3892	-3.5587	-4.9047	-7.8917	-9.5754	-7.6381	-4.7787	-2.5145	0.038226	0.55297	0.92971	0.86174	0.66428	0.51514	0.36995	0.2711	0.24338	0.19147	0.10245	0.023601	-0.023188	16.588
408.66	-0.14771	-0.15107	-0.25095	-0.35697	-0.46523	-0.64817	-0.87252	-1.2674	-1.8725	-2.3708	-3.9762	-4.849	-8.1386	-9.969	-7.6421	-5.328	-2.5739	0.012134	0.58199	0.91653	0.84918	0.69559	0.49331	0.37201	0.294	0.21784	0.18433	0.12308	0.014199	0.014983	16.695
408.77	-0.14387	-0.20241	-0.2565	-0.36976	-0.51885	-0.60784	-0.84405	-1.2333	-1.8014	-2.7445	-3.6012	-5.1392	-8.2484	-9.7444	-8.0436	-5.3657	-2.5938	0.0061096	0.5603	0.91238	0.84711	0.69928	0.47292	0.40753	0.28518	0.21778	0.14808	0.092189	0.006666	-0.030461	16.805
409.1	-0.1912	-0.20225	-0.25068	-0.41915	-0.53082	-0.66152	-0.90861	-1.2174	-1.7945	-2.1517	-3.8059	-5.1739	-8.1485	-9.8845	-8.0574	-5.1663	-2.6442	-0.0019243	0.55088	0.91555	0.8557	0.67939	0.50014	0.40533	0.26397	0.19196	0.14615	0.090403	0.021708	-0.050414	16.842
409.32	-0.193	-0.20037	-0.30857	-0.4318	-0.50164	-0.66318	-0.87641	-1.2017	-1.7592	-2.2686	-3.5134	-5.0159	-8.3865	-9.7314	-7.771	-4.949	-2.6671	-0.021978	0.54342	0.94626	0.86638	0.70221	0.48516	0.39014	0.27956	0.19735	0.17499	0.098916	-0.0046241	-0.019532	16.913
410.19	-0.2172	-0.2229	-0.31911	-0.43638	-0.55413	-0.71179	-0.86927	-1.1506	-1.6779	-1.9692	-3.5473	-4.889	-8.1083	-9.8397	-7.7946	-5.3471	-2.6969	-0.009923	0.52438	0.93257	0.82566	0.67372	0.50982	0.36689	0.28942	0.25722	0.14577	0.12262	-0.0027393	-0.041225	16.953
411.06	-0.22807	-0.26119	-0.35944	-0.49588	-0.57762	-0.72226	-0.86742	-1.1407	-1.6186	-2.2198	-3.7464	-5.1878	-8.2023	-9.874	-8.1191	-5.2386	-2.6465	0.0020764	0.53576	0.88594	0.83129	0.66845	0.48127	0.40152	0.25748	0.20745	0.15805	0.081452	0.0010122	-0.070055	16.982
411.39	-0.27696	-0.27154	-0.37032	-0.53208	-0.58743	-0.78154	-0.94737	-1.1007	-1.6155	-2.0613	-3.6402	-4.8168	-8.1773	-9.958	-7.8921	-5.3315	-2.6034	0.026024	0.54959	0.93179	0.83801	0.66215	0.48821	0.37886	0.26945	0.21274	0.12915	0.083086	-0.0046008	-0.059165	17.013
410.52	-0.31348	-0.33211	-0.4439	-0.53872	-0.68748	-0.85319	-0.93534	-1.1273	-1.5342	-1.9676	-3.6686	-4.7303	-7.8231	-9.8503	-7.7482	-5.1873	-2.5287	0.022075	0.54183	0.95904	0.85275	0.6963	0.50942	0.38153	0.27351	0.18947	0.15466	0.091796	-0.040225	-0.064721	16.983
408.22	-0.28101	-0.34639	-0.39009	-0.57493	-0.80519	-0.80973	-1.0554	-1.173	-1.5066	-2.1168	-3.4396	-4.4261	-8.0165	-9.6834	-7.9534	-5.1969	-2.5241	0.022199	0.588	0.96834	0.86312	0.69053	0.50675	0.37054	0.29082	0.22358	0.16278	0.087162	-0.027256	-0.070546	16.968
405.6	-0.28665	-0.31292	-0.47572	-0.67515	-0.78331	-0.98496	-1.0409	-1.2524	-1.5437	-2.1503	-3.0641	-4.631	-7.9743	-9.4664	-7.7201	-5.0534	-2.4403	0.079011	0.59723	0.95492	0.88929	0.68914	0.48961	0.36538	0.26272	0.20285	0.14195	0.04972	-0.046405	-0.1058	16.935
403.74	-0.34374	-0.37714	-0.51965	-0.73792	-0.83086	-0.99152	-1.1118	-1.2525	-1.4885	-1.5218	-3.2885	-4.5145	-7.2364	-9.098	-7.3062	-4.8197	-2.2827	0.16883	0.64903	0.97315	0.87646	0.69035	0.5105	0.39362	0.26038	0.1778	0.12061	0.07078	-0.050432	-0.12102	16.926
403.09	-0.36742	-0.42806	-0.61363	-0.75405	-0.92654	-1.0746	-1.1458	-1.2697	-1.5864	-1.864	-2.9778	-3.7139	-5.8669	-7.5372	-5.8244	-3.9168	-1.8854	0.2587	0.72287	0.99057	0.89483	0.6797	0.5076	0.35625	0.24661	0.18552	0.12264	0.079585	-0.056242	-0.11015	16.971
402.32	-0.37198	-0.48108	-0.57671	-0.86587	-1.006	-1.0542	-1.1534	-1.3045	-1.8045	-1.9076	-3.0257	-3.3656	-5.025	-6.067	-5.036	-3.3292	-1.5062	0.37548	0.78988	0.99443	0.89653	0.68493	0.47863	0.38169	0.23997	0.2194	0.13206	0.020519	-0.05061	-0.10482	16.946
402.11	-0.43397	-0.47414	-0.59989	-0.98241	-0.96033	-1.0935	-1.2168	-1.4462	-1.8625	-2.4495	-2.5839	-3.0711	-3.5102	-4.303	-3.644	-2.6562	-1.1126	0.5145	0.82497	0.99299	0.85548	0.63024	0.46953	0.33045	0.22587	0.16547	0.071424	0.029242	-0.09848	-0.13814	16.917
402.22	-0.43964	-0.48121	-0.794	-0.87734	-0.97687	-1.0708	-1.3025	-1.2858	-2.3163	-2.2285	-2.1187	-2.3198	-3.0542	-3.2868	-2.9253	-2.2984	-0.79614	0.60415	0.87945	0.95304	0.81748	0.634	0.42262	0.28274	0.20092	0.1058	0.036459	-0.010836	-0.15202	-0.15657	16.734
402.43	-0.47799	-0.61593	-0.79738	-0.92362	-1.0645	-1.0682	-1.257	-1.525	-1.9676	-1.7469	-1.7378	-1.8053	-2.465	-2.5711	-2.3704	-1.4841	-0.47779	0.67318	0.9136	0.96244	0.80761	0.58454	0.40742	0.29781	0.22035	0.10947	0.062172	-0.016051	-0.14238	-0.15649	16.575
403.53	-0.49017	-0.57657	-0.82749	-1.0107	-1.0386	-1.0104	-1.1714	-1.5816	-1.9495	-1.6424	-1.5858	-1.8988	-1.7211	-1.7773	-1.9143	-1.045	-0.29424	0.75272	0.93658	0.92424	0.76402	0.59667	0.40072	0.29701	0.17899	0.13703	0.04367	-0.040318	-0.12865	-0.2113	16.374
403.64	-0.49773	-0.56386	-0.86144	-1.0887	-0.93994	-1.002	-1.3033	-1.5945	-1.9416	-1.622	-1.5433	-1.3276	-1.3239	-1.4022	-1.3825	-0.64929	-0.049311	0.82776	0.94178	0.92399	0.75629	0.52794	0.37264	0.21911	0.14704	0.094289	0.036331	-0.062876	-0.19343	-0.23149	16.177
404.51	-0.50817	-0.60203	-0.87283	-0.88539	-0.91493	-1.0038	-1.4877	-1.538	-1.6649	-1.2202	-0.99416	-1.1087	-1.5096	-1.0627	-1.3795	-0.47031	0.090948	0.85844	0.96332	0.8628	0.71148	0.54831	0.31043	0.22621	0.10959	0.031091	-0.003986	-0.10778	-0.21204	-0.26038	16
405.49	-0.55098	-0.64522	-0.79892	-0.89624	-0.87312	-1.0804	-1.187	-1.3038	-1.5824	-0.89947	-1.0127	-1.1452	-0.80992	-1.1347	-1.1321	0.081882	0.20598	0.93935	0.97726	0.87646	0.71162	0.48652	0.3171	0.22377	0.091689	0.053193	-0.0094502	-0.11962	-0.22481	-0.28907	15.707
405.93	-0.58291	-0.67665	-0.79618	-0.91567	-0.94087	-0.94978	-1.1733	-1.5703	-1.4003	-1.0969	-0.92792	-0.87002	-0.79027	-0.66787	-1.0496	-0.055821	0.3473	0.9343	0.99609	0.8185	0.65286	0.47432	0.30563	0.20278	0.070444	0.034673	-0.014908	-0.097045	-0.23973	-0.33634	15.45
406.8	-0.63701	-0.67519	-0.83966	-0.9026	-0.87654	-0.8751	-1.1655	-1.277	-1.2627	-1.0153	-1.0512	-1.0439	-0.82608	-0.83372	-0.70267	0.081618	0.38987	0.88588	0.92903	0.80693	0.58426	0.40333	0.24021	0.14584	0.045678	-0.020669	-0.056705	-0.17435	-0.3111	-0.35754	15.165
407.35	-0.61137	-0.66895	-0.82913	-0.80715	-0.8401	-0.97267	-1.2011	-1.1793	-1.3028	-0.77671	-0.57035	-0.88648	-0.89987	-0.8697	-0.722	0.081509	0.38935	0.91492	0.92419	0.75491	0.55739	0.37949	0.20478	0.094869	-0.0035473	-0.059277	-0.11656	-0.19132	-0.32202	-0.40995	14.86
409.42	-0.59879	-0.66202	-0.78751	-0.81225	-0.78012	-1.0359	-1.114	-1.1509	-1.0938	-0.45802	-0.60891	-0.61037	-0.80214	-1.2162	-0.59746	0.23705	0.47532	0.94236	0.9195	0.76279	0.56939	0.35053	0.19271	0.077543	0.0017121	-0.038842	-0.11597	-0.16981	-0.30911	-0.33892	14.584
411.06	-0.53596	-0.55367	-0.74523	-0.7669	-0.79757	-0.91795	-1.0587	-1.0363	-1.1003	-0.37778	-0.37922	-0.76252	-0.68764	-0.91702	-0.21388	0.39137	0.53866	0.94659	0.94796	0.71121	0.53203	0.31836	0.2011	0.082826	0.012146	-0.073327	-0.10651	-0.18448	-0.33783	-0.32672	14.297
413.25	-0.53125	-0.57528	-0.65416	-0.77742	-0.85469	-0.83166	-0.89425	-0.99194	-1.021	-0.57071	-0.91149	-0.73928	-0.55477	-0.96706	-0.63187	0.50522	0.57289	0.90981	0.89325	0.692	0.47961	0.29371	0.1454	0.063852	-0.043303	-0.07838	-0.12206	-0.20046	-0.30439	-0.33758	13.962
414.67	-0.47138	-0.48249	-0.62051	-0.77475	-0.81102	-0.84664	-0.89815	-0.86291	-0.98543	-0.76301	-0.53978	-0.62183	-0.84722	-1.2008	-0.58991	0.61897	0.59864	0.92451	0.8955	0.65884	0.44683	0.2641	0.10133	0.006356	-0.051781	-0.078112	-0.16981	-0.2285	-0.26438	-0.3203	13.611
416.52	-0.41149	-0.50468	-0.68396	-0.65383	-0.63497	-0.78571	-0.8093	-0.79837	-0.96505	-0.29548	-0.21121	-0.44741	-0.88005	-0.99578	-0.38927	0.55873	0.6438	0.91251	0.90208	0.63675	0.44666	0.26482	0.12618	0.019203	-0.041246	-0.092161	-0.14596	-0.18542	-0.28537	-0.29212	13.259
417.61	-0.44203	-0.49295	-0.59228	-0.61067	-0.51797	-0.65983	-0.66729	-0.90085	-0.83852	-0.50687	-0.39364	-0.27503	-0.6586	-0.59487	-0.34877	0.55727	0.73384	0.91406	0.88567	0.62744	0.39094	0.24709	0.10782	0.0099851	-0.053127	-0.10807	-0.14204	-0.20675	-0.26251	-0.30737	12.905
418.27	-0.46361	-0.43677	-0.45215	-0.58092	-0.60201	-0.65683	-0.66452	-0.80786	-0.81953	-0.42905	-0.23062	-0.55946	-0.32931	-0.86506	-0.21016	1.0143	0.70521	0.9401	0.83693	0.56731	0.39578	0.19188	0.071662	-0.0028553	-0.10434	-0.12224	-0.15597	-0.18465	-0.26026	-0.32465	12.557
418.6	-0.36308	-0.42778	-0.4518	-0.51213	-0.51878	-0.54847	-0.70191	-0.77977	-0.77117	-0.33248	-0.53471	-0.29335	-0.25617	-1.1895	0.12492	0.55596	0.74309	0.8923	0.817	0.58212	0.33198	0.15584	0.057218	-0.030308	-0.099138	-0.10961	-0.17882	-0.17613	-0.27844	-0.30842	12.217
418.38	-0.36142	-0.33452	-0.45204	-0.43324	-0.51905	-0.56837	-0.6316	-0.6758	-0.73797	-0.52519	-0.65677	-0.25555	-0.52975	-0.88293	-0.13129	0.49902	0.79293	0.88099	0.83321	0.54236	0.3267	0.18994	0.071644	-0.028491	-0.075256	-0.13653	-0.15239	-0.18125	-0.26939	-0.23044	11.826
416.85	-0.32176	-0.35312	-0.35077	-0.44205	-0.49257	-0.54289	-0.5128	-0.54044	-0.71761	-0.27594	-0.33324	-0.56137	-0.73296	-0.868	-0.032827	0.78801	0.80134	0.92951	0.81515	0.50032	0.32244	0.1565	0.046626	-0.024921	-0.10642	-0.11007	-0.19022	-0.18864	-0.20207	-0.27584	11.474
416.09	-0.33728	-0.36944	-0.38456	-0.4501	-0.46505	-0.49259	-0.46	-0.60956	-0.64958	-0.044117	-0.49714	-0.69603	-0.84433	-1.0695	-0.35005	0.73191	0.79177	0.8681	0.76552	0.4974	0.28836	0.14538	0.014149	-0.063633	-0.092861	-0.12648	-0.15323	-0.18898	-0.22463	-0.24957	11.109
414.88	-0.27276	-0.26227	-0.32843	-0.41693	-0.35641	-0.36344	-0.4735	-0.519	-0.57479	-0.1413	-0.72371	-0.71722	-1.1041	-1.2366	-0.15227	0.75329	0.80329	0.86269	0.75005	0.49308	0.27455	0.098155	0.0033029	-0.076743	-0.11037	-0.172	-0.16615	-0.15744	-0.22528	-0.20372	10.724
415.1	-0.22211	-0.28307	-0.36517	-0.33692	-0.35419	-0.4028	-0.48542	-0.40614	-0.43903	-0.41293	-0.6824	-0.71684	-1.3975	-0.85345	0.08622	0.79132	0.80287	0.86026	0.75496	0.46398	0.26526	0.10191	-0.00032698	-0.076703	-0.13788	-0.14303	-0.15894	-0.20631	-0.17511	-0.20183	10.336
414.88	-0.27275	-0.28671	-0.2638	-0.30081	-0.39308	-0.36542	-0.33965	-0.3565	-0.3822	-0.43255	-0.47809	-0.81294	-1.1409	-1.1454	-0.092626	1.1572	0.83838	0.88247	0.76066	0.44114	0.23428	0.086719	-0.016654	-0.08782	-0.13278	-0.13768	-0.15546	-0.15237	-0.16037	-0.1894	9.9708
415.54	-0.25177	-0.19563	-0.27998	-0.34743	-0.35992	-0.34707	-0.24191	-0.26375	-0.40474	-0.33493	-0.92688	-0.90726	-1.1758	-1.1255	0.16555	0.67529	0.82968	0.8317	0.72063	0.42124	0.21381	0.077069	-0.052858	-0.10243	-0.11192	-0.1537	-0.14097	-0.14033	-0.18604	-0.14619	9.5858
415.87	-0.2105	-0.22333	-0.24291	-0.32363	-0.22147	-0.2481	-0.23652	-0.23039	-0.4151	-0.17972	-0.722	-0.88745	-1.2666	-1.1064	-0.052726	0.90498	0.83088	0.83104	0.70771	0.3998	0.19721	0.0675	-0.036524	-0.11709	-0.12903	-0.168	-0.15509	-0.14528	-0.18959	-0.15858	9.1946
416.96	-0.20622	-0.19496	-0.23309	-0.22169	-0.14996	-0.17462	-0.20996	-0.27388	-0.47966	-0.62359	-0.51642	-1.0756	-1.0438	-0.92218	-0.15151	1.1132	0.85993	0.85249	0.72521	0.37961	0.19123	0.042669	-0.041848	-0.08371	-0.14241	-0.14419	-0.12274	-0.17178	-0.15957	-0.17776	8.8108
416.96	-0.2025	-0.16717	-0.16143	-0.11337	-0.15604	-0.16674	-0.1546	-0.29776	-0.55951	-0.33379	-0.88302	-0.77081	-1.1352	-1.3211	0.38257	0.86439	0.8434	0.85446	0.71465	0.39301	0.18941	0.040774	-0.031012	-0.12413	-0.13898	-0.14059	-0.15468	-0.11969	-0.13558	-0.14213	8.4284
417.07	-0.1801	-0.14802	-0.10261	-0.11876	-0.14384	-0.14899	-0.19606	-0.38218	-0.58951	-0.48823	-0.84205	-1.0373	-1.2629	-1.0126	0.06605	0.86413	0.86705	0.83259	0.65116	0.35656	0.17115	-0.0028398	-0.054468	-0.12777	-0.14066	-0.16033	-0.15819	-0.13982	-0.12447	-0.11893	8.0308
416.41	-0.047995	-0.049118	-0.047577	-0.097252	-0.11161	-0.12162	-0.23102	-0.40302	-0.60998	-0.33426	-0.84338	-0.90536	-1.5397	-0.76	0.185	0.80802	0.89234	0.77674	0.64866	0.34178	0.13495	0.010448	-0.083477	-0.1151	-0.14088	-0.15158	-0.12646	-0.11143	-0.0914	-0.070942	7.6179
416.41	-0.031215	0.018717	-0.065972	-0.12437	-0.048697	-0.12557	-0.257	-0.42878	-0.61531	-0.45033	-0.68025	-0.88629	-1.0635	-0.66921	0.26422	1.1721	0.89601	0.81024	0.66275	0.31687	0.155	0.031335	-0.092514	-0.12062	-0.12198	-0.11378	-0.10336	-0.10133	-0.061834	-0.033472	7.2322
415.65	0.032243	0.037918	-0.097428	-0.053963	-0.091481	-0.16332	-0.28523	-0.45722	-0.63959	-0.23796	-0.86538	-0.84968	-1.0471	-0.81597	0.64174	1.1359	0.90135	0.79989	0.65691	0.31361	0.12972	0.010467	-0.058277	-0.11899	-0.11189	-0.10498	-0.10177	-0.071178	-0.00084937	0.0022184	6.8508
414.77	0.0079774	-0.078994	-0.034832	-0.059522	-0.14667	-0.18543	-0.33104	-0.49512	-0.66233	-0.72395	-0.80578	-1.0047	-1.0676	-0.63541	0.066415	1.0036	0.89771	0.76397	0.62115	0.28926	0.12266	-0.010484	-0.074731	-0.1174	-0.11212	-0.11062	-0.084151	-0.073013	0.0010031	0.029092	6.483
414.67	-0.035089	-0.08076	-0.0015901	-0.025049	-0.12226	-0.21715	-0.34157	-0.50818	-0.63574	-0.78242	-0.56028	-1.0816	-1.1047	-0.56266	0.1659	1.1578	0.90349	0.77407	0.63547	0.23545	0.075081	-0.037183	-0.10743	-0.097106	-0.13802	-0.11968	-0.10201	-0.086553	-0.0045645	-0.028237	6.0787
414.99	0.030424	0.083356	-0.0034339	-0.061307	-0.12828	-0.21104	-0.36389	-0.47271	-0.59959	-0.3742	-0.49845	-1.0616	-0.80978	-0.72615	0.40424	1.0415	0.88985	0.73785	0.54659	0.23526	0.10796	-0.037153	-0.12367	-0.13026	-0.12068	-0.11778	-0.085888	-0.044273	-0.019394	0.021916	5.7152
416.19	0.069514	0.074413	0.0057818	-0.071979	-0.12993	-0.22819	-0.3663	-0.50631	-0.67074	-0.35378	-0.53779	-0.7913	-0.75246	-0.39709	0.54179	1.3261	0.90016	0.74164	0.57497	0.25568	0.071158	-0.046544	-0.092562	-0.12436	-0.1083	-0.11024	-0.050092	-0.042459	0.010243	0.055773	5.3895
416.3	0.095608	0.053518	0.029705	-0.11355	-0.16847	-0.22615	-0.38007	-0.44729	-0.62969	-0.66328	-0.55808	-1.0392	-0.62401	-0.39698	0.54165	1.2874	0.88153	0.70595	0.53254	0.19044	0.045602	-0.063627	-0.11604	-0.13353	-0.13233	-0.085009	-0.073182	-0.044134	0.071242	0.070035	5.0592
416.41	0.095583	0.095244	-0.014458	-0.088215	-0.15219	-0.28523	-0.37131	-0.47294	-0.67217	-0.547	-0.49675	-1.1152	-0.47733	-0.54212	0.69999	1.2871	0.89417	0.71366	0.52183	0.17889	0.043764	-0.10538	-0.097937	-0.13165	-0.12714	-0.095783	-0.10869	-0.028973	0.047199	0.052174	4.6908
416.96	0.10104	0.086435	-0.018116	-0.080875	-0.19252	-0.24746	-0.34315	-0.47415	-0.63758	-0.29517	-0.78117	-0.56122	-0.53155	-0.21504	0.69907	1.094	0.91689	0.68319	0.4842	0.16334	0.020031	-0.055939	-0.11405	-0.14802	-0.12354	-0.12082	-0.07129	-0.025576	0.032373	0.068144	4.3512
417.72	0.12688	0.079342	-0.01258	-0.089736	-0.19419	-0.23521	-0.3477	-0.48796	-0.66829	-0.17892	-0.41385	-0.33201	-0.4393	-0.033684	0.61878	1.3977	0.92622	0.6564	0.45873	0.16877	0.010906	-0.093696	-0.14448	-0.13675	-0.11304	-0.10804	-0.081787	-0.015467	0.054419	0.071575	4.0858
418.27	0.10444	0.089626	-0.027216	-0.11662	-0.21616	-0.24472	-0.36966	-0.43604	-0.60905	-0.50608	-0.19	-0.6924	-0.27463	-0.087836	0.57856	1.2623	0.87556	0.62022	0.44235	0.11894	-0.0018163	-0.089795	-0.1389	-0.14023	-0.14367	-0.1079	-0.072838	-0.027173	0.050667	0.096351	3.7703
419.58	0.12077	0.08417	-0.0070462	-0.10549	-0.145	-0.242	-0.36335	-0.46206	-0.59656	-0.35093	-0.65489	-0.51987	-0.5646	-0.069553	0.734	1.3535	0.84361	0.61241	0.38503	0.11096	-0.038008	-0.15736	-0.13128	-0.15805	-0.12959	-0.09506	-0.088478	-0.023747	0.045013	0.064176	3.4927
421.43	0.10181	0.054587	-0.027011	-0.076443	-0.19047	-0.23509	-0.33779	-0.46185	-0.55883	-0.38759	-0.43034	-0.31022	-0.56212	0.46895	0.92647	1.3286	0.88534	0.56492	0.35896	0.080175	-0.043247	-0.14353	-0.16464	-0.13918	-0.14599	-0.13377	-0.0758	-0.04027	0.094113	0.05508	3.2074
422.2	0.088755	0.039044	-0.010633	-0.13514	-0.18412	-0.26383	-0.35426	-0.43561	-0.57359	-0.42506	-0.30888	-0.51665	-0.14558	0.4502	1.0225	1.553	0.85834	0.5464	0.367	0.076248	-0.052156	-0.13578	-0.16078	-0.1353	-0.16097	-0.12997	-0.073912	-0.033555	0.077538	0.11833	2.9479
422.42	0.077679	0.061315	-0.063222	-0.12438	-0.19403	-0.27729	-0.33871	-0.43901	-0.5768	-0.17694	-0.50974	-0.25311	-0.25385	0.038311	0.96335	1.0988	0.85608	0.51503	0.31645	0.055428	-0.095277	-0.13945	-0.17317	-0.17875	-0.13041	-0.12104	-0.082629	-0.025245	0.055638	0.10596	2.7293
421.98	0.1072	0.066531	-0.050579	-0.13343	-0.19023	-0.24646	-0.29121	-0.46306	-0.53707	-0.25347	-0.57064	-0.15923	-0.4168	0.12795	0.92527	1.0621	0.84244	0.47471	0.28376	0.044141	-0.12777	-0.13585	-0.1894	-0.20435	-0.15089	-0.13359	-0.089726	-0.020289	0.066639	0.09374	2.4712
421.98	0.11272	0.04593	-0.036056	-0.12629	-0.21425	-0.20561	-0.31001	-0.41223	-0.53006	-0.2535	-0.027361	-0.44162	-0.3987	0.21752	0.92527	1.3079	0.81157	0.46498	0.27854	0.010097	-0.089976	-0.19207	-0.21973	-0.17167	-0.14411	-0.1407	-0.10025	-0.038555	0.061167	0.095503	2.2708
421.87	0.10539	0.056243	-0.039698	-0.097777	-0.16023	-0.19204	-0.33402	-0.42323	-0.52844	-0.19628	-0.22865	-0.23462	0.10742	0.21757	1.1015	1.3272	0.78636	0.4437	0.22471	-0.039078	-0.1134	-0.19961	-0.20373	-0.18262	-0.14075	-0.12652	-0.079227	-0.045208	0.094016	0.088484	2.0794
421.98	0.086962	0.057947	-0.059658	-0.12451	-0.20424	-0.21533	-0.29975	-0.42857	-0.53006	0.1092	-0.55057	-0.27219	0.016995	0.30712	1.0621	1.0621	0.78071	0.39495	0.17598	-0.05798	-0.15476	-0.22204	-0.20368	-0.22069	-0.15597	-0.13537	-0.084466	-0.035235	0.059345	0.053245	1.9245
421.22	0.12767	0.03054	-0.016115	-0.1015	-0.19258	-0.23521	-0.3431	-0.42935	-0.46954	-0.38779	0.073407	-0.19725	-0.18215	0.37943	0.84864	1.3103	0.75848	0.34111	0.16585	-0.050511	-0.16586	-0.20555	-0.23442	-0.19745	-0.18852	-0.15875	-0.10569	-0.071896	0.035701	0.079803	1.7574
420.78	0.08721	0.056389	-0.021594	-0.11771	-0.15663	-0.20229	-0.36231	-0.36061	-0.47355	-0.34992	0.012938	-0.44288	0.45208	0.43373	1.2415	1.4065	0.70829	0.36097	0.14336	-0.084697	-0.15881	-0.24899	-0.20783	-0.19766	-0.19721	-0.1126	-0.10229	-0.060314	0.072312	0.058695	1.607
419.47	0.085632	0.0652	-0.038097	-0.083978	-0.18331	-0.22445	-0.31186	-0.39826	-0.48737	-0.043798	-0.18946	0.067047	-0.05563	0.77758	1.2257	1.2967	0.72694	0.35035	0.13157	-0.094476	-0.18827	-0.22526	-0.22822	-0.21471	-0.16373	-0.14869	-0.099084	-0.018741	0.076209	0.04825	1.5022
418.27	0.11558	0.046337	-0.019893	-0.11841	-0.19393	-0.22117	-0.34207	-0.4104	-0.47993	-0.23651	0.013015	0.029242	0.035406	0.63519	0.87432	1.186	0.71071	0.30622	0.11792	-0.10619	-0.18699	-0.23536	-0.22348	-0.20617	-0.17617	-0.14911	-0.072838	-0.062354	0.091148	0.0928	1.4216
416.52	0.086238	0.044797	-0.034686	-0.11168	-0.19069	-0.2083	-0.33138	-0.39924	-0.4553	-0.21813	-0.17038	-0.44741	0.1454	0.54711	0.87799	1.2101	0.70265	0.29371	0.11665	-0.12963	-0.20054	-0.25533	-0.25875	-0.18128	-0.17519	-0.15694	-0.087348	-0.035697	0.043493	0.080703	1.3153
415.76	0.088263	0.053588	-0.018168	-0.10465	-0.17275	-0.24027	-0.31985	-0.38154	-0.4935	0.11083	0.094823	-0.085193	0.27408	0.32989	1.0978	1.5195	0.67077	0.30807	0.074526	-0.15098	-0.17351	-0.27482	-0.24836	-0.20188	-0.21164	-0.086922	-0.10708	-0.04756	0.073189	0.055832	1.2423
415.43	0.10889	0.043169	-0.055062	-0.10654	-0.18509	-0.21873	-0.32531	-0.40397	-0.428	0.1303	-0.21177	0.27803	0.12743	0.65775	1.3568	1.0981	0.69897	0.29053	0.044568	-0.12229	-0.21752	-0.2579	-0.24494	-0.23708	-0.15843	-0.13931	-0.12142	-0.018923	0.056574	0.075549	1.2454
414.99	0.080942	0.010056	-0.049585	-0.11028	-0.19547	-0.21896	-0.30828	-0.40994	-0.44628	-0.3548	-0.089211	-0.0087895	-0.12974	1.0228	1.0005	1.0415	0.69232	0.24535	0.074663	-0.15511	-0.21226	-0.24293	-0.25426	-0.20595	-0.1586	-0.12682	-0.071628	-0.044273	0.06776	0.098904	1.1831
416.09	0.086329	0.029173	-0.054979	-0.15341	-0.20308	-0.25587	-0.3612	-0.40887	-0.47356	-0.19901	-0.23183	-0.2188	0.31054	0.29327	1.0573	1.3457	0.6592	0.23878	0.042736	-0.14128	-0.2117	-0.2784	-0.24455	-0.22014	-0.15646	-0.13188	-0.096332	-0.013841	0.073128	0.093287	1.139
417.18	0.12146	0.056876	-0.041981	-0.12594	-0.17824	-0.2611	-0.32395	-0.40412	-0.44926	-0.21779	-0.27191	0.23877	0.29146	0.49185	1.1534	1.0935	0.64462	0.23226	0.018008	-0.15621	-0.25483	-0.27199	-0.25654	-0.25629	-0.16977	-0.1513	-0.097852	-0.017162	0.067406	0.078792	1.1238
418.92	0.10242	0.032438	-0.04912	-0.11284	-0.17951	-0.22082	-0.34154	-0.38415	-0.42973	-0.0053839	-0.16941	-0.027658	0.38126	0.7786	1.0502	1.2794	0.67851	0.2548	0.033689	-0.16889	-0.25558	-0.27274	-0.2375	-0.21864	-0.16223	-0.13457	-0.099209	0.0096729	0.045076	0.10152	1.1253
419.69	0.076335	0.032379	-0.056332	-0.1216	-0.19731	-0.25954	-0.33232	-0.3871	-0.45539	-0.23571	0.073675	0.085966	0.12614	0.38085	1.1662	1.2771	0.65354	0.21913	0.012657	-0.15718	-0.23702	-0.25717	-0.26935	-0.23833	-0.16875	-0.14861	-0.074354	-0.027081	0.063334	0.083633	1.1694
420.67	0.083543	0.056404	-0.063484	-0.11953	-0.18479	-0.27844	-0.28869	-0.40259	-0.4596	0.14785	-0.10814	-0.065325	0.25276	0.61357	1.1242	0.97056	0.60831	0.22252	-0.0048101	-0.17388	-0.24008	-0.28664	-0.25799	-0.27784	-0.16326	-0.15005	-0.068904	-0.027018	0.061358	0.069309	1.142
421.54	0.09626	0.023644	-0.054267	-0.11571	-0.19243	-0.23892	-0.31888	-0.41993	-0.42179	-0.081777	-0.16836	0.14209	-0.019189	0.82757	1.2393	1.0821	0.6434	0.2279	0.012601	-0.15459	-0.2576	-0.25979	-0.27888	-0.24091	-0.20194	-0.16929	-0.05823	-0.031949	0.039323	0.081499	1.1436
422.63	0.084991	0.028724	-0.07044	-0.10829	-0.21592	-0.215	-0.34366	-0.3989	-0.41896	-0.17684	0.11332	0.12294	0.17937	0.75385	1.3336	1.3814	0.64899	0.20789	0.04728	-0.15797	-0.26232	-0.26473	-0.25145	-0.21672	-0.1625	-0.17063	-0.09309	-0.00036383	0.059249	0.097116	1.1192
423.51	0.057312	0.047476	-0.068486	-0.13117	-0.21348	-0.25526	-0.33784	-0.40351	-0.46875	-0.13846	-0.36808	-0.17744	0.125	0.41313	1.3114	1.1713	0.62051	0.24623	0.022932	-0.14634	-0.20799	-0.27539	-0.22249	-0.2	-0.16216	-0.10834	-0.054468	0.0029473	0.050047	0.081128	1.1344
424.49	0.08462	0.021775	-0.055695	-0.11313	-0.19706	-0.27013	-0.34555	-0.40979	-0.45547	-0.27097	-0.1272	-0.15829	0.23253	0.64372	1.3472	1.0934	0.65337	0.25533	0.021152	-0.14412	-0.2415	-0.24309	-0.19715	-0.2248	-0.14494	-0.12751	-0.071767	-0.0086144	0.03905	0.084439	1.2378
424.16	0.081022	-0.0055335	-0.03587	-0.115	-0.22511	-0.21809	-0.35602	-0.39927	-0.4471	-0.17621	0.072897	-0.40188	0.14278	0.82246	0.99829	1.3765	0.64846	0.28262	0.076506	-0.15176	-0.19335	-0.23768	-0.25586	-0.19066	-0.17878	-0.12584	-0.10322	-0.015229	0.093508	0.072239	1.3837
424.05	0.082877	0.03717	-0.066593	-0.1594	-0.19527	-0.26848	-0.36292	-0.40118	-0.50653	-0.081293	0.012838	-0.046082	0.21476	0.4126	1.1153	1.3768	0.68837	0.2885	0.090366	-0.10098	-0.18802	-0.24706	-0.21865	-0.18709	-0.17545	-0.095823	-0.064863	0.0012889	0.064496	0.072258	1.5629
422.74	0.059255	0.028714	-0.084922	-0.14565	-0.22786	-0.27708	-0.34698	-0.45317	-0.50635	-0.46263	-0.24825	0.066528	-0.073231	0.53906	1.1382	1.4377	0.69956	0.3224	0.108	-0.10507	-0.1904	-0.21603	-0.21577	-0.16955	-0.15231	-0.10676	-0.056316	-0.0053368	0.073795	0.081268	1.7908
420.78	0.066912	0.037456	-0.11445	-0.13917	-0.25503	-0.30178	-0.3726	-0.49898	-0.52805	-0.21593	-0.26958	-0.21632	-0.30923	0.48764	1.3591	1.0461	0.74106	0.3161	0.14162	-0.063835	-0.17144	-0.18698	-0.21678	-0.19947	-0.11902	-0.10904	-0.070643	-0.007026	0.035738	0.097544	1.9427
419.47	0.087482	0.034118	-0.078276	-0.16473	-0.2377	-0.28707	-0.40471	-0.4768	-0.5491	-0.15899	-0.2907	0.048121	-0.14653	0.056628	1.0684	0.91626	0.75251	0.37775	0.17004	-0.056425	-0.14663	-0.20641	-0.19771	-0.1654	-0.12621	-0.098659	-0.042644	-0.020411	0.03585	0.071277	2.2131
418.7	0.080225	0.03937	-0.07659	-0.17222	-0.22804	-0.28563	-0.4089	-0.49962	-0.57131	-0.10156	-0.63595	-0.29328	0.089988	0.36369	1.0704	1.2991	0.76852	0.4098	0.20539	-0.026035	-0.12151	-0.16902	-0.1801	-0.15838	-0.11961	-0.12211	-0.033888	0.0096716	0.078184	0.06786	2.4439
418.16	0.048763	0.029028	-0.11333	-0.17965	-0.2445	-0.34489	-0.37321	-0.5076	-0.61097	-0.06315	-0.67741	-0.25569	-0.092299	0.14719	1.0718	1.0527	0.808	0.44174	0.22846	0.029274	-0.10714	-0.14465	-0.16053	-0.15676	-0.1095	-0.081045	-0.049857	0.0096906	0.070926	0.092824	2.7339
419.25	0.078266	0.0255	-0.11121	-0.18816	-0.26805	-0.3205	-0.386	-0.53369	-0.62526	-0.46649	-0.49339	-0.53921	-0.4377	0.43531	1.0296	1.1642	0.84427	0.44451	0.27161	0.013971	-0.085128	-0.12731	-0.17448	-0.15817	-0.097278	-0.1148	-0.026786	-0.018751	0.079921	0.090808	3.001
420.45	0.089124	0.068491	-0.048942	-0.15718	-0.26729	-0.31959	-0.41406	-0.51941	-0.64635	-0.44601	-0.29002	-0.40542	-0.23691	-0.19528	1.0463	1.2748	0.82182	0.51938	0.31095	0.042405	-0.065015	-0.13823	-0.13101	-0.1395	-0.1004	-0.062778	-0.072457	0.034632	0.065048	0.072877	3.3091
421.11	0.088985	0.054623	-0.096165	-0.16946	-0.26286	-0.33663	-0.42198	-0.54771	-0.63481	-0.23487	-0.67267	-0.17845	-0.32709	0.14616	0.61381	1.2538	0.8642	0.55171	0.36273	0.10677	-0.045079	-0.083556	-0.1183	-0.10653	-0.095149	-0.069799	-0.026668	0.0096164	0.077742	0.11158	3.5944
420.78	0.096435	0.0047537	-0.11445	-0.19105	-0.28114	-0.35055	-0.43088	-0.56634	-0.66519	-0.67536	-0.55214	-0.49948	-0.49049	-0.087312	0.69272	1.5203	0.89036	0.58531	0.42054	0.14099	1.6538e-006	-0.040399	-0.1005	-0.08659	-0.091825	-0.062729	-0.035479	0.0029665	0.07414	0.097544	3.8917
419.8	0.044872	-0.0055844	-0.092817	-0.20226	-0.26972	-0.33181	-0.43188	-0.56767	-0.76015	-0.65776	-0.69499	-0.76557	-0.65517	-0.30361	0.67467	1.2197	0.89062	0.64729	0.4687	0.14322	0.016283	-0.046144	-0.084596	-0.083144	-0.06648	-0.043238	-0.030274	0.0063099	0.098145	0.074763	4.1935
419.91	0.04856	0.03581	-0.083669	-0.20938	-0.28172	-0.36692	-0.47128	-0.58577	-0.75995	-0.71511	-0.51283	-0.80322	-0.80031	-0.28554	0.537	1.2574	0.89586	0.65103	0.4843	0.1869	0.065107	-0.048018	-0.089953	-0.05393	-0.049429	-0.046798	-0.016173	0.0013048	0.070631	0.090666	4.5226
420.34	0.094689	0.0082028	-0.090872	-0.20737	-0.31359	-0.37239	-0.48966	-0.64166	-0.8102	-0.63772	-0.55272	-0.53781	-0.78131	-0.33921	0.67379	1.2751	0.92045	0.70308	0.52916	0.24556	0.10117	0.021634	-0.055833	-0.05023	-0.032365	-0.036051	-0.0038359	0.027974	0.068731	0.079969	4.894
420.78	0.035542	0.015082	-0.11445	-0.21789	-0.31126	-0.3564	-0.53029	-0.64099	-0.83749	-0.40736	-0.75395	-0.82045	-0.76238	-0.39276	0.61429	1.3496	0.90857	0.74917	0.59137	0.29651	0.12272	0.040404	-0.021788	-0.021046	-0.02383	0.0031733	-0.0020747	0.024616	0.064997	0.079886	5.2622
