13891	6	3	91	22.2	748	1	9	8	3.496	128	4096	10	0	0	0	0	447.43	947.82	1.4491e+006	0.11653	0.15047	40.144	0	0	1	0	0	0	11	0	0
959.5	0.028794	-0.048685	-0.14273	-0.016881	-0.34114	-0.41809	-0.50887	-0.6162	-0.7436	-0.95635	-0.84462	-0.91066	-0.8081	-0.45449	0.41742	0.9475	0.84112	0.51775	0.32767	0.063678	-0.059055	-0.13309	-0.16437	-0.15039	-0.1162	-0.097589	-0.036562	-0.026785	0.0091603	0.040113	3.3804
959.82	0.02393	-0.054706	-0.16104	-0.018445	-0.36128	-0.44446	-0.52148	-0.63674	-0.78498	-1.0567	-1.0213	-1.0014	-0.97471	-0.47797	0.30557	0.98044	0.84403	0.54495	0.36501	0.094419	-0.042422	-0.10421	-0.14785	-0.13757	-0.10275	-0.089748	-0.048882	-0.024586	0.021183	0.042422	3.6444
960.56	0.025528	-0.032798	-0.17208	-0.0082431	-0.34956	-0.43984	-0.53083	-0.65619	-0.78206	-0.93013	-1.0824	-1.1329	-0.97395	-0.68223	0.22805	1.0295	0.83859	0.56333	0.37312	0.083546	-0.040017	-0.11566	-0.14068	-0.12072	-0.1049	-0.066273	-0.040373	-0.032593	0.023572	0.041614	3.9463
961.41	0.015814	-0.045576	-0.17273	-0.021546	-0.35628	-0.44202	-0.54462	-0.67154	-0.86524	-0.8958	-1.0019	-1.1732	-1.1238	-0.61085	0.27932	0.87921	0.8514	0.59442	0.41094	0.13411	0.0042491	-0.085944	-0.12489	-0.1238	-0.10109	-0.095835	-0.038797	-0.02236	0.0011378	0.036168	4.1874
962.48	0.014989	-0.052298	-0.1789	-0.017612	-0.36906	-0.4637	-0.55975	-0.7106	-0.82355	-0.93664	-1.2655	-1.238	-1.2098	-0.86153	0.2019	0.84506	0.85046	0.62787	0.45545	0.15552	0.006613	-0.074349	-0.098166	-0.10376	-0.069765	-0.070034	-0.038755	-0.012142	0.02912	0.036128	4.5119
963.33	0.010946	-0.05977	-0.17477	-0.013689	-0.38628	-0.48119	-0.57872	-0.71157	-0.84432	-1.0362	-1.1762	-1.3029	-1.3037	-0.97066	0.081846	0.89403	0.85925	0.64436	0.47941	0.17775	0.035772	-0.070179	-0.093391	-0.091744	-0.067476	-0.057525	-0.043329	-0.014313	0.021904	0.041496	4.8333
965.13	-0.0035553	-0.08067	-0.19667	-0.022242	-0.41532	-0.49134	-0.61575	-0.7277	-0.87417	-1.1678	-1.2092	-1.4239	-1.4593	-1.0315	-0.1234	0.87583	0.84811	0.67292	0.52108	0.21297	0.064031	-0.042192	-0.086198	-0.074902	-0.054751	-0.055086	-0.019485	-0.016466	0.0091053	0.039109	5.1319
965.66	-0.007573	-0.070875	-0.19339	-0.011317	-0.42034	-0.51062	-0.62363	-0.75348	-0.89514	-1.0754	-1.2613	-1.4231	-1.6402	-1.2736	-0.10625	0.74311	0.84765	0.7057	0.54358	0.24839	0.080508	-0.023335	-0.065102	-0.070099	-0.051018	-0.051176	-0.037861	-0.012828	-0.0060399	0.019852	5.491
966.2	-0.0051593	-0.052847	-0.19011	-0.016764	-0.41224	-0.50694	-0.6412	-0.78161	-0.91991	-1.2248	-1.454	-1.6114	-1.6472	-1.3825	-0.3452	0.63533	0.8456	0.71891	0.57213	0.27138	0.095397	-0.0077738	-0.047927	-0.063718	-0.035444	-0.040288	-0.024058	-0.0026694	0.01308	0.030606	5.8228
965.45	-0.0027503	-0.076893	-0.20216	-0.023795	-0.42569	-0.51159	-0.64468	-0.80919	-0.94515	-1.2758	-1.3759	-1.7031	-1.7748	-1.6263	-0.2942	0.62755	0.83911	0.74582	0.61436	0.31291	0.15131	0.03399	-0.019895	-0.044722	-0.016209	-0.018584	-0.017181	-0.0033954	0.014683	0.0314	6.2059
964.5	0.004493	-0.07772	-0.21745	-0.02694	-0.43574	-0.53337	-0.65729	-0.83541	-0.9898	-1.2854	-1.6238	-1.886	-1.9901	-1.816	-0.43132	0.46271	0.8312	0.78741	0.64767	0.35542	0.17981	0.051238	-0.002746	-0.03444	-0.0073266	-0.014717	-0.019498	0.0089505	0.010708	0.026039	6.595
963.65	0.0069145	-0.057497	-0.18028	-0.022277	-0.43964	-0.51084	-0.68706	-0.84887	-1.0191	-1.437	-1.4754	-1.9371	-2.1185	-1.7941	-0.74837	0.50451	0.80729	0.80088	0.69239	0.39549	0.19494	0.10134	0.01131	-0.00028542	0.0030596	-0.010841	0.0035171	0.015505	0.022697	0.045336	6.9749
962.48	0.015797	-0.059071	-0.19084	-0.014483	-0.43666	-0.51914	-0.70138	-0.87537	-1.0426	-1.4806	-1.7507	-1.956	-2.2479	-2.1969	-0.67215	0.30612	0.79553	0.82488	0.70619	0.41255	0.22752	0.10885	0.030095	0.0092653	0.001575	-0.003847	0.017358	0.011883	0.028321	0.034585	7.3699
960.67	0.0037031	-0.067475	-0.21513	-0.021563	-0.45507	-0.56198	-0.73273	-0.89855	-1.0923	-1.6343	-1.7982	-2.1333	-2.3394	-2.2797	-1.0082	0.38976	0.75556	0.8307	0.75714	0.45819	0.26668	0.1354	0.046605	0.026031	0.01647	0.0055083	0.02047	0.0082586	0.01716	0.049346	7.742
959.07	0.00046956	-0.065323	-0.2075	-0.019245	-0.47257	-0.58517	-0.72868	-0.92241	-1.1319	-1.6287	-1.8278	-2.1783	-2.4308	-2.4806	-1.0615	0.29057	0.69931	0.8415	0.76223	0.46893	0.30355	0.15458	0.063166	0.03486	0.026938	0.031304	0.010475	0.014847	0.027619	0.031607	8.1427
958.12	0.0085743	-0.074458	-0.2069	-0.015334	-0.47745	-0.60374	-0.7535	-0.96731	-1.1887	-1.6807	-2.0511	-2.2965	-2.7198	-2.6803	-1.3122	0.082633	0.64803	0.85776	0.78366	0.50605	0.31178	0.18362	0.090726	0.054886	0.04712	0.034466	0.025156	0.025101	0.01319	0.049477	8.5252
955.78	0.004534	-0.066304	-0.20661	-0.024036	-0.491	-0.58633	-0.77949	-0.9849	-1.2101	-1.7101	-2.1539	-2.5432	-3.0058	-3.0508	-1.5312	-0.025713	0.58469	0.859	0.81013	0.55237	0.3475	0.20724	0.098035	0.060629	0.041249	0.025925	0.030637	0.021496	0.016441	0.028607	8.9181
953.33	0.0045456	-0.072553	-0.21357	-0.024097	-0.50732	-0.60505	-0.80116	-1.0083	-1.2482	-1.8497	-2.2663	-2.6414	-3.1255	-3.2965	-1.6822	-0.15132	0.5227	0.85776	0.82683	0.56216	0.37547	0.22519	0.12434	0.080876	0.069117	0.046429	0.044685	0.032575	0.030206	0.021667	9.3154
950.35	-0.012598	-0.067445	-0.21101	-0.013876	-0.49202	-0.62077	-0.80139	-1.022	-1.2809	-1.8131	-2.1662	-2.8419	-3.3119	-3.5932	-1.9391	-0.26098	0.45098	0.86304	0.85026	0.60591	0.40941	0.25002	0.1477	0.093221	0.076106	0.063136	0.046381	0.038577	0.042446	0.022518	9.7081
948.23	-0.021635	-0.08822	-0.22845	-0.021052	-0.52698	-0.66371	-0.83057	-1.063	-1.3485	-2.0211	-2.4845	-3.0242	-3.633	-3.8484	-2.1957	-0.64029	0.35989	0.85892	0.84985	0.63252	0.43115	0.27894	0.16867	0.11201	0.10268	0.067229	0.048826	0.045313	0.01495	0.028052	10.122
945.78	-0.0069117	-0.088448	-0.21365	-0.020311	-0.50512	-0.65415	-0.83196	-1.0755	-1.3763	-1.873	-2.4729	-3.2168	-3.8117	-4.0423	-2.5153	-0.75164	0.26362	0.85246	0.86213	0.65778	0.46358	0.2947	0.17946	0.1204	0.099161	0.078498	0.059122	0.049876	0.030447	0.032838	10.517
943.12	-0.022575	-0.075642	-0.21913	-0.016377	-0.54776	-0.64642	-0.85037	-1.124	-1.4115	-2.0576	-2.633	-3.3269	-4.0247	-4.5346	-2.741	-0.82145	0.1815	0.85051	0.877	0.68756	0.48904	0.33326	0.2087	0.14674	0.11309	0.085075	0.074192	0.050761	0.021556	0.031355	10.916
939.93	-0.0061291	-0.075899	-0.22232	-0.023641	-0.54512	-0.6652	-0.8663	-1.1311	-1.4588	-2.2531	-2.669	-3.2706	-4.3223	-4.7431	-3.0838	-1.0705	0.080237	0.8176	0.86672	0.70942	0.51817	0.35795	0.22622	0.16028	0.1325	0.10052	0.070509	0.057642	0.02818	0.036206	11.294
936.63	-0.010297	-0.070752	-0.22883	-0.014079	-0.54163	-0.66317	-0.92094	-1.1719	-1.5248	-2.3385	-2.7419	-3.4348	-4.5005	-4.9777	-3.3236	-1.202	-0.024996	0.82135	0.89561	0.746	0.56134	0.39383	0.24068	0.18865	0.14442	0.11287	0.088134	0.067571	0.040605	0.039505	11.722
935.35	-0.026912	-0.071624	-0.1972	-0.028585	-0.53062	-0.6825	-0.92837	-1.1964	-1.5363	-2.3503	-2.7729	-3.5923	-4.7431	-5.4695	-3.5838	-1.5705	-0.15362	0.78474	0.88821	0.78456	0.58646	0.40958	0.27642	0.21102	0.16373	0.13065	0.092208	0.079649	0.043951	0.047502	12.114
934.39	-0.013645	-0.075572	-0.2138	-0.021364	-0.56372	-0.68847	-0.91388	-1.2132	-1.5838	-2.2061	-3.0483	-3.681	-4.9765	-5.8635	-4.1259	-1.854	-0.31284	0.75392	0.88441	0.78707	0.61226	0.44215	0.29201	0.22764	0.17309	0.14041	0.11368	0.072982	0.045642	0.038805	12.51
933.12	-0.017823	-0.072573	-0.2182	-0.025426	-0.55635	-0.70877	-0.95146	-1.2445	-1.6074	-2.3818	-3.2072	-3.9074	-5.2449	-6.3252	-4.2819	-2.019	-0.46352	0.71361	0.86754	0.80012	0.6196	0.43429	0.31822	0.23041	0.17792	0.14944	0.12652	0.091855	0.044879	0.043636	12.882
931.41	-0.03036	-0.068817	-0.22271	-0.028706	-0.55101	-0.71447	-0.96327	-1.2788	-1.6739	-2.3948	-3.3863	-3.9998	-5.5165	-6.4991	-4.6704	-2.2712	-0.61653	0.67966	0.85731	0.8033	0.65416	0.47923	0.32931	0.26127	0.18977	0.15615	0.13072	0.093527	0.045788	0.033345	13.257
930.88	-0.031213	-0.075858	-0.23189	-0.028723	-0.5477	-0.72193	-0.96769	-1.2935	-1.7154	-2.5173	-3.5159	-4.2069	-5.7818	-7.047	-5.0186	-2.6754	-0.75679	0.62714	0.83417	0.83633	0.68717	0.49734	0.35052	0.27047	0.1991	0.17556	0.13557	0.083797	0.02432	0.020593	13.656
930.46	-0.028723	-0.078228	-0.20317	-0.021454	-0.56157	-0.73108	-0.97434	-1.3131	-1.7575	-2.6656	-3.5267	-4.2686	-6.1206	-7.3996	-5.3932	-2.7967	-0.93499	0.5842	0.82588	0.8513	0.69483	0.52051	0.36605	0.27883	0.21994	0.17323	0.13245	0.093623	0.043354	0.039767	14.004
929.5	-0.044624	-0.081425	-0.20586	-0.032003	-0.55215	-0.71418	-0.99629	-1.3474	-1.7649	-2.5124	-3.6582	-4.5038	-6.4223	-7.7082	-5.6206	-3.04	-1.095	0.5327	0.80305	0.86076	0.70943	0.52445	0.3802	0.28653	0.21632	0.17421	0.14452	0.092967	0.035948	0.01343	14.378
928.01	-0.05139	-0.085457	-0.22518	-0.023132	-0.57671	-0.74716	-1.0049	-1.3462	-1.8195	-2.4644	-3.6915	-4.6394	-6.7942	-8.1198	-5.8429	-3.5092	-1.2726	0.46456	0.76798	0.87504	0.72285	0.54063	0.39703	0.31589	0.23517	0.19387	0.15113	0.10444	0.028544	0.013452	14.691
926.52	-0.035549	-0.083253	-0.20156	-0.028044	-0.56304	-0.75811	-1.019	-1.3997	-1.8544	-2.7204	-3.9174	-4.7326	-6.9286	-8.4592	-6.2173	-3.7044	-1.4409	0.41216	0.76605	0.88076	0.7404	0.56454	0.41554	0.31309	0.24018	0.18852	0.15537	0.10537	0.039386	0.035927	15.02
925.13	-0.053228	-0.10608	-0.22173	-0.026458	-0.55841	-0.75392	-1.0673	-1.391	-1.8492	-2.8116	-3.96	-4.9629	-7.3512	-8.8478	-6.7704	-4.0809	-1.6194	0.36308	0.73866	0.89847	0.76531	0.58248	0.42267	0.32184	0.25446	0.20501	0.1532	0.10098	0.050259	0.026344	15.344
923.11	-0.060915	-0.097681	-0.22637	-0.017547	-0.59533	-0.74935	-1.029	-1.4372	-1.9174	-2.8788	-4.2446	-5.0426	-7.6813	-9.203	-7.0444	-4.4356	-1.7873	0.30253	0.71087	0.90044	0.77522	0.59832	0.43502	0.32918	0.26276	0.2087	0.16075	0.11866	0.028694	0.022377	15.627
921.09	-0.048405	-0.10733	-0.19859	-0.02821	-0.58196	-0.76793	-1.0156	-1.4029	-1.9738	-2.9289	-4.0696	-5.1831	-7.9218	-9.5597	-7.3733	-4.5493	-1.9492	0.24437	0.6758	0.89721	0.79423	0.61251	0.43597	0.33739	0.26644	0.21486	0.1587	0.10599	0.029594	0.024844	15.901
918.85	-0.078099	-0.10286	-0.19824	-0.01681	-0.55211	-0.74568	-1.0353	-1.4505	-1.9842	-2.9623	-4.2643	-5.2822	-8.1901	-9.764	-7.5797	-4.8209	-2.0941	0.19405	0.64153	0.90374	0.79203	0.63637	0.47062	0.34405	0.27176	0.22435	0.16472	0.11692	0.029666	0.011161	16.126
918.1	-0.051098	-0.12267	-0.19923	-0.025842	-0.59581	-0.73377	-1.1194	-1.4751	-2.0036	-3.0788	-4.4435	-5.4508	-8.5872	-10.134	-8.062	-5.1378	-2.261	0.14146	0.62367	0.92099	0.80591	0.64464	0.46198	0.35935	0.27432	0.21637	0.17452	0.10633	0.03388	0.016834	16.315
917.46	-0.064674	-0.11802	-0.21106	-0.036526	-0.56584	-0.75128	-1.0644	-1.4619	-2.0743	-3.0282	-4.3448	-5.5499	-8.7761	-10.454	-8.2384	-5.3936	-2.4087	0.064613	0.60092	0.91728	0.81144	0.64078	0.47707	0.36461	0.29166	0.21407	0.16335	0.1087	0.025516	0.018466	16.518
916.61	-0.07236	-0.10865	-0.20457	-0.020135	-0.56544	-0.75377	-1.0835	-1.4884	-2.0472	-2.9959	-4.5712	-5.6937	-8.9839	-10.778	-8.543	-5.773	-2.528	0.019004	0.57187	0.9103	0.82379	0.6569	0.47505	0.37247	0.29037	0.22817	0.17642	0.099626	0.019663	0.0079449	16.749
915.97	-0.063084	-0.11425	-0.20304	-0.014397	-0.55108	-0.73547	-1.059	-1.476	-2.0639	-3.1299	-4.6392	-5.8191	-9.1484	-10.958	-8.7921	-5.9513	-2.6911	-0.010555	0.54744	0.92662	0.83017	0.66427	0.50004	0.37608	0.28042	0.21606	0.17816	0.11346	0.025557	0.0079504	16.893
915.76	-0.096168	-0.10875	-0.18887	-0.020156	-0.55397	-0.72937	-1.0538	-1.4931	-2.0652	-3.2538	-4.4827	-5.8118	-9.2005	-11.233	-8.8932	-6.0311	-2.8097	-0.075992	0.52514	0.91812	0.83119	0.6791	0.50098	0.38369	0.28049	0.23248	0.18709	0.10354	0.019681	0.012008	17.03
916.29	-0.09018	-0.13161	-0.20799	-0.025072	-0.56195	-0.74865	-1.0398	-1.4563	-2.0503	-3.1815	-4.6654	-6.0078	-9.395	-11.441	-9.212	-6.2105	-2.9009	-0.098343	0.50242	0.92281	0.84397	0.66576	0.50479	0.39518	0.28267	0.23398	0.17325	0.11113	0.012951	-0.012324	17.138
918.1	-0.12552	-0.14476	-0.18755	-0.032402	-0.53967	-0.74897	-1.0809	-1.4834	-2.1099	-3.1928	-4.8227	-5.8575	-9.6423	-11.633	-9.3735	-6.3634	-2.9853	-0.14196	0.47587	0.91056	0.8423	0.6679	0.49888	0.36853	0.27744	0.22943	0.16002	0.094883	0.0062193	-0.017966	17.246
918.85	-0.099225	-0.13676	-0.22075	-0.015991	-0.55487	-0.71263	-1.0738	-1.4856	-2.1066	-3.199	-4.6709	-5.8181	-9.6344	-11.665	-9.4377	-6.6622	-3.0321	-0.17668	0.4683	0.92111	0.83253	0.66821	0.49765	0.36322	0.27643	0.2113	0.1623	0.097095	0.0095656	-0.016334	17.289
918.32	-0.1238	-0.15498	-0.19585	-0.01436	-0.55151	-0.71215	-1.0603	-1.4864	-2.0273	-3.1833	-4.8216	-5.9253	-9.7563	-11.614	-9.4971	-6.527	-3.0755	-0.18036	0.46937	0.90426	0.84128	0.67119	0.50286	0.37178	0.2727	0.23183	0.15998	0.098677	0.0078961	-0.022007	17.318
918.1	-0.12129	-0.14081	-0.2251	-0.022562	-0.53323	-0.70158	-1.0959	-1.4584	-2.0455	-3.1577	-4.8412	-6.1084	-9.7087	-11.905	-9.5083	-6.7371	-3.1004	-0.19113	0.45589	0.90535	0.83651	0.66531	0.49068	0.36769	0.26809	0.20576	0.15357	0.091067	-0.0013233	-0.033341	17.345
918.32	-0.10351	-0.17548	-0.20419	-0.012722	-0.55335	-0.73092	-1.0658	-1.4898	-2.0917	-3.157	-4.8771	-6.0291	-9.9889	-11.836	-9.5959	-6.7182	-3.1089	-0.20986	0.44141	0.90253	0.83384	0.66946	0.49712	0.3626	0.26491	0.20245	0.15676	0.075024	-0.0071888	-0.017153	17.345
919.27	-0.1431	-0.16978	-0.23898	-0.023354	-0.53439	-0.71408	-1.0952	-1.4649	-2.0638	-3.2413	-4.7796	-6.1438	-9.9868	-11.873	-9.6128	-6.6591	-3.1323	-0.20517	0.44813	0.8903	0.82471	0.67478	0.47368	0.35639	0.25841	0.18838	0.15499	0.068847	-0.012204	-0.019559	17.334
920.13	-0.12778	-0.16963	-0.23959	-0.019241	-0.52379	-0.70717	-1.0558	-1.4485	-2.0972	-3.2296	-4.7844	-6.0259	-9.7868	-11.903	-9.6667	-6.6616	-3.1519	-0.21658	0.43177	0.89641	0.83797	0.6733	0.48387	0.36605	0.26827	0.20042	0.14841	0.074114	-0.016374	-0.038113	17.319
920.23	-0.14886	-0.19637	-0.20627	-0.027418	-0.55312	-0.67944	-1.0063	-1.4359	-2.0817	-3.1854	-4.6916	-6.0511	-9.794	-11.877	-9.5401	-6.6868	-3.1699	-0.21566	0.42614	0.89545	0.8255	0.66377	0.47891	0.35935	0.26358	0.18818	0.12668	0.051261	-0.023063	-0.042954	17.321
921.09	-0.16642	-0.19933	-0.246	-0.022489	-0.51683	-0.69218	-1.0085	-1.4479	-2.0597	-3.095	-4.7426	-6.0283	-9.7849	-12.006	-9.6924	-6.6287	-3.1836	-0.22348	0.42973	0.89895	0.83051	0.66659	0.48501	0.36234	0.25324	0.19289	0.13701	0.054256	-0.04727	-0.044527	17.328
922.47	-0.15102	-0.18568	-0.29214	-0.0298	-0.5133	-0.70538	-1.0211	-1.4415	-2.1112	-2.9856	-4.7078	-6.0364	-9.671	-11.955	-9.6153	-6.7052	-3.1697	-0.22493	0.43545	0.90538	0.84078	0.67073	0.49244	0.37343	0.25984	0.20072	0.14081	0.058733	-0.026344	-0.042043	17.319
924.07	-0.1474	-0.19634	-0.25018	-0.015085	-0.53528	-0.68284	-0.98575	-1.3752	-2.0267	-3.0415	-4.6445	-6.1291	-9.6048	-11.812	-9.5273	-6.7368	-3.141	-0.20411	0.43707	0.90555	0.84097	0.66187	0.49403	0.37029	0.26945	0.21011	0.12216	0.071522	-0.020469	-0.045186	17.321
925.35	-0.17237	-0.19372	-0.24735	-0.021573	-0.49984	-0.66149	-0.94854	-1.4321	-2.0614	-3.1417	-4.629	-6.0263	-9.575	-11.722	-9.4606	-6.6068	-3.111	-0.19407	0.45232	0.90429	0.84391	0.66438	0.49009	0.36233	0.24744	0.1758	0.12838	0.05855	-0.036241	-0.047533	17.307
926.73	-0.1763	-0.22156	-0.26021	-0.01423	-0.50639	-0.67291	-0.97748	-1.3473	-1.9889	-3.0501	-4.7045	-6.0001	-9.6101	-11.761	-9.4999	-6.6228	-3.1038	-0.17695	0.44848	0.88486	0.83364	0.64803	0.46987	0.34278	0.22777	0.16988	0.11702	0.052415	-0.027883	-0.067505	17.175
928.11	-0.16934	-0.20484	-0.25156	-0.01583	-0.52748	-0.65333	-0.91696	-1.3156	-1.9716	-3.0369	-4.6243	-5.9312	-9.6533	-11.63	-9.3435	-6.4495	-3.0274	-0.16607	0.46599	0.90418	0.81849	0.64536	0.46024	0.33401	0.23129	0.17447	0.11365	0.040256	-0.043595	-0.061001	17.006
929.92	-0.1807	-0.20678	-0.27826	-0.027133	-0.49647	-0.65382	-0.90276	-1.3122	-1.9176	-3.0656	-4.4783	-5.8257	-9.3721	-11.575	-9.2455	-6.3597	-2.9787	-0.15604	0.4643	0.8904	0.80546	0.63305	0.44073	0.30782	0.21469	0.14995	0.099906	0.030383	-0.060061	-0.090445	16.902
931.73	-0.18452	-0.22737	-0.25881	-0.027887	-0.52997	-0.6737	-0.92888	-1.3433	-1.9607	-3.0337	-4.5061	-5.7718	-9.2229	-11.252	-9.0328	-6.1589	-2.8849	-0.11433	0.49016	0.8921	0.7876	0.61654	0.43987	0.28831	0.20199	0.14081	0.075099	0.01453	-0.069029	-0.090269	16.712
932.8	-0.1968	-0.22711	-0.29629	-0.010103	-0.5357	-0.65357	-0.9054	-1.3541	-1.8649	-2.8144	-4.4372	-5.6886	-9.1715	-11.028	-8.7042	-6.0663	-2.7395	-0.070203	0.49196	0.88253	0.79077	0.60143	0.42081	0.27484	0.18105	0.1278	0.070254	-0.0050159	-0.08545	-0.1053	16.453
933.86	-0.18992	-0.22065	-0.3058	-0.016539	-0.52152	-0.67216	-0.88737	-1.3165	-1.7939	-2.7077	-4.4231	-5.614	-9.0303	-10.813	-8.5	-5.8458	-2.6306	-0.02266	0.51575	0.87981	0.77198	0.57873	0.40744	0.27289	0.17319	0.11	0.051161	-0.0087626	-0.075464	-0.11155	16.287
934.61	-0.2122	-0.24294	-0.29162	-0.023774	-0.53014	-0.64616	-0.8612	-1.2056	-1.7964	-2.7831	-4.3923	-5.5246	-8.762	-10.578	-8.352	-5.5764	-2.5055	0.013368	0.54751	0.86032	0.76405	0.57065	0.39584	0.25792	0.16004	0.11552	0.040829	-0.0245	-0.072933	-0.11066	16.089
936.1	-0.20606	-0.24488	-0.26988	-0.020521	-0.50042	-0.62847	-0.81899	-1.1488	-1.7793	-2.8389	-4.2402	-5.3206	-8.5362	-10.182	-8.0215	-5.2948	-2.3288	0.094895	0.60071	0.88112	0.77176	0.57566	0.39762	0.25914	0.15978	0.099326	0.047879	-0.0087431	-0.095836	-0.10255	15.8
936.52	-0.20596	-0.21615	-0.29348	-0.020512	-0.55522	-0.62994	-0.83941	-1.2162	-1.7374	-2.786	-4.1294	-5.3691	-8.3532	-9.9753	-7.8946	-5.0026	-2.2132	0.1378	0.61689	0.86964	0.73898	0.55851	0.37976	0.25248	0.15437	0.10328	0.041537	-0.0064929	-0.077715	-0.10171	15.587
936.84	-0.19678	-0.22535	-0.30973	-0.022111	-0.52527	-0.63673	-0.82219	-1.1708	-1.6879	-2.742	-4.264	-5.0705	-8.0735	-9.867	-7.531	-4.9583	-2.0841	0.18419	0.62137	0.86424	0.74278	0.54903	0.38284	0.23767	0.13217	0.087247	0.040732	-0.030426	-0.087546	-0.098501	15.315
936.52	-0.22172	-0.24167	-0.3082	-0.021315	-0.51282	-0.59225	-0.76009	-1.1516	-1.6734	-2.6742	-3.8302	-4.9704	-7.9867	-9.5071	-7.3222	-4.5851	-1.9425	0.23071	0.6584	0.86453	0.73735	0.53487	0.35404	0.2353	0.13069	0.084876	0.028106	-0.044652	-0.093328	-0.11361	15.043
935.35	-0.21701	-0.24585	-0.31514	-0.017317	-0.51436	-0.60264	-0.78726	-1.1407	-1.6597	-2.6517	-3.9349	-4.9342	-7.6623	-9.2684	-7.1021	-4.3861	-1.8106	0.28277	0.68902	0.86732	0.7123	0.51778	0.33356	0.20119	0.11403	0.048926	0.007579	-0.04321	-0.10496	-0.11137	14.75
934.82	-0.22793	-0.25916	-0.32843	-0.018133	-0.5011	-0.57225	-0.76765	-1.0693	-1.5934	-2.4809	-3.7645	-4.801	-7.3322	-8.748	-6.7532	-4.1581	-1.6575	0.34	0.71217	0.84903	0.70052	0.50032	0.31281	0.1923	0.10262	0.056168	-0.0058705	-0.045484	-0.10338	-0.11223	14.436
933.22	-0.22666	-0.26038	-0.28795	-0.018971	-0.46121	-0.56004	-0.6739	-1.0407	-1.5866	-2.511	-3.7892	-4.6901	-7.0832	-8.4876	-6.5262	-3.9001	-1.5044	0.40655	0.73068	0.84621	0.68951	0.48169	0.31818	0.18359	0.087467	0.05787	0.011559	-0.046313	-0.093658	-0.12197	14.145
933.01	-0.24086	-0.2387	-0.30936	-0.035111	-0.47943	-0.50386	-0.72044	-1.0919	-1.5513	-2.5116	-3.7536	-4.589	-6.9377	-8.2707	-6.1387	-3.6358	-1.3643	0.43568	0.76622	0.85239	0.69618	0.4801	0.30938	0.17625	0.098218	0.040211	0.0012536	-0.061343	-0.10358	-0.12519	13.766
932.69	-0.2426	-0.25276	-0.28893	-0.022209	-0.43611	-0.50579	-0.65805	-1.0766	-1.5463	-2.452	-3.5182	-4.3861	-6.5884	-8.0141	-5.8578	-3.4146	-1.2186	0.50359	0.79244	0.84498	0.67688	0.46331	0.29254	0.16809	0.076779	0.028173	-0.010643	-0.060613	-0.11434	-0.13001	13.482
932.37	-0.22353	-0.24663	-0.27835	-0.014144	-0.41722	-0.4866	-0.63197	-1.0195	-1.5341	-2.4528	-3.4921	-4.2173	-6.3452	-7.7087	-5.6475	-3.1333	-1.0703	0.53634	0.79743	0.835	0.66082	0.45244	0.27649	0.14185	0.07067	0.021751	-0.02255	-0.080173	-0.13006	-0.13165	13.093
931.95	-0.22364	-0.24908	-0.27355	-0.023842	-0.42195	-0.45335	-0.62839	-1.0619	-1.515	-2.3589	-3.3935	-4.1169	-6.2581	-7.3553	-5.4466	-3.0919	-0.95486	0.56829	0.80409	0.82168	0.63098	0.41447	0.24916	0.11068	0.031559	-0.003973	-0.047169	-0.078707	-0.13672	-0.14048	12.712
931.2	-0.21214	-0.24228	-0.28775	-0.021437	-0.35605	-0.44314	-0.59636	-1.001	-1.4614	-2.3608	-3.1226	-4.0776	-5.9437	-7.0933	-5.1055	-2.6145	-0.80343	0.5996	0.82837	0.8052	0.60049	0.39697	0.20652	0.099252	0.016992	-0.026511	-0.055946	-0.10285	-0.13518	-0.14218	12.361
931.1	-0.21634	-0.25942	-0.28367	-0.011739	-0.3697	-0.43085	-0.61502	-1.0159	-1.4266	-2.2918	-3.2051	-3.9842	-5.6576	-6.745	-4.7429	-2.4863	-0.66858	0.65609	0.84894	0.78729	0.58343	0.37324	0.20492	0.086923	0.011615	-0.021684	-0.05913	-0.093077	-0.12858	-0.15337	11.962
931.41	-0.2196	-0.24144	-0.2589	-0.015775	-0.35143	-0.4166	-0.62178	-0.98928	-1.4467	-2.1873	-3.1037	-3.8037	-5.3609	-6.3611	-4.4313	-2.1684	-0.5096	0.6964	0.86283	0.76217	0.55633	0.3383	0.17818	0.07949	0.0023965	-0.045815	-0.074201	-0.10283	-0.14506	-0.14933	11.572
931.1	-0.21133	-0.21352	-0.26063	-0.007696	-0.33158	-0.37971	-0.60728	-0.98469	-1.3956	-2.1534	-3.1139	-3.7112	-5.1334	-5.9979	-4.238	-1.972	-0.39047	0.74689	0.87021	0.75386	0.54184	0.33587	0.1742	0.057301	-0.0098942	-0.047441	-0.079789	-0.10963	-0.14263	-0.15656	11.237
931.63	-0.19538	-0.21573	-0.23006	-0.01254	-0.31326	-0.38038	-0.59532	-0.97425	-1.3575	-2.1868	-2.866	-3.5214	-4.8357	-5.8971	-3.9611	-1.5768	-0.26196	0.76497	0.86657	0.73459	0.51952	0.31446	0.14986	0.039177	-0.018333	-0.057873	-0.087685	-0.1186	-0.14833	-0.13414	10.852
932.8	-0.17432	-0.18363	-0.21416	-0.020594	-0.29565	-0.35702	-0.61931	-0.95661	-1.3224	-2.1754	-2.7896	-3.483	-4.7315	-5.525	-3.6025	-1.4294	-0.16472	0.78953	0.88199	0.71142	0.49933	0.28948	0.14564	0.028451	-0.025212	-0.0578	-0.08916	-0.11018	-0.12917	-0.13875	10.496
934.08	-0.12254	-0.16709	-0.18926	-0.014118	-0.27263	-0.35653	-0.60302	-0.91183	-1.2747	-2.0603	-2.6585	-3.3762	-4.5046	-5.307	-3.3857	-1.2993	-0.029165	0.82448	0.87922	0.71728	0.48077	0.27385	0.13335	0.030053	-0.042788	-0.068954	-0.095376	-0.11979	-0.11499	-0.12663	10.126
935.67	-0.14723	-0.16449	-0.17993	-0.020531	-0.24688	-0.36031	-0.59968	-0.90618	-1.2828	-1.7727	-2.6176	-3.3619	-4.2768	-5.0151	-2.992	-1.1095	0.05604	0.8371	0.8785	0.6828	0.4629	0.24549	0.10738	0.0054375	-0.037364	-0.067234	-0.089678	-0.11209	-0.1296	-0.11212	9.7217
937.69	-0.11214	-0.14868	-0.1771	-0.0020226	-0.26167	-0.35166	-0.59377	-0.90096	-1.2548	-2.0867	-2.5214	-3.2445	-4.1456	-4.6093	-2.8976	-0.92834	0.16295	0.8353	0.87113	0.66175	0.42627	0.23569	0.075042	-0.013366	-0.053302	-0.093465	-0.10211	-0.11335	-0.11701	-0.10317	9.3698
939.93	-0.12343	-0.15835	-0.15874	-0.01403	-0.25295	-0.35606	-0.56781	-0.9143	-1.2093	-1.8761	-2.407	-3.1945	-3.9491	-4.2042	-2.5398	-0.73085	0.26118	0.8534	0.86984	0.63216	0.39941	0.20821	0.07166	-0.018224	-0.065351	-0.087661	-0.10659	-0.10711	-0.10363	-0.097387	8.9831
941.84	-0.1372	-0.14572	-0.12832	-0.0156	-0.25603	-0.35795	-0.59116	-0.88153	-1.1754	-1.8979	-2.2939	-3.0531	-3.5604	-3.9708	-2.377	-0.55143	0.33874	0.85166	0.84782	0.60545	0.37118	0.19184	0.061124	-0.040964	-0.080406	-0.099418	-0.11423	-0.12103	-0.10506	-0.11218	8.5977
943.76	-0.099072	-0.11857	-0.11589	-0.012379	-0.24387	-0.38158	-0.60295	-0.8562	-1.1511	-1.877	-2.2713	-2.9628	-3.5371	-3.7866	-2.2323	-0.44883	0.42329	0.86037	0.84843	0.56448	0.33824	0.16631	0.023513	-0.053057	-0.086306	-0.096834	-0.10459	-0.11633	-0.10321	-0.11038	8.2062
944.19	-0.099029	-0.079392	-0.085812	-0.011576	-0.26434	-0.38227	-0.57747	-0.83472	-1.1341	-1.7482	-2.0904	-2.5996	-3.3739	-3.5526	-1.9605	-0.32185	0.48152	0.85651	0.82552	0.54056	0.30914	0.14697	0.016328	-0.066827	-0.084752	-0.11743	-0.11551	-0.11405	-0.10154	-0.06862	7.8146
944.4	-0.050498	-0.071706	-0.10202	-0.00041353	-0.23297	-0.35177	-0.56741	-0.81749	-1.0735	-1.509	-1.8472	-2.5402	-3.1551	-3.2877	-1.7243	-0.15275	0.54955	0.86675	0.81135	0.52523	0.29138	0.12601	-0.0028045	-0.07979	-0.10442	-0.13089	-0.13193	-0.13035	-0.10314	-0.07647	7.45
944.29	-0.043925	-0.060208	-0.08337	-0.0036034	-0.26521	-0.3944	-0.56366	-0.80055	-1.0494	-1.6456	-1.8384	-2.3806	-2.905	-3.0398	-1.6546	-0.042935	0.59829	0.8425	0.79203	0.48557	0.26568	0.079968	-0.018748	-0.088723	-0.12489	-0.13011	-0.13978	-0.10217	-0.08278	-0.053661	7.0067
943.76	-0.042303	-0.056406	-0.072052	-0.0091885	-0.26178	-0.38506	-0.57162	-0.78395	-1.0468	-1.6124	-1.7944	-2.3315	-2.8097	-2.8493	-1.3671	0.024699	0.66032	0.85342	0.78625	0.4647	0.25376	0.075825	-0.039495	-0.09608	-0.12572	-0.1286	-0.13359	-0.10668	-0.075489	-0.057627	6.6253
942.59	-0.03412	-0.060317	-0.055073	-0.0084003	-0.24776	-0.38553	-0.54631	-0.75729	-0.99711	-1.5546	-1.8057	-2.1743	-2.5138	-2.548	-1.0801	0.21098	0.71316	0.85534	0.76233	0.44581	0.21863	0.070887	-0.055516	-0.11977	-0.13422	-0.14387	-0.14004	-0.12539	-0.067419	-0.047451	6.2059
941.53	-0.014366	-0.016537	-0.064899	-0.0036125	-0.27317	-0.37987	-0.56684	-0.75489	-0.97702	-1.4965	-1.6273	-2.0501	-2.387	-2.2056	-0.98494	0.32989	0.75709	0.83888	0.73514	0.39715	0.18258	0.021416	-0.076366	-0.12804	-0.13741	-0.14164	-0.14019	-0.10321	-0.065859	-0.038036	5.8637
940.36	0.0087362	-0.028882	-0.060907	-0.0092218	-0.25643	-0.38296	-0.55451	-0.73221	-0.93497	-1.5326	-1.6294	-1.9176	-2.317	-2.2486	-0.82831	0.31335	0.79225	0.82857	0.71266	0.37303	0.16504	0.016397	-0.085266	-0.13798	-0.15051	-0.13783	-0.1325	-0.11004	-0.051211	-0.01991	5.5183
939.4	0.00047939	-0.0050089	-0.074019	-0.019648	-0.28728	-0.37286	-0.51669	-0.71093	-0.93119	-1.3455	-1.5226	-1.9787	-2.0433	-1.9289	-0.62722	0.577	0.82568	0.80757	0.67825	0.34368	0.14258	-0.0096781	-0.098174	-0.14954	-0.14229	-0.14595	-0.12949	-0.11314	-0.050445	-0.024678	5.1516
938.44	0.018684	0.002701	-0.077358	-0.014854	-0.27316	-0.37237	-0.51875	-0.71656	-0.90061	-1.2954	-1.4246	-1.7691	-1.9316	-1.7214	-0.48723	0.55208	0.83795	0.78566	0.6508	0.30577	0.10874	-0.040864	-0.12474	-0.15622	-0.15082	-0.15169	-0.12252	-0.10056	-0.034096	-0.0049083	4.7818
936.84	0.040265	-0.010437	-0.075038	-0.014076	-0.29257	-0.36249	-0.5181	-0.68016	-0.86424	-1.2202	-1.3907	-1.6619	-1.7883	-1.5307	-0.37361	0.80006	0.85982	0.77298	0.62294	0.28669	0.082176	-0.042621	-0.1354	-0.14994	-0.14955	-0.16315	-0.12589	-0.094003	-0.025119	0.010153	4.4134
935.67	0.051934	0.0042562	-0.096419	-0.0036351	-0.30016	-0.37084	-0.50795	-0.67692	-0.82658	-1.127	-1.1838	-1.5706	-1.6357	-1.3387	-0.12729	0.65607	0.86991	0.75377	0.59079	0.24867	0.063612	-0.065493	-0.13959	-0.17142	-0.16655	-0.16495	-0.14028	-0.09337	-0.022683	0.0014309	4.1025
935.35	0.037839	0.0019375	-0.096452	-0.0068551	-0.284	-0.36219	-0.50273	-0.66486	-0.80234	-1.1102	-1.2023	-1.5881	-1.5221	-1.2664	-0.039153	0.74161	0.88331	0.70751	0.5612	0.21292	0.027101	-0.095103	-0.15895	-0.18213	-0.16737	-0.16261	-0.1166	-0.073175	-0.027626	0.0054024	3.8386
935.35	0.044478	-0.0096784	-0.093995	0.0011911	-0.26142	-0.35692	-0.50581	-0.64439	-0.78336	-1.0155	-1.1297	-1.4522	-1.4324	-1.0805	0.040213	0.76719	0.87266	0.68031	0.52042	0.1933	0.010052	-0.095949	-0.17103	-0.17557	-0.16814	-0.16261	-0.12293	-0.072425	-0.023511	0.025261	3.5322
934.5	0.051167	0.008139	-0.088342	-0.0092795	-0.2499	-0.37306	-0.47	-0.60726	-0.74212	-0.97331	-1.0671	-1.377	-1.2541	-0.9925	0.04907	0.95578	0.86936	0.67039	0.49185	0.16102	-0.0086274	-0.11634	-0.1744	-0.18393	-0.16676	-0.15474	-0.14046	-0.091238	-0.019416	0.0093821	3.2772
933.97	0.057846	-0.0096927	-0.092494	-0.0084778	-0.28171	-0.35306	-0.47413	-0.59695	-0.72432	-0.98249	-1.0859	-1.2247	-1.263	-0.87165	0.20806	0.80252	0.88872	0.64704	0.45207	0.13206	-0.034649	-0.14519	-0.18659	-0.20126	-0.18523	-0.17248	-0.13974	-0.084538	-0.0095404	0.018139	2.9828
932.9	0.050422	-0.0081504	-0.087672	-0.0068731	-0.29109	-0.31299	-0.46076	-0.59681	-0.71801	-0.95771	-0.94151	-1.1921	-1.0928	-0.81591	0.2525	0.79487	0.88727	0.61346	0.41878	0.1057	-0.052599	-0.15977	-0.20778	-0.2097	-0.17471	-0.16143	-0.12325	-0.075621	-0.0079009	0.031698	2.7506
932.69	0.042941	-0.019801	-0.10987	-0.006068	-0.30384	-0.3553	-0.45545	-0.5723	-0.70469	-0.94928	-0.85069	-1.1327	-1.0603	-0.66209	0.33215	0.92339	0.87269	0.58192	0.39843	0.075775	-0.08192	-0.16489	-0.22074	-0.22289	-0.17859	-0.17995	-0.1328	-0.09968	-0.0046042	0.039672	2.5198
932.9	0.046262	-0.0089278	-0.10492	-0.015748	-0.26935	-0.34202	-0.46385	-0.58284	-0.68946	-0.89727	-1.0871	-1.0814	-1.0519	-0.52416	0.36742	0.87185	0.85689	0.55099	0.35274	0.056938	-0.10388	-0.19621	-0.2336	-0.23188	-0.19005	-0.17589	-0.12801	-0.095901	0.016844	0.035681	2.3497
933.54	0.048724	-0.010474	-0.090074	-0.0076758	-0.28184	-0.33475	-0.43649	-0.56521	-0.69771	-0.84488	-0.94086	-1.0041	-1.0348	-0.41851	0.42019	0.8969	0.8563	0.50226	0.32264	0.037237	-0.13146	-0.19947	-0.24151	-0.24074	-0.19528	-0.17898	-0.14377	-0.092082	-0.021087	0.039636	2.1766
934.08	0.036226	-0.017446	-0.10479	-0.0092838	-0.27625	-0.33368	-0.43933	-0.52798	-0.67593	-0.8789	-0.84033	-0.95247	-0.65046	-0.33735	0.45529	0.99891	0.82792	0.47473	0.28633	-0.0055009	-0.14765	-0.2129	-0.23895	-0.23651	-0.18981	-0.18529	-0.1524	-0.095031	-0.0070676	0.036433	1.964
934.39	0.035385	-0.027517	-0.11787	-0.014113	-0.29334	-0.33972	-0.44304	-0.5442	-0.67411	-0.83549	-0.8128	-0.85013	-0.88696	-0.27249	0.49042	1.0157	0.81534	0.4526	0.24149	-0.032829	-0.14922	-0.23314	-0.25176	-0.25365	-0.19816	-0.16678	-0.14285	-0.088249	-0.0045958	0.035624	1.8501
935.03	0.041173	-0.018202	-0.12844	-0.0036376	-0.28048	-0.35002	-0.43271	-0.53645	-0.63805	-0.84353	-0.80315	-0.79856	-0.73136	-0.15103	0.49009	0.76746	0.81397	0.41542	0.22014	-0.037928	-0.18161	-0.2279	-0.25642	-0.25347	-0.20109	-0.16827	-0.138	-0.079945	-0.016113	0.039572	1.7346
935.78	0.066032	-0.018187	-0.10296	-0.014896	-0.28207	-0.34448	-0.42466	-0.5262	-0.65335	-0.774	-0.60288	-0.83189	-0.60038	-0.19939	0.66597	0.963	0.7994	0.41948	0.20037	-0.050689	-0.1774	-0.24293	-0.26104	-0.24508	-0.20857	-0.17535	-0.13868	-0.079882	-0.0062328	0.028427	1.6344
937.69	0.046025	-0.017378	-0.11745	-0.0084441	-0.27969	-0.32539	-0.42994	-0.53657	-0.6457	-0.76384	-0.69221	-0.80477	-0.61541	-0.12643	0.62064	0.92697	0.77407	0.3661	0.18119	-0.077821	-0.19729	-0.25761	-0.26372	-0.24213	-0.19976	-0.17579	-0.13603	-0.052817	-0.0037579	0.035499	1.5386
939.29	0.03272	-0.018119	-0.11889	-0.02606	-0.28011	-0.34669	-0.42077	-0.52179	-0.632	-0.78825	-0.71816	-0.8457	-0.45196	-0.22279	0.66348	0.97638	0.75563	0.35412	0.1512	-0.09723	-0.20019	-0.25465	-0.26407	-0.24009	-0.20094	-0.17868	-0.14762	-0.073615	0.0052618	0.026738	1.5128
940.67	0.028544	-0.033492	-0.11464	-0.002816	-0.2788	-0.33571	-0.42245	-0.54871	-0.6177	-0.72715	-0.65389	-0.76845	-0.52428	-0.085831	0.57483	0.8901	0.75533	0.33964	0.14708	-0.10811	-0.22007	-0.26604	-0.27729	-0.24136	-0.1976	-0.17603	-0.11909	-0.072018	0.005254	0.040126	1.4611
942.27	0.0252	-0.030359	-0.11038	-0.0108	-0.27743	-0.3273	-0.43321	-0.50225	-0.61352	-0.76867	-0.67984	-0.74186	-0.44244	0.082807	0.56509	0.88015	0.73454	0.33558	0.12815	-0.1037	-0.21325	-0.25636	-0.25924	-0.23933	-0.18968	-0.17493	-0.1024	-0.074126	0.013412	0.041634	1.4399
944.08	0.033378	-0.015726	-0.11909	-0.0099823	-0.27601	-0.33363	-0.40717	-0.54349	-0.60686	-0.62215	-0.5706	-0.58898	-0.48198	-0.069499	0.61644	0.81083	0.73151	0.3358	0.13024	-0.10688	-0.21848	-0.25252	-0.26672	-0.2413	-0.17795	-0.16666	-0.12728	-0.062109	0.0036026	0.061231	1.4779
947.16	0.037367	-0.010323	-0.10172	-0.012334	-0.26797	-0.33514	-0.39747	-0.51179	-0.59551	-0.81571	-0.63149	-0.64577	-0.53678	-0.10918	0.53604	1.0441	0.72185	0.32084	0.1151	-0.10485	-0.20173	-0.25671	-0.26823	-0.24375	-0.19776	-0.17324	-0.12608	-0.067084	0.0060285	0.041419	1.4611
950.57	0.042133	-0.014858	-0.11747	-0.0067454	-0.26168	-0.33049	-0.41122	-0.54784	-0.59415	-0.67722	-0.67391	-0.66018	-0.55091	0.042324	0.57752	0.88925	0.72974	0.29206	0.117	-0.10279	-0.22018	-0.25412	-0.2744	-0.24288	-0.17824	-0.15921	-0.12796	-0.056524	0.014913	0.055341	1.5022
953.55	0.056659	-0.024684	-0.10506	-0.0090942	-0.28567	-0.31912	-0.41674	-0.51881	-0.58299	-0.8356	-0.5026	-0.6581	-0.52519	0.11356	0.50652	0.93669	0.73791	0.31439	0.12202	-0.10666	-0.22108	-0.24504	-0.25696	-0.23811	-0.17843	-0.17129	-0.094204	-0.069574	0.0035684	0.048934	1.4779
955.88	0.034589	-0.026898	-0.11762	-0.0074964	-0.2779	-0.31319	-0.40592	-0.52876	-0.58621	-0.69874	-0.68791	-0.71466	-0.49199	0.034183	0.67785	0.78412	0.71526	0.31019	0.11174	-0.11725	-0.21657	-0.26181	-0.26579	-0.23432	-0.18623	-0.16382	-0.09552	-0.064273	0.0075858	0.042596	1.4718
958.65	0.037729	-0.0056648	-0.10929	-0.016112	-0.28415	-0.34054	-0.40926	-0.50806	-0.59763	-0.88997	-0.75679	-0.7126	-0.53035	-0.06056	0.70171	0.88175	0.7092	0.31015	0.11601	-0.1269	-0.2104	-0.27838	-0.26738	-0.24883	-0.19912	-0.18445	-0.11685	-0.070668	0.0043517	0.04945	1.4794
961.2	0.023087	-0.032777	-0.11936	-0.013719	-0.28779	-0.35074	-0.43369	-0.55293	-0.59759	-0.83733	-0.67526	-0.72724	-0.52101	-0.076137	0.56255	0.75488	0.70094	0.2931	0.10426	-0.12407	-0.23275	-0.26447	-0.2745	-0.23701	-0.1971	-0.16057	-0.09807	-0.063917	-0.018878	0.040042	1.452
963.75	0.018998	-0.035696	-0.13653	-0.0097785	-0.28089	-0.36088	-0.4273	-0.55783	-0.59754	-0.70974	-0.75278	-0.65939	-0.4959	-0.068095	0.62954	0.92675	0.72214	0.30851	0.11692	-0.10635	-0.20456	-0.25475	-0.25268	-0.22843	-0.18619	-0.16248	-0.11086	-0.04339	-0.0020602	0.040706	1.5219
964.5	0.027839	-0.035668	-0.1404	-0.012112	-0.31222	-0.36146	-0.43295	-0.51133	-0.60705	-0.78436	-0.58493	-0.62594	-0.4876	-0.0053232	0.59483	0.9095	0.70649	0.30827	0.11075	-0.11868	-0.20598	-0.25537	-0.26497	-0.21634	-0.16157	-0.13827	-0.096969	-0.069512	0.023473	0.03143	1.6784
964.28	0.031066	-0.027414	-0.13726	-0.0082113	-0.30002	-0.35643	-0.42856	-0.51701	-0.61409	-0.73441	-0.69954	-0.65902	-0.5589	-0.08373	0.67195	0.95107	0.73446	0.33302	0.1237	-0.086434	-0.19185	-0.23329	-0.23069	-0.21639	-0.15419	-0.13519	-0.086249	-0.064441	0.013902	0.041455	1.8683
965.13	0.018167	-0.039396	-0.13317	-0.008204	-0.31551	-0.36887	-0.44686	-0.57132	-0.63424	-0.78384	-0.63732	-0.69959	-0.45567	0.049529	0.53462	0.92544	0.7346	0.33698	0.15399	-0.083877	-0.17752	-0.23308	-0.23126	-0.20826	-0.15776	-0.13818	-0.10764	-0.060754	0.011499	0.047577	1.9777
965.45	0.017356	-0.038635	-0.15613	-0.01444	-0.31191	-0.38576	-0.4639	-0.60208	-0.644	-0.68346	-0.80423	-0.61708	-0.51082	-0.16192	0.61987	0.80114	0.72563	0.36067	0.1547	-0.057397	-0.16723	-0.23464	-0.21481	-0.18994	-0.16808	-0.11795	-0.079248	-0.0542	0.022654	0.043713	2.2237
965.13	0.023799	-0.047652	-0.15142	-0.008985	-0.3339	-0.39439	-0.48049	-0.59672	-0.66874	-0.667	-0.71651	-0.79012	-0.62163	-0.20114	0.62008	0.92543	0.75683	0.39566	0.19427	-0.035918	-0.1547	-0.21424	-0.21566	-0.19318	-0.15257	-0.11876	-0.063943	-0.040424	0.0051209	0.046037	2.4697
964.18	0.023017	-0.055211	-0.15475	-0.0011868	-0.33335	-0.39052	-0.48471	-0.60844	-0.68245	-0.85146	-0.85814	-0.83211	-0.69345	-0.13863	0.45817	0.87669	0.77665	0.41649	0.21729	-0.02271	-0.13753	-0.18739	-0.19246	-0.19098	-0.13121	-0.12587	-0.079352	-0.036831	0.025875	0.037607	2.6473
963.11	0.014979	-0.050008	-0.13981	-0.0082212	-0.34074	-0.38584	-0.49049	-0.64968	-0.71008	-0.99457	-0.92079	-0.81652	-0.78924	-0.24083	0.4758	0.74508	0.79501	0.44422	0.25409	0.0012932	-0.11402	-0.16379	-0.20205	-0.18324	-0.1321	-0.13068	-0.070223	-0.045602	0.009126	0.031476	2.9145
962.16	0.026292	-0.041776	-0.15508	-0.0066656	-0.34459	-0.40158	-0.50297	-0.62803	-0.72694	-0.97044	-0.9217	-0.88338	-0.85345	-0.39823	0.30483	0.85365	0.80695	0.46855	0.28712	0.014566	-0.095985	-0.15327	-0.18113	-0.13485	-0.11142	-0.096541	-0.047225	-0.026711	0.021132	0.038457	3.1998
