12822	4	3	91	24.6	760	1	4	10	4.077	128	4096	10	0	0	0	0	521.92	977.89	1.4683e+006	0.11743	0.17344	40.617	0	0	1	0	0	0	11	0	0
986.91	0.029362	-0.0063838	-0.093417	-0.13694	-0.18363	-0.10862	-0.18524	-0.17902	-0.092442	-0.031014	0.27636	0.30652	0.64779	0.77312	0.30403	-0.71012	-1.3873	-1.5008	-1.5094	-1.1374	-0.91166	-0.7667	-0.59412	-0.45954	-0.29562	-0.25734	-0.17571	-0.073612	0.024765	0.047475	-4.2228
986.8	0.015204	-0.017393	-0.099638	-0.14611	-0.15882	-0.10448	-0.18746	-0.17516	-0.11419	-0.079997	0.13871	0.39508	0.67105	0.70426	0.34584	-0.67785	-1.2694	-1.4119	-1.433	-1.0857	-0.88097	-0.73713	-0.57359	-0.42776	-0.29855	-0.22092	-0.16598	-0.06865	0.02165	0.048234	-3.8508
985.74	0.030972	-0.02476	-0.096636	-0.1455	-0.18471	-0.11375	-0.21692	-0.20488	-0.12558	-0.1291	0.19056	0.36329	0.64857	0.74336	0.47173	-0.70287	-1.1666	-1.3418	-1.3713	-1.0667	-0.87576	-0.73632	-0.56199	-0.41889	-0.2771	-0.23256	-0.15491	-0.059482	0.039626	0.068636	-3.5383
984.89	0.0073481	-0.030665	-0.1045	-0.14945	-0.19173	-0.12635	-0.21711	-0.20817	-0.14296	-0.047426	0.09589	0.25875	0.72656	0.78236	0.48052	-0.4604	-1.0331	-1.223	-1.2749	-1.0011	-0.8557	-0.70886	-0.5342	-0.42236	-0.29405	-0.25711	-0.17607	-0.080167	0.02091	0.032484	-3.1695
984.89	0.019175	-0.016691	-0.095941	-0.17008	-0.19602	-0.13301	-0.2508	-0.24629	-0.16399	-0.21917	0.13037	0.28295	0.60266	0.80539	0.47215	-0.40368	-0.92185	-1.1596	-1.2123	-0.98168	-0.80635	-0.68638	-0.52885	-0.38969	-0.25556	-0.22287	-0.14077	-0.070918	0.034191	0.051344	-2.8022
984.78	0.02233	-0.020372	-0.099842	-0.16934	-0.22092	-0.13719	-0.25595	-0.25409	-0.17828	-0.25193	0.13039	0.22651	0.52528	0.79013	0.52244	-0.26596	-0.7967	-1.0706	-1.1365	-0.9283	-0.7702	-0.65113	-0.52661	-0.39363	-0.29045	-0.23355	-0.14829	-0.061675	0.0060655	0.049086	-2.4458
984.25	0.024709	-0.042459	-0.12013	-0.17707	-0.21074	-0.12142	-0.26415	-0.26746	-0.20769	-0.22751	0.026906	0.22664	0.47906	0.8981	0.6568	-0.24178	-0.68893	-0.96606	-1.0581	-0.86313	-0.78373	-0.63621	-0.49401	-0.38995	-0.26808	-0.22606	-0.13635	-0.065981	0.038906	0.042319	-2.0498
982.24	0.037407	-0.015262	-0.1157	-0.1828	-0.22408	-0.14256	-0.27791	-0.27815	-0.22996	-0.29358	-0.0075993	0.11388	0.51112	0.7614	0.66655	-0.071645	-0.57803	-0.87863	-0.97738	-0.8324	-0.72968	-0.60129	-0.47357	-0.36657	-0.2344	-0.20516	-0.11177	-0.062549	0.028801	0.068124	-1.6584
980.11	0.027191	-0.028597	-0.11829	-0.164	-0.20991	-0.1345	-0.27557	-0.29204	-0.23574	-0.30243	-0.02495	0.10601	0.34879	0.91733	0.73531	0.091049	-0.43624	-0.76999	-0.88146	-0.76988	-0.69484	-0.57517	-0.45079	-0.35642	-0.23929	-0.22778	-0.12183	-0.049816	0.028863	0.048564	-1.2824
978.52	0.028026	-0.021982	-0.12945	-0.19965	-0.24738	-0.1515	-0.30992	-0.34028	-0.2883	-0.34409	-0.16384	0.17114	0.287	0.81064	0.77865	0.074879	-0.31795	-0.68484	-0.80943	-0.72383	-0.65096	-0.56318	-0.42613	-0.34682	-0.21409	-0.18985	-0.11371	-0.044883	0.023405	0.060032	-0.8669
977.78	0.011373	-0.033849	-0.14757	-0.23137	-0.26572	-0.18267	-0.32934	-0.34602	-0.30667	-0.36082	-0.13791	-0.01559	0.37304	0.7262	0.6443	0.074936	-0.19909	-0.5779	-0.71627	-0.66888	-0.60331	-0.52398	-0.41722	-0.33377	-0.21572	-0.19766	-0.11607	-0.058534	0.022635	0.061596	-0.4789
977.56	0.023289	-0.030895	-0.14525	-0.196	-0.26664	-0.16844	-0.33531	-0.37588	-0.3408	-0.44329	-0.19873	0.08191	0.24048	0.76504	0.94814	0.21373	-0.085501	-0.48483	-0.63839	-0.59801	-0.5747	-0.48769	-0.40114	-0.31973	-0.21138	-0.19004	-0.11987	-0.045645	0.028938	0.063892	-0.069699
977.35	0.0042272	-0.040536	-0.15704	-0.23147	-0.28658	-0.20375	-0.36121	-0.40574	-0.3931	-0.41866	-0.27695	-0.064367	0.27175	0.66464	0.8049	0.39341	0.016383	-0.38079	-0.54472	-0.55813	-0.52976	-0.47243	-0.36734	-0.28766	-0.18874	-0.16478	-0.10325	-0.037769	0.033669	0.054782	0.36524
976.29	0.013775	-0.04503	-0.17212	-0.23326	-0.29642	-0.20229	-0.38598	-0.4211	-0.41778	-0.43563	-0.37294	-0.26785	0.084544	0.54921	0.78043	0.49192	0.1294	-0.29377	-0.45365	-0.49171	-0.48211	-0.45107	-0.37699	-0.27621	-0.18455	-0.17493	-0.10109	-0.042115	0.022669	0.049513	0.74685
974.59	0.0058333	-0.028015	-0.14727	-0.2468	-0.30387	-0.22791	-0.3985	-0.44541	-0.45342	-0.42813	-0.39974	-0.21942	0.069033	0.53466	0.76486	0.63198	0.21217	-0.19826	-0.39273	-0.44425	-0.44166	-0.41373	-0.3483	-0.24131	-0.1768	-0.14986	-0.080768	-0.044346	0.0235	0.047313	1.2195
973.42	-0.0037325	-0.041443	-0.15689	-0.24091	-0.33809	-0.24758	-0.43157	-0.47822	-0.49577	-0.57758	-0.52234	-0.26864	0.029945	0.52752	0.82509	0.55897	0.31946	-0.11418	-0.27338	-0.38248	-0.39226	-0.36874	-0.32088	-0.23531	-0.15129	-0.15774	-0.084664	-0.051598	0.031433	0.046607	1.6708
973.53	0.005041	-0.037718	-0.1553	-0.24011	-0.30941	-0.23828	-0.43746	-0.50099	-0.52003	-0.56097	-0.53972	-0.36651	-0.11892	0.34885	0.78265	0.64088	0.41936	-0.018886	-0.2063	-0.32178	-0.354	-0.34839	-0.29224	-0.23922	-0.14319	-0.14233	-0.079335	-0.019202	0.040915	0.04126	2.1402
973.21	-0.013307	-0.068243	-0.17817	-0.28195	-0.32687	-0.26871	-0.48206	-0.52162	-0.55973	-0.67702	-0.6795	-0.44826	-0.11113	0.32565	0.58798	0.73948	0.50924	0.073043	-0.10914	-0.27022	-0.29403	-0.30463	-0.2699	-0.20859	-0.11458	-0.12081	-0.065679	-0.02281	0.025905	0.029822	2.5745
972.68	0.0058447	-0.053387	-0.17591	-0.25889	-0.34095	-0.25114	-0.49938	-0.54317	-0.59807	-0.68567	-0.65368	-0.58735	-0.36995	0.21703	0.70703	0.7481	0.6001	0.17266	-0.027751	-0.19407	-0.24423	-0.25927	-0.25148	-0.18901	-0.1139	-0.10701	-0.055828	-0.018498	0.030665	0.055045	3.045
972.25	0.013034	-0.066821	-0.16102	-0.26907	-0.39325	-0.25885	-0.52556	-0.59305	-0.63105	-0.90968	-0.73258	-0.71833	-0.34658	0.13936	0.58856	0.73201	0.6437	0.24788	0.055981	-0.15065	-0.21075	-0.23092	-0.21443	-0.15994	-0.10292	-0.10012	-0.043677	-0.019949	0.034635	0.043607	3.5079
971.93	0.00025551	-0.064607	-0.20363	-0.27845	-0.34556	-0.29271	-0.52945	-0.62713	-0.68149	-0.68619	-0.79397	-0.72673	-0.51933	-0.10951	0.58875	0.88825	0.71485	0.3341	0.13751	-0.075162	-0.1616	-0.20008	-0.18274	-0.16078	-0.091914	-0.088584	-0.04978	-0.021397	0.023564	0.03674	3.9964
971.61	0.00025559	-0.06239	-0.18556	-0.28784	-0.41438	-0.26578	-0.53778	-0.65809	-0.7137	-1.018	-1.004	-0.88231	-0.68437	-0.24183	0.52953	0.74892	0.77422	0.41024	0.20399	-0.026727	-0.11476	-0.17329	-0.16731	-0.13718	-0.075012	-0.063158	-0.024669	-0.0048163	0.020402	0.065047	4.4831
972.25	-0.0021391	-0.07427	-0.20593	-0.30313	-0.39759	-0.30697	-0.58046	-0.68839	-0.75127	-0.9428	-1.0208	-1.0043	-0.86434	-0.28833	0.44435	0.8387	0.80602	0.47329	0.2959	0.027465	-0.074073	-0.1317	-0.13081	-0.10479	-0.04848	-0.053097	-0.018567	-0.0048131	0.033846	0.039786	4.9879
971.93	0.0010555	-0.064607	-0.20048	-0.31408	-0.41598	-0.2944	-0.56581	-0.71621	-0.80404	-0.98455	-1.1434	-0.99644	-0.98235	-0.51401	0.26629	0.79795	0.84885	0.54355	0.35637	0.089877	-0.027218	-0.094323	-0.11382	-0.09536	-0.060271	-0.040004	-0.013244	-0.0040941	0.029899	0.03674	5.4471
971.93	-0.008532	-0.057901	-0.21703	-0.3195	-0.44293	-0.34423	-0.61256	-0.73433	-0.86493	-1.026	-1.1784	-1.307	-1.0765	-0.61514	0.19841	0.81436	0.85358	0.61533	0.42806	0.14161	0.016532	-0.06666	-0.087483	-0.07329	-0.050703	-0.029208	0.008069	0.01465	0.029106	0.04362	5.947
971.93	-0.0093304	-0.07653	-0.22413	-0.34118	-0.44554	-0.3569	-0.62888	-0.81001	-0.89614	-1.1172	-1.3968	-1.3561	-1.3747	-0.94961	0.011712	0.66657	0.852	0.6584	0.47787	0.19087	0.06888	-0.029239	-0.061926	-0.048066	-0.035985	-0.026896	0.0042638	0.008884	0.033064	0.030625	6.4149
972.78	-0.012515	-0.070506	-0.22708	-0.33624	-0.43907	-0.34562	-0.65502	-0.77386	-0.90905	-1.1824	-1.4567	-1.4365	-1.4598	-1.1664	-0.10699	0.61674	0.85205	0.70424	0.55738	0.25797	0.10551	0.0098026	-0.027052	-0.046449	-0.015366	-0.013775	0.014906	0.031926	0.031454	0.042818	6.8917
974.16	-0.0053229	-0.074125	-0.22754	-0.35045	-0.46967	-0.34934	-0.66668	-0.83568	-0.95181	-1.313	-1.4372	-1.7036	-1.763	-1.4441	-0.24231	0.59129	0.84376	0.74284	0.59951	0.30676	0.14433	0.044692	-0.0030596	-0.0047024	-0.00065993	-0.0037541	0.0080505	0.044827	0.038518	0.041994	7.3668
974.06	-0.028442	-0.086772	-0.23229	-0.36053	-0.481	-0.36286	-0.68823	-0.84049	-0.98305	-1.3132	-1.6553	-1.8342	-1.7946	-1.5529	-0.49634	0.50946	0.83599	0.78843	0.66057	0.35185	0.19346	0.082849	0.025533	0.018893	0.019166	0.018558	0.029319	0.035481	0.041684	0.041998	7.8494
973.74	-0.0021359	-0.07713	-0.21112	-0.37456	-0.45512	-0.379	-0.71734	-0.86515	-1.035	-1.4211	-1.6907	-1.8838	-2.0301	-1.8485	-0.68284	0.41125	0.80164	0.81482	0.69996	0.39458	0.2333	0.1113	0.044867	0.03542	0.027252	0.021643	0.032366	0.034054	0.055921	0.040487	8.3362
973.53	-0.022874	-0.077147	-0.22612	-0.36846	-0.48473	-0.3833	-0.73083	-0.88974	-1.0869	-1.529	-1.7172	-2.1045	-2.2343	-2.144	-0.92022	0.42774	0.75539	0.82005	0.73553	0.42336	0.26455	0.14056	0.059567	0.048019	0.026524	0.031656	0.039212	0.043417	0.036963	0.045075	8.773
972.89	-0.014908	-0.071243	-0.21839	-0.38882	-0.49808	-0.38861	-0.76689	-0.93599	-1.1318	-1.6542	-1.8929	-2.3427	-2.5728	-2.5029	-1.1073	0.19836	0.68501	0.82987	0.75863	0.4745	0.29126	0.1691	0.089008	0.0638	0.059623	0.029367	0.028593	0.033362	0.04727	0.046633	9.2429
972.57	-0.010922	-0.080203	-0.22162	-0.37811	-0.49042	-0.39971	-0.78643	-0.96387	-1.1838	-1.8535	-2.1206	-2.4741	-2.8168	-2.7291	-1.5317	0.11637	0.63246	0.8428	0.79583	0.50993	0.33039	0.19192	0.11148	0.075637	0.059643	0.038623	0.047619	0.042018	0.038581	0.052759	9.6643
972.36	-0.011722	-0.077986	-0.23663	-0.37277	-0.50704	-0.40993	-0.79327	-1.0066	-1.2237	-1.7545	-2.1472	-2.6299	-2.9429	-3.0252	-1.7186	-0.055967	0.54751	0.84552	0.81335	0.55601	0.37654	0.231	0.13241	0.10481	0.073634	0.059442	0.051433	0.038425	0.03305	0.052771	10.123
970.76	-0.01574	-0.070653	-0.23544	-0.36951	-0.50526	-0.42666	-0.81909	-1.0375	-1.2585	-1.9233	-2.2644	-2.8306	-3.317	-3.4585	-1.9593	-0.31912	0.46949	0.85114	0.82678	0.57994	0.39515	0.25662	0.14813	0.10024	0.087753	0.080383	0.069807	0.056533	0.038653	0.052857	10.532
968.75	-0.0069564	-0.068557	-0.22486	-0.3695	-0.53597	-0.43518	-0.81633	-1.0483	-1.3099	-2.0105	-2.3042	-2.9431	-3.5208	-3.6998	-2.1763	-0.52574	0.37082	0.84867	0.86182	0.62892	0.42811	0.28818	0.18807	0.1392	0.11082	0.082099	0.068426	0.069672	0.056209	0.037628	10.932
967.36	-0.0037559	-0.073148	-0.21568	-0.38948	-0.51403	-0.41035	-0.81675	-1.0728	-1.3332	-1.9801	-2.5884	-3.1608	-3.7939	-4.1897	-2.4693	-0.82347	0.27394	0.84564	0.86229	0.66777	0.47425	0.31556	0.20624	0.15841	0.1169	0.094612	0.073113	0.052385	0.046744	0.04613	11.294
965.77	-0.0077829	-0.068017	-0.22794	-0.37376	-0.53587	-0.41697	-0.85768	-1.0881	-1.3837	-2.0667	-2.7597	-3.1413	-3.9186	-4.4001	-2.7808	-1.0727	0.15778	0.84874	0.88042	0.6854	0.49784	0.33983	0.23931	0.16739	0.11783	0.097872	0.090086	0.077867	0.057975	0.040053	11.648
963.54	-0.029559	-0.057653	-0.23642	-0.38165	-0.52922	-0.4452	-0.84545	-1.1168	-1.446	-2.1301	-2.7749	-3.2311	-4.1493	-4.8262	-3.1296	-1.1994	0.027751	0.80555	0.85582	0.69941	0.53052	0.36852	0.22971	0.16778	0.13146	0.099654	0.076473	0.058411	0.031756	0.041688	11.986
961.09	-0.031249	-0.070609	-0.22346	-0.38654	-0.52441	-0.43523	-0.86786	-1.1515	-1.4636	-2.2612	-2.9941	-3.4542	-4.4773	-5.0194	-3.3864	-1.3686	-0.092545	0.7965	0.858	0.7344	0.5532	0.38262	0.26319	0.18894	0.13924	0.11161	0.092063	0.068038	0.043846	0.024787	12.295
959.71	-0.01835	-0.070711	-0.21421	-0.40514	-0.53662	-0.45125	-0.90668	-1.1612	-1.5081	-2.3736	-3.0249	-3.7157	-4.7142	-5.4047	-3.6749	-1.487	-0.18688	0.76173	0.87146	0.75043	0.5714	0.39635	0.26984	0.20677	0.14168	0.11255	0.091426	0.071787	0.041504	0.037208	12.584
957.16	-0.028133	-0.058792	-0.22518	-0.38577	-0.54511	-0.44302	-0.89403	-1.1851	-1.5422	-2.2873	-3.2281	-3.709	-5.0296	-5.8299	-3.9777	-1.9495	-0.33865	0.73631	0.8485	0.7666	0.59911	0.39988	0.28	0.21052	0.15625	0.11833	0.09167	0.070515	0.040809	0.03498	12.879
955.14	-0.014373	-0.063466	-0.22566	-0.38422	-0.54007	-0.43451	-0.91707	-1.1876	-1.5664	-2.4018	-3.3594	-3.8167	-5.2	-6.0717	-4.2969	-2.0789	-0.44123	0.69576	0.8549	0.77741	0.60832	0.4297	0.29162	0.21819	0.1461	0.10053	0.09651	0.067729	0.040092	0.035054	13.132
952.27	-0.010338	-0.053011	-0.19899	-0.37431	-0.53992	-0.45047	-0.94028	-1.2282	-1.5944	-2.4598	-3.2893	-3.9616	-5.3758	-6.3997	-4.4485	-2.169	-0.5391	0.67889	0.85362	0.78898	0.62611	0.46255	0.29804	0.21965	0.16307	0.12445	0.093694	0.061311	0.037788	0.035158	13.361
949.93	-0.0013725	-0.051615	-0.19867	-0.3681	-0.54659	-0.42911	-0.91374	-1.228	-1.6038	-2.4489	-3.3779	-4.0885	-5.5577	-6.5587	-4.8501	-2.5524	-0.65737	0.64514	0.84492	0.8052	0.63324	0.46119	0.31224	0.23148	0.15744	0.12002	0.10794	0.054086	0.034641	0.040721	13.543
947.69	-0.0038339	-0.041804	-0.19025	-0.365	-0.53807	-0.45784	-0.90448	-1.2398	-1.6521	-2.6076	-3.4844	-4.14	-5.8686	-6.7976	-4.9834	-2.6174	-0.78018	0.61201	0.82678	0.83236	0.64836	0.47063	0.31854	0.22637	0.16234	0.11872	0.094146	0.061607	0.033097	0.040032	13.756
946.2	0.0010842	-0.047226	-0.17516	-0.3441	-0.51748	-0.43774	-0.90819	-1.2361	-1.6602	-2.5777	-3.5078	-4.2053	-5.9262	-7.1278	-5.2092	-3.0094	-0.87776	0.58869	0.82111	0.8362	0.67025	0.48892	0.3437	0.23725	0.1815	0.12524	0.092731	0.075775	0.048604	0.043235	13.884
943.97	0.010957	-0.032761	-0.1423	-0.33933	-0.49902	-0.42312	-0.91111	-1.269	-1.6421	-2.5667	-3.4891	-4.3415	-6.2149	-7.2568	-5.5098	-2.9489	-0.95207	0.56312	0.82694	0.84833	0.66942	0.49929	0.33415	0.237	0.16828	0.11601	0.10706	0.067788	0.059317	0.05357	13.987
941.63	0.01016	-0.022074	-0.15893	-0.3042	-0.48949	-0.43987	-0.88886	-1.2282	-1.6564	-2.6244	-3.6331	-4.3523	-6.2223	-7.5479	-5.6199	-3.2868	-1.0374	0.55319	0.81808	0.85298	0.6856	0.50977	0.34697	0.24084	0.16187	0.12585	0.10025	0.084327	0.035762	0.045025	14.04
939.18	0.01184	-0.022903	-0.15282	-0.3066	-0.47817	-0.41392	-0.87812	-1.229	-1.7064	-2.6656	-3.6968	-4.4144	-6.474	-7.6963	-5.696	-3.3038	-1.0899	0.5424	0.81553	0.862	0.69223	0.50015	0.34066	0.24066	0.1562	0.12618	0.085546	0.073356	0.048146	0.041187	14.037
938.12	-0.0080123	-0.010575	-0.17014	-0.32941	-0.47961	-0.40826	-0.90833	-1.2508	-1.6776	-2.6257	-3.701	-4.2839	-6.522	-7.7131	-5.7904	-3.3842	-1.1099	0.53164	0.79691	0.85107	0.68169	0.49397	0.34265	0.22051	0.16171	0.11034	0.078545	0.059248	0.037538	0.037273	13.987
937.48	-0.0013907	-0.027579	-0.14247	-0.34569	-0.48625	-0.43131	-0.91203	-1.2574	-1.6914	-2.6275	-3.6673	-4.5834	-6.4613	-7.6942	-5.8119	-3.2673	-1.1384	0.51011	0.80058	0.85165	0.68377	0.49094	0.33325	0.23374	0.14962	0.089634	0.070708	0.04434	0.037564	0.034127	13.974
937.37	-0.011332	-0.047671	-0.16537	-0.32325	-0.4836	-0.44362	-0.91752	-1.2207	-1.7121	-2.5762	-3.7583	-4.4907	-6.519	-7.8322	-5.6718	-3.3187	-1.1312	0.5163	0.79128	0.84067	0.66198	0.47159	0.31321	0.21905	0.14048	0.097639	0.079398	0.032384	0.022792	0.022242	13.917
937.16	-0.015476	-0.047682	-0.1695	-0.3169	-0.481	-0.42708	-0.92312	-1.2701	-1.7022	-2.5682	-3.6232	-4.5934	-6.3903	-7.7936	-5.7083	-3.2939	-1.1642	0.5208	0.78207	0.8332	0.66051	0.47845	0.32292	0.22074	0.13288	0.093662	0.063627	0.028653	0.019511	0.0095629	13.855
937.16	-0.02459	-0.031453	-0.15642	-0.33778	-0.49904	-0.43058	-0.93081	-1.2545	-1.7109	-2.551	-3.741	-4.4069	-6.4229	-7.8098	-5.7171	-3.2003	-1.1233	0.53218	0.79381	0.8349	0.66618	0.48098	0.32935	0.21256	0.12753	0.096063	0.062049	0.037625	0.011299	0.019076	13.775
936.95	-0.017138	-0.046148	-0.16954	-0.31375	-0.47841	-0.41491	-0.93333	-1.2417	-1.686	-2.6547	-3.8778	-4.4842	-6.579	-7.7147	-5.7448	-3.3202	-1.1105	0.52354	0.79321	0.82487	0.66147	0.48109	0.31576	0.20362	0.11993	0.073686	0.039955	0.012953	0.000626	0.008771	13.626
937.9	-0.014635	-0.061545	-0.15874	-0.31504	-0.47522	-0.42849	-0.8847	-1.2601	-1.7111	-2.7036	-3.6566	-4.4627	-6.4503	-7.7713	-5.5894	-3.1722	-1.084	0.53351	0.79866	0.82658	0.66322	0.45868	0.3042	0.20096	0.12286	0.068019	0.048589	0.019664	0.01129	0.015891	13.509
939.71	-0.012955	-0.042159	-0.16414	-0.30322	-0.45542	-0.41281	-0.87763	-1.2666	-1.6693	-2.5869	-3.6224	-4.4034	-6.2837	-7.7241	-5.7542	-3.1831	-1.073	0.5386	0.79165	0.82075	0.65144	0.45863	0.2868	0.19813	0.10435	0.065494	0.043773	0.014408	0.01045	0.020606	13.37
942.16	-0.006329	-0.045123	-0.1377	-0.28246	-0.46948	-0.37689	-0.86003	-1.2202	-1.6547	-2.6486	-3.4778	-4.4426	-6.3968	-7.5516	-5.6605	-3.1409	-1.0344	0.53458	0.79271	0.81946	0.65297	0.45241	0.28126	0.17891	0.10712	0.043847	0.021673	0.013626	0.0014389	0.0071461	13.148
943.54	-0.017841	-0.048128	-0.15292	-0.28843	-0.47059	-0.39895	-0.85113	-1.203	-1.6154	-2.5508	-3.6617	-4.4529	-6.2016	-7.5326	-5.4861	-3.1194	-1.0231	0.55207	0.79155	0.80726	0.63511	0.43415	0.28164	0.17215	0.090285	0.04696	0.026346	-0.0042187	0.003067	4.7906e-005	12.968
944.82	-0.0054882	-0.034265	-0.15596	-0.27051	-0.42792	-0.38191	-0.83395	-1.1835	-1.6117	-2.3939	-3.477	-4.4216	-6.1124	-7.3703	-5.3739	-2.9547	-0.95527	0.56088	0.80989	0.80618	0.61336	0.42101	0.25577	0.14921	0.06821	0.028652	0.011432	-0.0086618	-0.014039	-0.0078162	12.771
946.1	-0.01615	-0.051824	-0.15251	-0.2964	-0.44252	-0.40916	-0.84883	-1.1965	-1.6259	-2.4588	-3.58	-4.231	-5.9591	-7.1846	-5.2097	-2.8495	-0.873	0.58355	0.79794	0.78569	0.61976	0.40122	0.24588	0.13282	0.059043	0.027821	0.0043802	-0.020499	-0.00019453	0.002404	12.503
947.91	-0.012025	-0.062423	-0.15868	-0.27757	-0.45237	-0.39279	-0.832	-1.187	-1.5869	-2.4796	-3.5821	-4.2313	-5.8431	-7.0433	-5.0432	-2.802	-0.81314	0.59889	0.81112	0.78503	0.60896	0.39294	0.23667	0.12933	0.061195	0.012745	-0.0073346	-0.0093738	-0.018054	-0.0070074	12.215
949.93	-0.00055552	-0.046279	-0.13335	-0.26985	-0.43362	-0.36258	-0.8158	-1.1368	-1.5547	-2.381	-3.4494	-4.1136	-5.7665	-6.8611	-4.8936	-2.5524	-0.72189	0.6244	0.8148	0.78168	0.60047	0.38628	0.22032	0.1226	0.0573	0.018242	-0.010436	-0.022631	0.00061745	0.0016125	11.96
951.31	-0.036468	-0.028702	-0.13557	-0.25046	-0.37792	-0.33875	-0.79945	-1.1078	-1.5144	-2.386	-3.3819	-3.9823	-5.4534	-6.5889	-4.7044	-2.4145	-0.6387	0.6511	0.83366	0.75789	0.57086	0.38323	0.21446	0.10551	0.020375	-0.009359	-0.020529	-0.019651	-0.0066643	-0.0077629	11.662
951.74	-0.015239	-0.030973	-0.12504	-0.25905	-0.41504	-0.35412	-0.75438	-1.0735	-1.5005	-2.3088	-3.309	-3.8554	-5.2987	-6.4192	-4.451	-2.2541	-0.55631	0.6672	0.82558	0.74414	0.55465	0.34982	0.20171	0.098222	0.020367	-0.0022685	-0.033736	-0.035105	-0.025259	-0.014004	11.345
952.48	-0.016042	-0.044634	-0.13218	-0.26754	-0.40762	-0.33747	-0.77273	-1.0831	-1.4636	-2.2563	-3.2886	-3.8357	-5.1264	-6.2078	-4.3609	-2.1099	-0.47303	0.69512	0.83495	0.7268	0.53588	0.3263	0.16915	0.074016	-0.006682	-0.026658	-0.036038	-0.055674	-0.02443	-0.013993	11.008
953.44	-0.015212	-0.053704	-0.14571	-0.26412	-0.38328	-0.32422	-0.77649	-1.0644	-1.4652	-2.2455	-2.9825	-3.7818	-4.9533	-5.8764	-4.0797	-1.8566	-0.36247	0.71078	0.85873	0.7177	0.52658	0.32598	0.16977	0.076353	-0.0051757	-0.036064	-0.042209	-0.054148	-0.017142	-0.011641	10.618
954.07	-0.020085	-0.029378	-0.12313	-0.27893	-0.40871	-0.361	-0.75102	-1.0629	-1.4022	-2.2609	-3.1051	-3.6461	-4.9819	-5.6031	-3.8695	-1.7801	-0.26908	0.74558	0.8497	0.70049	0.50474	0.29675	0.16492	0.051408	0.0075724	-0.025043	-0.040631	-0.040158	-0.025197	-0.0046256	10.285
954.08	-0.01032	-0.023304	-0.13277	-0.24816	-0.40074	-0.3524	-0.73515	-1.0267	-1.3704	-2.1343	-2.9983	-3.6044	-4.7101	-5.4921	-3.5842	-1.571	-0.16148	0.77913	0.86969	0.70049	0.50872	0.28598	0.1381	0.051408	-0.020917	-0.049394	-0.065446	-0.060724	-0.026809	-0.0022891	9.9648
953.22	0.0010762	-0.011169	-0.10234	-0.22706	-0.35589	-0.29846	-0.70327	-0.98021	-1.3429	-2.2291	-2.7604	-3.591	-4.5543	-5.1322	-3.5788	-1.405	-0.069199	0.79963	0.87585	0.69526	0.48209	0.28292	0.13349	0.032166	-0.023935	-0.048651	-0.043772	-0.051221	-0.009073	0.01174	9.5782
953.97	0.014097	-0.037732	-0.10949	-0.22136	-0.37333	-0.31113	-0.72011	-0.98909	-1.324	-2.0332	-2.7583	-3.43	-4.2709	-4.9538	-3.0659	-1.2868	0.029635	0.81794	0.87055	0.66041	0.45305	0.25203	0.12234	0.028126	-0.029166	-0.049398	-0.059248	-0.042368	-0.026006	-0.012415	9.2112
955.03	0.025465	-0.017213	-0.10135	-0.20062	-0.38795	-0.28672	-0.67475	-0.98638	-1.2776	-2.1406	-2.773	-3.2765	-4.322	-4.7662	-3.0106	-1.0764	0.12266	0.82906	0.86498	0.66302	0.43744	0.24595	0.10171	0.0088407	-0.038869	-0.044636	-0.052211	-0.039385	-0.011473	0.015606	8.7972
957.05	0.019733	0.0040117	-0.10353	-0.2293	-0.35446	-0.29727	-0.6786	-0.94267	-1.2371	-1.9172	-2.5719	-3.0703	-3.9224	-4.4323	-2.6854	-0.9741	0.19764	0.82388	0.86009	0.6266	0.40954	0.20825	0.084188	-0.01039	-0.050745	-0.078214	-0.084567	-0.064927	-0.012253	0.0039283	8.4012
958.22	0.0075527	-0.014134	-0.10581	-0.21802	-0.33728	-0.30633	-0.65294	-0.91674	-1.2101	-1.8981	-2.4359	-3.1412	-3.7744	-4.2296	-2.5531	-0.75636	0.26616	0.84943	0.84526	0.60835	0.39636	0.18572	0.058165	-0.026366	-0.071583	-0.076554	-0.085235	-0.069966	-0.012238	0.0023735	8.0112
958.75	0.028604	-0.011104	-0.10815	-0.2179	-0.38027	-0.30872	-0.65709	-0.89705	-1.1793	-1.8802	-2.4079	-2.9075	-3.5813	-3.8724	-2.3538	-0.57283	0.33873	0.85152	0.83637	0.57555	0.34783	0.17572	0.036146	-0.02795	-0.070051	-0.092146	-0.085959	-0.073581	-0.027482	0.010897	7.5711
959.18	-0.0013592	-0.022425	-0.1073	-0.23271	-0.35544	-0.30003	-0.63574	-0.87828	-1.1811	-1.8878	-2.2033	-3.0553	-3.4366	-3.7367	-2.0948	-0.46441	0.41366	0.85115	0.82377	0.547	0.33263	0.13607	0.014158	-0.063082	-0.086426	-0.11164	-0.11137	-0.085238	-0.025865	0.00082132	7.1202
960.45	0.0026841	-0.018626	-0.10795	-0.22849	-0.31978	-0.28169	-0.60411	-0.87313	-1.1187	-1.835	-2.2534	-2.6873	-3.1382	-3.3539	-1.8945	-0.23947	0.50643	0.84403	0.81732	0.51387	0.29503	0.11284	-0.0085893	-0.081345	-0.11833	-0.12476	-0.10738	-0.094609	-0.037848	-0.0038202	6.6965
963.01	0.017191	-0.0035341	-0.13233	-0.21068	-0.33385	-0.26474	-0.60401	-0.83661	-1.0827	-1.6712	-2.2033	-2.6224	-3.0111	-3.1723	-1.6839	-0.16424	0.54248	0.85117	0.79155	0.47688	0.26113	0.070664	-0.025762	-0.099426	-0.12248	-0.12365	-0.10863	-0.097269	-0.011378	-0.003039	6.2938
965.45	0.010713	-0.0057759	-0.093906	-0.22107	-0.31812	-0.26152	-0.56811	-0.79719	-1.037	-1.6503	-2.0658	-2.4759	-2.7507	-2.992	-1.449	0.051093	0.60935	0.84307	0.77587	0.46162	0.24238	0.053286	-0.035052	-0.11981	-0.14439	-0.14274	-0.12828	-0.089039	-0.035262	-0.0045711	5.8167
967.15	0.022738	-0.011008	-0.10325	-0.19344	-0.31232	-0.26021	-0.54922	-0.78074	-0.99848	-1.714	-1.8251	-2.4223	-2.667	-2.5959	-1.2674	0.07576	0.66848	0.83649	0.76768	0.4311	0.21133	0.048286	-0.06301	-0.10692	-0.13526	-0.14637	-0.12346	-0.085261	-0.016899	0.013107	5.3683
967.58	0.01711	0.0062139	-0.081032	-0.18946	-0.28336	-0.2584	-0.56761	-0.72497	-0.97511	-1.4802	-1.7015	-2.1585	-2.4057	-2.3838	-1.1305	0.21594	0.71569	0.82764	0.73474	0.38885	0.17828	0.016394	-0.087099	-0.13775	-0.16034	-0.16489	-0.14329	-0.10115	-0.020073	-0.0030246	4.9167
967.89	0.025127	-0.010999	-0.086544	-0.19096	-0.27803	-0.23033	-0.52867	-0.70178	-0.90523	-1.4963	-1.6307	-2.0183	-2.334	-2.0159	-0.95964	0.32306	0.76216	0.80277	0.70798	0.34255	0.14056	-0.022825	-0.10885	-0.1567	-0.16546	-0.1749	-0.14171	-0.11415	-0.024837	4.6701e-005	4.4331
967.58	0.037974	-0.010253	-0.088948	-0.2058	-0.28686	-0.24059	-0.50276	-0.6838	-0.88259	-1.3803	-1.6313	-2.0025	-2.114	-1.9618	-0.70425	0.37264	0.79566	0.78268	0.65817	0.30967	0.10608	-0.042445	-0.13533	-0.16547	-0.18473	-0.17496	-0.16164	-0.10984	-0.028026	0.0069584	3.9903
968.96	0.032311	-0.0020183	-0.10147	-0.16744	-0.27162	-0.21229	-0.4812	-0.65594	-0.82407	-1.2536	-1.4624	-1.6717	-1.9693	-1.5533	-0.43087	0.51214	0.83564	0.76462	0.61106	0.2697	0.071441	-0.085635	-0.16	-0.20002	-0.19628	-0.18399	-0.15759	-0.1039	-0.02481	0.0015809	3.5458
969.7	0.020275	0.00022411	-0.087173	-0.18594	-0.27926	-0.20536	-0.47339	-0.63885	-0.79368	-1.1779	-1.2774	-1.6295	-1.7082	-1.3416	-0.26893	0.55287	0.8508	0.71409	0.56747	0.22752	0.016572	-0.10188	-0.18394	-0.21567	-0.21825	-0.21245	-0.1857	-0.11683	-0.029553	0.012307	3.0587
970.45	0.02026	-0.0027597	-0.080002	-0.15632	-0.24509	-0.18743	-0.43141	-0.60836	-0.73133	-1.094	-1.2939	-1.3909	-1.4476	-1.1225	-0.25173	0.68403	0.84226	0.67971	0.50053	0.16402	-0.017087	-0.15313	-0.20474	-0.23682	-0.22325	-0.20456	-0.17488	-0.12107	-0.020808	-0.0030172	2.5486
970.34	0.029864	0.0084356	-0.085537	-0.14471	-0.21812	-0.19253	-0.42849	-0.57527	-0.7093	-1.0277	-1.1716	-1.3665	-1.3219	-0.96676	0.062734	0.80746	0.84393	0.62818	0.45296	0.10976	-0.058568	-0.18004	-0.23579	-0.26211	-0.24538	-0.22621	-0.19167	-0.14492	-0.016844	0.016126	2.0946
969.91	0.024273	0.0039585	-0.070568	-0.15951	-0.22867	-0.17823	-0.41306	-0.54866	-0.68367	-0.9949	-1.1283	-1.3261	-1.0709	-0.73334	0.13928	0.79137	0.83324	0.58191	0.38887	0.057974	-0.10322	-0.21517	-0.26151	-0.27486	-0.25877	-0.24331	-0.19252	-0.13631	-0.04224	-0.0083796	1.6404
969.81	0.031481	-0.0050036	-0.088744	-0.13858	-0.21824	-0.17655	-0.4012	-0.5187	-0.62348	-0.82059	-1.0234	-1.1706	-0.90585	-0.53853	0.26688	0.73385	0.81832	0.52019	0.33219	0.013546	-0.14865	-0.23884	-0.28404	-0.29385	-0.26027	-0.25493	-0.19712	-0.14789	-0.040658	0.0038766	1.1132
969.81	0.022675	-0.0072442	-0.077684	-0.14634	-0.2104	-0.16301	-0.37741	-0.48948	-0.61357	-0.85381	-0.83074	-1.0805	-0.91371	-0.44497	0.32642	0.84083	0.80726	0.4601	0.25655	-0.043233	-0.18936	-0.27716	-0.30267	-0.31123	-0.28756	-0.25184	-0.21161	-0.14933	-0.032723	-0.010681	0.66779
969.38	0.027492	0.0084439	-0.072977	-0.13242	-0.20526	-0.13175	-0.33888	-0.45808	-0.57033	-0.69632	-0.71722	-0.98267	-0.64661	-0.29699	0.3776	0.77535	0.7523	0.36716	0.17873	-0.10747	-0.24898	-0.31807	-0.35017	-0.33587	-0.31203	-0.28519	-0.22697	-0.15446	-0.024799	0.023807	0.18428
970.13	0.032272	0.0039576	-0.065814	-0.14086	-0.199	-0.13758	-0.33714	-0.42772	-0.55617	-0.7622	-0.6554	-0.77722	-0.47314	-0.18764	0.47083	0.79942	0.69249	0.29242	0.083322	-0.17648	-0.29106	-0.35287	-0.37396	-0.36246	-0.3258	-0.28188	-0.23518	-0.16662	-0.041439	-0.013739	-0.25831
971.4	0.017843	-0.00052004	-0.071248	-0.12363	-0.19004	-0.1281	-0.31739	-0.39561	-0.47395	-0.78608	-0.70699	-0.63718	-0.3783	0.12391	0.60605	0.8148	0.66004	0.22105	0.014499	-0.22801	-0.33367	-0.37846	-0.38276	-0.36356	-0.32316	-0.29309	-0.23792	-0.17289	-0.049305	0.013814	-0.75277
972.78	0.035378	0.004691	-0.042007	-0.11416	-0.1724	-0.10429	-0.27987	-0.36276	-0.4497	-0.66077	-0.41794	-0.59545	-0.33855	0.17814	0.67302	0.83004	0.57641	0.12033	-0.085808	-0.29413	-0.38706	-0.42831	-0.42091	-0.39848	-0.33153	-0.2919	-0.24899	-0.1568	-0.022339	0.0015747	-1.1941
973.1	0.040152	0.0076663	-0.038844	-0.1002	-0.16627	-0.094136	-0.28052	-0.36107	-0.40318	-0.495	-0.43525	-0.37485	-0.22871	0.35678	0.52872	0.67395	0.48961	0.019065	-0.1702	-0.35882	-0.44155	-0.45661	-0.43856	-0.41882	-0.33215	-0.30181	-0.2299	-0.1301	-0.034983	0.0061543	-1.6447
972.78	0.025797	0.012136	-0.04752	-0.092497	-0.14634	-0.084042	-0.24947	-0.33835	-0.36605	-0.51171	-0.32191	-0.37497	-0.024935	0.38021	0.78325	0.66598	0.40236	-0.074591	-0.25773	-0.42047	-0.47292	-0.50472	-0.46579	-0.4292	-0.35285	-0.32503	-0.25051	-0.16256	-0.022339	-0.0030084	-2.097
973.21	0.039349	0.0084107	-0.056158	-0.093231	-0.13065	-0.079787	-0.23232	-0.31143	-0.33928	-0.47011	-0.35668	-0.27685	0.069131	0.62863	0.74901	0.5673	0.27623	-0.18842	-0.3669	-0.48834	-0.53592	-0.53456	-0.49653	-0.44397	-0.38136	-0.34106	-0.26484	-0.15385	-0.043679	0.001574	-2.5265
974.06	0.038518	0.00096767	-0.031727	-0.080013	-0.11666	-0.065393	-0.21064	-0.28992	-0.28506	-0.2795	-0.21689	-0.13799	0.21001	0.72897	0.79915	0.5586	0.15644	-0.29612	-0.48331	-0.57558	-0.5947	-0.56413	-0.51309	-0.45223	-0.38984	-0.33999	-0.29499	-0.15731	-0.026259	0.0069121	-2.9241
974.8	0.037694	0.010625	-0.038776	-0.077635	-0.11657	-0.057762	-0.1979	-0.23941	-0.25904	-0.32887	-0.27768	-0.023798	0.19421	0.55005	0.77315	0.36988	0.031359	-0.41799	-0.58001	-0.63654	-0.63787	-0.61724	-0.54282	-0.48332	-0.38514	-0.32051	-0.23937	-0.16941	-0.02703	0.0061435	-3.3539
974.59	0.036107	0.018801	-0.041143	-0.06375	-0.10099	-0.053566	-0.16094	-0.23631	-0.21355	-0.34547	-0.14705	-0.072696	0.28034	0.73635	0.74795	0.23895	-0.092836	-0.53179	-0.68023	-0.69482	-0.68164	-0.63847	-0.56765	-0.49679	-0.40284	-0.30674	-0.25612	-0.1601	-0.027035	0.0061449	-3.7334
973.74	0.029761	0.018076	-0.025443	-0.069989	-0.09587	-0.044339	-0.14997	-0.20269	-0.19854	-0.33751	0.018498	0.065925	0.4059	0.80687	0.70626	0.21457	-0.23926	-0.63341	-0.77725	-0.75853	-0.72747	-0.66663	-0.59597	-0.5106	-0.39731	-0.37243	-0.26394	-0.17823	-0.046816	0.0076755	-4.1283
973.31	0.03775	0.018826	-0.02388	-0.042181	-0.077681	-0.057851	-0.14411	-0.1831	-0.15606	-0.11419	0.0097864	0.26998	0.55498	0.78392	0.78282	0.017886	-0.37711	-0.75175	-0.88912	-0.82938	-0.77069	-0.70836	-0.61325	-0.52892	-0.37103	-0.35719	-0.26785	-0.16031	-0.025489	0.010734	-4.4409
972.68	0.034582	0.018838	-0.033348	-0.051494	-0.071651	-0.039323	-0.12863	-0.15565	-0.13487	-0.13083	0.10582	0.18033	0.53182	0.88548	0.64767	-0.047733	-0.54276	-0.88558	-1.0043	-0.89309	-0.81726	-0.72833	-0.63919	-0.51982	-0.38966	-0.33816	-0.26347	-0.1597	-0.023923	0.015323	-4.778
971.93	0.030615	0.0054398	-0.016033	-0.056953	-0.076921	-0.046111	-0.13541	-0.12818	-0.11214	-0.12265	0.08842	0.18864	0.64209	0.75392	0.58027	-0.18737	-0.71816	-1.0189	-1.1213	-0.97342	-0.87492	-0.76957	-0.66059	-0.52968	-0.4113	-0.37235	-0.27204	-0.18794	-0.039776	-0.0053046	-5.1121
971.61	0.03382	0.018859	-0.027077	-0.063945	-0.082165	-0.032608	-0.12432	-0.13138	-0.086282	-0.13098	0.24577	0.26229	0.6423	0.79305	0.57196	-0.18743	-0.85717	-1.1383	-1.2153	-1.0394	-0.91272	-0.79993	-0.63989	-0.54956	-0.42027	-0.3717	-0.26604	-0.16131	-0.0096929	0.017634	-5.3669
970.34	0.033864	0.012167	-0.016059	-0.032225	-0.07879	-0.025037	-0.10516	-0.092864	-0.045988	-0.031544	0.25483	0.36087	0.69031	0.84863	0.50472	-0.31104	-1.0099	-1.2523	-1.3114	-1.091	-0.9554	-0.80913	-0.68107	-0.55345	-0.43261	-0.36601	-0.26105	-0.16586	-0.02636	0.02455	-5.6248
968.96	0.038721	0.012931	-0.017662	-0.044698	-0.064075	-0.02338	-0.11275	-0.10169	-0.043	0.0016608	0.29901	0.36137	0.62832	0.84986	0.39478	-0.59151	-1.1695	-1.3837	-1.42	-1.1395	-0.99281	-0.83803	-0.68126	-0.54	-0.41846	-0.37194	-0.26066	-0.16176	-0.00098369	0.023051	-5.9056
967.89	0.041172	0.018185	-0.0161	-0.040082	-0.086845	-0.032735	-0.099463	-0.085183	-0.013236	-0.1731	0.31688	0.54234	0.72357	0.89765	0.3867	-0.7653	-1.2966	-1.4811	-1.5011	-1.1828	-1.0119	-0.84712	-0.69756	-0.5588	-0.42705	-0.35687	-0.25483	-0.16121	-0.014501	0.020006	-6.0781
968.32	0.059596	0.018923	-0.029543	-0.04706	-0.082444	-0.022546	-0.087501	-0.081191	-0.0040629	-0.039923	0.29921	0.40264	0.70749	0.81918	0.42913	-0.85562	-1.4305	-1.5626	-1.5853	-1.2078	-1.0366	-0.88268	-0.69259	-0.59257	-0.43795	-0.36987	-0.26236	-0.14594	0.0093472	0.029973	-6.2369
969.17	0.048327	0.032359	-0.012915	-0.052455	-0.068423	-0.025916	-0.068077	-0.062938	0.0020455	-0.023259	0.36028	0.49244	0.69902	0.70926	0.31811	-0.80546	-1.5463	-1.6409	-1.6498	-1.2545	-1.0435	-0.89006	-0.71218	-0.56202	-0.41468	-0.37109	-0.24381	-0.13931	-0.0065415	0.062911	-6.4079
969.28	0.026692	-0.013972	-0.041369	-0.094387	-0.11811	-0.047084	-0.11495	-0.088223	0.015785	-0.031578	0.29892	0.50877	0.83269	0.74818	0.23299	-1.0277	-1.6457	-1.7254	-1.6935	-1.2782	-1.0857	-0.89322	-0.70123	-0.54773	-0.39988	-0.33316	-0.23692	-0.12917	-0.0017784	0.022277	-6.4903
968.85	0.037123	0.015924	-0.031107	-0.07345	-0.084142	-0.034395	-0.079266	-0.070074	0.0035725	0.018295	0.29905	0.4024	0.76221	0.66267	0.19052	-1.0528	-1.7429	-1.7744	-1.7555	-1.334	-1.0752	-0.9132	-0.72795	-0.57169	-0.40522	-0.33563	-0.22404	-0.13067	0.021256	0.046827	-6.6003
968.74	0.019494	-0.00052147	-0.070653	-0.080452	-0.095491	-0.04711	-0.088208	-0.062965	0.0089216	0.10976	0.40426	0.58287	0.7938	0.70957	0.20757	-1.2424	-1.8055	-1.8178	-1.7974	-1.3333	-1.0871	-0.91494	-0.72259	-0.58045	-0.42077	-0.35191	-0.25308	-0.12346	0.012519	0.019989	-6.6888
969.28	0.030699	-0.0020177	-0.050853	-0.099046	-0.11026	-0.057247	-0.10527	-0.089805	-0.00024466	0.15126	0.39528	0.59072	0.87204	0.69356	0.36062	-1.0771	-1.8354	-1.8473	-1.8214	-1.3507	-1.0896	-0.91443	-0.71132	-0.55326	-0.39176	-0.30997	-0.21554	-0.12339	0.00060512	0.035307	-6.6598
970.55	0.038657	0.0076865	-0.055523	-0.086504	-0.10315	-0.0411	-0.10068	-0.071531	0.011192	0.034853	0.34226	0.54085	0.82375	0.70825	0.071214	-1.2237	-1.8574	-1.861	-1.8167	-1.3415	-1.0851	-0.90101	-0.70186	-0.5478	-0.40009	-0.33041	-0.22288	-0.11962	0.014874	0.051339	-6.5865
971.83	0.044999	0.023328	-0.027859	-0.074001	-0.07519	-0.010642	-0.090155	-0.050152	0.02564	0.026523	0.47289	0.45022	0.75988	0.72287	0.11356	-1.1071	-1.844	-1.8518	-1.7939	-1.3406	-1.075	-0.9039	-0.69939	-0.53604	-0.38117	-0.32381	-0.21802	-0.11008	0.036235	0.056623	-6.5239
972.57	0.057739	0.041182	-0.021536	-0.077813	-0.089036	-0.030046	-0.081188	-0.063505	0.038551	0.067922	0.38521	0.55605	0.86125	0.83115	0.20676	-1.1226	-1.8189	-1.8385	-1.7956	-1.3133	-1.0531	-0.88126	-0.68724	-0.53327	-0.38529	-0.32587	-0.23155	-0.098474	0.040166	0.075678	-6.4583
974.16	0.036921	-0.009441	-0.045094	-0.080776	-0.1045	-0.025781	-0.10845	-0.07048	0.027097	0.067811	0.37586	0.49808	0.82854	0.80652	0.096351	-1.0799	-1.8285	-1.8338	-1.7761	-1.3234	-1.0514	-0.88225	-0.69076	-0.5379	-0.38025	-0.3238	-0.197	-0.10263	0.024301	0.04886	-6.3453
975.12	0.041661	0.018791	-0.044263	-0.082242	-0.098333	-0.030807	-0.099467	-0.059411	0.014931	0.0099219	0.3755	0.41613	0.74168	0.72043	0.096256	-1.1279	-1.811	-1.8388	-1.7917	-1.3483	-1.0683	-0.88382	-0.6978	-0.53659	-0.37988	-0.32194	-0.22184	-0.092468	0.025854	0.041955	-6.2674
976.93	0.038405	-0.010155	-0.06065	-0.0975	-0.11545	-0.042513	-0.11478	-0.076554	0.010361	0.0099036	0.47042	0.40722	0.59197	0.79649	-0.005223	-1.1993	-1.8132	-1.8236	-1.7906	-1.3262	-1.0578	-0.86923	-0.67956	-0.54266	-0.38503	-0.33362	-0.20553	-0.11238	0.012414	0.050242	-6.1422
978.2	0.020099	-0.0079206	-0.061354	-0.096603	-0.12566	-0.044137	-0.11832	-0.09525	-0.016123	-0.03129	0.27016	0.43917	0.70035	0.73363	0.12968	-1.0509	-1.7779	-1.8103	-1.768	-1.3245	-1.0525	-0.88831	-0.68637	-0.5255	-0.38161	-0.31556	-0.21887	-0.12656	0.010039	0.034226	-5.9682
978.31	0.02486	-0.0057	-0.07466	-0.10198	-0.12997	-0.039937	-0.12347	-0.096807	-0.0055359	-0.047745	0.37428	0.48784	0.70027	0.6949	0.20554	-1.059	-1.7511	-1.7791	-1.7476	-1.2836	-1.0516	-0.88336	-0.68322	-0.52388	-0.38888	-0.31247	-0.20297	-0.10148	0.002958	0.047132	-5.7423
979.16	0.036732	0.019454	-0.069902	-0.094202	-0.10311	-0.023974	-0.10716	-0.093592	-0.0093082	-0.047703	0.41733	0.52797	0.66852	0.73291	0.020061	-1.107	-1.7308	-1.7625	-1.7326	-1.2971	-1.0274	-0.87614	-0.688	-0.54768	-0.3995	-0.33898	-0.23452	-0.10139	0.0029555	0.051645	-5.5531
980.64	0.027966	-0.0071642	-0.065889	-0.10711	-0.14259	-0.063279	-0.1445	-0.11533	-0.0274	-0.055856	0.33874	0.53529	0.72195	0.7318	0.15459	-1.0646	-1.6586	-1.7037	-1.6896	-1.2724	-0.99724	-0.84175	-0.64474	-0.48357	-0.32741	-0.2674	-0.17231	-0.11553	0.016293	0.040202	-5.3059
981.71	0.051664	-0.0012533	-0.065037	-0.10853	-0.14071	-0.074079	-0.14582	-0.13003	-0.044702	-0.039379	0.32971	0.45379	0.59684	0.80032	0.24683	-0.97402	-1.5936	-1.6743	-1.6534	-1.2279	-0.99539	-0.84003	-0.63484	-0.4807	-0.33434	-0.28619	-0.18116	-0.082568	0.026464	0.065135	-5.0724
982.34	0.0065772	-0.0086255	-0.091511	-0.11075	-0.15008	-0.076538	-0.14719	-0.12527	-0.054464	-0.014752	0.25171	0.34027	0.84491	0.63817	0.33063	-0.90027	-1.5162	-1.5988	-1.6023	-1.2052	-0.95377	-0.80568	-0.63137	-0.49443	-0.34869	-0.28372	-0.17653	-0.091788	0.020964	0.042401	-4.7551
981.92	0.035837	-0.0034661	-0.075165	-0.1223	-0.15961	-0.10917	-0.18325	-0.15419	-0.066541	0.050863	0.19993	0.34852	0.78315	0.78476	0.31399	-0.85189	-1.4443	-1.5569	-1.5492	-1.1789	-0.9248	-0.8012	-0.59791	-0.45017	-0.31242	-0.24644	-0.15626	-0.068991	0.036647	0.056041	-4.4836
