13551	5	3	91	25.6	747	1	6	8	2.33	128	4096	10	0	0	0	0	298.24	931.36	1.4146e+006	0.11559	0.10053	40.049	0	0	1	0	0	0	11	0	0
935.58	0.011171	-0.046633	-0.1261	-0.20572	-0.26497	-0.31967	-0.38091	-0.43958	-0.46315	-0.40429	-0.33635	-0.29138	0.068966	0.33715	0.76273	0.65629	0.34438	-0.084434	-0.26835	-0.36907	-0.40519	-0.39583	-0.34831	-0.30507	-0.20614	-0.18903	-0.13251	-0.068783	-0.0072695	0.039263	0.98549
935.58	0.012001	-0.04431	-0.11791	-0.20412	-0.28032	-0.33546	-0.39941	-0.46906	-0.49083	-0.57648	-0.55415	-0.36781	-0.20005	0.33715	0.8068	0.71599	0.43937	0.0033011	-0.17662	-0.31789	-0.36866	-0.34766	-0.3298	-0.27396	-0.18244	-0.18182	-0.11116	-0.05006	0.011647	0.040057	1.37
934.84	0.021148	-0.049769	-0.12784	-0.20347	-0.28868	-0.31554	-0.41593	-0.48746	-0.52367	-0.6545	-0.51828	-0.52954	-0.23285	0.40211	0.7104	0.77634	0.50036	0.070034	-0.11713	-0.27204	-0.32672	-0.3251	-0.31316	-0.25533	-0.16269	-0.16273	-0.11283	-0.053098	0.013304	0.047243	1.7361
932.82	0.012036	-0.059193	-0.14126	-0.22409	-0.29293	-0.37958	-0.44544	-0.51151	-0.56208	-0.61275	-0.60134	-0.54772	-0.11888	0.2571	0.83572	0.81223	0.57126	0.14586	-0.055264	-0.22301	-0.28428	-0.30461	-0.29205	-0.24931	-0.16304	-0.15585	-0.1226	-0.05772	0.0075578	0.036196	2.1462
931.11	0.0037189	-0.064748	-0.14399	-0.24147	-0.30889	-0.35735	-0.43851	-0.53467	-0.59965	-0.70036	-0.72098	-0.67669	-0.27474	0.013976	0.63351	0.80513	0.6299	0.21665	0.0068696	-0.17285	-0.25055	-0.28054	-0.26105	-0.24154	-0.17871	-0.14809	-0.1109	-0.057826	-0.014745	0.021098	2.5274
930.69	0.022076	-0.053881	-0.16381	-0.22298	-0.32083	-0.38221	-0.44956	-0.57113	-0.62139	-0.85647	-0.71219	-0.62578	-0.44697	-0.0022558	0.57177	0.86552	0.67381	0.2829	0.091204	-0.13606	-0.2115	-0.24669	-0.24581	-0.20872	-0.16418	-0.13366	-0.088695	-0.051828	0.026593	0.033084	2.9054
929.94	0.0087338	-0.055484	-0.1417	-0.23449	-0.32927	-0.37545	-0.51197	-0.56417	-0.65371	-0.82252	-0.93191	-0.88255	-0.51294	-0.10795	0.53676	0.81474	0.72955	0.36433	0.18514	-0.070952	-0.17003	-0.21458	-0.22172	-0.18994	-0.15278	-0.14182	-0.077627	-0.041322	0.01751	0.029915	3.3243
928.24	0.0045681	-0.059486	-0.17167	-0.25682	-0.33443	-0.40621	-0.49037	-0.60482	-0.69635	-0.79798	-0.89703	-0.95263	-0.7193	-0.27106	0.56438	0.86782	0.7672	0.42336	0.24159	-0.01262	-0.1278	-0.18601	-0.19618	-0.17874	-0.13457	-0.12028	-0.070598	-0.044417	0.015055	0.047579	3.7294
927.92	0.017957	-0.057944	-0.16843	-0.26259	-0.35002	-0.40369	-0.50764	-0.662	-0.73965	-0.86771	-0.98885	-0.97864	-0.84285	-0.35262	0.45792	0.88533	0.82113	0.48897	0.3057	0.035537	-0.083651	-0.16391	-0.18732	-0.16146	-0.13461	-0.11144	-0.075406	-0.048964	0.020867	0.026777	4.1404
927.81	0.012101	-0.066538	-0.17918	-0.26586	-0.36099	-0.43028	-0.51625	-0.65134	-0.79475	-0.85044	-1.1354	-1.0044	-0.95802	-0.59712	0.21796	0.7908	0.83939	0.55803	0.37214	0.085429	-0.050924	-0.11962	-0.14678	-0.13505	-0.11998	-0.10822	-0.060264	-0.040661	0.025845	0.03719	4.5589
927.39	0.0095963	-0.051731	-0.16852	-0.26761	-0.36298	-0.44464	-0.54604	-0.6599	-0.86212	-1.0419	-1.0993	-1.2876	-1.1065	-0.71967	0.058001	0.77397	0.83895	0.60166	0.44429	0.13193	-0.006729	-0.090684	-0.12412	-0.11033	-0.11155	-0.09292	-0.074651	-0.039926	0.0159	0.027593	4.9667
927.17	0.0095969	-0.074396	-0.18426	-0.25792	-0.3904	-0.45271	-0.57651	-0.7088	-0.82881	-1.0682	-1.2644	-1.4592	-1.2795	-0.94	-0.022068	0.76552	0.83006	0.64075	0.48632	0.17758	0.036675	-0.068531	-0.10547	-0.10127	-0.086893	-0.067883	-0.055519	-0.024063	0.010923	0.025195	5.4001
926.75	0.014629	-0.050984	-0.18352	-0.29784	-0.38238	-0.47063	-0.59623	-0.73062	-0.90423	-0.99918	-1.3199	-1.4942	-1.4859	-1.2015	-0.16446	0.67117	0.83374	0.6809	0.52533	0.2233	0.067828	-0.039554	-0.082782	-0.084782	-0.069954	-0.074383	-0.035588	-0.024829	0.017571	0.03563	5.8182
926.86	0.014627	-0.054104	-0.16697	-0.27751	-0.39601	-0.48121	-0.61094	-0.76525	-0.88896	-1.2076	-1.4389	-1.6568	-1.7243	-1.3726	-0.23562	0.65387	0.84026	0.73839	0.60282	0.28441	0.12271	0.0090785	-0.055972	-0.050883	-0.047566	-0.045265	-0.024408	-0.0074378	0.028363	0.04765	6.2211
926.96	0.010438	-0.049411	-0.17935	-0.29615	-0.41328	-0.50949	-0.63188	-0.80566	-0.93515	-1.3118	-1.567	-1.7852	-1.9545	-1.5519	-0.41355	0.5591	0.81867	0.7693	0.64944	0.3257	0.14973	0.038931	-0.032417	-0.041786	-0.039073	-0.053346	-0.01882	-0.01273	0.029189	0.053255	6.648
926.64	0.00709	-0.061933	-0.19677	-0.29869	-0.45354	-0.50258	-0.66712	-0.81173	-0.98098	-1.3731	-1.5675	-1.8801	-2.0457	-1.6993	-0.62731	0.54204	0.80159	0.79614	0.68925	0.36112	0.18338	0.054305	-0.013744	-0.028573	-0.029825	-0.026673	-0.022018	0.0039013	0.033351	0.041246	7.0506
926.86	0.0020615	-0.071296	-0.18515	-0.31567	-0.41059	-0.50689	-0.67786	-0.84212	-1.0294	-1.451	-1.6954	-1.9996	-2.1358	-2.172	-0.78733	0.41277	0.77413	0.81278	0.70729	0.3972	0.22103	0.082445	0.0098105	-0.017821	-0.029045	-0.023433	-0.026801	0.00012104	0.021721	0.031617	7.4576
927.07	0.012111	-0.047844	-0.18511	-0.31723	-0.44058	-0.52536	-0.68315	-0.87085	-1.0523	-1.5983	-1.8233	-2.0849	-2.4808	-2.2368	-1.1163	0.23191	0.73925	0.83473	0.74748	0.44876	0.25948	0.1319	0.034167	0.011934	0.0010488	-0.017769	0.0075174	-0.0051698	0.023375	0.031609	7.8751
926.11	-0.0021283	-0.076828	-0.19523	-0.30374	-0.43829	-0.55693	-0.70099	-0.88913	-1.1022	-1.687	-2.091	-2.2843	-2.6316	-2.6064	-1.162	0.14597	0.68128	0.84179	0.77201	0.48283	0.2827	0.1585	0.055336	0.026838	0.01109	-0.013741	0.014715	0.012985	0.029217	0.040467	8.2773
925.15	-0.0046485	-0.068295	-0.19295	-0.33334	-0.46341	-0.56904	-0.74382	-0.92731	-1.1721	-1.6452	-2.185	-2.5099	-2.8652	-2.8625	-1.5198	-0.10404	0.6	0.86396	0.80611	0.52474	0.33142	0.18089	0.088751	0.05419	0.028113	0.013789	0.013131	0.017542	0.018434	0.031675	8.6824
923.98	-0.0046544	-0.066815	-0.19734	-0.32643	-0.46217	-0.57332	-0.76037	-0.96331	-1.2072	-1.7083	-2.1235	-2.6163	-3.0092	-3.1443	-1.6199	-0.2337	0.53029	0.86417	0.83571	0.56254	0.36389	0.20593	0.10923	0.060064	0.038984	0.029217	0.0091461	0.020599	0.027617	0.030108	9.116
922.49	0.0079631	-0.059071	-0.17938	-0.3188	-0.46017	-0.59204	-0.76004	-0.98397	-1.238	-1.7722	-2.2834	-2.7497	-3.3282	-3.5182	-1.9355	-0.41575	0.45806	0.85934	0.84183	0.58161	0.39247	0.23284	0.12899	0.084245	0.049127	0.027641	0.024398	0.028228	0.027661	0.039821	9.4876
921.32	-0.0063541	-0.057575	-0.2004	-0.32983	-0.46992	-0.61061	-0.79153	-1.0235	-1.2821	-1.958	-2.5628	-2.9859	-3.5725	-3.7606	-2.2423	-0.59817	0.35636	0.85687	0.85724	0.62393	0.4111	0.25201	0.14795	0.083521	0.060058	0.030116	0.033261	0.03891	0.027697	0.029387	9.8893
919.72	0.0029212	-0.067913	-0.18825	-0.3435	-0.4983	-0.59382	-0.79605	-1.0369	-1.3157	-2.049	-2.5118	-3.2502	-3.7612	-4.1453	-2.3986	-0.77276	0.25869	0.84497	0.87388	0.65452	0.45062	0.27996	0.16703	0.10532	0.081938	0.059502	0.040557	0.035169	0.031093	0.035093	10.298
918.02	-0.0029924	-0.073561	-0.20279	-0.36791	-0.50107	-0.62443	-0.83445	-1.0764	-1.3706	-2.0704	-2.572	-3.4034	-4.059	-4.4906	-2.7175	-0.9046	0.16904	0.82597	0.8763	0.6792	0.48289	0.31493	0.18128	0.11971	0.089101	0.054715	0.05111	0.032945	0.034503	0.048108	10.673
916.95	-0.010618	-0.059428	-0.17295	-0.34782	-0.48875	-0.62426	-0.82677	-1.0969	-1.4093	-2.2045	-2.7046	-3.4247	-4.2217	-4.8339	-3.0445	-1.1145	0.05979	0.82961	0.87892	0.71307	0.51575	0.3429	0.22089	0.14157	0.1009	0.069492	0.072953	0.051323	0.017759	0.027098	11.005
915.88	-0.0072407	-0.049217	-0.18068	-0.34165	-0.49024	-0.61871	-0.84899	-1.1249	-1.4246	-2.2423	-2.8654	-3.3506	-4.4265	-4.9551	-3.3092	-1.3336	-0.046371	0.80638	0.87834	0.71912	0.52381	0.34243	0.2195	0.1501	0.089308	0.071209	0.072229	0.048321	0.030382	0.041731	11.354
914.93	-0.0030041	-0.067476	-0.19845	-0.34365	-0.52215	-0.64717	-0.86722	-1.1479	-1.4852	-2.1566	-2.8776	-3.5104	-4.5312	-5.3652	-3.6011	-1.4659	-0.18458	0.76955	0.87525	0.73994	0.55341	0.37304	0.24935	0.17202	0.10347	0.078655	0.065028	0.046841	0.022004	0.03609	11.645
913.86	-0.019999	-0.058045	-0.18359	-0.37123	-0.50889	-0.64434	-0.89112	-1.1492	-1.5225	-2.2737	-3.1412	-3.6101	-4.8453	-5.6858	-3.84	-1.8605	-0.29378	0.74709	0.8554	0.75477	0.56984	0.38732	0.25788	0.17055	0.12316	0.083666	0.066722	0.056864	0.017819	0.013366	11.962
913.01	-0.0098135	-0.062065	-0.19719	-0.35591	-0.53343	-0.65842	-0.87694	-1.1838	-1.5636	-2.4258	-3.2092	-3.8745	-5.0085	-5.9975	-4.1055	-1.9497	-0.39559	0.71812	0.83853	0.75897	0.592	0.3972	0.26801	0.18665	0.12563	0.10919	0.07894	0.062289	0.027949	0.022331	12.253
912.79	-0.020875	-0.071601	-0.19052	-0.33621	-0.51597	-0.64778	-0.90717	-1.1858	-1.5754	-2.3205	-3.3867	-3.8319	-5.2269	-6.2888	-4.4318	-2.2736	-0.54759	0.67422	0.83149	0.78538	0.59796	0.43195	0.28457	0.20516	0.14525	0.097723	0.086252	0.050021	0.035545	0.028846	12.5
913.65	-0.014055	-0.057264	-0.18867	-0.35237	-0.51179	-0.64538	-0.89212	-1.2182	-1.5957	-2.4065	-3.2999	-3.8457	-5.364	-6.4484	-4.6443	-2.3326	-0.65442	0.64125	0.83954	0.79513	0.62233	0.44107	0.30161	0.21252	0.14589	0.11322	0.084552	0.064547	0.040564	0.024756	12.77
912.69	-0.0081164	-0.080339	-0.17711	-0.34037	-0.50584	-0.63707	-0.89464	-1.2187	-1.6161	-2.4708	-3.415	-4.076	-5.6788	-6.7451	-4.8028	-2.6062	-0.77178	0.60775	0.81792	0.81083	0.64462	0.44586	0.30605	0.22113	0.1484	0.1273	0.078968	0.058472	0.022901	0.021524	12.968
912.26	-0.023439	-0.068466	-0.18224	-0.35456	-0.49774	-0.68325	-0.9077	-1.2411	-1.6468	-2.3748	-3.5097	-4.2346	-5.9574	-7.0963	-5.1124	-2.7298	-0.86452	0.59544	0.81831	0.82695	0.65158	0.46254	0.32022	0.21956	0.16101	0.12818	0.09279	0.060036	0.033035	0.025607	13.17
912.69	-0.025982	-0.058119	-0.16284	-0.35357	-0.51325	-0.67484	-0.92387	-1.269	-1.6607	-2.6385	-3.6476	-4.3371	-6.0883	-7.2918	-5.4444	-2.9996	-0.96232	0.55379	0.7906	0.8187	0.65461	0.47012	0.31512	0.22533	0.1531	0.11662	0.078156	0.056168	0.0085655	0.0076861	13.361
912.16	-0.037062	-0.080384	-0.18226	-0.34635	-0.52744	-0.63924	-0.93232	-1.2479	-1.7054	-2.7018	-3.7056	-4.418	-6.2006	-7.495	-5.5561	-3.2813	-1.0813	0.51092	0.78061	0.82092	0.65998	0.48513	0.34088	0.24142	0.15084	0.11504	0.087934	0.063117	0.02882	0.01665	13.539
911.3	-0.045617	-0.090793	-0.19588	-0.32024	-0.51032	-0.66416	-0.93557	-1.2684	-1.6843	-2.6602	-3.5879	-4.457	-6.3821	-7.6929	-5.7513	-3.3282	-1.1538	0.50059	0.78778	0.84183	0.6881	0.49339	0.34203	0.24669	0.17531	0.14065	0.10425	0.063176	0.02378	0.018297	13.688
911.2	-0.044771	-0.074905	-0.18077	-0.34919	-0.53542	-0.64712	-0.95547	-1.2913	-1.7332	-2.5544	-3.7002	-4.6145	-6.5335	-7.8597	-5.7067	-3.4074	-1.2296	0.47362	0.76211	0.84281	0.69151	0.50126	0.35033	0.24335	0.17847	0.13408	0.092088	0.060106	0.006049	0.0060673	13.807
911.41	-0.0405	-0.08681	-0.18409	-0.33259	-0.50006	-0.66768	-0.93388	-1.2985	-1.7312	-2.4919	-3.6807	-4.5524	-6.7412	-7.8247	-5.9859	-3.5292	-1.2823	0.44379	0.75308	0.83648	0.69718	0.50982	0.34446	0.25086	0.17136	0.12172	0.090443	0.049328	0.017024	0.013402	13.899
910.34	-0.0414	-0.088502	-0.16747	-0.32471	-0.48487	-0.65314	-0.94606	-1.2984	-1.7299	-2.6541	-3.8062	-4.5751	-6.7407	-8.0082	-5.9386	-3.5684	-1.33	0.42808	0.7459	0.83132	0.68549	0.49565	0.34322	0.25873	0.17157	0.12104	0.097049	0.051694	0.013662	-0.0037204	13.959
910.56	-0.055888	-0.11234	-0.18258	-0.34117	-0.51167	-0.65569	-0.95059	-1.3006	-1.7377	-2.6358	-3.7867	-4.6264	-6.9905	-8.2554	-6.1365	-3.699	-1.3827	0.41175	0.73525	0.84165	0.68866	0.50422	0.34727	0.24268	0.18724	0.11854	0.082404	0.046295	-0.00578	-0.00045584	14.051
909.28	-0.071336	-0.094181	-0.16682	-0.33751	-0.49101	-0.62321	-0.93527	-1.2805	-1.7938	-2.6484	-3.8294	-4.6941	-6.8996	-8.4334	-6.1814	-3.8095	-1.4765	0.39789	0.72741	0.85161	0.7055	0.51188	0.35355	0.24639	0.16783	0.12036	0.084146	0.047901	-0.0049407	0.0044451	14.133
908.32	-0.071413	-0.087105	-0.17206	-0.33123	-0.49246	-0.66092	-0.96643	-1.3173	-1.7957	-2.6245	-3.8708	-4.9089	-7.0077	-8.5089	-6.5329	-3.8926	-1.4916	0.37843	0.71768	0.84899	0.71209	0.51416	0.35227	0.24919	0.1688	0.11553	0.098081	0.054896	0.010303	0.0011781	14.147
907.47	-0.059501	-0.098359	-0.17307	-0.32076	-0.5041	-0.63712	-0.93555	-1.3143	-1.7199	-2.7335	-3.837	-4.6334	-7.1319	-8.3919	-6.5663	-3.993	-1.5115	0.37426	0.72482	0.85683	0.71193	0.52772	0.35177	0.26039	0.17053	0.11894	0.096542	0.052631	0.013705	-0.010283	14.145
906.19	-0.078435	-0.1001	-0.16655	-0.30709	-0.47404	-0.6353	-0.9504	-1.2883	-1.7648	-2.6841	-3.8706	-4.7627	-7.0831	-8.4788	-6.4937	-4.0163	-1.5407	0.36211	0.73151	0.86156	0.70288	0.52148	0.3506	0.25315	0.1763	0.11415	0.082801	0.045747	-0.00071229	-0.020136	14.138
904.8	-0.069116	-0.10986	-0.18204	-0.30174	-0.50278	-0.6526	-0.94149	-1.3487	-1.7863	-2.5991	-3.7451	-4.8051	-7.0939	-8.4751	-6.5401	-3.9519	-1.527	0.36901	0.70912	0.85317	0.70311	0.51878	0.35946	0.251	0.1734	0.12841	0.078837	0.03265	-0.0066668	-0.017703	14.154
904.27	-0.089764	-0.11953	-0.19317	-0.33189	-0.47131	-0.65117	-0.94683	-1.3342	-1.8144	-2.7254	-3.9727	-4.8167	-7.2499	-8.7058	-6.544	-4.0513	-1.5372	0.38012	0.71603	0.8528	0.70269	0.51734	0.35801	0.2359	0.16876	0.11605	0.076429	0.04042	-0.015181	-0.018536	14.129
903.84	-0.075202	-0.10837	-0.18817	-0.31539	-0.4949	-0.63513	-0.98638	-1.2899	-1.7809	-2.8336	-3.9839	-4.8541	-7.1858	-8.5928	-6.4923	-3.8678	-1.5422	0.37758	0.72854	0.85055	0.72234	0.52459	0.36567	0.25974	0.17913	0.12771	0.087926	0.044315	-0.0092283	-0.0169	14.135
904.7	-0.09573	-0.10907	-0.18545	-0.31342	-0.50097	-0.63725	-0.92247	-1.2582	-1.7685	-2.7241	-3.9802	-4.911	-7.1538	-8.5262	-6.4588	-3.9788	-1.5229	0.38085	0.73596	0.86209	0.70488	0.51622	0.37281	0.26373	0.17817	0.12925	0.075576	0.048146	-0.0049657	-0.02099	14.151
904.91	-0.075971	-0.13465	-0.19387	-0.30004	-0.4607	-0.59538	-0.88001	-1.2689	-1.7861	-2.8214	-3.7728	-4.8133	-7.0088	-8.5242	-6.3662	-3.9161	-1.5336	0.37441	0.72768	0.87071	0.73072	0.52397	0.36857	0.25436	0.1639	0.12094	0.074743	0.030325	-0.025374	-0.014417	14.153
905.55	-0.069916	-0.11296	-0.16413	-0.30149	-0.42679	-0.61037	-0.89134	-1.2866	-1.775	-2.6948	-3.9108	-4.8187	-7.0038	-8.5265	-6.2524	-3.8781	-1.4648	0.395	0.72879	0.87626	0.69666	0.51137	0.3442	0.22964	0.15194	0.10761	0.062434	0.034171	-0.028757	-0.024254	14.043
906.29	-0.074999	-0.11767	-0.15131	-0.27466	-0.44788	-0.60081	-0.89378	-1.2712	-1.7034	-2.7193	-3.8045	-4.6394	-6.9139	-8.3026	-6.3564	-3.7781	-1.4197	0.41822	0.73466	0.83944	0.69944	0.50223	0.33561	0.23453	0.15023	0.09429	0.06075	0.017134	-0.027885	-0.034892	13.852
906.29	-0.094705	-0.12166	-0.17667	-0.26968	-0.43483	-0.58088	-0.87946	-1.3109	-1.7173	-2.6482	-3.9263	-4.7533	-6.8634	-8.1942	-6.2472	-3.7252	-1.347	0.4309	0.75085	0.83504	0.67766	0.47954	0.32066	0.21847	0.12656	0.062866	0.034628	0.011721	-0.027885	-0.03899	13.742
906.4	-0.09298	-0.11765	-0.15975	-0.27048	-0.4441	-0.59802	-0.86344	-1.2389	-1.7171	-2.6212	-3.8228	-4.6827	-6.7701	-8.0598	-5.9189	-3.3726	-1.275	0.45892	0.76776	0.84374	0.67842	0.46815	0.30734	0.21168	0.12812	0.084354	0.056661	0.020224	-0.033824	-0.029148	13.575
907.36	-0.089459	-0.1319	-0.1638	-0.29259	-0.43245	-0.59739	-0.86968	-1.2081	-1.6998	-2.5119	-3.5193	-4.5289	-6.5444	-7.9513	-5.7581	-3.2547	-1.1968	0.48919	0.77018	0.82614	0.67268	0.45806	0.30452	0.19288	0.10907	0.080963	0.032141	0.0063012	-0.033788	-0.032394	13.367
907.79	-0.082573	-0.11907	-0.14853	-0.26426	-0.43132	-0.59891	-0.82478	-1.1881	-1.6867	-2.4131	-3.5457	-4.3868	-6.2808	-7.5977	-5.5646	-3.2004	-1.1017	0.52965	0.79244	0.82136	0.66232	0.45611	0.29858	0.1911	0.11768	0.07597	0.043537	0.0062982	-0.026143	-0.0422	13.101
907.79	-0.066322	-0.084759	-0.13587	-0.27338	-0.42387	-0.56275	-0.85895	-1.1738	-1.6444	-2.5906	-3.4989	-4.3605	-6.138	-7.4062	-5.4374	-3.0158	-0.98693	0.55949	0.7981	0.80993	0.63472	0.44217	0.28116	0.18351	0.098773	0.054507	0.034571	-0.0060496	-0.033773	-0.038926	12.881
908	-0.055191	-0.086337	-0.14259	-0.26669	-0.42842	-0.56171	-0.84762	-1.1777	-1.6269	-2.4037	-3.4514	-4.2545	-6.0274	-7.2712	-5.3907	-2.7778	-0.9057	0.57925	0.80922	0.80183	0.63457	0.41507	0.27198	0.17587	0.088509	0.048716	0.022342	-0.012996	-0.04224	-0.040553	12.632
907.04	-0.055249	-0.078443	-0.1571	-0.28274	-0.42701	-0.57588	-0.82069	-1.1697	-1.5976	-2.5483	-3.4644	-4.2327	-5.916	-7.2456	-5.0418	-2.6928	-0.81037	0.59072	0.8125	0.79828	0.62101	0.419	0.25899	0.15156	0.076774	0.042156	0.030521	-0.0045104	-0.036344	-0.02749	12.36
906.29	-0.044157	-0.096887	-0.13863	-0.28297	-0.41525	-0.56005	-0.81977	-1.1664	-1.5769	-2.4082	-3.3548	-4.0171	-5.7778	-6.8928	-4.8094	-2.5189	-0.7003	0.65008	0.82774	0.79718	0.60476	0.41847	0.25588	0.14661	0.080784	0.045499	0.020751	-0.011473	-0.027034	-0.020134	12.078
906.51	-0.066416	-0.085679	-0.13944	-0.27792	-0.41701	-0.53185	-0.78378	-1.1281	-1.5136	-2.3543	-3.251	-3.9548	-5.4735	-6.4742	-4.6171	-2.3158	-0.59787	0.67256	0.84697	0.7873	0.5887	0.40529	0.24419	0.13559	0.087865	0.033089	0.024828	0.00089778	-0.012595	-0.010294	11.775
905.87	-0.039034	-0.075345	-0.13278	-0.21829	-0.40891	-0.55488	-0.77398	-1.1179	-1.4902	-2.3382	-3.2439	-3.8086	-5.3764	-6.1783	-4.3837	-2.2029	-0.49597	0.69297	0.85647	0.76672	0.58074	0.38201	0.22442	0.13315	0.061872	0.02401	0.00034414	-0.0083847	-0.0228	-0.031626	11.401
905.76	-0.047612	-0.072955	-0.13195	-0.26153	-0.39683	-0.53954	-0.79796	-1.0986	-1.4806	-2.294	-3.0567	-3.809	-4.9812	-6.1123	-4.1748	-1.9124	-0.42667	0.72024	0.8509	0.75623	0.56236	0.36634	0.22778	0.10864	0.050035	0.015738	-0.02416	-0.03314	-0.044043	-0.034912	11.087
905.65	-0.039043	-0.076164	-0.13196	-0.28816	-0.40341	-0.55229	-0.75903	-1.0818	-1.4481	-2.2231	-2.9915	-3.7393	-4.9734	-5.9377	-3.9567	-1.851	-0.32521	0.7448	0.85667	0.74134	0.54063	0.34892	0.19206	0.083273	0.031085	-0.0016378	-0.012726	-0.037013	-0.031303	-0.020968	10.75
906.19	-0.045875	-0.044949	-0.12005	-0.25061	-0.40411	-0.54109	-0.77132	-1.1014	-1.4154	-2.3641	-3.1397	-3.6669	-4.92	-5.6005	-3.918	-1.8675	-0.22103	0.75613	0.87559	0.72506	0.50847	0.33214	0.177	0.095905	0.023964	-0.011561	-0.023332	-0.041631	-0.020244	-0.026697	10.407
904.91	-0.02878	-0.049015	-0.12445	-0.25762	-0.40934	-0.55909	-0.76524	-1.0539	-1.3782	-2.136	-2.8626	-3.5053	-4.6151	-5.3661	-3.6501	-1.4733	-0.13583	0.78986	0.87278	0.71726	0.50751	0.30377	0.16893	0.079955	0.027159	-0.0090937	-0.020094	-0.028527	-0.018572	-0.015238	10.117
905.76	-0.00046251	-0.042571	-0.11672	-0.26236	-0.38471	-0.51144	-0.73665	-1.0402	-1.3785	-2.0984	-2.6443	-3.3442	-4.4339	-5.094	-3.2005	-1.2076	-0.026591	0.80362	0.8671	0.70601	0.48858	0.2965	0.16046	0.060426	0.0034427	-0.012395	-0.030694	-0.03314	-0.021952	-0.0078416	9.7519
907.15	-0.0047408	-0.036119	-0.10219	-0.24619	-0.36083	-0.49347	-0.74586	-1.0116	-1.3242	-1.9975	-2.5747	-3.2953	-4.2337	-4.9362	-3.041	-1.1266	0.077327	0.83225	0.87709	0.67151	0.46356	0.27426	0.13449	0.040066	-0.009965	-0.037161	-0.033909	-0.047767	-0.025313	-0.0045537	9.3547
907.79	-0.0038826	-0.040082	-0.11731	-0.25846	-0.37733	-0.4877	-0.70561	-0.97459	-1.3061	-2.0227	-2.5635	-3.398	-3.9451	-4.5163	-2.7391	-0.97633	0.17517	0.83076	0.8587	0.64642	0.43145	0.23138	0.10952	0.022314	-0.014684	-0.026402	-0.050999	-0.038472	-0.025295	-0.0053685	8.9589
908.53	0.01065	-0.02012	-0.11215	-0.2425	-0.39004	-0.50717	-0.70027	-0.98475	-1.2668	-1.9147	-2.5801	-3.2291	-3.8579	-4.238	-2.5916	-0.73836	0.26778	0.84001	0.85961	0.61866	0.40602	0.21291	0.08706	0.0020591	-0.030418	-0.056901	-0.056658	-0.043838	-0.007486	0.0036314	8.5735
910.45	0.012334	-0.03201	-0.1136	-0.25357	-0.38644	-0.5025	-0.69245	-0.96164	-1.2251	-1.9018	-2.4908	-3.1786	-3.6236	-4.0879	-2.2237	-0.52644	0.35725	0.84906	0.84491	0.59983	0.38014	0.18207	0.079437	-0.0029944	-0.031927	-0.045257	-0.058975	-0.048362	-0.029447	-0.00045589	8.1926
911.84	0.0046502	-0.041492	-0.13191	-0.26639	-0.37751	-0.47563	-0.67954	-0.91565	-1.1868	-1.8724	-2.2542	-2.9212	-3.3504	-3.7002	-1.9852	-0.29809	0.43737	0.85497	0.84121	0.56916	0.35791	0.18266	0.061981	-0.0088711	-0.049135	-0.058339	-0.049961	-0.062122	-0.021806	0.0068789	7.7616
913.22	0.0063428	-0.01288	-0.1208	-0.24126	-0.36583	-0.4785	-0.66824	-0.90252	-1.155	-1.7461	-2.26	-2.6036	-3.0947	-3.3552	-1.7564	-0.26267	0.50885	0.85637	0.8311	0.54208	0.31829	0.15294	0.045401	-0.023121	-0.061591	-0.06892	-0.057987	-0.055123	-0.010818	0.01419	7.3063
914.07	0.037767	-0.016036	-0.099736	-0.22374	-0.34978	-0.46099	-0.64079	-0.86731	-1.1102	-1.7621	-2.1	-2.7141	-3.0251	-3.0378	-1.5743	-0.070363	0.55615	0.87533	0.81909	0.50665	0.30387	0.1182	0.016537	-0.036508	-0.064663	-0.075415	-0.075739	-0.062736	-0.008282	0.01255	6.8675
914.39	0.029262	-0.019991	-0.12651	-0.2286	-0.34596	-0.46263	-0.63504	-0.84606	-1.0653	-1.6469	-1.9785	-2.4699	-2.8656	-2.7556	-1.4385	0.07803	0.63806	0.82296	0.78913	0.48553	0.27885	0.096541	-0.0056959	-0.051576	-0.076375	-0.089322	-0.08623	-0.060415	-0.015013	0.016608	6.4542
915.46	0.034318	-0.017594	-0.12134	-0.2382	-0.33356	-0.44954	-0.61697	-0.80993	-1.0406	-1.5922	-1.8928	-2.3369	-2.6289	-2.7111	-1.1845	0.19127	0.70092	0.83993	0.76096	0.43789	0.23207	0.063606	-0.019668	-0.073276	-0.090349	-0.099043	-0.075625	-0.058815	-0.015836	0.03201	6.0409
915.46	0.025836	-0.019177	-0.12971	-0.23327	-0.35479	-0.45223	-0.57994	-0.78399	-0.99215	-1.5658	-1.9299	-2.2328	-2.3207	-2.4551	-0.97731	0.18256	0.74444	0.84173	0.73452	0.4004	0.18977	0.048058	-0.033646	-0.089175	-0.11066	-0.11132	-0.097443	-0.050394	-0.010792	0.018214	5.6289
915.25	0.022449	-0.021554	-0.11719	-0.23908	-0.34748	-0.4317	-0.56668	-0.76743	-0.95035	-1.3638	-1.6891	-1.9556	-2.1879	-1.9683	-0.88744	0.34826	0.77893	0.82309	0.70905	0.37347	0.16824	0.015239	-0.059971	-0.097567	-0.11225	-0.11217	-0.097466	-0.066484	0.0085416	0.027959	5.2077
915.35	0.032626	-0.029464	-0.11466	-0.22589	-0.30498	-0.41282	-0.56662	-0.72465	-0.92115	-1.3284	-1.5961	-1.938	-1.996	-1.7946	-0.60801	0.48772	0.81065	0.78892	0.66169	0.33419	0.13587	-0.021905	-0.078055	-0.11513	-0.11849	-0.12525	-0.10877	-0.052696	-0.014997	0.020652	4.7894
916.42	0.02242	-0.033381	-0.12038	-0.21003	-0.31661	-0.39801	-0.54077	-0.70876	-0.88213	-1.2653	-1.4275	-1.6584	-1.8938	-1.7513	-0.4903	0.5307	0.82976	0.76382	0.6345	0.29462	0.099251	-0.036549	-0.088643	-0.13339	-0.13942	-0.13329	-0.10945	-0.067165	-0.020018	0.021436	4.3467
915.99	0.031754	-0.023909	-0.09702	-0.21588	-0.28539	-0.40089	-0.53315	-0.69739	-0.85589	-1.1604	-1.3262	-1.5898	-1.5366	-1.4715	-0.16639	0.6529	0.84521	0.76686	0.59156	0.26687	0.065309	-0.068506	-0.12073	-0.16607	-0.15276	-0.14971	-0.12808	-0.074843	-0.0023872	0.038482	3.9979
916.74	0.029187	-0.015199	-0.10613	-0.20503	-0.31466	-0.39429	-0.5099	-0.66172	-0.81323	-1.0892	-1.4363	-1.5192	-1.6685	-1.1899	-0.10328	0.66109	0.85204	0.70625	0.53746	0.19615	0.015557	-0.10381	-0.15184	-0.18348	-0.1542	-0.15204	-0.11668	-0.054911	0.0034939	0.03845	3.5746
916.95	0.030029	-0.038891	-0.10862	-0.19841	-0.31643	-0.35481	-0.49169	-0.64736	-0.75414	-1.1065	-1.3155	-1.5794	-1.3936	-1.0247	-0.040294	0.70442	0.85101	0.66401	0.49734	0.15955	-0.0084625	-0.12966	-0.17397	-0.18762	-0.16821	-0.16345	-0.1344	-0.070181	0.00013483	0.023045	3.1847
918.02	0.038452	-0.024645	-0.11183	-0.20064	-0.2774	-0.35887	-0.46677	-0.59904	-0.7436	-0.94726	-1.092	-1.2488	-1.1676	-0.89997	0.058576	0.89488	0.84334	0.62211	0.42725	0.1272	-0.034095	-0.15449	-0.1672	-0.19157	-0.17191	-0.17224	-0.13021	-0.073153	-0.0023787	0.019781	2.7855
918.44	0.037588	-0.021479	-0.10343	-0.20547	-0.29383	-0.34619	-0.44849	-0.57124	-0.71425	-0.88543	-1.0453	-1.1444	-0.93458	-0.61967	0.24715	0.91183	0.84796	0.57266	0.39191	0.075004	-0.083687	-0.17766	-0.19991	-0.23152	-0.1913	-0.18685	-0.14143	-0.094481	-0.029189	0.027862	2.3968
919.72	0.034159	-0.0017627	-0.096627	-0.1659	-0.26494	-0.33232	-0.42277	-0.54629	-0.67465	-0.81414	-0.96997	-1.091	-0.9167	-0.49551	0.33646	0.80645	0.83262	0.51653	0.33634	0.021101	-0.11577	-0.21008	-0.23564	-0.24036	-0.21592	-0.18822	-0.13802	-0.11644	-0.018272	0.017321	1.9837
921.42	0.036624	-0.015908	-0.10726	-0.17131	-0.27729	-0.32904	-0.41651	-0.5328	-0.62121	-0.76892	-0.89446	-0.85623	-0.92328	-0.40434	0.36269	0.71835	0.80614	0.43719	0.27044	-0.01791	-0.16748	-0.23029	-0.27442	-0.25987	-0.21629	-0.20902	-0.16907	-0.10786	-0.020746	0.014064	1.6328
922.38	0.051739	-0.012749	-0.082226	-0.17439	-0.25319	-0.302	-0.39888	-0.49654	-0.60694	-0.84672	-0.71861	-1.0017	-0.74867	-0.28917	0.34444	0.80412	0.77622	0.38601	0.19382	-0.068937	-0.18706	-0.26434	-0.27577	-0.26708	-0.22847	-0.19905	-0.15927	-0.092559	-0.0090428	0.0092155	1.2834
923.77	0.028127	-0.0048924	-0.096203	-0.17087	-0.24092	-0.31576	-0.39594	-0.4933	-0.5788	-0.81929	-0.97493	-0.75088	-0.57416	-0.075953	0.50462	0.69923	0.72779	0.33034	0.13874	-0.11462	-0.24268	-0.28962	-0.29572	-0.27331	-0.23588	-0.23688	-0.16224	-0.099246	-0.03152	0.021266	0.87605
924.83	0.03397	-0.0072349	-0.084495	-0.15033	-0.23516	-0.28611	-0.36584	-0.45794	-0.53333	-0.83577	-0.6708	-0.70706	-0.4498	0.09582	0.6824	0.871	0.69133	0.2909	0.085437	-0.15763	-0.26293	-0.32007	-0.32061	-0.28625	-0.25571	-0.22446	-0.17645	-0.10671	0.00013369	0.034096	0.58418
926.11	0.045661	-0.011134	-0.080242	-0.15012	-0.23027	-0.27597	-0.36223	-0.46393	-0.50703	-0.66936	-0.56901	-0.71465	-0.38328	0.16101	0.70818	0.95597	0.62916	0.20985	0.022749	-0.21084	-0.29618	-0.35292	-0.35024	-0.30985	-0.26694	-0.22819	-0.181	-0.098995	-0.005683	0.022015	0.22838
927.92	0.029674	-0.011894	-0.092469	-0.14821	-0.21616	-0.25685	-0.34986	-0.42174	-0.47655	-0.58124	-0.5679	-0.61054	-0.34966	0.23401	0.7157	0.7219	0.57427	0.13159	-0.06583	-0.25773	-0.33079	-0.37951	-0.3666	-0.33484	-0.26642	-0.24067	-0.17427	-0.10107	-0.024747	0.024373	-0.10316
928.88	0.031314	-0.006424	-0.075879	-0.13995	-0.21594	-0.25659	-0.33319	-0.42543	-0.4657	-0.50261	-0.57646	-0.46453	-0.070113	0.11167	0.75047	0.68681	0.5143	0.066949	-0.13368	-0.30042	-0.38604	-0.39444	-0.37432	-0.33862	-0.27539	-0.24768	-0.17648	-0.10096	-0.015607	0.033148	-0.4074
929.2	0.028796	-0.014996	-0.097289	-0.13666	-0.21768	-0.24943	-0.30979	-0.40303	-0.42494	-0.58045	-0.54885	-0.47291	-0.029054	0.39641	0.76795	0.73811	0.45723	-0.00021112	-0.17705	-0.35185	-0.41451	-0.42494	-0.40255	-0.3418	-0.29685	-0.24599	-0.17084	-0.11073	-0.0015239	0.020344	-0.67669
930.26	0.02292	-0.021206	-0.092236	-0.14217	-0.21653	-0.24385	-0.28928	-0.37127	-0.40218	-0.44991	-0.43869	-0.42968	-0.094623	0.49349	0.69617	0.62574	0.39659	-0.056682	-0.23598	-0.38748	-0.44016	-0.45845	-0.41422	-0.36282	-0.29651	-0.28357	-0.19053	-0.11287	0.0034431	0.021117	-0.94603
929.84	0.033787	-0.018102	-0.077448	-0.12604	-0.18755	-0.22366	-0.30182	-0.34837	-0.3785	-0.39813	-0.33843	-0.31028	0.11041	0.50998	0.8118	0.79768	0.3358	-0.10614	-0.2992	-0.43142	-0.45506	-0.47227	-0.42413	-0.37782	-0.30126	-0.24098	-0.18186	-0.11593	0.00013297	0.034713	-1.2002
928.67	0.03383	-0.0087639	-0.075897	-0.13512	-0.18778	-0.21687	-0.27968	-0.33478	-0.35109	-0.42466	-0.37542	-0.25079	0.18446	0.55946	0.8661	0.68697	0.27105	-0.17876	-0.37382	-0.47322	-0.50878	-0.48989	-0.44168	-0.38902	-0.27314	-0.26872	-0.19006	-0.10853	-0.0098114	0.019554	-1.4331
928.67	0.044699	-0.00018678	-0.064346	-0.12053	-0.1714	-0.22217	-0.28046	-0.32736	-0.32879	-0.45935	-0.38456	-0.23368	0.11876	0.6246	0.79504	0.56664	0.18691	-0.26273	-0.43148	-0.51447	-0.54149	-0.50436	-0.45546	-0.39314	-0.33629	-0.29051	-0.19723	-0.10778	-0.00069505	0.031555	-1.6539
928.35	0.036349	-0.011109	-0.066019	-0.10516	-0.17419	-0.19484	-0.26579	-0.32252	-0.30499	-0.36407	-0.2475	-0.23376	0.077715	0.75512	0.78642	0.38633	0.116	-0.32736	-0.48931	-0.55504	-0.56295	-0.52668	-0.47103	-0.39823	-0.30097	-0.28093	-0.20128	-0.11536	-0.0064978	0.025965	-1.8289
927.6	0.039728	-0.015802	-0.071853	-0.12554	-0.1798	-0.218	-0.26134	-0.31617	-0.29008	-0.37304	-0.14702	-0.079808	0.20113	0.71495	0.79595	0.55871	0.024414	-0.39488	-0.56324	-0.59334	-0.58878	-0.54756	-0.47871	-0.44397	-0.27499	-0.26903	-0.20065	-0.13359	-0.017288	0.02999	-2.0132
929.84	0.040469	-0.015764	-0.08404	-0.11795	-0.17028	-0.19806	-0.26537	-0.29893	-0.29257	-0.3808	-0.101	-0.15651	0.34009	0.6482	0.82065	0.40287	-0.036614	-0.45572	-0.61238	-0.62539	-0.59798	-0.5607	-0.50508	-0.42725	-0.31741	-0.27403	-0.19459	-0.10915	-0.0064889	0.033913	-2.1366
930.16	0.040455	-0.011866	-0.07495	-0.1171	-0.16568	-0.2174	-0.23969	-0.27742	-0.2702	-0.23347	-0.16487	-0.019808	0.30718	0.60733	0.69625	0.32553	-0.083548	-0.49528	-0.64923	-0.65349	-0.63859	-0.57496	-0.49358	-0.41557	-0.30961	-0.27313	-0.1993	-0.10158	-0.019723	0.022718	-2.2889
931.01	0.032077	-0.022747	-0.069944	-0.10486	-0.14556	-0.19516	-0.2294	-0.264	-0.2485	-0.28515	-0.15558	0.048462	0.38882	0.77731	0.74875	0.35951	-0.13449	-0.54332	-0.68645	-0.68546	-0.65187	-0.59397	-0.48908	-0.41355	-0.3101	-0.28737	-0.18561	-0.12783	-0.013919	0.01791	-2.4199
932.92	0.034507	-0.018042	-0.081297	-0.10142	-0.17605	-0.18069	-0.24439	-0.27085	-0.24957	-0.31912	0.026779	-0.045296	0.28174	0.7433	0.64997	0.27323	-0.1958	-0.59675	-0.73536	-0.71057	-0.66193	-0.60123	-0.52439	-0.42912	-0.31023	-0.27874	-0.18919	-0.12231	-0.0081163	0.025838	-2.496
934.63	0.037769	-0.018009	-0.072132	-0.10929	-0.17483	-0.19265	-0.22542	-0.27117	-0.24912	-0.3099	-0.018706	-0.0027085	0.37914	0.70151	0.68408	0.26418	-0.23807	-0.63255	-0.77012	-0.73062	-0.68184	-0.6179	-0.5339	-0.43982	-0.32726	-0.28625	-0.20072	-0.10259	-0.0056312	0.02738	-2.5311
934.84	0.031944	-0.028077	-0.073756	-0.1302	-0.18473	-0.20314	-0.23309	-0.25554	-0.23719	-0.26676	-0.073206	0.08225	0.44434	0.71751	0.73687	0.1873	-0.27162	-0.65348	-0.79427	-0.7518	-0.68656	-0.62791	-0.5056	-0.41923	-0.32107	-0.27176	-0.20147	-0.096572	-0.0031602	0.018629	-2.5996
936.54	0.031886	-0.014878	-0.091617	-0.11389	-0.1844	-0.19664	-0.23266	-0.26653	-0.22017	-0.31788	-0.063994	0.090594	0.35393	0.77272	0.76195	0.11878	-0.31121	-0.69085	-0.81006	-0.76321	-0.70721	-0.61832	-0.53683	-0.42174	-0.32354	-0.26966	-0.20268	-0.12857	0.00013358	0.028118	-2.5874
937.5	0.029369	-0.028768	-0.062923	-0.10333	-0.19142	-0.18593	-0.22166	-0.24174	-0.21363	-0.20586	0.035701	-0.045075	0.41052	0.84451	0.75238	0.22083	-0.33377	-0.70416	-0.82879	-0.76413	-0.70486	-0.62275	-0.53467	-0.42621	-0.31711	-0.28378	-0.208	-0.12171	-0.012182	0.024918	-2.6407
937.71	0.024395	-0.026445	-0.067811	-0.12579	-0.16524	-0.18064	-0.22468	-0.24904	-0.22463	-0.1371	0.071912	0.13283	0.52432	0.74758	0.62907	0.13566	-0.35412	-0.71275	-0.84112	-0.77417	-0.7047	-0.63694	-0.52813	-0.42121	-0.34068	-0.27572	-0.21268	-0.11047	-0.025308	0.013819	-2.6225
938.03	0.02687	0.00058825	-0.065337	-0.12254	-0.176	-0.1937	-0.22691	-0.24814	-0.22219	-0.21433	-0.054862	0.13278	0.44283	0.79567	0.70798	0.15264	-0.35972	-0.72738	-0.86116	-0.79433	-0.73846	-0.66202	-0.53196	-0.45047	-0.31998	-0.28122	-0.19605	-0.10894	-0.021197	0.021736	-2.627
937.82	0.031844	-0.013312	-0.065352	-0.12096	-0.17063	-0.19462	-0.22773	-0.24247	-0.22066	-0.16284	-0.10919	0.15823	0.54052	0.82004	0.81367	0.1782	-0.39084	-0.75293	-0.8684	-0.80472	-0.7273	-0.65121	-0.52004	-0.43505	-0.33378	-0.28128	-0.19767	-0.11793	0.0025937	0.022534	-2.5981
937.5	0.025228	-0.016407	-0.073546	-0.10895	-0.16438	-0.19644	-0.21781	-0.24828	-0.20416	-0.19726	-0.054859	0.082017	0.35357	0.82032	0.72597	0.093122	-0.42284	-0.78208	-0.88747	-0.79648	-0.72997	-0.63625	-0.53949	-0.43847	-0.33847	-0.29977	-0.20405	-0.13068	0.0017742	0.032843	-2.5874
938.03	0.031008	-0.014083	-0.065337	-0.12655	-0.16249	-0.20158	-0.21692	-0.25304	-0.22692	-0.24009	-0.054828	0.09045	0.49974	0.72314	0.75195	0.084582	-0.43894	-0.76589	-0.90574	-0.79008	-0.72956	-0.64684	-0.53437	-0.44557	-0.32607	-0.3004	-0.20788	-0.10969	-0.008892	0.038368	-2.5935
936.76	0.027734	-0.0094625	-0.058884	-0.14199	-0.18616	-0.18959	-0.22645	-0.25175	-0.21222	-0.14583	-0.10025	0.14146	0.52485	0.90973	0.81459	-0.0004955	-0.42318	-0.78095	-0.90149	-0.79967	-0.73461	-0.62831	-0.53912	-0.43555	-0.31049	-0.2952	-0.20263	-0.10385	0.0017756	0.043974	-2.627
936.65	0.03437	-0.011783	-0.07034	-0.098606	-0.16814	-0.20538	-0.23187	-0.24359	-0.21619	-0.24044	-0.13652	0.1245	0.46791	0.67576	0.77066	0.0080036	-0.41832	-0.76965	-0.89454	-0.79976	-0.73388	-0.61656	-0.52873	-0.41924	-0.31205	-0.27683	-0.19555	-0.10836	-0.0023345	0.028115	-2.5615
936.44	0.027743	-0.025708	-0.080174	-0.11712	-0.19976	-0.20543	-0.24886	-0.26983	-0.23047	-0.2921	0.017599	0.05666	0.38657	0.88583	0.56826	0.22107	-0.38978	-0.75317	-0.85167	-0.78546	-0.70404	-0.63444	-0.51519	-0.40133	-0.32357	-0.26729	-0.18532	-0.10988	0.0099925	0.037642	-2.3864
935.8	0.034401	-0.024952	-0.071224	-0.15018	-0.18906	-0.21259	-0.24749	-0.27411	-0.24722	-0.27509	0.072059	0.12462	0.52539	0.76526	0.71848	0.17006	-0.35894	-0.71333	-0.84441	-0.76467	-0.69803	-0.63318	-0.50991	-0.43354	-0.31004	-0.26027	-0.19652	-0.095723	0.008354	0.030521	-2.2279
935.16	0.019479	-0.020323	-0.090114	-0.1374	-0.20184	-0.22414	-0.26309	-0.28822	-0.2561	-0.31835	-0.082273	0.1247	0.40341	0.71727	0.81598	0.21284	-0.31085	-0.68836	-0.81753	-0.74216	-0.68227	-0.60317	-0.51508	-0.40516	-0.30643	-0.25323	-0.1832	-0.097289	0.0058908	0.040077	-2.0589
935.05	0.022803	-0.024971	-0.097499	-0.15191	-0.19644	-0.23558	-0.25772	-0.27924	-0.25771	-0.24085	-0.14582	0.13321	0.41161	0.86288	0.87782	0.12752	-0.26254	-0.65157	-0.77919	-0.73541	-0.68397	-0.59394	-0.48053	-0.40357	-0.29346	-0.26368	-0.16977	-0.090554	0.0050705	0.038493	-1.864
933.78	0.019508	-0.03121	-0.086967	-0.14163	-0.20123	-0.23326	-0.27275	-0.29439	-0.2747	-0.32745	-0.073289	0.073842	0.42852	0.76691	0.73769	0.26442	-0.21368	-0.60148	-0.72605	-0.70394	-0.65644	-0.59983	-0.52633	-0.38689	-0.28926	-0.26886	-0.19061	-0.10944	0.012495	0.019447	-1.663
934.2	0.02698	-0.020344	-0.087747	-0.13915	-0.21019	-0.24546	-0.28266	-0.31722	-0.28645	-0.15485	-0.15505	0.048297	0.363	0.6047	0.83448	0.35828	-0.15535	-0.55024	-0.7006	-0.67372	-0.64639	-0.58856	-0.49789	-0.40557	-0.28071	-0.24226	-0.17943	-0.10864	0.00013234	0.039321	-1.4392
934.63	0.0095203	-0.024207	-0.097543	-0.1713	-0.21823	-0.24359	-0.28253	-0.32199	-0.31165	-0.4047	-0.13682	0.048275	0.20779	0.66105	0.65761	0.28128	-0.083969	-0.49203	-0.63749	-0.65292	-0.62578	-0.54937	-0.45417	-0.38408	-0.27829	-0.24536	-0.15956	-0.08235	0.018247	0.041689	-1.1987
934.41	0.0095241	-0.024214	-0.1197	-0.15765	-0.24088	-0.25946	-0.29571	-0.34748	-0.32201	-0.41343	-0.3913	0.065295	0.30578	0.71784	0.79015	0.28131	-0.0093779	-0.44119	-0.58818	-0.60354	-0.57961	-0.51057	-0.44299	-0.35465	-0.2439	-0.24622	-0.14139	-0.088367	-0.0097511	0.02182	-0.94451
935.16	0.031104	-0.03194	-0.11387	-0.14947	-0.23346	-0.27768	-0.31553	-0.34884	-0.34707	-0.34418	-0.29109	-0.096142	0.23212	0.596	0.78952	0.50297	0.056985	-0.36184	-0.51869	-0.55697	-0.55803	-0.51693	-0.44023	-0.33143	-0.25595	-0.22278	-0.15393	-0.089793	0.00013378	0.039281	-0.63561
935.16	0.021971	-0.050526	-0.1278	-0.16316	-0.24069	-0.28207	-0.3325	-0.39472	-0.36527	-0.39586	-0.27294	-0.13862	0.13426	0.70111	0.8248	0.63099	0.14956	-0.2925	-0.45359	-0.50833	-0.51824	-0.48226	-0.42332	-0.3347	-0.23759	-0.22919	-0.14365	-0.091294	0.01083	0.048022	-0.31916
935.58	0.023621	-0.046633	-0.12037	-0.1655	-0.2451	-0.27844	-0.34776	-0.38553	-0.39515	-0.37846	-0.20021	-0.22347	0.15049	0.53108	0.78037	0.6307	0.21254	-0.22481	-0.40163	-0.47995	-0.49041	-0.4626	-0.41669	-0.32636	-0.22525	-0.20666	-0.14042	-0.071029	0.00095421	0.029734	-0.011905
935.69	0.01532	-0.043532	-0.12118	-0.19283	-0.26223	-0.3056	-0.35929	-0.41415	-0.42199	-0.43007	-0.34539	-0.18947	0.15049	0.47446	0.7979	0.65622	0.30586	-0.12829	-0.33417	-0.42787	-0.45221	-0.43973	-0.36758	-0.3075	-0.20917	-0.20023	-0.13803	-0.071771	0.0050671	0.039259	0.34547
936.22	0.012823	-0.041186	-0.12193	-0.20156	-0.25847	-0.30805	-0.38065	-0.43191	-0.44308	-0.53308	-0.45403	-0.35058	-0.036978	0.61955	0.71815	0.7155	0.34496	-0.090515	-0.26112	-0.38416	-0.41302	-0.41752	-0.37701	-0.29668	-0.21516	-0.21052	-0.13558	-0.08146	0.0099963	0.028919	0.7058
