12812	4	3	91	24.6	760	1	20	10	3.496	128	4096	10	0	0	0	0	447.43	943.36	1.4422e+006	0.11534	0.15142	39.893	0	0	1	0	0	0	11	0	0
940.56	0.067529	0.034314	-0.073405	-0.21448	-0.33834	-0.27928	-0.63889	-0.86346	-1.1288	-1.7231	-2.3323	-2.8823	-3.5569	-3.9985	-2.4023	-0.89053	0.13103	0.81415	0.84821	0.71598	0.54438	0.40334	0.29482	0.23444	0.19997	0.16545	0.16505	0.13927	0.10188	0.099945	12.162
928.75	0.059194	0.013695	-0.10403	-0.22126	-0.34902	-0.28018	-0.64702	-0.90579	-1.1774	-1.6929	-2.4077	-3.1841	-3.7828	-4.3831	-2.797	-1.1081	0.03948	0.80152	0.87322	0.74228	0.57828	0.4289	0.33098	0.25062	0.19943	0.17805	0.16158	0.13425	0.10732	0.085216	12.467
909.68	0.032266	-0.015476	-0.11211	-0.25734	-0.41114	-0.30681	-0.71687	-0.94499	-1.2241	-2.0118	-2.4488	-3.1198	-3.9208	-4.6245	-3.1457	-1.2366	-0.060753	0.78674	0.87862	0.76047	0.6046	0.4631	0.33792	0.27103	0.21776	0.19661	0.18448	0.14477	0.095184	0.099255	12.824
886.86	0.033096	-0.034658	-0.12277	-0.30555	-0.4341	-0.33877	-0.75077	-0.99349	-1.3223	-2.0908	-2.7033	-3.2539	-4.4602	-5.1698	-3.6358	-1.5563	-0.21522	0.7385	0.86731	0.78543	0.627	0.46164	0.33813	0.2685	0.22256	0.1873	0.16837	0.13032	0.09156	0.07835	13.135
861.24	-0.0028853	-0.052508	-0.15667	-0.34698	-0.47154	-0.36219	-0.81246	-1.0826	-1.4312	-2.2091	-2.8034	-3.4705	-4.7966	-5.5518	-3.7631	-1.7695	-0.34438	0.72425	0.87693	0.80973	0.63948	0.48731	0.35605	0.28449	0.22337	0.18591	0.16393	0.13094	0.081776	0.066876	13.566
836.55	-0.0094677	-0.06358	-0.18052	-0.36352	-0.50768	-0.39446	-0.87955	-1.1741	-1.5203	-2.1876	-3.0181	-3.7059	-5.0749	-6.2217	-4.2094	-2.0697	-0.51297	0.69656	0.87914	0.84316	0.68468	0.50548	0.37736	0.31853	0.24877	0.21111	0.17319	0.12475	0.082349	0.059082	13.924
814.62	-0.011628	-0.071517	-0.18444	-0.3576	-0.52135	-0.41012	-0.93156	-1.2603	-1.633	-2.474	-3.2453	-4.0495	-5.6423	-6.6584	-4.829	-2.341	-0.69701	0.66393	0.88481	0.89232	0.72083	0.54626	0.40508	0.34404	0.26162	0.21587	0.18875	0.12897	0.076064	0.040608	14.387
793.62	-0.035417	-0.082535	-0.19222	-0.35188	-0.54366	-0.43442	-0.97893	-1.3042	-1.7405	-2.6003	-3.588	-4.4269	-5.9741	-7.2156	-5.2685	-2.9559	-0.89693	0.62978	0.88326	0.90587	0.75521	0.57367	0.45753	0.36472	0.27214	0.24519	0.20307	0.14828	0.074198	0.060405	14.826
775.93	-0.023215	-0.096552	-0.20055	-0.39871	-0.55932	-0.47289	-1.031	-1.3784	-1.806	-2.8153	-3.8011	-4.5483	-6.5035	-7.7991	-5.9307	-3.2187	-1.1287	0.57009	0.87409	0.93372	0.80179	0.63159	0.48057	0.37501	0.29309	0.24402	0.2096	0.15708	0.076882	0.03976	15.259
763.7	-0.07849	-0.11517	-0.21981	-0.41692	-0.61918	-0.48691	-1.0787	-1.4426	-1.8959	-2.892	-4.0065	-4.7147	-7.0472	-8.4685	-6.5657	-3.7614	-1.3895	0.49216	0.83142	0.96226	0.82358	0.65412	0.46757	0.39707	0.31277	0.26461	0.21102	0.15776	0.069044	0.024828	15.772
757.69	-0.071939	-0.11895	-0.22459	-0.43712	-0.6252	-0.47994	-1.0806	-1.5157	-2.0037	-2.9044	-4.1504	-5.0981	-7.6265	-9.1543	-6.9008	-4.1704	-1.6614	0.41373	0.79833	0.95831	0.83913	0.65827	0.4971	0.41235	0.32564	0.26869	0.22442	0.13866	0.052326	0.024047	16.23
755.01	-0.079394	-0.14143	-0.24568	-0.43369	-0.66548	-0.50448	-1.136	-1.5069	-2.0618	-3.1067	-4.3563	-5.3793	-8.1789	-9.7476	-7.395	-4.7349	-1.9119	0.3217	0.76522	0.98074	0.86725	0.69517	0.52679	0.42295	0.34006	0.28155	0.24089	0.15772	0.056591	0.019211	16.715
754.58	-0.10311	-0.14535	-0.26207	-0.45987	-0.6513	-0.51999	-1.1701	-1.592	-2.11	-3.2259	-4.5839	-5.7402	-8.6384	-10.284	-8.0223	-5.2029	-2.2043	0.20223	0.70441	0.97178	0.86976	0.69976	0.53307	0.42624	0.3412	0.28569	0.2273	0.14667	0.035205	0.018237	17.196
755.97	-0.12551	-0.16712	-0.25955	-0.46997	-0.66351	-0.54401	-1.2147	-1.6124	-2.159	-3.1134	-4.8225	-5.7717	-9.0261	-10.725	-8.4548	-5.5311	-2.4708	0.099785	0.64392	0.97315	0.8792	0.7152	0.55698	0.44876	0.37085	0.29904	0.23275	0.16401	0.0443	-0.0004712	17.675
761.34	-0.12463	-0.14787	-0.25672	-0.45282	-0.65994	-0.55095	-1.2298	-1.6312	-2.2273	-3.3771	-4.967	-5.9918	-9.5134	-11.186	-8.991	-6.1001	-2.7392	0.0063625	0.59217	0.98516	0.89894	0.74651	0.59557	0.46975	0.37105	0.32647	0.26318	0.17666	0.05612	0.0044127	18.157
768.85	-0.10422	-0.15113	-0.24325	-0.43175	-0.66888	-0.47938	-1.2009	-1.6283	-2.1979	-3.2184	-4.9847	-5.9643	-9.7875	-11.745	-9.4395	-6.5802	-3.0512	-0.12181	0.50243	0.97449	0.91485	0.77213	0.61031	0.49605	0.39626	0.34277	0.28467	0.18587	0.070584	0.024661	18.625
776.47	-0.1282	-0.16644	-0.26158	-0.43721	-0.64273	-0.47679	-1.2095	-1.6675	-2.2878	-3.3424	-5.0342	-6.3355	-10.232	-12.36	-9.9736	-6.9062	-3.3232	-0.23796	0.44366	0.96494	0.91663	0.77372	0.61305	0.49907	0.41264	0.35003	0.28854	0.22104	0.082774	0.048343	19.092
783.55	-0.13101	-0.1788	-0.26606	-0.45151	-0.65418	-0.48715	-1.2133	-1.6798	-2.3096	-3.3636	-4.9671	-6.3999	-10.48	-12.664	-10.462	-7.3123	-3.6002	-0.36886	0.37412	0.96539	0.9287	0.79095	0.62384	0.51021	0.41348	0.34686	0.29915	0.1958	0.06533	0.031786	19.589
791.37	-0.16307	-0.1871	-0.27795	-0.45181	-0.66052	-0.48026	-1.205	-1.6865	-2.3064	-3.422	-5.3042	-6.6176	-10.752	-13.15	-10.724	-7.9056	-3.9054	-0.49694	0.29627	0.94575	0.93199	0.79312	0.65096	0.54485	0.44012	0.38889	0.30928	0.20803	0.063713	0.0098772	20.108
799.3	-0.17505	-0.21606	-0.28766	-0.42661	-0.64445	-0.48987	-1.1597	-1.7157	-2.3178	-3.5493	-5.3685	-6.7806	-10.674	-13.511	-11.34	-8.3164	-4.1743	-0.63783	0.20064	0.92139	0.92275	0.80701	0.64827	0.52987	0.44291	0.37847	0.31455	0.20684	0.063082	0.012568	20.595
808.09	-0.18852	-0.22446	-0.26652	-0.42756	-0.64686	-0.45712	-1.2622	-1.6791	-2.2953	-3.5207	-5.4362	-6.874	-10.775	-13.982	-11.716	-8.8086	-4.5091	-0.77311	0.12312	0.89755	0.93151	0.80411	0.67383	0.54686	0.44429	0.39105	0.33218	0.22974	0.074775	0.0299	21.105
817.72	-0.21479	-0.24396	-0.27462	-0.44093	-0.65784	-0.52902	-1.2032	-1.6865	-2.3216	-3.4398	-5.5487	-7.133	-10.9	-14.436	-12.355	-9.3392	-4.8279	-0.94067	0.047222	0.85477	0.92239	0.83041	0.6797	0.57883	0.4618	0.39652	0.31832	0.22103	0.067306	0.017735	21.604
825.53	-0.20711	-0.1934	-0.29986	-0.4322	-0.63216	-0.50811	-1.1892	-1.7874	-2.3741	-3.3779	-5.5785	-7.1424	-10.825	-14.858	-12.658	-9.6084	-5.0764	-1.0252	-0.026975	0.86408	0.93574	0.84171	0.70426	0.60026	0.48169	0.42001	0.35384	0.2495	0.087176	0.031969	22.149
828.96	-0.1922	-0.22493	-0.28846	-0.45221	-0.64484	-0.49809	-1.2156	-1.7329	-2.3767	-3.4514	-5.5964	-7.2279	-11.038	-15.28	-13.212	-10.146	-5.402	-1.1784	-0.11181	0.84318	0.95111	0.85445	0.72678	0.62458	0.51162	0.42822	0.3729	0.26199	0.0961	0.048865	22.634
830.56	-0.21614	-0.26722	-0.32756	-0.47852	-0.63342	-0.4991	-1.2619	-1.7471	-2.3668	-3.5127	-5.5345	-7.3287	-11.163	-15.752	-13.673	-10.636	-5.7421	-1.3511	-0.19726	0.8454	0.93647	0.87089	0.72628	0.6326	0.52614	0.46168	0.36506	0.26317	0.089428	0.027303	23.125
831.95	-0.25124	-0.29637	-0.3353	-0.48134	-0.62221	-0.52491	-1.2641	-1.8676	-2.4918	-3.4681	-5.6375	-7.4788	-11.337	-16.389	-14.097	-11.088	-6.1036	-1.4889	-0.29479	0.80466	0.9559	0.87799	0.75764	0.64444	0.52956	0.47172	0.39468	0.26442	0.09298	0.022791	23.667
830.78	-0.28712	-0.3151	-0.37635	-0.46299	-0.66479	-0.46736	-1.3571	-1.861	-2.5701	-3.2985	-5.6148	-7.8336	-11.518	-16.767	-14.732	-11.719	-6.4534	-1.658	-0.38527	0.79715	0.95908	0.89827	0.77231	0.67209	0.54064	0.48952	0.39257	0.27491	0.094963	0.014775	24.154
825.75	-0.30673	-0.35035	-0.37401	-0.53145	-0.632	-0.58154	-1.2832	-2.0811	-2.7587	-3.338	-5.433	-7.6408	-11.801	-17.125	-15.371	-12.457	-6.862	-1.8252	-0.48622	0.77978	0.97228	0.93534	0.79524	0.6966	0.57598	0.48797	0.41198	0.27743	0.093679	0.017563	24.665
817.19	-0.3356	-0.40188	-0.40699	-0.51583	-0.67688	-0.49623	-1.2905	-2.1366	-3.1769	-3.6884	-5.1678	-7.3612	-11.691	-17.619	-15.754	-12.88	-7.1064	-1.9206	-0.53799	0.80357	1.0168	0.96836	0.83949	0.73014	0.59952	0.52243	0.43803	0.29749	0.091835	0.01684	25.171
804.87	-0.38704	-0.45212	-0.47603	-0.5817	-0.68514	-0.48852	-1.3792	-2.7471	-3.6455	-3.865	-4.7511	-6.5264	-11.33	-17.541	-15.739	-12.959	-7.3312	-2.0102	-0.56444	0.83471	1.0532	1.0117	0.87478	0.7575	0.64512	0.54997	0.45024	0.29682	0.089414	-0.0013652	25.647
791.26	-0.43884	-0.52214	-0.5336	-0.59837	-0.71934	-0.5073	-1.3455	-3.475	-4.2982	-4.4811	-5.8523	-7.251	-10.465	-14.499	-14.019	-12.344	-6.8909	-1.9078	-0.45457	0.89646	1.1077	1.074	0.91076	0.79279	0.65803	0.56322	0.45425	0.30724	0.077337	0.0014268	26.091
778.18	-0.50308	-0.62491	-0.58884	-0.65099	-0.69234	-0.3903	-1.6573	-4.129	-4.495	-5.3431	-5.8306	-6.0867	-8.1705	-10.575	-10.482	-10.193	-5.845	-1.5433	-0.24824	0.99152	1.1595	1.1215	0.96572	0.83171	0.68931	0.57943	0.47614	0.3088	0.049958	-0.039604	26.555
764.88	-0.57376	-0.65946	-0.65718	-0.6072	-0.59833	-0.41211	-2.019	-4.2229	-5.05	-5.3202	-5.599	-6.8261	-6.9066	-6.9332	-7.6554	-8.5133	-5.0042	-1.2396	-0.10775	1.039	1.1956	1.1359	0.99236	0.86321	0.69475	0.58951	0.47572	0.31142	0.041773	-0.057778	26.968
750.17	-0.59639	-0.68011	-0.64861	-0.53381	-0.53798	-0.52961	-2.8364	-4.8295	-4.7033	-5.3279	-5.1201	-5.4033	-5.2729	-4.9628	-6.4752	-7.2121	-4.3649	-0.97175	0.054403	1.1062	1.2524	1.1592	1.0068	0.85664	0.6893	0.58208	0.47814	0.29511	0.0077162	-0.10249	27.375
734.92	-0.64047	-0.74252	-0.6037	-0.45578	-0.5273	-0.65564	-4.0729	-4.9871	-4.6056	-4.8357	-4.5563	-4.5211	-4.604	-4.2737	-5.8352	-6.1782	-3.8697	-0.76072	0.16932	1.1303	1.2536	1.1844	1.0093	0.86087	0.69777	0.59417	0.46793	0.28979	-0.026679	-0.10664	27.757
720.94	-0.65073	-0.75792	-0.54208	-0.48237	-0.68403	-1.0122	-4.8131	-4.968	-4.3275	-4.2032	-4.1499	-4.0027	-3.1804	-3.8532	-5.3764	-5.4457	-3.5675	-0.6081	0.23975	1.1577	1.2727	1.2018	1.0226	0.85631	0.70832	0.58697	0.46161	0.26237	-0.047476	-0.12829	28.092
709	-0.62774	-0.69917	-0.51555	-0.58817	-1.0853	-1.8003	-5.1058	-4.4844	-3.5688	-3.9672	-3.6929	-3.678	-4.1269	-3.5023	-5.1761	-4.6932	-3.2839	-0.48752	0.33483	1.1941	1.3155	1.2254	1.0398	0.89234	0.7253	0.61166	0.49234	0.26283	-0.0081156	-0.12521	28.419
698.67	-0.61702	-0.67945	-0.58129	-0.82204	-1.7907	-2.4296	-5.2742	-4.4739	-3.3314	-3.0575	-3.2978	-3.2435	-3.5657	-3.0671	-3.8243	-4.2829	-2.6976	-0.27386	0.48991	1.2506	1.3219	1.2288	1.0455	0.89896	0.72067	0.60247	0.47315	0.27274	-0.029166	-0.12812	28.69
688.22	-0.5508	-0.64241	-0.72258	-1.2469	-2.6368	-2.9495	-4.9183	-3.9318	-3.2336	-2.8815	-2.9653	-2.8311	-2.8994	-2.839	-3.1753	-3.9072	-2.3412	-0.17306	0.56876	1.2823	1.3552	1.2521	1.0734	0.88589	0.73577	0.59746	0.46314	0.27688	-0.030724	-0.12575	28.937
680.46	-0.5411	-0.67102	-0.92109	-1.729	-3.2616	-3.1448	-4.578	-3.3383	-3.077	-3.0564	-2.6747	-2.408	-2.3047	-2.1937	-2.5206	-3.4006	-2.0155	-0.015802	0.63237	1.3134	1.364	1.2454	1.0679	0.89374	0.71367	0.60757	0.44341	0.25532	-0.03786	-0.13373	29.128
675.4	-0.56355	-0.69107	-1.1571	-2.3081	-3.8228	-3.2839	-4.1243	-2.9947	-2.9204	-2.5426	-2.1416	-2.3438	-2.2769	-2.2661	-2.4784	-3.2961	-1.9103	0.0071721	0.66861	1.3102	1.3405	1.2337	1.0447	0.87435	0.69043	0.56663	0.44235	0.23337	-0.058655	-0.12814	29.276
668.93	-0.57945	-0.74322	-1.4272	-2.874	-4.2589	-3.4518	-3.6736	-2.7591	-2.837	-2.4107	-2.5177	-2.3071	-2.6866	-2.0959	-2.5271	-3.3041	-1.8097	0.083321	0.71017	1.3229	1.3694	1.2515	1.0694	0.87937	0.68641	0.53962	0.39244	0.22515	-0.066123	-0.16936	29.413
660.3	-0.68933	-0.89882	-1.686	-3.2854	-4.5142	-3.3254	-3.2956	-2.3914	-2.5794	-2.4788	-2.0105	-2.1568	-2.0864	-2.1232	-2.2228	-2.7914	-1.6326	0.1764	0.75055	1.3124	1.3458	1.2248	1.007	0.81544	0.65314	0.51489	0.35611	0.15169	-0.15556	-0.25372	29.498
650.48	-0.92175	-1.1696	-2.1637	-3.7493	-4.6187	-3.2115	-3.0471	-2.3957	-2.2498	-1.8847	-1.7798	-1.6764	-1.4378	-2.2134	-1.9648	-2.6985	-1.5195	0.24342	0.80135	1.3309	1.3475	1.191	0.99446	0.81951	0.57943	0.4616	0.27278	0.044102	-0.25373	-0.39233	29.534
640.55	-1.2015	-1.4625	-2.6469	-4.1752	-4.6903	-3.0255	-2.7081	-2.3371	-2.19	-1.7253	-1.5025	-1.9132	-1.7815	-1.7638	-1.8536	-2.4787	-1.2823	0.36893	0.90881	1.3628	1.3174	1.1774	0.957	0.7461	0.52811	0.36463	0.19962	-0.033975	-0.43066	-0.54456	29.552
630.94	-1.5484	-1.8728	-3.0843	-4.3438	-4.4899	-2.6579	-2.435	-2.1104	-1.9232	-1.3686	-1.337	-1.2499	-1.4219	-1.2155	-1.5289	-1.922	-1.0165	0.50595	0.9587	1.3443	1.3134	1.1301	0.90835	0.69069	0.45114	0.30841	0.12059	-0.15444	-0.5909	-0.78838	29.615
621.97	-1.8304	-2.1676	-3.4022	-4.3338	-4.1091	-2.2383	-2.0736	-1.8563	-1.6393	-1.479	-1.247	-1.3957	-1.2339	-1.2087	-1.3653	-1.9369	-0.83776	0.60562	1.0315	1.374	1.2908	1.1083	0.87304	0.61196	0.3829	0.20321	0.0069468	-0.31101	-0.83697	-1.0602	29.598
612.35	-2.2167	-2.3175	-3.4532	-4.0885	-3.5154	-1.7681	-1.8152	-1.5277	-1.3835	-1.0287	-0.97541	-1.1711	-0.94188	-1.0302	-1.3733	-1.7067	-0.68703	0.68886	1.0633	1.3591	1.2578	1.0586	0.78841	0.5415	0.26744	0.081561	-0.15242	-0.53674	-1.2271	-1.4748	29.578
606.84	-3.7224	-2.7348	-3.0831	-3.5575	-2.762	-1.2539	-1.4716	-1.3206	-1.1779	-1.0645	-0.83033	-0.90687	-0.97559	-0.90249	-1.4537	-1.3277	-0.50769	0.76005	1.0923	1.3136	1.2029	0.97045	0.69634	0.42901	0.12371	-0.077015	-0.35618	-0.85223	-1.8406	-2.2791	29.643
608.03	-7.0775	-5.7313	-2.6789	-2.8362	-1.9965	-0.79788	-1.2457	-1.1593	-0.92978	-0.79749	-0.64715	-0.74831	-1.0239	-0.73909	-1.2067	-1.2595	-0.2358	0.88141	1.1625	1.3189	1.1656	0.92954	0.63804	0.32863	0.048185	-0.1878	-0.47472	-0.99347	-2.2597	-2.9663	29.565
615.49	-8.9887	-8.9237	-2.8904	-2.2283	-1.5055	-0.69885	-1.1322	-1.0121	-0.84399	-0.81401	-0.81866	-0.77796	-1.0734	-0.74241	-0.93746	-0.97191	-0.069878	0.98142	1.1985	1.3146	1.1712	0.91056	0.65721	0.36075	0.09757	-0.12829	-0.40646	-0.92792	-2.2061	-2.9871	29.641
625.65	-8.7993	-9.5255	-3.7214	-1.8973	-1.3446	-0.64289	-1.07	-0.94297	-0.74633	-0.5433	-0.37106	-0.4987	-0.6171	-0.80284	-0.88269	-0.67552	0.075749	1.056	1.2634	1.334	1.1946	0.93875	0.68383	0.42469	0.14743	-0.049544	-0.33956	-0.84565	-2.0793	-2.8329	29.541
641.2	-7.8654	-8.4405	-4.5476	-1.8419	-1.2685	-0.70795	-1.0047	-0.86394	-0.76168	-0.65574	-0.41503	-0.8211	-0.51887	-0.39428	-0.88701	-0.7338	0.12887	1.0662	1.2751	1.2992	1.1455	0.92214	0.64729	0.42155	0.1617	-0.027303	-0.27594	-0.75192	-1.9184	-2.5406	29.572
662.35	-6.4455	-7.423	-4.1629	-1.9092	-1.362	-0.72004	-1.0009	-0.84329	-0.82671	-0.82939	-0.83766	-0.73493	-0.90533	-0.70129	-0.84622	-0.68628	0.10394	0.99254	1.1702	1.2203	1.047	0.82585	0.58912	0.34448	0.1047	-0.086401	-0.34643	-0.78186	-1.8142	-2.382	29.728
688.44	-5.3181	-5.7867	-3.5456	-1.9626	-1.4159	-0.76787	-1.0154	-0.8681	-0.93617	-1.0086	-0.86756	-0.9263	-0.85996	-0.79554	-1.1257	-0.72981	0.028779	0.90127	1.0832	1.0791	0.93457	0.7176	0.47823	0.23015	-0.0083529	-0.17675	-0.37844	-0.78786	-1.6459	-2.0953	29.558
716.75	-4.2143	-4.3759	-3.2356	-1.9355	-1.4272	-0.82114	-1.095	-1.038	-1.0602	-0.99119	-0.89254	-1.0005	-1.092	-1.0489	-1.2653	-0.83461	-0.035421	0.79238	0.96878	0.98856	0.83621	0.63299	0.41838	0.17617	-0.02399	-0.17813	-0.35214	-0.72155	-1.4403	-1.7928	29.34
744.27	-2.8368	-3.2575	-2.4428	-1.871	-1.4312	-0.85255	-1.1282	-1.1499	-1.1125	-1.052	-0.82533	-1.0596	-1.0107	-0.93901	-1.1077	-0.8788	-0.079403	0.75977	0.94085	0.96165	0.81957	0.60746	0.39381	0.19848	0.0038068	-0.1504	-0.31526	-0.61767	-1.1678	-1.444	29.174
772.39	-2.0761	-2.3071	-1.7656	-1.531	-1.3331	-0.80131	-1.2458	-1.232	-1.1926	-1.1179	-1.0701	-1.1856	-1.1318	-1.1397	-1.2596	-0.99145	-0.13801	0.71723	0.89329	0.9318	0.79858	0.58841	0.39701	0.22498	0.052747	-0.068271	-0.21566	-0.45184	-0.87224	-1.0673	28.848
804.34	-1.2474	-1.4051	-1.2841	-1.153	-1.2592	-0.82051	-1.2878	-1.3173	-1.2805	-1.1737	-1.1965	-1.3459	-1.1722	-1.1979	-1.3839	-1.0017	-0.21253	0.68976	0.85417	0.91265	0.79046	0.6024	0.44114	0.28081	0.1049	-0.010585	-0.12891	-0.32238	-0.65964	-0.78654	28.616
840.51	-0.92029	-1.0672	-1.0839	-1.0541	-1.1457	-0.80961	-1.3448	-1.35	-1.3548	-1.3244	-1.2461	-1.3636	-1.4485	-1.3262	-1.4224	-1.139	-0.26902	0.6464	0.85057	0.90946	0.78265	0.62633	0.43469	0.29333	0.15654	0.059421	-0.046791	-0.21347	-0.44814	-0.53435	28.361
875.55	-0.61652	-0.74816	-0.91099	-0.95171	-1.1259	-0.87002	-1.3775	-1.373	-1.3825	-1.3726	-1.2253	-1.5177	-1.2947	-1.3681	-1.5256	-1.3212	-0.33525	0.61397	0.82574	0.9086	0.79382	0.6392	0.47231	0.32622	0.21808	0.11867	0.037045	-0.091283	-0.29749	-0.36021	28.052
902.54	-0.62476	-0.71937	-0.73604	-0.94077	-1.1868	-0.87584	-1.3994	-1.4117	-1.4526	-1.4208	-1.5556	-1.3843	-1.3658	-1.4947	-1.6171	-1.4055	-0.40671	0.58197	0.7978	0.90531	0.79953	0.649	0.49989	0.38098	0.24564	0.16661	0.086757	-0.034206	-0.21101	-0.28688	27.784
920.97	-0.45628	-0.57049	-0.81614	-1.0478	-1.352	-0.91446	-1.4356	-1.4749	-1.4991	-1.5673	-1.4783	-1.5204	-1.4793	-1.5551	-1.728	-1.5074	-0.46346	0.54358	0.77307	0.89238	0.81568	0.66176	0.49888	0.38333	0.27101	0.19745	0.10912	-0.0076538	-0.16918	-0.23192	27.499
936.84	-0.37479	-0.48971	-0.80886	-1.145	-1.3905	-0.9603	-1.4321	-1.4745	-1.5234	-1.4376	-1.4533	-1.4862	-1.4868	-1.4481	-1.5843	-1.4393	-0.48914	0.51948	0.77094	0.89346	0.80106	0.659	0.5065	0.37357	0.26031	0.16771	0.10174	0.0051926	-0.13593	-0.19627	27.19
950.14	-0.38752	-0.50801	-0.91043	-1.1963	-1.4813	-0.9961	-1.5039	-1.5022	-1.4881	-1.4937	-1.4508	-1.4487	-1.5222	-1.3642	-1.6229	-1.4611	-0.49358	0.51999	0.74316	0.88011	0.79464	0.63978	0.49149	0.3635	0.24613	0.17561	0.093313	-0.0022565	-0.13969	-0.17007	26.825
954.39	-0.398	-0.4845	-0.92563	-1.2406	-1.4454	-1.0269	-1.5002	-1.4666	-1.4497	-1.428	-1.4177	-1.4422	-1.4435	-1.3977	-1.5033	-1.3793	-0.47291	0.52541	0.75369	0.87619	0.77996	0.62865	0.47431	0.35065	0.22555	0.16777	0.099097	-0.0044478	-0.11488	-0.15685	26.475
943.01	-0.43574	-0.56715	-0.96605	-1.4057	-1.5632	-1.0628	-1.4556	-1.425	-1.413	-1.5136	-1.3267	-1.3417	-1.3881	-1.3264	-1.5827	-1.3283	-0.46156	0.55438	0.77367	0.89522	0.80065	0.65049	0.48961	0.35813	0.24951	0.18251	0.10736	0.0096159	-0.11382	-0.17766	26.059
923.64	-0.45665	-0.55787	-1.1414	-1.5256	-1.6564	-1.0398	-1.4221	-1.3645	-1.3378	-1.4145	-1.2534	-1.2323	-1.5493	-1.2969	-1.598	-1.3475	-0.42314	0.57934	0.80737	0.93128	0.83306	0.67098	0.50477	0.38223	0.247	0.16686	0.095188	-0.0091482	-0.1587	-0.20793	25.641
909.36	-0.53042	-0.63273	-1.2326	-1.6729	-1.688	-1.0336	-1.3762	-1.2882	-1.2831	-1.2861	-1.2544	-1.304	-1.2214	-1.1925	-1.4236	-1.2897	-0.34974	0.65162	0.85715	0.95643	0.86368	0.70238	0.52677	0.37812	0.26503	0.18019	0.11539	0.0030376	-0.15611	-0.22998	25.175
903.07	-0.68629	-0.70932	-1.1869	-1.6595	-1.5182	-0.96258	-1.3131	-1.2106	-1.1716	-1.2416	-0.99048	-1.2603	-1.3312	-1.1422	-1.4609	-1.281	-0.26904	0.67525	0.87774	0.96928	0.84951	0.69327	0.51293	0.38245	0.27242	0.18062	0.09244	-0.020996	-0.21514	-0.29905	24.708
896.68	-0.78731	-0.83231	-1.3543	-1.5404	-1.5734	-0.91544	-1.2509	-1.1381	-1.0801	-1.0259	-1.0354	-1.0478	-1.1706	-1.0914	-1.2965	-0.98754	-0.16502	0.71668	0.91999	0.96996	0.8471	0.68939	0.51323	0.37151	0.24166	0.15266	0.050197	-0.046152	-0.25616	-0.35421	24.169
884.94	-1.0443	-1.0234	-1.3792	-1.6842	-1.5388	-0.93128	-1.2039	-1.1194	-1.0426	-0.99395	-0.99159	-1.0348	-1.1258	-0.96061	-1.2019	-0.91946	-0.084961	0.73824	0.92971	0.95577	0.80599	0.63956	0.46475	0.32103	0.17374	0.091163	0.0023743	-0.13861	-0.36216	-0.49661	23.666
871.07	-1.2615	-1.3149	-1.5129	-1.6574	-1.5459	-0.97816	-1.1883	-1.066	-0.95646	-0.79709	-0.76368	-0.94184	-0.85477	-0.71552	-0.937	-0.70508	0.01395	0.79335	0.92178	0.91969	0.78831	0.58439	0.42635	0.26721	0.12396	0.033246	-0.048546	-0.22931	-0.50398	-0.66317	23.135
863.38	-1.8195	-1.5875	-1.584	-1.6565	-1.4814	-0.89845	-1.1947	-1.0019	-0.88529	-0.8322	-0.74096	-0.72022	-0.75638	-0.76567	-0.91668	-0.5727	0.13919	0.80612	0.92744	0.89276	0.73201	0.54289	0.36999	0.20659	0.052989	-0.038506	-0.14923	-0.33848	-0.69653	-0.89368	22.595
859.11	-2.3311	-1.7067	-1.5723	-1.6017	-1.4159	-0.81024	-1.0437	-0.93909	-0.75708	-0.71444	-0.50743	-0.67756	-0.71575	-0.62868	-0.78682	-0.38047	0.27008	0.85121	0.93376	0.8619	0.69764	0.48576	0.30875	0.13271	-0.010857	-0.1111	-0.21542	-0.41276	-0.85944	-1.0832	22.079
846.07	-2.7075	-2.0232	-1.3756	-1.5329	-1.4697	-0.81594	-0.99582	-0.84852	-0.74688	-0.55409	-0.44501	-0.519	-0.66366	-0.56689	-0.72096	-0.20711	0.35754	0.86918	0.91954	0.81953	0.64108	0.43437	0.24411	0.068655	-0.077808	-0.15445	-0.28345	-0.48289	-0.94636	-1.2088	21.541
819.43	-2.642	-2.0819	-1.4923	-1.4293	-1.5123	-0.81441	-1.0035	-0.77606	-0.69352	-0.63106	-0.51128	-0.4971	-0.51769	-0.58532	-0.75447	-0.067769	0.41872	0.88942	0.9351	0.80332	0.61929	0.39928	0.21438	0.045643	-0.117	-0.218	-0.3378	-0.54818	-1.0344	-1.2834	20.986
786.12	-2.6749	-2.1379	-1.458	-1.4305	-1.3185	-0.78523	-1.0002	-0.77289	-0.71349	-0.66807	-0.40333	-0.61922	-0.57844	-0.52356	-0.59758	0.010565	0.47642	0.89578	0.9514	0.78356	0.58082	0.36792	0.16506	-0.019667	-0.15653	-0.26728	-0.39635	-0.60261	-1.0645	-1.3208	20.476
755.01	-2.4098	-2.1022	-1.4278	-1.331	-1.2889	-0.69256	-0.98983	-0.86258	-0.75759	-0.81295	-0.82483	-0.83411	-0.83464	-0.77545	-0.72053	-0.22155	0.51838	0.92183	0.95466	0.74397	0.53234	0.315	0.10706	-0.046857	-0.19898	-0.31602	-0.43816	-0.62837	-1.0982	-1.3103	19.945
729.65	-1.9817	-1.935	-1.385	-1.2596	-1.1924	-0.657	-0.9491	-0.89046	-0.8113	-0.85223	-0.88841	-0.93931	-0.76955	-0.68843	-0.8925	-0.032363	0.55004	0.94261	0.96673	0.73592	0.50921	0.29561	0.089112	-0.066336	-0.21472	-0.33419	-0.43311	-0.62044	-1.033	-1.2326	19.511
706.74	-1.7394	-1.5551	-1.1253	-1.2696	-1.1389	-0.63417	-0.94926	-0.92258	-0.82713	-0.95964	-0.78505	-0.75621	-0.97799	-0.78562	-0.73473	-0.06729	0.59714	0.98595	0.98769	0.74171	0.51282	0.26268	0.071765	-0.089082	-0.21459	-0.31745	-0.42621	-0.59296	-0.95871	-1.1159	19.029
686.39	-1.3373	-1.2551	-1.0203	-1.1219	-1.0878	-0.59318	-0.94378	-0.87626	-0.99285	-0.94116	-0.90729	-1.0332	-0.95141	-1.0292	-0.80457	0.12837	0.626	1.0307	1.0287	0.76835	0.53245	0.29235	0.10131	-0.057123	-0.20428	-0.29629	-0.3925	-0.55745	-0.82457	-0.96175	18.619
675.61	-1.038	-1.125	-0.83812	-0.97265	-1.0101	-0.60871	-0.9268	-0.90498	-1.0831	-1.1588	-1.0349	-1.2143	-1.0569	-1.2023	-0.87846	0.15403	0.67795	1.0435	1.0484	0.76407	0.53869	0.29116	0.080644	-0.069373	-0.19484	-0.27107	-0.37467	-0.48545	-0.72496	-0.80004	18.183
680.36	-0.85503	-0.78823	-0.78837	-0.96808	-0.93597	-0.53449	-0.83448	-0.98763	-1.0919	-0.96134	-0.76555	-0.99569	-1.1056	-1.0161	-0.73899	0.094315	0.67209	1.0411	1.0292	0.76344	0.52378	0.27635	0.083401	-0.057629	-0.16614	-0.25486	-0.32204	-0.42439	-0.57626	-0.6241	17.709
695.76	-0.67651	-0.76453	-0.80725	-0.88606	-0.86667	-0.49671	-0.87198	-1.0605	-1.0816	-1.0674	-0.9561	-1.1221	-0.98244	-1.0914	-0.79374	0.17252	0.69795	1.0322	1.0201	0.73048	0.51436	0.28273	0.0848	-0.038737	-0.14807	-0.21367	-0.28301	-0.3596	-0.4905	-0.51737	17.312
716.1	-0.602	-0.65381	-0.71478	-0.81779	-0.78069	-0.43445	-0.89555	-1.0228	-1.025	-0.86836	-1.0949	-1.0902	-1.093	-1.2504	-0.87486	-0.044113	0.6899	0.98223	0.984	0.70415	0.47324	0.2493	0.087644	-0.053683	-0.15785	-0.21597	-0.25844	-0.34841	-0.43466	-0.46117	16.886
739.86	-0.63619	-0.61715	-0.71771	-0.69284	-0.69966	-0.45489	-0.97402	-1.0169	-0.96509	-1.08	-0.97943	-0.93707	-1.0476	-1.1694	-0.81332	0.12989	0.69052	0.9762	0.95933	0.69664	0.44573	0.24664	0.07771	-0.047816	-0.13635	-0.20397	-0.24014	-0.29649	-0.39158	-0.42527	16.399
770.03	-0.5558	-0.60237	-0.63089	-0.63442	-0.65468	-0.45519	-0.9471	-0.94823	-0.9119	-0.97492	-0.91901	-0.8591	-0.9075	-1.1236	-0.87783	0.28025	0.68038	0.93475	0.92079	0.631	0.40164	0.22157	0.042408	-0.067831	-0.15701	-0.20376	-0.24322	-0.31036	-0.39822	-0.40572	15.979
806.27	-0.49616	-0.50075	-0.56548	-0.57696	-0.67452	-0.47648	-0.83924	-0.86095	-0.87551	-0.84118	-0.79344	-0.91901	-0.88563	-1.2513	-0.7054	0.24787	0.65835	0.88765	0.83939	0.59572	0.36946	0.16553	0.030231	-0.096141	-0.16238	-0.22528	-0.2534	-0.29293	-0.35742	-0.37182	15.558
843.5	-0.41258	-0.45975	-0.52508	-0.60236	-0.68481	-0.47101	-0.8039	-0.81568	-0.76231	-0.76585	-0.7987	-0.82195	-0.93696	-1.0705	-0.60583	0.19907	0.64564	0.829	0.77624	0.52684	0.32254	0.14978	0.016403	-0.091896	-0.16369	-0.2029	-0.24133	-0.29495	-0.36353	-0.36685	15.121
872.88	-0.38001	-0.41938	-0.49775	-0.60623	-0.6879	-0.44105	-0.76445	-0.70397	-0.69258	-0.76776	-0.78154	-0.81248	-0.77436	-1.1471	-0.50984	0.33866	0.6555	0.79922	0.76272	0.50728	0.30385	0.13749	0.011538	-0.10811	-0.14753	-0.20466	-0.23999	-0.26977	-0.32309	-0.32471	14.666
893.8	-0.35374	-0.39093	-0.48696	-0.58868	-0.66613	-0.41696	-0.6933	-0.63778	-0.65734	-0.83091	-0.67774	-0.66904	-0.81595	-0.97647	-0.50715	0.42893	0.65817	0.78052	0.74159	0.4713	0.28825	0.11658	0.008743	-0.07901	-0.13927	-0.18561	-0.21368	-0.2321	-0.27678	-0.29717	14.275
909.36	-0.31012	-0.39858	-0.48537	-0.58688	-0.64265	-0.35837	-0.60291	-0.5898	-0.60134	-0.54208	-0.62881	-0.57898	-0.86072	-1.0013	-0.40777	0.29874	0.67639	0.7807	0.71034	0.45797	0.26829	0.11024	0.0069371	-0.090295	-0.13846	-0.17337	-0.20921	-0.24662	-0.26105	-0.27737	13.822
919.27	-0.32283	-0.3864	-0.49763	-0.64442	-0.62285	-0.33397	-0.54934	-0.56177	-0.52162	-0.58882	-0.63125	-0.8406	-0.68549	-1.0728	-0.42131	0.47781	0.69243	0.77854	0.70668	0.44609	0.25631	0.10647	-0.0078764	-0.089321	-0.14631	-0.17884	-0.18845	-0.22262	-0.244	-0.24286	13.438
919.16	-0.3406	-0.39511	-0.49019	-0.60027	-0.55766	-0.27507	-0.47879	-0.47349	-0.45086	-0.55383	-0.51124	-0.91849	-0.89302	-1.2456	-0.52904	0.41709	0.70251	0.75809	0.69479	0.41575	0.24725	0.091858	-0.010334	-0.099334	-0.14554	-0.17723	-0.18605	-0.19597	-0.23482	-0.24451	13.006
906.38	-0.34798	-0.41827	-0.53261	-0.52985	-0.49374	-0.23367	-0.41233	-0.42861	-0.4164	-0.46389	-0.44351	-0.98403	-1.0571	-1.1965	-0.41821	0.43179	0.72764	0.79052	0.69973	0.42426	0.25074	0.095772	-0.0079884	-0.082986	-0.13339	-0.15988	-0.18052	-0.20259	-0.25257	-0.25369	12.646
882.92	-0.38273	-0.44005	-0.52854	-0.47146	-0.43413	-0.20362	-0.41839	-0.40529	-0.42915	-0.32113	-0.48413	-1.0372	-1.1025	-1.3053	-0.41998	0.47941	0.74437	0.7827	0.69174	0.41384	0.23504	0.075031	-0.03122	-0.10862	-0.16043	-0.1845	-0.21296	-0.21909	-0.26625	-0.28231	12.244
854.94	-0.39162	-0.48664	-0.47414	-0.47016	-0.41176	-0.19108	-0.41099	-0.3845	-0.29435	-0.35049	-0.62909	-1.1083	-1.3437	-1.2331	-0.25042	0.58845	0.77858	0.81695	0.71438	0.41432	0.22941	0.068237	-0.034883	-0.10232	-0.14979	-0.18002	-0.20003	-0.23036	-0.27226	-0.30633	11.903
826.82	-0.43968	-0.47341	-0.4949	-0.45155	-0.40022	-0.17673	-0.33948	-0.29009	-0.2471	-0.4793	-0.91752	-1.2997	-1.4263	-1.403	-0.41855	0.49265	0.82267	0.82786	0.72359	0.41296	0.22343	0.062908	-0.041531	-0.12525	-0.16094	-0.19068	-0.2131	-0.25175	-0.29921	-0.33022	11.573
798.66	-0.42991	-0.47377	-0.46439	-0.4147	-0.36672	-0.12644	-0.30269	-0.23797	-0.24655	-0.58698	-0.98175	-1.2361	-1.4289	-1.4052	-0.16482	0.54996	0.86223	0.86939	0.74452	0.41853	0.218	0.049286	-0.047708	-0.13351	-0.17646	-0.19928	-0.22895	-0.24396	-0.30397	-0.33163	11.258
769.17	-0.42115	-0.41472	-0.42143	-0.40123	-0.33684	-0.096065	-0.21396	-0.27697	-0.24446	-0.72467	-1.1629	-1.459	-1.6125	-1.5868	-0.41775	0.65406	0.89927	0.88137	0.74063	0.41279	0.1997	0.039866	-0.064216	-0.14361	-0.17021	-0.17769	-0.22618	-0.23964	-0.29962	-0.31344	11.029
741.15	-0.39727	-0.39523	-0.39602	-0.33922	-0.26749	-0.035461	-0.21232	-0.14686	-0.29562	-0.78466	-1.1152	-1.3856	-1.5397	-1.3102	-0.46693	0.8403	0.93637	0.9014	0.78249	0.43593	0.20418	0.056312	-0.061567	-0.12733	-0.1641	-0.19957	-0.1978	-0.2402	-0.28499	-0.28719	10.709
717.39	-0.35955	-0.3861	-0.3803	-0.29274	-0.19272	-0.033205	-0.14797	-0.17949	-0.36007	-0.96784	-1.0338	-1.4093	-1.6333	-1.4906	-0.18349	0.83477	1.0058	0.96101	0.81454	0.46261	0.22682	0.071402	-0.046817	-0.12407	-0.14461	-0.17379	-0.18579	-0.2208	-0.28156	-0.28531	10.452
700.82	-0.32152	-0.33736	-0.29528	-0.1783	-0.18281	0.029258	-0.15661	-0.18811	-0.45514	-0.92178	-1.3733	-1.4313	-1.8895	-1.569	-0.16428	0.64955	1.0416	0.96968	0.82438	0.4781	0.23326	0.06745	-0.04685	-0.10842	-0.13374	-0.17149	-0.19335	-0.21802	-0.26296	-0.27085	10.23
688.11	-0.28119	-0.31517	-0.24173	-0.16956	-0.12969	0.095407	-0.10919	-0.21942	-0.48613	-0.98562	-1.2505	-1.4578	-1.6806	-1.4551	-0.047454	0.8935	1.0787	1.0222	0.87265	0.49041	0.25964	0.083634	-0.02365	-0.08704	-0.12373	-0.15505	-0.17757	-0.19965	-0.22756	-0.24778	10.039
676.69	-0.22398	-0.25627	-0.16882	-0.16352	-0.10317	0.018171	-0.11636	-0.29784	-0.52713	-1.0856	-1.4599	-1.7993	-1.9457	-1.4909	-0.46266	0.89677	1.1014	1.0406	0.88304	0.49279	0.25841	0.096731	-0.014037	-0.083981	-0.10363	-0.15102	-0.13137	-0.16988	-0.18364	-0.20146	9.8546
662.67	-0.18302	-0.21251	-0.18396	-0.086328	-0.11045	0.019796	-0.14168	-0.33767	-0.6142	-1.0599	-1.4523	-1.6096	-1.8257	-1.5224	-0.33554	0.95187	1.1016	1.0639	0.91943	0.50683	0.26044	0.10713	-0.00070224	-0.067262	-0.096103	-0.1282	-0.12187	-0.14281	-0.16081	-0.14966	9.6915
651.89	-0.15746	-0.17048	-0.15527	-0.10161	-0.1719	0.083078	-0.17501	-0.39614	-0.67997	-1.1763	-1.4242	-1.8069	-2.0548	-1.7563	-0.49291	0.83294	1.1398	1.0853	0.92227	0.51644	0.28223	0.11739	0.0073668	-0.04487	-0.069165	-0.076291	-0.097781	-0.11078	-0.13632	-0.12478	9.6115
646.81	-0.11308	-0.09567	-0.13635	-0.13034	-0.096171	0.031701	-0.21987	-0.45492	-0.71962	-1.198	-1.3435	-1.9315	-1.7879	-1.8169	-0.40751	0.93819	1.1558	1.1154	0.95332	0.5427	0.33727	0.13787	0.020228	-0.014425	-0.03543	-0.05951	-0.08711	-0.081315	-0.096939	-0.09934	9.5118
646.71	-0.079483	-0.083365	-0.074775	-0.10824	-0.1184	0.030435	-0.23552	-0.50593	-0.75177	-1.0238	-1.5013	-1.8459	-2.142	-1.7821	-0.47136	0.93835	1.1395	1.0889	0.96028	0.56747	0.32911	0.14279	0.04351	-0.013241	-0.032118	-0.043295	-0.045941	-0.052071	-0.044596	-0.054548	9.5118
650.48	-0.039629	-0.075087	-0.10025	-0.064801	-0.1372	0.012595	-0.31287	-0.57366	-0.80313	-1.2655	-1.6753	-1.7619	-2.1882	-2.0623	-0.40522	0.7366	1.1222	1.1204	0.98515	0.59852	0.33653	0.16748	0.059456	0.016279	-0.023133	-0.011935	-0.024066	-0.024841	-0.03724	-0.027961	9.4937
657.93	-0.047442	-0.099557	-0.019934	-0.089237	-0.12537	0.013697	-0.38278	-0.62423	-0.83227	-1.3491	-1.5789	-2.0679	-2.0591	-1.97	-0.48838	0.7768	1.0967	1.129	1.0052	0.59781	0.36043	0.21366	0.095394	0.034724	0.016264	-0.010662	-0.0091729	-0.0085809	0.0041177	-0.012963	9.5148
670.33	-0.021081	-0.063139	-0.029852	-0.11005	-0.13313	-0.019617	-0.42196	-0.62296	-0.86764	-1.3963	-1.8031	-2.0652	-2.4761	-2.2494	-0.77464	0.53624	1.0673	1.1117	0.99209	0.61056	0.37981	0.20499	0.10598	0.04094	0.010627	0.014134	0.0042395	0.0030741	0.0086331	0.0083352	9.5163
688.11	0.021215	0.0037501	-0.039099	-0.083136	-0.1432	-0.042968	-0.44041	-0.66031	-0.90005	-1.5358	-1.7442	-2.0465	-2.3789	-2.0594	-0.95838	0.64993	1.0264	1.0854	0.96539	0.59826	0.37441	0.21578	0.12075	0.056582	0.044655	0.03882	0.025633	0.040671	0.03525	0.050232	9.4982
710.18	0.062102	0.0077106	-0.033569	-0.082671	-0.1328	-0.077461	-0.43687	-0.67646	-0.89812	-1.5221	-1.8573	-2.0948	-2.3909	-2.3999	-0.88215	0.39378	0.97396	1.0771	0.96121	0.61563	0.39485	0.22578	0.12123	0.053743	0.041254	0.038668	0.018586	0.030528	0.04499	0.068548	9.5526
732.66	0.031582	-0.010319	-0.036724	-0.10788	-0.16102	-0.082929	-0.45596	-0.69022	-0.90894	-1.4754	-1.6497	-1.9871	-2.2967	-2.3366	-0.86633	0.57773	0.92422	1.0474	0.95575	0.61744	0.40139	0.23503	0.13395	0.082421	0.05268	0.057939	0.047299	0.029591	0.056213	0.062389	9.5616
755.86	0.019313	-0.020544	-0.043704	-0.084648	-0.17285	-0.094499	-0.48299	-0.6893	-0.92312	-1.3555	-1.8237	-2.1889	-2.5794	-2.4149	-1.058	0.36994	0.8776	1.0077	0.94776	0.62066	0.40515	0.23305	0.12785	0.094079	0.065256	0.042281	0.041931	0.044443	0.057542	0.067354	9.6115
780.54	0.0386	-0.0096863	-0.028581	-0.085829	-0.19228	-0.12516	-0.46587	-0.6891	-0.91194	-1.3539	-1.8749	-2.2011	-2.5662	-2.3289	-1.109	0.29691	0.82433	0.99367	0.93753	0.62353	0.40888	0.25202	0.15274	0.096994	0.076936	0.056306	0.069038	0.044832	0.048823	0.049042	9.6583
806.05	0.037379	-0.00039421	-0.013419	-0.10272	-0.20297	-0.11306	-0.48423	-0.6882	-0.9042	-1.451	-1.8155	-2.2497	-2.5891	-2.3959	-1.0637	0.23802	0.77734	0.99075	0.91605	0.61469	0.41101	0.26366	0.16285	0.10533	0.077167	0.080558	0.072363	0.078187	0.061598	0.057631	9.8123
831.63	0.050232	0.016166	-0.01577	-0.081459	-0.22416	-0.15202	-0.48582	-0.68453	-0.88972	-1.4064	-1.8005	-2.0372	-2.4269	-2.5404	-1.269	0.12513	0.72394	0.94645	0.88522	0.59769	0.41572	0.26221	0.1687	0.13986	0.088551	0.086189	0.092376	0.063143	0.068957	0.048712	9.9497
854.83	0.04251	0.0021703	-0.018031	-0.11447	-0.23587	-0.15269	-0.48697	-0.69822	-0.91491	-1.4813	-1.8113	-2.0841	-2.5663	-2.6483	-1.2249	0.075064	0.68548	0.93805	0.88008	0.62162	0.43197	0.2921	0.20991	0.13965	0.13217	0.11366	0.098523	0.092579	0.079686	0.074332	10.166
876.3	0.040583	0.025259	-0.0079727	-0.13486	-0.24648	-0.14333	-0.50961	-0.70035	-0.9288	-1.4358	-1.8832	-2.1146	-2.5208	-2.7474	-1.3832	0.10055	0.62672	0.90945	0.87358	0.61276	0.43785	0.29847	0.2082	0.15459	0.12485	0.12456	0.11131	0.099906	0.094419	0.081838	10.32
898.17	0.068988	0.035933	-0.0094852	-0.13409	-0.2339	-0.14716	-0.5213	-0.71571	-0.92266	-1.6878	-1.7239	-2.2577	-2.7906	-2.6889	-1.3954	0.027007	0.57222	0.89187	0.88171	0.63516	0.4627	0.32378	0.22157	0.19006	0.15127	0.14155	0.12589	0.10684	0.094692	0.0906	10.532
920.55	0.073214	0.038208	-0.045873	-0.14391	-0.26676	-0.16409	-0.52194	-0.72827	-0.92273	-1.393	-1.7742	-2.2805	-2.7394	-2.9438	-1.4869	-0.21637	0.51587	0.86841	0.85311	0.63359	0.45723	0.32278	0.23581	0.19875	0.16158	0.1487	0.12364	0.11261	0.093225	0.085975	10.766
938.65	0.080074	0.022039	-0.019685	-0.15958	-0.25261	-0.19328	-0.52724	-0.74198	-0.95459	-1.3833	-1.8214	-2.2704	-2.7759	-2.9756	-1.6867	-0.1952	0.43165	0.84554	0.85072	0.63923	0.48158	0.34014	0.2457	0.18921	0.16075	0.12986	0.12519	0.10895	0.099626	0.093025	11.012
949.71	0.053798	0.023307	-0.05495	-0.1918	-0.31551	-0.21609	-0.57426	-0.78496	-0.99488	-1.4944	-2.0148	-2.4363	-2.9283	-3.2514	-1.7973	-0.45342	0.34756	0.82359	0.82845	0.6427	0.47437	0.34617	0.24838	0.21443	0.16641	0.15439	0.14632	0.11137	0.095223	0.085683	11.323
954.71	0.050262	0.026978	-0.073922	-0.19001	-0.31828	-0.19261	-0.59921	-0.7961	-1.0075	-1.6975	-1.9864	-2.6232	-3.0248	-3.472	-2.0903	-0.44269	0.28717	0.81068	0.84102	0.67277	0.51086	0.37003	0.27468	0.2109	0.17228	0.15437	0.14711	0.11445	0.087471	0.072781	11.599
952.69	0.064226	0.00879	-0.062017	-0.22123	-0.3296	-0.21972	-0.59972	-0.82111	-1.0764	-1.7603	-2.1511	-2.7205	-3.4155	-3.7095	-2.389	-0.64467	0.21299	0.79689	0.84973	0.68007	0.51991	0.38742	0.27684	0.21617	0.18616	0.16099	0.15208	0.12867	0.084427	0.095552	11.89
