12012	1	3	91	27.3	757	1	10	6	0.582	128	4096	10	0	0	0	0	74.493	976.2	1.4473e+006	0.11756	0.02462	40.846	0	0	1	0	0	0	11	0	0
944.33	0.016839	-0.014862	-0.16117	-0.3183	-0.40017	-0.56268	-0.73137	-0.98922	-1.2253	-1.7757	-2.2557	-2.8025	0.52486	-3.623	-1.9185	-0.38805	0.43819	0.87727	0.86867	0.60344	0.38564	0.22681	0.10163	0.049569	0.02539	0.0071751	0.0002342	0.017305	0.045977	0.058931	8.6355
945.93	0.014348	0.0073666	-0.16414	-0.27479	-0.41736	-0.5652	-0.74157	-1.007	-1.2459	-1.8919	-2.3686	-3.0077	0.45947	-3.9126	-2.2291	-0.50551	0.37913	0.86191	0.87419	0.6252	0.41389	0.25318	0.12135	0.061634	0.042738	0.014293	0.0080565	0.013571	0.013357	0.03841	8.9438
946.56	0.01762	-0.015593	-0.14784	-0.31516	-0.42154	-0.56309	-0.74869	-1.0322	-1.2661	-1.9162	-2.5285	-3.1064	0.47527	-4.1656	-2.4367	-0.70751	0.30685	0.87867	0.87437	0.63995	0.43688	0.2739	0.14831	0.083445	0.050264	0.024577	0.019776	0.024667	0.06294	0.04231	9.2459
944.54	0.015192	-0.014859	-0.14572	-0.31584	-0.43318	-0.56864	-0.75182	-1.036	-1.29	-1.9885	-2.5519	-3.3233	0.41977	-4.2385	-2.6253	-0.78507	0.2345	0.86056	0.88634	0.65653	0.46354	0.2929	0.15341	0.090924	0.057189	0.035737	0.038614	0.026202	0.043523	0.042399	9.5344
942.95	0.0045123	-0.020261	-0.17765	-0.32435	-0.44735	-0.6079	-0.77298	-1.0752	-1.344	-2.0346	-2.5382	-3.2447	0.42048	-4.4622	-2.8134	-0.98951	0.14472	0.84374	0.88239	0.67541	0.47801	0.32358	0.17362	0.10733	0.074732	0.040567	0.033188	0.042596	0.044413	0.03853	9.8364
943.27	0.015212	-0.025629	-0.17028	-0.32424	-0.4472	-0.5929	-0.8056	-1.0651	-1.3843	-2.0168	-2.7264	-3.2351	0.5012	-4.7011	-3.0748	-1.133	0.057764	0.83214	0.88443	0.69211	0.49717	0.3285	0.18554	0.12597	0.08229	0.045321	0.037099	0.047781	0.048476	0.026702	10.144
944.76	0.0086139	-0.019456	-0.14974	-0.30541	-0.43666	-0.58849	-0.80967	-1.1339	-1.4119	-2.1927	-2.767	-3.4234	0.4116	-4.9338	-3.3318	-1.3508	-0.049367	0.80737	0.89235	0.7172	0.52131	0.34975	0.19719	0.13307	0.087458	0.058736	0.043305	0.043256	0.049215	0.043175	10.424
944.44	-0.0061815	-0.027898	-0.16358	-0.30551	-0.45559	-0.59565	-0.84049	-1.1319	-1.4593	-2.1423	-2.8219	-3.4162	0.4602	-5.2557	-3.4552	-1.4527	-0.14105	0.78679	0.87168	0.74026	0.53998	0.36744	0.22516	0.14447	0.092031	0.06431	0.048018	0.052916	0.045157	0.029817	10.734
943.48	-0.0045428	-0.028695	-0.15725	-0.32896	-0.46501	-0.63018	-0.82988	-1.1298	-1.4671	-2.3749	-2.9868	-3.487	0.42832	-5.5655	-3.8084	-1.7079	-0.25244	0.75626	0.86635	0.75031	0.56064	0.3829	0.22858	0.15111	0.092124	0.065963	0.061397	0.043314	0.032969	0.028272	11.038
936.77	-0.021981	-0.0087989	-0.15593	-0.31765	-0.47195	-0.63732	-0.86045	-1.2017	-1.5218	-2.3146	-3.1441	-3.8681	0.46396	-5.9846	-4.0998	-1.9842	-0.37937	0.73101	0.87333	0.77187	0.58168	0.40421	0.2495	0.16774	0.11798	0.065637	0.053151	0.061578	0.032382	0.024509	11.327
936.14	-0.014531	-0.040524	-0.1503	-0.32591	-0.46685	-0.61496	-0.83947	-1.2017	-1.5513	-2.3936	-3.1462	-3.7944	0.44798	-6.2472	-4.2612	-2.0367	-0.48274	0.72712	0.87001	0.77666	0.60236	0.41125	0.26334	0.17276	0.1173	0.082493	0.072153	0.04515	0.031584	0.025319	11.623
939.44	-0.0070405	-0.031131	-0.16527	-0.33598	-0.45802	-0.60056	-0.83652	-1.2317	-1.5648	-2.368	-3.2165	-3.8825	0.42205	-6.3862	-4.5886	-2.2419	-0.57157	0.68438	0.85915	0.79347	0.60994	0.43505	0.28325	0.19172	0.1382	0.11092	0.078987	0.056179	0.037206	0.026813	11.926
938.26	-0.026911	-0.02731	-0.16466	-0.30912	-0.4703	-0.63281	-0.87216	-1.221	-1.6038	-2.4568	-3.4106	-3.9212	0.40631	-6.6842	-4.7525	-2.585	-0.67516	0.64324	0.8438	0.80551	0.61637	0.45835	0.2836	0.2034	0.14219	0.10387	0.075143	0.044303	0.038072	0.0038806	12.206
939.44	-0.034317	-0.0319	-0.16364	-0.32717	-0.4805	-0.6294	-0.87721	-1.2235	-1.638	-2.428	-3.5329	-4.0347	0.38145	-6.9898	-5.01	-2.6837	-0.7836	0.61098	0.82869	0.8249	0.64389	0.47124	0.30087	0.21293	0.14125	0.1181	0.080563	0.050214	0.023282	0.034722	12.509
939.65	-0.034309	-0.044226	-0.13588	-0.3311	-0.46781	-0.6345	-0.89083	-1.2542	-1.6549	-2.4789	-3.6496	-4.2282	0.37325	-7.2537	-5.1493	-2.8784	-0.90164	0.58988	0.83085	0.82386	0.65263	0.47114	0.30401	0.22593	0.16101	0.11249	0.080545	0.050948	0.030646	0.01969	12.788
937.31	-0.037708	-0.055155	-0.15011	-0.32229	-0.46987	-0.65797	-0.92152	-1.3031	-1.6551	-2.5367	-3.5772	-4.3913	0.53693	-7.6025	-5.6549	-3.124	-1.0437	0.54319	0.81023	0.83699	0.67695	0.48834	0.32324	0.24202	0.16523	0.13516	0.090217	0.060046	0.029901	0.0070566	13.057
935.28	-0.061035	-0.052176	-0.166	-0.3077	-0.46095	-0.6357	-0.91658	-1.3158	-1.7362	-2.6025	-3.7302	-4.4433	0.34237	-7.8129	-5.8082	-3.3099	-1.1401	0.52242	0.81041	0.8516	0.68247	0.51392	0.3344	0.2409	0.17323	0.12744	0.085665	0.048939	0.015157	0.003893	13.306
936.77	-0.055135	-0.059825	-0.1821	-0.30881	-0.46383	-0.62856	-0.90049	-1.2949	-1.7074	-2.6671	-3.7605	-4.5719	0.3744	-8.0023	-5.9223	-3.441	-1.2781	0.47252	0.76997	0.85024	0.70651	0.51057	0.35396	0.24216	0.16761	0.13364	0.093427	0.054844	0.032382	-0.015149	13.564
935.28	-0.062696	-0.062244	-0.17911	-0.33506	-0.45734	-0.65413	-0.91426	-1.3289	-1.7694	-2.6197	-3.8936	-4.5792	0.23635	-8.3384	-6.1698	-3.6427	-1.3613	0.43378	0.75551	0.85672	0.70683	0.52152	0.35452	0.24336	0.18317	0.13626	0.098322	0.059427	0.01927	-0.0072287	13.778
936.03	-0.068452	-0.079991	-0.1806	-0.31951	-0.44163	-0.6273	-0.91199	-1.3205	-1.7546	-2.6004	-3.8996	-4.7283	0.30951	-8.4933	-6.4028	-3.9041	-1.4551	0.41063	0.74629	0.84751	0.71275	0.52533	0.36389	0.2669	0.18379	0.13455	0.080856	0.059379	0.015144	-0.024685	13.968
933.9	-0.076092	-0.089479	-0.20234	-0.32024	-0.46435	-0.64543	-0.95423	-1.344	-1.7982	-2.7012	-3.9085	-4.8156	0.35922	-8.5369	-6.541	-4.0924	-1.5405	0.37641	0.7425	0.86311	0.71519	0.55362	0.37359	0.26997	0.19799	0.13646	0.10956	0.057264	0.0028202	-0.0080345	14.202
934.33	-0.091846	-0.11424	-0.17519	-0.32735	-0.43882	-0.63547	-0.94685	-1.3409	-1.7768	-2.6482	-3.8976	-4.9239	0.35905	-8.8001	-6.5734	-4.0308	-1.621	0.34286	0.71468	0.86955	0.73112	0.55083	0.37664	0.27887	0.19867	0.14281	0.10397	0.069238	0.0019942	-0.011212	14.392
930.28	-0.10643	-0.11785	-0.18254	-0.30935	-0.4707	-0.6303	-0.93236	-1.327	-1.8044	-2.6511	-3.8963	-5.0137	0.44261	-8.8465	-6.8413	-4.2542	-1.6478	0.36023	0.717	0.86561	0.74083	0.55833	0.38718	0.28173	0.19108	0.14827	0.1068	0.077824	-0.002134	-0.016053	14.569
929	-0.13165	-0.13751	-0.19846	-0.29843	-0.46134	-0.62233	-0.92743	-1.3131	-1.8252	-2.7241	-4.0022	-5.1317	0.41858	-9.0702	-6.8063	-4.1913	-1.7251	0.33333	0.6943	0.85993	0.74594	0.56335	0.39419	0.27222	0.1975	0.14525	0.09421	0.060582	-0.02036	-0.025673	14.726
931.77	-0.1396	-0.14332	-0.19294	-0.32016	-0.44909	-0.65924	-0.903	-1.2895	-1.815	-2.8024	-4.0085	-5.1335	0.35184	-9.0108	-6.9012	-4.2902	-1.7537	0.33234	0.71349	0.87707	0.74698	0.55404	0.40675	0.28375	0.19461	0.15125	0.082813	0.052132	-0.020299	-0.050315	14.876
933.37	-0.11939	-0.13919	-0.22708	-0.29139	-0.44832	-0.61766	-0.92155	-1.3538	-1.7604	-2.8149	-4.0471	-5.0737	0.30221	-9.1655	-7.1014	-4.3855	-1.7934	0.2922	0.68398	0.86959	0.7514	0.57258	0.39638	0.28572	0.19964	0.15099	0.098524	0.058798	-0.005423	-0.035105	15.038
933.37	-0.14185	-0.15238	-0.24596	-0.30752	-0.43655	-0.60359	-0.92464	-1.3497	-1.7786	-2.7286	-3.938	-5.1333	0.25319	-9.2141	-7.1986	-4.4966	-1.8812	0.2623	0.67691	0.87301	0.75384	0.56495	0.40525	0.29886	0.20194	0.16143	0.09456	0.052793	-0.019439	-0.052617	15.139
930.71	-0.17062	-0.1715	-0.20633	-0.33266	-0.43417	-0.62472	-0.89474	-1.3395	-1.8012	-2.9181	-4.1408	-5.0114	0.23751	-9.1998	-7.1572	-4.5866	-1.8709	0.26481	0.68357	0.8635	0.75681	0.58951	0.4056	0.303	0.19637	0.14901	0.10755	0.03638	-0.026112	-0.067936	15.247
929.43	-0.18757	-0.17797	-0.2503	-0.31368	-0.46204	-0.62116	-0.93244	-1.3381	-1.7981	-2.8702	-4.1191	-5.0781	0.34453	-9.367	-7.238	-4.55	-1.9197	0.24045	0.68372	0.86984	0.7554	0.5699	0.40778	0.29435	0.20126	0.14115	0.098146	0.052263	-0.029458	-0.076823	15.372
931.03	-0.20893	-0.20333	-0.2367	-0.34953	-0.42494	-0.62274	-0.85957	-1.2922	-1.8427	-2.7874	-3.9935	-5.1206	0.18828	-9.3347	-7.2345	-4.7308	-1.9443	0.22329	0.66206	0.87521	0.75981	0.59355	0.40223	0.30537	0.20014	0.14654	0.10274	0.036367	-0.036845	-0.079085	15.431
930.6	-0.23656	-0.21899	-0.26398	-0.36425	-0.44693	-0.56922	-0.88941	-1.2631	-1.7911	-2.7973	-4.0135	-5.0888	0.21296	-9.4283	-7.2466	-4.7758	-1.9246	0.24809	0.67025	0.88761	0.75282	0.57088	0.39917	0.28657	0.20484	0.15385	0.092456	0.035631	-0.041826	-0.083114	15.504
930.39	-0.22076	-0.20503	-0.31262	-0.39993	-0.44794	-0.61964	-0.85861	-1.2626	-1.7334	-2.6854	-4.1331	-5.107	0.36058	-9.333	-7.2306	-4.5539	-1.9276	0.24108	0.68065	0.88009	0.76442	0.57866	0.40089	0.29817	0.19029	0.14422	0.089298	0.037146	-0.037699	-0.076744	15.576
927.62	-0.23146	-0.23063	-0.28465	-0.39463	-0.4675	-0.61264	-0.81219	-1.2829	-1.7705	-2.7455	-4.0173	-4.9253	0.22187	-9.2386	-7.2522	-4.6191	-1.93	0.24269	0.66766	0.87842	0.77243	0.57442	0.40046	0.30484	0.19008	0.14304	0.092753	0.034991	-0.050256	-0.09139	15.612
930.07	-0.26341	-0.26896	-0.32344	-0.37498	-0.47898	-0.6172	-0.80927	-1.2037	-1.7062	-2.7643	-4.0067	-5.0917	0.27049	-9.1899	-7.2153	-4.4954	-1.8846	0.25882	0.6872	0.8701	0.77121	0.57631	0.39212	0.29827	0.18727	0.14427	0.0766	0.015311	-0.067497	-0.11751	15.632
928.58	-0.24209	-0.24131	-0.33468	-0.41206	-0.52525	-0.59167	-0.81135	-1.2065	-1.6802	-2.7167	-3.9217	-4.886	0.27092	-9.0906	-7.1559	-4.3995	-1.8546	0.26012	0.69146	0.88009	0.761	0.58064	0.39923	0.28802	0.19528	0.13966	0.092657	0.023635	-0.060978	-0.098496	15.673
929.54	-0.26523	-0.27768	-0.35577	-0.43188	-0.53289	-0.66083	-0.86328	-1.1838	-1.6793	-2.6012	-3.9633	-4.8553	0.17218	-9.0975	-6.9	-4.4121	-1.8082	0.28016	0.67575	0.89464	0.74959	0.55878	0.39315	0.27371	0.20431	0.13468	0.075053	0.014565	-0.083266	-0.10319	15.676
930.07	-0.29597	-0.30555	-0.33497	-0.41949	-0.54712	-0.80519	-0.94653	-1.1955	-1.602	-2.4958	-3.5776	-4.5536	0.40989	-8.2144	-6.1423	-3.8776	-1.5435	0.37708	0.72821	0.87525	0.7508	0.56866	0.38322	0.26367	0.18343	0.12977	0.065465	0.0092828	-0.079909	-0.1263	15.674
925.92	-0.28556	-0.29441	-0.39357	-0.47421	-0.56418	-0.73256	-0.88067	-1.1843	-1.6347	-2.507	-3.4469	-4.2395	0.26346	-7.5164	-5.769	-3.6278	-1.3949	0.41955	0.76157	0.89124	0.7312	0.56267	0.39063	0.25575	0.18966	0.11821	0.07215	0.017649	-0.082761	-0.11964	15.667
925.7	-0.3393	-0.33282	-0.4011	-0.51823	-0.64555	-0.75755	-0.93385	-1.1821	-1.5688	-2.3335	-3.3193	-4.1975	0.28825	-7.3303	-5.6011	-3.4562	-1.3216	0.4427	0.76571	0.88369	0.73875	0.54315	0.38177	0.25333	0.16961	0.11176	0.055384	-0.0035432	-0.10024	-0.14535	15.659
928.68	-0.35661	-0.3567	-0.40394	-0.55142	-0.73355	-0.91687	-0.89047	-1.0826	-1.4411	-2.1526	-3.1349	-3.9274	0.27911	-6.9811	-5.3167	-3.3248	-1.182	0.46426	0.76799	0.86452	0.72003	0.5346	0.36433	0.24592	0.16445	0.096067	0.03051	-0.014849	-0.11897	-0.17049	15.637
926.24	-0.41204	-0.43115	-0.5175	-0.62846	-0.70356	-0.82713	-1.0135	-1.1392	-1.2947	-1.8713	-2.8865	-3.5948	0.28807	-6.4854	-5.0191	-2.989	-1.0082	0.52043	0.79853	0.84958	0.70472	0.51723	0.35798	0.23664	0.14249	0.086611	0.025001	-0.040609	-0.1276	-0.1942	15.661
923.79	-0.35262	-0.40171	-0.59102	-0.72057	-0.80787	-0.86131	-1.0388	-1.1489	-1.2805	-1.6234	-2.2415	-2.9852	0.3714	-5.2013	-4.0414	-2.3231	-0.67248	0.61955	0.84908	0.84751	0.67946	0.50576	0.34019	0.22897	0.12738	0.064126	0.023465	-0.049061	-0.14459	-0.18426	15.668
922.08	-0.46526	-0.47786	-0.60042	-0.69088	-0.87443	-0.9537	-0.93048	-0.99065	-1.1313	-1.6701	-2.1444	-2.5686	0.35554	-4.6943	-3.7626	-2.0418	-0.46767	0.67144	0.85861	0.83003	0.65601	0.47411	0.29919	0.1945	0.098918	0.048799	-0.011793	-0.082588	-0.20578	-0.25148	15.623
919.53	-0.42603	-0.4595	-0.63375	-0.80168	-0.85204	-0.9751	-0.92915	-0.96341	-0.98315	-1.2542	-1.9564	-2.4548	0.4146	-4.2963	-3.199	-1.7611	-0.28567	0.73401	0.87934	0.81672	0.63388	0.45909	0.29429	0.16755	0.092191	0.036711	-0.024699	-0.090438	-0.1938	-0.23279	15.456
926.34	-0.52599	-0.539	-0.7242	-0.77628	-0.83118	-0.85362	-0.77983	-0.99106	-0.97751	-1.3146	-1.6487	-2.2738	0.36215	-3.6199	-2.8283	-1.4121	-0.12396	0.76671	0.88554	0.77367	0.60299	0.43523	0.27912	0.15805	0.073755	0.029966	-0.0357	-0.10717	-0.22062	-0.2768	15.351
929.22	-0.5135	-0.54668	-0.63786	-0.69287	-0.7404	-0.78207	-0.92644	-0.91874	-0.82083	-1.1198	-1.8903	-2.1642	0.3282	-3.8854	-2.7662	-1.2875	-0.079049	0.7661	0.88833	0.76956	0.58151	0.39814	0.23776	0.14519	0.051202	-0.0039998	-0.054696	-0.14077	-0.263	-0.33271	15.177
923.47	-0.51838	-0.57361	-0.67004	-0.79092	-0.86762	-0.97271	-0.82131	-0.85809	-0.88522	-1.0483	-1.7182	-2.0916	0.42109	-3.4838	-2.4262	-1.0622	0.073105	0.81265	0.89704	0.7562	0.56375	0.38178	0.23109	0.12701	0.052297	-0.0040247	-0.067053	-0.12647	-0.24964	-0.29375	15.001
926.02	-0.55971	-0.58141	-0.62351	-0.68876	-0.75847	-0.81314	-0.90238	-0.84993	-0.99063	-1.2541	-1.6584	-1.9743	0.37051	-2.9925	-2.0365	-0.87832	0.16556	0.84055	0.9009	0.75325	0.53349	0.35853	0.21907	0.1126	0.042883	-0.022629	-0.078054	-0.13445	-0.27305	-0.31942	14.828
928.79	-0.53296	-0.52042	-0.56227	-0.60971	-0.62247	-0.79215	-0.87251	-0.8573	-0.95741	-1.3458	-1.6718	-1.9513	0.45973	-3.0894	-1.9328	-0.82416	0.17249	0.84688	0.88163	0.72437	0.527	0.34554	0.19248	0.096591	0.030435	-0.030631	-0.076227	-0.14612	-0.2623	-0.31846	14.636
929.32	-0.40232	-0.41725	-0.54298	-0.65391	-0.68122	-0.71044	-0.74163	-0.81559	-0.99666	-1.267	-1.6982	-1.9588	0.39381	-3.0389	-2.0293	-0.70345	0.23999	0.84993	0.89139	0.71623	0.52179	0.33938	0.19318	0.093239	0.02503	-0.020129	-0.072203	-0.12568	-0.2224	-0.24153	14.452
930.39	-0.49867	-0.50162	-0.56459	-0.55122	-0.64139	-0.65669	-0.67179	-0.75454	-0.9335	-1.2396	-1.6689	-1.8968	0.31958	-3.0273	-2.0447	-0.72838	0.23478	0.84454	0.88248	0.71627	0.51467	0.33475	0.18082	0.10054	0.021925	-0.045882	-0.08882	-0.15566	-0.26929	-0.31872	14.245
929.32	-0.40482	-0.42114	-0.50094	-0.56238	-0.60575	-0.64773	-0.6516	-0.78673	-0.93935	-1.397	-1.7074	-2.0699	0.45947	-3.2097	-2.0737	-0.65194	0.23422	0.85346	0.89217	0.71022	0.52097	0.33854	0.18913	0.082521	0.02195	-0.029806	-0.077777	-0.12718	-0.22902	-0.2807	14.04
923.47	-0.41748	-0.4293	-0.51075	-0.52601	-0.57299	-0.65184	-0.61824	-0.72453	-1.0254	-1.3972	-1.8009	-2.1432	0.3963	-3.4593	-2.3458	-0.85484	0.21331	0.84909	0.90736	0.72941	0.52346	0.34239	0.19033	0.081385	0.026738	-0.026749	-0.067053	-0.11509	-0.21298	-0.25272	13.829
930.92	-0.33073	-0.34884	-0.44988	-0.48784	-0.55479	-0.57784	-0.61872	-0.78045	-0.96158	-1.5071	-1.8139	-2.2967	0.39313	-3.5859	-2.4865	-0.94229	0.16305	0.85288	0.89773	0.71672	0.53232	0.33116	0.188	0.088141	0.018071	-0.027339	-0.070489	-0.11568	-0.20714	-0.24351	13.593
932.73	-0.38586	-0.3769	-0.44244	-0.49577	-0.50932	-0.55736	-0.58272	-0.7083	-0.96288	-1.4956	-1.8741	-2.5563	0.37602	-3.8707	-2.579	-0.85488	0.12495	0.83802	0.89757	0.71532	0.53129	0.33815	0.19328	0.10111	0.024938	-0.0055924	-0.067181	-0.10719	-0.17868	-0.22233	13.34
933.69	-0.31395	-0.34005	-0.40752	-0.45334	-0.41921	-0.548	-0.61379	-0.79618	-1.1077	-1.632	-2.1268	-2.6643	0.39197	-4.0854	-2.5763	-0.94804	0.10677	0.82749	0.88643	0.70861	0.51041	0.34712	0.17132	0.092801	0.02338	-0.016824	-0.041757	-0.083061	-0.1546	-0.17356	13.066
930.39	-0.23995	-0.27353	-0.38426	-0.40559	-0.49244	-0.55788	-0.52217	-0.87229	-1.1418	-1.6984	-2.253	-2.9299	0.42615	-4.3518	-2.9135	-1.1315	0.051154	0.82072	0.87933	0.71627	0.52772	0.34495	0.19943	0.094778	0.034994	3.2221e-005	-0.018845	-0.059256	-0.11379	-0.13264	12.806
929.32	-0.343	-0.29801	-0.23796	-0.34531	-0.34935	-0.45871	-0.64229	-0.94584	-1.1678	-1.7784	-2.3835	-3.0101	0.45127	-4.5601	-3.1387	-1.2359	0.0025727	0.83049	0.89928	0.71966	0.53078	0.34279	0.19804	0.11385	0.035805	0.0016443	-0.022848	-0.061586	-0.10067	-0.15838	12.542
930.39	-0.16568	-0.15054	-0.2311	-0.30203	-0.36529	-0.49083	-0.71907	-0.97687	-1.2373	-1.8802	-2.6181	-2.9469	0.29499	-4.8393	-3.1617	-1.2602	-0.027898	0.81543	0.89983	0.73685	0.52854	0.36619	0.20833	0.12278	0.057289	0.024199	-0.0021465	-0.04344	-0.050932	-0.071952	12.256
932.2	-0.14786	-0.17045	-0.24709	-0.28691	-0.39903	-0.54887	-0.61787	-0.98977	-1.2491	-1.8852	-2.6494	-3.2139	0.26168	-4.7975	-3.2175	-1.3005	-0.060716	0.81208	0.89729	0.73371	0.54055	0.36379	0.20873	0.13897	0.072524	0.028171	0.010555	-0.019302	-0.056613	-0.089346	11.985
931.88	-0.070424	-0.078791	-0.15674	-0.35244	-0.38647	-0.48828	-0.71483	-1.0213	-1.3155	-1.8167	-2.5592	-3.1894	0.33544	-5.0182	-3.3248	-1.4295	-0.058272	0.81588	0.88422	0.72283	0.53747	0.35458	0.20234	0.12258	0.074083	0.037028	0.022468	-0.0087818	-0.026903	-0.023999	11.736
931.13	-0.087992	-0.1123	-0.147	-0.28805	-0.38134	-0.5927	-0.77349	-1.0296	-1.3348	-1.8874	-2.7619	-3.3455	0.39304	-4.9167	-3.1591	-1.3792	-0.066545	0.81478	0.8739	0.74312	0.53301	0.35486	0.22029	0.11362	0.086433	0.040279	0.020896	0.010024	-0.01866	-0.015241	11.421
927.51	-0.029736	-0.05808	-0.15418	-0.29972	-0.48304	-0.57023	-0.75396	-1.0195	-1.3216	-1.9121	-2.8001	-3.3158	0.4028	-5.0989	-3.2515	-1.4018	-0.046155	0.82415	0.90657	0.75204	0.53509	0.36648	0.22196	0.12976	0.080601	0.041242	0.032146	0.0017534	-0.0071189	0.006329	11.109
932.73	-0.032066	-0.04999	-0.20095	-0.38278	-0.39518	-0.4852	-0.77294	-1.0574	-1.3388	-2.0051	-2.7208	-3.3909	0.41691	-4.9164	-3.1537	-1.2228	-0.0089373	0.83186	0.9015	0.72217	0.515	0.34493	0.1949	0.13232	0.090886	0.043422	0.028001	0.018272	0.011897	0.0086836	10.849
930.92	-0.039635	-0.04153	-0.1783	-0.2776	-0.44133	-0.57255	-0.7481	-1.0306	-1.3168	-2.0695	-2.6713	-3.1756	0.35216	-4.8691	-3.1244	-1.208	0.026435	0.82731	0.89616	0.709	0.50051	0.32266	0.19851	0.11447	0.063404	0.048336	0.020901	0.018308	0.0036538	0.00071894	10.553
929.96	-0.0021037	-0.040014	-0.17437	-0.33455	-0.40453	-0.56255	-0.74034	-1.0408	-1.3198	-2.0457	-2.5188	-3.2814	0.43455	-4.8334	-3.0656	-1.0634	0.065181	0.83522	0.90181	0.70973	0.51164	0.3264	0.19062	0.10141	0.068851	0.049193	0.023309	0.022848	0.013587	0.029481	10.282
929.11	-0.032191	-0.047846	-0.1737	-0.28544	-0.39944	-0.54363	-0.73093	-1.0203	-1.3162	-1.9435	-2.6857	-3.2844	0.45957	-4.7158	-2.7932	-1.1073	0.13945	0.85719	0.88685	0.70179	0.49086	0.30032	0.18026	0.10645	0.061216	0.025846	-0.00055626	0.0289	0.021056	0.016714	9.9935
930.71	0.022093	-0.022083	-0.14542	-0.28171	-0.39604	-0.52594	-0.7382	-1.0193	-1.3044	-1.9661	-2.5624	-3.2276	0.4342	-4.3503	-2.8061	-0.81388	0.20506	0.876	0.90267	0.67401	0.4892	0.31169	0.17429	0.10051	0.0565	0.03627	0.02329	0.028851	0.039209	0.039038	9.687
939.65	0.021055	-0.028812	-0.13262	-0.2542	-0.40396	-0.54976	-0.73194	-1.0186	-1.2589	-1.9303	-2.3483	-3.1884	0.27585	-4.2204	-2.6302	-0.75519	0.24388	0.86505	0.88939	0.65061	0.45545	0.27844	0.15261	0.089768	0.033888	0.016783	0.006535	0.018138	0.033103	0.029969	9.4272
937.41	0.02442	0.018252	-0.15337	-0.2797	-0.40853	-0.53444	-0.72753	-1.0202	-1.2477	-1.9005	-2.4173	-3.0265	0.43109	-4.0369	-2.3813	-0.57821	0.32537	0.87849	0.88369	0.63513	0.43385	0.2656	0.14414	0.072003	0.027865	0.020019	-0.0044982	0.014442	0.043032	0.039551	9.116
934.75	0.016183	0.02295	-0.13577	-0.26841	-0.39523	-0.53508	-0.72883	-1.0043	-1.2307	-1.837	-2.3697	-2.9417	0.34257	-3.7734	-2.1852	-0.51155	0.38613	0.87485	0.88071	0.6173	0.41397	0.25282	0.13005	0.056635	0.028711	0.0096541	0.00023962	0.015982	0.045625	0.028536	8.838
931.98	0.027893	-0.019722	-0.16988	-0.27971	-0.39096	-0.5305	-0.69927	-0.99903	-1.2105	-1.8511	-2.2947	-2.8055	0.40906	-3.6548	-1.997	-0.299	0.4629	0.89154	0.88412	0.58746	0.40135	0.24255	0.10136	0.04365	0.015749	3.2166e-005	-0.0053177	0.020542	0.054844	0.050944	8.5433
933.05	0.024533	0.0035863	-0.16312	-0.28907	-0.39233	-0.53254	-0.69692	-0.94124	-1.1743	-1.8058	-2.1829	-2.7597	0.39223	-3.4319	-1.9063	-0.28157	0.51328	0.90371	0.87996	0.58336	0.37891	0.21176	0.098021	0.045243	0.0049981	-0.0039834	-0.013241	0.0062479	0.034986	0.048497	8.2243
940.07	0.02848	0.012036	-0.13174	-0.26049	-0.3858	-0.49101	-0.69709	-0.9285	-1.16	-1.7152	-2.1846	-2.5617	0.45421	-3.181	-1.6025	-0.12665	0.56567	0.8891	0.85466	0.56882	0.34458	0.18999	0.089282	0.02127	0.0011572	-0.026276	-0.0099927	0.0062013	0.029814	0.048924	7.9295
942.84	0.029221	0.012	-0.1663	-0.25493	-0.3766	-0.50959	-0.65985	-0.93228	-1.1142	-1.5735	-2.1782	-2.4868	0.40435	-3.0514	-1.4404	-0.1686	0.59245	0.88649	0.83037	0.53583	0.32746	0.17685	0.057882	0.0033323	-0.0064325	-0.017455	-0.016242	-0.0086797	0.032991	0.048781	7.6058
938.37	0.025224	0.0081988	-0.14913	-0.2762	-0.35858	-0.48928	-0.63072	-0.88773	-1.0951	-1.684	-2.0529	-2.3801	0.38189	-2.9048	-1.4209	0.017686	0.65896	0.88109	0.82964	0.51712	0.31769	0.17264	0.049334	0.0074297	-0.0079868	-0.026324	-0.0108	-0.0057329	0.041349	0.05218	7.3532
936.03	0.047681	0.014408	-0.12495	-0.26081	-0.37754	-0.47384	-0.65618	-0.87358	-1.0614	-1.5333	-1.9945	-2.2418	0.45618	-2.6698	-1.2306	0.15415	0.68761	0.8719	0.80742	0.49625	0.28928	0.13252	0.038198	-0.017105	-0.031695	-0.047206	-0.028215	0.00024112	0.030765	0.042786	7.0188
942.95	0.013571	0.0012442	-0.13297	-0.2565	-0.35864	-0.48255	-0.62842	-0.84362	-1.0168	-1.5648	-1.9078	-2.2001	0.44475	-2.3696	-1.0991	0.1361	0.72644	0.8507	0.77116	0.44945	0.25656	0.11646	0.025148	-0.021855	-0.039049	-0.041298	-0.036639	-0.010166	0.015848	0.045624	6.7752
943.48	0.033315	-0.00029096	-0.12477	-0.24838	-0.32888	-0.45879	-0.61201	-0.83583	-1.0084	-1.4956	-1.8257	-2.1567	0.40407	-2.3362	-1.0111	0.3221	0.76257	0.86588	0.76994	0.43566	0.22904	0.093765	0.017951	-0.043767	-0.047366	-0.052396	-0.037402	-0.0019905	0.032152	0.051898	6.4906
945.82	0.028307	-0.014839	-0.14795	-0.25493	-0.34504	-0.45939	-0.59906	-0.80541	-0.97224	-1.4408	-1.5699	-1.9582	0.5079	-2.0906	-0.89519	0.44786	0.77527	0.84118	0.73624	0.39493	0.21563	0.059258	-0.0019893	-0.043658	-0.057079	-0.05385	-0.03731	-0.013838	0.023936	0.036843	6.2786
940.29	0.040861	-0.0079947	-0.13253	-0.25402	-0.34168	-0.45511	-0.61179	-0.80608	-0.94334	-1.3036	-1.543	-1.9275	0.49467	-1.8536	-0.75135	0.49294	0.80264	0.83478	0.70703	0.3616	0.17975	0.047832	-0.029219	-0.058581	-0.070346	-0.062934	-0.059559	-0.0169	0.04781	0.038639	6.0333
941.99	0.030895	-0.011824	-0.14855	-0.23599	-0.35452	-0.44644	-0.58082	-0.7729	-0.91572	-1.344	-1.423	-1.7469	0.33993	-1.754	-0.50483	0.54289	0.84023	0.79929	0.68239	0.35163	0.16089	0.032638	-0.039554	-0.078808	-0.071738	-0.077142	-0.059452	-0.01687	0.017499	0.038571	5.791
949.01	0.041302	0.023369	-0.14907	-0.25645	-0.32607	-0.43276	-0.57728	-0.7575	-0.8918	-1.3171	-1.493	-1.7842	0.40172	-1.6613	-0.57064	0.5641	0.82352	0.7778	0.66961	0.32212	0.15649	0.027397	-0.0464	-0.072573	-0.076483	-0.074202	-0.06213	-0.030775	0.043319	0.042199	5.5865
947.95	0.03152	-0.014806	-0.14681	-0.25515	-0.31396	-0.42545	-0.55663	-0.74865	-0.87875	-1.2761	-1.432	-1.7443	0.4263	-1.4718	-0.50166	0.52261	0.84384	0.77261	0.64019	0.30228	0.12463	0.0090742	-0.056775	-0.081544	-0.09015	-0.083772	-0.070784	-0.032287	0.033625	0.031274	5.3577
946.03	0.031583	-0.014072	-0.14144	-0.2485	-0.32799	-0.40983	-0.53412	-0.7364	-0.84612	-1.2021	-1.3182	-1.5883	0.41911	-1.3229	-0.33702	0.66708	0.86498	0.75682	0.6252	0.27083	0.10642	-0.013473	-0.085534	-0.10357	-0.10243	-0.07919	-0.070146	-0.041981	0.032065	0.029767	5.2107
944.22	0.046446	0.0066133	-0.1263	-0.23622	-0.33668	-0.43061	-0.54126	-0.71428	-0.84382	-1.1617	-1.3117	-1.5493	0.50069	-1.2134	-0.35515	0.60923	0.86339	0.74437	0.58833	0.24853	0.076869	-0.026897	-0.090481	-0.10864	-0.099595	-0.099183	-0.057745	-0.047256	0.022348	0.050284	5.0016
947.41	0.029899	-0.00028975	-0.14124	-0.23225	-0.32127	-0.43089	-0.53715	-0.71349	-0.79022	-1.0303	-1.2535	-1.4435	0.40239	-1.2252	-0.066681	0.67454	0.86048	0.70894	0.54687	0.22748	0.062985	-0.040996	-0.095738	-0.11394	-0.10605	-0.09885	-0.073167	-0.042659	0.011713	0.041487	4.85
954.43	0.036187	0.007301	-0.14903	-0.22975	-0.30386	-0.39418	-0.51582	-0.69219	-0.77821	-0.96362	-1.2888	-1.3995	0.39944	-0.98651	0.028862	0.57759	0.867	0.69942	0.54208	0.21661	0.048994	-0.043179	-0.11475	-0.12674	-0.11052	-0.11304	-0.085031	-0.0306	0.021301	0.043517	4.662
951.88	0.02731	0.01569	-0.11965	-0.23274	-0.31	-0.41507	-0.51114	-0.68519	-0.75776	-1.0677	-1.2476	-1.3532	0.4005	-0.98915	0.0029433	0.74683	0.8661	0.69871	0.5389	0.2021	0.036363	-0.062401	-0.11743	-0.12789	-0.12434	-0.10705	-0.075933	-0.034362	0.031062	0.047537	4.5135
946.46	0.03567	-0.0018197	-0.13005	-0.23487	-0.31445	-0.40444	-0.50721	-0.67536	-0.78477	-0.97174	-1.2189	-1.3106	0.49144	-0.93091	0.081395	0.75954	0.87026	0.67843	0.51487	0.1923	0.021326	-0.064428	-0.13321	-0.14643	-0.11372	-0.12112	-0.077931	-0.05899	0.03449	0.063509	4.3815
948.69	0.032314	0.0012381	-0.12247	-0.22876	-0.30748	-0.38272	-0.50602	-0.66892	-0.76187	-0.91849	-1.1802	-1.2741	0.45009	-0.93669	0.17683	0.63156	0.8674	0.66645	0.48737	0.16913	0.0068669	-0.088447	-0.14004	-0.14447	-0.10968	-0.11926	-0.081646	-0.05442	0.036032	0.043781	4.2693
954.86	0.031291	-0.00028749	-0.13452	-0.23202	-0.3108	-0.41206	-0.48991	-0.65497	-0.7492	-0.93787	-1.0748	-1.1826	0.52706	-0.87522	0.080678	0.76123	0.8626	0.65355	0.47423	0.15049	-0.0090815	-0.093674	-0.13598	-0.15718	-0.12545	-0.1177	-0.087318	-0.037925	0.022099	0.032606	4.1571
955.5	0.030458	-0.013173	-0.11919	-0.21847	-0.30706	-0.38172	-0.48958	-0.6401	-0.73398	-0.91195	-1.0207	-1.2151	0.58259	-0.77177	0.1842	0.84423	0.84919	0.63765	0.45703	0.13285	-0.017817	-0.10354	-0.14613	-0.15226	-0.12237	-0.1137	-0.098099	-0.051099	0.030941	0.048135	4.0889
954.97	0.027222	0.0042634	-0.1337	-0.23199	-0.28865	-0.39224	-0.49589	-0.62762	-0.72045	-0.91246	-1.1458	-1.1575	0.47908	-0.76429	0.22749	0.83634	0.84806	0.6062	0.44269	0.12206	-0.028165	-0.11933	-0.15331	-0.15555	-0.13218	-0.11847	-0.10513	-0.042323	0.021289	0.04038	4.0085
948.9	0.038034	-0.001815	-0.12648	-0.22871	-0.30118	-0.37139	-0.49906	-0.63486	-0.72739	-1.0541	-0.97414	-1.257	0.41784	-0.65763	0.20287	0.91738	0.85833	0.59623	0.42001	0.11779	-0.029944	-0.11843	-0.15746	-0.16139	-0.14056	-0.12239	-0.080848	-0.042592	0.036835	0.053166	3.9417
949.22	0.033931	-0.003341	-0.14177	-0.2215	-0.28683	-0.38856	-0.48294	-0.63061	-0.75287	-1.0283	-1.0275	-1.198	0.53823	-0.62555	0.16805	0.79936	0.86046	0.61679	0.41832	0.10766	-0.039535	-0.12339	-0.16534	-0.17586	-0.14579	-0.1334	-0.090954	-0.050698	0.016555	0.041408	3.8887
954.86	0.037796	-0.0033213	-0.14735	-0.2265	-0.2993	-0.38541	-0.47631	-0.62128	-0.75462	-0.8957	-1.0036	-1.0579	0.50309	-0.62977	0.25343	0.82808	0.85057	0.5908	0.4051	0.095328	-0.044868	-0.13673	-0.16909	-0.17964	-0.15167	-0.12398	-0.10669	-0.029116	0.022099	0.043498	3.828
959.11	0.031963	-0.0085925	-0.13392	-0.20587	-0.29092	-0.38028	-0.47495	-0.62251	-0.69805	-0.93371	-0.99033	-1.2022	0.38158	-0.60333	0.088915	0.89929	0.83881	0.57363	0.39718	0.086583	-0.049419	-0.1386	-0.17148	-0.17165	-0.15771	-0.13124	-0.1039	-0.046523	0.026012	0.038656	3.7992
955.92	0.028821	-0.0040763	-0.14559	-0.2168	-0.28305	-0.39528	-0.47201	-0.61818	-0.70115	-0.861	-0.92258	-1.0401	0.49456	-0.45508	0.3912	0.78543	0.84321	0.57382	0.37856	0.088544	-0.053556	-0.1432	-0.1752	-0.16742	-0.14327	-0.13325	-0.09496	-0.036417	0.021268	0.048112	3.743
955.39	0.02721	-0.008626	-0.14647	-0.20825	-0.29294	-0.38777	-0.47605	-0.62494	-0.71239	-0.85305	-1.0031	-1.0074	0.47887	-0.47906	0.27056	0.76914	0.84448	0.54665	0.38568	0.078571	-0.069483	-0.13583	-0.17845	-0.17954	-0.14784	-0.14117	-0.10276	-0.051105	0.035779	0.03803	3.7537
953.16	0.021572	-0.017004	-0.12753	-0.20479	-0.28476	-0.39815	-0.47943	-0.60551	-0.69465	-0.81278	-0.98762	-1.0181	0.528	-0.49605	0.27118	0.77932	0.84083	0.54104	0.36118	0.077916	-0.071238	-0.15191	-0.18203	-0.17916	-0.14369	-0.13128	-0.10144	-0.054165	0.026983	0.052929	3.7385
954.33	0.024799	0.0042663	-0.12255	-0.21243	-0.30035	-0.39508	-0.47658	-0.62162	-0.71396	-0.92152	-0.92412	-1.0751	0.51936	-0.4083	0.24494	0.95396	0.84462	0.55156	0.37381	0.073639	-0.05683	-0.14509	-0.18733	-0.17492	-0.14726	-0.12876	-0.091242	-0.068784	0.03985	0.04508	3.74
957.52	0.032017	-0.0017987	-0.13894	-0.2125	-0.30023	-0.38777	-0.46294	-0.62195	-0.71544	-0.94369	-0.98312	-0.8807	0.46187	-0.41483	0.37333	0.91746	0.8482	0.54458	0.37027	0.052558	-0.073293	-0.13801	-0.18906	-0.17114	-0.15424	-0.14007	-0.099437	-0.07075	0.022037	0.044153	3.7612
958.26	0.026318	0.010296	-0.11965	-0.20213	-0.29647	-0.37804	-0.47086	-0.62946	-0.70176	-0.87571	-0.98236	-1.0541	0.54111	-0.55654	0.37301	0.88344	0.83955	0.56471	0.37304	0.065008	-0.065313	-0.14202	-0.17321	-0.17341	-0.13695	-0.13371	-0.10399	-0.034133	0.034066	0.041792	3.7415
956.35	0.037737	-0.0055883	-0.13271	-0.22378	-0.28823	-0.36678	-0.46426	-0.61069	-0.70548	-0.88588	-0.98432	-0.97315	0.56612	-0.56555	0.28753	0.83513	0.84203	0.55898	0.37992	0.079324	-0.064649	-0.139	-0.16883	-0.17295	-0.1447	-0.13241	-0.087955	-0.054718	0.009995	0.041876	3.7339
954.54	0.036183	-0.0025641	-0.12333	-0.22184	-0.28877	-0.38984	-0.48025	-0.61185	-0.68202	-0.83693	-0.99508	-1.1081	0.52724	-0.57454	0.30535	0.76982	0.84122	0.56606	0.37603	0.10038	-0.050452	-0.11773	-0.16442	-0.16766	-0.13823	-0.12481	-0.10207	-0.047479	0.022106	0.039621	3.7248
955.6	0.036143	-0.0093816	-0.14083	-0.21372	-0.30614	-0.38855	-0.48424	-0.64003	-0.78345	-1.0383	-1.1006	-1.0155	0.55059	-0.45523	0.33092	0.78569	0.8483	0.568	0.39327	0.089407	-0.043245	-0.12008	-0.16108	-0.15625	-0.13808	-0.12388	-0.090346	-0.027629	0.032551	0.058236	3.74
955.6	0.042641	-0.010139	-0.14484	-0.23577	-0.29641	-0.3937	-0.49556	-0.63763	-0.74397	-0.94558	-1.0473	-1.1568	0.62243	-0.77961	0.28776	0.81908	0.84429	0.60064	0.41169	0.10695	-0.029734	-0.1176	-0.15163	-0.15465	-0.12535	-0.12232	-0.10351	-0.028362	0.026914	0.046574	3.878
955.92	0.036131	0.00047152	-0.11513	-0.20656	-0.30515	-0.3867	-0.5037	-0.6286	-0.74295	-0.9284	-0.95811	-1.2561	0.65413	-0.82679	0.1151	0.81047	0.84241	0.62878	0.4315	0.13446	-0.01622	-0.10846	-0.13111	-0.14658	-0.12157	-0.10581	-0.082577	-0.044479	0.030931	0.058217	4.0479
955.28	0.046722	0.0050198	-0.13125	-0.21458	-0.30889	-0.38868	-0.50101	-0.66671	-0.77055	-1.0049	-1.0654	-1.1738	0.58271	-0.83527	0.072014	0.86949	0.85019	0.65154	0.47402	0.15126	0.0044376	-0.087838	-0.13198	-0.14107	-0.1239	-0.10431	-0.09115	-0.038642	0.027728	0.046589	4.2163
954.65	0.029673	0.0057814	-0.13615	-0.22418	-0.32857	-0.40097	-0.49908	-0.67518	-0.75246	-0.98872	-1.1284	-1.2328	0.52718	-0.80415	0.080696	0.70288	0.84995	0.64854	0.48202	0.16473	0.0060306	-0.081269	-0.12576	-0.12912	-0.11574	-0.10909	-0.082687	-0.037933	0.043063	0.048178	4.3603
954.54	0.036183	-0.0055989	-0.15302	-0.22973	-0.33569	-0.41391	-0.53163	-0.68168	-0.78045	-1.0732	-0.98619	-1.3162	0.53523	-0.9468	0.054782	0.87017	0.85085	0.67612	0.50667	0.18398	0.03626	-0.068024	-0.12262	-0.12593	-0.12175	-0.095757	-0.078046	-0.035735	0.028557	0.037286	4.5802
957.09	0.032842	0.0057666	-0.131	-0.22676	-0.33215	-0.41453	-0.52946	-0.70387	-0.75904	-0.96936	-1.0457	-1.3625	0.48598	-0.92847	-0.0056854	0.74275	0.84698	0.69919	0.54287	0.21517	0.048858	-0.052146	-0.099489	-0.10398	-0.093773	-0.089236	-0.077065	-0.033443	0.034107	0.034857	4.7681
953.37	0.039485	-0.0025658	-0.13634	-0.23396	-0.34231	-0.4127	-0.5406	-0.71867	-0.79537	-1.2519	-1.2279	-1.5094	0.54388	-1.1383	-0.17873	0.79588	0.85752	0.71139	0.56345	0.21769	0.076129	-0.029127	-0.099088	-0.094743	-0.10764	-0.08251	-0.071934	-0.021815	0.045541	0.03811	4.9879
952.2	0.033009	0.0027554	-0.1542	-0.26112	-0.33297	-0.42269	-0.56323	-0.73163	-0.82121	-1.0928	-1.1759	-1.4112	0.5846	-1.1635	-0.14429	0.78011	0.85696	0.7002	0.56029	0.24813	0.077819	-0.015876	-0.091305	-0.094053	-0.083739	-0.081037	-0.059592	-0.036557	0.043173	0.043619	5.1425
952.31	0.026483	-0.0025686	-0.15177	-0.24449	-0.35866	-0.44764	-0.56544	-0.74361	-0.83666	-1.0757	-1.2738	-1.4944	0.60056	-1.1713	-0.13562	0.67107	0.86169	0.74494	0.59566	0.26737	0.092163	-0.0050812	-0.079437	-0.080367	-0.082226	-0.084177	-0.056477	-0.015952	0.043169	0.043614	5.3334
953.37	0.024824	-0.004845	-0.15482	-0.24896	-0.32281	-0.45833	-0.558	-0.76287	-0.85047	-1.1506	-1.4862	-1.3928	0.54388	-1.511	-0.20467	0.55314	0.8527	0.75358	0.615	0.29972	0.11118	0.0098531	-0.068295	-0.074652	-0.06488	-0.073076	-0.057966	-0.038717	0.039082	0.045125	5.5486
955.39	0.029649	-0.0040786	-0.13845	-0.2571	-0.33805	-0.44705	-0.58249	-0.76286	-0.89281	-1.2324	-1.5275	-1.6642	0.63055	-1.6344	-0.46322	0.48515	0.84448	0.78292	0.65286	0.32498	0.14353	0.030523	-0.054757	-0.064872	-0.073726	-0.072137	-0.045454	-0.021034	0.051888	0.048139	5.8076
951.67	0.019158	-0.0048537	-0.13819	-0.25731	-0.36423	-0.46692	-0.58325	-0.79966	-0.92429	-1.1865	-1.6405	-1.6874	0.64104	-1.5852	-0.51704	0.47028	0.84295	0.80927	0.68624	0.35476	0.16404	0.048092	-0.032033	-0.063515	-0.061238	-0.060607	-0.047187	-0.010072	0.033493	0.048327	6.0288
950.39	0.035523	-0.0086714	-0.15692	-0.24736	-0.36561	-0.45545	-0.60832	-0.81443	-0.94732	-1.3322	-1.4551	-1.8568	0.60979	-1.8657	-0.4917	0.56328	0.81829	0.82936	0.72189	0.38715	0.19702	0.065626	-0.025741	-0.046673	-0.051536	-0.053591	-0.044137	-0.010821	0.032729	0.052301	6.2559
952.31	0.028929	-0.005612	-0.16625	-0.26742	-0.37286	-0.48988	-0.62982	-0.83773	-0.98504	-1.3633	-1.7375	-1.9032	0.48042	-2.116	-0.82847	0.35265	0.7909	0.84148	0.73354	0.409	0.21018	0.082932	0.00039579	-0.03773	-0.030402	-0.05191	-0.035501	-0.014481	0.039935	0.044396	6.5103
952.84	0.029729	-0.020052	-0.16536	-0.2807	-0.38861	-0.48443	-0.64839	-0.84531	-1.0117	-1.5147	-1.7187	-2.0105	0.64025	-2.2497	-0.94919	0.43621	0.74784	0.8591	0.7516	0.42636	0.24991	0.098652	0.018564	-0.027256	-0.032638	-0.041655	-0.037811	-0.0012345	0.018108	0.045928	6.7782
949.97	0.038809	-0.016298	-0.14005	-0.27442	-0.3889	-0.48503	-0.65035	-0.86641	-1.0365	-1.5617	-1.7954	-2.1587	0.54583	-2.3043	-1.0823	0.23589	0.72752	0.86947	0.77086	0.45368	0.25946	0.11144	0.027336	-0.020079	-0.028972	-0.02048	-0.04182	0.0090883	0.040033	0.043722	7.0521
947.31	0.033181	-0.01405	-0.17684	-0.26327	-0.38196	-0.50806	-0.65141	-0.88906	-1.0738	-1.5746	-1.8004	-2.3325	0.58762	-2.6061	-1.2856	0.1102	0.70045	0.85978	0.804	0.48697	0.28664	0.13763	0.040129	0.0073596	-0.0094221	-0.010252	-0.018508	-0.0056788	0.038522	0.046196	7.3411
947.31	0.032362	-0.011758	-0.15015	-0.28313	-0.40069	-0.51499	-0.69252	-0.91494	-1.0933	-1.6256	-1.9349	-2.3744	0.69229	-2.7577	-1.2682	0.084924	0.66002	0.88665	0.81948	0.50972	0.30267	0.14848	0.048073	0.0065528	-0.0086675	-0.017373	-0.020069	-0.0034596	0.030398	0.036785	7.5801
949.76	0.033095	-0.0010512	-0.15621	-0.27923	-0.41123	-0.50675	-0.67783	-0.95292	-1.1217	-1.8334	-2.0014	-2.3683	0.48974	-2.8222	-1.5775	0.042683	0.59862	0.87226	0.82355	0.51596	0.33307	0.1764	0.066972	0.021861	-0.0071383	-0.0062808	-0.0075538	0.0098277	0.036802	0.031998	7.8584
948.59	0.030679	-0.0079248	-0.17094	-0.29148	-0.41708	-0.53766	-0.70528	-0.96217	-1.1566	-1.8866	-2.1471	-2.6224	0.59487	-3.009	-1.736	-0.15077	0.57109	0.86122	0.84235	0.54857	0.34469	0.19912	0.085305	0.038041	0.01849	-0.0062886	-0.0060042	0.012056	0.049829	0.050834	8.1608
946.14	0.016807	-0.021724	-0.19487	-0.29223	-0.41905	-0.52777	-0.71701	-0.98328	-1.1838	-1.8064	-2.1168	-2.7635	0.46742	-3.3125	-2.0107	-0.20175	0.49889	0.87646	0.86469	0.56939	0.37447	0.20883	0.083934	0.042188	0.022317	0.005578	0.0017997	0.013568	0.052395	0.039973	8.4587
