14041	6	3	91	23.8	748	1	9	8	4.077	128	4096	10	0	0	0	0	521.92	951.99	1.4422e+006	0.11679	0.17462	40.341	0	0	1	0	0	0	11	0	0
953.78	0.024878	-0.052258	-0.1718	-0.27753	-0.34174	-0.4274	-0.51773	-0.6473	-0.72561	-0.9979	-0.83509	-1.1089	-0.84014	-0.2611	0.26791	0.94802	0.80332	0.46246	0.26345	-0.0027938	-0.10251	-0.183	-0.1846	-0.16029	-0.14179	-0.10357	-0.063867	-0.031839	0.025561	0.042956	2.9054
954.42	0.0085916	-0.040841	-0.16686	-0.27183	-0.3362	-0.44431	-0.52343	-0.66212	-0.75071	-0.86219	-1.0214	-0.97494	-0.79164	-0.40352	0.3714	0.92226	0.82767	0.50515	0.29786	0.036508	-0.084147	-0.15637	-0.1616	-0.14734	-0.11397	-0.082294	-0.031269	0.004157	0.040056	0.04137	3.2165
952.18	0.020843	-0.048543	-0.15841	-0.27325	-0.34586	-0.43329	-0.52845	-0.61459	-0.76102	-0.88112	-0.93458	-1.1024	-0.88161	-0.48385	0.4416	0.87415	0.85053	0.53306	0.36404	0.062575	-0.055633	-0.11853	-0.14143	-0.10907	-0.085694	-0.080124	-0.027457	-0.0098175	0.019947	0.051611	3.4457
952.5	0.020836	-0.041683	-0.15433	-0.27632	-0.35461	-0.43314	-0.54341	-0.66666	-0.77474	-0.92312	-0.9521	-1.0603	-0.93736	-0.52338	0.19033	0.90739	0.84702	0.54495	0.36699	0.077633	-0.044453	-0.11185	-0.14612	-0.12834	-0.097679	-0.096622	-0.056963	-0.015699	0.032866	0.037552	3.6854
955.8	0.01264	-0.062757	-0.17063	-0.28561	-0.37461	-0.45054	-0.5521	-0.67318	-0.80922	-1.1812	-1.3219	-1.3475	-1.2613	-0.73515	0.21556	0.6788	0.85052	0.57914	0.38722	0.094066	-0.039533	-0.10981	-0.12435	-0.11747	-0.10108	-0.092369	-0.056767	-0.016378	0.026312	0.028873	4.0115
956.44	0.0061378	-0.068016	-0.17613	-0.31611	-0.41146	-0.48371	-0.58944	-0.72079	-0.80481	-1.1551	-1.037	-1.2054	-1.2764	-0.67933	0.086076	0.86191	0.84354	0.58476	0.4161	0.10986	-0.0069541	-0.085765	-0.12663	-0.10378	-0.077834	-0.073501	-0.038938	-0.011969	0.029514	0.031959	4.3163
956.75	0.0077595	-0.060423	-0.16646	-0.28847	-0.38748	-0.43379	-0.57567	-0.69733	-0.77516	-1.1547	-1.1254	-1.4292	-1.1723	-0.71071	0.12914	0.83663	0.86488	0.63347	0.45583	0.15903	0.023207	-0.064247	-0.11872	-0.11175	-0.091264	-0.07426	-0.032738	0.0034135	0.031112	0.058353	4.6332
954.52	0.016725	-0.056769	-0.18932	-0.29151	-0.39016	-0.47264	-0.5876	-0.71261	-0.82115	-1.0646	-1.1102	-1.3826	-1.287	-0.73613	0.025748	0.84693	0.87092	0.66849	0.50147	0.18281	0.050311	-0.039546	-0.090608	-0.086328	-0.071246	-0.065012	-0.02274	-0.00098207	0.031989	0.056155	4.9197
953.46	0.020001	-0.04696	-0.19274	-0.30052	-0.41363	-0.48952	-0.60489	-0.7592	-0.8469	-1.1165	-1.2896	-1.2842	-1.4084	-1.0938	0.18149	0.77255	0.88233	0.69506	0.53203	0.22989	0.070278	-0.01554	-0.0615	-0.063123	-0.049571	-0.044647	-0.025093	-0.002455	0.03122	0.039852	5.1956
955.58	-0.0060446	-0.071865	-0.1843	-0.30852	-0.41979	-0.52795	-0.63072	-0.79519	-0.88063	-1.291	-1.4644	-1.6305	-1.5968	-1.3603	-0.077844	0.57875	0.85231	0.7021	0.55771	0.2252	0.085219	-0.018815	-0.063726	-0.050956	-0.044221	-0.038274	-0.027359	0.0085506	0.031953	0.044429	5.5047
956.33	0.002891	-0.058934	-0.19938	-0.30198	-0.42123	-0.5138	-0.62721	-0.79377	-0.89774	-1.2311	-1.5787	-1.679	-1.5876	-1.4304	-0.30201	0.80361	0.87167	0.74791	0.6125	0.27843	0.12883	0.013445	-0.034553	-0.054923	-0.027733	-0.030407	-0.028885	0.0092763	0.019859	0.044394	5.8879
956.44	0.011009	-0.0559	-0.20817	-0.30273	-0.41411	-0.51976	-0.64072	-0.8073	-0.93399	-1.2562	-1.7028	-1.7951	-1.7868	-1.6042	-0.2675	0.47811	0.85315	0.77271	0.62854	0.31011	0.15422	0.039898	-0.01094	-0.031688	-0.020999	-0.0092461	-0.0056764	0.012939	0.040777	0.054489	6.1772
955.37	0.0069569	-0.058237	-0.20118	-0.33931	-0.43138	-0.5358	-0.67163	-0.82664	-0.98149	-1.266	-1.4559	-1.7638	-1.7728	-1.6455	-0.38864	0.71253	0.84448	0.79763	0.66686	0.34888	0.19572	0.067254	0.007959	0.00035488	-0.0023062	0.00015802	0.018323	0.018821	0.036795	0.042105	6.5163
953.35	0.002086	-0.044686	-0.19598	-0.34714	-0.45445	-0.55502	-0.65716	-0.84527	-1.0092	-1.2602	-1.5569	-1.7926	-2.0086	-1.7918	-0.45004	0.58847	0.82618	0.81395	0.69058	0.38226	0.20569	0.095598	0.018239	0.015623	-0.0023111	0.0040883	0.015258	0.026945	0.040909	0.055444	6.8599
953.56	-0.011757	-0.068979	-0.20879	-0.33838	-0.45701	-0.56953	-0.74022	-0.90052	-1.0664	-1.5725	-1.8059	-2.1754	-2.2641	-2.0926	-0.87373	0.44606	0.79466	0.8198	0.70351	0.3872	0.23113	0.091429	0.019025	0.0099959	0.0074408	0.016663	0.010599	0.013714	0.035251	0.036733	7.2337
954.31	-0.010935	-0.0879	-0.2279	-0.34206	-0.49295	-0.57768	-0.74115	-0.91668	-1.0896	-1.681	-1.8846	-2.0905	-2.3982	-2.2574	-0.97677	0.33702	0.77397	0.84238	0.74216	0.42202	0.24448	0.1187	0.03873	0.026845	0.011183	-0.0061256	0.022995	0.0070929	0.034417	0.027359	7.5877
953.35	-0.010946	-0.087228	-0.22009	-0.36293	-0.47218	-0.57224	-0.7714	-0.92563	-1.1108	-1.6574	-1.9666	-2.2675	-2.4966	-2.3469	-1.1075	0.18668	0.73136	0.85356	0.76675	0.45844	0.26862	0.14619	0.062456	0.045355	0.020948	0.022956	0.014481	0.0218	0.039295	0.036741	7.9567
951.86	-0.014226	-0.079757	-0.20756	-0.35084	-0.48534	-0.57658	-0.75063	-0.9464	-1.1413	-1.7276	-1.9073	-2.3378	-2.6047	-2.4538	-1.1092	0.23728	0.70594	0.86524	0.79801	0.49101	0.30334	0.18048	0.091812	0.064743	0.048782	0.04425	0.038599	0.040238	0.041781	0.033675	8.371
947.82	-0.013468	-0.072455	-0.20602	-0.36108	-0.47493	-0.58683	-0.76905	-0.9666	-1.1805	-1.6755	-2.0408	-2.6411	-2.8009	-2.7993	-1.5055	-0.031147	0.66288	0.87153	0.82772	0.53352	0.3479	0.21212	0.11285	0.085227	0.065593	0.043649	0.052813	0.045584	0.04277	0.045576	8.7232
947.08	-0.0028197	-0.054158	-0.2086	-0.34785	-0.49047	-0.59856	-0.78184	-1.0038	-1.2346	-1.8214	-2.1321	-2.5929	-3.093	-3.1128	-1.7506	-0.1997	0.59464	0.86875	0.82992	0.54742	0.37303	0.22314	0.12725	0.093384	0.071686	0.05951	0.048167	0.027865	0.053367	0.034629	9.116
948.25	-0.0077281	-0.084642	-0.21562	-0.37441	-0.49878	-0.60561	-0.81282	-1.0074	-1.237	-2.0485	-2.3891	-2.8326	-3.0972	-3.4438	-1.8963	-0.2752	0.53816	0.8772	0.85829	0.59556	0.40941	0.25455	0.15329	0.10296	0.078387	0.073662	0.071512	0.053694	0.047622	0.031452	9.5269
947.61	-0.0036386	-0.080879	-0.22708	-0.36354	-0.51427	-0.62335	-0.82174	-1.0517	-1.2948	-1.9564	-2.561	-2.9687	-3.5098	-3.6695	-2.0368	-0.49434	0.46253	0.87432	0.86816	0.62796	0.42651	0.27558	0.15974	0.11193	0.098819	0.075292	0.075465	0.05373	0.028163	0.053427	9.9512
946.23	-0.01349	-0.080997	-0.22175	-0.35612	-0.51771	-0.65028	-0.82599	-1.097	-1.3358	-2.087	-2.6276	-2.9394	-3.5633	-3.9545	-2.3274	-0.66374	0.38952	0.87734	0.87951	0.65081	0.45121	0.31191	0.2093	0.15743	0.12542	0.10946	0.088867	0.073802	0.036337	0.045653	10.348
942.71	0.0029327	-0.068238	-0.22257	-0.379	-0.52411	-0.65706	-0.83519	-1.101	-1.3666	-2.0178	-2.4932	-3.22	-3.7546	-4.1938	-2.5111	-0.65776	0.29345	0.88147	0.90068	0.68794	0.48591	0.32398	0.21886	0.17264	0.13802	0.11464	0.086841	0.051036	0.04137	0.041883	10.747
941.33	-0.01191	-0.072955	-0.21476	-0.38515	-0.53925	-0.67982	-0.87626	-1.1328	-1.4268	-2.0122	-2.7495	-3.3007	-4.0113	-4.5855	-2.6812	-0.93001	0.18401	0.85051	0.88018	0.68641	0.48501	0.33958	0.23198	0.15581	0.13519	0.10366	0.072824	0.06302	0.025898	0.014318	11.124
943.35	-0.028347	-0.077404	-0.25247	-0.40188	-0.52824	-0.69751	-0.88126	-1.1734	-1.4747	-2.1531	-2.9686	-3.5125	-4.2614	-4.8321	-3.0252	-1.2326	0.066676	0.83041	0.88918	0.70101	0.52986	0.35478	0.23786	0.17984	0.13717	0.10344	0.090705	0.065114	0.038895	0.022163	11.537
943.35	-0.039047	-0.0751	-0.24272	-0.39391	-0.55421	-0.7123	-0.90419	-1.1913	-1.5163	-2.247	-3.0316	-3.5294	-4.5686	-5.2168	-3.3487	-1.3594	-0.039712	0.81301	0.86975	0.73231	0.54274	0.38579	0.25941	0.19608	0.15689	0.13125	0.096978	0.078483	0.034001	0.022163	11.93
943.14	-0.045642	-0.095084	-0.25415	-0.40597	-0.56599	-0.70028	-0.93652	-1.2021	-1.5535	-2.2646	-3.0953	-3.6313	-4.7152	-5.3783	-3.6817	-1.4867	-0.1705	0.77838	0.86994	0.75109	0.57909	0.406	0.28181	0.22293	0.1683	0.1424	0.1119	0.084446	0.049511	0.031624	12.306
940.37	-0.029262	-0.087662	-0.22883	-0.40236	-0.57125	-0.69099	-0.90169	-1.2203	-1.5864	-2.3398	-3.1315	-3.718	-4.9886	-5.7961	-3.9557	-1.6947	-0.28506	0.75361	0.87796	0.77706	0.60502	0.43662	0.30505	0.22847	0.17184	0.15079	0.11931	0.083948	0.050476	0.028555	12.696
939.84	-0.040846	-0.080775	-0.23711	-0.36815	-0.56348	-0.72894	-0.96513	-1.252	-1.6219	-2.4697	-3.3772	-3.9652	-5.1294	-6.1212	-4.2036	-2.0353	-0.40831	0.7357	0.87456	0.79363	0.61587	0.45285	0.32044	0.24653	0.18411	0.15407	0.13434	0.092198	0.027579	0.02778	13.053
941.86	-0.048177	-0.087523	-0.23579	-0.40492	-0.55509	-0.7082	-0.99139	-1.2786	-1.6781	-2.4131	-3.4061	-4.1169	-5.5557	-6.5656	-4.5712	-2.3699	-0.57743	0.67834	0.85321	0.80803	0.62825	0.46783	0.32455	0.24926	0.19663	0.15692	0.13641	0.089023	0.038141	0.02851	13.494
942.08	-0.050639	-0.095192	-0.22354	-0.39444	-0.60609	-0.74986	-0.9636	-1.297	-1.7107	-2.6947	-3.5585	-4.1666	-5.7973	-6.8771	-4.9728	-2.6828	-0.72856	0.64421	0.84601	0.81208	0.67647	0.48535	0.34046	0.27197	0.19202	0.18234	0.14344	0.095698	0.0512	0.029294	13.823
942.29	-0.048155	-0.10209	-0.22918	-0.41192	-0.56829	-0.74011	-1.007	-1.3593	-1.7449	-2.5915	-3.5938	-4.2162	-6.0712	-7.1483	-5.1555	-2.9532	-0.88124	0.5918	0.81935	0.84916	0.66907	0.51461	0.37473	0.29061	0.22842	0.18548	0.15126	0.12022	0.026689	0.022188	14.214
940.91	-0.04245	-0.09223	-0.21486	-0.38613	-0.57631	-0.73945	-1.0039	-1.3515	-1.7687	-2.4412	-3.6261	-4.3406	-6.2261	-7.5124	-5.4962	-3.1865	-1.0267	0.54207	0.81666	0.86313	0.71928	0.54814	0.39128	0.30162	0.24471	0.1961	0.14677	0.11369	0.04145	0.032487	14.562
939.84	-0.047455	-0.097729	-0.22651	-0.39618	-0.62461	-0.74815	-1.0081	-1.3644	-1.7904	-2.6496	-3.6844	-4.4554	-6.5659	-7.8024	-6.0641	-3.4279	-1.2169	0.48329	0.79026	0.85392	0.72332	0.54876	0.39092	0.31175	0.24499	0.19553	0.16661	0.11009	0.062786	0.031734	14.879
941.44	-0.053148	-0.12064	-0.22694	-0.4027	-0.59573	-0.7617	-1.0164	-1.3849	-1.8392	-2.9617	-4.1472	-4.8444	-7.0327	-8.3915	-6.3779	-3.9476	-1.3996	0.40923	0.75386	0.86688	0.72532	0.56295	0.39906	0.31366	0.24306	0.19361	0.16397	0.10767	0.038159	0.033259	15.186
941.86	-0.067139	-0.11136	-0.22359	-0.39293	-0.60982	-0.7448	-1.0588	-1.4396	-1.8588	-2.9518	-4.2084	-4.8169	-7.4102	-8.7088	-6.6552	-4.0644	-1.5698	0.36199	0.70835	0.87666	0.7508	0.57025	0.41966	0.34199	0.2551	0.20625	0.16154	0.10688	0.032422	0.022988	15.479
941.54	-0.057265	-0.10525	-0.23017	-0.39866	-0.59925	-0.76423	-1.0791	-1.4458	-1.9113	-2.8587	-4.0926	-4.9451	-7.518	-8.9767	-6.8415	-4.2438	-1.7241	0.30632	0.69769	0.88204	0.76637	0.5906	0.43339	0.33153	0.25898	0.20552	0.17338	0.10989	0.039788	0.017472	15.781
939.74	-0.073073	-0.11393	-0.21186	-0.39542	-0.59411	-0.75959	-1.0688	-1.4518	-1.9024	-2.8728	-4.2903	-4.9884	-7.8003	-9.3399	-7.1355	-4.5747	-1.8636	0.2676	0.68342	0.88799	0.77755	0.60941	0.45505	0.35173	0.2747	0.22107	0.17214	0.11383	0.039045	0.024621	16.069
937.5	-0.061652	-0.10493	-0.21564	-0.38673	-0.60995	-0.74389	-1.0599	-1.4741	-1.9464	-3.0085	-4.3005	-5.2122	-8.0385	-9.717	-7.5836	-4.9091	-2.0323	0.19557	0.65297	0.90117	0.79317	0.63194	0.45854	0.35584	0.28375	0.22879	0.1765	0.12008	0.03996	0.021511	16.294
937.93	-0.076527	-0.1072	-0.22861	-0.41384	-0.57544	-0.77156	-1.0732	-1.4808	-1.9999	-3.0759	-4.5158	-5.4977	-8.3764	-10.1	-7.8967	-5.094	-2.2168	0.14122	0.60888	0.87183	0.78876	0.62491	0.4479	0.36139	0.26608	0.2207	0.18115	0.1148	0.028455	-0.0030575	16.485
939.63	-0.080519	-0.11317	-0.23879	-0.38585	-0.57619	-0.78151	-1.0851	-1.4944	-2.0294	-3.036	-4.598	-5.53	-8.621	-10.419	-8.1984	-5.467	-2.3905	0.074569	0.58045	0.88299	0.79218	0.6364	0.47192	0.36807	0.26864	0.22668	0.17846	0.090725	0.033316	0.0032749	16.713
938.56	-0.10377	-0.10404	-0.20478	-0.39511	-0.57685	-0.75266	-1.0932	-1.5206	-2.0537	-3.0824	-4.6394	-5.5956	-8.9558	-10.89	-8.524	-5.6517	-2.5409	0.018683	0.55454	0.901	0.81654	0.64386	0.47166	0.36767	0.27809	0.22215	0.17709	0.11397	0.032533	0.01436	16.931
936.44	-0.089916	-0.11278	-0.21997	-0.37833	-0.54568	-0.76665	-1.0657	-1.5118	-2.0213	-3.1754	-4.5774	-5.8034	-8.9762	-10.907	-8.6755	-5.8862	-2.6784	-0.039129	0.52995	0.89793	0.82732	0.66475	0.49443	0.37669	0.28865	0.22105	0.18697	0.11348	0.030145	0.0064596	17.078
931.86	-0.097023	-0.11955	-0.1931	-0.36322	-0.57102	-0.75103	-1.0353	-1.4879	-2.0558	-3.0008	-4.6272	-5.8319	-9.1267	-11.204	-9.0456	-6.0692	-2.833	-0.088649	0.505	0.91005	0.83709	0.66208	0.49767	0.39252	0.28086	0.2342	0.17836	0.11705	0.022858	0.0017084	17.195
930.58	-0.088812	-0.12672	-0.18925	-0.37262	-0.54184	-0.74236	-1.1011	-1.4702	-2.069	-3.204	-4.7431	-5.9423	-9.4999	-11.536	-9.3594	-6.4634	-2.9604	-0.13993	0.47338	0.889	0.826	0.66554	0.48703	0.37659	0.27049	0.22164	0.15793	0.087845	0.0046975	-0.011066	17.282
932.92	-0.11606	-0.13882	-0.20356	-0.38379	-0.56222	-0.75722	-1.0882	-1.5248	-2.055	-3.1787	-4.8313	-6.1318	-9.7867	-11.742	-9.4773	-6.5071	-3.0507	-0.1607	0.45725	0.88848	0.83613	0.6664	0.485	0.36826	0.27058	0.2026	0.15436	0.081616	0.017884	-0.020595	17.387
932.07	-0.090335	-0.11253	-0.18402	-0.35345	-0.55458	-0.73677	-1.0482	-1.4728	-2.0974	-3.3112	-4.8266	-6.0607	-9.8447	-11.85	-9.6187	-6.6158	-3.1085	-0.19167	0.44587	0.88416	0.83445	0.67295	0.50402	0.38174	0.27159	0.20922	0.16641	0.094469	0.0096441	0.001705	17.442
930.16	-0.09386	-0.13457	-0.21487	-0.38088	-0.55753	-0.69329	-1.0674	-1.4997	-2.0874	-3.1795	-4.8092	-6.0817	-9.906	-11.736	-9.6474	-6.6466	-3.1586	-0.20971	0.44678	0.89627	0.84189	0.67774	0.49372	0.38335	0.28061	0.21207	0.16675	0.088638	0.021246	-0.0014849	17.477
925.15	-0.097726	-0.13843	-0.20941	-0.34633	-0.5158	-0.73252	-1.0639	-1.5169	-2.0643	-3.1096	-4.9912	-6.0888	-9.7205	-12.045	-9.8155	-6.7688	-3.198	-0.20996	0.44127	0.91061	0.84069	0.68311	0.50534	0.37135	0.27053	0.20998	0.15566	0.092904	0.014706	-0.0039024	17.504
922.6	-0.10725	-0.12468	-0.18591	-0.35137	-0.53646	-0.71498	-1.0676	-1.5494	-2.0315	-3.1532	-4.8393	-6.0971	-10.037	-11.931	-9.8605	-6.8913	-3.2235	-0.23812	0.43931	0.91227	0.83479	0.67986	0.49369	0.36657	0.26275	0.19919	0.14888	0.088604	-0.014447	-0.022436	17.438
923.13	-0.12233	-0.16697	-0.21899	-0.37155	-0.57185	-0.72079	-1.0185	-1.546	-2.0865	-3.195	-4.9101	-6.1452	-9.9814	-12.252	-9.9084	-6.9133	-3.2573	-0.24421	0.42237	0.89877	0.83596	0.66149	0.48281	0.34893	0.25408	0.19582	0.13837	0.065023	-0.0052672	-0.023228	17.468
922.6	-0.12409	-0.16628	-0.23407	-0.353	-0.56485	-0.73633	-0.9988	-1.5021	-2.0837	-3.2492	-4.9314	-6.2348	-9.9955	-12.005	-9.8873	-6.9432	-3.2301	-0.24435	0.41705	0.88718	0.81915	0.66444	0.48961	0.35909	0.25577	0.18456	0.14246	0.068097	-0.02362	-0.024853	17.477
922.06	-0.13932	-0.1813	-0.24667	-0.36137	-0.54318	-0.71094	-1.008	-1.5229	-2.1073	-3.2074	-5.0447	-6.1437	-9.8192	-12.077	-9.6963	-6.8174	-3.2228	-0.24805	0.40854	0.88769	0.82786	0.65024	0.48745	0.35265	0.24506	0.18223	0.1281	0.04838	-0.016123	-0.030508	17.477
918.23	-0.16104	-0.18601	-0.25938	-0.38665	-0.54453	-0.70944	-1.0672	-1.5075	-2.0468	-3.098	-4.7976	-6.005	-9.7772	-12.012	-9.6829	-6.7677	-3.223	-0.2321	0.42143	0.8801	0.81478	0.64865	0.46735	0.33827	0.23752	0.16422	0.11252	0.043239	-0.052228	-0.053291	17.46
916.74	-0.17739	-0.19658	-0.27651	-0.40863	-0.55648	-0.71418	-1.0406	-1.4565	-2.0937	-3.0152	-4.9351	-6.0667	-9.8347	-11.999	-9.5997	-6.7526	-3.2299	-0.23069	0.42452	0.88154	0.81031	0.64367	0.47139	0.34802	0.2418	0.17021	0.10625	0.024964	-0.037202	-0.077693	17.403
918.12	-0.17882	-0.1876	-0.26191	-0.38751	-0.57589	-0.76853	-1.0398	-1.4685	-2.0672	-3.3265	-4.9739	-6.1441	-9.7949	-12.03	-9.7019	-6.8032	-3.1958	-0.22229	0.41749	0.86891	0.80495	0.63323	0.45018	0.31495	0.23209	0.15363	0.11012	0.022637	-0.04972	-0.078385	17.259
918.76	-0.1432	-0.17801	-0.2709	-0.37659	-0.52398	-0.69206	-0.99826	-1.4233	-2.0006	-3.0611	-4.8503	-6.1139	-9.7964	-11.8	-9.5516	-6.7724	-3.1335	-0.2007	0.45472	0.89436	0.81513	0.6457	0.46462	0.34141	0.23504	0.15597	0.10682	0.047026	-0.032094	-0.045982	17.09
918.65	-0.16012	-0.16621	-0.23424	-0.38401	-0.54796	-0.72073	-0.96462	-1.476	-1.9839	-3.0527	-4.8509	-6.0454	-9.8308	-11.768	-9.5078	-6.5908	-3.0363	-0.148	0.47314	0.90663	0.82102	0.65438	0.47532	0.34396	0.23507	0.1772	0.12777	0.059236	-0.022047	-0.040325	17.033
918.12	-0.15598	-0.18681	-0.21101	-0.35636	-0.49398	-0.67734	-0.9856	-1.3575	-1.952	-3.0282	-4.6132	-5.8586	-9.554	-11.454	-9.3337	-6.4556	-2.978	-0.12574	0.51256	0.91758	0.83969	0.66509	0.47314	0.34582	0.2391	0.16097	0.12221	0.048585	-0.022899	-0.041159	16.89
917.06	-0.13754	-0.1744	-0.23381	-0.37729	-0.49732	-0.6468	-0.94113	-1.2973	-1.9494	-3.0229	-4.7297	-5.9866	-9.5734	-11.459	-9.2635	-6.3412	-2.9213	-0.091869	0.52035	0.91082	0.83652	0.64431	0.46056	0.32283	0.21442	0.15054	0.10379	0.036416	-0.025443	-0.054979	16.653
918.76	-0.14996	-0.17328	-0.23838	-0.37987	-0.52031	-0.66972	-0.95352	-1.3632	-1.9547	-3.0611	-4.6839	-6.0274	-9.6221	-11.38	-9.2553	-6.2426	-2.8534	-0.075617	0.52338	0.89696	0.79778	0.62934	0.43512	0.30723	0.18366	0.12171	0.085886	0.014233	-0.043822	-0.057303	16.414
921.96	-0.16544	-0.19782	-0.25667	-0.36467	-0.50842	-0.66651	-0.90562	-1.3627	-1.8476	-3.1554	-4.6124	-5.9031	-9.2578	-11.209	-8.9728	-5.9872	-2.7313	-0.047755	0.53668	0.89645	0.79336	0.61516	0.42055	0.29037	0.18691	0.12454	0.071144	0.00050246	-0.066205	-0.067582	16.279
923.23	-0.17446	-0.22579	-0.25963	-0.39678	-0.50039	-0.63714	-0.87859	-1.3068	-1.8915	-3.0114	-4.5325	-5.8347	-9.055	-10.94	-8.8174	-5.8579	-2.6221	0.0003206	0.55501	0.87533	0.78651	0.59632	0.41508	0.27254	0.16728	0.10732	0.065438	0.0073317	-0.058613	-0.075536	16.019
924.51	-0.18514	-0.21608	-0.27584	-0.38239	-0.52072	-0.63892	-0.91638	-1.339	-1.8665	-2.9637	-4.315	-5.5689	-8.8445	-10.606	-8.3949	-5.5477	-2.4892	0.050927	0.57408	0.89052	0.77557	0.5972	0.40555	0.27548	0.16008	0.10717	0.056544	-0.0040469	-0.056866	-0.089094	15.76
923.02	-0.18796	-0.21015	-0.27214	-0.36915	-0.5179	-0.64084	-0.85535	-1.2831	-1.8278	-2.951	-4.4047	-5.5177	-8.6604	-10.369	-8.1493	-5.3492	-2.3779	0.10526	0.59566	0.88158	0.76366	0.56733	0.39968	0.24937	0.15182	0.10003	0.0382	-0.0086073	-0.0778	-0.086018	15.533
924.94	-0.18086	-0.2105	-0.25667	-0.37896	-0.50678	-0.63241	-0.86137	-1.2895	-1.7816	-2.9362	-4.3313	-5.3516	-8.5683	-10.209	-7.8649	-5.364	-2.2661	0.13699	0.59839	0.86941	0.72759	0.55504	0.36304	0.2182	0.12908	0.060935	0.019725	-0.029046	-0.10094	-0.11235	15.217
929.09	-0.19342	-0.22904	-0.27861	-0.37808	-0.49724	-0.68259	-0.86684	-1.2557	-1.8007	-2.9751	-4.2206	-5.2166	-8.2755	-9.8375	-7.6877	-5.1081	-2.1265	0.15316	0.62177	0.83889	0.71944	0.53554	0.35332	0.22547	0.12696	0.059855	0.009285	-0.029668	-0.10628	-0.11345	14.98
931.54	-0.17374	-0.20901	-0.28034	-0.36173	-0.50319	-0.65436	-0.83591	-1.1669	-1.7174	-2.6992	-4.3736	-5.0579	-7.9344	-9.625	-7.4373	-4.8976	-1.9918	0.20651	0.64455	0.84525	0.70939	0.50952	0.34673	0.21337	0.11818	0.062111	0.0084668	-0.02884	-0.09609	-0.10597	14.699
933.67	-0.17833	-0.18603	-0.32073	-0.38267	-0.50023	-0.61859	-0.81315	-1.1519	-1.6437	-2.7275	-4.118	-5.0123	-7.7938	-9.352	-7.1112	-4.4164	-1.8502	0.27725	0.67843	0.86128	0.71184	0.51174	0.34514	0.20714	0.11868	0.078828	0.027464	-0.017517	-0.071969	-0.10095	14.434
933.35	-0.16841	-0.18377	-0.28555	-0.38522	-0.47596	-0.60736	-0.8057	-1.1392	-1.6467	-2.6336	-4.0103	-4.8949	-7.4287	-9.0879	-6.8662	-4.2554	-1.6892	0.33099	0.7156	0.84789	0.70639	0.51446	0.34283	0.19818	0.12102	0.070823	0.0052801	-0.021275	-0.076116	-0.089842	14.117
935.05	-0.16063	-0.21829	-0.28585	-0.35393	-0.47148	-0.5808	-0.78187	-1.1076	-1.6176	-2.6718	-3.785	-4.7416	-7.1786	-8.7156	-6.5979	-3.9746	-1.5788	0.37604	0.71822	0.83269	0.6913	0.47547	0.31404	0.1757	0.090966	0.037833	-0.0042232	-0.057957	-0.080093	-0.092856	13.781
939.31	-0.19297	-0.22424	-0.30005	-0.33951	-0.42976	-0.58166	-0.73379	-1.1148	-1.5929	-2.4968	-3.9125	-4.7116	-6.9837	-8.491	-6.3572	-3.8971	-1.4329	0.42327	0.73605	0.83316	0.6728	0.46489	0.29899	0.17164	0.069233	0.024894	-0.010506	-0.032329	-0.071537	-0.1043	13.519
941.86	-0.20564	-0.23209	-0.26588	-0.36736	-0.45192	-0.57922	-0.75707	-1.0882	-1.5462	-2.49	-3.5954	-4.6314	-6.7056	-8.0345	-6.0423	-3.5307	-1.3209	0.46569	0.7543	0.82328	0.65324	0.45776	0.28699	0.16548	0.072842	0.029602	-0.022259	-0.064233	-0.099122	-0.11901	13.166
943.78	-0.21591	-0.21627	-0.24992	-0.34109	-0.44742	-0.54934	-0.73337	-1.043	-1.5203	-2.4935	-3.5341	-4.361	-6.4657	-7.6898	-5.8815	-3.236	-1.1575	0.49606	0.76676	0.80554	0.64387	0.44091	0.26567	0.14323	0.052233	0.007306	-0.01516	-0.057421	-0.10055	-0.10381	12.864
942.5	-0.18655	-0.2035	-0.22344	-0.30721	-0.44265	-0.4987	-0.70758	-1.0298	-1.4682	-2.3687	-3.3857	-4.3501	-6.1994	-7.4114	-5.6007	-3.0202	-1.0347	0.53505	0.78959	0.79817	0.62218	0.41969	0.23968	0.12472	0.035607	-0.0093828	-0.027739	-0.075342	-0.099055	-0.10474	12.501
943.46	-0.17813	-0.21097	-0.23864	-0.35237	-0.38667	-0.50602	-0.6694	-1.0125	-1.4518	-2.3321	-3.3103	-4.051	-5.999	-7.1715	-5.289	-2.8734	-0.91182	0.56583	0.80823	0.79482	0.60385	0.40502	0.22268	0.10592	0.02799	-0.029232	-0.047315	-0.085664	-0.12587	-0.10936	12.149
946.33	-0.20384	-0.21492	-0.2371	-0.3171	-0.38907	-0.50015	-0.66128	-0.96083	-1.4083	-2.5208	-3.3541	-4.0051	-5.7149	-6.8941	-5.0463	-2.755	-0.78276	0.61616	0.81818	0.77976	0.58276	0.37455	0.21803	0.10155	0.01279	-0.026767	-0.066715	-0.097991	-0.11654	-0.14278	11.805
947.4	-0.16018	-0.16346	-0.25058	-0.28973	-0.3815	-0.44327	-0.6316	-0.93388	-1.4091	-2.3224	-3.189	-3.9839	-5.5152	-6.7267	-4.7273	-2.474	-0.66867	0.64925	0.82268	0.75782	0.56767	0.34992	0.18997	0.076369	0.0022046	-0.033858	-0.080696	-0.083828	-0.11398	-0.11517	11.448
947.71	-0.15521	-0.20849	-0.20523	-0.27931	-0.35195	-0.45438	-0.6078	-0.94811	-1.361	-2.2792	-3.2238	-3.8987	-5.2236	-6.3495	-4.4211	-2.1111	-0.51162	0.71053	0.84252	0.75168	0.55146	0.34897	0.18673	0.082812	-0.005342	-0.040963	-0.066618	-0.076407	-0.096886	-0.10416	11.071
946.44	-0.14393	-0.20878	-0.19984	-0.26537	-0.32564	-0.4151	-0.56518	-0.92835	-1.3191	-2.0525	-2.95	-3.5766	-5.0212	-6.0226	-3.9565	-2.097	-0.3747	0.73144	0.85916	0.75184	0.54097	0.32855	0.17664	0.052163	-0.017443	-0.056064	-0.082342	-0.097239	-0.12466	-0.11922	10.707
945.37	-0.15888	-0.17913	-0.17494	-0.25054	-0.31796	-0.40341	-0.56353	-0.9302	-1.3049	-2.1059	-2.9623	-3.4714	-4.7525	-5.6935	-3.7167	-1.7026	-0.25276	0.75831	0.85625	0.72146	0.51105	0.31805	0.14659	0.037634	-0.024271	-0.052955	-0.080086	-0.11217	-0.1362	-0.12092	10.315
947.08	-0.13236	-0.17422	-0.19323	-0.23181	-0.32274	-0.39662	-0.55871	-0.92529	-1.3002	-2.1871	-3.0197	-3.5407	-4.6554	-5.5076	-3.6403	-1.5226	-0.152	0.77168	0.85858	0.69067	0.48287	0.26989	0.11691	0.0068274	-0.05066	-0.090053	-0.1026	-0.10457	-0.13351	-0.11286	9.9165
946.97	-0.14877	-0.16506	-0.16575	-0.23104	-0.35222	-0.37326	-0.57857	-0.95776	-1.2714	-1.9833	-2.8497	-3.2139	-4.4384	-5.1889	-3.3969	-1.3795	-0.053314	0.7891	0.8579	0.68232	0.45005	0.25155	0.099441	-0.0012622	-0.06124	-0.089272	-0.10808	-0.11716	-0.12622	-0.11836	9.5813
945.91	-0.11856	-0.12696	-0.16675	-0.21061	-0.29902	-0.35112	-0.61125	-0.90943	-1.2518	-2.1388	-2.7092	-3.3855	-4.2418	-4.8031	-3.174	-1.2377	0.040578	0.82296	0.86352	0.65946	0.43611	0.23261	0.08682	-0.013412	-0.068114	-0.098088	-0.12071	-0.10989	-0.1231	-0.11143	9.1598
944.2	-0.0974	-0.12873	-0.16705	-0.21099	-0.28882	-0.36653	-0.58103	-0.87293	-1.2023	-1.8526	-2.4264	-3.114	-3.9667	-4.5395	-2.6993	-0.80885	0.15262	0.84357	0.86508	0.63699	0.41437	0.21041	0.052697	-0.020738	-0.068237	-0.099853	-0.11309	-0.11454	-0.094801	-0.098251	8.7776
941.01	-0.098555	-0.11454	-0.14807	-0.20611	-0.25927	-0.35731	-0.58147	-0.87427	-1.1734	-1.9273	-2.4707	-3.0823	-3.8019	-4.33	-2.6208	-0.78615	0.25246	0.83422	0.85398	0.60438	0.3948	0.18592	0.044876	-0.041163	-0.086711	-0.10258	-0.12291	-0.11567	-0.10494	-0.093059	8.3695
941.33	-0.097697	-0.11912	-0.14314	-0.22123	-0.23854	-0.36329	-0.58357	-0.8813	-1.1745	-1.8753	-2.5059	-3.191	-3.6628	-4.1357	-2.4359	-0.65023	0.31586	0.84179	0.85135	0.56433	0.34949	0.14722	0.019273	-0.059053	-0.10948	-0.13519	-0.13937	-0.1335	-0.11553	-0.1096	7.9839
942.61	-0.10662	-0.10743	-0.13726	-0.19058	-0.26242	-0.37847	-0.59502	-0.84515	-1.1423	-1.813	-2.3043	-3.0518	-3.4313	-3.8414	-2.3451	-0.37844	0.40484	0.8598	0.83697	0.55171	0.34257	0.13527	0.0056694	-0.062224	-0.10933	-0.135	-0.13683	-0.12811	-0.10802	-0.083442	7.6255
942.61	-0.069557	-0.11358	-0.11856	-0.16024	-0.24539	-0.33842	-0.58202	-0.83052	-1.1078	-1.8557	-2.1332	-2.7906	-3.3585	-3.5045	-2.0126	-0.3107	0.47636	0.8511	0.83931	0.53562	0.31035	0.1336	8.1001e-005	-0.068727	-0.097187	-0.13739	-0.12192	-0.11548	-0.090064	-0.080289	7.2201
942.4	-0.078636	-0.095927	-0.097455	-0.15389	-0.24992	-0.34372	-0.56608	-0.79982	-1.0578	-1.6424	-2.0075	-2.5131	-3.0679	-3.1443	-1.768	-0.082139	0.56995	0.87045	0.81692	0.51881	0.29994	0.10678	-0.019889	-0.076871	-0.1177	-0.11913	-0.12195	-0.11773	-0.083551	-0.076366	6.8236
939.63	-0.047466	-0.068462	-0.086327	-0.14953	-0.23717	-0.32813	-0.557	-0.77527	-1.0294	-1.6301	-1.8688	-2.5204	-2.8334	-2.9363	-1.5538	-0.022914	0.62952	0.87039	0.82089	0.49316	0.27658	0.098677	-0.027957	-0.090143	-0.11881	-0.13703	-0.13648	-0.11584	-0.081341	-0.064728	6.43
939.84	-0.051585	-0.069216	-0.081416	-0.14629	-0.2506	-0.36125	-0.54382	-0.76123	-1.0087	-1.7069	-1.9678	-2.4776	-2.7273	-2.8391	-1.4306	0.16389	0.6734	0.84574	0.77231	0.44635	0.22723	0.054065	-0.054381	-0.11784	-0.13857	-0.1354	-0.15455	-0.12402	-0.085414	-0.067086	6.0651
942.71	-0.044838	-0.056714	-0.081168	-0.15783	-0.2597	-0.39758	-0.5437	-0.80117	-0.98211	-1.6846	-1.9258	-2.3268	-2.7028	-2.6861	-1.0938	0.061816	0.70791	0.83272	0.74117	0.40943	0.18949	0.02622	-0.0622	-0.13861	-0.14118	-0.15725	-0.158	-0.12141	-0.080258	-0.051907	5.6864
943.57	-0.02834	-0.038239	-0.068105	-0.14013	-0.25678	-0.37374	-0.53403	-0.73468	-0.94987	-1.4953	-1.816	-1.9796	-2.5467	-2.4193	-0.99663	0.31548	0.77223	0.83283	0.72651	0.38961	0.17725	0.0085999	-0.083684	-0.14173	-0.15015	-0.16029	-0.15394	-0.12056	-0.063874	-0.025087	5.3259
943.99	-0.0044747	-0.027482	-0.083493	-0.14485	-0.27367	-0.37009	-0.52539	-0.73516	-0.92749	-1.4263	-1.7703	-1.9703	-2.287	-2.1539	-0.91755	0.39141	0.79136	0.82898	0.7122	0.35731	0.14097	0.0035699	-0.090822	-0.13517	-0.15766	-0.15069	-0.14447	-0.10863	-0.041836	-0.026651	5.0061
941.54	0.012007	-0.026783	-0.06581	-0.14683	-0.25823	-0.35362	-0.50454	-0.71266	-0.90083	-1.4557	-1.5223	-1.9163	-2.2282	-1.8785	-0.66591	0.51958	0.82596	0.81457	0.686	0.3379	0.13004	-0.030855	-0.10945	-0.15505	-0.15655	-0.16541	-0.16056	-0.10296	-0.042762	-0.010147	4.6454
942.4	0.02271	-0.019843	-0.060872	-0.13871	-0.26965	-0.35939	-0.51021	-0.68926	-0.85449	-1.198	-1.4849	-1.6533	-1.862	-1.7324	-0.42901	0.51911	0.84717	0.78161	0.64179	0.2944	0.099305	-0.052641	-0.12692	-0.18337	-0.17842	-0.17003	-0.1612	-0.10509	-0.046805	-0.014869	4.242
945.59	0.01442	-0.012117	-0.095506	-0.17645	-0.28036	-0.3686	-0.52145	-0.68612	-0.83987	-1.2962	-1.5338	-1.7737	-1.888	-1.6546	-0.42756	0.53422	0.83296	0.75293	0.61248	0.25543	0.062028	-0.085911	-0.15276	-0.1868	-0.17479	-0.16628	-0.1497	-0.086952	-0.048275	0.0040381	4.0267
946.76	0.010302	-0.017457	-0.089722	-0.17703	-0.27823	-0.37768	-0.50557	-0.67152	-0.81851	-1.2605	-1.4153	-1.5701	-1.7648	-1.5247	-0.27894	0.68528	0.85864	0.73553	0.57608	0.2332	0.03789	-0.085805	-0.16927	-0.20518	-0.1844	-0.17953	-0.15499	-0.11423	-0.030333	-0.0045992	3.6884
947.08	0.023415	-0.010569	-0.088075	-0.17856	-0.27456	-0.36455	-0.49093	-0.64541	-0.78074	-1.158	-1.2534	-1.6619	-1.4662	-1.2369	-0.1308	0.73563	0.86158	0.71447	0.53949	0.20447	0.016229	-0.10414	-0.16683	-0.18651	-0.18282	-0.16919	-0.14868	-0.096434	-0.018135	0.0095233	3.4472
945.27	0.043995	-0.0036913	-0.072034	-0.17173	-0.23576	-0.34615	-0.46211	-0.62152	-0.7478	-0.98983	-1.0762	-1.3625	-1.2673	-1.0153	0.043458	0.88055	0.87701	0.67503	0.51025	0.16265	0.0001943	-0.12358	-0.18068	-0.20226	-0.18317	-0.17744	-0.14505	-0.097359	-0.028753	0.020547	3.1482
945.48	0.034131	0.010098	-0.087414	-0.17249	-0.24285	-0.36517	-0.4437	-0.60274	-0.71868	-0.95553	-1.0939	-1.2866	-1.2428	-0.91909	0.025994	0.83815	0.86547	0.6523	0.46592	0.12885	-0.033538	-0.15199	-0.2101	-0.20627	-0.19977	-0.1877	-0.14737	-0.099561	-0.024678	0.0048255	2.8401
948.99	0.024187	-0.004441	-0.11131	-0.19961	-0.28737	-0.3569	-0.45802	-0.60293	-0.70667	-0.97745	-1.1972	-1.4241	-1.19	-0.90772	0.051973	0.66686	0.85985	0.598	0.41859	0.090533	-0.070223	-0.17892	-0.21488	-0.23618	-0.20054	-0.17832	-0.16787	-0.084426	0.0070392	0.0079406	2.6397
950.69	0.033126	-0.014337	-0.10466	-0.17709	-0.26641	-0.34935	-0.45037	-0.58815	-0.70073	-0.99265	-0.96284	-1.313	-0.9552	-0.63571	0.095266	0.79998	0.85105	0.56671	0.39007	0.060154	-0.085274	-0.17361	-0.22795	-0.22689	-0.19492	-0.18589	-0.14967	-0.10049	-0.018066	0.017303	2.4074
950.8	0.017607	-0.020431	-0.11271	-0.18736	-0.30193	-0.35104	-0.45791	-0.58406	-0.69443	-0.90782	-0.99845	-1.2293	-1.0513	-0.69925	0.26006	0.83346	0.83484	0.53125	0.34528	0.038324	-0.10363	-0.19522	-0.2303	-0.22928	-0.20467	-0.16695	-0.1481	-0.085002	-0.0067318	0.029025	2.2313
949.2	0.043813	-0.029621	-0.10564	-0.18767	-0.25703	-0.36201	-0.43664	-0.53984	-0.69793	-0.816	-0.88385	-1.0473	-0.90846	-0.47741	0.39084	0.92734	0.83948	0.4915	0.32654	0.021574	-0.11741	-0.19304	-0.2402	-0.22886	-0.1907	-0.19092	-0.13276	-0.094003	-0.010799	0.043945	2.0232
947.61	0.042249	-0.013619	-0.10339	-0.17687	-0.27352	-0.32277	-0.44118	-0.55369	-0.61479	-0.80888	-0.76884	-0.99872	-0.88586	-0.28675	0.43501	0.77732	0.83119	0.47413	0.28142	-0.0019703	-0.15126	-0.21757	-0.2557	-0.23572	-0.19782	-0.19519	-0.13455	-0.094902	-0.00025983	0.036963	1.8501
949.31	0.026633	-0.035719	-0.1032	-0.21065	-0.29617	-0.33084	-0.42748	-0.54785	-0.65499	-0.92622	-0.86585	-0.8463	-0.87624	-0.36586	0.26917	0.71707	0.80387	0.43956	0.23996	-0.032229	-0.16859	-0.23217	-0.27269	-0.25063	-0.21027	-0.19642	-0.15223	-0.10728	-0.0083658	0.012633	1.7225
950.69	0.033126	-0.033383	-0.11917	-0.20876	-0.28241	-0.33985	-0.43975	-0.5398	-0.61046	-0.93334	-0.93604	-0.97041	-0.79474	-0.30171	0.50302	0.69924	0.79384	0.4277	0.23113	-0.050651	-0.17473	-0.24431	-0.27625	-0.24059	-0.19191	-0.18746	-0.145	-0.091644	-0.0034965	0.038406	1.6359
951.12	0.030664	-0.028037	-0.12959	-0.20866	-0.28672	-0.33625	-0.4388	-0.53392	-0.63897	-0.83131	-0.77493	-0.74447	-0.76231	-0.23798	0.51144	0.75768	0.77576	0.39471	0.2048	-0.061536	-0.17386	-0.23672	-0.24922	-0.24612	-0.19408	-0.17004	-0.13172	-0.075396	0.025633	0.048544	1.5082
950.59	0.042933	-0.018148	-0.11273	-0.19373	-0.27888	-0.32953	-0.42918	-0.53261	-0.62454	-0.81482	-0.77536	-0.85353	-0.57016	-0.12678	0.52042	0.92599	0.77539	0.39061	0.20415	-0.065767	-0.18034	-0.22853	-0.2454	-0.23014	-0.17237	-0.16777	-0.11389	-0.083546	0.007838	0.043881	1.4627
947.71	0.034051	-0.029667	-0.11873	-0.20068	-0.2717	-0.34612	-0.42059	-0.50997	-0.62019	-0.6898	-0.76875	-0.83934	-0.62821	-0.14311	0.57421	0.90354	0.7737	0.38054	0.18309	-0.074388	-0.1857	-0.24174	-0.25249	-0.23569	-0.18798	-0.16591	-0.12516	-0.068273	0.0086733	0.037741	1.4566
947.93	0.031586	-0.010559	-0.12356	-0.20301	-0.3073	-0.36769	-0.44332	-0.55916	-0.63488	-0.77461	-0.85816	-0.81401	-0.66831	-0.23081	0.45226	0.7518	0.74928	0.35015	0.13972	-0.1072	-0.20248	-0.27088	-0.26276	-0.25099	-0.1985	-0.17773	-0.13216	-0.059388	-0.015683	0.034598	1.4004
950.8	0.011891	-0.030331	-0.13527	-0.23248	-0.3037	-0.37607	-0.45184	-0.58648	-0.64541	-0.82312	-0.88237	-0.96195	-0.55399	-0.26986	0.51161	0.72435	0.73251	0.34391	0.1339	-0.10772	-0.19867	-0.27256	-0.26751	-0.23734	-0.19791	-0.17089	-0.1551	-0.073947	0.0094541	0.029025	1.452
952.08	0.026556	-0.021924	-0.13348	-0.2219	-0.29886	-0.36867	-0.43911	-0.57201	-0.63056	-0.72048	-0.88117	-0.69368	-0.50517	-0.24569	0.45029	0.81558	0.72268	0.3581	0.13526	-0.10171	-0.19841	-0.25973	-0.27585	-0.24105	-0.19689	-0.16436	-0.12148	-0.055448	0.030456	0.0204	1.4824
952.5	0.03225	-0.030276	-0.13422	-0.21547	-0.29251	-0.36075	-0.42907	-0.53797	-0.61474	-0.77935	-0.75598	-0.68503	-0.48092	0.024293	0.59729	0.83197	0.74568	0.34329	0.15445	-0.091608	-0.2023	-0.24468	-0.25439	-0.23531	-0.18629	-0.16272	-0.11988	-0.042182	0.020748	0.036774	1.4581
949.95	0.044597	0.00090043	-0.09426	-0.20021	-0.28441	-0.34876	-0.41808	-0.53458	-0.60549	-0.71362	-0.65074	-0.64504	-0.45814	0.00048009	0.52946	0.96022	0.75575	0.36063	0.15641	-0.083453	-0.18206	-0.24284	-0.23447	-0.22384	-0.17625	-0.15053	-0.10929	-0.047459	0.023234	0.048604	1.4277
949.84	0.046236	-0.028075	-0.12089	-0.20974	-0.28088	-0.34621	-0.42952	-0.53464	-0.61101	-0.64585	-0.72232	-0.76221	-0.50636	-0.25422	0.51214	0.86789	0.75099	0.35462	0.16261	-0.093544	-0.18208	-0.24702	-0.24242	-0.22387	-0.18606	-0.16317	-0.12021	-0.061481	0.0094636	0.050956	1.4125
952.39	0.023285	-0.025718	-0.13102	-0.22024	-0.289	-0.36338	-0.44048	-0.54608	-0.63423	-0.8471	-0.76498	-0.88527	-0.59311	-0.14241	0.47614	0.87396	0.74979	0.34075	0.15139	-0.08659	-0.19037	-0.24387	-0.24651	-0.21201	-0.16979	-0.14936	-0.099693	-0.052486	0.033679	0.050039	1.4535
952.93	0.029791	-0.040144	-0.11567	-0.22249	-0.29682	-0.38385	-0.45613	-0.5506	-0.64474	-0.90581	-0.80019	-0.84308	-0.52074	-0.15026	0.44125	0.82322	0.75419	0.3552	0.15053	-0.093241	-0.19743	-0.23295	-0.22742	-0.21752	-0.15168	-0.15714	-0.10895	-0.041427	0.021547	0.046113	1.4748
952.82	0.038758	-0.037869	-0.139	-0.23515	-0.30749	-0.36235	-0.47056	-0.61659	-0.65258	-0.87208	-0.81809	-0.90988	-0.60085	-0.070924	0.4586	0.76468	0.74061	0.3449	0.15825	-0.099114	-0.20224	-0.23796	-0.24956	-0.20468	-0.19223	-0.15008	-0.10974	-0.048051	0.032855	0.040658	1.6374
950.05	0.032333	-0.047128	-0.13376	-0.23108	-0.32173	-0.37723	-0.4651	-0.57081	-0.63268	-0.8068	-0.64172	-0.72858	-0.52231	-0.087053	0.51201	0.8425	0.75002	0.35368	0.16257	-0.081765	-0.19403	-0.23449	-0.25663	-0.21979	-0.18225	-0.15525	-0.1085	-0.057779	0.019182	0.050162	1.7741
949.52	0.02499	-0.044866	-0.15159	-0.23755	-0.32725	-0.39301	-0.47751	-0.64294	-0.65874	-0.88359	-0.84777	-0.84611	-0.69129	-0.16673	0.53836	0.79255	0.76416	0.37203	0.17039	-0.056596	-0.19174	-0.22796	-0.24329	-0.21991	-0.16879	-0.16638	-0.092203	-0.034935	0.022433	0.054885	1.8926
951.33	0.015964	-0.044019	-0.15452	-0.25847	-0.35061	-0.40089	-0.49556	-0.59259	-0.6746	-0.89885	-0.98005	-0.94471	-0.77816	-0.23792	0.38997	0.79945	0.75546	0.37305	0.17854	-0.067393	-0.16983	-0.21672	-0.23175	-0.1897	-0.14892	-0.13613	-0.092805	-0.054019	0.019963	0.024321	2.0384
951.97	0.019217	-0.05388	-0.17454	-0.26225	-0.33884	-0.40838	-0.48689	-0.63645	-0.65627	-0.91518	-0.99723	-0.79388	-0.73757	-0.26953	0.46769	0.72346	0.77668	0.39953	0.20616	-0.027949	-0.15376	-0.19498	-0.20709	-0.18313	-0.14657	-0.16674	-0.094296	-0.048829	0.0070172	0.025086	2.2586
952.39	0.019209	-0.040928	-0.16079	-0.24869	-0.33868	-0.41423	-0.48289	-0.64663	-0.69948	-0.85555	-0.96112	-0.9937	-0.66518	-0.38849	0.45014	0.83207	0.7884	0.42521	0.2284	-0.019557	-0.14014	-0.19074	-0.20462	-0.18064	-0.13374	-0.10214	-0.067068	-0.0068711	0.028023	0.04692	2.4925
951.33	0.020046	-0.036405	-0.14566	-0.25451	-0.33196	-0.43626	-0.49783	-0.62722	-0.70493	-0.76337	-0.82831	-0.76101	-0.57773	-0.22204	0.61539	0.92527	0.81424	0.45675	0.25719	0.012298	-0.10358	-0.15604	-0.16529	-0.16232	-0.10908	-0.11171	-0.071808	-0.027502	0.031289	0.042284	2.6747
