13191	4	3	91	27.4	752.5	1	20	8	0.582	128	4096	10	0	0	0	0	74.493	946.23	1.4201e+006	0.11609	0.024928	40.341	0	0	1	0	0	0	11	0	0
838.11	-0.43096	-0.50998	-0.63968	-0.8589	-1.0367	-0.55431	-1.2675	-1.4853	-1.6832	-2.4498	-3.3331	-4.2958	-6.708	-8.2355	-6.7801	-4.9174	-2.0754	0.13322	0.63098	0.93735	0.83956	0.67407	0.48393	0.36593	0.267	0.17883	0.12088	0.0082453	-0.1317	-0.17915	18.279
830.51	-0.5312	-0.65853	-0.88722	-1.1341	-1.2853	-0.7363	-1.57	-1.5016	-1.5534	-1.9485	-2.5661	-3.0056	-4.7948	-5.4888	-4.8559	-3.4538	-1.337	0.38943	0.76923	0.94976	0.83718	0.67167	0.47929	0.35083	0.2436	0.16873	0.081009	-0.016148	-0.1607	-0.2273	18.596
821.63	-0.75336	-0.88426	-1.1849	-1.3507	-1.4483	-0.78721	-1.4703	-1.4386	-1.4882	-1.7637	-1.5913	-1.5008	-1.8946	-2.2356	-2.3387	-1.6069	-0.3827	0.67636	0.91503	0.93477	0.80464	0.62408	0.44142	0.31266	0.21142	0.12039	0.053971	-0.078577	-0.2664	-0.35275	18.939
809.32	-0.88282	-0.96662	-1.2171	-1.2671	-1.2939	-0.68458	-1.2877	-1.4264	-1.2238	-1.263	-1.1014	-1.2292	-1.4146	-1.186	-1.5895	-0.98053	0.028927	0.81444	0.94164	0.89969	0.76058	0.55639	0.37372	0.22465	0.13244	0.024058	-0.064956	-0.20791	-0.44256	-0.54631	19.321
813.28	-0.94726	-1.0287	-1.117	-1.1443	-1.1452	-0.64592	-1.1661	-1.1208	-1.066	-1.138	-1.0752	-0.95953	-0.99503	-1.0315	-1.1964	-0.42626	0.22284	0.87002	0.9578	0.85901	0.70459	0.49826	0.31822	0.18493	0.063197	-0.016605	-0.13013	-0.27841	-0.553	-0.6414	19.721
833.62	-0.8217	-0.87329	-0.99052	-1.0947	-1.1274	-0.58783	-1.0849	-1.1312	-1.0045	-0.91699	-0.86563	-1.0219	-1.0257	-1.0154	-1.1673	-0.52116	0.26979	0.87145	0.95555	0.83231	0.6537	0.46903	0.2942	0.16848	0.035059	-0.043172	-0.14471	-0.27667	-0.49335	-0.58208	20.147
853.29	-0.77364	-0.82939	-1.0207	-1.1753	-1.1717	-0.54253	-1.0075	-1.0458	-0.9865	-0.95247	-0.92528	-1.0076	-1.1718	-0.94768	-1.1597	-0.40627	0.27883	0.85713	0.93266	0.80658	0.63863	0.44617	0.27772	0.15472	0.040958	-0.041299	-0.13184	-0.25961	-0.45132	-0.53384	20.588
856.6	-0.95647	-0.8896	-1.0328	-1.0662	-1.0636	-0.5021	-0.92274	-0.91032	-0.90236	-0.93939	-0.79283	-0.83681	-0.9091	-0.93521	-1.1745	-0.42334	0.33142	0.89598	0.92735	0.81091	0.63084	0.45091	0.27401	0.13176	0.013244	-0.056011	-0.16069	-0.30851	-0.5421	-0.66275	21.004
843.77	-0.91395	-0.88767	-0.98858	-0.99765	-0.94661	-0.43483	-0.89744	-0.90236	-0.83191	-0.87729	-0.81494	-0.86836	-0.90485	-0.91357	-0.91861	-0.26897	0.3764	0.89501	0.92753	0.79486	0.61703	0.43902	0.26479	0.12559	-0.0018127	-0.08884	-0.17365	-0.3298	-0.54031	-0.62615	21.429
832.76	-0.81975	-0.83766	-0.93082	-0.94757	-0.98957	-0.46522	-0.94482	-0.95202	-0.86868	-0.93726	-0.77474	-1.0134	-0.98091	-0.97105	-1.0496	-0.38754	0.34826	0.89206	0.94773	0.82071	0.63978	0.44103	0.2692	0.13277	0.010186	-0.085514	-0.16174	-0.29883	-0.51419	-0.59874	21.864
832.01	-0.90728	-0.9803	-0.98691	-0.96923	-0.92241	-0.40743	-0.88326	-0.88658	-0.86679	-0.7832	-0.94894	-0.85201	-0.93597	-0.92648	-1.0506	-0.35911	0.36147	0.90766	0.97326	0.82528	0.64583	0.45853	0.25949	0.12184	0.018792	-0.086493	-0.1601	-0.32604	-0.5757	-0.6475	22.228
843.77	-0.79892	-0.87393	-0.92593	-0.90844	-0.8745	-0.40662	-0.84274	-0.85787	-0.80473	-0.67683	-0.80488	-0.84013	-0.83252	-0.85982	-0.98704	-0.34463	0.37368	0.89987	0.94405	0.82323	0.65033	0.45495	0.2755	0.16009	0.0083587	-0.060417	-0.15437	-0.30987	-0.50383	-0.60414	22.597
836.82	-0.83339	-0.86129	-0.92264	-0.91868	-0.86662	-0.3786	-0.83077	-0.83021	-0.79638	-0.94233	-0.81156	-0.95153	-0.93058	-0.88502	-1.0051	-0.40472	0.35115	0.90048	0.95276	0.83293	0.67206	0.48613	0.29488	0.16051	0.031508	-0.05823	-0.15653	-0.29486	-0.51721	-0.58163	23.026
823.35	-0.8989	-0.91233	-0.95077	-0.90081	-0.8726	-0.33595	-0.82861	-0.86334	-0.81032	-0.90885	-0.81454	-0.77414	-0.9273	-0.81686	-1.0316	-0.41134	0.39319	0.91323	0.9746	0.85626	0.68491	0.49409	0.30793	0.15197	0.036365	-0.068288	-0.17527	-0.31671	-0.55185	-0.62183	23.354
820.13	-0.82668	-0.85674	-0.90966	-0.89883	-0.8585	-0.36329	-0.84592	-0.85645	-0.8171	-0.82403	-0.85914	-0.87403	-0.85652	-0.90303	-0.90487	-0.38376	0.3312	0.90979	0.98736	0.87129	0.695	0.51531	0.32474	0.18619	0.058311	-0.042968	-0.13175	-0.27096	-0.50053	-0.5989	23.709
825.7	-0.84932	-0.83956	-0.89146	-0.8791	-0.83634	-0.37575	-0.82887	-0.83026	-0.8098	-0.93553	-0.75051	-0.73346	-0.9893	-0.80538	-0.97867	-0.37151	0.32619	0.91857	0.97538	0.88088	0.70319	0.51088	0.32985	0.20442	0.045789	-0.025432	-0.13355	-0.29544	-0.513	-0.61916	24.046
837.68	-0.84366	-0.83706	-0.87048	-0.87012	-0.85464	-0.34	-0.82993	-0.82753	-0.81147	-0.85484	-0.8006	-0.87468	-0.68379	-0.75776	-0.77762	-0.34716	0.32518	0.8927	0.97456	0.87209	0.71308	0.51395	0.33501	0.18412	0.055381	-0.041172	-0.13959	-0.29791	-0.51301	-0.59789	24.385
847.2	-0.81494	-0.83877	-0.87517	-0.87545	-0.83507	-0.31971	-0.8155	-0.83271	-0.79537	-0.78818	-0.86177	-0.78985	-0.82016	-0.90096	-0.93438	-0.48455	0.29983	0.88267	0.95755	0.86418	0.70596	0.51751	0.3348	0.18658	0.052226	-0.04071	-0.14763	-0.28712	-0.53177	-0.61222	24.723
843.24	-0.78469	-0.79719	-0.85929	-0.86885	-0.83999	-0.36015	-0.82616	-0.84206	-0.82893	-0.73458	-0.92622	-0.82182	-0.76069	-0.87829	-0.76271	-0.43951	0.26308	0.87124	0.9403	0.86729	0.72819	0.50963	0.31495	0.19744	0.055864	-0.024903	-0.12463	-0.29013	-0.50506	-0.59042	25.009
835.86	-0.88173	-0.85188	-0.87696	-0.88732	-0.88278	-0.39083	-0.85503	-0.87333	-0.82474	-1.0012	-0.80234	-0.85757	-0.86778	-0.77749	-1.026	-0.44339	0.23057	0.86027	0.95562	0.89022	0.72008	0.53683	0.35285	0.20377	0.075184	-0.032295	-0.14078	-0.29855	-0.54819	-0.62497	25.29
828.59	-0.9054	-0.87597	-0.88928	-0.89602	-0.89359	-0.36553	-0.86079	-0.87082	-0.83376	-0.86422	-0.75812	-0.82677	-0.80176	-0.79345	-0.96531	-0.40874	0.23537	0.84504	0.96932	0.89996	0.75206	0.55204	0.34686	0.20926	0.081884	-0.017202	-0.1313	-0.30456	-0.55579	-0.63494	25.519
817.99	-0.85733	-0.84924	-0.89518	-0.90118	-0.88347	-0.3522	-0.86401	-0.88772	-0.8518	-0.81632	-0.9652	-0.82775	-0.97998	-0.91463	-1.1089	-0.6677	0.22062	0.89111	0.97111	0.93211	0.76366	0.57852	0.39277	0.21571	0.086442	-0.010096	-0.11582	-0.28366	-0.52629	-0.62227	25.761
815.1	-0.88132	-0.90823	-0.92279	-0.92008	-0.90423	-0.39675	-0.86088	-0.88899	-0.86389	-0.99709	-0.86445	-0.89891	-0.93668	-0.82512	-1.1735	-0.54278	0.21106	0.88923	0.99255	0.92562	0.78872	0.58057	0.38954	0.24655	0.099035	0.011936	-0.11986	-0.28553	-0.53383	-0.64817	25.973
817.46	-0.87498	-0.88878	-0.91544	-0.90085	-0.89542	-0.35343	-0.86016	-0.88549	-0.85235	-0.85627	-0.83079	-0.78943	-0.88732	-0.83199	-1.1601	-0.56075	0.2039	0.87361	0.99418	0.93857	0.77902	0.57019	0.40131	0.25053	0.11013	0.0018165	-0.11499	-0.2727	-0.52099	-0.60359	26.189
823.67	-0.85331	-0.8812	-0.91226	-0.9096	-0.89996	-0.34878	-0.86506	-0.88812	-0.8612	-0.82049	-0.93793	-0.80278	-0.84359	-0.84408	-0.86094	-0.63403	0.16329	0.86603	0.9849	0.95088	0.8091	0.61485	0.43119	0.26631	0.13013	0.02728	-0.088974	-0.26384	-0.52547	-0.62069	26.392
823.35	-0.90645	-0.92113	-0.94612	-0.92458	-0.90236	-0.3848	-0.88817	-0.90149	-0.86603	-0.8795	-0.8661	-0.91885	-1.057	-0.82604	-1.1317	-0.65367	0.13823	0.86836	0.96569	0.95609	0.78728	0.60357	0.41764	0.24874	0.12063	0.00089376	-0.11237	-0.28607	-0.54437	-0.63808	26.57
828.48	-0.86147	-0.87783	-0.92361	-0.91249	-0.88555	-0.3953	-0.88789	-0.8996	-0.87137	-0.8935	-0.87099	-0.79811	-0.86631	-0.78443	-1.055	-0.7363	0.12258	0.84812	0.98095	0.94246	0.79157	0.62274	0.42686	0.26384	0.13283	0.031644	-0.079527	-0.24962	-0.50849	-0.60094	26.717
820.56	-0.91425	-0.89601	-0.91758	-0.9112	-0.90645	-0.3731	-0.89646	-0.90642	-0.86806	-0.86284	-0.88974	-0.83486	-0.81889	-0.81042	-1.0552	-0.55863	0.12563	0.8463	0.99131	0.95837	0.80939	0.62682	0.4264	0.28039	0.12801	0.027383	-0.10103	-0.28363	-0.54059	-0.61941	26.836
820.67	-0.90562	-0.86765	-0.91466	-0.91751	-0.93413	-0.40506	-0.9104	-0.93897	-0.8959	-0.99033	-0.87928	-0.81538	-0.97679	-0.81032	-1.0249	-0.71413	0.092007	0.84119	0.97778	0.96213	0.81483	0.63637	0.43826	0.27755	0.15501	0.020073	-0.07758	-0.26651	-0.52364	-0.60937	26.957
820.99	-0.91189	-0.91318	-0.9591	-0.97124	-0.95744	-0.4059	-0.93816	-0.93487	-0.89645	-0.93109	-0.72378	-0.86343	-0.98569	-0.8192	-1.1249	-0.6361	0.049048	0.80886	0.97561	0.96175	0.82192	0.63131	0.44726	0.29704	0.1384	0.019154	-0.098274	-0.25958	-0.51594	-0.63719	27.122
821.42	-0.98514	-0.96738	-0.98471	-0.97715	-0.95179	-0.3977	-0.90167	-0.91853	-0.85365	-0.91098	-0.77509	-0.95002	-0.9109	-0.90162	-1.1143	-0.86893	0.07607	0.82943	0.98135	0.96611	0.81779	0.63387	0.43787	0.28849	0.14355	0.023705	-0.10093	-0.27992	-0.55783	-0.6658	27.21
813.93	-0.94174	-0.95403	-0.99378	-0.9732	-0.95329	-0.42354	-0.94807	-0.94299	-0.91332	-0.78082	-1.0222	-0.93926	-0.89117	-0.81703	-0.9219	-0.72005	0.057002	0.829	0.99309	0.96912	0.82625	0.63776	0.4419	0.2968	0.14312	0.031289	-0.091858	-0.27389	-0.56013	-0.66828	27.242
806.22	-0.90452	-0.91285	-0.97857	-0.97877	-0.96241	-0.40011	-0.97235	-0.94725	-0.92939	-0.91817	-0.87398	-0.91868	-1.0511	-0.88111	-0.97165	-0.73683	0.046145	0.83082	0.97893	0.98433	0.8577	0.66936	0.46573	0.30629	0.16933	0.039025	-0.084477	-0.26173	-0.53971	-0.63044	27.312
801.72	-0.99386	-0.99205	-0.9984	-0.99271	-0.9404	-0.42385	-0.93463	-0.94301	-0.91615	-0.81279	-0.79413	-0.88419	-0.92377	-0.87663	-1.0697	-0.74096	0.017735	0.83446	0.98168	0.98687	0.83978	0.67509	0.46365	0.32807	0.15154	0.044853	-0.090486	-0.27281	-0.5533	-0.66456	27.346
799.68	-0.95172	-0.93299	-0.96741	-0.97171	-0.94385	-0.42801	-0.94241	-0.94733	-0.91941	-0.87532	-0.71121	-0.99572	-0.91657	-0.92613	-1.1343	-0.66302	0.04269	0.82015	0.98234	0.99337	0.84952	0.66197	0.46388	0.32029	0.17429	0.062773	-0.070364	-0.26036	-0.53546	-0.63652	27.352
800.54	-0.93906	-0.92113	-0.95967	-0.96127	-0.96079	-0.43473	-0.94141	-0.96258	-0.9249	-0.80393	-0.9014	-0.7962	-0.87749	-0.92514	-1.0816	-0.80187	0.032118	0.84799	1.0051	1.0222	0.88275	0.68991	0.48501	0.32569	0.17499	0.07675	-0.05458	-0.24608	-0.532	-0.6414	27.385
820.35	-0.94289	-0.97217	-0.986	-0.97108	-0.94274	-0.40322	-0.90461	-0.94307	-0.90166	-0.8729	-0.86926	-0.86413	-0.98646	-0.92122	-0.86442	-0.78251	0.030409	0.8095	0.95313	0.98683	0.84477	0.64722	0.4577	0.30755	0.16641	0.046575	-0.083021	-0.27174	-0.55105	-0.66667	27.363
808.68	-0.94113	-0.92977	-0.95191	-0.95624	-0.95948	-0.42325	-0.96136	-0.94437	-0.90735	-0.93529	-0.8188	-0.89623	-1.0479	-0.84102	-1.2135	-0.85301	-0.011784	0.79987	0.97142	0.98034	0.85509	0.67514	0.47269	0.31388	0.14847	0.053735	-0.070496	-0.23667	-0.52474	-0.62209	27.343
813.39	-0.94236	-0.92617	-0.95581	-0.94978	-0.93418	-0.41474	-0.92919	-0.94737	-0.90846	-0.88036	-0.80364	-0.91058	-0.83549	-0.96629	-0.93264	-0.83825	0.019367	0.81743	0.98202	0.9884	0.8576	0.67512	0.47642	0.31771	0.16344	0.050659	-0.079183	-0.2689	-0.55103	-0.61757	27.348
817.46	-0.90728	-0.89321	-0.91732	-0.91374	-0.91609	-0.37653	-0.90339	-0.91548	-0.88403	-0.67891	-0.9035	-0.94491	-0.9433	-0.86899	-1.271	-0.58027	0.022081	0.82642	0.96547	0.97274	0.84497	0.64177	0.46393	0.2927	0.1495	0.028405	-0.08241	-0.27185	-0.53135	-0.63994	27.349
792.93	-0.82861	-0.86055	-0.91381	-0.92872	-0.92738	-0.42648	-0.93225	-0.92834	-0.89831	-0.93354	-0.84579	-0.85392	-0.97248	-0.90541	-1.1023	-0.73912	0.058511	0.85612	0.99811	0.99981	0.86345	0.6716	0.45929	0.30369	0.15412	0.065199	-0.070963	-0.23342	-0.48858	-0.58571	27.339
806	-0.91729	-0.9059	-0.93986	-0.95382	-0.90605	-0.35948	-0.87597	-0.90758	-0.86539	-0.82847	-0.88474	-0.85979	-0.79584	-0.80631	-0.78771	-0.66774	0.078475	0.85242	0.99284	0.98063	0.84285	0.65384	0.44437	0.30162	0.14186	0.030668	-0.084499	-0.26876	-0.53699	-0.64167	27.352
801.18	-0.82977	-0.83451	-0.88623	-0.86748	-0.89146	-0.34934	-0.87494	-0.89392	-0.84936	-0.71282	-0.68868	-0.85505	-0.89583	-0.88665	-1.1939	-0.60201	0.1105	0.86063	1.0006	0.98254	0.84129	0.64494	0.44517	0.29865	0.16414	0.03927	-0.075773	-0.24064	-0.5066	-0.5973	27.248
796.15	-0.85257	-0.83797	-0.88991	-0.88999	-0.90878	-0.3598	-0.90583	-0.9294	-0.89004	-0.86908	-0.86369	-0.9303	-0.91107	-0.88277	-1.015	-0.60582	0.10158	0.86194	1.0107	0.98575	0.84947	0.64902	0.45649	0.31209	0.16608	0.062113	-0.051165	-0.2536	-0.48758	-0.59735	26.941
801.4	-0.92159	-0.8858	-0.89269	-0.91797	-0.88384	-0.37076	-0.8504	-0.86596	-0.84544	-0.76287	-0.74148	-0.91428	-0.77186	-0.81093	-0.90546	-0.63173	0.16305	0.88498	1.0059	0.96834	0.83822	0.65365	0.43847	0.28997	0.13464	0.035519	-0.1136	-0.27904	-0.55448	-0.64628	26.77
789.39	-0.83625	-0.82954	-0.88394	-0.90618	-0.8641	-0.35768	-0.8743	-0.88786	-0.84986	-0.81528	-0.76351	-0.92818	-0.83191	-0.83283	-0.90876	-0.64133	0.20047	0.90155	1.0305	0.99216	0.81634	0.63754	0.44514	0.28661	0.14303	0.037959	-0.087213	-0.23979	-0.50442	-0.59869	26.605
791.86	-0.83757	-0.86446	-0.91505	-0.90811	-0.89662	-0.38559	-0.86611	-0.86865	-0.83039	-0.89412	-0.79328	-0.74473	-0.8871	-0.81115	-1.1247	-0.50832	0.20081	0.92259	1.0486	0.99613	0.83201	0.64355	0.42664	0.29346	0.14259	0.035947	-0.078533	-0.24081	-0.49896	-0.57806	26.386
805.25	-0.84775	-0.85188	-0.85892	-0.85936	-0.86282	-0.32515	-0.83021	-0.83898	-0.79821	-0.77923	-0.65356	-0.82113	-0.81553	-0.76949	-1.065	-0.45034	0.22887	0.91336	1.0256	0.96866	0.81063	0.59946	0.413	0.26574	0.11623	0.0064968	-0.095603	-0.26727	-0.52698	-0.60628	26.12
803.65	-0.84365	-0.82925	-0.84252	-0.86388	-0.85298	-0.3064	-0.83635	-0.86067	-0.81177	-0.86097	-0.72885	-0.82277	-0.80766	-0.78045	-0.96448	-0.52073	0.21884	0.90293	1.0122	0.96563	0.81131	0.61246	0.41664	0.26914	0.12003	0.041014	-0.10224	-0.25123	-0.49835	-0.60287	25.891
809.21	-0.85703	-0.85219	-0.85661	-0.87747	-0.86695	-0.32762	-0.81812	-0.83203	-0.77784	-0.77542	-0.71332	-0.87602	-0.79268	-0.79376	-0.86613	-0.38894	0.26278	0.90686	1.0079	0.9363	0.77382	0.576	0.37935	0.23225	0.094452	-0.011133	-0.11525	-0.27375	-0.51679	-0.60882	25.69
803.43	-0.79555	-0.80063	-0.83321	-0.83507	-0.81745	-0.34734	-0.80247	-0.81704	-0.80186	-0.6306	-0.82415	-0.69446	-0.80787	-0.75243	-0.9442	-0.48114	0.30472	0.92462	1.0234	0.94304	0.78317	0.57031	0.38302	0.22153	0.11383	-0.010279	-0.117	-0.26002	-0.49848	-0.57066	25.387
796.9	-0.77674	-0.79265	-0.84004	-0.85042	-0.83582	-0.30487	-0.81357	-0.83239	-0.7908	-0.73685	-0.74569	-0.76993	-0.80493	-0.83449	-0.82776	-0.35489	0.29664	0.93221	1.0097	0.93375	0.76577	0.58292	0.39089	0.24546	0.1022	0.013148	-0.096606	-0.256	-0.49195	-0.55017	25.119
798.07	-0.83591	-0.82143	-0.85128	-0.85199	-0.824	-0.33014	-0.78887	-0.80332	-0.77387	-0.8367	-0.79776	-0.81857	-0.73685	-0.79537	-0.99189	-0.39437	0.3394	0.92774	1.0027	0.92337	0.75132	0.5454	0.36201	0.2067	0.071572	-0.0056533	-0.1391	-0.28635	-0.51533	-0.60708	24.842
799.47	-0.76939	-0.78376	-0.82776	-0.83074	-0.81516	-0.29362	-0.79201	-0.82876	-0.78548	-0.71434	-0.81764	-0.62835	-0.85959	-0.81289	-0.84574	-0.37373	0.32539	0.93434	1.0101	0.90479	0.74526	0.55137	0.36892	0.20538	0.07771	-0.0075173	-0.1148	-0.26745	-0.47785	-0.57535	24.518
797	-0.8156	-0.8398	-0.80629	-0.82953	-0.82404	-0.31513	-0.78903	-0.78806	-0.74985	-0.7974	-0.72425	-0.72	-0.8431	-0.67312	-1.0346	-0.18463	0.36389	0.93723	1.0169	0.9146	0.74852	0.55407	0.36061	0.19544	0.089618	-0.016944	-0.11237	-0.27179	-0.50057	-0.58366	24.171
799.68	-0.74879	-0.76544	-0.79975	-0.79286	-0.77585	-0.27815	-0.75572	-0.7701	-0.75566	-0.8451	-0.84926	-0.79705	-0.7449	-0.74649	-0.92801	-0.35366	0.38374	0.96694	1.0117	0.88858	0.71277	0.52651	0.33493	0.19479	0.062484	-0.031883	-0.13605	-0.25686	-0.48253	-0.54639	23.852
791.75	-0.76021	-0.75572	-0.79228	-0.80936	-0.79856	-0.27679	-0.75874	-0.78458	-0.74641	-0.75183	-0.67544	-0.78496	-0.82944	-0.83991	-0.95813	-0.20602	0.43597	0.97558	1.0376	0.90454	0.73334	0.53478	0.3573	0.18996	0.073049	-0.011377	-0.11779	-0.25855	-0.45335	-0.53404	23.482
793.68	-0.76815	-0.7621	-0.77395	-0.78463	-0.7732	-0.27094	-0.75416	-0.77302	-0.73714	-0.67894	-0.65241	-0.67296	-0.7217	-0.81881	-0.8519	-0.26585	0.44746	0.97218	1.0267	0.88826	0.69903	0.50758	0.33367	0.17406	0.050342	-0.029291	-0.12869	-0.27381	-0.47746	-0.55708	23.144
806	-0.71498	-0.73248	-0.76212	-0.75956	-0.72993	-0.23829	-0.73279	-0.74695	-0.69925	-0.71854	-0.7583	-0.83022	-0.67282	-0.64685	-0.87981	-0.12315	0.48054	0.96954	1.0129	0.87073	0.6874	0.51159	0.30896	0.17425	0.046908	-0.041861	-0.12672	-0.2618	-0.45775	-0.52736	22.804
814.68	-0.70451	-0.70334	-0.75494	-0.74501	-0.71075	-0.24381	-0.6825	-0.71643	-0.66366	-0.55269	-0.66687	-0.66536	-0.68438	-0.66781	-0.66796	-0.15123	0.49235	0.95116	0.97957	0.85068	0.6428	0.4712	0.29458	0.13666	0.012171	-0.055214	-0.15262	-0.28482	-0.4576	-0.52266	22.44
817.14	-0.67388	-0.67906	-0.73392	-0.74276	-0.71688	-0.22198	-0.6928	-0.72458	-0.67705	-0.48202	-0.60249	-0.65364	-0.71033	-0.71205	-0.66595	0.025013	0.50024	0.94226	0.98021	0.81784	0.65666	0.43107	0.2725	0.13625	0.012134	-0.059633	-0.14582	-0.26852	-0.44303	-0.4938	22.067
801.61	-0.69565	-0.70577	-0.74431	-0.72992	-0.72022	-0.25393	-0.70712	-0.71186	-0.67816	-0.60189	-0.7095	-0.64648	-0.6765	-0.64095	-0.66856	-0.084027	0.53765	0.96257	0.98455	0.81377	0.64759	0.43449	0.26276	0.13315	0.01683	-0.068269	-0.1551	-0.2746	-0.45833	-0.50893	21.673
796.36	-0.68561	-0.70224	-0.72324	-0.71299	-0.67086	-0.24839	-0.69185	-0.705	-0.64919	-0.64633	-0.84214	-0.73055	-0.65223	-0.67366	-0.75582	0.095813	0.54793	0.98643	0.99934	0.81613	0.64137	0.44629	0.26733	0.15038	0.0097558	-0.062131	-0.14776	-0.27817	-0.44686	-0.50575	21.313
799.25	-0.64718	-0.66163	-0.72254	-0.72077	-0.68006	-0.19922	-0.65506	-0.66986	-0.67831	-0.70444	-0.58409	-0.68816	-0.6785	-0.74689	-0.7015	-0.024342	0.60154	0.97978	0.99847	0.80619	0.61435	0.41599	0.24846	0.12396	0.0007713	-0.078784	-0.15093	-0.26489	-0.42021	-0.47418	20.924
807.5	-0.65981	-0.66654	-0.6848	-0.67799	-0.66997	-0.24496	-0.63765	-0.64215	-0.65581	-0.70724	-0.64125	-0.59258	-0.64323	-0.66436	-0.56155	0.015416	0.62101	0.96266	0.97919	0.78807	0.5855	0.39901	0.2366	0.099923	0.0087342	-0.075195	-0.14847	-0.25958	-0.44165	-0.48314	20.563
807.5	-0.64346	-0.66385	-0.64116	-0.65562	-0.64381	-0.21243	-0.64122	-0.65638	-0.61825	-0.52769	-0.57813	-0.56307	-0.53933	-0.69245	-0.61263	0.084594	0.6675	0.99518	0.99463	0.78412	0.58362	0.39803	0.24406	0.11984	-0.002781	-0.068698	-0.14939	-0.26565	-0.41782	-0.47301	20.181
807.82	-0.62975	-0.65641	-0.69781	-0.69263	-0.65611	-0.21336	-0.62668	-0.62292	-0.60152	-0.42775	-0.56741	-0.82837	-0.42581	-0.6641	-0.67363	0.13398	0.66723	0.98768	0.98062	0.76405	0.55801	0.36949	0.21508	0.082813	-0.02403	-0.087226	-0.15208	-0.25687	-0.4329	-0.47834	19.801
800.65	-0.63054	-0.63244	-0.68205	-0.64336	-0.64299	-0.17837	-0.61789	-0.66487	-0.62077	-0.71329	-0.64674	-0.68696	-0.65827	-0.67005	-0.67966	0.075376	0.69809	0.98423	0.97108	0.74698	0.54689	0.35798	0.1982	0.074944	-0.016203	-0.084264	-0.1673	-0.2723	-0.41948	-0.46778	19.45
805.79	-0.58123	-0.62571	-0.68816	-0.65981	-0.63469	-0.20371	-0.61394	-0.63305	-0.59569	-0.64876	-0.57936	-0.69243	-0.6162	-0.69393	-0.59345	0.16402	0.70314	0.96063	0.96853	0.72438	0.53492	0.35963	0.17639	0.071612	-0.034741	-0.10512	-0.16348	-0.26535	-0.40057	-0.44728	19.034
829.12	-0.58922	-0.61334	-0.60688	-0.59857	-0.58728	-0.17422	-0.5871	-0.62633	-0.58874	-0.53335	-0.645	-0.64419	-0.69085	-0.70175	-0.45737	0.28453	0.70461	0.93953	0.91561	0.68667	0.49422	0.31326	0.16416	0.064052	-0.038076	-0.095833	-0.16423	-0.27056	-0.38465	-0.45889	18.673
817.35	-0.58346	-0.59382	-0.62875	-0.61732	-0.5916	-0.18577	-0.61055	-0.62129	-0.62709	-0.64943	-0.65429	-0.71179	-0.56083	-0.75812	-0.50433	0.28863	0.73256	0.94905	0.94136	0.67703	0.4874	0.32068	0.14534	0.046228	-0.050877	-0.11739	-0.15845	-0.24788	-0.37701	-0.43186	18.286
806.32	-0.60299	-0.59835	-0.6668	-0.6351	-0.61017	-0.15573	-0.59296	-0.66494	-0.61181	-0.59837	-0.71588	-0.59345	-0.73876	-0.86224	-0.42939	0.37175	0.76444	0.95897	0.92422	0.66155	0.479	0.30643	0.1324	0.035459	-0.045362	-0.12829	-0.16979	-0.27039	-0.39457	-0.43408	17.901
808.14	-0.56993	-0.61044	-0.65108	-0.63088	-0.62343	-0.16554	-0.60323	-0.61889	-0.58022	-0.61696	-0.70377	-0.60196	-0.72766	-0.81351	-0.41822	0.33143	0.76461	0.96087	0.9176	0.66895	0.46195	0.27247	0.13396	0.03064	-0.050571	-0.10945	-0.17033	-0.26978	-0.38512	-0.4377	17.534
811.68	-0.56362	-0.59708	-0.6171	-0.61329	-0.59886	-0.15673	-0.59705	-0.60581	-0.58863	-0.5845	-0.63795	-0.53081	-0.6775	-0.81929	-0.4164	0.29065	0.77922	0.95265	0.90276	0.64244	0.43935	0.26642	0.11854	0.016348	-0.066213	-0.12559	-0.18873	-0.26429	-0.39387	-0.43213	17.159
816.6	-0.55356	-0.58195	-0.62088	-0.60314	-0.55386	-0.10351	-0.55017	-0.59277	-0.53707	-0.65002	-0.5509	-0.67353	-0.61739	-0.87916	-0.59569	0.52344	0.78484	0.93283	0.89282	0.61999	0.42554	0.26384	0.099386	0.0078066	-0.075449	-0.13126	-0.18668	-0.26184	-0.39809	-0.43499	16.785
817.46	-0.55298	-0.57957	-0.59305	-0.54542	-0.52123	-0.12349	-0.55401	-0.57997	-0.53651	-0.59022	-0.46721	-0.52706	-0.44878	-0.87824	-0.3731	0.39597	0.80932	0.93085	0.87843	0.62423	0.41023	0.25196	0.10849	-0.003447	-0.063995	-0.13571	-0.18196	-0.25642	-0.37131	-0.43453	16.416
807.93	-0.51338	-0.54068	-0.55074	-0.57887	-0.57549	-0.15136	-0.53733	-0.62189	-0.57305	-0.52741	-0.42018	-0.60211	-0.69953	-0.90732	-0.51022	0.4599	0.798	0.93878	0.87608	0.60295	0.40662	0.23829	0.097661	-0.0063345	-0.07803	-0.13267	-0.1777	-0.25684	-0.36807	-0.40471	16.08
806.54	-0.51041	-0.53533	-0.57543	-0.58267	-0.55448	-0.11091	-0.58386	-0.60587	-0.58505	-0.60821	-0.72621	-0.60315	-0.72911	-0.96512	-0.5111	0.45078	0.82123	0.95159	0.87577	0.6119	0.40073	0.24066	0.084762	-0.0072948	-0.060428	-0.13383	-0.17158	-0.21906	-0.34486	-0.36948	15.683
818.53	-0.47258	-0.5151	-0.56981	-0.57873	-0.6083	-0.15943	-0.55064	-0.56891	-0.57919	-0.58944	-0.5496	-0.67195	-0.49479	-0.87709	-0.26178	0.54171	0.81575	0.93966	0.86742	0.58344	0.39578	0.24197	0.089956	0.0040428	-0.063911	-0.1163	-0.15642	-0.22612	-0.31536	-0.36044	15.356
826.23	-0.49542	-0.5024	-0.53297	-0.54145	-0.55456	-0.11721	-0.55598	-0.55156	-0.56573	-0.52547	-0.61642	-0.64645	-0.73018	-1.0611	-0.35914	0.50768	0.81185	0.90606	0.854	0.56351	0.37463	0.2043	0.083654	-0.0052656	-0.072837	-0.11885	-0.16749	-0.21807	-0.33105	-0.37776	14.983
820.03	-0.51148	-0.50533	-0.5015	-0.54279	-0.54433	-0.094075	-0.53644	-0.58095	-0.59437	-0.65713	-0.6418	-0.67072	-0.79152	-0.91236	-0.57307	0.48231	0.80398	0.90691	0.839	0.55707	0.3682	0.20874	0.06868	-0.0071748	-0.069028	-0.12431	-0.17147	-0.22314	-0.32886	-0.3779	14.7
814.57	-0.42817	-0.45003	-0.50769	-0.54458	-0.56354	-0.1199	-0.58696	-0.60648	-0.51116	-0.59231	-0.61481	-0.93852	-1.0777	-1.1691	-0.65793	0.22104	0.78021	0.91803	0.87164	0.58823	0.39211	0.22955	0.08023	-0.0025193	-0.051929	-0.10674	-0.15627	-0.19281	-0.29328	-0.32114	14.422
823.02	-0.47471	-0.48677	-0.55739	-0.53075	-0.51771	-0.1057	-0.54237	-0.57884	-0.59041	-0.74282	-0.8458	-1.035	-1.1408	-1.3775	-0.58102	0.28664	0.7573	0.90859	0.86981	0.57637	0.38993	0.22239	0.083064	0.012401	-0.047919	-0.089257	-0.1223	-0.19594	-0.28465	-0.30701	14.145
821.85	-0.38281	-0.39581	-0.46311	-0.50679	-0.51948	-0.093866	-0.60019	-0.55543	-0.60656	-0.81249	-0.81603	-1.2202	-1.4765	-1.4715	-1.0033	0.16081	0.67169	0.9059	0.87284	0.59662	0.39419	0.2256	0.086845	0.024536	-0.037542	-0.093034	-0.12338	-0.18428	-0.25322	-0.27852	13.828
814.25	-0.35872	-0.37282	-0.42321	-0.40705	-0.47244	-0.10381	-0.54379	-0.5672	-0.65583	-1.0674	-1.2304	-1.5145	-1.9118	-2.098	-1.3672	-0.092519	0.60175	0.92948	0.90441	0.65707	0.43797	0.28306	0.12186	0.044523	-0.015056	-0.050642	-0.082735	-0.14039	-0.21873	-0.23732	13.61
821.1	-0.31223	-0.35383	-0.37769	-0.32848	-0.41396	-0.022974	-0.51202	-0.66697	-0.86569	-1.2056	-1.489	-2.0726	-2.4997	-2.7435	-1.7576	-0.39304	0.44465	0.89073	0.91206	0.66617	0.48148	0.27781	0.14193	0.064678	-0.00012149	-0.038353	-0.082946	-0.11874	-0.19535	-0.21996	13.372
815.96	-0.24283	-0.25931	-0.26271	-0.38129	-0.45695	-0.060338	-0.61248	-0.73314	-0.95547	-1.3712	-1.8834	-2.2706	-2.9174	-3.1962	-2.0719	-0.58133	0.37327	0.88628	0.90341	0.68405	0.4873	0.29894	0.15666	0.081047	0.027052	-0.016551	-0.0472	-0.087711	-0.15037	-0.16762	13.114
822.92	-0.2153	-0.25712	-0.31169	-0.36435	-0.39251	-0.020927	-0.63535	-0.8852	-0.98784	-1.4672	-1.9913	-2.348	-3.2264	-3.4816	-2.2649	-0.64432	0.27516	0.89076	0.89756	0.71318	0.51086	0.34061	0.18644	0.094325	0.055506	0.010002	-0.028821	-0.047803	-0.11263	-0.12196	12.947
827.3	-0.17849	-0.2041	-0.30448	-0.36605	-0.3986	-0.079357	-0.69998	-0.90366	-1.0783	-1.6639	-2.0834	-2.5564	-3.3199	-3.6276	-2.4622	-0.86275	0.21073	0.85925	0.9123	0.72387	0.51366	0.34358	0.17817	0.099382	0.055212	0.026255	-0.01257	-0.034845	-0.080403	-0.09527	12.748
814.25	-0.13653	-0.15845	-0.20869	-0.44033	-0.49838	-0.14313	-0.77498	-0.97649	-1.1783	-1.6807	-2.0021	-2.5486	-3.2045	-3.7601	-2.5726	-0.88638	0.20188	0.87	0.91432	0.71196	0.52563	0.34424	0.21246	0.11509	0.053462	0.023914	-0.0036891	-0.0311	-0.068462	-0.064859	12.559
815.42	-0.18109	-0.18132	-0.35871	-0.44616	-0.51735	-0.15903	-0.80039	-0.94595	-1.1729	-1.5993	-1.9471	-2.4572	-3.2841	-3.699	-2.4374	-0.79703	0.1687	0.87076	0.9121	0.72952	0.53512	0.35731	0.21031	0.11868	0.074435	0.021122	-0.0054973	-0.025899	-0.041939	-0.081168	12.387
830.19	-0.18629	-0.21212	-0.30342	-0.46905	-0.56515	-0.16213	-0.77833	-1.0113	-1.1833	-1.6096	-2.025	-2.4326	-3.2073	-3.6059	-2.5629	-0.85014	0.17401	0.84044	0.86937	0.69444	0.5137	0.35286	0.19659	0.12303	0.069666	0.034287	0.026682	-0.021217	-0.052315	-0.080618	12.224
829.66	-0.16395	-0.25677	-0.29808	-0.50383	-0.59301	-0.18895	-0.77971	-1.011	-1.1154	-1.6689	-2.0058	-2.2619	-3.099	-3.4989	-2.316	-1.0431	0.18612	0.839	0.88319	0.71508	0.50671	0.34356	0.20579	0.12865	0.066261	0.027988	0.016889	-0.023766	-0.068117	-0.095895	12.108
825.16	-0.226	-0.25027	-0.29134	-0.35879	-0.49179	-0.15019	-0.8093	-0.88651	-1.2308	-1.678	-2.1917	-2.4956	-3.1714	-3.7653	-2.5286	-0.9617	0.14907	0.8197	0.88445	0.71318	0.52512	0.34735	0.22059	0.13771	0.083092	0.039948	-0.0018448	-0.024745	-0.090872	-0.10542	11.986
822.92	-0.12755	-0.1559	-0.24652	-0.34422	-0.5455	-0.16357	-0.70634	-0.99878	-1.2306	-1.6532	-2.1357	-2.4928	-3.3283	-3.7296	-2.6658	-0.80916	0.12527	0.8379	0.8833	0.72094	0.53301	0.3579	0.22028	0.12226	0.069412	0.042787	0.025119	-0.0077834	-0.06026	-0.061468	11.92
815.1	-0.18212	-0.20716	-0.28742	-0.34752	-0.4792	-0.15406	-0.73434	-1.1108	-1.3703	-1.7778	-2.2604	-2.6628	-3.3976	-3.9231	-2.7723	-0.91483	0.086056	0.83988	0.89716	0.74058	0.53532	0.36036	0.20392	0.14129	0.070077	0.049632	0.029899	-0.025909	-0.044786	-0.060234	11.813
822.6	-0.12665	-0.16565	-0.26338	-0.30592	-0.39061	-0.089788	-0.72678	-0.93211	-1.3678	-1.9574	-2.4256	-2.8221	-3.7654	-4.3377	-2.9676	-1.0229	0.039639	0.83623	0.90415	0.73577	0.54983	0.37054	0.20664	0.12975	0.086829	0.060116	0.010739	-0.0060821	-0.028474	-0.042524	11.742
833.83	-0.13333	-0.16689	-0.21849	-0.32437	-0.48364	-0.11122	-0.6772	-0.94712	-1.2677	-1.7282	-2.5559	-3.1842	-3.9616	-4.7326	-3.254	-1.2771	-0.039911	0.79149	0.88581	0.72682	0.54789	0.35132	0.23004	0.14179	0.092521	0.047621	0.016805	-0.0060001	-0.034553	-0.061554	11.713
832.97	-0.12787	-0.11142	-0.20767	-0.26054	-0.39183	-0.093597	-0.68396	-1.0373	-1.3205	-1.9621	-2.8847	-3.3305	-4.2679	-4.9825	-3.3069	-1.3838	-0.089616	0.79822	0.89024	0.74289	0.55028	0.35453	0.2131	0.13366	0.07802	0.04587	0.019487	-0.0017993	-0.02812	-0.05805	11.673
829.34	-0.05447	-0.10143	-0.18457	-0.28347	-0.35992	-0.090047	-0.7287	-1.0668	-1.3504	-2.2329	-2.7847	-3.4409	-4.305	-5.0591	-3.381	-1.4284	-0.13712	0.80369	0.89061	0.75674	0.56825	0.37134	0.23128	0.15549	0.098196	0.086736	0.03563	0.02016	0.0070169	-0.0063422	11.645
832.23	-0.072009	-0.092371	-0.19774	-0.29153	-0.41147	-0.11439	-0.73657	-1.0382	-1.375	-2.2542	-2.9077	-3.5148	-4.5833	-5.4775	-3.6864	-1.7111	-0.19924	0.77526	0.89545	0.75986	0.56446	0.39	0.23681	0.15587	0.11075	0.071124	0.052396	0.038616	0.018088	0.0017138	11.627
825.81	-0.04248	-0.065022	-0.14546	-0.28559	-0.43206	-0.15504	-0.77024	-1.0908	-1.4126	-2.0181	-2.992	-3.5133	-4.9145	-5.5384	-3.7351	-1.792	-0.22028	0.78526	0.9033	0.7764	0.57068	0.38729	0.2423	0.1543	0.10901	0.06351	0.040261	0.021095	-0.003205	-0.0018698	11.63
828.8	-0.017032	-0.055176	-0.14124	-0.30091	-0.41419	-0.1317	-0.80227	-1.1091	-1.4548	-2.2246	-3.0427	-3.5773	-4.8968	-5.7282	-4.0798	-1.7278	-0.29343	0.78044	0.88322	0.763	0.58603	0.42024	0.25777	0.17685	0.10689	0.082272	0.074034	0.04892	0.029303	0.0044122	11.657
837.57	-0.015927	-0.049408	-0.15348	-0.28967	-0.41792	-0.1656	-0.83778	-1.1066	-1.4511	-2.2013	-3.0108	-3.6536	-4.8091	-5.8217	-3.8007	-1.7859	-0.31231	0.74581	0.86959	0.76263	0.58896	0.40734	0.25417	0.175	0.11602	0.074251	0.06531	0.042551	0.025324	0.030089	11.642
839.28	-0.022369	-0.044993	-0.16139	-0.28818	-0.42915	-0.16135	-0.81803	-1.1427	-1.4481	-2.2256	-3.0249	-3.6746	-4.881	-5.945	-3.9699	-1.8678	-0.36188	0.73744	0.86607	0.76203	0.58142	0.3839	0.25814	0.17008	0.1047	0.086601	0.063415	0.043299	0.024354	0.023833	11.642
834.69	-0.0029574	-0.027887	-0.13749	-0.28526	-0.46492	-0.15044	-0.83377	-1.1582	-1.4951	-2.2668	-3.0619	-3.7139	-4.9719	-5.9324	-4.1597	-1.9451	-0.39691	0.72971	0.87612	0.78344	0.59282	0.41443	0.24964	0.17927	0.12756	0.081692	0.087694	0.045216	0.034629	0.027526	11.644
832.76	-0.01695	-0.047955	-0.16817	-0.31033	-0.44469	-0.16163	-0.80971	-1.1517	-1.5083	-2.3204	-3.0894	-3.751	-5.3131	-6.2276	-4.308	-2.0741	-0.44935	0.71464	0.87109	0.79387	0.59966	0.42868	0.25926	0.18061	0.13129	0.087279	0.060358	0.041112	0.019923	0.02848	11.682
822.06	-0.026618	-0.02303	-0.16197	-0.33817	-0.47206	-0.19968	-0.85885	-1.2021	-1.5459	-2.331	-3.2432	-3.8965	-5.3173	-6.3454	-4.3139	-2.2273	-0.50459	0.70397	0.88689	0.78188	0.61301	0.44485	0.26263	0.19507	0.12517	0.103	0.064743	0.035682	0.036096	0.021622	11.838
830.41	-0.023545	-0.034137	-0.16495	-0.31121	-0.43984	-0.16604	-0.8841	-1.1918	-1.5678	-2.1912	-3.0879	-3.9339	-5.3006	-6.3089	-4.5288	-2.2145	-0.5724	0.68602	0.87798	0.8067	0.62513	0.44609	0.27631	0.20695	0.15061	0.080305	0.091711	0.054732	0.023686	0.027668	12.003
844.95	-0.036005	-0.046408	-0.15214	-0.3005	-0.46027	-0.20787	-0.84583	-1.164	-1.5496	-2.3728	-3.286	-3.8756	-5.426	-6.3882	-4.7437	-2.4409	-0.63599	0.6577	0.85158	0.80698	0.62246	0.45338	0.28224	0.21155	0.14633	0.08957	0.085755	0.067886	0.023278	0.017517	12.197
844.31	-0.024995	-0.055019	-0.16768	-0.30697	-0.47463	-0.18664	-0.83708	-1.1985	-1.5876	-2.2887	-3.3287	-4.1325	-5.5927	-6.796	-4.7473	-2.5751	-0.74173	0.62903	0.8392	0.81421	0.62833	0.43968	0.29672	0.20445	0.16169	0.10295	0.068293	0.043871	0.021474	0.0069714	12.408
837.25	-0.041899	-0.064133	-0.15995	-0.29787	-0.45139	-0.13723	-0.89496	-1.2004	-1.6001	-2.4908	-3.3872	-4.1579	-5.6581	-6.8262	-5.0828	-2.7302	-0.78733	0.61276	0.84101	0.8163	0.64905	0.46322	0.3154	0.21441	0.14938	0.11098	0.085659	0.056795	0.025333	0.0061416	12.623
834.36	-0.038322	-0.063488	-0.17335	-0.32236	-0.46611	-0.14853	-0.90756	-1.2587	-1.6473	-2.4222	-3.4091	-4.1818	-6.0525	-7.2939	-5.2783	-2.8257	-0.90575	0.59127	0.83689	0.83061	0.67313	0.47903	0.31018	0.21515	0.15161	0.11945	0.074428	0.06203	0.02173	0.011506	12.882
833.51	-0.070034	-0.076588	-0.16159	-0.33714	-0.46862	-0.19398	-0.92493	-1.2912	-1.6641	-2.5406	-3.7692	-4.2718	-6.2692	-7.5644	-5.5707	-3.1446	-1.0528	0.54855	0.81135	0.84965	0.66472	0.5004	0.32405	0.23743	0.1715	0.11508	0.089595	0.056209	0.016214	-0.0054196	13.087
838.54	-0.034427	-0.064037	-0.17523	-0.29742	-0.46984	-0.18303	-0.92541	-1.2798	-1.6408	-2.5542	-3.4732	-4.4167	-6.459	-7.7264	-5.6553	-3.3066	-1.0977	0.51198	0.78112	0.85122	0.68609	0.51154	0.33647	0.23053	0.17133	0.12153	0.09435	0.063392	0.011528	0.0025882	13.366
840.46	-0.074074	-0.086295	-0.17028	-0.29673	-0.44665	-0.19434	-0.919	-1.2833	-1.6899	-2.4813	-3.6572	-4.4539	-6.5531	-7.9786	-5.819	-3.4034	-1.221	0.48346	0.79068	0.86256	0.70439	0.51413	0.34286	0.25005	0.17179	0.13374	0.10029	0.054909	0.027067	-0.0097959	13.634
837.15	-0.082715	-0.10048	-0.17827	-0.29431	-0.47365	-0.17745	-0.92092	-1.2948	-1.7655	-2.6162	-3.7122	-4.5949	-6.8341	-8.0734	-6.0785	-3.6171	-1.3228	0.44125	0.76139	0.84215	0.69358	0.50956	0.34961	0.25379	0.18357	0.13517	0.10423	0.041735	0.020738	-0.015159	13.926
836.18	-0.06981	-0.089335	-0.16473	-0.30815	-0.47015	-0.20809	-0.86246	-1.3018	-1.7472	-2.6096	-3.8079	-4.6952	-6.8967	-8.3359	-6.2532	-3.9744	-1.4718	0.39955	0.72718	0.87175	0.72343	0.5404	0.36892	0.27424	0.18293	0.1407	0.10435	0.056868	0.010639	-0.009846	14.22
840.67	-0.092528	-0.1104	-0.224	-0.31278	-0.48573	-0.19917	-0.90676	-1.3167	-1.7238	-2.8735	-3.9188	-4.8591	-7.1411	-8.696	-6.5631	-4.124	-1.5997	0.34762	0.71718	0.84715	0.73312	0.55351	0.36426	0.26457	0.18195	0.14262	0.095869	0.056564	0.0014295	-0.019515	14.5
840.14	-0.13048	-0.15443	-0.22323	-0.33269	-0.47799	-0.1778	-0.91763	-1.3002	-1.7777	-2.7315	-3.9618	-4.8432	-7.5179	-8.8365	-6.7931	-4.4116	-1.7366	0.28433	0.70716	0.86194	0.74624	0.56515	0.386	0.28206	0.2008	0.15342	0.10386	0.055765	-0.014141	-0.033676	14.839
838.64	-0.14645	-0.15298	-0.20444	-0.30994	-0.46474	-0.2065	-0.94507	-1.34	-1.81	-2.8036	-4.0802	-5.0224	-7.6586	-9.1949	-7.0806	-4.4861	-1.8685	0.26722	0.68831	0.88251	0.75119	0.58408	0.39836	0.29536	0.21566	0.15905	0.12433	0.057535	-0.008662	-0.039938	15.162
839.39	-0.16112	-0.18132	-0.21065	-0.31684	-0.45829	-0.17405	-0.96142	-1.3169	-1.8366	-2.7915	-4.0058	-5.122	-7.8699	-9.4479	-7.3592	-4.6342	-1.9682	0.20147	0.64662	0.87602	0.75686	0.59674	0.40697	0.31244	0.21802	0.16605	0.11805	0.043294	-0.021489	-0.041673	15.504
842.38	-0.1965	-0.19443	-0.23991	-0.34699	-0.45064	-0.18025	-0.90834	-1.3531	-1.7941	-2.7433	-4.1327	-5.3207	-8.0774	-9.6835	-7.5681	-4.8925	-2.1458	0.14618	0.62604	0.86628	0.76859	0.58524	0.41803	0.31678	0.213	0.15123	0.10885	0.053121	-0.029635	-0.067985	15.851
842.38	-0.20664	-0.23054	-0.25447	-0.37201	-0.49578	-0.16953	-0.92718	-1.4013	-1.8415	-2.8772	-4.1226	-5.283	-8.3943	-9.8092	-7.9597	-5.2146	-2.2722	0.093566	0.61907	0.89185	0.7749	0.61152	0.41803	0.33224	0.22574	0.16991	0.12729	0.04314	-0.040595	-0.067985	16.192
844.84	-0.2235	-0.25473	-0.33352	-0.37182	-0.47733	-0.22053	-0.92789	-1.3184	-1.8212	-2.8212	-4.3317	-5.4368	-8.6226	-10.3	-8.0342	-5.3978	-2.4352	0.048599	0.56952	0.88737	0.77804	0.60693	0.44622	0.32583	0.23693	0.17474	0.1278	0.048818	-0.045942	-0.097688	16.564
833.72	-0.28422	-0.30156	-0.33154	-0.44178	-0.50701	-0.20477	-0.89702	-1.3166	-1.8517	-2.8395	-4.4098	-5.5951	-9.0852	-10.745	-8.5074	-5.7186	-2.6349	-0.014748	0.53312	0.89633	0.80754	0.63115	0.44585	0.34764	0.25039	0.19146	0.11353	0.039385	-0.058554	-0.097208	16.974
831.16	-0.31406	-0.34084	-0.43027	-0.48934	-0.56348	-0.23009	-0.92495	-1.235	-1.8041	-2.7223	-4.4848	-5.5455	-9.0124	-10.824	-8.6626	-6.0244	-2.7297	-0.034544	0.51889	0.90102	0.81734	0.65022	0.48073	0.35424	0.23997	0.17762	0.12367	0.036134	-0.084659	-0.13595	17.31
838.54	-0.34926	-0.38793	-0.47125	-0.50298	-0.65828	-0.30637	-0.95294	-1.2844	-1.6947	-2.5254	-3.9896	-5.2693	-8.6784	-10.512	-8.488	-5.8857	-2.7303	-0.062629	0.50907	0.90261	0.82283	0.66996	0.47561	0.3493	0.26089	0.18321	0.12523	0.045845	-0.094928	-0.12855	17.69
