13971	6	3	91	23.4	748	1	20	8	3.496	128	4096	10	0	0	0	0	447.43	965.05	1.4546e+006	0.11759	0.14882	40.59	0	0	1	0	0	0	11	0	0
925.05	-0.016552	-0.0095974	-0.073161	-0.15329	-0.27352	-0.41953	-0.63185	-0.91425	-1.1948	-1.9143	-2.6778	-3.0308	-4.1232	-5.0098	-3.3736	-1.5157	-0.21326	0.74107	0.83878	0.76138	0.61201	0.46488	0.34163	0.26831	0.22274	0.19177	0.1627	0.12573	0.077615	0.049158	14.236
901.93	-0.016976	-0.023496	-0.059748	-0.18392	-0.28147	-0.42483	-0.65844	-0.93004	-1.2607	-1.8026	-2.7276	-3.2494	-4.4911	-5.3226	-3.7435	-1.6254	-0.34274	0.73368	0.86353	0.80036	0.65548	0.50135	0.36374	0.28199	0.23004	0.20084	0.17754	0.12973	0.084725	0.047947	14.469
875.79	-0.046741	-0.028332	-0.094772	-0.20145	-0.32943	-0.48437	-0.71762	-1.0234	-1.3262	-1.9667	-2.9254	-3.4733	-4.869	-5.8181	-4.1095	-2.0384	-0.47543	0.70871	0.86585	0.82698	0.68024	0.51269	0.3746	0.29303	0.2271	0.19571	0.16087	0.1064	0.064407	0.030711	14.72
850.48	-0.061826	-0.048761	-0.1021	-0.24638	-0.38195	-0.54029	-0.77629	-1.134	-1.4448	-2.2052	-3.1722	-3.9129	-5.3188	-6.4625	-4.5519	-2.587	-0.65533	0.66224	0.85626	0.84315	0.68352	0.53074	0.38575	0.31616	0.23975	0.19889	0.18045	0.12934	0.055467	0.022017	15.031
824.92	-0.096686	-0.098562	-0.13962	-0.28596	-0.43886	-0.5829	-0.82744	-1.1887	-1.5694	-2.5274	-3.2911	-4.1594	-5.7425	-6.956	-5.1128	-2.6768	-0.83444	0.61211	0.84366	0.8625	0.7047	0.54048	0.38766	0.31203	0.23938	0.19052	0.16541	0.11126	0.042259	0.020897	15.336
799.22	-0.09105	-0.098105	-0.18341	-0.31681	-0.48151	-0.64888	-0.92083	-1.2719	-1.6708	-2.3063	-3.4925	-4.2235	-6.0989	-7.4161	-5.4836	-3.0225	-1.0166	0.59174	0.83959	0.90821	0.75871	0.58259	0.43874	0.33835	0.26766	0.21821	0.17073	0.11221	0.045542	0.02064	15.68
775.1	-0.10791	-0.098355	-0.16342	-0.32667	-0.50413	-0.67543	-0.95507	-1.3204	-1.7963	-2.6379	-3.6998	-4.5087	-6.7315	-8.1346	-6.165	-3.343	-1.2597	0.55085	0.85341	0.93853	0.8029	0.62826	0.4689	0.36767	0.29721	0.23854	0.19227	0.13016	0.041996	0.017446	16.038
757.4	-0.11761	-0.12169	-0.20062	-0.36512	-0.53822	-0.72156	-1.0374	-1.4332	-1.8588	-3.0399	-4.0105	-5.0755	-7.4125	-8.6542	-6.6902	-4.085	-1.4884	0.4521	0.8385	0.94466	0.82367	0.64191	0.46098	0.37323	0.30227	0.22531	0.18211	0.12025	0.021642	-0.0017644	16.35
745.48	-0.13824	-0.14404	-0.22336	-0.39216	-0.5831	-0.77384	-1.052	-1.5075	-1.958	-3.0345	-4.3594	-5.2206	-8.0426	-9.3909	-7.1623	-4.4822	-1.7496	0.39326	0.80959	0.9769	0.84194	0.66808	0.48855	0.409	0.31574	0.25505	0.19892	0.125	0.014764	-0.025713	16.797
737.63	-0.15971	-0.14361	-0.24027	-0.41061	-0.55494	-0.79876	-1.115	-1.5267	-2.0931	-3.2415	-4.4403	-5.7715	-8.4384	-10.044	-7.7975	-4.8761	-2.0081	0.3151	0.77147	0.9927	0.89104	0.70091	0.52436	0.44139	0.34043	0.29231	0.22912	0.14058	0.061863	0.0032239	17.189
732.69	-0.1576	-0.16039	-0.2283	-0.38257	-0.58636	-0.79407	-1.1226	-1.5872	-2.1254	-3.2084	-4.6441	-5.7454	-8.9325	-10.545	-8.3342	-5.3446	-2.3009	0.20856	0.72361	1.0114	0.88876	0.73802	0.53509	0.43809	0.34272	0.27076	0.22359	0.14535	0.026573	-0.0079088	17.583
731.94	-0.16519	-0.14769	-0.24319	-0.41587	-0.60312	-0.76012	-1.1316	-1.5909	-2.1569	-3.2447	-4.9041	-5.9467	-9.2856	-11.29	-8.8273	-5.8844	-2.5974	0.10111	0.64619	0.9906	0.91042	0.73229	0.56237	0.43854	0.33917	0.28947	0.21978	0.1455	0.016086	-0.024158	17.967
736.56	-0.1631	-0.16348	-0.27599	-0.41224	-0.62228	-0.83113	-1.149	-1.6776	-2.2237	-3.3446	-4.9886	-6.2652	-9.7865	-11.66	-9.4549	-6.3241	-2.8661	-0.0098503	0.59632	0.98439	0.90574	0.73951	0.56089	0.45556	0.34578	0.27951	0.22945	0.14554	0.012852	-0.0098856	18.4
742.25	-0.17754	-0.1954	-0.26252	-0.40806	-0.62889	-0.79822	-1.2169	-1.672	-2.2455	-3.3081	-5.0647	-6.3563	-10.133	-12.121	-9.8935	-6.7594	-3.1341	-0.11815	0.51664	0.97039	0.92232	0.7562	0.5789	0.4758	0.38842	0.30867	0.25261	0.16991	0.043855	-0.022821	18.78
748.81	-0.19258	-0.18693	-0.27147	-0.42158	-0.61436	-0.82631	-1.1119	-1.6205	-2.2417	-3.3545	-5.0771	-6.3856	-10.553	-12.297	-10.148	-7.0733	-3.3522	-0.20481	0.47294	0.99174	0.93352	0.79394	0.61002	0.49005	0.39648	0.33299	0.26028	0.17123	0.054775	-0.013693	19.185
756.75	-0.19158	-0.17922	-0.26862	-0.40223	-0.60456	-0.78292	-1.1402	-1.6744	-2.1927	-3.3405	-5.1809	-6.5075	-10.654	-12.718	-10.478	-7.3681	-3.5802	-0.33391	0.41175	0.96972	0.93275	0.79187	0.62649	0.5011	0.41405	0.33841	0.28198	0.18332	0.068439	-0.0007846	19.584
769.74	-0.20146	-0.19031	-0.25414	-0.40131	-0.59436	-0.79531	-1.1491	-1.6551	-2.2201	-3.4202	-5.2479	-6.5318	-11	-13.22	-10.89	-7.9281	-3.8343	-0.44664	0.33143	0.94818	0.92589	0.7744	0.62179	0.50061	0.40521	0.33465	0.26857	0.18114	0.053286	0.00019336	19.964
782.93	-0.19509	-0.21671	-0.289	-0.42435	-0.59298	-0.82489	-1.1694	-1.6634	-2.2527	-3.5683	-5.2788	-6.5232	-11.038	-13.345	-11.191	-8.2022	-4.0457	-0.54605	0.2612	0.93526	0.90156	0.79569	0.63054	0.51566	0.41483	0.34241	0.27539	0.18793	0.031749	-0.015943	20.365
793.87	-0.21393	-0.23288	-0.29659	-0.3967	-0.60397	-0.78458	-1.136	-1.6598	-2.257	-3.4177	-5.3451	-6.7736	-10.704	-13.666	-11.422	-8.3908	-4.2592	-0.62849	0.20586	0.92339	0.9274	0.81361	0.65694	0.53751	0.44245	0.35752	0.29117	0.20564	0.0633	-0.0044913	20.767
803.19	-0.21724	-0.20944	-0.25309	-0.43802	-0.54647	-0.75197	-1.1309	-1.6806	-2.2428	-3.3279	-5.0294	-6.7246	-10.618	-13.799	-11.885	-8.7405	-4.4788	-0.75712	0.1432	0.89677	0.93177	0.81106	0.65025	0.53795	0.4391	0.3515	0.29976	0.2146	0.062565	0.0057361	21.172
812.29	-0.21672	-0.22225	-0.28987	-0.40624	-0.58507	-0.76072	-1.1244	-1.6627	-2.2769	-3.4592	-5.2553	-6.9329	-10.574	-14.194	-12.137	-9.1338	-4.7323	-0.87495	0.068451	0.86511	0.92506	0.80392	0.64853	0.5489	0.44738	0.36971	0.30369	0.19494	0.071336	0.0010974	21.546
822.03	-0.2321	-0.22402	-0.31253	-0.44354	-0.58328	-0.77966	-1.1585	-1.6281	-2.3129	-3.3888	-5.3169	-7.0536	-10.523	-14.531	-12.535	-9.5595	-4.9492	-0.99838	-0.010885	0.85097	0.91133	0.82422	0.67014	0.55171	0.456	0.38538	0.31989	0.21138	0.044281	-0.012473	21.989
828.13	-0.25945	-0.25998	-0.34075	-0.44573	-0.60143	-0.80861	-1.1804	-1.6623	-2.244	-3.3152	-5.3495	-7.0113	-10.767	-14.935	-12.682	-9.8168	-5.1746	-1.0773	-0.069266	0.83988	0.91195	0.84106	0.68793	0.58003	0.47596	0.3925	0.31753	0.22844	0.080194	0.011842	22.373
830.16	-0.27659	-0.28115	-0.34177	-0.43557	-0.60097	-0.78982	-1.2106	-1.7266	-2.2831	-3.2295	-5.3876	-6.9941	-10.695	-15.09	-13.009	-10.245	-5.4074	-1.1784	-0.12388	0.84263	0.92436	0.87805	0.69985	0.57768	0.49892	0.42043	0.33814	0.24476	0.092049	0.0064443	22.805
828.45	-0.30903	-0.29485	-0.34247	-0.46282	-0.59712	-0.81424	-1.2096	-1.8004	-2.3039	-3.1292	-5.3372	-7.0565	-10.588	-15.514	-13.523	-10.487	-5.6618	-1.278	-0.1808	0.83667	0.94918	0.87414	0.72946	0.61864	0.49995	0.43034	0.35402	0.23004	0.085735	-0.0043038	23.16
825.67	-0.30913	-0.3204	-0.38167	-0.45526	-0.61243	-0.81102	-1.2652	-1.8538	-2.4729	-3.2861	-5.1392	-7.417	-10.993	-16.042	-13.998	-11.074	-5.9165	-1.3867	-0.23205	0.81726	0.9533	0.88283	0.73374	0.62258	0.50943	0.42272	0.35074	0.23506	0.075774	0.00558	23.575
819.68	-0.3256	-0.36781	-0.37885	-0.50359	-0.64784	-0.78591	-1.2718	-2.116	-2.6562	-3.3003	-5.0836	-7.2386	-11.427	-16.252	-14.503	-11.476	-6.1458	-1.4879	-0.28654	0.84076	0.95842	0.91919	0.75288	0.63648	0.54195	0.44227	0.35601	0.25302	0.075388	-0.0043499	23.992
809.93	-0.35828	-0.38564	-0.40989	-0.54032	-0.67336	-0.78827	-1.353	-2.3628	-2.9001	-3.2007	-4.977	-6.9432	-10.821	-16.372	-14.535	-11.742	-6.3209	-1.5504	-0.30629	0.84791	1.0065	0.94294	0.79261	0.68008	0.54936	0.48182	0.38586	0.26731	0.084847	0.0029361	24.403
795.69	-0.38421	-0.41348	-0.47596	-0.56324	-0.57498	-0.71882	-1.5467	-3.0328	-3.3936	-3.5212	-4.5539	-6.3188	-10.785	-15.972	-14.526	-11.671	-6.3561	-1.5576	-0.27859	0.91625	1.0713	1.0035	0.84085	0.70574	0.59066	0.49233	0.39649	0.25361	0.054452	-0.023157	24.774
781.43	-0.42202	-0.48498	-0.54641	-0.54847	-0.54222	-0.67626	-1.706	-3.6274	-3.6032	-4.2143	-4.8869	-6.4951	-9.7418	-14.638	-13.461	-11.414	-6.177	-1.4746	-0.22922	0.94216	1.0976	1.0259	0.87353	0.74018	0.59869	0.50803	0.39142	0.2663	0.052489	-0.04735	25.123
768.56	-0.49577	-0.55247	-0.59045	-0.49889	-0.5403	-0.70468	-2.3737	-3.9084	-4.1208	-4.4001	-5.5764	-6.6969	-7.9698	-10.014	-10.95	-9.5186	-5.3614	-1.1565	-0.046954	1.0254	1.1733	1.0791	0.90775	0.76653	0.61802	0.53214	0.41145	0.27441	0.016322	-0.05491	25.521
754.17	-0.5567	-0.62639	-0.556	-0.48944	-0.5282	-0.7388	-2.7938	-4.2796	-4.2867	-5.1569	-5.4238	-5.1394	-4.7642	-6.1048	-7.5609	-7.3192	-4.2467	-0.80741	0.13694	1.0767	1.1826	1.1102	0.92507	0.79842	0.64213	0.53831	0.43499	0.27128	0.0084691	-0.075661	25.861
737.63	-0.60076	-0.64633	-0.529	-0.43102	-0.50453	-0.98238	-3.6563	-3.8376	-4.0368	-4.6283	-4.7051	-4.3285	-4.6435	-3.9766	-6.0421	-6.1527	-3.7167	-0.57513	0.25736	1.1366	1.2194	1.1447	0.96622	0.8184	0.67108	0.55038	0.43773	0.27357	0.012832	-0.096497	26.221
722.15	-0.56096	-0.6321	-0.50534	-0.39544	-0.59492	-1.5581	-4.0912	-4.2678	-4.2442	-4.3371	-3.6536	-3.4533	-3.9087	-3.5279	-5.2237	-5.1574	-3.2532	-0.40787	0.36952	1.1808	1.2519	1.1583	0.96609	0.82746	0.66764	0.54558	0.43277	0.25129	-0.010336	-0.10679	26.515
711.29	-0.57498	-0.5715	-0.44628	-0.49779	-0.97821	-2.2847	-4.3392	-4.2942	-3.7453	-3.4861	-3.2438	-3.5619	-2.9068	-3.0078	-4.6425	-4.7089	-2.8322	-0.24447	0.47314	1.1753	1.2571	1.1415	0.93745	0.82179	0.65471	0.54021	0.39985	0.24134	-0.023475	-0.12827	26.76
702.03	-0.51288	-0.50579	-0.42269	-0.57297	-1.3931	-3.0889	-4.6389	-3.9918	-3.3879	-3.3714	-2.8632	-2.7941	-2.8039	-2.8967	-3.8344	-3.9752	-2.3904	-0.068797	0.57863	1.242	1.2943	1.1611	0.97233	0.82935	0.65417	0.5484	0.42936	0.2575	0.0014272	-0.10774	27.09
694.06	-0.46507	-0.4615	-0.48715	-0.7509	-1.9022	-3.7346	-4.6828	-3.6966	-3.1572	-3.0039	-2.6514	-2.3112	-2.2756	-2.2764	-3.4862	-3.4574	-2.1419	0.062871	0.65397	1.2953	1.3135	1.1949	0.99542	0.819	0.67198	0.54174	0.41297	0.24935	-0.011862	-0.11433	27.318
686.09	-0.45124	-0.44892	-0.58884	-1.1129	-2.5573	-4.1871	-4.6027	-3.3085	-2.7323	-2.581	-2.3109	-2.3265	-2.0909	-1.7408	-3.4907	-3.044	-1.9982	0.13299	0.68188	1.2836	1.3188	1.203	0.99821	0.83187	0.67562	0.55568	0.45336	0.25122	-0.01873	-0.12107	27.492
679.74	-0.50686	-0.5277	-0.80624	-1.6117	-3.1307	-4.2553	-4.303	-2.9573	-2.6186	-2.5814	-2.0202	-2.1379	-2.2002	-1.9573	-3.1957	-2.9316	-1.7532	0.20065	0.74653	1.3015	1.3177	1.191	0.98761	0.8171	0.6651	0.53111	0.41189	0.24429	-0.020039	-0.11346	27.659
676.5	-0.57126	-0.63729	-1.0241	-2.2558	-3.6227	-4.4176	-4.138	-2.822	-2.2418	-2.3794	-1.7914	-1.925	-2.143	-1.7208	-2.8209	-2.6978	-1.5871	0.28412	0.79238	1.316	1.3117	1.1803	0.9901	0.83233	0.64925	0.51703	0.38761	0.22578	-0.039471	-0.15683	27.783
671.11	-0.66147	-0.78378	-1.328	-2.6542	-4.0711	-4.5007	-3.7081	-2.4303	-2.1826	-2.1585	-1.7172	-1.8221	-2.3762	-1.8811	-2.4257	-2.7195	-1.4264	0.34511	0.8217	1.317	1.312	1.1792	0.9745	0.80363	0.64061	0.52007	0.383	0.18061	-0.091387	-0.18134	27.909
662.7	-0.77531	-0.95657	-1.7379	-3.1092	-4.2197	-4.4365	-3.1359	-2.2577	-2.0976	-1.8334	-1.4443	-1.6055	-1.7733	-1.3802	-2.0458	-2.2723	-1.2098	0.42257	0.91293	1.3506	1.3241	1.1739	0.94371	0.7699	0.5991	0.45655	0.33205	0.14272	-0.14712	-0.2554	28.001
652.24	-0.9318	-1.1007	-2.1769	-3.5988	-4.356	-4.2597	-2.7085	-2.2457	-2.1017	-1.8258	-1.2722	-1.3633	-1.7082	-1.4023	-1.8763	-2.2109	-1.1164	0.47969	0.94107	1.3429	1.3151	1.1576	0.94846	0.75759	0.55716	0.42251	0.28066	0.075182	-0.23679	-0.36544	28.027
645.01	-1.1553	-1.4612	-2.5493	-3.9146	-4.3289	-3.8952	-2.3017	-2.1711	-1.9211	-1.7713	-1.4444	-1.5756	-1.2899	-1.4767	-1.9996	-2.2481	-1.0197	0.53342	0.95162	1.3307	1.2933	1.1117	0.88907	0.69244	0.49466	0.36218	0.21614	-0.029352	-0.37307	-0.51698	28.057
638.2	-1.3599	-1.7116	-2.8766	-4.0424	-4.1764	-3.5431	-1.9872	-1.8918	-1.7109	-1.664	-1.1804	-1.6049	-1.8892	-1.3739	-1.8529	-2.0595	-0.8673	0.61499	0.9905	1.3349	1.2393	1.0876	0.85137	0.6422	0.43045	0.29323	0.1118	-0.13397	-0.51089	-0.69945	28.119
630.1	-1.6706	-1.8486	-3.085	-3.9654	-3.8144	-2.9438	-1.8513	-1.7082	-1.5134	-1.4553	-1.1686	-1.1464	-1.2841	-1.0676	-1.5102	-1.554	-0.67905	0.73493	1.0603	1.3369	1.2564	1.0577	0.82051	0.60304	0.37923	0.21255	0.024	-0.26358	-0.75682	-0.9372	28.11
621.35	-1.9553	-2.1194	-3.1248	-3.8092	-3.3174	-2.3987	-1.6406	-1.5793	-1.2835	-1.048	-0.91178	-0.99641	-1.1671	-1.0705	-1.6908	-1.5374	-0.48517	0.80209	1.1201	1.303	1.2167	0.99115	0.72909	0.48207	0.24183	0.053916	-0.14354	-0.49509	-1.092	-1.345	28.118
619.08	-3.159	-2.5612	-2.9877	-3.4329	-2.7945	-1.7817	-1.4637	-1.3958	-1.0324	-0.99976	-0.70937	-0.9359	-0.6909	-0.76911	-1.4705	-1.2079	-0.28401	0.88988	1.1692	1.2885	1.1672	0.9156	0.63328	0.38113	0.097143	-0.092366	-0.34841	-0.78213	-1.6354	-2.0484	28.104
625.35	-6.4388	-4.9017	-2.6478	-2.976	-2.2503	-1.3885	-1.1861	-1.1503	-0.86001	-1.2087	-0.743	-0.96463	-0.65959	-0.85811	-1.1392	-0.99155	-0.056966	0.96235	1.1985	1.2692	1.1178	0.87607	0.59203	0.3283	0.035549	-0.15496	-0.43128	-0.90539	-2.0288	-2.7087	28.115
635.83	-8.7384	-7.516	-2.6018	-2.3291	-1.7388	-1.1151	-1.0168	-0.90478	-0.70622	-0.84674	-0.7174	-0.41153	-0.73269	-0.5705	-0.93888	-0.81204	0.12832	1.0343	1.2295	1.2759	1.0982	0.86412	0.5799	0.32891	0.082209	-0.1359	-0.37764	-0.87504	-2.0801	-2.823	28.113
647.27	-8.6619	-8.5692	-2.7819	-1.8344	-1.3517	-1.013	-0.93086	-0.79173	-0.60001	-0.39622	-0.44234	-0.40425	-0.814	-0.46696	-0.93501	-0.44015	0.22666	1.0807	1.2577	1.2373	1.0917	0.83785	0.59291	0.35032	0.10617	-0.07445	-0.3241	-0.79787	-1.9458	-2.6709	28.165
660.98	-7.7622	-7.996	-3.1252	-1.695	-1.1038	-0.98454	-0.89846	-0.79618	-0.64801	-0.42456	-0.48458	-0.54008	-0.68173	-0.48016	-0.61615	-0.44309	0.2463	1.0881	1.2283	1.2092	1.0541	0.80971	0.56923	0.33494	0.10072	-0.081977	-0.32633	-0.77072	-1.8508	-2.457	28.107
681.57	-6.2324	-6.7725	-3.2298	-1.4792	-1.1064	-1.0849	-0.9401	-0.79123	-0.72938	-1.0026	-0.54467	-0.74519	-0.99686	-0.72079	-1.13	-0.68729	0.21301	0.97811	1.1384	1.12	0.94762	0.74348	0.50344	0.27649	0.050457	-0.12569	-0.35446	-0.77623	-1.7136	-2.2563	28.085
704.94	-5.0301	-5.4076	-3.0086	-1.4579	-1.1165	-1.1001	-0.99079	-0.87151	-0.77656	-1.0151	-0.75549	-0.81065	-1.0504	-0.79341	-1.1276	-0.6645	0.13857	0.93288	1.0466	1.0353	0.87204	0.64817	0.41734	0.20755	-0.0080348	-0.15554	-0.3616	-0.72962	-1.5301	-1.9707	28.118
727.96	-3.8982	-4.0984	-2.5125	-1.4294	-1.1763	-1.1386	-1.0001	-0.94498	-0.91664	-0.91662	-0.82493	-0.90504	-1.101	-0.88256	-1.3639	-0.75312	0.074198	0.85151	0.99836	0.973	0.81421	0.62876	0.38863	0.20836	0.0069587	-0.14547	-0.32476	-0.66131	-1.3179	-1.64	28.116
749.99	-2.9835	-3.2383	-2.216	-1.4446	-1.2105	-1.1555	-1.0034	-1.0347	-1.0397	-0.97562	-0.95919	-0.82551	-1.2517	-0.86673	-1.3128	-0.69909	-0.012766	0.8057	0.9573	0.94548	0.80953	0.61451	0.41034	0.21143	0.038223	-0.10523	-0.25801	-0.52603	-1.0955	-1.3461	28.092
774.24	-2.1258	-2.2079	-1.6568	-1.3469	-1.1857	-1.2073	-1.08	-1.1834	-1.2049	-1.3508	-1.0388	-1.1382	-1.4194	-1.1423	-1.6445	-0.98639	-0.12814	0.73063	0.89794	0.90246	0.7675	0.60751	0.39165	0.22757	0.070284	-0.048689	-0.18973	-0.41724	-0.83359	-1.0372	27.969
803.08	-1.2441	-1.4026	-1.1918	-1.2376	-1.08	-1.2059	-1.1715	-1.305	-1.3505	-1.3524	-1.3716	-1.3941	-1.3114	-1.3837	-1.8011	-1.2988	-0.24469	0.68089	0.85839	0.89888	0.78249	0.60145	0.43476	0.28713	0.12654	0.01372	-0.11475	-0.30104	-0.61777	-0.75291	27.815
831.98	-0.91341	-1.0161	-1.085	-1.0281	-1.0008	-1.2005	-1.2833	-1.3987	-1.3658	-1.4604	-1.4566	-1.3552	-1.6326	-1.3901	-1.7683	-1.3592	-0.30525	0.65724	0.84708	0.92137	0.79638	0.62903	0.45946	0.31675	0.1806	0.079002	-0.02006	-0.19625	-0.41317	-0.51511	27.633
858.71	-0.70052	-0.84197	-0.8434	-0.95318	-1.0563	-1.253	-1.3853	-1.4336	-1.4379	-1.4243	-1.3421	-1.3685	-1.5995	-1.3469	-1.7997	-1.3355	-0.35374	0.62913	0.84378	0.91407	0.81316	0.66378	0.48111	0.34079	0.21496	0.10622	0.027949	-0.11752	-0.33668	-0.42293	27.446
879.74	-0.56462	-0.45219	-0.68477	-0.93125	-1.2183	-1.3919	-1.4317	-1.5047	-1.4952	-1.5184	-1.3486	-1.6157	-1.4312	-1.478	-1.7004	-1.4577	-0.43846	0.60196	0.82277	0.91217	0.82651	0.66768	0.49613	0.3727	0.23665	0.15224	0.078578	-0.027096	-0.2053	-0.26925	27.262
899.8	-0.39153	-0.3922	-0.69505	-1.0092	-1.3527	-1.4877	-1.5177	-1.5597	-1.5556	-1.6368	-1.5167	-1.5885	-1.6451	-1.529	-1.8275	-1.5317	-0.49851	0.56665	0.79384	0.9211	0.82244	0.67126	0.50096	0.37972	0.25761	0.16967	0.084226	-0.020261	-0.16822	-0.19801	27.002
915.57	-0.37206	-0.40523	-0.67304	-1.1735	-1.4143	-1.5795	-1.5577	-1.5814	-1.5603	-1.6966	-1.5648	-1.5612	-1.8584	-1.4366	-1.9402	-1.6622	-0.53427	0.52461	0.77536	0.88519	0.80164	0.66401	0.47507	0.35393	0.23286	0.15447	0.076311	-0.022975	-0.14347	-0.18811	26.79
927.39	-0.3355	-0.38756	-0.76276	-1.2917	-1.491	-1.616	-1.5806	-1.5654	-1.5316	-1.423	-1.435	-1.5413	-1.6044	-1.5732	-1.6575	-1.6066	-0.52746	0.53828	0.76784	0.89369	0.80616	0.6726	0.49661	0.38329	0.25612	0.17593	0.097674	0.023409	-0.098495	-0.15286	26.571
927.18	-0.39672	-0.52826	-0.90919	-1.4016	-1.5469	-1.581	-1.6066	-1.5253	-1.4897	-1.4842	-1.3803	-1.4302	-1.4649	-1.5165	-1.649	-1.5209	-0.52428	0.52867	0.77277	0.89993	0.82108	0.66422	0.50403	0.38338	0.26543	0.18729	0.11924	0.0052747	-0.098518	-0.15771	26.27
917.17	-0.41798	-0.53955	-1.0461	-1.5449	-1.6136	-1.5991	-1.5613	-1.5302	-1.4591	-1.5004	-1.488	-1.5758	-1.5059	-1.5495	-1.6221	-1.5375	-0.49575	0.57382	0.8036	0.93759	0.84247	0.70079	0.5243	0.39174	0.27769	0.19505	0.13506	0.025197	-0.092042	-0.15052	25.916
903.53	-0.51022	-0.65591	-1.1992	-1.6865	-1.7015	-1.6433	-1.5186	-1.4838	-1.4214	-1.3358	-1.5011	-1.5028	-1.4526	-1.4641	-1.4183	-1.5695	-0.44049	0.61155	0.82466	0.9491	0.86191	0.68249	0.53389	0.3985	0.27871	0.20795	0.11172	0.036435	-0.095985	-0.17417	25.552
892.76	-0.59205	-0.68979	-1.3115	-1.8156	-1.7571	-1.5766	-1.5046	-1.433	-1.3913	-1.3158	-1.2719	-1.4231	-1.4018	-1.2532	-1.4632	-1.4097	-0.36857	0.63732	0.86254	0.94445	0.85359	0.69338	0.51503	0.39129	0.27567	0.19115	0.10644	0.018038	-0.11352	-0.18958	25.174
885.4	-0.61275	-0.67834	-1.4583	-1.8894	-1.6533	-1.5703	-1.3623	-1.3844	-1.2867	-1.1994	-1.1386	-1.2824	-1.112	-1.2636	-1.2983	-1.142	-0.27386	0.67599	0.89539	0.97574	0.87184	0.70003	0.53206	0.38416	0.26826	0.1902	0.10732	0.0039417	-0.13272	-0.20375	24.82
876.43	-0.6456	-0.80759	-1.5606	-1.931	-1.7493	-1.5442	-1.2717	-1.2246	-1.164	-1.1749	-0.98551	-1.0327	-1.1059	-1.104	-1.2928	-1.1355	-0.19886	0.71849	0.90371	0.97935	0.84696	0.67652	0.49285	0.33302	0.22857	0.14511	0.054395	-0.04079	-0.21046	-0.26348	24.343
865.76	-0.86163	-0.98653	-1.7161	-1.9496	-1.7084	-1.4684	-1.2124	-1.1114	-1.0339	-1.1336	-0.9094	-0.96284	-1.146	-1.0565	-1.2135	-0.99275	-0.10398	0.75674	0.92587	0.96285	0.83899	0.6465	0.46502	0.31235	0.19008	0.092368	0.0072108	-0.12951	-0.31528	-0.39031	23.928
853.47	-1.1342	-1.0788	-1.7211	-1.8957	-1.6508	-1.4665	-1.1885	-1.0196	-0.937	-1.0461	-1.1016	-0.8371	-1.2787	-0.96537	-1.3469	-0.92288	-0.010323	0.79841	0.94951	0.93744	0.79412	0.60485	0.41967	0.25761	0.10985	0.00061573	-0.079366	-0.23729	-0.53801	-0.68844	23.509
844.81	-2.1945	-1.5365	-1.7043	-1.8064	-1.5367	-1.3882	-1.1136	-0.98566	-0.85465	-0.79937	-0.68065	-0.75165	-0.76812	-0.76944	-0.94093	-0.64896	0.13195	0.83769	0.97748	0.91304	0.76361	0.568	0.36517	0.19858	0.055098	-0.052607	-0.15899	-0.33428	-0.71113	-0.9479	23.064
837.12	-2.7499	-2.3484	-1.4426	-1.8266	-1.5943	-1.2981	-1.0601	-0.95354	-0.72553	-0.69126	-0.43333	-0.63521	-0.69318	-0.54169	-0.96927	-0.3308	0.27227	0.87873	0.98734	0.90809	0.72437	0.53638	0.31457	0.15648	0.0094671	-0.11128	-0.22232	-0.42859	-0.86659	-1.1412	22.576
825.03	-3.1798	-2.2563	-1.4619	-1.5988	-1.5091	-1.2375	-1.0336	-0.93873	-0.70477	-0.67209	-0.57346	-0.5771	-0.78654	-0.56796	-0.72357	-0.32596	0.3654	0.90951	0.97336	0.86722	0.67792	0.48674	0.27174	0.11977	-0.04241	-0.16651	-0.28565	-0.50281	-1.0024	-1.3174	22.127
802.44	-3.3081	-2.763	-1.4191	-1.6082	-1.4736	-1.2672	-1.0133	-0.86777	-0.65455	-0.7412	-0.64255	-0.50427	-0.71363	-0.62164	-0.87756	-0.3252	0.4196	0.91466	0.94866	0.83893	0.64212	0.42062	0.21373	0.062039	-0.074803	-0.20015	-0.32412	-0.55452	-1.0786	-1.3998	21.707
770.7	-2.9022	-2.656	-1.5729	-1.4712	-1.326	-1.231	-0.98953	-0.82597	-0.69398	-0.6672	-0.64694	-0.62808	-0.65394	-0.62762	-0.91369	-0.16256	0.47863	0.95019	0.98106	0.80927	0.62914	0.40819	0.20592	0.018868	-0.13913	-0.26188	-0.37778	-0.61463	-1.118	-1.4179	21.271
739.35	-2.7533	-2.2925	-1.4065	-1.3504	-1.2474	-1.0956	-0.91248	-0.83716	-0.7114	-0.70638	-0.65141	-0.72994	-0.76421	-0.74626	-0.74048	-0.18024	0.52276	0.9816	0.99885	0.80689	0.60447	0.36347	0.15561	-0.012454	-0.16825	-0.27399	-0.41482	-0.63879	-1.1196	-1.4077	20.836
714.08	-2.3767	-2.1596	-1.3457	-1.2759	-1.1945	-1.0481	-0.8983	-0.86249	-0.83395	-0.69755	-0.68637	-0.80026	-0.56695	-0.8997	-0.95146	-0.08605	0.56164	0.99449	1.0034	0.8008	0.58013	0.34533	0.12738	-0.030061	-0.18422	-0.29418	-0.41395	-0.62411	-1.0536	-1.2827	20.446
694.82	-1.8994	-1.8526	-1.2816	-1.0686	-1.1121	-1.0228	-0.90972	-0.90846	-0.83791	-1.0299	-0.81538	-0.81103	-1.1096	-0.93555	-0.98973	-0.20329	0.58052	1.0185	1.0133	0.79199	0.55578	0.33783	0.119	-0.058459	-0.19242	-0.29263	-0.41478	-0.6041	-0.97983	-1.1397	20.045
676.29	-1.6266	-1.5714	-1.1049	-1.0678	-1.0688	-1.0472	-0.9901	-0.94015	-1.0086	-1.0105	-1.0637	-1.1034	-1.0046	-1.1512	-0.98026	-0.055433	0.56471	1.0392	1.0323	0.80189	0.56203	0.31552	0.11558	-0.044202	-0.19769	-0.28846	-0.39333	-0.58439	-0.89062	-1.0721	19.736
666.15	-1.1653	-1.0408	-0.96183	-0.91796	-1.061	-1.0434	-0.94129	-1.0108	-1.1061	-0.90492	-0.95243	-1.144	-0.99704	-1.1801	-1.1314	-0.10421	0.571	1.0389	1.0513	0.79253	0.58426	0.33338	0.12977	-0.040272	-0.15345	-0.26472	-0.36933	-0.51334	-0.74244	-0.85079	19.423
667.56	-0.87436	-0.80965	-0.88177	-0.89912	-1.0132	-1.008	-0.93499	-1.1487	-1.1015	-0.92716	-0.97588	-1.1892	-1.0292	-1.2116	-0.96837	-0.0801	0.5698	1.0417	1.0557	0.80163	0.5762	0.33978	0.13401	-0.01494	-0.13599	-0.22712	-0.31868	-0.44928	-0.6256	-0.68205	19.029
681.14	-0.77941	-0.78819	-0.84957	-0.84693	-0.88257	-0.9554	-0.9894	-1.2011	-1.0883	-1.157	-1.1185	-1.1772	-1.2103	-1.2651	-1.0338	-0.09019	0.58093	1.0342	1.0401	0.7997	0.55914	0.32953	0.13133	-0.013518	-0.12698	-0.22479	-0.2906	-0.37654	-0.54647	-0.57137	18.737
701.17	-0.80476	-0.7791	-0.79252	-0.72397	-0.71876	-0.89883	-1.1113	-1.1876	-1.0646	-1.0895	-1.0865	-1.0982	-1.1104	-1.0888	-1.1454	-0.12176	0.60149	1.0444	1.0386	0.80303	0.56482	0.36071	0.16301	0.013091	-0.074384	-0.17348	-0.22638	-0.31581	-0.48476	-0.52855	18.436
724.52	-0.61485	-0.64803	-0.67604	-0.66428	-0.75508	-0.8778	-1.1711	-1.0901	-1.0537	-1.1433	-0.96948	-1.1177	-1.1483	-1.1268	-1.1768	0.13551	0.58528	1.0198	1.0294	0.78927	0.58121	0.36218	0.16295	0.022186	-0.059152	-0.1441	-0.21194	-0.29596	-0.43834	-0.4623	18.058
754.07	-0.55472	-0.48625	-0.60587	-0.62826	-0.76023	-0.97838	-1.1414	-1.0352	-1.0213	-1.0131	-0.93149	-0.95799	-0.98193	-1.0124	-0.96665	-0.11322	0.59993	0.98095	0.99103	0.76363	0.53729	0.3354	0.17253	0.03046	-0.062526	-0.12453	-0.19088	-0.27136	-0.38443	-0.41364	17.756
788.83	-0.46137	-0.44646	-0.55392	-0.61871	-0.81992	-1.0477	-1.0043	-1.0177	-0.94063	-0.96844	-0.86891	-0.94597	-1.0063	-0.89114	-0.80904	0.073867	0.58127	0.93356	0.92225	0.69862	0.48184	0.28855	0.12772	0.016491	-0.070651	-0.1314	-0.18622	-0.24163	-0.32749	-0.36244	17.384
826.1	-0.41706	-0.45964	-0.5484	-0.70014	-0.92306	-1.0332	-0.97731	-0.96255	-0.89909	-0.82724	-0.89138	-1.0091	-0.88708	-1.0065	-0.8624	0.080189	0.57173	0.86859	0.85578	0.62459	0.42609	0.26117	0.089151	-0.013929	-0.088243	-0.14724	-0.18498	-0.21801	-0.30619	-0.3254	17.046
856.46	-0.42131	-0.46871	-0.54685	-0.77814	-0.94756	-0.98504	-0.92076	-0.89265	-0.81798	-0.90136	-0.7408	-0.88056	-0.89125	-1.0503	-0.92813	0.15188	0.56757	0.85217	0.83143	0.62202	0.43847	0.24914	0.10093	0.00356	-0.073423	-0.1289	-0.16201	-0.21764	-0.26838	-0.28177	16.721
878.14	-0.36493	-0.406	-0.58395	-0.80694	-0.90011	-0.89997	-0.86764	-0.82611	-0.7683	-0.6773	-0.73219	-0.69598	-0.69553	-0.91242	-0.59527	0.23901	0.58234	0.85263	0.8343	0.60757	0.41641	0.2484	0.091581	0.0026002	-0.074054	-0.11035	-0.15296	-0.20349	-0.23634	-0.24266	16.356
893.61	-0.34992	-0.38276	-0.63385	-0.85951	-0.87034	-0.86602	-0.77352	-0.78095	-0.70864	-0.71966	-0.59598	-0.7995	-0.71765	-0.82894	-0.57574	0.10092	0.60227	0.83879	0.80918	0.59348	0.3973	0.23171	0.097579	-0.0017307	-0.068771	-0.11347	-0.15279	-0.18272	-0.23483	-0.24345	16.053
906.83	-0.34825	-0.40514	-0.6677	-0.85943	-0.83343	-0.79546	-0.71294	-0.72817	-0.66812	-0.72694	-0.67157	-0.63017	-0.73242	-0.97527	-0.6219	0.17865	0.61123	0.82566	0.79658	0.57515	0.38565	0.23269	0.089515	-0.010154	-0.059092	-0.1143	-0.14322	-0.17078	-0.22293	-0.24809	15.661
911.09	-0.42247	-0.46922	-0.67214	-0.82897	-0.7609	-0.76111	-0.66685	-0.66422	-0.64794	-0.63513	-0.56592	-0.79287	-0.71224	-0.87943	-0.58279	0.15155	0.63444	0.83711	0.80412	0.56808	0.38551	0.22032	0.08414	-0.00085711	-0.05646	-0.10801	-0.12956	-0.15383	-0.22948	-0.25183	15.315
900.22	-0.47156	-0.52075	-0.6726	-0.77209	-0.75789	-0.69097	-0.65408	-0.64586	-0.60892	-0.66963	-0.63876	-0.74949	-0.78015	-0.98243	-0.44325	0.19768	0.67784	0.84722	0.79998	0.55632	0.37751	0.2142	0.079301	0.0042391	-0.059526	-0.094324	-0.1303	-0.17126	-0.24508	-0.29448	14.999
876.65	-0.53118	-0.58102	-0.66971	-0.7422	-0.7108	-0.66555	-0.62148	-0.60118	-0.54513	-0.62334	-0.41379	-0.37097	-0.61842	-0.72425	-0.40812	0.40329	0.71705	0.86532	0.8215	0.56582	0.36254	0.21184	0.077141	-0.012252	-0.077445	-0.13191	-0.16588	-0.19745	-0.3175	-0.35749	14.624
849.3	-0.57937	-0.6236	-0.71382	-0.759	-0.6909	-0.65411	-0.62026	-0.58265	-0.59055	-0.52011	-0.49709	-0.60738	-0.57547	-0.84548	-0.37271	0.41628	0.75366	0.86515	0.80562	0.5333	0.33935	0.17304	0.030879	-0.069475	-0.12373	-0.16263	-0.20083	-0.2632	-0.37303	-0.41012	14.296
824.6	-0.61744	-0.63525	-0.72964	-0.70232	-0.66344	-0.66176	-0.55138	-0.60475	-0.56518	-0.5943	-0.75915	-0.68337	-0.74069	-0.95333	-0.46388	0.361	0.78274	0.87315	0.79863	0.51734	0.30255	0.1485	0.022675	-0.090138	-0.14218	-0.18841	-0.24005	-0.28724	-0.38607	-0.43142	14.005
798.04	-0.58058	-0.61283	-0.67327	-0.67382	-0.65693	-0.59841	-0.5643	-0.55575	-0.533	-0.57369	-0.51837	-0.73597	-0.68889	-0.92821	-0.39665	0.45301	0.83759	0.91044	0.8491	0.53555	0.32498	0.16037	0.028145	-0.079698	-0.13078	-0.19468	-0.23042	-0.26957	-0.39603	-0.4225	13.741
767.7	-0.55296	-0.57007	-0.75577	-0.64554	-0.58934	-0.59106	-0.52836	-0.55177	-0.49721	-0.44947	-0.39506	-0.66158	-0.6565	-0.85657	-0.2834	0.55407	0.89465	0.95284	0.87215	0.54633	0.33585	0.16671	0.035143	-0.059895	-0.10614	-0.17113	-0.18364	-0.24463	-0.35855	-0.37532	13.513
735.81	-0.48723	-0.54655	-0.68962	-0.62135	-0.51612	-0.55086	-0.52382	-0.5153	-0.52681	-0.58937	-0.36605	-0.75504	-0.69534	-0.94507	-0.19481	0.70825	0.95217	1.0031	0.91294	0.57326	0.36486	0.15997	0.01109	-0.07082	-0.13504	-0.18466	-0.20869	-0.27238	-0.37409	-0.4239	13.251
711.93	-0.54829	-0.53843	-0.6471	-0.62632	-0.52631	-0.56242	-0.4806	-0.54442	-0.48316	-0.5639	-0.53338	-1.0928	-0.8365	-1.2529	-0.4562	0.66473	0.99055	1.0332	0.91986	0.58352	0.35683	0.17644	0.04424	-0.061358	-0.10541	-0.16559	-0.20633	-0.26281	-0.37259	-0.41515	13.013
695.68	-0.50082	-0.51977	-0.63028	-0.59984	-0.55439	-0.51774	-0.45969	-0.5208	-0.43809	-0.6581	-0.60686	-0.96986	-1.3494	-1.3691	-0.45501	0.53113	1.0093	1.0479	0.94452	0.57421	0.36298	0.16692	0.03337	-0.062792	-0.11507	-0.16515	-0.1867	-0.25485	-0.35806	-0.39495	12.83
681.57	-0.52828	-0.52522	-0.60287	-0.57582	-0.52868	-0.47908	-0.42582	-0.44616	-0.43631	-0.39992	-0.64433	-1.3046	-1.5004	-1.5527	-0.44022	0.74118	1.0201	1.0937	0.9716	0.57673	0.36604	0.17386	0.032959	-0.047232	-0.1122	-0.14988	-0.17536	-0.2447	-0.31354	-0.3726	12.605
666.15	-0.49622	-0.47758	-0.55356	-0.55072	-0.52696	-0.46799	-0.40319	-0.44383	-0.32868	-0.49382	-0.79948	-1.3348	-1.7298	-1.5886	-0.33899	0.74636	1.0586	1.1092	1.0051	0.63559	0.38705	0.2123	0.050671	-0.021871	-0.073999	-0.11059	-0.15166	-0.2125	-0.29538	-0.32769	12.456
651.81	-0.47021	-0.46364	-0.54459	-0.50972	-0.48282	-0.4254	-0.34789	-0.37132	-0.22809	-0.43054	-1.234	-1.2911	-1.7913	-1.902	-0.46032	0.71379	1.0772	1.1827	1.0385	0.66183	0.42469	0.21091	0.086432	-0.0070762	-0.089894	-0.10153	-0.15954	-0.22148	-0.28063	-0.3349	12.333
645.55	-0.45071	-0.44009	-0.4941	-0.48668	-0.45477	-0.35959	-0.38478	-0.2966	-0.26812	-0.59693	-1.3512	-1.5866	-2.0804	-2.061	-1.0014	0.41167	1.0604	1.1738	1.0565	0.67195	0.43117	0.23623	0.090764	-0.01545	-0.053094	-0.10484	-0.129	-0.18346	-0.27382	-0.31513	12.256
643.6	-0.4762	-0.42679	-0.45393	-0.44253	-0.35768	-0.34664	-0.26716	-0.2594	-0.34825	-0.88659	-1.5004	-1.7642	-2.2407	-2.2904	-0.92753	0.36331	1.0767	1.1786	1.0745	0.70622	0.44663	0.2394	0.1039	0.021404	-0.04103	-0.064394	-0.12364	-0.18402	-0.26986	-0.31955	12.193
644.68	-0.46697	-0.4126	-0.40088	-0.35539	-0.29679	-0.27986	-0.17945	-0.25065	-0.46242	-1.135	-1.4451	-1.9091	-2.4618	-2.4038	-0.91317	0.56077	1.0523	1.2009	1.1091	0.71742	0.48475	0.27825	0.12241	0.021369	-0.015443	-0.0701	-0.11769	-0.16197	-0.2527	-0.29942	12.193
646.84	-0.38259	-0.3474	-0.31426	-0.25296	-0.2331	-0.17487	-0.1454	-0.22731	-0.51577	-1.2059	-1.506	-2.0378	-2.4182	-2.4075	-0.96112	0.52189	1.0215	1.2007	1.0861	0.71009	0.45965	0.27732	0.10804	0.029588	-0.040825	-0.059437	-0.10701	-0.1506	-0.26018	-0.28693	12.176
655.8	-0.35487	-0.34928	-0.27493	-0.25869	-0.18095	-0.13493	-0.16761	-0.33986	-0.58995	-1.1526	-1.7962	-2.1432	-2.6759	-2.6282	-1.3001	0.33223	0.95385	1.168	1.0858	0.71013	0.45569	0.24459	0.1146	0.0023142	-0.043537	-0.082624	-0.12923	-0.14961	-0.23668	-0.28641	12.182
671.98	-0.31975	-0.28913	-0.24893	-0.18637	-0.11624	-0.12679	-0.19577	-0.40578	-0.68364	-1.4365	-1.7908	-2.1862	-2.8499	-2.7562	-1.232	0.051081	0.91036	1.124	1.0761	0.69184	0.44811	0.27283	0.10848	0.011381	-0.018009	-0.071713	-0.11511	-0.14705	-0.21724	-0.25851	12.199
691.8	-0.24885	-0.23059	-0.1831	-0.14839	-0.094586	-0.14096	-0.20163	-0.45727	-0.725	-1.3953	-1.8254	-2.3647	-2.6028	-2.863	-1.3755	0.061146	0.84551	1.0894	1.0145	0.67894	0.43966	0.27301	0.13039	0.045382	-0.020595	-0.031741	-0.067971	-0.1165	-0.18321	-0.18773	12.2
711.93	-0.17747	-0.15286	-0.12089	-0.068069	-0.10141	-0.1462	-0.24354	-0.49922	-0.75334	-1.288	-1.7261	-2.2755	-2.7649	-2.867	-1.4525	0.1379	0.80654	1.0771	1.026	0.70233	0.46349	0.2864	0.13728	0.073156	0.025197	-0.015054	-0.042147	-0.07679	-0.12182	-0.1459	12.22
731.72	-0.11324	-0.079441	-0.044328	-0.053882	-0.13331	-0.1299	-0.23597	-0.51818	-0.80071	-1.4733	-1.7955	-2.2248	-2.9716	-2.7792	-1.5823	0.14505	0.74285	1.0692	1.0053	0.68225	0.47171	0.27973	0.13768	0.083741	0.021583	-0.0095244	-0.037974	-0.072799	-0.1059	-0.12165	12.215
753.96	-0.06459	-0.052123	-0.043022	-0.12118	-0.12938	-0.17506	-0.27588	-0.56488	-0.84382	-1.4619	-1.9002	-2.4858	-2.975	-3.008	-1.6778	-0.039144	0.67419	1.029	0.97949	0.67695	0.49204	0.28197	0.1506	0.087366	0.021896	-0.00825	-0.03293	-0.05671	-0.068076	-0.082581	12.265
777.78	-0.031666	-0.0095532	-0.041704	-0.15037	-0.1743	-0.2003	-0.32029	-0.5988	-0.87504	-1.5103	-1.8747	-2.4812	-2.9917	-3.0714	-1.7749	-0.15082	0.63286	0.98903	0.96081	0.67057	0.47209	0.28858	0.16147	0.096511	0.071802	0.028619	0.012785	-0.0072252	-0.038288	-0.036109	12.354
801.47	0.007054	0.0051868	-0.062456	-0.12808	-0.15333	-0.20975	-0.35041	-0.63845	-0.88887	-1.4356	-1.8299	-2.4871	-2.7891	-3.1033	-1.7842	-0.10652	0.57879	0.97721	0.95529	0.68461	0.47803	0.32149	0.1905	0.12329	0.074143	0.049281	0.033638	0.017468	0.0012502	0.010383	12.441
822.89	0.011588	0.0059332	-0.11483	-0.13664	-0.16988	-0.19332	-0.38249	-0.64046	-0.88642	-1.545	-1.8132	-2.432	-2.8833	-3.1603	-1.8279	-0.22983	0.51904	0.93981	0.93221	0.67552	0.49143	0.32849	0.18555	0.14429	0.10263	0.072588	0.051641	0.03745	0.052652	0.04623	12.533
845.99	0.02504	-0.0036442	-0.09992	-0.12846	-0.14826	-0.23364	-0.40444	-0.66734	-0.91993	-1.4552	-1.9444	-2.5252	-2.9759	-3.3689	-2.012	-0.35562	0.45687	0.9384	0.92063	0.67783	0.49686	0.34009	0.21874	0.14669	0.11336	0.083008	0.073842	0.060449	0.08032	0.050238	12.631
868.96	-0.027449	-0.015218	-0.096398	-0.14672	-0.17351	-0.26241	-0.43857	-0.69819	-0.93818	-1.6207	-2.0982	-2.3854	-3.1693	-3.4017	-1.8354	-0.61256	0.42892	0.91265	0.91233	0.69665	0.5012	0.35566	0.23981	0.14898	0.12765	0.10324	0.071039	0.069334	0.052517	0.036939	12.767
889.77	-0.018082	-0.027887	-0.081229	-0.14414	-0.16471	-0.25628	-0.47614	-0.71113	-0.94118	-1.6461	-1.9919	-2.6777	-3.1466	-3.5685	-2.2004	-0.60719	0.35173	0.88024	0.88605	0.70098	0.49545	0.36512	0.23759	0.17649	0.13592	0.097455	0.078525	0.085826	0.057341	0.051107	12.878
908.86	-0.020264	-0.031285	-0.079523	-0.13117	-0.18449	-0.29695	-0.47884	-0.71053	-0.94909	-1.5495	-1.9501	-2.639	-3.2568	-3.5518	-2.2449	-0.53298	0.28702	0.85272	0.88439	0.69855	0.52014	0.37137	0.24751	0.19302	0.15038	0.1218	0.098853	0.075542	0.048516	0.033683	13.006
924.62	-0.01152	-0.018219	-0.093909	-0.11835	-0.19323	-0.28124	-0.47457	-0.73736	-0.97291	-1.497	-2.1648	-2.6713	-3.193	-3.8347	-2.4385	-0.79145	0.18684	0.82841	0.86137	0.71167	0.52605	0.37958	0.26852	0.19635	0.15091	0.13188	0.097967	0.070465	0.045193	0.029893	13.194
938.89	-0.016308	-0.035686	-0.10227	-0.12297	-0.19569	-0.31368	-0.53035	-0.78327	-1.0464	-1.6802	-2.2223	-2.8338	-3.5994	-3.873	-2.5245	-1.0429	0.09751	0.77823	0.83501	0.67366	0.52211	0.37886	0.26444	0.19337	0.15775	0.12109	0.11539	0.087305	0.054341	0.034188	13.412
945.49	-0.047401	-0.043095	-0.086165	-0.13883	-0.2265	-0.36098	-0.5503	-0.79239	-1.0579	-1.6514	-2.2427	-2.7636	-3.6147	-4.1899	-2.6988	-0.99343	0.029576	0.78235	0.85013	0.71285	0.553	0.3988	0.28807	0.23092	0.16573	0.1472	0.12397	0.095588	0.055591	0.038663	13.623
945.17	-0.062204	-0.036213	-0.074846	-0.13728	-0.2382	-0.35763	-0.56575	-0.82995	-1.0653	-1.6349	-2.2165	-2.7729	-3.6723	-4.3513	-2.9876	-1.112	-0.044985	0.77741	0.84032	0.73926	0.57809	0.42654	0.31047	0.23343	0.18244	0.14725	0.13654	0.09562	0.053167	0.020595	13.847
936.65	-0.03044	-0.022624	-0.064075	-0.14335	-0.2566	-0.4047	-0.57782	-0.87593	-1.1247	-1.8217	-2.3817	-2.9169	-3.9663	-4.6652	-3.1205	-1.3351	-0.14027	0.74591	0.84091	0.75365	0.59064	0.44393	0.31972	0.24454	0.19326	0.16539	0.13304	0.097988	0.05365	0.035857	14.091
