12632	4	3	91	23.3	760	1	6	10	1.747	128	4096	10	0	0	0	0	223.61	958.93	1.4622e+006	0.11628	0.075215	40.133	0	0	1	0	0	0	11	0	0
960.65	0.037715	-0.011565	-0.10638	-0.19183	-0.25068	-0.13617	-0.357	-0.39288	-0.39953	-0.48163	-0.24855	-0.18472	0.19103	0.57483	0.81941	0.61806	0.25482	-0.19006	-0.36991	-0.45248	-0.46644	-0.44961	-0.37487	-0.32577	-0.237	-0.2096	-0.13765	-0.074984	0.00054562	0.041117	0.73772
958.31	0.030514	-0.032753	-0.11624	-0.18287	-0.28215	-0.12708	-0.36991	-0.4394	-0.44528	-0.4912	-0.36435	-0.30122	-0.023402	0.59202	0.89886	0.76948	0.37775	-0.08346	-0.25677	-0.39196	-0.42241	-0.41193	-0.364	-0.31618	-0.20847	-0.19056	-0.13876	-0.068585	0.02785	0.041992	1.2256
958.1	0.019175	-0.021423	-0.12666	-0.19077	-0.2584	-0.15966	-0.40462	-0.46909	-0.49943	-0.49131	-0.5151	-0.2018	-0.031364	0.34752	0.89044	0.71134	0.47699	0.033036	-0.17261	-0.30459	-0.35751	-0.37653	-0.33266	-0.27147	-0.18015	-0.17104	-0.1218	-0.060556	0.0013514	0.023389	1.7073
957.78	0.033775	-0.039579	-0.1443	-0.20734	-0.27437	-0.19057	-0.42433	-0.49244	-0.53822	-0.62604	-0.55074	-0.40921	-0.12694	0.39501	0.73575	0.94488	0.56913	0.10675	-0.071574	-0.2447	-0.31006	-0.31969	-0.29976	-0.26196	-0.18469	-0.16641	-0.1033	-0.079597	0.027062	0.049771	2.1478
959.06	0.021585	-0.050097	-0.13532	-0.23061	-0.30837	-0.20144	-0.42377	-0.53332	-0.58687	-0.77638	-0.61197	-0.5329	-0.25401	0.1501	0.81216	0.76888	0.64506	0.22215	0.023358	-0.1778	-0.2566	-0.27722	-0.26954	-0.23765	-0.16431	-0.1404	-0.097766	-0.056842	0.016595	0.029565	2.6731
961.93	0.035243	-0.039408	-0.13969	-0.24792	-0.3215	-0.19657	-0.49673	-0.54447	-0.61973	-0.79081	-0.75139	-0.66344	-0.48319	-0.031112	0.54396	0.9325	0.72358	0.31621	0.12318	-0.10758	-0.18558	-0.22625	-0.2257	-0.19552	-0.15564	-0.12673	-0.088244	-0.057401	0.023744	0.042606	3.1862
966.18	0.028659	-0.040733	-0.13591	-0.24059	-0.29647	-0.21185	-0.49828	-0.59838	-0.65529	-0.79567	-0.57229	-0.79208	-0.52053	-0.11705	0.56717	0.77972	0.7648	0.38533	0.19856	-0.027818	-0.14625	-0.19497	-0.19821	-0.17246	-0.13053	-0.10911	-0.071776	-0.034666	0.0077098	0.040111	3.6566
967.13	0.0077557	-0.063908	-0.1738	-0.24892	-0.34773	-0.21418	-0.48809	-0.61442	-0.72808	-0.8865	-0.98439	-0.857	-0.78816	-0.29675	0.43016	0.87796	0.79969	0.47916	0.29468	0.021719	-0.091142	-0.16617	-0.18245	-0.15962	-0.12744	-0.109	-0.071705	-0.038254	0.029187	0.028549	4.2026
967.77	0.011763	-0.039918	-0.15785	-0.2752	-0.36583	-0.25476	-0.53546	-0.63301	-0.78111	-0.96915	-1.0364	-1.1847	-0.8901	-0.64027	0.22533	1.0341	0.8332	0.57045	0.38241	0.089321	-0.043218	-0.11131	-0.14422	-0.13972	-0.12957	-0.098087	-0.066307	-0.030263	0.025986	0.041581	4.7803
965.54	0.02144	-0.04001	-0.1598	-0.2735	-0.36843	-0.25874	-0.56359	-0.67336	-0.80207	-1.0965	-1.2499	-1.1381	-1.1528	-0.81403	0.16605	0.82156	0.86052	0.62872	0.4585	0.15317	0.012522	-0.066529	-0.11883	-0.11545	-0.092835	-0.090552	-0.030449	-0.016545	0.030829	0.064762	5.288
962.67	0.016664	-0.047653	-0.16744	-0.29621	-0.38357	-0.27316	-0.57726	-0.71754	-0.84058	-0.97429	-1.28	-1.3726	-1.3702	-1.0206	-0.073339	0.824	0.86308	0.69369	0.52845	0.22409	0.059099	-0.029765	-0.083211	-0.082366	-0.074536	-0.06513	-0.032076	-0.011501	0.0053411	0.037942	5.8364
960.54	0.0045757	-0.043988	-0.16622	-0.29059	-0.38794	-0.27975	-0.61683	-0.76619	-0.90175	-1.0938	-1.4243	-1.4418	-1.667	-1.2748	-0.15077	0.60152	0.84346	0.73198	0.60445	0.27693	0.10982	-0.00019662	-0.049699	-0.066598	-0.048639	-0.056692	-0.016744	0.00087687	0.010961	0.03184	6.3483
959.27	0.018342	-0.053862	-0.16005	-0.28313	-0.39815	-0.30664	-0.63419	-0.78717	-0.95462	-1.3556	-1.497	-1.6921	-1.7567	-1.5996	-0.58085	0.47754	0.83659	0.78343	0.64731	0.33387	0.16459	0.036072	-0.029362	-0.035538	-0.045721	-0.036453	-0.033733	-0.01081	0.020601	0.037304	6.928
957.25	-0.0043308	-0.038843	-0.17639	-0.31046	-0.41929	-0.30386	-0.66266	-0.84966	-1.0223	-1.3585	-1.7575	-1.9363	-2.0473	-1.9663	-0.67687	0.45353	0.78234	0.82539	0.70538	0.38709	0.22047	0.0791	0.0098925	-0.014004	-0.036104	-0.027918	-0.021439	0.0045379	0.019843	0.014097	7.4606
955.76	0.021659	-0.038904	-0.17506	-0.3141	-0.43497	-0.32151	-0.68331	-0.86301	-1.082	-1.6471	-1.7513	-2.0557	-2.4574	-2.436	-1.0231	0.34569	0.74267	0.84471	0.75714	0.45449	0.27563	0.13135	0.050075	0.021242	-0.0062251	0.00026714	0.0002022	0.0067446	0.022286	0.049101	7.9658
955.55	0.010288	-0.038914	-0.17751	-0.29999	-0.43418	-0.30698	-0.7129	-0.90168	-1.1271	-1.5463	-1.965	-2.3388	-2.6416	-2.6423	-1.2823	0.045116	0.66587	0.87411	0.8095	0.50387	0.31225	0.17358	0.088685	0.033273	0.024462	0.01909	0.019559	0.020681	0.026319	0.028895	8.4904
954.59	0.0054172	-0.045021	-0.18571	-0.35155	-0.44878	-0.33996	-0.73552	-0.95555	-1.1802	-1.6744	-2.0915	-2.5825	-3.1795	-3.0568	-1.6637	-0.088604	0.57906	0.87756	0.83874	0.54534	0.36109	0.20357	0.11006	0.058187	0.037224	0.028531	0.027327	0.019233	0.035214	0.046047	9.0163
953.74	0.0086783	-0.038986	-0.17865	-0.32345	-0.47842	-0.33682	-0.7566	-0.98613	-1.234	-2.0222	-2.307	-2.6264	-3.2783	-3.4559	-1.9765	-0.2895	0.46953	0.86027	0.86333	0.5885	0.39326	0.23277	0.122	0.067073	0.052258	0.021483	0.035884	0.026597	0.039279	0.039077	9.5012
951.93	0.0021699	-0.041343	-0.17335	-0.34936	-0.44648	-0.36333	-0.78152	-1.0089	-1.3125	-1.916	-2.3738	-3.1404	-3.6211	-3.8278	-2.3355	-0.42419	0.33683	0.87139	0.8696	0.61896	0.43868	0.27059	0.15465	0.098589	0.056112	0.035697	0.018855	0.050938	0.046628	0.045395	10.024
948	0.024294	-0.036167	-0.19024	-0.3262	-0.48043	-0.3683	-0.80378	-1.0487	-1.3249	-1.958	-2.6434	-3.2373	-3.8212	-4.2504	-2.6062	-0.729	0.23074	0.85163	0.87708	0.67119	0.47013	0.29674	0.1815	0.12405	0.091808	0.064306	0.061855	0.05041	0.052504	0.035394	10.478
945.34	0.0030075	-0.051592	-0.18186	-0.3295	-0.47731	-0.36239	-0.81444	-1.0719	-1.4124	-2.0061	-2.7407	-3.3388	-4.0901	-4.7342	-3.0846	-1.0603	0.074171	0.84621	0.89584	0.70178	0.50519	0.33521	0.20669	0.14223	0.090552	0.070037	0.074551	0.05426	0.043698	0.044926	10.941
943.21	0.0063053	-0.037885	-0.19039	-0.34701	-0.4748	-0.40846	-0.84074	-1.1068	-1.4752	-2.0533	-2.8999	-3.5063	-4.4875	-5.2178	-3.284	-1.4011	-0.080801	0.80896	0.87997	0.71267	0.55142	0.3477	0.24227	0.16854	0.11654	0.087675	0.076287	0.058096	0.036453	0.039514	11.38
943	-0.0060422	-0.046343	-0.17743	-0.35188	-0.50269	-0.41552	-0.88529	-1.1257	-1.481	-2.3186	-2.9636	-3.4819	-4.812	-5.5396	-3.757	-1.6553	-0.2498	0.7691	0.87084	0.75684	0.58053	0.39641	0.2575	0.17995	0.13553	0.094053	0.088072	0.061081	0.038095	0.042675	11.826
944.06	-0.018374	-0.039386	-0.19103	-0.3451	-0.50928	-0.41244	-0.87131	-1.1845	-1.5656	-2.2563	-3.2661	-3.7809	-5.0409	-6.11	-4.1022	-1.9239	-0.42319	0.72737	0.87452	0.79572	0.61125	0.40183	0.2875	0.20572	0.14371	0.12967	0.091107	0.06398	0.059243	0.035542	12.232
945.76	-0.005204	-0.048504	-0.17205	-0.35244	-0.48871	-0.40649	-0.8827	-1.1953	-1.5706	-2.3374	-3.4308	-3.8916	-5.427	-6.3948	-4.6006	-2.1399	-0.60468	0.68787	0.85588	0.79344	0.62621	0.44291	0.30609	0.21669	0.16236	0.11993	0.10268	0.07498	0.03961	0.033908	12.625
946.29	0.0013627	-0.052303	-0.19786	-0.34508	-0.48933	-0.40626	-0.89974	-1.2198	-1.6275	-2.4552	-3.3212	-3.9734	-5.5771	-6.7667	-4.8682	-2.5013	-0.75897	0.63023	0.84145	0.83095	0.65153	0.46188	0.32501	0.23519	0.16453	0.13016	0.11122	0.075678	0.035523	0.029963	13.01
946.08	-0.018334	-0.070689	-0.19305	-0.34198	-0.52159	-0.42371	-0.92052	-1.267	-1.6576	-2.4813	-3.5822	-3.9827	-6.054	-7.1678	-5.2355	-2.9068	-0.92758	0.56444	0.80054	0.82354	0.67255	0.47536	0.32985	0.2401	0.18347	0.13652	0.10264	0.069769	0.022514	0.016619	13.381
945.12	-0.02739	-0.058499	-0.16488	-0.34471	-0.52838	-0.41285	-0.89856	-1.2634	-1.7188	-2.5946	-3.5499	-4.2977	-6.2619	-7.535	-5.5288	-3.1883	-1.059	0.53027	0.79825	0.84548	0.69814	0.5001	0.33576	0.24277	0.17912	0.13825	0.098832	0.070582	0.019282	0.029213	13.682
945.02	-0.04054	-0.076901	-0.18273	-0.32484	-0.50161	-0.42419	-0.97422	-1.3268	-1.6986	-2.5693	-3.7839	-4.4831	-6.5451	-7.9438	-5.7999	-3.4505	-1.2553	0.46605	0.75876	0.84558	0.69741	0.51271	0.3828	0.25983	0.18898	0.14302	0.10824	0.069848	0.037198	0.011133	13.999
943.85	-0.050461	-0.082366	-0.16834	-0.36193	-0.53804	-0.43341	-0.94181	-1.322	-1.7611	-2.6579	-3.7257	-4.6738	-6.7795	-8.0979	-6.1392	-3.7169	-1.3997	0.40401	0.75814	0.85254	0.70713	0.5301	0.37051	0.278	0.19224	0.14717	0.12562	0.072905	0.019308	0.0064232	14.302
943.53	-0.048833	-0.086233	-0.18464	-0.35806	-0.51405	-0.4466	-0.95818	-1.3192	-1.8072	-2.6929	-3.9519	-4.6501	-7.0728	-8.5333	-6.4384	-3.9042	-1.5326	0.3737	0.71953	0.85791	0.71863	0.53531	0.38021	0.27972	0.20747	0.14563	0.11625	0.0759	0.016051	0.0064253	14.556
941.08	-0.070411	-0.10031	-0.16151	-0.35259	-0.5064	-0.4277	-0.97293	-1.3576	-1.8292	-2.7855	-3.881	-4.9492	-7.3262	-8.9009	-6.7882	-4.1772	-1.6937	0.31536	0.70035	0.86184	0.73099	0.5577	0.39559	0.28534	0.21029	0.16273	0.12598	0.084288	0.0087343	0.00012638	14.796
938.63	-0.080523	-0.10597	-0.17989	-0.34148	-0.50952	-0.43057	-0.94396	-1.3448	-1.8528	-2.7327	-4.0268	-5.0214	-7.6216	-9.1738	-7.0607	-4.4007	-1.8548	0.27159	0.66858	0.87769	0.74665	0.57095	0.41266	0.29914	0.21465	0.16156	0.13814	0.074055	0.012035	-0.0069965	15.008
936.82	-0.076533	-0.08917	-0.19087	-0.32768	-0.51321	-0.41388	-0.96349	-1.3777	-1.8462	-2.7724	-4.0527	-5.0565	-7.8561	-9.4982	-7.2064	-4.7755	-1.9524	0.23005	0.66439	0.89046	0.75863	0.57796	0.41828	0.31771	0.23491	0.17547	0.12419	0.092898	0.024382	0.00012696	15.139
934.59	-0.080869	-0.10178	-0.17165	-0.32927	-0.50178	-0.44209	-1.0059	-1.3523	-1.9297	-2.9255	-4.2078	-5.2216	-7.9892	-9.5857	-7.6914	-4.71	-2.0579	0.19284	0.65342	0.88405	0.77019	0.59796	0.4362	0.32421	0.22935	0.17509	0.13952	0.06613	0.020321	-0.011003	15.348
933.63	-0.092596	-0.11663	-0.18167	-0.34734	-0.50863	-0.43375	-0.97838	-1.3881	-1.8905	-2.8336	-4.2939	-5.1504	-8.1199	-9.8708	-7.6993	-5.2363	-2.1749	0.14908	0.61402	0.87213	0.77912	0.60026	0.43745	0.31469	0.23801	0.18249	0.1365	0.074452	0.019519	-0.0094217	15.477
931.93	-0.091932	-0.12694	-0.18694	-0.33102	-0.50322	-0.43455	-1.0134	-1.3742	-1.8844	-2.8906	-4.2016	-5.2535	-8.3885	-10.035	-8.0231	-5.1003	-2.2553	0.10443	0.59861	0.88143	0.78217	0.61833	0.4229	0.31444	0.23461	0.16755	0.13992	0.076092	-0.001915	-0.019007	15.561
929.16	-0.12563	-0.14447	-0.19904	-0.33524	-0.48926	-0.41464	-0.99395	-1.3758	-1.9617	-2.9253	-4.3603	-5.4744	-8.5119	-10.179	-7.8517	-5.2099	-2.3206	0.10562	0.62092	0.89093	0.79104	0.6023	0.44199	0.31208	0.22915	0.17531	0.1284	0.057467	0.0022196	-0.015064	15.668
926.5	-0.12599	-0.17146	-0.18886	-0.34839	-0.51072	-0.41583	-0.99058	-1.3897	-1.9737	-2.9337	-4.3362	-5.4215	-8.6105	-10.216	-8.2393	-5.3455	-2.3827	0.084662	0.59104	0.88488	0.78594	0.61171	0.44	0.32704	0.219	0.16044	0.12797	0.069732	-0.0094005	-0.035156	15.722
923.94	-0.15492	-0.14842	-0.20431	-0.34202	-0.5158	-0.40987	-0.98083	-1.3894	-1.9335	-2.9679	-4.3849	-5.6171	-8.5022	-10.416	-8.1996	-5.4294	-2.4034	0.090227	0.58632	0.89337	0.80208	0.61854	0.44041	0.31716	0.21651	0.17792	0.12432	0.062341	-0.016925	-0.045708	15.749
924.26	-0.1515	-0.16326	-0.21833	-0.29711	-0.47539	-0.41151	-0.92821	-1.3624	-1.9377	-2.8711	-4.3926	-5.426	-8.6643	-10.437	-8.17	-5.462	-2.429	0.081315	0.58533	0.90515	0.78126	0.61148	0.44351	0.31373	0.21721	0.17218	0.12027	0.052463	-0.0044273	-0.044888	15.776
924.9	-0.16063	-0.19447	-0.22481	-0.35306	-0.46319	-0.38637	-0.98995	-1.3482	-1.9099	-3.0868	-4.2059	-5.5683	-8.6996	-10.454	-8.2981	-5.3892	-2.4365	0.07771	0.59285	0.88813	0.80371	0.61448	0.42612	0.31352	0.21164	0.17692	0.11539	0.056973	-0.016074	-0.052889	15.781
928.31	-0.16088	-0.18907	-0.25204	-0.33312	-0.46149	-0.39468	-0.96146	-1.3738	-1.9316	-2.7891	-4.4192	-5.5222	-8.5937	-10.343	-8.2498	-5.4812	-2.4102	0.072118	0.58435	0.87799	0.78522	0.60797	0.43509	0.30824	0.21087	0.15125	0.10939	0.044686	-0.021818	-0.044693	15.751
931.18	-0.16288	-0.20016	-0.25784	-0.35311	-0.45825	-0.38377	-0.90814	-1.3514	-1.9002	-2.867	-4.2687	-5.4284	-8.559	-10.213	-8.1712	-5.2586	-2.4011	0.053384	0.57152	0.88043	0.77301	0.60269	0.44587	0.32457	0.22404	0.16768	0.10826	0.046052	-0.026709	-0.058119	15.737
933.42	-0.17248	-0.19735	-0.24491	-0.34339	-0.45081	-0.38197	-0.91756	-1.3375	-1.9226	-2.7135	-4.2858	-5.4494	-8.3751	-10.294	-8.0368	-5.2888	-2.3707	0.086673	0.5788	0.88003	0.78906	0.59278	0.42787	0.31394	0.21584	0.16327	0.10324	0.028676	-0.029119	-0.067533	15.746
934.06	-0.17319	-0.20187	-0.26033	-0.34477	-0.45322	-0.37116	-0.92234	-1.3219	-1.8873	-2.7633	-4.3283	-5.3606	-8.4347	-10.32	-8.1019	-5.362	-2.3281	0.083977	0.58704	0.8854	0.78689	0.59237	0.43644	0.30634	0.20651	0.15994	0.097627	0.036909	-0.045576	-0.088166	15.743
935.23	-0.17546	-0.18535	-0.25509	-0.34514	-0.44904	-0.35578	-0.92812	-1.2743	-1.8525	-2.8632	-4.1867	-5.3794	-8.2936	-10.161	-7.9242	-5.2359	-2.2982	0.11108	0.60042	0.87406	0.77698	0.58487	0.42543	0.30514	0.20625	0.14692	0.10937	0.018132	-0.033176	-0.078523	15.748
934.59	-0.17807	-0.19943	-0.25854	-0.34457	-0.44302	-0.35075	-0.87397	-1.2793	-1.807	-2.71	-4.126	-5.3151	-8.2666	-10.047	-7.9032	-4.9918	-2.2284	0.12082	0.61182	0.88063	0.78076	0.60642	0.41606	0.29387	0.19721	0.14943	0.094405	0.019643	-0.051314	-0.068243	15.743
932.78	-0.19174	-0.21922	-0.23276	-0.3638	-0.44931	-0.36375	-0.8803	-1.2539	-1.8161	-2.8448	-4.2068	-5.1551	-8.2827	-9.8393	-7.7417	-5.0272	-2.1761	0.14393	0.61694	0.88234	0.76843	0.57962	0.39427	0.27063	0.17919	0.11195	0.077934	0.012921	-0.064612	-0.090677	15.59
931.71	-0.16446	-0.20393	-0.27743	-0.35129	-0.44438	-0.35624	-0.83641	-1.2142	-1.7761	-2.8308	-4.1478	-5.0587	-7.9974	-9.7045	-7.6177	-4.9473	-2.0939	0.15995	0.61686	0.87136	0.73508	0.55907	0.38745	0.26765	0.15943	0.11047	0.058965	0.003159	-0.054776	-0.093971	15.464
927.67	-0.21958	-0.2501	-0.28772	-0.34389	-0.46545	-0.36487	-0.83228	-1.2401	-1.7679	-2.6347	-4.0835	-5.1235	-7.835	-9.5512	-7.2509	-4.728	-1.975	0.22878	0.65118	0.86827	0.7432	0.53764	0.37616	0.25065	0.15396	0.099647	0.048854	-0.0089119	-0.066627	-0.11921	15.199
925.01	-0.20342	-0.22185	-0.27033	-0.33024	-0.41381	-0.33575	-0.80505	-1.2006	-1.7194	-2.7381	-3.875	-4.9494	-7.7091	-9.2273	-7.1647	-4.4396	-1.8374	0.27647	0.68636	0.88112	0.7281	0.55201	0.36666	0.23894	0.14744	0.09264	0.039398	-0.0066663	-0.08013	-0.1067	14.951
923.62	-0.21802	-0.22846	-0.28152	-0.34051	-0.39796	-0.3007	-0.77658	-1.151	-1.7147	-2.5242	-3.9635	-4.8622	-7.3491	-8.9137	-6.6933	-4.2216	-1.6618	0.34354	0.72074	0.88331	0.72672	0.53999	0.38596	0.2393	0.13992	0.096838	0.046665	-0.017296	-0.079417	-0.11008	14.681
922.56	-0.19386	-0.21616	-0.26275	-0.34172	-0.41033	-0.30105	-0.75715	-1.149	-1.6742	-2.6319	-3.7104	-4.7128	-7.1922	-8.7437	-6.558	-3.941	-1.5624	0.39554	0.74065	0.85492	0.73332	0.52776	0.37009	0.24041	0.13853	0.083951	0.04271	-0.006684	-0.07784	-0.11504	14.384
923.52	-0.19534	-0.20339	-0.24754	-0.30958	-0.39434	-0.28563	-0.74075	-1.1528	-1.6316	-2.5419	-3.8536	-4.5101	-6.9039	-8.3498	-6.2029	-3.695	-1.3849	0.44579	0.77166	0.87563	0.70543	0.4844	0.34036	0.20366	0.13064	0.075749	0.041865	-0.019576	-0.085259	-0.10607	14.069
925.65	-0.20832	-0.21857	-0.22876	-0.32757	-0.37701	-0.29739	-0.75696	-1.1551	-1.6031	-2.4839	-3.5329	-4.4825	-6.6244	-8.1101	-6.0104	-3.4796	-1.2741	0.47049	0.77226	0.8469	0.68658	0.50208	0.32331	0.20898	0.12493	0.078004	0.025784	-0.021802	-0.080074	-0.11385	13.742
927.46	-0.18949	-0.19471	-0.23575	-0.29528	-0.38174	-0.29238	-0.72827	-1.1124	-1.5545	-2.3922	-3.5077	-4.3367	-6.4058	-7.7845	-5.6252	-3.3437	-1.1436	0.50851	0.78894	0.84438	0.67705	0.46359	0.31862	0.18627	0.099238	0.064921	0.020151	-0.016469	-0.07577	-0.11363	13.391
927.35	-0.17863	-0.18849	-0.21265	-0.32129	-0.37085	-0.26675	-0.76179	-1.1224	-1.5563	-2.3925	-3.4348	-4.2173	-6.2092	-7.4022	-5.4835	-3.1118	-0.99919	0.56521	0.81513	0.83759	0.6501	0.44574	0.29268	0.15407	0.077653	0.043108	0.0097824	-0.028562	-0.080758	-0.11845	13.047
929.05	-0.15741	-0.18814	-0.26008	-0.28424	-0.35743	-0.28039	-0.71615	-1.094	-1.5359	-2.2667	-3.2823	-4.0984	-5.853	-6.998	-5.1716	-2.7796	-0.86872	0.58097	0.82548	0.80857	0.63502	0.433	0.27756	0.14719	0.089059	0.02367	0.0089671	-0.04284	-0.083923	-0.081444	12.679
930.12	-0.19145	-0.20895	-0.2013	-0.27339	-0.34522	-0.24565	-0.7099	-1.0779	-1.5079	-2.4027	-3.2055	-3.8888	-5.6249	-6.8193	-5.0859	-2.6907	-0.73923	0.64737	0.83637	0.80593	0.62041	0.41296	0.25378	0.14538	0.054352	0.030087	0.0017992	-0.051831	-0.084654	-0.11011	12.3
931.82	-0.13861	-0.17282	-0.2108	-0.25189	-0.35002	-0.27339	-0.70396	-1.0241	-1.4797	-2.1044	-3.0994	-3.9499	-5.3854	-6.5148	-4.519	-2.2661	-0.57427	0.68847	0.8553	0.78733	0.60298	0.38335	0.22746	0.11551	0.044274	0.017968	-0.016465	-0.050231	-0.071287	-0.075621	11.908
935.65	-0.13057	-0.15817	-0.17882	-0.21546	-0.34137	-0.25736	-0.71032	-1.0298	-1.4223	-2.2851	-3.123	-3.6026	-5.1107	-6.0437	-4.1391	-1.9924	-0.41634	0.70583	0.8761	0.78581	0.57454	0.37164	0.21768	0.1044	0.042565	0.0058798	-0.025887	-0.038044	-0.072639	-0.08087	11.501
938.74	-0.126	-0.15611	-0.16763	-0.2372	-0.32764	-0.25214	-0.70107	-1.0272	-1.3955	-2.2519	-2.9228	-3.5484	-4.8176	-5.7419	-3.8355	-1.8413	-0.2844	0.73848	0.87088	0.73817	0.54515	0.33841	0.19852	0.098343	0.022615	-0.011703	-0.025014	-0.046128	-0.074039	-0.075064	11.032
941.29	-0.10834	-0.14107	-0.1395	-0.22856	-0.3097	-0.26192	-0.7007	-0.99103	-1.3564	-2.0147	-2.8788	-3.4797	-4.6182	-5.3167	-3.5097	-1.6074	-0.15828	0.76613	0.85683	0.71328	0.50817	0.31565	0.17559	0.078541	0.0020374	-0.013264	-0.038307	-0.05866	-0.065662	-0.073282	10.572
942.68	-0.095003	-0.083238	-0.13117	-0.21306	-0.32269	-0.26763	-0.66984	-0.9595	-1.3426	-1.952	-2.7664	-3.2724	-4.2149	-5.0363	-3.1896	-1.3172	-0.031272	0.81464	0.85401	0.68852	0.4897	0.28918	0.15537	0.044292	-0.0055532	-0.030735	-0.035895	-0.045194	-0.062302	-0.064505	10.156
941.93	-0.054685	-0.09253	-0.11663	-0.21882	-0.33281	-0.25303	-0.69334	-0.97653	-1.2973	-1.8936	-2.4621	-3.2581	-4.0239	-4.6148	-2.982	-1.0302	0.10128	0.83097	0.87805	0.66026	0.46187	0.25919	0.14191	0.050021	-0.0093551	-0.030759	-0.046134	-0.060852	-0.046828	-0.047201	9.6915
940.23	-0.030837	-0.061886	-0.12173	-0.1936	-0.3415	-0.2596	-0.69229	-0.94896	-1.2871	-1.9485	-2.4666	-3.188	-3.8933	-4.39	-2.5839	-0.72654	0.20983	0.85517	0.8617	0.64448	0.43929	0.25125	0.11575	0.019964	-0.027629	-0.036395	-0.047006	-0.053508	-0.033817	-0.044916	9.2323
938.95	-0.029224	-0.046543	-0.093341	-0.23555	-0.34287	-0.27044	-0.68402	-0.92088	-1.2164	-1.771	-2.4247	-3.04	-3.6143	-4.0337	-2.3502	-0.56603	0.31292	0.86245	0.85896	0.62496	0.40268	0.22465	0.10629	0.019174	-0.027667	-0.040436	-0.059675	-0.048357	-0.028947	-0.025986	8.7685
938.85	-0.011033	-0.03729	-0.10886	-0.20831	-0.36181	-0.28271	-0.68793	-0.91935	-1.1984	-1.8398	-2.2984	-2.9727	-3.3954	-3.7442	-2.1045	-0.5066	0.4068	0.86342	0.85515	0.58678	0.37927	0.19435	0.08866	-0.0053045	-0.031479	-0.054809	-0.054954	-0.053587	-0.011736	-0.0085784	8.2894
939.16	0.019561	-0.013372	-0.092503	-0.2411	-0.33469	-0.26776	-0.65161	-0.89538	-1.1665	-1.762	-2.0806	-2.7264	-3.313	-3.5417	-2.0423	-0.2855	0.48824	0.85352	0.83768	0.54325	0.34761	0.17155	0.053364	-0.0093806	-0.050507	-0.064366	-0.058874	-0.044616	-0.015009	0.010412	7.8176
940.23	0.017061	-0.0064236	-0.099733	-0.23683	-0.33341	-0.24388	-0.66007	-0.87319	-1.1321	-1.5287	-1.9879	-2.605	-2.9361	-3.1839	-1.5312	-0.013578	0.56998	0.89446	0.82659	0.51462	0.31734	0.13436	0.038893	-0.041962	-0.061862	-0.066685	-0.068251	-0.040095	-0.0059912	0.0017076	7.3078
941.83	0.0294	-0.014872	-0.09631	-0.22604	-0.34182	-0.23301	-0.62373	-0.82859	-1.0713	-1.5346	-1.9215	-2.3476	-2.6801	-2.8092	-1.4411	0.079664	0.63734	0.86331	0.80416	0.48155	0.28616	0.11482	0.0060591	-0.037011	-0.077705	-0.093627	-0.069705	-0.067554	0.0013747	0.016694	6.7812
942.36	0.036798	-0.012557	-0.12634	-0.22831	-0.3497	-0.22069	-0.60501	-0.82	-1.0322	-1.662	-1.7762	-2.0681	-2.5086	-2.5349	-1.0464	0.16429	0.71909	0.85934	0.76634	0.44741	0.24087	0.079513	-0.015512	-0.080077	-0.082214	-0.094369	-0.072021	-0.031824	-0.0092423	0.014319	6.3089
941.93	0.033518	-0.01564	-0.12151	-0.22681	-0.35344	-0.25303	-0.59686	-0.79353	-0.99418	-1.4319	-1.7319	-2.0859	-2.283	-2.2792	-0.77544	0.3423	0.75032	0.84404	0.72698	0.39762	0.20067	0.04429	-0.029104	-0.083367	-0.098197	-0.099982	-0.086191	-0.056388	0.0054587	0.017481	5.8288
940.97	0.036027	-0.0079586	-0.11187	-0.22464	-0.31968	-0.22188	-0.55608	-0.74956	-0.93544	-1.3477	-1.5983	-1.877	-2.0746	-2.0485	-0.76745	0.57163	0.79912	0.82309	0.70043	0.35901	0.16537	0.0073627	-0.062731	-0.11846	-0.1135	-0.11761	-0.102	-0.066126	-0.01498	0.024604	5.2941
941.93	0.032695	-0.018714	-0.1207	-0.21882	-0.32025	-0.22689	-0.55015	-0.72521	-0.87715	-1.2865	-1.5156	-1.6305	-1.87	-1.5969	-0.57404	0.57105	0.83979	0.78304	0.65456	0.31968	0.12489	-0.0077563	-0.093833	-0.12403	-0.13844	-0.13261	-0.10975	-0.064569	0.014445	0.027736	4.803
942.25	0.040923	-0.0064099	-0.10765	-0.19957	-0.31387	-0.21984	-0.527	-0.68187	-0.8321	-1.0894	-1.1906	-1.6046	-1.7237	-1.3637	-0.21497	0.7487	0.86146	0.75403	0.60762	0.27214	0.077303	-0.049712	-0.11377	-0.15082	-0.13384	-0.14051	-0.10972	-0.04447	-0.001894	0.017475	4.2906
943.53	0.035106	-0.005634	-0.10994	-0.21207	-0.29911	-0.20562	-0.49571	-0.65253	-0.79883	-1.088	-1.162	-1.4088	-1.4707	-1.0013	-0.10104	0.67158	0.85948	0.70951	0.54228	0.20749	0.026494	-0.093222	-0.15112	-0.16848	-0.16398	-0.15224	-0.12682	-0.067432	0.0038192	0.032412	3.7764
945.02	0.052306	-0.0079245	-0.10409	-0.21253	-0.27986	-0.19227	-0.48196	-0.62961	-0.74825	-1.0607	-0.99845	-1.3814	-1.2667	-0.7917	0.021307	0.83097	0.85488	0.64498	0.48166	0.14974	-0.020955	-0.12822	-0.1692	-0.18281	-0.18189	-0.16389	-0.12897	-0.086605	0.0029978	0.03472	3.2803
945.97	0.044045	-0.014806	-0.1048	-0.18605	-0.27869	-0.17906	-0.4647	-0.58443	-0.70135	-0.84671	-1.1231	-1.0777	-0.96705	-0.62306	0.26541	0.92291	0.86374	0.61222	0.40673	0.097286	-0.049833	-0.15985	-0.18971	-0.19882	-0.18246	-0.1772	-0.14057	-0.097628	0.007876	0.024476	2.7642
948.21	0.030839	-0.015536	-0.11101	-0.18006	-0.25219	-0.16392	-0.43394	-0.54508	-0.65991	-0.80225	-0.78913	-1.0752	-0.93259	-0.46212	0.30826	0.76925	0.83746	0.52768	0.34002	0.054134	-0.11058	-0.197	-0.22261	-0.2331	-0.19712	-0.1752	-0.1535	-0.083356	-0.0083757	0.035387	2.3179
950.55	0.041383	-0.0055924	-0.081725	-0.17882	-0.24801	-0.15661	-0.41542	-0.50102	-0.66295	-0.85959	-0.83185	-0.92208	-0.72167	-0.1667	0.42898	1.0696	0.79913	0.45643	0.25815	-0.026597	-0.14386	-0.22979	-0.26482	-0.23494	-0.21996	-0.19527	-0.15623	-0.10084	0.0037894	0.035299	1.7969
953.1	0.044532	0.010382	-0.089544	-0.17282	-0.25001	-0.17428	-0.39312	-0.49727	-0.61848	-0.65445	-0.67816	-0.69459	-0.47167	-0.094854	0.56629	0.89927	0.76002	0.37942	0.17281	-0.089322	-0.20403	-0.25987	-0.2886	-0.27048	-0.22537	-0.21204	-0.16901	-0.10204	-0.001064	0.040662	1.3654
955.12	0.046877	-0.0017733	-0.078927	-0.16615	-0.23621	-0.12063	-0.38398	-0.46814	-0.55134	-0.65307	-0.49003	-0.69312	-0.42275	0.055735	0.68598	0.98093	0.70467	0.29354	0.10947	-0.1401	-0.25448	-0.31727	-0.3069	-0.28354	-0.23613	-0.20061	-0.1671	-0.099627	-0.011536	0.033575	0.87909
955.97	0.020842	-0.0078337	-0.095686	-0.15576	-0.22009	-0.1437	-0.36025	-0.47334	-0.52608	-0.39972	-0.59619	-0.51799	-0.24686	0.1585	0.78027	0.81309	0.63592	0.21085	-0.0049554	-0.20425	-0.30906	-0.35007	-0.34049	-0.31375	-0.2636	-0.20435	-0.18708	-0.101	-0.0066955	0.028105	0.48688
956.5	0.045996	-0.0085847	-0.068402	-0.136	-0.2288	-0.11187	-0.32461	-0.39778	-0.47938	-0.5174	-0.48045	-0.42637	-0.20684	0.45085	0.77122	0.83767	0.56749	0.13435	-0.073971	-0.26505	-0.3589	-0.37964	-0.35446	-0.32719	-0.26121	-0.24968	-0.1862	-0.089227	-0.0034755	0.017991	0.04589
957.04	0.045158	-0.0025276	-0.079569	-0.13671	-0.19512	-0.12124	-0.31162	-0.38556	-0.4366	-0.44977	-0.29384	-0.34313	-0.031399	0.49011	0.84834	0.68711	0.48873	0.033073	-0.1751	-0.32994	-0.39282	-0.41165	-0.3991	-0.33821	-0.29545	-0.26129	-0.1861	-0.12652	-0.0066896	0.024193	-0.37545
958.84	0.047504	0.020138	-0.073826	-0.11761	-0.1974	-0.085915	-0.30351	-0.38403	-0.41803	-0.53293	-0.29329	-0.22649	0.0084418	0.56804	0.84676	0.67749	0.38633	-0.081701	-0.26428	-0.39507	-0.4491	-0.43561	-0.39285	-0.36634	-0.29489	-0.26158	-0.16877	-0.10655	-0.0082828	0.024146	-0.7756
961.39	0.040108	0.0042646	-0.052912	-0.12826	-0.16523	-0.07971	-0.25769	-0.32564	-0.3569	-0.42261	-0.098201	-0.18458	0.19088	0.6137	0.85309	0.65078	0.27454	-0.17113	-0.35284	-0.46375	-0.49214	-0.48134	-0.41686	-0.37413	-0.29262	-0.25075	-0.19449	-0.12011	0.0013467	0.034901	-1.1682
962.78	0.033598	-0.0040162	-0.059998	-0.11244	-0.16851	-0.0813	-0.2723	-0.32835	-0.33872	-0.22121	-0.26563	-0.085298	0.23814	0.6992	0.68911	0.63328	0.16354	-0.27405	-0.44681	-0.52442	-0.53955	-0.51843	-0.46005	-0.39508	-0.29814	-0.2644	-0.19344	-0.10975	-0.013044	0.017102	-1.529
963.1	0.046487	-0.00025543	-0.055205	-0.10615	-0.14301	-0.065932	-0.26847	-0.29483	-0.29482	-0.4804	-0.12448	0.013698	0.3727	0.83242	0.80875	0.44248	0.041779	-0.39157	-0.54415	-0.60711	-0.59062	-0.53632	-0.47005	-0.40052	-0.30992	-0.28221	-0.20413	-0.12427	-0.024227	0.029441	-1.899
962.24	0.035231	0.0072713	-0.051272	-0.10547	-0.1326	-0.065138	-0.23723	-0.26882	-0.25356	-0.25481	-0.0098669	0.13753	0.28584	0.77815	0.81805	0.4097	-0.071241	-0.47467	-0.63534	-0.64745	-0.62744	-0.57377	-0.50176	-0.40485	-0.32432	-0.27701	-0.19508	-0.10981	0.018939	0.025605	-2.1914
960.33	0.034492	-0.0017637	-0.04978	-0.10254	-0.12582	-0.067832	-0.23394	-0.26537	-0.24559	-0.23854	-0.062927	0.079906	0.44526	0.73246	0.86262	0.28587	-0.18945	-0.58245	-0.73514	-0.7119	-0.66586	-0.62267	-0.54901	-0.44475	-0.32795	-0.28771	-0.22398	-0.12681	-0.019487	0.016371	-2.5021
960.12	0.036119	-0.002518	-0.057771	-0.098642	-0.14257	-0.061008	-0.21071	-0.24388	-0.21483	-0.14631	0.0077897	0.30331	0.46125	0.74838	0.82843	0.16125	-0.302	-0.69201	-0.81705	-0.76691	-0.71108	-0.64257	-0.56873	-0.44245	-0.34292	-0.31197	-0.24252	-0.12465	-0.019491	0.027984	-2.7977
959.59	0.044231	0.015595	-0.050617	-0.07987	-0.13825	-0.046499	-0.20106	-0.21847	-0.18179	-0.138	0.23788	0.18759	0.57277	0.85122	0.6914	0.069862	-0.42831	-0.77879	-0.91228	-0.82056	-0.75105	-0.65034	-0.56512	-0.46505	-0.34758	-0.31448	-0.21644	-0.13568	-0.012285	0.018707	-3.1009
961.5	0.036067	0.015564	-0.053703	-0.087539	-0.13797	-0.048113	-0.18415	-0.19891	-0.16143	-0.18798	0.17558	0.29462	0.5399	0.85739	0.6986	0.0033285	-0.53821	-0.87798	-0.99438	-0.88201	-0.79062	-0.70332	-0.56399	-0.45855	-0.35805	-0.31698	-0.21678	-0.14269	-0.0042558	0.028716	-3.363
964.16	0.039992	0.018524	-0.04243	-0.088861	-0.12182	-0.036914	-0.17392	-0.18326	-0.13489	-0.078863	0.1839	0.35149	0.57797	0.83935	0.81643	-0.087725	-0.65512	-0.97261	-1.0738	-0.89034	-0.81994	-0.70221	-0.58352	-0.48589	-0.35632	-0.31688	-0.23843	-0.12122	0.00054364	0.047133	-3.5764
967.45	0.03183	-0.0032486	-0.051789	-0.086224	-0.13276	-0.01982	-0.1614	-0.15888	-0.10843	-0.086916	0.29738	0.39133	0.69426	0.8443	0.54935	-0.15343	-0.75663	-1.044	-1.1467	-0.95247	-0.84698	-0.72842	-0.59554	-0.50245	-0.37137	-0.30341	-0.23227	-0.12443	-0.012186	0.017787	-3.7639
970.32	0.031739	0.0094503	-0.028739	-0.093725	-0.10363	-0.03245	-0.15795	-0.17341	-0.10354	-0.011957	0.13897	0.33287	0.6136	0.84181	0.64974	-0.27633	-0.86967	-1.1348	-1.2114	-0.99407	-0.88986	-0.75316	-0.6186	-0.50018	-0.37838	-0.33495	-0.24454	-0.13056	-0.0065965	0.026924	-3.9545
972.98	0.038034	-0.0032301	-0.059369	-0.10353	-0.10161	-0.010426	-0.14121	-0.13357	-0.087287	-0.086423	0.24331	0.38911	0.63544	0.91721	0.58015	-0.29198	-0.96808	-1.216	-1.2676	-1.043	-0.91319	-0.77711	-0.6378	-0.5122	-0.38102	-0.33404	-0.23931	-0.13381	-0.012116	0.051286	-4.1466
974.57	0.028412	-0.0084255	-0.042763	-0.09409	-0.11011	-0.023043	-0.13506	-0.12235	-0.077275	0.012908	0.31263	0.38031	0.75961	0.94674	0.5369	-0.38977	-1.0679	-1.2772	-1.3295	-1.0577	-0.92027	-0.78963	-0.64293	-0.53022	-0.39801	-0.34195	-0.22981	-0.13071	0.0013285	0.028331	-4.264
974.47	0.033994	0.010896	-0.050631	-0.085604	-0.10752	0.0064368	-0.13211	-0.12394	-0.070452	0.01291	0.25166	0.40482	0.64229	0.73736	0.5454	-0.4062	-1.1356	-1.3346	-1.3967	-1.1037	-0.9492	-0.81568	-0.63683	-0.52163	-0.38485	-0.3143	-0.23667	-0.12857	-0.010519	0.020709	-4.3464
974.89	0.041147	0.007177	-0.03882	-0.089426	-0.11268	-0.02472	-0.13502	-0.13253	-0.067385	-0.011901	0.34738	0.33947	0.80633	0.79133	0.50287	-0.52062	-1.2161	-1.3863	-1.4216	-1.113	-0.96592	-0.821	-0.65971	-0.53555	-0.38541	-0.3403	-0.23201	-0.13714	-0.019196	0.026035	-4.4485
972.34	0.030873	0.0071958	-0.036558	-0.084242	-0.10081	-0.0087457	-0.13092	-0.11554	-0.058432	0.054351	0.30461	0.42205	0.81628	0.83229	0.47874	-0.56302	-1.2563	-1.4152	-1.4503	-1.1315	-0.95518	-0.82478	-0.65447	-0.54405	-0.4004	-0.325	-0.22197	-0.13245	-0.0065828	0.029161	-4.4974
970.32	0.025334	-0.024886	-0.054004	-0.089072	-0.1045	-0.0087639	-0.1416	-0.12762	-0.051692	-0.020254	0.39276	0.4311	0.7551	0.87297	0.47974	-0.56419	-1.2984	-1.4638	-1.5017	-1.1915	-1.0049	-0.84524	-0.66282	-0.52544	-0.40492	-0.34576	-0.26208	-0.11829	-0.0010451	0.031519	-4.534
968.2	0.027798	0.0012441	-0.05887	-0.065943	-0.1056	-0.0079342	-0.12701	-0.10337	-0.051806	0.054584	0.28837	0.62075	0.8119	0.83585	0.58302	-0.59016	-1.3329	-1.4899	-1.5201	-1.1891	-0.9875	-0.852	-0.67283	-0.5535	-0.40359	-0.35194	-0.2382	-0.15546	-0.016151	0.041565	-4.5416
966.28	0.04312	0.010988	-0.040752	-0.090223	-0.095315	-0.0088006	-0.11532	-0.10358	-0.033535	0.054676	0.41199	0.49868	0.76613	0.89226	0.49882	-0.52526	-1.3855	-1.5039	-1.5307	-1.1882	-0.98239	-0.85778	-0.6687	-0.55459	-0.40365	-0.34721	-0.24174	-0.13183	0.0085064	0.031651	-4.5446
965.86	0.025451	0.0057452	-0.036803	-0.09182	-0.1076	-0.016452	-0.12582	-0.11155	-0.034314	0.03803	0.23633	0.50713	0.75856	0.78308	0.32825	-0.74856	-1.4265	-1.5666	-1.5549	-1.2036	-0.99461	-0.85815	-0.68692	-0.54373	-0.41494	-0.33883	-0.23035	-0.1377	0.0037294	0.028586	-4.5111
965.96	0.025449	0.0072433	-0.041558	-0.06999	-0.10147	-0.0020043	-0.12357	-0.10996	-0.03431	0.096396	0.34179	0.49062	0.7506	0.85343	0.38798	-0.74022	-1.4383	-1.5546	-1.576	-1.2092	-1.0228	-0.85315	-0.68918	-0.54922	-0.40378	-0.35043	-0.23799	-0.14276	-0.0050339	0.029353	-4.5385
965.33	0.029488	-0.0092575	-0.04476	-0.074717	-0.094533	0.0064977	-0.11767	-0.10685	-0.034333	0.12983	0.35959	0.63084	0.79059	0.84615	0.39678	-0.77378	-1.4924	-1.5828	-1.5983	-1.215	-1.0117	-0.87091	-0.68808	-0.55038	-0.40775	-0.33125	-0.24121	-0.14576	-0.0082272	0.023985	-4.5111
963.41	0.025516	-0.016794	-0.060754	-0.085022	-0.099985	-0.0096767	-0.12165	-0.10786	-0.026721	0.046498	0.43962	0.60735	0.83176	0.81645	0.49175	-0.62622	-1.4675	-1.5723	-1.5931	-1.2116	-0.9924	-0.85212	-0.68085	-0.54034	-0.40931	-0.34591	-0.2509	-0.14823	-0.0034506	0.02326	-4.5355
961.61	0.018298	-0.0047753	-0.054495	-0.093793	-0.10984	-0.01738	-0.13838	-0.10886	-0.044467	0.046586	0.25503	0.53416	0.84917	0.77867	0.45837	-0.67719	-1.4743	-1.583	-1.5984	-1.2213	-1.0045	-0.86853	-0.68057	-0.53897	-0.39817	-0.35201	-0.22906	-0.1383	-0.016262	0.019441	-4.537
960.44	0.042576	0.0065313	-0.048179	-0.10253	-0.10029	-0.016545	-0.13104	-0.11538	-0.045291	0.21436	0.23767	0.419	0.74698	0.91344	0.39021	-0.77772	-1.4274	-1.5635	-1.5858	-1.1987	-1.0042	-0.86217	-0.67042	-0.54361	-0.39494	-0.33137	-0.25091	-0.12534	-0.0034613	0.017144	-4.3479
961.08	0.027195	-0.011559	-0.06409	-0.096194	-0.11166	-0.024221	-0.14521	-0.12965	-0.057578	-0.053971	0.36118	0.4022	0.83378	0.84204	0.49294	-0.68587	-1.3954	-1.536	-1.5382	-1.1921	-0.98455	-0.84597	-0.67938	-0.53687	-0.39393	-0.33505	-0.23535	-0.11578	-0.0090623	0.033367	-4.2625
964.69	0.052849	-0.0047586	-0.04479	-0.1052	-0.13226	-0.025831	-0.1499	-0.12916	-0.061964	0.038076	0.35983	0.51597	0.75159	0.76836	0.50819	-0.74949	-1.3298	-1.4741	-1.5203	-1.1496	-0.97299	-0.83051	-0.64952	-0.54439	-0.37688	-0.31515	-0.21453	-0.097186	-0.0026487	0.037094	-4.0749
967.66	0.028615	0.0057345	-0.073946	-0.093983	-0.11439	-0.024056	-0.1472	-0.13668	-0.067891	0.079588	0.16568	0.42409	0.7414	0.78162	0.5322	-0.60698	-1.2568	-1.4271	-1.4656	-1.1403	-0.93704	-0.80099	-0.62808	-0.50867	-0.36168	-0.30257	-0.21234	-0.1063	-0.0018443	0.039284	-3.8249
970.32	0.051744	-0.003239	-0.059532	-0.10304	-0.1402	-0.040063	-0.16761	-0.1521	-0.074566	0.021261	0.20899	0.3165	0.6922	0.90413	0.46274	-0.44905	-1.176	-1.3606	-1.4125	-1.0886	-0.94699	-0.78168	-0.62636	-0.50807	-0.36364	-0.30096	-0.21176	-0.10096	0.008471	0.027689	-3.5947
970.64	0.026127	-0.012939	-0.076876	-0.11929	-0.15582	-0.028212	-0.1839	-0.15836	-0.10198	-0.15301	0.38387	0.43096	0.72341	0.97394	0.40311	-0.36668	-1.0888	-1.301	-1.3417	-1.0891	-0.9326	-0.76839	-0.61452	-0.48028	-0.35615	-0.30164	-0.20102	-0.12763	0.01481	0.025384	-3.3432
971.28	0.037302	-0.0099461	-0.06105	-0.12153	-0.14006	-0.052699	-0.19195	-0.18586	-0.1301	0.05441	0.23501	0.35708	0.57374	0.95775	0.64061	-0.27606	-0.97293	-1.2106	-1.2683	-1.0112	-0.90697	-0.75567	-0.58312	-0.48154	-0.34045	-0.27366	-0.18108	-0.088591	0.001333	0.037607	-3.0247
970.11	0.02374	-0.0084643	-0.10298	-0.12789	-0.14807	-0.063763	-0.20482	-0.20425	-0.15694	-0.053468	0.18277	0.37389	0.75526	0.92771	0.66689	-0.16123	-0.85801	-1.1071	-1.1769	-0.96138	-0.83605	-0.71257	-0.56364	-0.45053	-0.34234	-0.29485	-0.20494	-0.11181	-0.0058067	0.035355	-2.6773
969.79	0.018143	-0.021163	-0.095113	-0.12948	-0.18123	-0.072248	-0.22199	-0.22565	-0.17454	-0.036867	0.12154	0.30029	0.60607	0.83448	0.69261	-0.21888	-0.75718	-1.0186	-1.1235	-0.92796	-0.80187	-0.70791	-0.54986	-0.46253	-0.31959	-0.27717	-0.20196	-0.10462	-0.0026333	0.031536	-2.3269
968.2	0.026193	-0.029428	-0.076279	-0.14058	-0.18327	-0.065585	-0.23279	-0.24343	-0.20081	-0.11181	0.086664	0.22693	0.57556	0.76558	0.67672	-0.0379	-0.59779	-0.92447	-1.0178	-0.86767	-0.78986	-0.66171	-0.53133	-0.44114	-0.32085	-0.27221	-0.19006	-0.10986	0.0076938	0.033889	-1.9797
966.71	0.024626	-0.021232	-0.082736	-0.14936	-0.1853	-0.084366	-0.2518	-0.26599	-0.22714	-0.045329	0.042886	0.12869	0.56855	0.8606	0.7119	0.077613	-0.48697	-0.83079	-0.93743	-0.80792	-0.72588	-0.64637	-0.53059	-0.41725	-0.31765	-0.26023	-0.18653	-0.099157	-0.0034388	0.030097	-1.6234
964.58	0.021461	-0.015273	-0.098802	-0.16452	-0.20498	-0.086254	-0.26432	-0.28485	-0.25601	-0.12894	0.034165	0.25249	0.55399	0.8233	0.86736	0.12743	-0.33952	-0.70583	-0.84368	-0.76254	-0.69441	-0.59287	-0.48181	-0.40625	-0.2961	-0.23749	-0.18387	-0.10446	0.0077226	0.034786	-1.2459
963.63	0.02954	-0.01679	-0.098902	-0.14125	-0.19993	-0.094007	-0.26533	-0.29546	-0.2793	-0.22101	-0.089167	0.23627	0.45164	0.80843	0.7912	0.2849	-0.23014	-0.60091	-0.75394	-0.69953	-0.65649	-0.57951	-0.47448	-0.39076	-0.28971	-0.23928	-0.16947	-0.094386	0.011722	0.023255	-0.85625
964.26	0.027105	-0.016027	-0.1036	-0.16613	-0.22083	-0.11267	-0.30629	-0.32149	-0.2983	-0.22921	-0.071488	-0.027517	0.34061	0.76085	0.7479	0.36747	-0.093338	-0.4907	-0.65683	-0.64692	-0.5962	-0.53977	-0.46558	-0.3754	-0.25911	-0.21969	-0.14557	-0.079063	0.0077251	0.041734	-0.43021
963.84	0.019867	-0.031063	-0.10206	-0.16308	-0.21391	-0.093135	-0.31915	-0.33832	-0.33988	-0.24604	-0.19488	-0.060493	0.34076	0.64352	0.73113	0.40903	0.016311	-0.39383	-0.56047	-0.58014	-0.55235	-0.51129	-0.43689	-0.32788	-0.26739	-0.22445	-0.14871	-0.092184	0.028488	0.042522	-0.057532
963.31	0.030356	-0.019051	-0.094162	-0.17099	-0.23771	-0.1179	-0.3343	-0.38145	-0.37001	-0.32979	-0.24786	-0.15123	0.34886	0.66743	0.77433	0.52525	0.13243	-0.29861	-0.45874	-0.52082	-0.51087	-0.47464	-0.41916	-0.33124	-0.22892	-0.20591	-0.15186	-0.063865	0.0037393	0.034061	0.38805
