12911	4	3	91	25.1	760	1	5	8	0.233	128	4096	10	0	0	0	0	29.824	955.16	1.4481e+006	0.11606	0.010021	40.176	0	0	1	0	0	0	11	0	0
976.94	0.019504	-0.03468	-0.15024	-0.21358	-0.32758	-0.37342	-0.49398	-0.63778	-0.72848	-0.9236	-1.0816	-1.3005	-1.1523	-0.72171	0.18135	0.77079	0.8572	0.60303	0.43989	0.12773	-0.022944	-0.10381	-0.15723	-0.14112	-0.13104	-0.11736	-0.096399	-0.061998	0.013976	0.042864	4.0616
976.09	0.01952	-0.026549	-0.14644	-0.22996	-0.327	-0.40234	-0.5055	-0.67209	-0.76549	-0.98217	-1.1869	-1.204	-1.2393	-0.89273	0.080116	0.657	0.85716	0.65486	0.48612	0.16381	0.005043	-0.073927	-0.1242	-0.13497	-0.11576	-0.0998	-0.08663	-0.044824	0.013198	0.030723	4.4604
975.99	0.032254	-0.031746	-0.13076	-0.23924	-0.33309	-0.39145	-0.53141	-0.691	-0.7921	-1.0401	-1.2567	-1.432	-1.3723	-1.0323	-0.13114	0.81245	0.85098	0.67763	0.52901	0.2227	0.043945	-0.042339	-0.11651	-0.12399	-0.10332	-0.095204	-0.08285	-0.055598	0.011622	0.040622	4.8849
976.2	0.029859	-0.015417	-0.14957	-0.25075	-0.35466	-0.41911	-0.5542	-0.71204	-0.84043	-1.1471	-1.4913	-1.5293	-1.6376	-1.2876	-0.15647	0.74687	0.85079	0.73551	0.56947	0.26026	0.090608	-0.01317	-0.091804	-0.092572	-0.08058	-0.087505	-0.079042	-0.034769	0.029751	0.040613	5.2577
974.39	0.028321	-0.035513	-0.15456	-0.25431	-0.35705	-0.44853	-0.56115	-0.74953	-0.88679	-1.2402	-1.4766	-1.7196	-1.7737	-1.5073	-0.27526	0.49436	0.83586	0.76972	0.63225	0.30087	0.12429	0.013585	-0.057211	-0.073088	-0.082198	-0.083822	-0.075393	-0.031238	0.022698	0.033063	5.6546
973.44	0.033933	-0.023644	-0.13582	-0.24373	-0.3574	-0.4262	-0.59652	-0.7967	-0.93326	-1.4151	-1.6176	-1.909	-1.94	-1.7883	-0.57207	0.47844	0.80598	0.80168	0.6811	0.35035	0.16341	0.033905	-0.047989	-0.047189	-0.073463	-0.057728	-0.045068	-0.034149	0.039321	0.036913	6.0545
971.63	0.033996	-0.027416	-0.14081	-0.26433	-0.35111	-0.43882	-0.62584	-0.8171	-0.98677	-1.4095	-1.6468	-1.888	-2.2655	-2.0796	-0.82778	0.53682	0.77516	0.81415	0.71634	0.38632	0.21608	0.079541	-0.021737	-0.037814	-0.036792	-0.053977	-0.035253	-0.012576	0.020386	0.05151	6.4421
972.06	0.017208	-0.024424	-0.15099	-0.28357	-0.38486	-0.44539	-0.63596	-0.83724	-1.0213	-1.5994	-1.5675	-2.1896	-2.4685	-2.3898	-1.0735	0.26566	0.71728	0.84082	0.75224	0.43049	0.24489	0.10554	0.0061488	-0.030704	-0.03236	-0.034679	-0.032953	-0.031313	0.016421	0.0362	6.8448
969.72	0.010041	-0.024481	-0.15767	-0.27649	-0.39102	-0.44646	-0.65757	-0.88112	-1.0703	-1.7196	-1.9215	-2.2604	-2.5452	-2.723	-1.1611	0.20871	0.68267	0.84708	0.77146	0.45621	0.27837	0.12536	0.015479	-0.0086585	-0.025801	-0.02858	-0.017775	-0.0068216	0.012492	0.033222	7.2307
970.89	0.0052315	-0.01923	-0.15906	-0.27849	-0.38619	-0.42817	-0.68278	-0.91242	-1.1254	-1.5765	-2.0854	-2.4295	-2.7857	-2.9922	-1.2362	0.12626	0.6203	0.86043	0.80226	0.5058	0.3101	0.14476	0.056551	0.0047665	-0.011034	-0.016194	-0.026898	-0.013308	0.028328	0.034715	7.6497
967.7	0.0068526	-0.043992	-0.18571	-0.2864	-0.38834	-0.43721	-0.69844	-0.93759	-1.1597	-1.7065	-2.2414	-2.6427	-3.0077	-3.1662	-1.5726	-0.15371	0.54001	0.85817	0.82233	0.53468	0.33466	0.18119	0.069182	0.019032	-0.012549	-0.015474	-0.01246	-0.0032146	0.026833	0.036363	8.0369
967.7	0.014075	-0.022288	-0.17067	-0.29807	-0.41104	-0.46605	-0.71857	-0.95659	-1.1903	-1.7648	-2.3467	-2.8726	-3.2678	-3.4162	-1.8454	-0.35164	0.44896	0.85393	0.84583	0.57427	0.37076	0.21224	0.087852	0.030907	0.010364	-0.0077287	-0.0094027	0.011991	0.026037	0.024848	8.4224
964.51	0.0052661	-0.042637	-0.16965	-0.28423	-0.43868	-0.45823	-0.73664	-1.005	-1.2464	-1.9544	-2.4249	-2.9397	-3.5791	-3.9213	-2.2448	-0.60929	0.35195	0.86016	0.84635	0.61754	0.41529	0.25475	0.11546	0.055634	0.029679	0.02022	0.012811	0.014937	0.013357	0.034173	8.8274
961.64	0.016586	-0.031466	-0.16458	-0.30543	-0.46372	-0.45875	-0.76434	-1.0407	-1.2794	-2.1026	-2.494	-3.1302	-3.8118	-4.1374	-2.5174	-0.76879	0.27413	0.83712	0.8565	0.6393	0.42205	0.27195	0.12754	0.066952	0.037948	0.0085889	-0.00099968	0.013525	0.0278	0.038911	9.1961
961	0.0036687	-0.033748	-0.1607	-0.29858	-0.44028	-0.45136	-0.77161	-1.0613	-1.3095	-2.0034	-2.637	-3.2893	-4.0922	-4.4627	-2.8967	-0.96029	0.17228	0.83768	0.86928	0.66048	0.46026	0.27296	0.15191	0.10447	0.052113	0.014833	0.018247	0.0062423	0.018211	0.029659	9.5269
960.58	0.0028625	-0.036026	-0.16635	-0.29558	-0.46247	-0.46865	-0.78246	-1.0769	-1.3478	-2.0714	-2.6912	-3.39	-4.1496	-4.7559	-2.9667	-1.077	0.070265	0.82608	0.88494	0.68487	0.48023	0.31012	0.16922	0.1085	0.064051	0.035126	0.019024	0.01354	0.032638	0.043594	9.8304
958.56	-0.005232	-0.030057	-0.16351	-0.32212	-0.4705	-0.51417	-0.83001	-1.0952	-1.3938	-2.0673	-2.6969	-3.4717	-4.3493	-4.8842	-3.2482	-1.2957	0.0064731	0.81155	0.8692	0.68714	0.50105	0.33057	0.17036	0.10873	0.061947	0.034419	0.024467	0.012836	0.023877	0.021983	10.141
960.05	-0.01412	-0.050379	-0.16325	-0.33181	-0.47065	-0.51423	-0.81369	-1.1142	-1.4148	-2.1984	-2.8077	-3.4746	-4.422	-5.1129	-3.4408	-1.327	-0.054183	0.77952	0.84799	0.68691	0.49631	0.32594	0.18342	0.12691	0.087183	0.050759	0.044464	0.024495	0.011016	0.025818	10.419
957.92	-0.0028036	-0.031588	-0.15402	-0.3129	-0.46463	-0.53251	-0.81776	-1.1119	-1.4511	-2.1612	-2.9469	-3.4823	-4.6627	-5.3136	-3.7412	-1.5049	-0.18147	0.76925	0.86748	0.73259	0.54815	0.36298	0.22076	0.13919	0.094844	0.047742	0.028346	0.038447	0.025498	0.011139	10.706
954.3	-0.019087	-0.052959	-0.16424	-0.31093	-0.46108	-0.5285	-0.82615	-1.1595	-1.4915	-2.3551	-3.0381	-3.7036	-4.8082	-5.6744	-3.8763	-1.7782	-0.25842	0.75152	0.86693	0.73787	0.54545	0.38342	0.2216	0.13169	0.089206	0.058916	0.041631	0.034923	-0.0010134	0.015851	10.964
955.69	-0.0028101	-0.044545	-0.17522	-0.30655	-0.47986	-0.56209	-0.80835	-1.1738	-1.5095	-2.259	-3.0248	-3.7814	-4.9609	-5.7216	-3.9484	-1.7923	-0.29973	0.73927	0.8603	0.73179	0.55658	0.38534	0.22522	0.15475	0.093566	0.063538	0.051633	0.033405	0.014286	0.010388	11.175
954.2	-0.0036294	-0.048409	-0.16345	-0.32201	-0.48416	-0.52254	-0.86932	-1.1684	-1.5181	-2.3047	-3.1542	-3.6957	-5.1045	-5.992	-4.0496	-1.8955	-0.39012	0.71978	0.85011	0.76053	0.57814	0.40252	0.23503	0.16061	0.10796	0.071492	0.062569	0.026848	0.03447	0.025976	11.41
954.84	-0.011757	-0.055962	-0.17778	-0.32653	-0.49003	-0.56002	-0.86799	-1.219	-1.5558	-2.3032	-3.2499	-3.843	-5.2609	-6.2493	-4.2542	-2.1199	-0.47009	0.69093	0.85799	0.77424	0.59128	0.41384	0.25143	0.17655	0.12286	0.069872	0.05323	0.027564	0.0086577	0.011954	11.609
953.77	-0.019098	-0.06134	-0.16031	-0.32295	-0.47728	-0.57699	-0.84551	-1.2139	-1.556	-2.424	-3.3514	-3.8806	-5.3867	-6.4782	-4.4579	-2.2979	-0.55737	0.68481	0.84434	0.78263	0.59512	0.4143	0.26197	0.17594	0.1215	0.080167	0.056391	0.034942	0.01028	0.01586	11.817
952.71	-0.019934	-0.06065	-0.17979	-0.32331	-0.47782	-0.54748	-0.86917	-1.1896	-1.5616	-2.5112	-3.2482	-4.0434	-5.5448	-6.5172	-4.6879	-2.2419	-0.62554	0.65628	0.83681	0.79439	0.60535	0.44382	0.27491	0.19222	0.12764	0.087336	0.057231	0.039394	0.0111	0.01276	11.98
951.86	-0.048502	-0.067552	-0.16788	-0.32439	-0.44984	-0.5359	-0.8654	-1.2043	-1.6151	-2.4119	-3.2422	-4.0887	-5.5418	-6.6263	-4.8134	-2.4116	-0.70739	0.63445	0.83448	0.79594	0.61786	0.4467	0.26566	0.19883	0.13903	0.081115	0.064277	0.023234	0.0038336	0.011208	12.09
953.77	-0.040264	-0.059822	-0.16352	-0.32689	-0.48526	-0.52449	-0.8629	-1.2589	-1.5777	-2.4493	-3.4582	-4.1887	-5.7386	-6.819	-4.9335	-2.5573	-0.73649	0.61596	0.83357	0.8002	0.62219	0.44498	0.29354	0.1912	0.12225	0.086451	0.056391	0.03935	0.0038259	0.0041755	12.257
952.6	-0.032978	-0.0713	-0.15488	-0.3028	-0.48674	-0.55961	-0.87608	-1.2331	-1.6084	-2.4185	-3.3288	-4.1355	-5.7456	-6.9862	-5.0175	-2.6023	-0.76555	0.62016	0.82998	0.80034	0.63092	0.45548	0.29311	0.20752	0.13216	0.090492	0.0751	0.034984	0.015947	0.0057426	12.352
949.84	-0.039614	-0.062358	-0.15533	-0.32428	-0.45346	-0.53012	-0.8923	-1.2311	-1.638	-2.4425	-3.4279	-4.2145	-5.8426	-6.9667	-5.0842	-2.7191	-0.81536	0.60642	0.81617	0.81864	0.64235	0.45598	0.28604	0.2041	0.1333	0.09549	0.071424	0.038774	0.020855	0.0065397	12.453
951.75	-0.036271	-0.063754	-0.17755	-0.29437	-0.47297	-0.54717	-0.88141	-1.198	-1.63	-2.4884	-3.528	-4.2394	-5.9431	-7.0004	-4.9786	-2.7221	-0.82258	0.60347	0.82301	0.82118	0.63867	0.46503	0.29891	0.21174	0.15032	0.096085	0.069726	0.037962	0.018388	-0.0028407	12.551
948.14	-0.041323	-0.060943	-0.16207	-0.29231	-0.48191	-0.50857	-0.8977	-1.2446	-1.6206	-2.4809	-3.5325	-4.0796	-5.9979	-7.2264	-5.2847	-2.8587	-0.87258	0.60318	0.82924	0.81506	0.65312	0.47181	0.31593	0.20689	0.14712	0.10989	0.077014	0.056582	0.0079061	-0.0059859	12.592
950.26	-0.051854	-0.085194	-0.14962	-0.30354	-0.44348	-0.53507	-0.87672	-1.2329	-1.6388	-2.6194	-3.4978	-4.2711	-5.9684	-7.2023	-5.134	-2.9951	-0.91658	0.57505	0.805	0.83339	0.64766	0.47574	0.30096	0.20642	0.14829	0.096236	0.079955	0.051294	0.0014089	0.0057568	12.657
950.37	-0.036324	-0.050129	-0.15847	-0.32093	-0.47633	-0.53242	-0.88193	-1.2554	-1.6643	-2.5767	-3.3902	-4.3041	-5.9999	-7.273	-5.1074	-2.9527	-0.92293	0.5793	0.81109	0.80894	0.64359	0.47819	0.30172	0.20882	0.13548	0.095437	0.059706	0.039491	0.0046489	-0.0020635	12.681
949.63	-0.037171	-0.081439	-0.16262	-0.29344	-0.45891	-0.54234	-0.8811	-1.2499	-1.629	-2.46	-3.5359	-4.2322	-6.1491	-7.1434	-5.2243	-2.9719	-0.95269	0.56766	0.81713	0.82218	0.65449	0.48023	0.30909	0.21382	0.1499	0.10183	0.069102	0.043211	0.0087052	0.0073246	12.681
951.33	-0.055876	-0.071395	-0.1567	-0.30083	-0.47762	-0.53275	-0.88787	-1.2179	-1.6455	-2.5149	-3.601	-4.1244	-5.9377	-7.2419	-5.1456	-2.9414	-0.91797	0.59166	0.82338	0.80897	0.6637	0.47106	0.30775	0.20941	0.13911	0.10716	0.065867	0.043133	0.011115	-0.0090911	12.687
947.07	-0.065964	-0.073248	-0.14931	-0.32046	-0.4646	-0.55421	-0.88424	-1.2678	-1.6342	-2.5432	-3.4648	-4.1848	-5.9885	-7.2984	-5.2209	-2.8366	-0.91643	0.59085	0.82011	0.82524	0.65065	0.48319	0.30675	0.22006	0.15257	0.10606	0.065384	0.020392	-0.0010242	-0.0067782	12.648
950.37	-0.024886	-0.053939	-0.13993	-0.30509	-0.47277	-0.50564	-0.85765	-1.2376	-1.6075	-2.5598	-3.4885	-4.2038	-5.9597	-7.1458	-5.2289	-2.81	-0.89229	0.59657	0.82498	0.82657	0.66916	0.48484	0.31518	0.21446	0.13849	0.10175	0.080726	0.05055	0.017603	0.015137	12.645
945.37	-0.02666	-0.071845	-0.15282	-0.32343	-0.48063	-0.53697	-0.90796	-1.2361	-1.6488	-2.454	-3.5159	-4.1252	-6.0074	-7.2715	-5.1518	-2.9008	-0.90025	0.59539	0.81925	0.84192	0.66387	0.469	0.32083	0.22289	0.1415	0.10863	0.075675	0.050817	0.005487	0.0057866	12.666
949.94	-0.021627	-0.05549	-0.16096	-0.30998	-0.44452	-0.52747	-0.86259	-1.2535	-1.6121	-2.3998	-3.2487	-4.0635	-5.85	-6.9659	-5.0576	-2.6348	-0.81608	0.60289	0.82844	0.81098	0.6271	0.45093	0.29552	0.19923	0.13178	0.089955	0.057398	0.034345	0.0062718	0.0065389	12.664
946.86	-0.016779	-0.039606	-0.15582	-0.29827	-0.43793	-0.53526	-0.86768	-1.2309	-1.6111	-2.3736	-3.34	-4.127	-5.6999	-6.805	-4.865	-2.4917	-0.72326	0.64126	0.84198	0.82205	0.62833	0.45073	0.29012	0.21202	0.14052	0.094208	0.063836	0.043337	0.012794	0.011269	12.548
950.16	-0.022439	-0.059287	-0.1448	-0.28139	-0.47021	-0.55932	-0.87606	-1.2315	-1.5961	-2.4501	-3.2748	-4.0542	-5.5918	-6.7813	-4.8481	-2.4159	-0.70543	0.64768	0.83674	0.79652	0.62456	0.4475	0.28832	0.19838	0.11895	0.091515	0.065948	0.041712	0.01113	0.0081006	12.346
948.35	-0.026577	-0.051762	-0.14426	-0.2986	-0.46309	-0.52663	-0.89674	-1.2144	-1.5836	-2.3189	-3.3975	-3.8777	-5.5623	-6.5551	-4.5529	-2.513	-0.64619	0.67228	0.83061	0.79973	0.61134	0.43251	0.28252	0.16322	0.12069	0.078254	0.055154	0.039575	0.00060226	0.0002827	12.168
951.33	-0.022412	-0.041704	-0.15025	-0.31428	-0.46519	-0.52671	-0.86133	-1.1921	-1.5429	-2.3709	-3.2529	-3.949	-5.4487	-6.4074	-4.556	-2.2787	-0.57732	0.67449	0.84651	0.78632	0.61261	0.42534	0.26344	0.18042	0.10979	0.082735	0.052648	0.032085	0.0078796	0.0096547	11.96
951.33	-0.019963	-0.047796	-0.12287	-0.31349	-0.47229	-0.54051	-0.83935	-1.2066	-1.5234	-2.2185	-3.0923	-3.782	-5.4086	-6.3359	-4.4347	-2.0941	-0.51854	0.69779	0.86039	0.78799	0.59426	0.41703	0.26106	0.17076	0.11054	0.077221	0.04565	0.0203	0.0046427	-0.0020614	11.763
952.39	-0.015865	-0.041658	-0.16135	-0.31314	-0.45225	-0.53646	-0.85658	-1.1996	-1.5349	-2.3429	-3.1869	-3.7695	-5.1943	-6.1066	-4.1699	-2.0583	-0.42384	0.71338	0.85866	0.77371	0.58163	0.39083	0.25208	0.16735	0.10516	0.072412	0.036278	0.034992	0.0046375	0.0026221	11.573
951.86	0.0012565	-0.04016	-0.16868	-0.32201	-0.47203	-0.5359	-0.83509	-1.1713	-1.4923	-2.2681	-3.0905	-3.7382	-5.0049	-5.9988	-4.0943	-1.8834	-0.3613	0.73879	0.86838	0.77498	0.57318	0.39686	0.24352	0.1594	0.10446	0.063005	0.039406	0.014401	0.011917	0.013552	11.341
950.58	-0.015079	-0.044784	-0.16407	-0.32878	-0.45666	-0.51503	-0.83166	-1.1729	-1.4857	-2.1609	-3.05	-3.5427	-5.0036	-5.8478	-3.8048	-1.8355	-0.30456	0.74756	0.86569	0.75251	0.56676	0.37577	0.22959	0.13704	0.080527	0.066242	0.023115	0.019579	0.0095039	0.012007	11.122
951.01	-0.01997	-0.044002	-0.15917	-0.31993	-0.43602	-0.48114	-0.82294	-1.124	-1.4726	-2.2193	-3.004	-3.7165	-4.8329	-5.5908	-3.7597	-1.6501	-0.21904	0.76794	0.86531	0.74379	0.54734	0.35648	0.21208	0.13537	0.081994	0.044936	0.026218	0.016622	0.017592	0.012783	10.922
954.41	-0.0060694	-0.044605	-0.1594	-0.30774	-0.44687	-0.49232	-0.78902	-1.1136	-1.4449	-2.0848	-2.8687	-3.3953	-4.5919	-5.349	-3.5216	-1.385	-0.12594	0.78756	0.86376	0.7127	0.53823	0.34692	0.20265	0.11643	0.087698	0.043206	0.020698	0.0099557	0.019141	0.020522	10.615
953.35	0.010213	-0.027182	-0.14833	-0.30967	-0.45357	-0.4877	-0.79974	-1.106	-1.4193	-2.1969	-2.8007	-3.2407	-4.445	-5.0695	-3.2573	-1.3196	-0.035279	0.79619	0.87241	0.71182	0.52051	0.34482	0.19656	0.11093	0.084044	0.031461	0.024601	0.012172	0.025621	0.01353	10.375
954.52	0.0069473	-0.027907	-0.17142	-0.29982	-0.45036	-0.50001	-0.78214	-1.0693	-1.3951	-2.1352	-2.7706	-3.32	-4.2798	-4.8257	-3.0719	-1.2009	0.020147	0.81069	0.86059	0.69339	0.48646	0.30215	0.17344	0.10598	0.056216	0.028283	0.021469	0.015093	0.022365	0.025191	10.08
957.18	0.016663	-0.040693	-0.15814	-0.30686	-0.43057	-0.49176	-0.77017	-1.0696	-1.334	-2.0198	-2.7274	-3.2942	-4.1085	-4.5832	-2.8652	-1.1059	0.10013	0.83245	0.86279	0.66979	0.46448	0.28314	0.1706	0.080871	0.040368	0.023505	0.0051785	0.012123	0.011851	0.0064895	9.7594
954.3	0.023222	-0.042334	-0.15139	-0.29358	-0.43098	-0.45539	-0.76342	-1.0487	-1.3295	-1.9753	-2.5042	-3.2874	-3.9211	-4.391	-2.6577	-0.84996	0.21764	0.85388	0.86923	0.65926	0.45633	0.27404	0.15376	0.080313	0.038239	0.017293	0.0075214	0.0070213	0.02237	0.0080654	9.4665
961.22	0.0020532	-0.043536	-0.15668	-0.29382	-0.43843	-0.47944	-0.74592	-1.0141	-1.2792	-1.8856	-2.5127	-3.239	-3.6072	-4.1864	-2.4928	-0.6778	0.2894	0.85201	0.8523	0.62214	0.42461	0.24739	0.11742	0.056623	0.016387	0.0054741	-0.0079276	-0.006152	0.014204	0.023467	9.1387
955.05	0.022391	-0.024858	-0.17052	-0.2768	-0.42622	-0.49543	-0.74998	-0.99894	-1.2619	-1.9906	-2.3334	-3.0187	-3.5666	-3.8018	-2.293	-0.57356	0.38031	0.85063	0.85089	0.58772	0.40111	0.24237	0.098473	0.040945	0.01724	-0.0054767	-0.014175	-0.0054584	0.011072	0.021286	8.7655
959.41	0.01986	-0.033049	-0.1442	-0.303	-0.41195	-0.512	-0.70297	-0.94489	-1.196	-1.7381	-2.2077	-2.7318	-3.2324	-3.6112	-2.0161	-0.21327	0.45284	0.86217	0.84932	0.56842	0.37792	0.22066	0.089394	0.034369	0.0029978	-0.01092	-0.022593	-0.02004	0.015834	0.034355	8.439
960.68	-0.0076454	-0.033005	-0.18308	-0.2838	-0.39909	-0.4968	-0.69228	-0.91812	-1.1713	-1.8448	-2.0457	-2.7199	-3.117	-3.386	-1.7644	-0.10501	0.50567	0.85931	0.83445	0.54025	0.33869	0.16358	0.068906	0.0096023	-0.015619	-0.021048	-0.020252	-0.018554	0.024626	0.032763	8.0822
961.96	0.0052801	-0.043502	-0.1701	-0.28811	-0.38626	-0.51491	-0.68387	-0.92009	-1.1267	-1.6497	-2.0959	-2.5098	-2.8908	-3.0593	-1.5734	-0.07167	0.56951	0.84025	0.79903	0.50967	0.31929	0.16089	0.055512	-0.0015616	-0.020803	-0.032707	-0.033301	-0.018529	0.032591	0.029629	7.6875
962.17	0.031102	-0.011125	-0.13502	-0.25519	-0.38706	-0.43972	-0.66722	-0.89122	-1.0818	-1.5573	-2.016	-2.402	-2.7	-2.815	-1.3759	-0.07167	0.64821	0.8631	0.78742	0.48716	0.28529	0.13703	0.039851	-0.018281	-0.035666	-0.038151	-0.038675	0.019343	0.030986	0.028078	7.3472
959.94	0.026321	-0.017941	-0.15848	-0.27382	-0.38796	-0.47324	-0.64699	-0.86217	-1.0604	-1.628	-1.8703	-2.2255	-2.5632	-2.5459	-1.1901	0.23578	0.71915	0.84715	0.76403	0.44922	0.25035	0.096161	0.0077953	-0.040669	-0.038731	-0.046827	-0.040307	-0.018568	0.025445	0.037432	6.9674
967.06	0.010871	-0.031289	-0.16128	-0.28971	-0.37811	-0.42731	-0.62731	-0.83284	-1.0113	-1.5494	-1.8478	-2.012	-2.3472	-2.3005	-0.88287	0.3083	0.76139	0.83328	0.72655	0.41621	0.21082	0.08237	-0.006274	-0.053046	-0.053976	-0.061208	-0.056075	-0.030025	0.024463	0.028705	6.5829
963.34	0.027035	-0.026149	-0.1444	-0.25957	-0.39097	-0.41874	-0.60203	-0.83049	-0.9776	-1.3631	-1.6169	-1.8631	-2.2058	-1.9954	-0.68937	0.43376	0.79216	0.8186	0.7027	0.37639	0.18325	0.051499	-0.021925	-0.061998	-0.060867	-0.062999	-0.065508	-0.029414	0.01657	0.034215	6.1862
968.02	0.029311	-0.030511	-0.15083	-0.24199	-0.36028	-0.43961	-0.59539	-0.78612	-0.92014	-1.2982	-1.5477	-1.8377	-2.0533	-1.7281	-0.56676	0.42343	0.81841	0.79854	0.67127	0.33253	0.14785	0.013675	-0.059922	-0.076736	-0.073872	-0.07276	-0.064426	-0.033616	0.014897	0.034049	5.7864
966.96	0.01007	-0.042529	-0.14386	-0.24148	-0.35543	-0.41208	-0.57964	-0.75608	-0.87907	-1.2997	-1.4177	-1.6836	-1.8032	-1.5345	-0.33709	0.65498	0.83516	0.76291	0.61208	0.29906	0.11268	-0.0092067	-0.070886	-0.10613	-0.085789	-0.092993	-0.085154	-0.045248	0.01014	0.025633	5.4122
968.76	0.026081	-0.025254	-0.12699	-0.2488	-0.35128	-0.38335	-0.55771	-0.70564	-0.83772	-1.131	-1.2485	-1.6066	-1.4612	-1.2429	-0.31091	0.78555	0.851	0.73183	0.58595	0.24331	0.089737	-0.020616	-0.094063	-0.10989	-0.10187	-0.10597	-0.073541	-0.056011	0.02283	0.041693	5.0258
971.31	0.022815	-0.013258	-0.13849	-0.24427	-0.34079	-0.40347	-0.5258	-0.68249	-0.78373	-1.1114	-1.1666	-1.4389	-1.5281	-1.1229	-0.17423	0.62739	0.84009	0.68597	0.52929	0.21309	0.041811	-0.060453	-0.13257	-0.13563	-0.11191	-0.12421	-0.10229	-0.057309	0.014057	0.039288	4.6423
969.19	0.030877	-0.037945	-0.13563	-0.24946	-0.31451	-0.39165	-0.51803	-0.66186	-0.75873	-1.1388	-1.0289	-1.3846	-1.319	-0.98491	0.13173	0.87578	0.84904	0.6392	0.47217	0.15263	0.0042944	-0.092402	-0.14373	-0.14067	-0.12766	-0.11211	-0.099461	-0.054541	0.020439	0.039375	4.2693
971.42	0.028408	-0.010273	-0.12112	-0.22874	-0.29117	-0.35949	-0.48565	-0.63037	-0.73947	-0.83765	-0.97412	-1.1034	-1.0019	-0.65577	0.20783	0.86555	0.82974	0.57689	0.40766	0.10791	-0.036364	-0.12149	-0.16432	-0.16164	-0.14135	-0.13577	-0.096186	-0.063073	0.021975	0.039284	3.8796
974.29	0.019557	-0.019163	-0.12705	-0.2188	-0.27817	-0.36264	-0.46202	-0.59549	-0.71376	-0.85172	-1.0148	-1.092	-0.84234	-0.43657	0.40195	0.90395	0.81786	0.52548	0.34171	0.037155	-0.080684	-0.15116	-0.19628	-0.18869	-0.16663	-0.13845	-0.10729	-0.043467	0.002956	0.039932	3.4973
972.69	0.027572	-0.010259	-0.12254	-0.20291	-0.28471	-0.34889	-0.45091	-0.56496	-0.68298	-0.8117	-0.99904	-0.955	-0.78883	-0.36732	0.38566	0.93825	0.82078	0.48921	0.28798	0.001116	-0.11126	-0.18962	-0.2175	-0.20002	-0.17941	-0.15254	-0.14093	-0.053625	0.018781	0.040759	3.1224
976.41	0.030649	-0.016155	-0.13698	-0.2029	-0.29141	-0.33495	-0.41817	-0.53299	-0.63795	-0.8086	-0.82999	-0.80493	-0.63742	-0.18783	0.54467	0.93469	0.78862	0.43355	0.23505	-0.036484	-0.16061	-0.214	-0.2398	-0.22437	-0.17579	-0.16655	-0.11615	-0.051267	0.0076772	0.050497	2.7263
971.42	0.036401	-0.023693	-0.11481	-0.18922	-0.26246	-0.32315	-0.40027	-0.50971	-0.59477	-0.77132	-0.72937	-0.67003	-0.55432	-0.11876	0.47954	0.79163	0.73274	0.33269	0.14338	-0.099107	-0.2185	-0.25254	-0.27125	-0.23499	-0.19952	-0.1674	-0.12665	-0.068122	-0.0033753	0.024751	2.3664
977.37	0.032208	-0.046521	-0.12038	-0.20117	-0.25741	-0.33379	-0.3971	-0.51209	-0.56466	-0.71715	-0.69018	-0.51968	-0.4495	0.083089	0.69603	0.87662	0.69849	0.28447	0.079464	-0.14504	-0.24436	-0.28175	-0.29579	-0.26256	-0.19611	-0.20702	-0.1501	-0.072009	0.0037336	0.026121	1.9685
975.77	0.033056	-0.025816	-0.10566	-0.18144	-0.22839	-0.31498	-0.36744	-0.48545	-0.51099	-0.67707	-0.58687	-0.52866	-0.16102	0.19944	0.60418	0.88623	0.62583	0.19325	0.0096838	-0.20907	-0.29846	-0.31543	-0.31864	-0.26927	-0.21769	-0.20659	-0.13367	-0.087207	-0.0073012	0.039109	1.5326
976.31	0.032243	-0.01764	-0.10639	-0.18288	-0.23086	-0.29463	-0.35394	-0.45772	-0.48268	-0.56945	-0.49087	-0.5121	-0.082805	0.32324	0.65455	0.81216	0.54466	0.10906	-0.076722	-0.27272	-0.33174	-0.34604	-0.34006	-0.29737	-0.24248	-0.21953	-0.1389	-0.088594	0.0084673	0.045175	1.1709
976.2	0.032247	-0.00057725	-0.11425	-0.16517	-0.2179	-0.27448	-0.31482	-0.43501	-0.44181	-0.43748	-0.39526	-0.29244	0.050011	0.48589	0.90808	0.85315	0.46389	0.027512	-0.16991	-0.33406	-0.3769	-0.38415	-0.36168	-0.30525	-0.24763	-0.21572	-0.14119	-0.083579	-0.010452	0.033764	0.80157
980.55	0.014682	-0.0027908	-0.084052	-0.15292	-0.19453	-0.26489	-0.31196	-0.3901	-0.39684	-0.49304	-0.25494	-0.32355	0.026452	0.44519	0.71058	0.86562	0.36886	-0.070551	-0.25069	-0.40175	-0.42788	-0.41873	-0.38464	-0.32655	-0.25747	-0.21323	-0.16998	-0.097501	0.0099993	0.038161	0.41389
978.85	0.033745	-0.006496	-0.092807	-0.16087	-0.18882	-0.25613	-0.29555	-0.37043	-0.36125	-0.33754	-0.23802	-0.20239	0.081041	0.56955	0.82977	0.63885	0.26071	-0.18053	-0.35678	-0.45626	-0.4744	-0.46307	-0.4053	-0.32477	-0.26596	-0.22815	-0.16499	-0.092659	0.0068708	0.048094	0.070223
978.54	0.035342	-0.0050172	-0.089706	-0.14631	-0.19234	-0.27299	-0.28607	-0.35803	-0.33869	-0.37059	-0.25546	-0.12127	0.25256	0.56973	0.91435	0.57382	0.18876	-0.25021	-0.42286	-0.49555	-0.51335	-0.47615	-0.42928	-0.38047	-0.27116	-0.25426	-0.17487	-0.089825	0.0060885	0.03824	-0.27809
979.07	0.040082	-0.010193	-0.081832	-0.12855	-0.17411	-0.2435	-0.26307	-0.33201	-0.30148	-0.34569	-0.19462	-0.064427	0.27579	0.77792	0.81275	0.41049	0.060331	-0.34649	-0.52303	-0.57109	-0.55185	-0.51466	-0.45519	-0.38026	-0.26956	-0.24723	-0.16646	-0.099796	-0.0041329	0.038219	-0.62496
979.07	0.032945	-0.008714	-0.075573	-0.13777	-0.18533	-0.2326	-0.25423	-0.31636	-0.27579	-0.25519	-0.22064	-0.015727	0.36927	0.7316	0.76222	0.41865	-0.046087	-0.4538	-0.60469	-0.61184	-0.61313	-0.53324	-0.48748	-0.392	-0.28563	-0.2725	-0.18913	-0.11554	0.0084434	0.028353	-0.8882
977.58	0.03776	-0.0094677	-0.066283	-0.12335	-0.16659	-0.27578	-0.24282	-0.30665	-0.26561	-0.29679	-0.18621	0.00049123	0.35422	0.73268	0.67056	0.37846	-0.099449	-0.51075	-0.67089	-0.65441	-0.62649	-0.56478	-0.48822	-0.3973	-0.29704	-0.27061	-0.20002	-0.099948	0.0037327	0.039798	-1.1637
981.83	0.021781	-0.00057394	-0.080042	-0.13432	-0.17362	-0.24616	-0.23589	-0.28348	-0.23583	-0.32832	-0.012466	0.049037	0.36045	0.71412	0.78525	0.30367	-0.20358	-0.59465	-0.74568	-0.71579	-0.65858	-0.58328	-0.51524	-0.40026	-0.30085	-0.27096	-0.1999	-0.1038	0.0013636	0.02449	-1.459
981.62	0.043143	-0.0079525	-0.060549	-0.098307	-0.1573	-0.24705	-0.21243	-0.26559	-0.21478	-0.1889	-0.029744	0.21088	0.43823	0.76049	0.87786	0.23868	-0.34488	-0.70181	-0.83925	-0.76716	-0.70127	-0.62127	-0.52302	-0.42142	-0.32205	-0.2695	-0.20145	-0.095968	-0.01353	0.036605	-1.6843
983.32	0.030434	-0.013095	-0.064339	-0.11957	-0.145	-0.23994	-0.21353	-0.25344	-0.1798	-0.22953	0.013494	0.20244	0.55383	0.8822	0.58278	-0.013304	-0.42298	-0.7824	-0.89449	-0.80154	-0.73558	-0.65075	-0.56039	-0.45809	-0.32076	-0.29647	-0.21013	-0.11148	-0.010377	0.03503	-1.9325
982.68	0.037564	-0.018264	-0.053466	-0.092838	-0.13134	-0.17578	-0.20413	-0.23256	-0.1754	-0.16409	0.15175	0.17024	0.47658	0.91354	0.70904	0.011053	-0.52772	-0.8489	-0.96225	-0.85485	-0.76697	-0.6737	-0.56688	-0.45215	-0.32679	-0.29056	-0.21328	-0.11726	-0.0072514	0.038077	-2.1472
981.4	0.02891	-0.0050025	-0.073051	-0.097562	-0.12548	-0.19274	-0.1941	-0.21803	-0.14698	-0.082243	0.15195	0.13	0.53936	0.89162	0.65115	-0.01333	-0.57681	-0.88848	-0.99115	-0.89092	-0.78112	-0.66813	-0.57069	-0.45586	-0.34252	-0.30774	-0.20602	-0.12383	0.0037182	0.025256	-2.3559
982.57	0.015441	-0.0042613	-0.066727	-0.096679	-0.13909	-0.21005	-0.17625	-0.20763	-0.14304	-0.22969	0.1172	0.34003	0.57754	0.73667	0.59162	-0.12704	-0.69229	-0.98683	-1.0893	-0.9256	-0.82501	-0.69228	-0.56235	-0.48494	-0.35595	-0.30432	-0.22987	-0.13795	-0.004901	0.019177	-2.5326
980.87	0.036843	0.0082855	-0.07309	-0.097613	-0.13158	-0.20037	-0.16406	-0.20018	-0.13122	-0.2301	0.178	0.23535	0.57854	0.65317	0.56742	-0.15165	-0.76145	-1.0404	-1.13	-0.94836	-0.83418	-0.70316	-0.60093	-0.47875	-0.3624	-0.31096	-0.23932	-0.11461	-0.0080489	0.024514	-2.7047
982.68	0.032034	-0.00057345	-0.058143	-0.084412	-0.12962	-0.18079	-0.16596	-0.19046	-0.12119	-0.24606	0.2036	0.34	0.64734	0.84431	0.6419	-0.24882	-0.84035	-1.0987	-1.1847	-1.0002	-0.86433	-0.72117	-0.59523	-0.48333	-0.3479	-0.31039	-0.23286	-0.11298	-0.0049019	0.032784	-2.8647
981.19	0.019419	-0.0057413	-0.059013	-0.09835	-0.11689	-0.19863	-0.15445	-0.16967	-0.090462	-0.057615	0.22986	0.32433	0.60168	0.84559	0.55882	-0.37933	-0.95405	-1.2041	-1.2508	-1.0156	-0.88886	-0.74886	-0.6107	-0.49812	-0.36155	-0.32614	-0.21059	-0.12029	-0.0072609	0.035864	-3.0125
983	0.032024	0.006057	-0.051889	-0.083619	-0.10121	-0.19576	-0.14683	-0.17169	-0.089545	-0.057525	0.082583	0.30757	0.70145	0.80559	0.51583	-0.49229	-1.0053	-1.2369	-1.3015	-1.047	-0.88568	-0.7692	-0.61418	-0.49798	-0.3587	-0.31639	-0.21698	-0.13361	-0.016641	0.031263	-3.1466
981.51	0.024161	0.0023773	-0.045724	-0.073009	-0.12288	-0.18101	-0.14264	-0.15868	-0.078375	-0.016585	0.29899	0.42134	0.72582	0.7991	0.44939	-0.428	-1.0099	-1.2304	-1.2975	-1.0421	-0.9025	-0.76634	-0.61664	-0.51903	-0.37528	-0.31839	-0.22635	-0.12953	-0.022939	0.034338	-3.2701
980.34	0.034487	0.010507	-0.04656	-0.089988	-0.11096	-0.19713	-0.14134	-0.16278	-0.078466	-0.14806	0.16943	0.3084	0.64887	0.87717	0.45835	-0.51805	-1.0674	-1.2821	-1.3416	-1.0759	-0.89583	-0.78419	-0.62429	-0.51574	-0.37791	-0.31419	-0.23492	-0.11682	0.013927	0.038169	-3.3234
981.83	0.016245	-0.032295	-0.060534	-0.090619	-0.12026	-0.20687	-0.13819	-0.15707	-0.086636	-0.12322	0.17783	0.25938	0.65567	0.76804	0.45766	-0.45224	-1.0791	-1.2844	-1.3478	-1.0742	-0.94397	-0.79428	-0.63791	-0.51262	-0.389	-0.32516	-0.24135	-0.13663	0.0013636	0.021462	-3.3828
981.62	0.031278	0.016395	-0.046499	-0.081436	-0.10393	-0.1927	-0.13308	-0.15008	-0.072336	-0.0001655	0.16054	0.33228	0.70243	0.76049	0.56699	-0.41981	-1.1168	-1.3131	-1.3735	-1.0923	-0.92638	-0.79203	-0.64034	-0.51117	-0.39054	-0.32294	-0.23235	-0.14165	-0.0088278	0.039634	-3.4286
981.51	0.029697	-0.0086923	-0.058212	-0.092948	-0.11169	-0.2178	-0.14558	-0.14932	-0.0633	0.032674	0.20383	0.33231	0.68695	0.72978	0.48302	-0.57435	-1.1871	-1.3575	-1.4043	-1.0957	-0.93654	-0.8034	-0.64425	-0.52606	-0.38694	-0.32221	-0.23539	-0.13239	-0.010396	0.032823	-3.4804
982.25	0.027306	-0.01016	-0.057388	-0.09058	-0.12451	-0.21848	-0.14914	-0.15544	-0.076055	-0.098564	0.22097	0.29163	0.76408	0.72152	0.42388	-0.59829	-1.148	-1.3365	-1.398	-1.1144	-0.94047	-0.80118	-0.65143	-0.53034	-0.39101	-0.33341	-0.23522	-0.133	0.003715	0.034312	-3.5048
978.96	0.044847	-0.0035361	-0.041931	-0.080889	-0.1163	-0.19573	-0.13859	-0.14345	-0.07631	-0.065985	0.187	0.34129	0.73548	0.83205	0.52639	-0.50247	-1.1675	-1.3493	-1.4005	-1.1051	-0.92967	-0.79903	-0.65285	-0.51256	-0.36383	-0.34755	-0.23072	-0.12557	-0.019855	0.023042	-3.5078
982.57	0.024135	0.0075331	-0.058149	-0.082123	-0.10813	-0.20754	-0.12267	-0.1476	-0.072266	0.02443	0.18635	0.38048	0.6474	0.68281	0.54125	-0.56561	-1.1656	-1.3561	-1.414	-1.0978	-0.95253	-0.80253	-0.63972	-0.51301	-0.38433	-0.3211	-0.2389	-0.13724	-0.012734	0.025983	-3.5002
980.45	0.017851	-0.0027911	-0.058275	-0.10226	-0.11095	-0.21051	-0.12808	-0.14479	-0.072422	-0.016603	0.2387	0.35698	0.64102	0.84622	0.40784	-0.41218	-1.1134	-1.3255	-1.3737	-1.1018	-0.92903	-0.79137	-0.66261	-0.51178	-0.38152	-0.33479	-0.22433	-0.12896	-0.0002034	0.037406	-3.4758
981.4	0.042361	0.00090097	-0.050413	-0.079154	-0.10482	-0.21783	-0.13604	-0.16104	-0.073859	-0.032993	0.22116	0.38901	0.68703	0.78377	0.50827	-0.4199	-1.1186	-1.3259	-1.3776	-1.1064	-0.94283	-0.78334	-0.63742	-0.50738	-0.39208	-0.33523	-0.2407	-0.13597	0.0013642	0.035098	-3.4987
980.34	0.028943	-0.009441	-0.066879	-0.084613	-0.11355	-0.2189	-0.13472	-0.15653	-0.070166	-0.00016571	0.19541	0.30028	0.72667	0.79233	0.44152	-0.48549	-1.1292	-1.324	-1.3686	-1.093	-0.95625	-0.79952	-0.64809	-0.50949	-0.36478	-0.32413	-0.23567	-0.1354	-0.0056981	0.048021	-3.4926
980.98	0.028131	-0.011651	-0.0559	-0.096069	-0.12381	-0.22211	-0.1486	-0.1533	-0.077662	-0.057627	0.13469	0.34059	0.64845	0.72246	0.55054	-0.39569	-1.0745	-1.2938	-1.343	-1.0898	-0.93937	-0.7998	-0.64613	-0.52712	-0.38204	-0.33232	-0.24306	-0.1246	0.012349	0.032841	-3.3981
980.77	0.032886	0.0031172	-0.049664	-0.10223	-0.11178	-0.22215	-0.14569	-0.15646	-0.088993	-0.10694	0.29058	0.31638	0.7108	0.98469	0.58429	-0.41204	-0.98259	-1.218	-1.279	-1.042	-0.86989	-0.76128	-0.61634	-0.49208	-0.35733	-0.30259	-0.22652	-0.12892	0.0060747	0.032092	-3.2518
983.32	0.027277	-0.0020482	-0.06278	-0.083592	-0.12266	-0.22575	-0.15265	-0.17709	-0.11209	-0.13942	0.19482	0.3721	0.69345	0.85912	0.48213	-0.34605	-0.90447	-1.1664	-1.2227	-1.0044	-0.85451	-0.73116	-0.60862	-0.49392	-0.3564	-0.31248	-0.23346	-0.11362	-0.0080289	0.036542	-3.0537
982.25	0.026513	-0.027858	-0.066749	-0.10514	-0.13655	-0.20594	-0.16383	-0.19288	-0.11522	-0.12317	-0.055678	0.40484	0.66313	0.89085	0.6086	-0.33017	-0.84539	-1.105	-1.1912	-0.97546	-0.88867	-0.73115	-0.59472	-0.4773	-0.3597	-0.33418	-0.23747	-0.11802	-0.019007	0.034313	-2.8815
983.1	0.025701	0.0060564	-0.05656	-0.10582	-0.13214	-0.18823	-0.16736	-0.19895	-0.13167	0.016228	0.099839	0.34794	0.60828	0.70552	0.73391	-0.20813	-0.79401	-1.0389	-1.1461	-0.94377	-0.83306	-0.70799	-0.5697	-0.47533	-0.3463	-0.29653	-0.22147	-0.11649	0.0091896	0.026724	-2.7063
982.04	0.036799	0.0090128	-0.062861	-0.1136	-0.13916	-0.22688	-0.18076	-0.22569	-0.15065	-0.098585	0.065379	0.34023	0.63998	0.76786	0.84388	0.01106	-0.61076	-0.93387	-1.045	-0.89441	-0.80458	-0.6838	-0.57722	-0.45868	-0.35031	-0.28693	-0.21041	-0.095212	0.018602	0.042641	-2.5402
981.62	0.03365	-0.010166	-0.052742	-0.11824	-0.13664	-0.23869	-0.197	-0.22579	-0.1673	-0.12325	-0.012436	0.19471	0.67912	0.80669	0.65101	0.011064	-0.57044	-0.8933	-1.0081	-0.88829	-0.78791	-0.69779	-0.55446	-0.45654	-0.34609	-0.29393	-0.20145	-0.10953	0.0076365	0.043418	-2.3132
981.19	0.030499	0.00090117	-0.05667	-0.11753	-0.13153	-0.2505	-0.19341	-0.22901	-0.17642	-0.2136	0.091401	0.31622	0.60943	0.76852	0.91187	0.035471	-0.50119	-0.83095	-0.9525	-0.835	-0.7511	-0.64087	-0.53399	-0.44815	-0.31781	-0.29176	-0.2121	-0.10387	0.012346	0.029048	-2.1289
981.62	0.020203	-0.0035266	-0.057426	-0.12131	-0.16505	-0.23534	-0.21169	-0.26091	-0.18915	-0.25453	-0.02976	0.22707	0.46933	0.84522	0.86947	0.059832	-0.4323	-0.78209	-0.92145	-0.82	-0.7268	-0.62932	-0.52072	-0.44093	-0.30456	-0.27026	-0.18939	-0.10668	0.0013639	0.033578	-1.8883
981.3	0.03287	-0.01017	-0.079305	-0.12672	-0.15219	-0.23291	-0.21397	-0.26333	-0.19675	-0.23	0.039467	0.19477	0.4073	0.79927	0.79409	0.14932	-0.31845	-0.69284	-0.83877	-0.74301	-0.69376	-0.61824	-0.53163	-0.41218	-0.30101	-0.27188	-0.21283	-0.11599	0.0029348	0.045702	-1.6341
980.45	0.024979	-0.015349	-0.067652	-0.10994	-0.16783	-0.24734	-0.23769	-0.27841	-0.23541	-0.30413	-0.06442	0.040993	0.52434	0.83079	0.84526	0.32038	-0.21168	-0.59883	-0.75122	-0.7111	-0.66648	-0.58491	-0.51213	-0.40551	-0.30638	-0.26829	-0.19867	-0.1018	-0.0017723	0.023008	-1.3737
984.91	0.030384	-0.011602	-0.08057	-0.12702	-0.18251	-0.24456	-0.24101	-0.29582	-0.25988	-0.36819	-0.10724	0.048883	0.30513	0.88845	0.80793	0.30273	-0.084708	-0.50361	-0.651	-0.65683	-0.62028	-0.55817	-0.48153	-0.378	-0.2774	-0.27316	-0.1805	-0.10205	0.010736	0.044027	-1.1074
981.4	0.010712	-0.026404	-0.087102	-0.13744	-0.19005	-0.2379	-0.26465	-0.32654	-0.28493	-0.27923	-0.18549	0.14618	0.29067	0.76066	0.86125	0.32819	-0.020218	-0.43515	-0.60699	-0.6177	-0.59155	-0.53438	-0.45411	-0.3895	-0.28422	-0.24817	-0.18341	-0.1067	-0.0049068	0.019958	-0.81212
981.4	0.03524	-0.0064791	-0.091785	-0.13438	-0.18833	-0.25296	-0.28229	-0.34683	-0.31056	-0.24638	-0.11626	-0.039974	0.22073	0.73754	0.89484	0.42576	0.071896	-0.35068	-0.51954	-0.54452	-0.55131	-0.50055	-0.44797	-0.38404	-0.27256	-0.24054	-0.17361	-0.10598	0.002933	0.03964	-0.5078
982.68	0.020181	-0.02121	-0.083871	-0.15335	-0.18207	-0.25346	-0.28706	-0.35808	-0.3478	-0.45919	-0.15934	-0.11268	0.11177	0.66735	0.75102	0.56329	0.18407	-0.24247	-0.42332	-0.5024	-0.50114	-0.47897	-0.44815	-0.3313	-0.25182	-0.24251	-0.18543	-0.090159	0.0021466	0.021443	-0.18682
981.4	0.031285	-0.0094308	-0.10428	-0.15432	-0.19952	-0.26467	-0.29919	-0.3843	-0.37237	-0.45157	-0.40181	-0.056169	0.13523	0.52184	0.76041	0.53962	0.25613	-0.18675	-0.3708	-0.44938	-0.4693	-0.45382	-0.41959	-0.34266	-0.25725	-0.23137	-0.16758	-0.092418	0.0084233	0.03737	0.13258
982.04	0.023356	-0.013849	-0.096408	-0.15422	-0.21488	-0.26784	-0.32397	-0.41136	-0.4098	-0.42667	-0.40153	-0.25835	0.080778	0.44452	0.8691	0.6693	0.36986	-0.087161	-0.2645	-0.40196	-0.42878	-0.4189	-0.38789	-0.33152	-0.24398	-0.22893	-0.16144	-0.077374	0.011551	0.027509	0.50816
982.25	0.035208	-0.018272	-0.10497	-0.15112	-0.20537	-0.30956	-0.33565	-0.43935	-0.43532	-0.51679	-0.52249	-0.38768	0.026406	0.38284	0.75975	0.66102	0.44231	-0.0035759	-0.18454	-0.33037	-0.38617	-0.37695	-0.36405	-0.30493	-0.23082	-0.19989	-0.14333	-0.070937	0.013116	0.032798	0.80005
979.17	0.036907	-0.019067	-0.10843	-0.15775	-0.22932	-0.28706	-0.38016	-0.46577	-0.48278	-0.67471	-0.55882	-0.55927	-0.20718	0.32229	0.77898	0.76905	0.53133	0.079405	-0.10946	-0.27681	-0.35559	-0.35552	-0.34367	-0.29728	-0.22059	-0.19822	-0.14	-0.073306	0.0068685	0.031385	1.1709
980.77	0.022596	-0.015344	-0.098094	-0.18358	-0.24532	-0.31003	-0.36189	-0.45954	-0.50387	-0.54221	-0.63584	-0.57456	-0.31572	0.15989	0.79452	0.75154	0.58593	0.16715	-0.042718	-0.22835	-0.30236	-0.3235	-0.31625	-0.28274	-0.21585	-0.18032	-0.13751	-0.068901	0.012351	0.034365	1.5234
980.34	0.021814	-0.027912	-0.092667	-0.19364	-0.25749	-0.29174	-0.37603	-0.49256	-0.54333	-0.71498	-0.63611	-0.5424	-0.33922	0.028853	0.55089	0.84139	0.65026	0.24091	0.036574	-0.17554	-0.25757	-0.2809	-0.29642	-0.25473	-0.19916	-0.15823	-0.10739	-0.072505	-0.017472	0.041959	1.9002
980.98	0.040004	-0.0057426	-0.10979	-0.18815	-0.2711	-0.31917	-0.4221	-0.51255	-0.58521	-0.68989	-0.73091	-0.704	-0.5256	-0.071359	0.68505	0.89779	0.70607	0.30769	0.11058	-0.13394	-0.22411	-0.25573	-0.27935	-0.24675	-0.19831	-0.16424	-0.13296	-0.056744	0.0068574	0.036629	2.2693
979.07	0.02898	-0.01981	-0.12722	-0.20005	-0.27595	-0.34494	-0.41924	-0.51981	-0.61204	-0.84755	-0.85376	-0.88386	-0.60453	-0.094666	0.43368	0.81803	0.7544	0.38123	0.20069	-0.064913	-0.17724	-0.22877	-0.25837	-0.22063	-0.17458	-0.1615	-0.13171	-0.055423	0.0013674	0.038217	2.6306
979.39	0.033727	-0.030156	-0.1131	-0.21382	-0.28449	-0.35489	-0.43236	-0.59082	-0.6345	-0.75681	-0.90551	-0.87547	-0.64327	-0.1564	0.49247	0.85851	0.78466	0.45402	0.25156	-0.019262	-0.14074	-0.18752	-0.23215	-0.2057	-0.16942	-0.16527	-0.10749	-0.053258	-0.0017742	0.039724	3.0435
977.37	0.020291	-0.019844	-0.14155	-0.21426	-0.29891	-0.3657	-0.46204	-0.5991	-0.72362	-0.91495	-0.95081	-0.99106	-0.83969	-0.36557	0.42598	0.81131	0.81058	0.51207	0.31737	0.022341	-0.10063	-0.16606	-0.21107	-0.18888	-0.16245	-0.14184	-0.11377	-0.055519	0.016332	0.02536	3.3971
