14371	6	3	91	30.2	748	1	9	8	3.103	128	4096	10	0	0	0	0	397.14	1668.3	1.8578e+006	0.1546	0.099333	53.976	0	0	1	0	0	0	11	0	0
1662.3	0.02656	-0.018176	-0.16504	-0.2495	-0.31747	-0.38424	-0.48279	-0.60092	-0.67821	-0.81009	-0.7507	-0.78722	-0.5785	-0.11906	0.57206	1.0135	0.79295	0.42073	0.22593	-0.028113	-0.14219	-0.21653	-0.22647	-0.19129	-0.14457	-0.12873	-0.083117	-0.017805	0.018083	0.049838	3.045
1659.4	0.029414	-0.0038046	-0.13762	-0.24539	-0.31242	-0.39183	-0.47146	-0.60566	-0.68251	-0.7581	-0.84922	-0.90348	-0.72198	-0.24229	0.54324	0.97682	0.8368	0.4823	0.28334	0.0069439	-0.11544	-0.17593	-0.20509	-0.17639	-0.14784	-0.11631	-0.067657	-0.020369	0.037591	0.058431	3.3607
1659.7	0.029408	-0.0081685	-0.13852	-0.23582	-0.31898	-0.39077	-0.49006	-0.62724	-0.69575	-0.85502	-0.82348	-0.9081	-0.79538	-0.31056	0.42388	0.95742	0.84726	0.52969	0.33676	0.047814	-0.080642	-0.1516	-0.17286	-0.15466	-0.14135	-0.11764	-0.068537	-0.019099	0.041293	0.061553	3.6475
1661.9	0.02937	-0.0024922	-0.14802	-0.2559	-0.32823	-0.41002	-0.50895	-0.65224	-0.72779	-0.82483	-0.90417	-0.9595	-0.83565	-0.3784	0.34392	0.86012	0.85584	0.56802	0.37914	0.088087	-0.044897	-0.12476	-0.16493	-0.14939	-0.12051	-0.10351	-0.054203	-0.01528	0.03985	0.055661	3.966
1659.8	0.027535	-0.0055497	-0.15144	-0.2544	-0.34493	-0.42981	-0.53956	-0.67151	-0.76301	-0.86953	-0.99737	-1.0468	-1.0021	-0.53828	0.37416	1.0054	0.8749	0.5979	0.41673	0.11656	-0.02894	-0.10157	-0.13929	-0.12788	-0.10342	-0.082864	-0.049813	-0.014876	0.040827	0.050807	4.2784
1656.2	0.028532	-0.0029378	-0.15824	-0.25132	-0.35741	-0.44859	-0.55206	-0.69795	-0.80175	-0.92492	-1.0047	-1.0923	-1.0457	-0.61706	0.23057	0.93534	0.88791	0.63935	0.4668	0.14814	0.0012567	-0.083652	-0.12868	-0.11243	-0.084643	-0.078971	-0.053494	-0.0060238	0.046956	0.062132	4.6423
1657.1	0.036015	-0.0051213	-0.15539	-0.25301	-0.36233	-0.42707	-0.55744	-0.7124	-0.82367	-1.0168	-1.1067	-1.317	-1.1373	-0.83119	0.10602	0.90116	0.88562	0.69055	0.51525	0.19092	0.04754	-0.049731	-0.095911	-0.094343	-0.068198	-0.0726	-0.032037	0.0037046	0.055292	0.056272	4.9985
1660.8	0.014896	-0.036946	-0.17719	-0.27919	-0.37272	-0.46466	-0.58399	-0.74771	-0.85391	-1.0825	-1.2013	-1.3141	-1.3001	-0.91128	0.041223	0.89917	0.87534	0.71224	0.54856	0.23038	0.072582	-0.028195	-0.076208	-0.070145	-0.064601	-0.067474	-0.04934	-0.0038989	0.019953	0.037357	5.3668
1659.4	0.020991	-0.02301	-0.16994	-0.2903	-0.3888	-0.48829	-0.62358	-0.7774	-0.88759	-1.0882	-1.3098	-1.4971	-1.4252	-1.2537	-0.0084463	0.79408	0.86542	0.74199	0.58303	0.25846	0.1001	-0.0039161	-0.05495	-0.074818	-0.052154	-0.04585	-0.033776	0.0087669	0.041764	0.052163	5.7516
1654.6	0.020583	-0.010382	-0.17414	-0.2957	-0.38381	-0.48128	-0.62366	-0.79727	-0.92729	-1.1352	-1.406	-1.5975	-1.5677	-1.3807	-0.25272	0.72405	0.86703	0.77591	0.62685	0.29877	0.12379	0.013276	-0.038733	-0.055127	-0.030692	-0.036925	-0.02046	0.02065	0.051654	0.049172	6.1317
1654.3	0.029035	-0.026584	-0.17001	-0.29393	-0.39308	-0.48087	-0.62944	-0.81501	-0.95117	-1.3204	-1.5602	-1.6698	-1.7801	-1.4633	-0.30262	0.71936	0.86441	0.80285	0.67441	0.34417	0.16375	0.042914	-0.016899	-0.025961	-0.025942	-0.029683	-0.017334	0.02616	0.049337	0.060858	6.5284
1656.2	0.027595	-0.023054	-0.18461	-0.30904	-0.4018	-0.52491	-0.65265	-0.83857	-0.99158	-1.3188	-1.6353	-1.7637	-1.953	-1.74	-0.45664	0.60769	0.84211	0.83065	0.70019	0.39194	0.19932	0.076759	-0.00097259	-0.021768	-0.014251	-0.030553	-0.010165	0.020207	0.039986	0.05316	6.8751
1652.6	0.016849	-0.042825	-0.18779	-0.31336	-0.42006	-0.53102	-0.68069	-0.87702	-1.0327	-1.3558	-1.7005	-1.931	-2.1372	-1.9496	-0.62232	0.54142	0.80825	0.85282	0.73456	0.4126	0.22273	0.099414	0.019066	-0.0042006	0.002597	-0.014294	0.0014503	0.021522	0.036815	0.049679	7.2624
1645.4	0.028719	-0.015282	-0.18349	-0.3129	-0.41676	-0.53983	-0.69419	-0.89715	-1.0736	-1.494	-1.837	-2.0746	-2.2763	-2.1787	-0.89572	0.44678	0.77687	0.8795	0.77567	0.46242	0.26478	0.12436	0.04797	0.010216	0.0047814	-0.0016032	0.021241	0.041206	0.055214	0.065701	7.6633
1643.2	0.016473	-0.034257	-0.17768	-0.32478	-0.43225	-0.53808	-0.71446	-0.92124	-1.1143	-1.5695	-1.9067	-2.2032	-2.4048	-2.4072	-0.96221	0.32599	0.74297	0.88821	0.79951	0.48685	0.2901	0.15773	0.068651	0.035407	0.026118	0.01071	-0.0007921	0.030175	0.032811	0.046348	8.0187
1643.9	0.014105	-0.02543	-0.20557	-0.31457	-0.44388	-0.56031	-0.72424	-0.96231	-1.1471	-1.6276	-2.0246	-2.3085	-2.6682	-2.6223	-1.2327	0.23361	0.68579	0.88982	0.83396	0.52936	0.34125	0.18604	0.080985	0.040984	0.03916	0.021191	0.023511	0.039965	0.055734	0.054464	8.4587
1640.2	0.015557	-0.026812	-0.20276	-0.33822	-0.46137	-0.57809	-0.75842	-0.98924	-1.1975	-1.6755	-2.1172	-2.5123	-2.8742	-2.9831	-1.5271	0.034638	0.61541	0.88883	0.84613	0.54953	0.3485	0.20141	0.10824	0.067701	0.038375	0.01804	0.022661	0.046465	0.053046	0.054587	8.8184
1634.4	0.020837	-0.022032	-0.21192	-0.34034	-0.45834	-0.58315	-0.77124	-1.0227	-1.2316	-1.8194	-2.1455	-2.6232	-3.1644	-3.2527	-1.7142	-0.12148	0.5618	0.91155	0.88681	0.59542	0.41338	0.24614	0.12797	0.094658	0.056453	0.045618	0.038131	0.043627	0.069241	0.063417	9.2278
1634.5	0.0042095	-0.02469	-0.19644	-0.33893	-0.47899	-0.59818	-0.80297	-1.0302	-1.2813	-1.7848	-2.2285	-2.7834	-3.2948	-3.5532	-1.921	-0.29236	0.46849	0.90496	0.88631	0.62321	0.42079	0.25532	0.14178	0.099339	0.074391	0.059828	0.037224	0.055628	0.061704	0.056593	9.6356
1640.8	0.0056123	-0.021505	-0.20782	-0.35507	-0.48849	-0.6219	-0.81879	-1.0729	-1.3305	-1.886	-2.458	-2.8793	-3.6122	-3.8344	-2.17	-0.42255	0.37939	0.89099	0.89722	0.64903	0.44695	0.28566	0.16142	0.1237	0.079774	0.054118	0.052411	0.050718	0.056777	0.056378	10.037
1640.1	0.012717	-0.027255	-0.19904	-0.36073	-0.47685	-0.62317	-0.8451	-1.1051	-1.369	-1.9851	-2.4435	-3.0937	-3.7905	-4.2418	-2.4727	-0.57358	0.26838	0.88738	0.8994	0.67462	0.4865	0.30845	0.18581	0.12049	0.095944	0.079731	0.066417	0.067401	0.050702	0.05006	10.457
1635.6	0.021296	-0.032642	-0.18459	-0.35067	-0.49364	-0.64343	-0.84871	-1.1161	-1.4066	-1.9609	-2.5644	-3.1555	-3.9873	-4.5768	-2.7819	-0.84836	0.16232	0.88828	0.90902	0.72231	0.5231	0.34893	0.22498	0.15173	0.129	0.093235	0.066598	0.07958	0.057426	0.053376	10.872
1636.6	0.0027798	-0.045015	-0.18776	-0.35323	-0.49646	-0.63354	-0.85528	-1.1417	-1.4632	-2.0041	-2.7341	-3.3284	-4.274	-4.9299	-3.0323	-1.1502	0.027872	0.85367	0.89819	0.73653	0.54368	0.36661	0.23405	0.17224	0.13024	0.1028	0.069724	0.06669	0.057394	0.037909	11.234
1641.1	0.0051384	-0.036948	-0.20358	-0.36051	-0.51105	-0.65579	-0.88412	-1.1721	-1.475	-2.136	-2.8508	-3.4209	-4.5922	-5.2526	-3.3355	-1.3124	-0.090779	0.8223	0.90644	0.7627	0.57411	0.39595	0.25909	0.19184	0.14339	0.11713	0.090269	0.069922	0.063331	0.057724	11.665
1639	0.00040831	-0.02197	-0.19823	-0.35958	-0.51169	-0.64961	-0.90503	-1.2176	-1.5463	-2.2124	-3.046	-3.5706	-4.9144	-5.6144	-3.707	-1.5915	-0.21943	0.79078	0.904	0.78995	0.59151	0.42153	0.27503	0.19675	0.16103	0.12551	0.10302	0.084973	0.070923	0.058705	12.03
1632.6	-0.00054168	-0.022501	-0.18822	-0.36654	-0.52874	-0.65571	-0.9051	-1.22	-1.5842	-2.2261	-3.2038	-3.6967	-5.1816	-6.035	-4.035	-1.8912	-0.37282	0.75672	0.89321	0.80384	0.61805	0.43725	0.29871	0.21724	0.17788	0.12692	0.10751	0.096899	0.067434	0.056207	12.39
1630.1	-0.0072111	-0.039863	-0.20684	-0.3574	-0.50621	-0.6698	-0.93302	-1.2346	-1.6175	-2.269	-3.3701	-3.868	-5.4982	-6.4198	-4.3346	-2.085	-0.50357	0.72614	0.89277	0.83052	0.64507	0.46557	0.31902	0.23731	0.18341	0.13631	0.11992	0.10049	0.061871	0.056292	12.806
1630.6	-0.010542	-0.027414	-0.19409	-0.37391	-0.51849	-0.67411	-0.9252	-1.2657	-1.6619	-2.4066	-3.3586	-3.9544	-5.7257	-6.7377	-4.6569	-2.3241	-0.63684	0.68917	0.88574	0.84543	0.67048	0.49354	0.34339	0.24804	0.19213	0.14776	0.11716	0.091428	0.05147	0.048072	13.099
1628	-0.01199	-0.036799	-0.19675	-0.35971	-0.50789	-0.67871	-0.94882	-1.3157	-1.6918	-2.5539	-3.5048	-4.2046	-5.9737	-7.0688	-5.0442	-2.6562	-0.80302	0.63782	0.86822	0.86049	0.69999	0.51084	0.36011	0.26867	0.20078	0.15904	0.13098	0.10535	0.05675	0.045866	13.503
1622.9	-0.024468	-0.024867	-0.19643	-0.36224	-0.51888	-0.72234	-0.98738	-1.3453	-1.7491	-2.4528	-3.5525	-4.3306	-6.2887	-7.5431	-5.4007	-2.9499	-0.9741	0.5923	0.85425	0.88043	0.71204	0.53146	0.37424	0.28416	0.21816	0.16509	0.14188	0.10654	0.054086	0.045554	13.814
1621.1	-0.0048566	-0.041424	-0.19428	-0.3682	-0.53612	-0.71299	-0.98	-1.37	-1.7747	-2.7337	-3.6664	-4.4235	-6.6014	-7.887	-5.6661	-3.3026	-1.1595	0.5413	0.82848	0.87794	0.72546	0.54228	0.38208	0.28636	0.21046	0.16342	0.1288	0.10493	0.063638	0.044688	14.163
1622.5	-0.021603	-0.044514	-0.19884	-0.35352	-0.53203	-0.69925	-0.99163	-1.3759	-1.7906	-2.6222	-3.7576	-4.5961	-6.9156	-8.2673	-6.063	-3.4523	-1.3002	0.49177	0.80157	0.88902	0.73703	0.55206	0.38918	0.28943	0.21734	0.16605	0.13645	0.10355	0.073071	0.036406	14.493
1622.2	-0.017298	-0.045862	-0.20455	-0.3791	-0.5363	-0.71102	-0.99805	-1.4338	-1.8634	-2.7419	-3.8577	-4.7732	-7.1426	-8.6138	-6.4099	-3.8564	-1.4728	0.42406	0.78364	0.89706	0.75028	0.56874	0.41107	0.31451	0.23986	0.18549	0.15152	0.11825	0.062174	0.040078	14.766
1617.7	-0.026945	-0.054494	-0.20416	-0.37363	-0.56179	-0.73175	-0.99231	-1.4301	-1.8521	-2.7942	-3.968	-4.9287	-7.2187	-9.0253	-6.7333	-4.1087	-1.6227	0.37195	0.76039	0.91185	0.76829	0.58105	0.42336	0.3149	0.2392	0.18832	0.14828	0.11425	0.051403	0.03238	15.037
1615.5	-0.043806	-0.050087	-0.19401	-0.37555	-0.52963	-0.6845	-1.0093	-1.4601	-1.9316	-2.7632	-4.0787	-5.1077	-7.5735	-9.3094	-7.0338	-4.233	-1.7872	0.32369	0.72513	0.90671	0.78206	0.59949	0.43421	0.32767	0.24529	0.19229	0.14895	0.11744	0.067672	0.036105	15.301
1615.6	-0.025059	-0.050981	-0.19115	-0.3704	-0.56255	-0.72968	-1.0597	-1.4724	-1.9407	-2.8179	-4.1153	-5.1467	-7.7194	-9.5849	-7.2886	-4.5587	-1.9127	0.27947	0.69694	0.91752	0.79611	0.61463	0.45142	0.33619	0.25103	0.19692	0.15306	0.11657	0.062905	0.036563	15.492
1613.6	-0.039525	-0.062264	-0.20088	-0.38811	-0.54595	-0.71937	-1.0422	-1.4409	-1.9329	-2.8113	-4.2518	-5.2416	-7.8233	-9.8448	-7.4763	-4.7868	-2.057	0.23504	0.67142	0.91814	0.79802	0.62615	0.4585	0.34324	0.26197	0.19344	0.1615	0.11888	0.04295	0.020031	15.68
1607.2	-0.065288	-0.058907	-0.18023	-0.35219	-0.52919	-0.6778	-1.05	-1.47	-1.9779	-2.9027	-4.348	-5.2822	-7.9066	-10.11	-7.7062	-5.0392	-2.1715	0.1798	0.64944	0.91335	0.80403	0.62864	0.45845	0.33603	0.27058	0.20633	0.16076	0.11979	0.053177	0.031667	15.866
1603.7	-0.056231	-0.066261	-0.17155	-0.35343	-0.53878	-0.7105	-1.0936	-1.4923	-1.9942	-2.9894	-4.3945	-5.5167	-8.0095	-10.438	-8.0625	-5.2543	-2.2918	0.14027	0.63348	0.91087	0.8091	0.63791	0.45945	0.3487	0.2618	0.20305	0.16111	0.11831	0.042256	0.025714	16.007
1604.6	-0.064425	-0.06848	-0.18482	-0.3673	-0.55743	-0.72595	-1.0588	-1.5211	-2.0147	-2.9074	-4.4132	-5.563	-8.176	-10.588	-8.1915	-5.3109	-2.3669	0.10642	0.61529	0.91581	0.8181	0.64493	0.4681	0.35137	0.26566	0.20947	0.16517	0.11605	0.040314	0.017827	16.2
1604.3	-0.071697	-0.072104	-0.1839	-0.34907	-0.52698	-0.7266	-1.0514	-1.5266	-2.0373	-3.0335	-4.5146	-5.6334	-8.5532	-10.755	-8.2187	-5.5457	-2.4523	0.077279	0.61129	0.92096	0.81447	0.65195	0.4696	0.35812	0.27419	0.21465	0.18042	0.11739	0.045597	0.017368	16.314
1600.5	-0.07963	-0.075897	-0.17955	-0.33767	-0.52719	-0.72115	-1.0458	-1.4675	-2.037	-3.1111	-4.467	-5.7113	-8.6022	-10.922	-8.5578	-5.5839	-2.5257	0.046178	0.58846	0.9067	0.82353	0.64807	0.46977	0.36041	0.26903	0.20626	0.15958	0.10935	0.028877	0.0044107	16.411
1599.1	-0.084558	-0.090006	-0.21564	-0.37422	-0.5562	-0.76339	-1.0612	-1.5211	-2.0588	-3.0334	-4.5772	-5.7612	-8.443	-11.145	-8.5707	-5.7237	-2.5946	0.03236	0.58578	0.92898	0.83329	0.65707	0.48762	0.36026	0.26301	0.20036	0.16528	0.11208	0.041897	0.0058078	16.506
1603.4	-0.1037	-0.089312	-0.19929	-0.35303	-0.54363	-0.70143	-1.0304	-1.5036	-2.0504	-3.0402	-4.5755	-5.7654	-8.5534	-11.119	-8.7636	-5.8078	-2.6325	0.018451	0.57368	0.92697	0.84146	0.66417	0.48865	0.36406	0.27211	0.21103	0.15468	0.11439	0.032665	0.00023182	16.584
1606.5	-0.10592	-0.10807	-0.20273	-0.34485	-0.5005	-0.70161	-1.0971	-1.4659	-2.0976	-3.0996	-4.5825	-5.7939	-8.6128	-11.22	-8.7724	-5.8065	-2.6551	-0.0045773	0.56527	0.91326	0.82519	0.65304	0.48068	0.36908	0.26981	0.20503	0.15208	0.091493	0.012963	-0.015494	16.617
1604.3	-0.089605	-0.10009	-0.20777	-0.36221	-0.5017	-0.71432	-0.98891	-1.5443	-2.0456	-3.0485	-4.6416	-5.8116	-8.6387	-11.254	-8.8408	-5.9586	-2.7107	-0.020445	0.55734	0.92046	0.82867	0.65885	0.49071	0.36576	0.26794	0.1969	0.14767	0.10385	0.023533	-0.013199	16.658
1603.6	-0.1187	-0.094268	-0.21073	-0.33984	-0.52933	-0.68342	-0.9961	-1.4991	-2.0968	-3.07	-4.5854	-5.839	-8.5856	-11.368	-8.9065	-5.9762	-2.7119	-0.019942	0.56308	0.9159	0.8333	0.65816	0.48624	0.36019	0.26227	0.19698	0.15005	0.1052	0.017784	-0.0062548	16.638
1607.2	-0.12133	-0.14272	-0.18976	-0.33814	-0.5171	-0.68597	-1.0325	-1.4457	-2.035	-3.048	-4.6174	-5.8852	-8.6707	-11.342	-8.9224	-5.9678	-2.742	-0.020918	0.53763	0.91782	0.82718	0.6557	0.47952	0.36034	0.26613	0.20587	0.14879	0.10584	0.010562	-0.019648	16.664
1609.7	-0.13417	-0.13441	-0.20708	-0.35165	-0.53205	-0.73285	-1.0784	-1.4787	-2.0254	-3.0384	-4.6262	-5.8465	-8.7047	-11.367	-8.8984	-5.9189	-2.7369	-0.020377	0.54455	0.91492	0.82072	0.64389	0.47878	0.35312	0.2675	0.20136	0.15224	0.097842	0.013415	-0.0066925	16.614
1608.2	-0.14056	-0.12237	-0.21346	-0.36507	-0.50679	-0.68502	-1.0174	-1.4586	-2.058	-2.986	-4.5669	-5.8271	-8.6509	-11.387	-8.9218	-6.0235	-2.7608	-0.033155	0.53774	0.91425	0.82618	0.64742	0.48109	0.35773	0.26951	0.19921	0.14547	0.090957	0.0029001	-0.028412	16.611
1607.6	-0.15124	-0.14404	-0.21068	-0.34695	-0.5012	-0.71184	-1.03	-1.4758	-2.0588	-3.0322	-4.5634	-5.8293	-8.5641	-11.33	-8.956	-6.0109	-2.7704	-0.044912	0.5416	0.91063	0.82413	0.65012	0.48174	0.36453	0.26873	0.20022	0.13357	0.086634	-0.00092794	-0.015483	16.638
1611	-0.1408	-0.14239	-0.22593	-0.35182	-0.51692	-0.71033	-0.98838	-1.4779	-1.9998	-3.1308	-4.6697	-5.8072	-8.6123	-11.24	-8.8398	-6.0131	-2.7379	-0.042778	0.54501	0.91119	0.82758	0.65366	0.47699	0.36471	0.26106	0.19049	0.15303	0.084276	0.011494	-0.030208	16.62
1613.3	-0.15793	-0.16329	-0.23559	-0.3294	-0.48791	-0.66151	-0.99146	-1.4721	-2.0236	-3.0266	-4.5895	-5.8285	-8.534	-11.239	-8.8479	-6.0294	-2.7493	-0.030507	0.53924	0.91238	0.81935	0.64735	0.46698	0.34093	0.24606	0.18279	0.12943	0.078946	-0.013804	-0.048127	16.618
1611.4	-0.15185	-0.16258	-0.24917	-0.34192	-0.46016	-0.69538	-0.94964	-1.4818	-2.0218	-2.9551	-4.5104	-5.7909	-8.5296	-11.181	-8.8837	-5.967	-2.7078	-0.034618	0.55352	0.91046	0.82265	0.65496	0.47873	0.36319	0.25966	0.17742	0.13325	0.074688	-0.0099987	-0.040806	16.631
1609.4	-0.167	-0.15333	-0.23664	-0.35359	-0.50433	-0.64272	-0.99567	-1.4537	-1.984	-2.9689	-4.5901	-5.744	-8.5927	-11.144	-8.8489	-5.9002	-2.6741	-0.01477	0.56744	0.92204	0.81946	0.6445	0.45877	0.33843	0.24666	0.17765	0.12882	0.073478	-0.0028394	-0.038088	16.518
1611.6	-0.16436	-0.14503	-0.24248	-0.36149	-0.46849	-0.60667	-0.98084	-1.4812	-1.9752	-2.9447	-4.4941	-5.6965	-8.4433	-11.152	-8.7597	-5.8473	-2.6556	-0.009656	0.55162	0.90984	0.81218	0.63771	0.47493	0.34176	0.24143	0.18158	0.12772	0.064678	-0.02098	-0.045872	16.362
1612.9	-0.16423	-0.15794	-0.24895	-0.35142	-0.46551	-0.6688	-1.0279	-1.414	-1.9668	-2.8775	-4.4432	-5.697	-8.4368	-11.11	-8.62	-5.7439	-2.6089	0.01427	0.57121	0.91162	0.8158	0.63133	0.45544	0.32677	0.23681	0.17169	0.11524	0.058547	-0.0056962	-0.049521	16.285
1609.2	-0.17088	-0.17271	-0.24762	-0.35316	-0.45346	-0.66014	-0.95187	-1.3763	-1.97	-2.9542	-4.4482	-5.7151	-8.3568	-11.004	-8.563	-5.6332	-2.564	0.044399	0.58392	0.90728	0.8073	0.62002	0.44619	0.31705	0.22536	0.15578	0.095738	0.051715	-0.036794	-0.064411	16.14
1605.7	-0.17416	-0.14827	-0.24816	-0.35065	-0.46392	-0.62784	-0.99348	-1.3913	-1.8909	-2.8102	-4.4156	-5.5248	-8.1803	-10.788	-8.3352	-5.5809	-2.4646	0.082327	0.6085	0.9197	0.80149	0.6194	0.43264	0.29913	0.21427	0.14165	0.097329	0.036553	-0.043105	-0.053446	15.91
1606.7	-0.17453	-0.18469	-0.24752	-0.36917	-0.47519	-0.62284	-0.90082	-1.3403	-1.8782	-2.8184	-4.2542	-5.4866	-8.1655	-10.494	-8.1296	-5.3389	-2.3748	0.11139	0.61906	0.90818	0.78633	0.60079	0.42814	0.29417	0.20567	0.1341	0.085755	0.035223	-0.035414	-0.065435	15.727
1606.6	-0.17357	-0.182	-0.24611	-0.36076	-0.44893	-0.64179	-0.93993	-1.3161	-1.8847	-2.7534	-4.2122	-5.393	-8.0663	-10.208	-7.8735	-5.1306	-2.2357	0.15892	0.63782	0.91122	0.78023	0.59099	0.4099	0.27989	0.19455	0.11312	0.075169	0.036968	-0.030626	-0.053415	15.462
1603.6	-0.18164	-0.17015	-0.25278	-0.34312	-0.45661	-0.61381	-0.86073	-1.3028	-1.8241	-2.6732	-4.1618	-5.2049	-7.9006	-10.024	-7.6824	-4.9112	-2.1262	0.19095	0.65822	0.90147	0.76606	0.58223	0.39799	0.26656	0.1793	0.11239	0.06516	0.020433	-0.059476	-0.069731	15.258
1600.7	-0.17712	-0.16774	-0.2494	-0.32822	-0.45849	-0.60209	-0.86093	-1.2716	-1.7659	-2.7535	-4.0579	-5.1846	-7.7529	-9.7352	-7.4593	-4.7007	-1.973	0.25847	0.69332	0.89811	0.75606	0.56648	0.3846	0.25172	0.1689	0.091993	0.057422	-0.0075461	-0.064391	-0.081926	14.963
1601.9	-0.16196	-0.19338	-0.24156	-0.35194	-0.45339	-0.5796	-0.8391	-1.2759	-1.7835	-2.6659	-4.0018	-5.0516	-7.4612	-9.3596	-7.16	-4.3982	-1.7903	0.32591	0.72575	0.89991	0.75263	0.55173	0.37255	0.25057	0.146	0.09005	0.052297	0.0095186	-0.05089	-0.080471	14.69
1603.2	-0.18556	-0.18148	-0.25236	-0.3418	-0.48098	-0.56123	-0.8434	-1.2204	-1.7549	-2.6387	-3.914	-4.8446	-7.3318	-9.1118	-6.8253	-4.1011	-1.6656	0.36866	0.74899	0.89075	0.73973	0.54391	0.36335	0.23508	0.14232	0.083905	0.048564	0.0090736	-0.060931	-0.082726	14.421
1601.1	-0.16107	-0.15412	-0.24455	-0.32908	-0.44201	-0.6127	-0.83323	-1.2206	-1.7077	-2.4861	-3.7546	-4.8111	-7.1935	-8.8308	-6.5816	-3.8721	-1.5342	0.41323	0.76507	0.88043	0.72124	0.52238	0.34548	0.21338	0.1358	0.077928	0.031994	-0.006232	-0.056203	-0.08608	14.094
1598.9	-0.17343	-0.15977	-0.23434	-0.3107	-0.42887	-0.55912	-0.81	-1.1714	-1.679	-2.3988	-3.68	-4.6786	-7.0125	-8.526	-6.3378	-3.6777	-1.4036	0.4641	0.78446	0.88263	0.71984	0.50628	0.3323	0.20265	0.1172	0.072408	0.031112	-0.01369	-0.050504	-0.08248	13.786
1601.2	-0.15864	-0.16316	-0.22444	-0.33423	-0.4156	-0.57883	-0.79894	-1.2009	-1.6402	-2.4809	-3.6271	-4.5578	-6.8025	-8.1975	-5.9528	-3.3735	-1.2275	0.51573	0.81266	0.87689	0.70128	0.49815	0.31772	0.18657	0.12775	0.057329	0.014896	-0.021548	-0.0562	-0.088395	13.435
1605.2	-0.12777	-0.12169	-0.2172	-0.33198	-0.41877	-0.53903	-0.76369	-1.1315	-1.6079	-2.4346	-3.5122	-4.4375	-6.5098	-7.8614	-5.6861	-3.1214	-1.0826	0.56148	0.83484	0.8558	0.68107	0.46637	0.29864	0.1799	0.10159	0.050648	0.017624	-0.014509	-0.062291	-0.069659	13.06
1604.4	-0.12154	-0.11544	-0.20919	-0.31339	-0.41846	-0.5521	-0.76858	-1.1431	-1.5742	-2.3455	-3.387	-4.2319	-6.247	-7.4932	-5.3858	-2.9539	-0.93326	0.60116	0.84807	0.8443	0.6587	0.44985	0.27205	0.16184	0.094065	0.040398	0.011178	-0.019757	-0.054649	-0.066453	12.709
1603.7	-0.14483	-0.13807	-0.18875	-0.30508	-0.41285	-0.54467	-0.7244	-1.1307	-1.5444	-2.3515	-3.2932	-4.1545	-5.9739	-7.143	-5.0745	-2.6467	-0.80087	0.64903	0.86584	0.8412	0.64195	0.43674	0.27029	0.1538	0.076713	0.033405	0.0014946	-0.024136	-0.058033	-0.071117	12.354
1606.9	-0.13198	-0.12833	-0.19743	-0.31619	-0.37575	-0.4879	-0.74406	-1.1037	-1.516	-2.2867	-3.2285	-3.9633	-5.6868	-6.9218	-4.7872	-2.4577	-0.67055	0.68861	0.881	0.82214	0.61988	0.41619	0.2454	0.13585	0.076114	0.021679	-0.0072555	-0.031065	-0.054565	-0.073287	11.971
1610.6	-0.123	-0.1114	-0.22979	-0.30097	-0.37383	-0.4985	-0.73607	-1.0973	-1.4887	-2.2514	-3.1631	-3.8506	-5.4937	-6.5397	-4.4536	-2.1994	-0.53059	0.72626	0.88626	0.80241	0.60195	0.39854	0.22614	0.1284	0.059508	0.0034814	-0.009995	-0.019681	-0.037239	-0.052359	11.638
1610.8	-0.12347	-0.11813	-0.18839	-0.27523	-0.36067	-0.4806	-0.70016	-1.1086	-1.465	-2.2211	-3.0994	-3.6775	-5.3557	-6.1962	-4.1663	-2.0405	-0.40829	0.73993	0.88478	0.782	0.575	0.3764	0.20508	0.10889	0.043071	-0.0062905	-0.020557	-0.032295	-0.048699	-0.064806	11.208
1610.6	-0.093111	-0.082166	-0.18889	-0.25236	-0.34026	-0.44601	-0.68995	-1.0493	-1.4129	-2.1264	-2.9364	-3.5794	-5.0154	-5.906	-3.9261	-1.7435	-0.29038	0.78079	0.90493	0.77516	0.55339	0.36417	0.1995	0.099862	0.042189	-0.0081524	-0.011373	-0.035344	-0.043451	-0.047284	10.887
1614.6	-0.10009	-0.10035	-0.17371	-0.24474	-0.30539	-0.46422	-0.70431	-1.0391	-1.419	-2.1011	-2.9028	-3.4917	-4.7667	-5.615	-3.6814	-1.5909	-0.18052	0.80935	0.90586	0.75049	0.53884	0.33731	0.18408	0.092971	0.03411	-0.0081312	-0.026465	-0.039596	-0.036669	-0.051308	10.516
1619	-0.072968	-0.07369	-0.17182	-0.25013	-0.33641	-0.44067	-0.71	-1.0287	-1.375	-2.0209	-2.7639	-3.2714	-4.542	-5.3198	-3.3862	-1.3648	-0.063154	0.83406	0.90162	0.7268	0.51348	0.3242	0.1636	0.070954	0.014581	-0.017832	-0.03599	-0.041654	-0.043701	-0.044746	10.153
1620.8	-0.074321	-0.051262	-0.14988	-0.20155	-0.34176	-0.44928	-0.68649	-0.99444	-1.3414	-1.9689	-2.6926	-3.2383	-4.2921	-5.0618	-3.133	-1.1122	0.018218	0.85387	0.90376	0.70824	0.489	0.29651	0.15087	0.048658	0.003972	-0.020123	-0.031841	-0.029068	-0.044601	-0.046528	9.764
1621.2	-0.053708	-0.038295	-0.12953	-0.19639	-0.30988	-0.44916	-0.68588	-0.97765	-1.3114	-1.9883	-2.5924	-3.1101	-4.2204	-4.8181	-2.9898	-1.0233	0.11272	0.86276	0.9067	0.68739	0.47248	0.27936	0.13876	0.040611	-0.0013228	-0.033062	-0.034572	-0.032087	-0.034622	-0.023602	9.3879
1623.7	-0.045975	-0.025746	-0.11517	-0.19424	-0.31513	-0.44039	-0.67239	-0.9856	-1.2675	-1.9257	-2.3741	-2.9928	-3.9885	-4.4941	-2.7313	-0.77596	0.19842	0.87611	0.90848	0.66717	0.45259	0.24874	0.11769	0.028754	-0.018501	-0.03532	-0.042719	-0.031606	-0.024143	-0.036379	8.9876
1628.1	-0.026297	-0.019003	-0.11063	-0.20342	-0.32466	-0.43213	-0.67854	-0.96033	-1.2395	-1.8017	-2.3519	-2.8919	-3.809	-4.3379	-2.5009	-0.69053	0.27364	0.88431	0.9015	0.64771	0.42291	0.2301	0.097024	0.01597	-0.014497	-0.036605	-0.055327	-0.040128	-0.026912	-0.018938	8.6204
1629.4	-0.014363	-0.029656	-0.11007	-0.20418	-0.32182	-0.45246	-0.66563	-0.94173	-1.2241	-1.8102	-2.3189	-2.8751	-3.5955	-3.9913	-2.2561	-0.54797	0.35619	0.88767	0.88596	0.62224	0.39462	0.21002	0.076162	-2.7575e-005	-0.039069	-0.066935	-0.059371	-0.046979	-0.023586	-0.024396	8.2017
1627.1	-0.0072244	-0.012339	-0.092803	-0.21557	-0.3285	-0.43745	-0.65459	-0.91856	-1.1794	-1.6742	-2.1812	-2.8889	-3.3333	-3.718	-2.0159	-0.1956	0.45462	0.90707	0.88945	0.60202	0.3807	0.18359	0.054525	-0.011328	-0.043959	-0.065646	-0.052634	-0.03111	0.00097572	0.0029685	7.8161
1625.8	0.0070971	0.0081443	-0.09288	-0.19769	-0.30902	-0.4464	-0.64049	-0.89576	-1.164	-1.6755	-2.136	-2.6372	-3.1296	-3.3956	-1.7284	-0.17121	0.52898	0.8952	0.86537	0.57208	0.33524	0.16574	0.042531	-0.026888	-0.038275	-0.073537	-0.061323	-0.026394	-0.0089644	0.013483	7.4031
1627.3	0.0080451	0.015703	-0.082435	-0.22433	-0.33001	-0.44395	-0.6257	-0.87466	-1.1288	-1.7036	-2.0087	-2.5468	-2.9298	-3.2344	-1.6406	-0.023931	0.60098	0.90998	0.85328	0.54015	0.31673	0.14032	0.025377	-0.039103	-0.070764	-0.081296	-0.074903	-0.036704	-0.01132	0.0098174	6.9689
1626.6	0.02237	0.015265	-0.10037	-0.22351	-0.33432	-0.46535	-0.61976	-0.85574	-1.0788	-1.4568	-2.0096	-2.3722	-2.7951	-2.8454	-1.332	0.059474	0.65447	0.89121	0.83787	0.51586	0.29119	0.12385	0.0045634	-0.049011	-0.062001	-0.092851	-0.07812	-0.050074	0.0023936	0.016673	6.5617
1622.8	0.052566	0.035384	-0.1006	-0.21336	-0.32729	-0.45177	-0.60878	-0.8417	-1.0522	-1.5545	-1.8574	-2.27	-2.6324	-2.6844	-1.1776	0.19238	0.70982	0.8928	0.81905	0.48707	0.25865	0.099781	-0.0056304	-0.050543	-0.069199	-0.0806	-0.072377	-0.028602	0.013306	0.032279	6.159
1620.4	0.042102	0.020685	-0.084203	-0.2081	-0.32568	-0.42812	-0.59809	-0.8278	-1.0245	-1.5121	-1.792	-2.1214	-2.4904	-2.441	-1.0012	0.35027	0.75578	0.87587	0.78765	0.44149	0.22904	0.065769	-0.03026	-0.069529	-0.082984	-0.091818	-0.070657	-0.047671	0.024725	0.033702	5.7819
1620.9	0.037777	0.013084	-0.12246	-0.22429	-0.32037	-0.42545	-0.60369	-0.81241	-0.99813	-1.4172	-1.7076	-2.0472	-2.2496	-2.1697	-0.79733	0.41908	0.79902	0.88065	0.77428	0.42559	0.20601	0.046724	-0.041395	-0.084631	-0.089135	-0.10196	-0.086609	-0.042468	0.0095239	0.024982	5.3956
1620.9	0.035861	0.020681	-0.10497	-0.24101	-0.34278	-0.43304	-0.59879	-0.80013	-0.95888	-1.3873	-1.6185	-1.91	-2.1696	-1.9738	-0.76171	0.52741	0.82454	0.85179	0.7426	0.3867	0.17837	0.027699	-0.05254	-0.094556	-0.095313	-0.10843	-0.089804	-0.038145	0.031363	0.05707	5.0364
1619	0.045496	0.0037048	-0.10794	-0.20364	-0.30979	-0.41177	-0.55898	-0.75708	-0.92348	-1.3144	-1.4946	-1.8583	-1.9885	-1.7614	-0.51301	0.6907	0.85393	0.84572	0.72266	0.35414	0.15138	0.0057544	-0.074921	-0.10414	-0.10647	-0.11366	-0.093568	-0.03949	0.02332	0.0475	4.6499
1619.1	0.043095	0.010862	-0.11976	-0.22548	-0.32021	-0.41478	-0.56384	-0.74189	-0.89418	-1.2148	-1.4421	-1.7503	-1.8188	-1.5885	-0.28883	0.77445	0.8747	0.82488	0.67731	0.32208	0.11854	-0.024037	-0.098628	-0.12495	-0.11795	-0.12106	-0.10087	-0.048144	0.013337	0.039237	4.3239
1622.8	0.046824	0.02378	-0.11854	-0.20362	-0.30021	-0.41333	-0.54211	-0.71187	-0.86296	-1.1822	-1.4126	-1.5847	-1.6266	-1.4125	-0.20685	0.72351	0.87931	0.78303	0.62785	0.28643	0.080833	-0.046883	-0.11649	-0.14119	-0.12782	-0.13279	-0.10566	-0.05451	0.014255	0.036401	3.9782
1625.2	0.044842	0.016614	-0.12166	-0.22184	-0.29716	-0.3925	-0.52353	-0.70608	-0.85573	-1.0565	-1.2694	-1.3868	-1.4927	-1.2336	-0.008624	0.8206	0.87891	0.74396	0.5804	0.24475	0.042397	-0.069192	-0.14133	-0.15888	-0.13599	-0.13535	-0.12553	-0.049684	0.014234	0.050517	3.6475
1625.9	0.051511	0.02418	-0.10465	-0.20555	-0.29029	-0.39386	-0.51003	-0.68366	-0.80171	-1.076	-1.1958	-1.3618	-1.4265	-1.1122	0.021819	0.86937	0.89366	0.72248	0.55492	0.20735	0.023699	-0.089107	-0.15562	-0.16636	-0.1377	-0.1459	-0.10864	-0.054838	0.017542	0.041357	3.3531
1627.7	0.046683	0.016144	-0.10265	-0.20485	-0.27854	-0.37324	-0.50236	-0.66264	-0.76216	-0.95597	-1.1162	-1.2969	-1.2609	-0.92049	0.14847	0.87329	0.89076	0.6919	0.51553	0.17475	-0.0099178	-0.11912	-0.18551	-0.1817	-0.16258	-0.16323	-0.11124	-0.055205	0.025558	0.04131	3.0056
1631.7	0.035146	0.012109	-0.11085	-0.18728	-0.28251	-0.37987	-0.483	-0.64739	-0.7485	-0.94868	-1.0874	-1.1087	-1.0895	-0.71436	0.28963	0.97385	0.89514	0.65046	0.47156	0.13569	-0.034558	-0.1353	-0.19658	-0.19769	-0.16131	-0.15916	-0.12457	-0.056358	0.017477	0.042121	2.743
1634.7	0.034608	0.020948	-0.12377	-0.19845	-0.26856	-0.37717	-0.47285	-0.63778	-0.71545	-0.83854	-1.0335	-1.024	-1.0502	-0.56506	0.33451	0.90372	0.88085	0.59956	0.41102	0.083205	-0.073979	-0.15779	-0.21648	-0.20811	-0.17458	-0.17491	-0.11213	-0.068257	0.014151	0.029316	2.4591
1635.2	0.046943	0.026699	-0.11061	-0.19378	-0.27209	-0.35446	-0.47138	-0.60197	-0.69622	-0.82843	-0.91891	-0.96057	-0.95189	-0.41231	0.41511	0.96688	0.88244	0.57477	0.3759	0.066586	-0.093924	-0.1824	-0.22102	-0.20757	-0.17802	-0.17257	-0.12521	-0.056237	0.018853	0.04203	2.2176
1635.6	0.045032	0.026251	-0.10637	-0.17625	-0.25911	-0.3348	-0.45097	-0.58402	-0.65896	-0.73957	-0.83562	-0.85348	-0.90501	-0.34749	0.47551	1.0154	0.88082	0.53348	0.33813	0.031929	-0.12129	-0.20218	-0.23523	-0.21455	-0.17666	-0.1684	-0.11432	-0.069075	0.021671	0.039747	1.9883
1639.7	0.03924	0.02751	-0.11031	-0.18775	-0.24868	-0.33548	-0.44019	-0.55829	-0.64787	-0.69846	-0.82321	-0.80295	-0.74465	-0.2406	0.60009	0.87666	0.83801	0.4781	0.28004	-0.0085468	-0.14647	-0.21519	-0.24888	-0.24346	-0.19586	-0.17484	-0.13074	-0.060786	0.016455	0.050978	1.7559
1641.7	0.047703	0.018653	-0.093843	-0.17789	-0.25351	-0.31606	-0.43041	-0.54313	-0.61912	-0.65343	-0.69287	-0.73419	-0.50676	-0.18503	0.56919	1.0214	0.81689	0.44401	0.23055	-0.041104	-0.16571	-0.24141	-0.26324	-0.24689	-0.19257	-0.17462	-0.13508	-0.054734	0.0065914	0.043674	1.5736
1641.7	0.061891	0.027036	-0.086377	-0.17468	-0.25763	-0.31756	-0.42119	-0.53286	-0.61687	-0.67796	-0.59978	-0.77291	-0.4696	-0.16201	0.6144	0.96792	0.79309	0.41151	0.20731	-0.068325	-0.19485	-0.25056	-0.27012	-0.25109	-0.21566	-0.18284	-0.14004	-0.050893	0.022997	0.054988	1.4049
1643.1	0.044356	0.0098216	-0.1003	-0.17225	-0.24817	-0.31131	-0.40856	-0.5175	-0.58079	-0.6578	-0.61995	-0.70459	-0.50171	-0.019233	0.68419	0.94284	0.771	0.3737	0.16339	-0.090126	-0.21503	-0.2696	-0.29464	-0.263	-0.212	-0.20823	-0.14172	-0.068337	0.016421	0.043185	1.2089
1648.9	0.042314	0.0036374	-0.11573	-0.17802	-0.23601	-0.3107	-0.40535	-0.50637	-0.56706	-0.56752	-0.5096	-0.5383	-0.38891	0.090885	0.68676	0.98304	0.74781	0.32857	0.12411	-0.12126	-0.22946	-0.28111	-0.29496	-0.26997	-0.2004	-0.19522	-0.12462	-0.061294	0.013095	0.041681	1.0858
1653	0.044558	0.01502	-0.10757	-0.1917	-0.24615	-0.31687	-0.40172	-0.52133	-0.5652	-0.64409	-0.54943	-0.50331	-0.25876	0.15926	0.74492	1.0192	0.70516	0.2915	0.084754	-0.16055	-0.25783	-0.29667	-0.30561	-0.26976	-0.20553	-0.19383	-0.1355	-0.071315	0.018649	0.048318	0.97029
1653.8	0.038435	0.0093203	-0.1015	-0.18843	-0.24196	-0.31227	-0.38847	-0.49701	-0.55556	-0.55126	-0.52866	-0.48388	-0.29554	0.21861	0.80943	0.96087	0.69559	0.26358	0.053225	-0.17254	-0.27838	-0.31376	-0.31367	-0.27937	-0.23398	-0.19646	-0.13812	-0.067471	0.019572	0.047848	0.87149
1654.5	0.044519	0.023324	-0.09636	-0.16969	-0.25003	-0.30667	-0.37391	-0.49495	-0.52581	-0.57536	-0.45657	-0.45486	-0.24009	0.22309	0.82403	1.0231	0.67353	0.24312	0.026158	-0.18694	-0.28147	-0.31458	-0.30534	-0.27462	-0.21745	-0.1923	-0.12778	-0.061512	0.013517	0.043786	0.79853
1657.4	0.043036	0.011048	-0.12347	-0.18802	-0.24041	-0.30713	-0.38109	-0.51812	-0.51462	-0.52576	-0.50188	-0.34863	-0.21666	0.22727	0.80766	0.95396	0.65756	0.21596	0.010622	-0.20009	-0.29243	-0.32262	-0.32162	-0.27044	-0.19075	-0.19649	-0.13514	-0.070707	0.0079223	0.051331	0.76053
1657.5	0.031791	0.011483	-0.098498	-0.17711	-0.25009	-0.30365	-0.38107	-0.5033	-0.52441	-0.56946	-0.58383	-0.37258	-0.18904	0.3276	0.85738	0.93946	0.63349	0.19217	-0.011063	-0.21645	-0.3057	-0.32784	-0.32478	-0.28429	-0.20886	-0.20281	-0.13023	-0.06732	0.025564	0.048189	0.683
1654.9	0.036062	0.023319	-0.10467	-0.17738	-0.24282	-0.30412	-0.37818	-0.48973	-0.53149	-0.51681	-0.44107	-0.41635	-0.16167	0.3144	0.86368	0.90235	0.63123	0.188	-0.018616	-0.22595	-0.30618	-0.33265	-0.32483	-0.28242	-0.22129	-0.19225	-0.13356	-0.067848	0.022814	0.058591	0.72252
1652.7	0.03564	0.014585	-0.10203	-0.17761	-0.24007	-0.30154	-0.36383	-0.47183	-0.51338	-0.60034	-0.48788	-0.4938	-0.12958	0.31939	0.80493	0.98078	0.62093	0.17285	-0.02796	-0.23204	-0.30796	-0.33309	-0.32161	-0.26842	-0.20643	-0.19341	-0.13955	-0.060729	0.022844	0.042034	0.69972
1652.5	0.033765	0.01108	-0.11224	-0.18082	-0.24265	-0.30455	-0.37304	-0.47791	-0.50449	-0.58092	-0.46225	-0.37369	-0.13421	0.3423	0.82001	0.9471	0.62147	0.18132	-0.027519	-0.23545	-0.32224	-0.33265	-0.30798	-0.28143	-0.19087	-0.20341	-0.14225	-0.07685	0.02145	0.047434	0.74836
1652.4	0.037056	0.01152	-0.11503	-0.16763	-0.24165	-0.29365	-0.38354	-0.47609	-0.51751	-0.63945	-0.47256	-0.45062	-0.10653	0.31029	0.82006	0.91336	0.60899	0.16593	-0.04439	-0.23643	-0.31858	-0.33746	-0.32622	-0.28052	-0.203	-0.1939	-0.13331	-0.057348	0.029833	0.041593	0.72708
1650.6	0.03945	0.0084612	-0.094268	-0.17146	-0.25216	-0.29994	-0.37698	-0.47477	-0.52122	-0.606	-0.40107	-0.42225	-0.023474	0.29691	0.75602	0.88053	0.60271	0.16065	-0.050217	-0.2454	-0.3286	-0.34167	-0.32887	-0.29198	-0.21537	-0.20865	-0.14422	-0.057413	0.010286	0.042539	0.70428
1649.4	0.04842	0.020761	-0.11059	-0.17249	-0.23286	-0.29915	-0.35975	-0.47184	-0.50768	-0.57712	-0.40134	-0.37439	-0.10672	0.42546	0.81155	0.94403	0.6022	0.16524	-0.046248	-0.2475	-0.31732	-0.34142	-0.33411	-0.2945	-0.20771	-0.20334	-0.13759	-0.068497	0.029887	0.053829	0.72556
1652.7	0.040338	0.0080114	-0.11408	-0.18308	-0.24876	-0.30452	-0.36078	-0.48156	-0.5089	-0.52236	-0.43136	-0.35921	-0.12036	0.33769	0.81491	0.93732	0.59915	0.16044	-0.045269	-0.24604	-0.32358	-0.3484	-0.33254	-0.28928	-0.2021	-0.20021	-0.13328	-0.054369	0.015394	0.052374	0.70884
1655.3	0.031363	0.0040607	-0.10511	-0.18689	-0.23816	-0.30156	-0.38026	-0.48359	-0.52152	-0.53128	-0.46147	-0.33467	-0.074091	0.36913	0.88341	0.87319	0.6121	0.1706	-0.046972	-0.24132	-0.32032	-0.34165	-0.33248	-0.28744	-0.2195	-0.19583	-0.13799	-0.059788	0.01351	0.037929	0.75445
1654.9	0.028555	0.02288	-0.11856	-0.18648	-0.25354	-0.32346	-0.38646	-0.49991	-0.53059	-0.57521	-0.45646	-0.39235	-0.18012	0.34181	0.75904	0.89753	0.60716	0.1642	-0.037231	-0.2409	-0.31581	-0.336	-0.32346	-0.27779	-0.20011	-0.18954	-0.12015	-0.054298	0.026998	0.045122	0.92165
1654.5	0.02997	0.0014368	-0.1172	-0.1838	-0.24696	-0.31213	-0.40443	-0.51532	-0.53743	-0.51694	-0.4925	-0.39244	-0.13867	0.26422	0.84896	0.84468	0.6087	0.17912	-0.025714	-0.22552	-0.30809	-0.3313	-0.32536	-0.28295	-0.20059	-0.19094	-0.13627	-0.064053	0.019098	0.051421	1.063
1657.5	0.030385	0.005804	-0.11468	-0.19164	-0.25671	-0.31603	-0.38586	-0.51485	-0.53914	-0.46741	-0.50185	-0.46363	-0.12001	0.29111	0.77776	0.93465	0.63672	0.20208	-0.0022122	-0.2049	-0.29287	-0.31687	-0.31297	-0.26303	-0.18211	-0.18291	-0.11907	-0.053791	0.032992	0.046845	1.2028
1659.1	0.028015	0.0040514	-0.13996	-0.20143	-0.27123	-0.33501	-0.39591	-0.51573	-0.54842	-0.59803	-0.52184	-0.42008	-0.21184	0.27716	0.83167	0.96257	0.64948	0.22612	0.02078	-0.19026	-0.27839	-0.30512	-0.29723	-0.24892	-0.16985	-0.17821	-0.10914	-0.054583	0.035742	0.065159	1.3761
1657.3	0.031794	-0.0046848	-0.12948	-0.18667	-0.26337	-0.32746	-0.40984	-0.54034	-0.56376	-0.65216	-0.51217	-0.59311	-0.28571	0.28202	0.83757	1.007	0.6687	0.24222	0.043376	-0.17844	-0.26404	-0.29067	-0.29529	-0.23533	-0.19076	-0.1662	-0.1106	-0.050838	0.025567	0.043713	1.5964
1655.8	0.045889	0.0079964	-0.1333	-0.19547	-0.28197	-0.35055	-0.43677	-0.54775	-0.58838	-0.62354	-0.56389	-0.54085	-0.23068	0.20465	0.77355	0.99342	0.69288	0.27862	0.069549	-0.15112	-0.24409	-0.28185	-0.27737	-0.2309	-0.17322	-0.15277	-0.10757	-0.039457	0.04232	0.057213	1.8258
1657.8	0.033658	-0.011673	-0.12667	-0.21567	-0.27502	-0.35657	-0.42581	-0.56605	-0.5975	-0.65682	-0.58372	-0.56896	-0.32243	0.10863	0.72289	0.95373	0.7147	0.31394	0.10796	-0.12639	-0.22594	-0.25767	-0.26251	-0.22971	-0.1523	-0.15756	-0.09941	-0.038989	0.027879	0.056248	2.0354
1659.5	0.026605	-0.0068601	-0.13715	-0.23268	-0.29713	-0.37746	-0.44709	-0.58762	-0.62184	-0.66584	-0.63939	-0.58751	-0.38643	0.11308	0.76188	0.88539	0.73196	0.34032	0.13614	-0.11231	-0.20694	-0.24406	-0.26042	-0.20777	-0.15343	-0.13978	-0.090834	-0.046547	0.026923	0.043205	2.3118
1658.6	0.033641	-0.0007506	-0.14462	-0.21465	-0.29984	-0.37817	-0.46865	-0.59072	-0.64895	-0.59336	-0.68582	-0.7411	-0.543	-0.00081209	0.68771	1.0062	0.7647	0.39099	0.17867	-0.068593	-0.17455	-0.22512	-0.23152	-0.20742	-0.14576	-0.14438	-0.096238	-0.033477	0.036682	0.053084	2.5562
1657.3	0.034605	-0.0064327	-0.1489	-0.24299	-0.30926	-0.39581	-0.47773	-0.59119	-0.66956	-0.69104	-0.67612	-0.78004	-0.56645	-0.14224	0.61861	0.91069	0.79999	0.42696	0.2306	-0.029162	-0.15362	-0.21433	-0.22444	-0.20019	-0.17695	-0.13409	-0.10257	-0.041114	0.025567	0.053127	2.8174
