12312	1	3	91	28.3	757	1	6	10	0.233	128	4096	10	0	0	0	0	29.824	953.21	1.4241e+006	0.11617	0.009958	40.429	0	0	1	0	0	0	11	0	0
965.37	0.023857	-0.016203	-0.15408	-0.24933	-0.34106	-0.42798	-0.56545	-0.70696	-0.83922	-1.3726	-1.3672	-1.4994	-1.6541	-1.2325	-0.2956	0.66596	0.83929	0.71882	0.57363	0.24371	0.082011	-0.033041	-0.099025	-0.090611	-0.11108	-0.078752	-0.074258	-0.036626	0.022081	0.033633	5.0667
957.72	0.027289	-0.027677	-0.15692	-0.25996	-0.37908	-0.46739	-0.57976	-0.74461	-0.89923	-1.3415	-1.4402	-1.7602	-1.731	-1.5187	-0.43576	0.53796	0.8228	0.77256	0.63107	0.30982	0.12945	0.013758	-0.062875	-0.081737	-0.090306	-0.070773	-0.051677	-0.022286	0.027882	0.037782	5.5471
960.06	0.026415	-0.043452	-0.14456	-0.27423	-0.36671	-0.44916	-0.61666	-0.76354	-0.94173	-1.3382	-1.4721	-1.9214	-1.9413	-1.767	-0.46906	0.62809	0.78648	0.79804	0.66773	0.35894	0.17026	0.03596	-0.028225	-0.055204	-0.052835	-0.055769	-0.044616	-0.02953	0.029418	0.046204	6.0227
957.29	0.028925	-0.036768	-0.15378	-0.30254	-0.38454	-0.47189	-0.64481	-0.81056	-1.0179	-1.4851	-1.5207	-1.9601	-2.2497	-2.0011	-0.83226	0.41315	0.74713	0.81406	0.71793	0.38749	0.21755	0.06745	-0.011007	-0.031356	-0.05	-0.04262	-0.033153	-0.0201	0.027091	0.033917	6.5148
955.59	0.028163	-0.023948	-0.15887	-0.26684	-0.39849	-0.4985	-0.65804	-0.83766	-1.0661	-1.5552	-1.9499	-2.1714	-2.3894	-2.511	-0.93731	0.18007	0.70276	0.82754	0.74147	0.44664	0.24814	0.1197	0.019694	-0.017781	-0.029879	-0.032501	-0.032436	-0.0040039	0.024723	0.04642	6.984
956.76	0.014334	-0.037546	-0.14986	-0.2854	-0.4139	-0.51162	-0.69115	-0.89429	-1.1275	-1.6712	-2.0097	-2.4345	-2.809	-2.8793	-1.462	0.1298	0.59701	0.84283	0.7858	0.50615	0.31133	0.15922	0.055861	0.0070625	-0.011901	-0.023843	-0.021573	0.0018609	0.019867	0.051798	7.5287
953.25	0.012757	-0.039964	-0.15283	-0.31014	-0.42518	-0.53933	-0.70656	-0.95223	-1.172	-1.8125	-2.1507	-2.6101	-3.0353	-3.1596	-1.7702	-0.17111	0.5108	0.86574	0.83101	0.55322	0.36266	0.20211	0.082913	0.040843	0.012815	-0.00034445	0.0031821	-0.0032777	0.044965	0.038739	8.0081
954.64	0.016806	-0.035355	-0.15822	-0.32309	-0.42013	-0.51534	-0.7214	-0.94845	-1.2292	-1.7508	-2.2988	-2.7727	-3.2866	-3.7252	-2.1305	-0.4133	0.40493	0.85502	0.82827	0.58335	0.39475	0.21756	0.11749	0.047205	0.021038	0.013002	-0.0022473	0.0077381	0.014268	0.036348	8.4934
949.43	0.011989	-0.031732	-0.16878	-0.2773	-0.4349	-0.54756	-0.74511	-0.98996	-1.2601	-1.9556	-2.383	-3.0724	-3.5939	-3.9129	-2.2725	-0.6341	0.30387	0.84934	0.85677	0.62942	0.44091	0.26289	0.13795	0.085388	0.037728	0.03044	0.025792	0.026967	0.029747	0.04985	9.0057
945.28	0.0046498	-0.049495	-0.15736	-0.31515	-0.44754	-0.58296	-0.7583	-1.034	-1.3439	-1.9301	-2.5551	-3.3716	-3.8194	-4.4179	-2.7013	-0.86483	0.1812	0.84178	0.86053	0.66088	0.46614	0.29165	0.14971	0.0963	0.056054	0.028987	0.017298	0.013002	0.029876	0.023346	9.4982
947.51	0.016112	-0.051671	-0.14567	-0.31202	-0.4554	-0.59198	-0.79914	-1.0744	-1.3688	-2.1125	-2.6746	-3.3804	-4.1727	-4.7666	-3.017	-1.0144	0.02877	0.82767	0.85463	0.68712	0.49389	0.30014	0.20655	0.10739	0.068755	0.051856	0.035214	0.041075	0.034679	0.038974	10.019
948.89	0.0021771	-0.022592	-0.14869	-0.3195	-0.46364	-0.57814	-0.7957	-1.0777	-1.4112	-2.1689	-2.7512	-3.2248	-4.4961	-5.0624	-3.508	-1.2989	-0.10368	0.7884	0.86884	0.70798	0.53238	0.3447	0.2126	0.14357	0.09353	0.064418	0.045299	0.031415	0.031387	0.035002	10.505
946.34	0.01367	-0.062451	-0.15232	-0.30684	-0.46668	-0.60572	-0.84128	-1.1365	-1.4807	-2.1662	-3.0098	-3.5105	-4.6372	-5.5074	-3.6308	-1.6059	-0.26344	0.74889	0.85413	0.74531	0.55548	0.36402	0.23544	0.15934	0.10663	0.061426	0.051674	0.047789	0.021713	0.0296	10.925
943.79	-0.020847	-0.061852	-0.17222	-0.31804	-0.47331	-0.59345	-0.84815	-1.1696	-1.5357	-2.4196	-2.991	-3.7978	-5.07	-6.1151	-4.2348	-1.9654	-0.45167	0.71352	0.84867	0.77269	0.58676	0.40522	0.26718	0.17925	0.091762	0.091766	0.054951	0.042721	0.0030173	0.021021	11.38
941.77	-0.019244	-0.041989	-0.15063	-0.31872	-0.47343	-0.61215	-0.84843	-1.1957	-1.5382	-2.3392	-3.2048	-3.7637	-5.3724	-6.2085	-4.4191	-2.1052	-0.55839	0.65491	0.85517	0.78706	0.60253	0.42204	0.27895	0.19916	0.1155	0.094351	0.068422	0.039092	0.029989	0.02422	11.787
941.45	-0.011827	-0.071237	-0.16939	-0.31243	-0.47449	-0.61846	-0.88856	-1.1823	-1.6016	-2.2545	-3.3322	-4.0603	-5.6659	-6.7647	-4.7097	-2.6145	-0.73028	0.62549	0.82039	0.79242	0.63016	0.43898	0.30303	0.1976	0.13757	0.09279	0.071588	0.048038	0.022642	0.015549	12.171
937.72	-0.034231	-0.066885	-0.15618	-0.31287	-0.4962	-0.60954	-0.90824	-1.2286	-1.649	-2.4868	-3.3363	-4.2374	-5.8592	-7.0093	-5.2121	-2.8207	-0.88188	0.57633	0.81036	0.80918	0.64481	0.45	0.30102	0.21309	0.14346	0.11234	0.065563	0.04524	0.0079626	-0.0026141	12.515
941.55	-0.067902	-0.083537	-0.16286	-0.3012	-0.46008	-0.6367	-0.86854	-1.2261	-1.6305	-2.5023	-3.5392	-4.1611	-6.1432	-7.318	-5.2785	-2.9363	-0.97837	0.53214	0.8055	0.81182	0.64702	0.47336	0.30779	0.22524	0.14288	0.11109	0.073937	0.045055	0.011198	0.0021301	12.896
936.44	-0.046715	-0.0925	-0.15312	-0.30687	-0.46168	-0.66121	-0.90871	-1.2336	-1.701	-2.4988	-3.6038	-4.4383	-6.3803	-7.7132	-5.6596	-3.3273	-1.1195	0.52277	0.77543	0.83841	0.67164	0.49114	0.336	0.24038	0.17115	0.11009	0.083823	0.042307	-0.0092849	-0.0081716	13.197
943.04	-0.067794	-0.097227	-0.16748	-0.29195	-0.4925	-0.63134	-0.91535	-1.2647	-1.6946	-2.6521	-3.5786	-4.4325	-6.5945	-7.8276	-6.1448	-3.3294	-1.2522	0.45993	0.76067	0.82662	0.68948	0.49693	0.33764	0.22976	0.16009	0.11568	0.077744	0.045726	0.0046524	-0.029387	13.561
936.13	-0.069126	-0.10646	-0.17526	-0.30295	-0.4492	-0.63425	-0.91595	-1.2782	-1.7363	-2.491	-3.7593	-4.5925	-6.8307	-8.0873	-6.0139	-3.6865	-1.3433	0.43702	0.77099	0.85489	0.69214	0.52003	0.35541	0.26583	0.18038	0.11573	0.10914	0.036335	-0.00024592	-0.01135	13.825
935.17	-0.073347	-0.12128	-0.18937	-0.29199	-0.47135	-0.61559	-0.96239	-1.291	-1.78	-2.7433	-3.7177	-4.7502	-6.9763	-8.5079	-6.2671	-3.6988	-1.4758	0.41377	0.72786	0.84894	0.71234	0.51802	0.36785	0.25873	0.16833	0.13909	0.080772	0.052856	-0.019171	-0.030429	14.126
937.51	-0.11789	-0.14338	-0.20688	-0.31695	-0.46747	-0.59917	-0.92614	-1.3278	-1.7819	-2.8138	-3.9258	-4.8146	-7.1378	-8.5512	-6.6297	-3.9109	-1.5554	0.3672	0.72056	0.84767	0.71623	0.53613	0.36291	0.27034	0.1618	0.12196	0.089249	0.036281	-0.0068132	-0.04224	14.383
938.57	-0.11858	-0.15402	-0.18868	-0.31659	-0.43093	-0.62211	-0.89282	-1.2887	-1.783	-2.6819	-3.9033	-4.7583	-7.2842	-8.904	-6.5958	-4.1785	-1.6524	0.3458	0.69943	0.86881	0.71057	0.54816	0.39218	0.2635	0.19363	0.1346	0.10255	0.041466	-0.037139	-0.042192	14.58
938.79	-0.15991	-0.18022	-0.19925	-0.28605	-0.42183	-0.56338	-0.87033	-1.2778	-1.7535	-2.7757	-3.9024	-4.8842	-7.3881	-8.9744	-6.7349	-4.1266	-1.7255	0.29851	0.69145	0.87032	0.73952	0.53287	0.38166	0.27568	0.17987	0.14574	0.093856	0.029513	-0.046149	-0.046932	14.822
936.13	-0.15207	-0.19234	-0.23173	-0.30215	-0.42393	-0.58866	-0.8574	-1.2651	-1.7624	-2.6545	-4.0768	-4.7792	-7.4254	-9.0241	-6.7276	-4.4111	-1.7697	0.27568	0.67226	0.86768	0.73351	0.56986	0.3731	0.28547	0.19184	0.14456	0.090172	0.021364	-0.042992	-0.062145	14.977
931.44	-0.19118	-0.20419	-0.2403	-0.30205	-0.43695	-0.56342	-0.89346	-1.2501	-1.7602	-2.7889	-3.7326	-5.025	-7.4955	-9.0289	-7.0271	-4.3305	-1.8172	0.28852	0.68509	0.87718	0.75432	0.55745	0.37982	0.28279	0.18205	0.12839	0.076331	0.026738	-0.061383	-0.075222	15.148
933.78	-0.20234	-0.19359	-0.25611	-0.34563	-0.46571	-0.58222	-0.85491	-1.2715	-1.7557	-2.9286	-3.9415	-4.7742	-7.6074	-9.0549	-6.9829	-4.2854	-1.7946	0.26407	0.68023	0.86387	0.73373	0.56113	0.38451	0.28208	0.17317	0.13609	0.094359	0.029671	-0.039805	-0.087764	15.319
934.1	-0.24051	-0.25168	-0.29293	-0.37693	-0.49721	-0.62596	-0.89246	-1.2268	-1.714	-2.6602	-4.0492	-4.9512	-7.5313	-8.9951	-6.9806	-4.395	-1.7596	0.29649	0.68471	0.86101	0.73266	0.54739	0.38035	0.26641	0.1823	0.11518	0.07928	0.012408	-0.066975	-0.091711	15.423
936.76	-0.21911	-0.28266	-0.32072	-0.41363	-0.56706	-0.61542	-0.85758	-1.1865	-1.7051	-2.6785	-3.8474	-4.9032	-7.3552	-9.0503	-6.9607	-4.3059	-1.757	0.29915	0.68982	0.85942	0.74923	0.54162	0.39775	0.27955	0.18484	0.12766	0.067209	0.028081	-0.082394	-0.10335	15.495
932.83	-0.29578	-0.30482	-0.42063	-0.50898	-0.62199	-0.70073	-0.87048	-1.2433	-1.7131	-2.6121	-3.7089	-4.5236	-6.8057	-8.1727	-6.3182	-3.9989	-1.5411	0.36377	0.72418	0.87331	0.72797	0.55408	0.38168	0.28073	0.17872	0.12659	0.077803	0.010173	-0.082742	-0.1229	15.549
929.1	-0.34126	-0.37152	-0.41737	-0.61553	-0.83184	-0.8714	-1.0416	-1.1939	-1.5416	-2.3018	-3.3216	-4.2682	-6.4226	-7.6765	-5.8109	-3.5769	-1.3246	0.43061	0.74288	0.86393	0.71291	0.5163	0.36296	0.24887	0.1548	0.096442	0.039894	-0.022217	-0.1278	-0.16658	15.599
931.23	-0.42969	-0.47178	-0.46742	-0.65778	-0.84718	-0.91701	-0.88204	-1.1023	-1.3061	-2.1581	-2.6392	-3.3628	-5.0647	-5.8972	-4.5045	-2.5404	-0.84771	0.54597	0.80892	0.81654	0.66561	0.4854	0.32575	0.20306	0.11451	0.064032	0.0064364	-0.072581	-0.17791	-0.22444	15.629
924.63	-0.54781	-0.54487	-0.67292	-0.7048	-0.84044	-0.9351	-0.98116	-0.99414	-1.0778	-1.5811	-2.2081	-2.8799	-4.3997	-5.277	-3.9034	-2.2823	-0.56957	0.62089	0.8369	0.80597	0.63259	0.46321	0.29877	0.18214	0.090569	0.019097	-0.031124	-0.12842	-0.24909	-0.31443	15.626
936.55	-0.57234	-0.61139	-0.65372	-0.69503	-0.77109	-0.81276	-0.83314	-0.91359	-0.97485	-1.5008	-1.8717	-2.5548	-3.5781	-4.3784	-3.3165	-1.6312	-0.29483	0.69537	0.84191	0.78207	0.60264	0.41257	0.27487	0.15609	0.061157	0.027657	-0.055215	-0.11781	-0.27468	-0.33264	15.641
930.06	-0.45194	-0.51209	-0.57592	-0.74439	-0.85824	-0.81843	-0.88703	-0.90102	-0.91484	-1.5719	-1.7204	-2.2396	-3.0208	-3.531	-2.7543	-1.2823	-0.072009	0.75494	0.86909	0.75664	0.5799	0.39929	0.24604	0.13412	0.044666	-0.00035304	-0.055601	-0.14199	-0.25095	-0.3118	15.688
930.16	-0.52702	-0.59924	-0.70433	-0.78477	-0.79455	-0.8051	-0.82335	-0.79385	-0.90916	-1.182	-1.6837	-2.0771	-2.7827	-3.4006	-2.4703	-1.1448	0.0013026	0.77339	0.86426	0.75398	0.56351	0.3848	0.22983	0.11845	0.033897	-0.026943	-0.067526	-0.16231	-0.3047	-0.34371	15.626
926.23	-0.56279	-0.6229	-0.64612	-0.6784	-0.714	-0.72788	-0.71861	-0.84023	-0.9354	-1.3871	-1.7551	-2.1631	-2.8933	-3.6436	-2.5253	-1.1325	0.014541	0.78377	0.85843	0.73134	0.54213	0.34887	0.2178	0.090837	0.0023784	-0.031104	-0.10535	-0.18116	-0.31929	-0.35801	15.646
927.61	-0.46569	-0.49471	-0.65011	-0.8056	-0.8013	-0.72857	-0.75408	-0.76465	-0.92283	-1.2548	-1.6609	-1.9287	-2.6588	-3.2143	-2.3259	-0.93292	0.10124	0.78702	0.86505	0.70874	0.54951	0.34324	0.19638	0.10392	0.0077723	-0.032672	-0.095626	-0.15747	-0.2682	-0.30541	15.506
929.95	-0.46869	-0.55577	-0.5628	-0.60202	-0.64118	-0.64023	-0.73668	-0.7067	-0.91255	-1.3036	-1.748	-2.0519	-2.6767	-3.4339	-2.3112	-0.922	0.068857	0.80093	0.85972	0.73184	0.53261	0.34747	0.20802	0.093768	0.016214	-0.034203	-0.078679	-0.15783	-0.25843	-0.29985	15.285
926.76	-0.51136	-0.51704	-0.57879	-0.64877	-0.70448	-0.72392	-0.65672	-0.7761	-0.98036	-1.4819	-2.1114	-2.2476	-3.1221	-3.9025	-2.7375	-1.1835	-0.011092	0.77269	0.86585	0.73953	0.54182	0.35891	0.21036	0.092437	0.014726	-0.031086	-0.084538	-0.16518	-0.26845	-0.32093	15.082
930.48	-0.48177	-0.51653	-0.59953	-0.685	-0.74161	-0.71397	-0.7285	-0.81416	-0.95099	-1.4067	-1.8018	-2.0337	-2.8473	-3.6188	-2.5049	-1.033	0.053174	0.789	0.8679	0.70398	0.53639	0.34982	0.21519	0.11347	0.029271	-0.016462	-0.065912	-0.13665	-0.25993	-0.30926	14.846
926.33	-0.41017	-0.51103	-0.51041	-0.59543	-0.65737	-0.69767	-0.77225	-0.8939	-1.1134	-1.5347	-1.6815	-2.3858	-2.9342	-3.6024	-2.5339	-1.0376	0.012058	0.80052	0.87021	0.71833	0.55601	0.35651	0.22915	0.10737	0.047162	0.010164	-0.04624	-0.091121	-0.20627	-0.23766	14.66
927.4	-0.44487	-0.46202	-0.53048	-0.62154	-0.72768	-0.79777	-0.80481	-0.8623	-1.0706	-1.6198	-1.9817	-2.7	-3.4078	-4.2096	-2.9045	-1.2257	-0.054868	0.78278	0.87791	0.75365	0.56519	0.38168	0.23214	0.13203	0.056362	0.011767	-0.036615	-0.10688	-0.20852	-0.24379	14.464
918.13	-0.45274	-0.5077	-0.53917	-0.60075	-0.65496	-0.67976	-0.73673	-0.92942	-1.1403	-1.6011	-1.863	-2.4677	-3.2927	-3.7992	-2.9069	-1.2294	-0.012032	0.79157	0.8644	0.73344	0.54939	0.37089	0.22546	0.13336	0.033561	-0.0028083	-0.043432	-0.11788	-0.22068	-0.27539	14.187
925.16	-0.32425	-0.38172	-0.50444	-0.54086	-0.58422	-0.58943	-0.70619	-0.91325	-1.1228	-1.7457	-2.1151	-2.6893	-3.5809	-4.2443	-2.9829	-1.1942	-0.099718	0.76515	0.86972	0.74943	0.56492	0.36038	0.22131	0.12489	0.054953	-0.0011661	-0.031905	-0.090477	-0.17409	-0.18656	13.927
923.56	-0.2937	-0.34317	-0.40245	-0.51653	-0.57974	-0.594	-0.71678	-0.87335	-1.1528	-1.5742	-2.0911	-2.5392	-3.4467	-4.0961	-2.7112	-1.1012	-0.0020075	0.79758	0.87996	0.73518	0.53218	0.35244	0.21598	0.1135	0.048853	-0.0036028	-0.030359	-0.092152	-0.16689	-0.1901	13.656
929.74	-0.29425	-0.31674	-0.33138	-0.42161	-0.48592	-0.54944	-0.64065	-0.8865	-1.2255	-1.789	-2.3695	-2.8726	-3.8504	-4.6056	-2.9238	-1.4286	-0.098402	0.76845	0.85597	0.73287	0.52783	0.35351	0.21293	0.12016	0.046219	0.0077064	-0.032545	-0.080989	-0.13516	-0.16486	13.31
917.17	-0.21617	-0.28476	-0.31588	-0.37651	-0.43822	-0.58919	-0.79255	-0.97884	-1.3286	-1.7784	-2.689	-3.0679	-3.9697	-4.9407	-3.3955	-1.4308	-0.14402	0.78972	0.8893	0.75596	0.57315	0.38594	0.23719	0.15772	0.082726	0.0454	0.017828	-0.024033	-0.074925	-0.095024	13.007
926.33	-0.16793	-0.22564	-0.24328	-0.41098	-0.53058	-0.60817	-0.87892	-1.0105	-1.2763	-1.6652	-2.2774	-2.7374	-3.6588	-4.4838	-3.0592	-1.3305	-0.088012	0.78368	0.87733	0.74763	0.56338	0.36846	0.24622	0.14624	0.081135	0.036053	0.0072686	-0.032118	-0.083322	-0.1013	12.672
915.79	-0.16393	-0.20531	-0.28958	-0.37872	-0.4721	-0.55871	-0.76855	-1.0037	-1.2999	-1.8339	-2.4056	-3.0725	-4.109	-4.7748	-3.2836	-1.372	-0.11663	0.7694	0.88183	0.73706	0.5566	0.3753	0.22933	0.13956	0.071918	0.047108	0.0073523	-0.024073	-0.079239	-0.11139	12.297
928.78	-0.1608	-0.18996	-0.24511	-0.33533	-0.44457	-0.52084	-0.80128	-1.0417	-1.2921	-1.7562	-2.4085	-2.8071	-3.9283	-4.7976	-3.1844	-1.284	-0.10016	0.77719	0.86712	0.74737	0.55045	0.35728	0.22125	0.13513	0.068602	0.059358	0.033534	-0.010153	-0.064873	-0.066638	11.911
918.98	-0.092382	-0.1447	-0.25523	-0.3774	-0.46402	-0.56659	-0.78	-1.0028	-1.2881	-1.8012	-2.4249	-3.0618	-3.9453	-4.7418	-3.2183	-1.3672	-0.098719	0.78994	0.85881	0.74058	0.54062	0.35764	0.23017	0.1299	0.088011	0.050206	0.029867	-0.0026379	-0.026209	-0.037434	11.504
927.18	-0.059742	-0.078583	-0.14804	-0.24904	-0.39703	-0.56335	-0.76999	-1.0724	-1.3677	-1.9503	-2.5958	-3.2318	-4.1736	-4.8221	-3.2699	-1.2518	-0.054881	0.79801	0.87574	0.72456	0.53748	0.34083	0.22569	0.12297	0.067177	0.045719	0.012849	-0.010927	-0.025146	-0.033095	11.118
922.18	-0.0070215	-0.051521	-0.13555	-0.29121	-0.40377	-0.51122	-0.75853	-1.0292	-1.347	-2.0745	-2.6191	-3.2665	-4.2459	-4.9549	-3.234	-1.1894	-0.045209	0.82014	0.90117	0.73801	0.52557	0.34526	0.21549	0.13028	0.076073	0.05897	0.041797	0.032325	0.023115	0.02232	10.639
924.52	0.013992	-0.031021	-0.13438	-0.2693	-0.43199	-0.56142	-0.80497	-1.0224	-1.3564	-2.0779	-2.5482	-3.2926	-4.1527	-4.836	-3.0028	-1.1777	0.030313	0.84026	0.89175	0.71284	0.51274	0.33155	0.20029	0.11835	0.05886	0.038554	0.03449	0.017085	0.028885	0.035924	10.209
923.67	0.018209	-0.031834	-0.15192	-0.30214	-0.44611	-0.56194	-0.76121	-1.0391	-1.3433	-2.0362	-2.5046	-3.3817	-4.0409	-4.7423	-2.9163	-1.0233	0.098355	0.83926	0.87192	0.68498	0.46882	0.30361	0.18744	0.10021	0.048847	0.027231	0.026512	0.001168	0.013081	0.031936	9.7715
924.52	0.026591	-0.016138	-0.12692	-0.27907	-0.41006	-0.52324	-0.73242	-1.0009	-1.2892	-1.9211	-2.4655	-3.138	-3.7979	-4.1246	-2.5211	-0.84108	0.23582	0.85713	0.8727	0.66709	0.45443	0.28537	0.16121	0.090175	0.048029	0.027205	0.026486	0.0087462	0.035542	0.047175	9.3109
928.78	0.025634	-0.019962	-0.14531	-0.30129	-0.41	-0.53498	-0.71974	-0.95093	-1.2546	-1.8082	-2.2165	-3.0723	-3.5424	-3.8859	-2.1721	-0.4162	0.34609	0.85673	0.86238	0.62708	0.42291	0.23894	0.12886	0.064191	0.037797	0.018206	-0.0015122	0.0034251	0.024607	0.03816	8.841
934.21	0.02382	-0.01752	-0.15348	-0.25845	-0.4058	-0.53978	-0.70166	-0.9331	-1.184	-1.7029	-2.2673	-2.7568	-3.2768	-3.4263	-1.9211	-0.35398	0.46463	0.86757	0.85188	0.57902	0.37493	0.21639	0.10072	0.047416	0.0092507	-0.0011548	-0.0030879	-0.0048438	0.026114	0.037143	8.3876
928.25	0.018956	-0.039479	-0.15612	-0.29417	-0.40477	-0.50169	-0.68597	-0.897	-1.1318	-1.6357	-1.9708	-2.6119	-2.9528	-3.1958	-1.6935	-0.19292	0.5518	0.87933	0.83364	0.54835	0.34789	0.18286	0.083526	0.02296	-0.003019	-0.014888	-0.0054974	-0.0041219	0.017991	0.03658	7.8887
935.06	0.029613	-0.043841	-0.16072	-0.28478	-0.40182	-0.48487	-0.66477	-0.88063	-1.0935	-1.753	-1.9837	-2.457	-2.7681	-2.6631	-1.5224	0.15842	0.6166	0.86415	0.80403	0.49229	0.29582	0.13924	0.043472	-0.0091587	-0.033595	-0.038825	-0.033941	-0.015332	0.035965	0.025189	7.4319
934.85	0.041248	-0.035327	-0.14682	-0.28726	-0.39649	-0.48498	-0.64409	-0.83412	-1.0439	-1.5725	-1.9024	-2.3046	-2.5811	-2.5586	-1.2404	0.24383	0.69869	0.85381	0.76655	0.45996	0.26502	0.10544	0.025767	-0.030467	-0.045078	-0.055669	-0.041072	-0.035572	0.009631	0.033143	6.9023
941.55	0.035181	-0.037382	-0.13357	-0.26363	-0.37931	-0.46583	-0.62036	-0.81354	-1.0035	-1.4501	-1.8347	-1.976	-2.2063	-2.3477	-0.78486	0.37767	0.75474	0.85034	0.72682	0.4194	0.2228	0.082856	0.019188	-0.048152	-0.051593	-0.064824	-0.051779	-0.012994	0.012015	0.04869	6.3891
942.19	0.020322	-0.03044	-0.14405	-0.25945	-0.37457	-0.44896	-0.60309	-0.77965	-0.9698	-1.3807	-1.5721	-1.8819	-2.0915	-2.0251	-0.67053	0.37742	0.78594	0.80359	0.68117	0.3666	0.15979	0.045872	-0.026364	-0.077391	-0.066743	-0.071143	-0.043106	-0.033064	0.020174	0.037616	5.9273
941.55	0.026109	-0.015075	-0.15554	-0.26203	-0.35418	-0.45886	-0.59891	-0.74356	-0.9076	-1.4329	-1.5191	-1.8579	-1.8094	-1.6893	-0.45199	0.55568	0.81251	0.77188	0.62632	0.29904	0.12522	-0.0019647	-0.05756	-0.096158	-0.096414	-0.087111	-0.059637	-0.049461	0.0030245	0.026594	5.4486
945.7	0.043238	-0.038751	-0.11273	-0.24655	-0.35888	-0.41692	-0.54671	-0.70628	-0.84025	-1.0434	-1.27	-1.413	-1.5595	-1.3301	-0.19709	0.6967	0.84702	0.73378	0.57704	0.25891	0.082913	-0.043761	-0.085165	-0.11437	-0.099773	-0.10416	-0.082844	-0.044796	-0.012447	0.031976	4.9591
940.6	0.034391	-0.035112	-0.13534	-0.22708	-0.35993	-0.40434	-0.54584	-0.67101	-0.77953	-1.1347	-1.2859	-1.4207	-1.3571	-0.95955	0.056123	0.82774	0.85569	0.67231	0.51622	0.19499	0.033312	-0.076784	-0.12804	-0.12884	-0.11933	-0.11429	-0.093518	-0.055469	0.015301	0.03847	4.427
954.42	0.026571	-0.039156	-0.14622	-0.22931	-0.31045	-0.39677	-0.50468	-0.62437	-0.73568	-1.0001	-1.1338	-1.3335	-1.1217	-0.99318	0.020746	0.72376	0.82403	0.61527	0.43112	0.13614	-0.027639	-0.11129	-0.15064	-0.15747	-0.14982	-0.13227	-0.094488	-0.07302	-0.0018544	0.026236	3.9918
945.17	0.021081	-0.0096537	-0.14117	-0.20846	-0.31885	-0.36504	-0.46995	-0.60779	-0.68809	-0.99283	-1.0371	-1.0776	-0.91476	-0.57895	0.18675	0.7393	0.81832	0.55095	0.36627	0.065706	-0.076116	-0.15087	-0.18158	-0.1809	-0.1755	-0.14942	-0.11263	-0.074477	-0.0035	0.038284	3.4654
954.42	0.037148	-0.011837	-0.12535	-0.19461	-0.28389	-0.33656	-0.43063	-0.56497	-0.70467	-0.86505	-0.73346	-0.81747	-0.89791	-0.35947	0.40098	0.92445	0.79754	0.47852	0.27511	0.0031953	-0.10322	-0.19414	-0.22083	-0.20323	-0.17905	-0.15818	-0.09914	-0.056133	0.025561	0.036356	2.9904
952.72	0.0095023	-0.039225	-0.11833	-0.20997	-0.28173	-0.33113	-0.44275	-0.53622	-0.63605	-0.70596	-0.92194	-0.88563	-0.61131	-0.33631	0.50557	0.80882	0.75474	0.3958	0.19091	-0.050408	-0.18232	-0.2335	-0.23861	-0.23736	-0.18312	-0.17891	-0.12106	-0.076828	0.00056564	0.033302	2.5031
950.91	0.030751	-0.0095954	-0.098419	-0.17237	-0.26983	-0.32313	-0.39505	-0.5026	-0.58357	-0.82589	-0.70937	-0.89566	-0.46007	-0.14612	0.41111	0.85233	0.70622	0.31283	0.11799	-0.12016	-0.2162	-0.27219	-0.27151	-0.25876	-0.21431	-0.18004	-0.14307	-0.0755	-0.0059068	0.043522	2.0369
958.68	0.028072	-0.011028	-0.10721	-0.17255	-0.24208	-0.29312	-0.3753	-0.48575	-0.53023	-0.69316	-0.4999	-0.5984	-0.40862	0.13107	0.75191	0.7705	0.62938	0.20926	0.025219	-0.19327	-0.28178	-0.31865	-0.31721	-0.27025	-0.22675	-0.19969	-0.14114	-0.089507	-0.0010424	0.03077	1.5417
954.96	0.040379	-0.041409	-0.089979	-0.17401	-0.25453	-0.27793	-0.37223	-0.45314	-0.49201	-0.70429	-0.59077	-0.53419	-0.25047	0.076161	0.70303	0.80694	0.53396	0.12584	-0.06916	-0.26004	-0.33138	-0.36543	-0.33027	-0.29778	-0.23961	-0.21224	-0.14169	-0.077382	0.0021766	0.045672	1.098
962.93	0.044076	-0.015494	-0.087644	-0.1757	-0.2375	-0.27648	-0.3729	-0.41518	-0.44492	-0.47262	-0.38305	-0.37304	-0.034527	0.4053	0.61156	0.7091	0.44123	-0.0013633	-0.19275	-0.33414	-0.37911	-0.39772	-0.36427	-0.32634	-0.23837	-0.21126	-0.14974	-0.091295	0.014946	0.029861	0.63435
957.93	0.03377	-0.0095251	-0.10969	-0.16247	-0.21316	-0.2385	-0.33117	-0.39175	-0.41403	-0.52554	-0.34072	-0.17596	-0.04268	0.27323	0.74389	0.62115	0.32757	-0.11619	-0.28028	-0.41419	-0.42944	-0.43033	-0.39682	-0.34884	-0.26351	-0.22332	-0.16674	-0.099086	-0.013897	0.02614	0.22534
958.04	0.031334	-0.020863	-0.10328	-0.14359	-0.20961	-0.26418	-0.30705	-0.36132	-0.3661	-0.46663	-0.22547	-0.2174	0.18823	0.43105	0.60606	0.61274	0.22197	-0.21128	-0.38438	-0.47995	-0.48725	-0.46577	-0.41642	-0.37919	-0.2814	-0.2405	-0.1868	-0.10273	-0.016305	0.030014	-0.17465
957.83	0.032962	-0.023892	-0.09291	-0.15541	-0.2026	-0.2351	-0.2898	-0.3446	-0.33297	-0.38264	-0.19893	-0.093049	0.092703	0.68372	0.77843	0.4296	0.095645	-0.32959	-0.5024	-0.54504	-0.54365	-0.50715	-0.45345	-0.37127	-0.28445	-0.2609	-0.1907	-0.11665	0.0037761	0.013732	-0.59148
960.17	0.032881	-0.017046	-0.070342	-0.12838	-0.18803	-0.22769	-0.26956	-0.29829	-0.30905	-0.28941	-0.021581	-0.051448	0.29105	0.70566	0.90539	0.49504	0.012432	-0.40316	-0.57604	-0.60023	-0.58424	-0.53968	-0.4594	-0.3959	-0.28226	-0.26027	-0.1756	-0.10542	-0.0042464	0.040007	-0.9856
962.93	0.032787	-0.023766	-0.097191	-0.11472	-0.19802	-0.20061	-0.26654	-0.29345	-0.26821	-0.32205	0.057869	-0.0513	0.41695	0.79002	0.74861	0.37759	-0.083077	-0.49322	-0.64904	-0.65072	-0.61096	-0.58166	-0.48857	-0.39556	-0.31191	-0.25096	-0.20966	-0.11676	-0.0026352	0.013656	-1.3448
961.97	0.021519	-0.010238	-0.078174	-0.11797	-0.17099	-0.20764	-0.22782	-0.26109	-0.24079	-0.35586	-0.048024	0.11379	0.38567	0.6729	0.74077	0.22864	-0.22173	-0.60464	-0.75796	-0.71608	-0.67234	-0.61182	-0.52505	-0.41984	-0.33155	-0.27458	-0.19834	-0.11542	-0.016237	0.015217	-1.6797
963.04	0.035204	-0.015492	-0.055018	-0.12956	-0.16641	-0.17331	-0.22082	-0.25205	-0.21978	-0.23837	0.022579	0.13017	0.51196	0.71928	0.83417	0.15379	-0.33525	-0.70113	-0.83786	-0.76915	-0.72522	-0.62921	-0.5401	-0.42336	-0.31707	-0.27272	-0.20503	-0.10947	0.0013597	0.032945	-2.0223
962.82	0.025532	-0.019256	-0.061395	-0.1163	-0.1524	-0.1725	-0.19765	-0.22187	-0.18295	-0.15477	0.022584	0.33646	0.40908	0.81366	0.63733	0.0046497	-0.51515	-0.84196	-0.95613	-0.84474	-0.75929	-0.64906	-0.54804	-0.45448	-0.34834	-0.29925	-0.20124	-0.12551	-0.0010379	0.029093	-2.3193
961.65	0.03606	-0.016266	-0.056691	-0.11487	-0.14292	-0.15137	-0.19189	-0.20461	-0.17702	-0.19683	0.049104	0.31209	0.58408	0.681	0.75817	-0.078332	-0.63049	-0.95394	-1.0519	-0.91382	-0.79812	-0.70741	-0.58001	-0.463	-0.35398	-0.29805	-0.20379	-0.12931	-0.019445	0.027583	-2.6392
967.07	0.023815	-0.026661	-0.05954	-0.094772	-0.13164	-0.13864	-0.17814	-0.18842	-0.14313	-0.14576	0.15419	0.20354	0.65968	0.76317	0.63452	-0.10265	-0.7347	-1.0301	-1.1188	-0.93263	-0.82349	-0.71162	-0.59389	-0.47546	-0.37196	-0.29793	-0.22483	-0.11481	-0.010581	0.038186	-2.8906
960.91	0.034473	-0.014772	-0.047965	-0.085196	-0.12896	-0.14209	-0.16202	-0.16331	-0.091696	-0.10477	0.15518	0.32886	0.67183	0.9569	0.53561	-0.21958	-0.89488	-1.14	-1.2107	-1.0059	-0.88725	-0.74663	-0.6024	-0.49605	-0.36541	-0.30764	-0.21165	-0.13232	-0.0090485	0.029924	-3.1695
968.56	0.027786	-0.0094205	-0.039676	-0.095404	-0.10963	-0.14605	-0.14287	-0.15332	-0.10319	-0.029093	0.048754	0.37549	0.5484	0.75419	0.54839	-0.51445	-0.959	-1.2022	-1.2693	-1.0144	-0.9116	-0.76196	-0.62795	-0.49609	-0.36917	-0.33694	-0.22296	-0.13779	-0.00023768	0.024318	-3.4194
963.99	0.039196	-0.00045004	-0.058936	-0.092732	-0.11891	-0.10502	-0.13008	-0.12703	-0.07989	-0.02923	0.32205	0.50909	0.7488	0.89894	0.49966	-0.45067	-1.0502	-1.2701	-1.3347	-1.0763	-0.94034	-0.77623	-0.61374	-0.51115	-0.36573	-0.32454	-0.22248	-0.11736	-0.001836	0.032141	-3.6359
962.5	0.031995	-0.0057181	-0.036741	-0.091312	-0.10242	-0.10945	-0.12428	-0.11449	-0.052342	0.046033	0.32255	0.49338	0.77373	0.78251	0.53472	-0.54257	-1.1879	-1.3718	-1.4259	-1.1103	-0.97256	-0.784	-0.63424	-0.50796	-0.38785	-0.32893	-0.2282	-0.13647	-0.018628	0.025244	-3.7975
967.18	0.03184	-0.018419	-0.061118	-0.09087	-0.11153	-0.1191	-0.11622	-0.12661	-0.067388	0.045811	0.30342	0.44993	0.65959	0.65366	0.39569	-0.70497	-1.2875	-1.456	-1.4903	-1.138	-0.98906	-0.817	-0.66931	-0.53957	-0.39558	-0.33199	-0.23475	-0.14668	-0.023311	0.01667	-3.9911
964.63	0.056072	-0.0019506	-0.042219	-0.06926	-0.10832	-0.1058	-0.12476	-0.10153	-0.026152	0.037586	0.42748	0.46758	0.90645	0.81214	0.30267	-0.50828	-1.387	-1.4913	-1.53	-1.1766	-0.95625	-0.83638	-0.64689	-0.53146	-0.39515	-0.32355	-0.23077	-0.12527	0.0013575	0.026728	-4.1237
968.67	0.029388	0.017495	-0.045206	-0.072858	-0.085189	-0.091805	-0.11009	-0.10348	-0.036735	0.13721	0.39064	0.50663	0.8003	0.83995	0.48872	-0.67917	-1.3828	-1.5199	-1.5372	-1.1898	-0.9844	-0.84432	-0.66595	-0.52608	-0.39719	-0.31756	-0.2321	-0.13054	0.0013518	0.019714	-4.2457
965.69	0.020633	0.0062999	-0.030273	-0.074642	-0.098575	-0.10144	-0.11342	-0.10221	-0.031486	0.0041669	0.21596	0.31077	0.70011	0.6938	0.38774	-0.80523	-1.4505	-1.5645	-1.5837	-1.2034	-1.0441	-0.86411	-0.67502	-0.54357	-0.41175	-0.32785	-0.24431	-0.12659	-0.0090037	0.039778	-4.3601
968.14	0.030204	-0.0026926	-0.063432	-0.062013	-0.088728	-0.10203	-0.085567	-0.082962	0.0014531	0.070727	0.36454	0.52332	0.785	0.80138	0.46344	-0.65481	-1.4936	-1.5928	-1.6123	-1.2251	-0.97632	-0.8554	-0.67176	-0.55011	-0.40332	-0.32237	-0.23223	-0.12048	0.0061206	0.030469	-4.4379
966.12	0.043127	0.0070478	-0.036603	-0.071491	-0.081915	-0.097144	-0.09769	-0.079964	-0.012329	0.11257	0.28617	0.56552	0.86559	0.74827	0.17416	-0.90399	-1.6006	-1.6751	-1.6635	-1.2788	-1.0302	-0.87028	-0.69186	-0.55047	-0.40712	-0.3471	-0.24956	-0.14249	0.0045412	0.035916	-4.5004
965.69	0.024654	-0.025948	-0.037414	-0.068406	-0.09245	-0.095487	-0.099226	-0.077619	0.00068966	-0.062557	0.39182	0.51641	0.7317	0.6625	0.19132	-0.86308	-1.6576	-1.72	-1.7098	-1.2992	-1.0299	-0.88786	-0.68983	-0.56103	-0.41545	-0.33406	-0.22975	-0.13312	-0.013785	0.018235	-4.5218
970.05	0.034148	-0.001192	-0.039614	-0.058011	-0.072872	-0.082366	-0.085397	-0.065423	0.0067888	0.15363	0.51261	0.68607	0.73625	0.79199	0.30949	-0.99082	-1.6099	-1.6988	-1.6847	-1.2555	-1.0002	-0.85534	-0.67897	-0.53165	-0.39958	-0.33101	-0.21804	-0.13108	0.010076	0.037302	-4.5553
965.69	0.043145	-0.0019484	-0.039794	-0.06217	-0.07845	-0.076788	-0.094746	-0.083172	-0.0039058	0.020856	0.52373	0.45062	0.85806	0.74079	0.28526	-0.78044	-1.6711	-1.7073	-1.7037	-1.2827	-1.0378	-0.87558	-0.70074	-0.54992	-0.41175	-0.34104	-0.22745	-0.13384	0.00055804	0.02362	-4.5446
969.94	0.04536	-0.010155	-0.041198	-0.073537	-0.089432	-0.092532	-0.10028	-0.085178	0.00068664	0.078896	0.30256	0.43226	0.75208	0.79988	0.267	-0.88397	-1.6543	-1.71	-1.6917	-1.2763	-1.027	-0.87174	-0.69069	-0.5483	-0.39077	-0.33491	-0.25544	-0.1441	-0.0065854	0.015092	-4.5019
963.57	0.041629	-0.013228	-0.031135	-0.066213	-0.081254	-0.099105	-0.10319	-0.07779	0.00069265	0.096144	0.4015	0.65771	0.79665	0.80518	0.49988	-0.86498	-1.6263	-1.6991	-1.6824	-1.2806	-1.0369	-0.88079	-0.70307	-0.56783	-0.4082	-0.35579	-0.24484	-0.1276	-0.0010371	0.045264	-4.534
964.42	0.052865	0.0070602	-0.019986	-0.06147	-0.098706	-0.099018	-0.11207	-0.068984	-0.0069806	-0.012523	0.38354	0.50886	0.86711	0.81232	0.19157	-0.88903	-1.632	-1.6866	-1.6771	-1.2728	-1.0328	-0.88247	-0.68918	-0.54429	-0.42416	-0.33683	-0.22392	-0.11368	-0.012209	0.032897	-4.5385
967.82	0.043853	0.012275	-0.04683	-0.081477	-0.10185	-0.10037	-0.1236	-0.094072	-0.022245	0.12068	0.25938	0.44142	0.79315	0.66884	0.30169	-0.9024	-1.4909	-1.584	-1.6075	-1.2312	-1.0119	-0.8565	-0.67432	-0.54713	-0.4005	-0.34804	-0.25065	-0.12704	-0.010573	0.012822	-4.4333
965.06	0.052025	0.0063055	-0.045376	-0.084831	-0.096015	-0.10831	-0.10527	-0.10704	-0.039173	0.062611	0.34811	0.52499	0.76379	0.71778	0.43072	-0.70652	-1.3673	-1.5102	-1.543	-1.186	-1.0062	-0.83683	-0.67547	-0.53679	-0.40016	-0.32729	-0.21457	-0.13175	-0.0082127	0.031334	-4.264
968.77	0.040604	-0.0019422	-0.05311	-0.081396	-0.11222	-0.10366	-0.12422	-0.12719	-0.053531	-0.037412	0.28539	0.46558	0.64278	0.87109	0.31841	-0.53082	-1.3083	-1.4672	-1.4924	-1.1526	-0.95921	-0.80831	-0.66277	-0.53077	-0.39272	-0.32062	-0.24887	-0.13487	-0.0073873	0.01971	-4.0399
966.44	0.032668	-0.017685	-0.061165	-0.1034	-0.11336	-0.12939	-0.14169	-0.13067	-0.080453	0.14587	0.21581	0.36808	0.62063	0.68545	0.53254	-0.66423	-1.2322	-1.407	-1.4474	-1.1215	-0.98275	-0.82254	-0.65347	-0.53523	-0.37739	-0.32837	-0.23187	-0.13809	-0.024126	0.022835	-3.8813
964.42	0.037569	-0.013217	-0.028724	-0.080984	-0.11623	-0.12455	-0.14124	-0.12856	-0.08139	0.045942	0.27789	0.40178	0.78012	0.74959	0.56786	-0.53322	-1.1419	-1.3308	-1.3911	-1.1057	-0.94071	-0.79311	-0.62752	-0.51172	-0.38485	-0.32906	-0.25077	-0.12821	0.0069432	0.033667	-3.7014
968.35	0.033406	-0.016902	-0.061835	-0.097757	-0.12885	-0.14524	-0.15854	-0.16443	-0.081821	-0.070699	0.16276	0.40836	0.62729	0.89488	0.45483	-0.46513	-1.0439	-1.25	-1.312	-1.0756	-0.91258	-0.76784	-0.63119	-0.49224	-0.38033	-0.31921	-0.2253	-0.12407	0.0021465	0.029694	-3.427
967.29	0.021401	-0.019916	-0.054776	-0.11421	-0.13772	-0.15388	-0.1699	-0.17253	-0.12474	-0.15405	0.075156	0.30205	0.65164	0.79427	0.46385	-0.25113	-0.9072	-1.1521	-1.2308	-1.0174	-0.91044	-0.74334	-0.61087	-0.4904	-0.37779	-0.32266	-0.20184	-0.13435	-0.015353	0.02051	-3.1939
970.48	0.046134	-0.018357	-0.049859	-0.11538	-0.14772	-0.15169	-0.18272	-0.17039	-0.15101	-0.12864	0.16241	0.30106	0.62592	0.71374	0.64929	-0.15985	-0.77554	-1.0535	-1.1572	-0.96883	-0.86285	-0.74253	-0.59336	-0.50221	-0.36181	-0.2992	-0.23014	-0.12163	-0.0034088	0.031926	-2.9333
969.09	0.026971	-0.010162	-0.06416	-0.10234	-0.13223	-0.15698	-0.17777	-0.21727	-0.1665	-0.12052	0.11006	0.36707	0.53237	0.71479	0.74384	-0.15185	-0.66202	-0.97288	-1.0544	-0.8961	-0.79591	-0.68566	-0.5841	-0.46893	-0.36011	-0.29808	-0.19841	-0.13337	0.008497	0.019704	-2.6377
968.99	0.031781	-0.016144	-0.070493	-0.12954	-0.14969	-0.18834	-0.21351	-0.22441	-0.194	-0.17041	-0.056418	0.17035	0.57966	0.66025	0.70987	-0.18481	-0.57196	-0.87472	-0.99774	-0.84596	-0.77562	-0.67512	-0.5663	-0.4429	-0.3572	-0.3074	-0.21064	-0.1276	-0.0081794	0.047311	-2.3285
966.44	0.031062	-0.0041954	-0.05403	-0.12209	-0.15883	-0.18629	-0.22229	-0.23848	-0.20599	-0.26254	0.075222	0.2119	0.45491	0.75586	0.64349	0.070687	-0.42602	-0.76831	-0.90854	-0.80856	-0.72817	-0.65727	-0.5491	-0.43614	-0.32854	-0.28805	-0.20737	-0.11997	-0.0089968	0.035135	-2.0254
965.48	0.031897	-0.014702	-0.070747	-0.1113	-0.16774	-0.20178	-0.24193	-0.25221	-0.23608	-0.28782	-0.08301	0.20388	0.43957	0.81142	0.7637	0.15343	-0.25822	-0.6475	-0.78864	-0.74158	-0.69664	-0.60223	-0.5286	-0.41435	-0.3096	-0.27979	-0.19455	-0.11428	-0.0090057	0.03363	-1.6828
971.43	0.022109	-0.032507	-0.077412	-0.14084	-0.17802	-0.20562	-0.24713	-0.28457	-0.27957	-0.28607	-0.25733	0.014561	0.47613	0.58852	0.75054	0.15246	-0.14702	-0.53791	-0.69395	-0.67871	-0.64626	-0.57005	-0.47034	-0.39289	-0.30697	-0.26959	-0.20859	-0.11358	-0.0049889	0.018128	-1.3387
966.54	0.038288	-0.0094402	-0.084146	-0.1252	-0.19815	-0.22194	-0.27151	-0.31138	-0.29629	-0.34585	-0.22347	-0.026451	0.25758	0.66192	0.81405	0.31837	-0.055818	-0.45656	-0.62005	-0.61856	-0.5906	-0.52958	-0.49141	-0.38298	-0.30038	-0.24614	-0.1775	-0.098204	-0.0010339	0.027445	-0.97343
970.69	0.038925	0.0010474	-0.090889	-0.13242	-0.16684	-0.25905	-0.27481	-0.34162	-0.3438	-0.29458	-0.27501	-0.034532	0.12289	0.61236	0.75961	0.44032	0.098325	-0.32353	-0.4965	-0.54358	-0.55053	-0.49066	-0.4645	-0.3632	-0.26373	-0.23969	-0.16226	-0.11222	0.0076922	0.037277	-0.58844
966.65	0.041496	-0.031167	-0.092854	-0.15088	-0.21561	-0.24569	-0.317	-0.35889	-0.36667	-0.37914	-0.2586	-0.25656	0.044511	0.48976	0.76278	0.49998	0.2192	-0.21025	-0.39689	-0.47237	-0.48998	-0.47226	-0.42517	-0.33935	-0.24782	-0.23371	-0.1637	-0.093119	0.0045387	0.040506	-0.15944
967.71	0.031823	-0.018409	-0.10384	-0.14527	-0.21101	-0.24627	-0.32485	-0.38067	-0.3999	-0.5452	-0.46891	-0.23985	0.0208	0.56735	0.65114	0.55714	0.29575	-0.15234	-0.31308	-0.4298	-0.44393	-0.44151	-0.40137	-0.32394	-0.26085	-0.21099	-0.16276	-0.1017	-0.011371	0.034321	0.21622
971.43	0.021311	-0.025795	-0.097916	-0.16486	-0.22064	-0.30194	-0.35775	-0.40445	-0.44178	-0.54312	-0.46712	-0.30434	-0.065644	0.49514	0.73355	0.63716	0.40424	-0.030924	-0.19937	-0.346	-0.39846	-0.39342	-0.37813	-0.32112	-0.22745	-0.22793	-0.14081	-0.08256	0.0068931	0.047958	0.66627
966.76	0.029445	-0.025919	-0.088089	-0.17033	-0.24531	-0.29236	-0.36993	-0.45474	-0.48677	-0.65406	-0.43424	-0.34691	-0.15274	0.32549	0.75417	0.78058	0.50525	0.091191	-0.12294	-0.27668	-0.34462	-0.36015	-0.34103	-0.29018	-0.23151	-0.19182	-0.13154	-0.074987	0.0085175	0.062791	1.1071
972.39	0.039655	-0.035452	-0.11279	-0.17863	-0.2517	-0.30333	-0.38114	-0.48441	-0.52504	-0.68339	-0.62385	-0.56547	-0.28519	0.27695	0.62256	0.8253	0.59609	0.16494	-0.023414	-0.21763	-0.29108	-0.31497	-0.31119	-0.26014	-0.21031	-0.18532	-0.12318	-0.085362	0.0029286	0.028807	1.5356
963.14	0.023106	-0.029026	-0.1099	-0.19754	-0.255	-0.32244	-0.40277	-0.51293	-0.5923	-0.64814	-0.83261	-0.62037	-0.37505	-0.073622	0.71417	0.82493	0.70362	0.29181	0.085267	-0.13106	-0.22134	-0.25396	-0.27197	-0.24195	-0.18856	-0.17153	-0.12052	-0.067266	0.011745	0.051455	1.9928
965.06	0.030301	-0.025214	-0.12476	-0.19247	-0.28339	-0.33201	-0.42962	-0.5381	-0.63022	-0.80543	-0.73417	-0.87431	-0.67464	-0.21449	0.62729	0.8481	0.75541	0.37629	0.18923	-0.065477	-0.17133	-0.23215	-0.24414	-0.22798	-0.17633	-0.14091	-0.10955	-0.051159	0.018101	0.045194	2.5016
965.69	0.0093778	-0.034947	-0.14134	-0.22274	-0.30508	-0.35814	-0.44054	-0.54886	-0.65355	-0.83828	-0.848	-0.90663	-0.76896	-0.39442	0.43044	0.80623	0.76206	0.43724	0.2567	-0.014196	-0.13111	-0.19843	-0.22761	-0.20403	-0.16511	-0.13848	-0.09645	-0.061284	0.013309	0.026699	2.9464
962.82	0.033597	-0.044079	-0.1163	-0.2234	-0.29984	-0.37029	-0.48455	-0.57914	-0.69776	-0.89096	-0.79761	-1.0578	-0.80294	-0.28566	0.30325	0.88323	0.81525	0.51953	0.32375	0.047924	-0.08655	-0.15631	-0.17903	-0.17838	-0.15223	-0.14357	-0.099812	-0.042544	0.013348	0.045299	3.4259
965.91	0.034294	-0.03269	-0.13576	-0.2336	-0.34437	-0.38865	-0.48525	-0.62329	-0.74761	-0.92982	-1.1028	-1.0133	-1.1083	-0.53522	0.088804	0.87214	0.83089	0.58586	0.41308	0.098169	-0.016305	-0.11652	-0.14651	-0.1437	-0.13693	-0.1113	-0.073452	-0.048938	0.025256	0.037462	3.919
962.5	0.027156	-0.032055	-0.14022	-0.24381	-0.31311	-0.4139	-0.51618	-0.65017	-0.78792	-1.0419	-1.3272	-1.248	-1.2866	-1.0163	0.089118	0.6265	0.84656	0.65445	0.48466	0.17397	0.0033611	-0.081607	-0.13138	-0.13386	-0.12553	-0.10624	-0.082934	-0.04183	0.01655	0.029102	4.3254
