13261	5	3	91	25.4	746	1	8	8	1.165	128	4096	10	0	0	0	0	149.12	965.05	1.4402e+006	0.11774	0.049361	40.781	0	0	1	0	0	0	11	0	0
931.12	0.042429	-0.0041674	-0.13344	-0.23517	-0.32776	-0.40629	-0.52726	-0.68294	-0.76472	-0.78861	-0.96138	-1.1329	-1.1656	-0.76016	0.22623	1.0436	0.86493	0.7179	0.53636	0.22729	0.067608	-0.039114	-0.085335	-0.093879	-0.070409	-0.059531	-0.047433	0.0075112	0.05314	0.06288	5.1243
930.16	0.050819	0.012958	-0.14099	-0.24674	-0.31993	-0.412	-0.55727	-0.71989	-0.81959	-0.90198	-1.1176	-1.2366	-1.38	-1.0373	0.031398	0.95884	0.87159	0.74865	0.57792	0.25927	0.095435	-0.0077023	-0.060336	-0.072562	-0.051258	-0.048312	-0.041915	-0.00076738	0.056506	0.06534	5.4834
927.82	0.02919	-0.0010615	-0.14217	-0.24412	-0.33166	-0.43605	-0.57267	-0.73657	-0.85196	-0.86086	-1.1753	-1.4366	-1.4986	-1.1703	-0.13741	0.78925	0.87379	0.77796	0.63709	0.31497	0.13251	0.031482	-0.046698	-0.061184	-0.045991	-0.052472	-0.015707	0.014334	0.040891	0.071112	5.8773
927.07	0.038428	-0.00028156	-0.14476	-0.26055	-0.33466	-0.43905	-0.56924	-0.7603	-0.89335	-0.97451	-1.2312	-1.4206	-1.6644	-1.4893	-0.16423	0.76408	0.86292	0.82109	0.68429	0.36515	0.1793	0.060505	-0.011821	-0.032311	-0.019797	-0.02422	-0.018913	0.0082994	0.064164	0.069566	6.2453
926.76	0.045143	0.019257	-0.1506	-0.25902	-0.35028	-0.47552	-0.60679	-0.79941	-0.93916	-1.2095	-1.4607	-1.5754	-1.9118	-1.5795	-0.49355	0.57487	0.83015	0.83288	0.71381	0.38164	0.20968	0.088682	0.00035758	-0.024056	-0.015944	-0.027463	-0.014129	0.018132	0.060866	0.066383	6.6647
926.65	0.034255	0.0083171	-0.14648	-0.27529	-0.37038	-0.46051	-0.61931	-0.81273	-0.98078	-1.2531	-1.4334	-1.7556	-1.9944	-2.0121	-0.60932	0.53188	0.79552	0.86487	0.74397	0.43164	0.24003	0.12197	0.029602	-0.0058689	-0.0028237	-0.0048201	-0.00055844	0.018891	0.048415	0.063985	7.0657
925.9	0.039314	-0.0034106	-0.12923	-0.26332	-0.3871	-0.4733	-0.64941	-0.83407	-1.0095	-1.402	-1.5079	-1.8943	-2.2019	-2.177	-0.78797	0.50647	0.7399	0.87709	0.79685	0.46474	0.28532	0.13317	0.041007	0.023913	0.00258	-0.000776	0.0098286	0.02269	0.053443	0.073667	7.4909
924.84	0.041039	0.016948	-0.16251	-0.28885	-0.39851	-0.50047	-0.65406	-0.88474	-1.0595	-1.5343	-1.6565	-2.1885	-2.4601	-2.5229	-1.0832	0.32585	0.70347	0.8781	0.81126	0.4972	0.31932	0.17094	0.071168	0.026424	0.010317	0.028396	-0.0013606	0.034079	0.053505	0.04965	7.8766
923.67	0.030163	0.0044225	-0.16106	-0.29737	-0.37798	-0.52687	-0.69081	-0.90742	-1.1217	-1.4839	-1.8793	-2.1655	-2.7605	-2.8126	-1.3435	0.22257	0.62391	0.90765	0.8512	0.55226	0.35096	0.19342	0.10549	0.05383	0.028916	0.014638	0.013858	0.034122	0.075231	0.064191	8.312
921.96	0.035271	-0.0042088	-0.15221	-0.28894	-0.42542	-0.51538	-0.71321	-0.94151	-1.1446	-1.6089	-1.8183	-2.3418	-2.9228	-2.8834	-1.6143	0.015244	0.5644	0.90132	0.87186	0.5931	0.39115	0.2358	0.10895	0.077196	0.046037	0.027672	0.038757	0.031906	0.058677	0.065117	8.702
921.54	0.027705	-0.0089267	-0.15312	-0.29071	-0.42745	-0.52007	-0.73388	-0.96356	-1.2214	-1.7058	-1.9205	-2.7308	-3.1559	-3.3359	-1.812	-0.036713	0.46324	0.88748	0.88102	0.60723	0.42181	0.25221	0.13432	0.085545	0.049162	0.04639	0.025932	0.037243	0.052024	0.049022	9.1175
921.54	0.020121	-0.0010687	-0.15312	-0.28989	-0.41645	-0.55927	-0.73467	-1.0143	-1.2608	-1.7932	-2.1969	-2.8687	-3.4125	-3.6313	-2.0268	-0.40909	0.3826	0.89906	0.89217	0.64533	0.45478	0.29082	0.15474	0.10799	0.068566	0.053709	0.04841	0.041806	0.067891	0.054665	9.5314
920.9	0.031096	0.0012916	-0.1657	-0.31216	-0.43417	-0.55787	-0.77277	-1.0208	-1.2954	-1.8382	-2.18	-2.8707	-3.4811	-3.954	-2.4312	-0.41804	0.26557	0.88453	0.90234	0.66744	0.48807	0.32451	0.18672	0.13635	0.096575	0.073278	0.061296	0.051726	0.061253	0.053895	9.9678
921.43	0.017595	-0.026221	-0.16062	-0.30544	-0.45684	-0.57448	-0.81146	-1.0518	-1.3388	-1.8284	-2.3354	-3.0932	-3.7274	-4.2635	-2.4835	-0.6603	0.13321	0.85819	0.89227	0.70863	0.50592	0.33462	0.21521	0.13877	0.093414	0.08137	0.06929	0.060062	0.066228	0.045801	10.36
919.3	0.017636	-0.020767	-0.16349	-0.31598	-0.45331	-0.57223	-0.80863	-1.0726	-1.3805	-1.8677	-2.4886	-3.1522	-4.1509	-4.5201	-3.0276	-0.89622	0.035185	0.84232	0.89992	0.7068	0.53848	0.36034	0.22717	0.16909	0.10841	0.082375	0.071062	0.051055	0.063033	0.045907	10.804
917.49	0.019364	-0.00028299	-0.16548	-0.31824	-0.46065	-0.59573	-0.79608	-1.1223	-1.4389	-1.7572	-2.586	-3.193	-4.342	-5.0893	-3.2223	-1.2372	-0.095842	0.8243	0.8985	0.75168	0.56438	0.39897	0.25141	0.17443	0.12889	0.088255	0.072812	0.074832	0.05645	0.043569	11.155
917.49	0.015977	-0.017649	-0.16131	-0.33219	-0.46249	-0.62078	-0.84796	-1.1323	-1.4679	-2.047	-2.6878	-3.548	-4.6578	-5.3777	-3.6088	-1.4547	-0.21441	0.79388	0.88651	0.77604	0.58258	0.40328	0.26208	0.19782	0.14683	0.10623	0.074426	0.071011	0.052253	0.027373	11.541
916.1	0.010917	-0.023212	-0.1649	-0.30968	-0.48717	-0.60828	-0.86578	-1.1666	-1.5065	-2.1732	-2.729	-3.5187	-4.9563	-5.7407	-3.8484	-1.7704	-0.38115	0.74132	0.87023	0.77895	0.61745	0.43237	0.27726	0.18891	0.1369	0.12029	0.088267	0.079533	0.064932	0.035525	11.923
913.97	0.0083937	-0.014548	-0.15354	-0.30794	-0.4541	-0.61059	-0.85043	-1.1844	-1.5294	-2.0284	-2.9212	-3.5964	-5.1932	-6.085	-4.1371	-1.923	-0.50862	0.72778	0.88109	0.81744	0.63218	0.46972	0.3092	0.21785	0.17243	0.11647	0.10304	0.10655	0.061717	0.058368	12.272
912.59	-0.0035052	-0.016951	-0.15882	-0.33645	-0.45757	-0.60523	-0.89203	-1.2257	-1.5739	-2.208	-3.121	-3.8021	-5.2428	-6.3427	-4.5501	-2.2407	-0.61432	0.68841	0.86555	0.81343	0.6398	0.46956	0.3039	0.2291	0.16407	0.13389	0.10077	0.085214	0.059279	0.038103	12.578
910.67	-0.019712	-0.033689	-0.16588	-0.31318	-0.47616	-0.63264	-0.89628	-1.2257	-1.6235	-2.2834	-3.1182	-3.8014	-5.5805	-6.7961	-4.7589	-2.447	-0.76873	0.6502	0.85046	0.82917	0.66366	0.48097	0.33099	0.25314	0.17698	0.14076	0.10992	0.07693	0.053491	0.042263	12.907
909.71	-0.0060771	-0.021783	-0.15679	-0.30855	-0.48874	-0.61436	-0.89089	-1.2363	-1.6504	-2.3035	-3.2522	-3.9451	-5.8044	-6.9113	-5.1084	-2.625	-0.92449	0.58953	0.83845	0.83443	0.69274	0.51451	0.35947	0.26856	0.19211	0.14668	0.1141	0.085484	0.066235	0.033324	13.208
909.71	-0.035097	-0.031336	-0.16437	-0.34248	-0.45901	-0.64864	-0.89564	-1.2902	-1.6878	-2.4187	-3.4202	-4.1459	-6.3074	-7.4266	-5.3804	-3.011	-1.0651	0.54261	0.82394	0.8625	0.70025	0.53189	0.3421	0.26856	0.2039	0.14668	0.12223	0.083943	0.051009	0.039041	13.524
908.75	-0.023172	-0.046511	-0.15527	-0.31882	-0.48646	-0.63307	-0.92516	-1.3143	-1.6904	-2.5364	-3.5173	-4.3251	-6.482	-7.6674	-5.6856	-3.2513	-1.1919	0.51157	0.80866	0.87307	0.70684	0.52984	0.37062	0.28486	0.19467	0.15673	0.12317	0.094826	0.064613	0.031725	13.816
908.97	-0.018895	-0.034548	-0.1645	-0.32205	-0.46218	-0.63653	-0.94319	-1.298	-1.7259	-2.3409	-3.4043	-4.394	-6.514	-7.9899	-5.902	-3.3296	-1.3172	0.48074	0.7762	0.87111	0.74009	0.54712	0.38296	0.29238	0.20958	0.18555	0.13128	0.092491	0.056131	0.029265	14.076
907.69	-0.050573	-0.04497	-0.16305	-0.32168	-0.50193	-0.65552	-0.95009	-1.3336	-1.7487	-2.4862	-3.5869	-4.5052	-6.8089	-8.2344	-6.1738	-3.5277	-1.4397	0.43801	0.75951	0.86179	0.72775	0.56444	0.38349	0.29533	0.2083	0.16765	0.12413	0.093394	0.037559	0.0072045	14.333
904.17	-0.053346	-0.051554	-0.17046	-0.32543	-0.50295	-0.65353	-0.93942	-1.3159	-1.7997	-2.4513	-3.6102	-4.5227	-6.9535	-8.4839	-6.4259	-3.9297	-1.575	0.38162	0.73732	0.89691	0.75494	0.57451	0.41163	0.31512	0.22968	0.18653	0.13362	0.084457	0.033449	0.023666	14.553
899.48	-0.061393	-0.069537	-0.14835	-0.30955	-0.47269	-0.66698	-0.9331	-1.3287	-1.7983	-2.4909	-3.7235	-4.8289	-7.2102	-8.8475	-6.6245	-4.0833	-1.6999	0.36171	0.73056	0.90603	0.7631	0.58541	0.41294	0.30398	0.22292	0.18084	0.14171	0.10282	0.049021	0.0080958	14.729
899.48	-0.089016	-0.071146	-0.16879	-0.32629	-0.4802	-0.67884	-0.95876	-1.3619	-1.8033	-2.6163	-3.7518	-4.7406	-7.4222	-8.9231	-6.8445	-4.2874	-1.7731	0.30786	0.71018	0.9007	0.75128	0.58981	0.40624	0.30739	0.23167	0.17751	0.1376	0.077886	0.034479	0.014704	14.911
899.37	-0.089027	-0.071961	-0.1603	-0.32633	-0.50375	-0.67162	-0.95726	-1.3783	-1.8249	-2.5987	-3.9127	-4.8913	-7.6605	-9.1091	-7.0563	-4.3678	-1.8594	0.29512	0.6915	0.90081	0.78091	0.60131	0.43056	0.31168	0.23329	0.18836	0.13186	0.097373	0.02935	-0.001816	15.093
899.9	-0.076894	-0.083186	-0.16786	-0.2726	-0.44242	-0.66027	-0.92624	-1.323	-1.8518	-2.5166	-3.8727	-4.8708	-7.6306	-9.255	-6.9971	-4.5248	-1.94	0.26667	0.68946	0.91092	0.79395	0.61413	0.43532	0.32767	0.24507	0.18908	0.13671	0.094202	0.023345	0.0072668	15.237
901.29	-0.1009	-0.11199	-0.18971	-0.2939	-0.44174	-0.6201	-0.93282	-1.3805	-1.862	-2.7094	-3.9798	-4.9779	-7.8389	-9.3162	-7.2426	-4.6329	-1.9735	0.24714	0.69084	0.91129	0.79105	0.61231	0.42296	0.32377	0.23041	0.17466	0.1365	0.083173	0.025871	-0.012529	15.375
904.17	-0.1272	-0.12044	-0.18402	-0.3171	-0.46743	-0.62266	-0.90991	-1.3761	-1.8618	-2.5938	-3.9389	-4.8917	-7.8476	-9.4454	-7.1556	-4.6623	-2.0461	0.22819	0.65457	0.90044	0.78349	0.60511	0.42911	0.31681	0.24075	0.19068	0.13198	0.067408	0.013873	-0.014134	15.527
904.6	-0.10482	-0.10597	-0.21527	-0.27784	-0.42798	-0.61057	-0.94297	-1.3339	-1.8103	-2.646	-3.9089	-4.9421	-7.9114	-9.4661	-7.3438	-4.7924	-2.0781	0.20994	0.66967	0.91325	0.79655	0.61794	0.43723	0.34122	0.2351	0.19308	0.1401	0.090615	0.029179	0.00065719	15.579
905.13	-0.13564	-0.10351	-0.21006	-0.29431	-0.42586	-0.62291	-0.90098	-1.3458	-1.8165	-2.5288	-4.0286	-5.106	-8.0247	-9.7027	-7.385	-4.6486	-2.0684	0.21979	0.66279	0.90742	0.78015	0.61059	0.44695	0.31563	0.24129	0.17226	0.12694	0.077401	-0.015048	-0.040386	15.649
903.32	-0.14279	-0.15583	-0.21133	-0.31824	-0.42111	-0.61598	-0.84929	-1.3841	-1.8595	-2.6676	-3.9802	-4.9667	-7.9817	-9.5548	-7.4546	-4.7816	-2.0633	0.22477	0.66412	0.90571	0.78928	0.61619	0.44868	0.34086	0.24256	0.1726	0.13456	0.077556	0.0079248	-0.030596	15.694
901.29	-0.15862	-0.15136	-0.20416	-0.3106	-0.44268	-0.58731	-0.93442	-1.3295	-1.7923	-2.7451	-3.8008	-5.1365	-7.9658	-9.5259	-7.4347	-4.5975	-2.0798	0.21526	0.65341	0.90863	0.81885	0.62284	0.438	0.33907	0.22962	0.18879	0.1283	0.073844	-0.00059571	-0.047978	15.763
899.9	-0.17439	-0.17172	-0.21894	-0.31191	-0.42082	-0.60646	-0.91262	-1.3426	-1.837	-2.5524	-4.0425	-5.0473	-7.8679	-9.7254	-7.5103	-4.8086	-2.1179	0.21377	0.67805	0.8985	0.79395	0.61413	0.43951	0.32001	0.22838	0.17326	0.1211	0.058384	-0.014279	-0.043923	15.779
898.09	-0.18512	-0.15916	-0.24156	-0.33517	-0.42732	-0.61225	-0.91044	-1.3436	-1.783	-2.5845	-4.0129	-5.0752	-8.0027	-9.6525	-7.4612	-4.8271	-2.1444	0.18404	0.65328	0.91098	0.79133	0.62858	0.43704	0.32834	0.22804	0.16693	0.11722	0.053821	-0.013452	-0.038221	15.79
896.81	-0.18192	-0.19331	-0.23678	-0.32894	-0.44112	-0.57011	-0.85706	-1.3122	-1.8532	-2.5972	-3.8671	-5.0293	-8.0651	-9.6494	-7.4075	-4.6472	-2.1047	0.19895	0.6673	0.91584	0.80855	0.633	0.44102	0.33137	0.22359	0.17386	0.11574	0.060148	-0.021194	-0.058159	15.796
899.48	-0.21246	-0.20562	-0.26589	-0.34805	-0.44733	-0.57846	-0.8898	-1.3057	-1.7983	-2.6253	-3.9595	-5.1204	-7.8547	-9.5871	-7.248	-4.6245	-2.0635	0.22482	0.66043	0.91224	0.78673	0.5942	0.42967	0.32017	0.20543	0.16668	0.10717	0.063865	-0.040809	-0.067073	15.785
901.5	-0.21629	-0.21319	-0.27294	-0.36313	-0.45851	-0.57352	-0.867	-1.2603	-1.7795	-2.6551	-3.8281	-4.9503	-7.7439	-9.3643	-7.497	-4.5168	-2.0292	0.22614	0.66952	0.90134	0.79002	0.61743	0.42453	0.322	0.21845	0.14884	0.13155	0.05284	-0.034741	-0.066098	15.758
899.8	-0.21325	-0.20071	-0.28198	-0.37386	-0.42087	-0.55909	-0.80532	-1.2653	-1.7188	-2.4274	-3.8354	-4.8184	-7.7078	-9.3905	-7.0438	-4.5785	-2.0066	0.22839	0.66998	0.9128	0.79743	0.61333	0.43287	0.30473	0.21489	0.15995	0.1096	0.056055	-0.04507	-0.067049	15.743
900.65	-0.22684	-0.23028	-0.28001	-0.36013	-0.48521	-0.57041	-0.81096	-1.1977	-1.7533	-2.6308	-3.7846	-4.9373	-7.7597	-9.2221	-7.2752	-4.5653	-1.9537	0.25643	0.69052	0.88624	0.79161	0.60484	0.41073	0.31975	0.19007	0.1365	0.099638	0.049001	-0.048445	-0.094209	15.757
902.25	-0.22472	-0.23549	-0.29564	-0.38786	-0.45251	-0.55757	-0.81112	-1.2423	-1.7157	-2.5101	-3.7685	-4.8141	-7.5262	-9.122	-6.924	-4.4246	-1.8891	0.2769	0.68848	0.90324	0.77506	0.59939	0.42085	0.29456	0.19925	0.14623	0.09044	0.037262	-0.042389	-0.091572	15.772
900.76	-0.24491	-0.24311	-0.31314	-0.38348	-0.44669	-0.57855	-0.79886	-1.2324	-1.7383	-2.4963	-3.7653	-4.6192	-7.3185	-8.8601	-6.7799	-4.1484	-1.7842	0.30834	0.71649	0.90208	0.76538	0.58283	0.40232	0.2976	0.20831	0.13649	0.083199	0.044327	-0.039896	-0.077701	15.719
899.16	-0.24794	-0.28946	-0.31285	-0.40007	-0.4738	-0.56771	-0.81712	-1.1733	-1.6583	-2.4918	-3.6776	-4.6805	-7.2382	-8.6657	-6.6452	-4.0138	-1.7013	0.34723	0.73735	0.89836	0.7659	0.59178	0.39634	0.27853	0.18959	0.12006	0.076765	0.032715	-0.042534	-0.084449	15.555
897.13	-0.24158	-0.25379	-0.29733	-0.40853	-0.46922	-0.57723	-0.81816	-1.1486	-1.6398	-2.3987	-3.5155	-4.4697	-7.127	-8.5504	-6.4303	-3.8894	-1.6044	0.37729	0.74474	0.90395	0.74985	0.56227	0.38549	0.26891	0.18285	0.11615	0.075289	0.014824	-0.067507	-0.099549	15.363
896.17	-0.22451	-0.25163	-0.31816	-0.39385	-0.4914	-0.58425	-0.78443	-1.1456	-1.6027	-2.3833	-3.2824	-4.3681	-6.8878	-8.0702	-6.2532	-3.6531	-1.4898	0.42532	0.784	0.8969	0.75405	0.56816	0.37582	0.26749	0.1583	0.13802	0.072893	0.0078026	-0.055556	-0.09468	15.163
897.56	-0.24579	-0.23995	-0.31767	-0.41169	-0.51983	-0.63548	-0.83465	-1.1003	-1.5912	-2.236	-3.4381	-4.3525	-6.4863	-8.1336	-6.2251	-3.6742	-1.4124	0.45759	0.77544	0.86973	0.73935	0.55143	0.3744	0.25683	0.16602	0.11526	0.057946	0.010133	-0.063187	-0.10281	14.953
898.52	-0.25762	-0.2405	-0.30284	-0.43554	-0.52398	-0.64485	-0.76312	-1.0999	-1.5458	-2.2336	-3.3305	-4.1357	-6.5982	-7.9314	-5.7779	-3.3239	-1.2609	0.48999	0.7991	0.8839	0.73348	0.53764	0.36814	0.22757	0.15629	0.10513	0.054589	-0.010933	-0.069115	-0.10766	14.727
900.54	-0.22859	-0.23594	-0.30046	-0.46716	-0.5791	-0.65525	-0.83428	-1.0141	-1.4882	-2.1392	-3.2287	-4.1087	-6.1176	-7.5106	-5.426	-3.0594	-1.1347	0.54357	0.82662	0.87571	0.7175	0.53204	0.35143	0.24577	0.14482	0.090746	0.054466	-1.3467e-005	-0.05016	-0.09257	14.479
902.25	-0.20062	-0.18572	-0.32876	-0.50549	-0.60422	-0.7186	-0.81432	-1.0563	-1.4583	-2.0726	-3.1756	-3.8897	-6.0468	-7.2366	-5.2055	-3.0625	-1.0238	0.56711	0.83644	0.86786	0.69258	0.50912	0.32824	0.21984	0.14534	0.08393	0.042064	-0.0054498	-0.062004	-0.081691	14.254
902.89	-0.21854	-0.23372	-0.37689	-0.47595	-0.62532	-0.65627	-0.78579	-0.99873	-1.3483	-1.9909	-2.9664	-3.8957	-5.73	-6.7709	-4.9826	-2.6714	-0.89075	0.61944	0.85047	0.85134	0.69041	0.49563	0.31217	0.20356	0.12623	0.0681	0.028105	-0.0038961	-0.049177	-0.085747	13.929
902.78	-0.24867	-0.27787	-0.37354	-0.50436	-0.54958	-0.60362	-0.71478	-0.93605	-1.337	-1.9376	-2.8069	-3.6146	-5.3251	-6.621	-4.6908	-2.3977	-0.76356	0.65042	0.86276	0.84525	0.67619	0.47729	0.29886	0.1917	0.11357	0.066447	0.0076217	-0.019419	-0.062821	-0.096456	13.67
903.85	-0.26813	-0.26953	-0.40616	-0.48794	-0.54052	-0.61925	-0.75782	-0.89765	-1.3075	-2.0155	-2.7284	-3.6279	-5.226	-6.287	-4.3842	-2.3154	-0.61857	0.66873	0.87473	0.82925	0.63338	0.45661	0.29018	0.18046	0.1071	0.055589	0.0059751	-0.022498	-0.086586	-0.11525	13.343
904.38	-0.24651	-0.26296	-0.37881	-0.45353	-0.50656	-0.59892	-0.69677	-0.91322	-1.2822	-1.8629	-2.7643	-3.4325	-5.0121	-6.2331	-4.1992	-2.0669	-0.55975	0.69829	0.86935	0.81288	0.6179	0.43535	0.2767	0.16934	0.099127	0.043956	0.01497	-0.014737	-0.074623	-0.10039	13.026
903.64	-0.22265	-0.25517	-0.34521	-0.4689	-0.4275	-0.57761	-0.70692	-0.8843	-1.2276	-1.7218	-2.6539	-3.2156	-4.8812	-5.8952	-3.8741	-1.8655	-0.43559	0.73429	0.88062	0.81178	0.60244	0.41734	0.25943	0.1593	0.085755	0.034037	0.0010654	-0.034135	-0.080646	-0.1013	12.694
906.41	-0.23225	-0.25518	-0.31119	-0.3786	-0.44484	-0.42824	-0.63712	-0.88075	-1.2533	-1.9298	-2.6083	-3.2847	-4.698	-5.6687	-3.7713	-1.6309	-0.30916	0.7574	0.89573	0.77936	0.58971	0.40472	0.2412	0.13769	0.072868	0.026492	0.0018779	-0.038667	-0.081247	-0.10181	12.345
908.11	-0.20274	-0.18213	-0.3182	-0.34888	-0.38445	-0.49884	-0.5851	-0.84872	-1.2501	-1.8375	-2.5379	-3.1998	-4.412	-5.2917	-3.519	-1.4345	-0.23434	0.79485	0.88839	0.7612	0.57689	0.35956	0.225	0.12899	0.049889	0.025618	-0.0046425	-0.031651	-0.08279	-0.11225	12.034
907.58	-0.17378	-0.22214	-0.28293	-0.2902	-0.39585	-0.45753	-0.58306	-0.89059	-1.2484	-1.6699	-2.4365	-3.2629	-4.3641	-5.0782	-3.2212	-1.2243	-0.10786	0.80616	0.89538	0.74758	0.54711	0.3528	0.20274	0.124	0.059376	0.011596	-0.0079055	-0.047883	-0.081143	-0.10741	11.688
908.11	-0.19761	-0.17176	-0.24059	-0.30246	-0.35282	-0.41749	-0.59066	-0.91537	-1.2566	-1.8286	-2.4631	-3.2872	-4.1432	-4.8921	-3.0285	-1.206	-0.046214	0.81654	0.88516	0.73396	0.51418	0.34127	0.18935	0.084278	0.050676	0.013239	-0.011975	-0.047084	-0.088722	-0.094253	11.29
910.35	-0.16386	-0.15224	-0.22653	-0.26865	-0.29811	-0.38671	-0.57732	-0.93416	-1.2438	-1.7445	-2.2332	-3.0785	-3.999	-4.7057	-2.8489	-1.0365	0.061619	0.84609	0.89265	0.70235	0.50374	0.31698	0.1707	0.096697	0.032482	0.013206	-0.022511	-0.033883	-0.053846	-0.076066	10.95
912.38	-0.14308	-0.10428	-0.16977	-0.19545	-0.30486	-0.39215	-0.62426	-0.93797	-1.211	-1.6965	-2.2096	-2.941	-3.848	-4.2809	-2.6438	-0.76306	0.1253	0.85681	0.8963	0.68854	0.48431	0.30934	0.16207	0.086404	0.037896	-0.009002	-0.024082	-0.035343	-0.038545	-0.058796	10.532
912.91	-0.089408	-0.089142	-0.15289	-0.19698	-0.27599	-0.37304	-0.64128	-0.94581	-1.2135	-1.6337	-2.2083	-2.9219	-3.7288	-4.2867	-2.4977	-0.61401	0.20075	0.87609	0.89256	0.68989	0.47488	0.28751	0.13889	0.077961	0.021422	0.0024965	-0.025689	-0.024575	-0.027564	-0.054692	10.182
911.42	-0.066552	-0.054322	-0.12119	-0.19813	-0.29499	-0.42858	-0.65815	-0.93559	-1.1936	-1.7425	-2.1654	-3.04	-3.5675	-3.8624	-2.3479	-0.48366	0.28346	0.87032	0.89644	0.64199	0.44483	0.26629	0.13003	0.070525	0.02381	-0.0098334	-0.018425	-0.017697	-0.018321	-0.02788	9.7806
911.2	-0.0197	-0.033668	-0.088431	-0.17505	-0.30618	-0.45301	-0.6678	-0.9274	-1.1695	-1.5484	-2.0354	-2.8751	-3.5181	-3.8052	-2.1041	-0.39621	0.3222	0.87773	0.88377	0.63688	0.4316	0.25681	0.13584	0.061293	0.0096883	0.010726	-0.013557	-0.016164	0.0036327	-0.0042404	9.4196
912.69	-0.01116	-0.022504	-0.10759	-0.19126	-0.32049	-0.45766	-0.65328	-0.94519	-1.1806	-1.6871	-2.1717	-2.7833	-3.4371	-3.6333	-1.9832	-0.36059	0.38715	0.88888	0.87911	0.63497	0.41675	0.2356	0.11418	0.05196	0.018291	-0.015569	-0.019211	-0.0084596	0.0086844	0.00065136	9.0118
912.69	0.022018	0.0092374	-0.090805	-0.22919	-0.34549	-0.47205	-0.67461	-0.91161	-1.1619	-1.5988	-1.9018	-2.6702	-3.1948	-3.3931	-1.8837	-0.13326	0.46941	0.89608	0.88393	0.60262	0.40261	0.23906	0.10758	0.041047	-0.0020851	-0.015568	-0.0078612	0.00075256	0.022175	0.021816	8.6174
912.69	0.020316	0.021142	-0.097521	-0.21847	-0.35012	-0.47475	-0.66355	-0.93428	-1.1344	-1.5282	-1.8367	-2.383	-2.9775	-3.1529	-1.6127	-0.11577	0.52313	0.88978	0.8775	0.58338	0.37432	0.21307	0.08696	0.039369	0.0034021	-0.022959	-0.025695	-0.0099943	0.032294	0.039728	8.2002
913.12	0.039865	0.0036824	-0.10922	-0.22249	-0.35273	-0.45475	-0.6435	-0.88518	-1.099	-1.5187	-1.8452	-2.321	-2.8675	-2.9941	-1.4855	-0.002095	0.57406	0.90375	0.84657	0.56039	0.35002	0.19046	0.068784	0.01334	-0.011483	-0.026231	-0.029735	-0.013827	0.028064	0.030758	7.8252
912.48	0.050103	0.027496	-0.11853	-0.22017	-0.34279	-0.49735	-0.63446	-0.87405	-1.0771	-1.4403	-1.6603	-2.2268	-2.7107	-2.7228	-1.2425	0.13783	0.62316	0.89899	0.83591	0.53104	0.32281	0.18106	0.066357	0.0091523	-0.016195	-0.028713	-0.029756	-0.0076926	0.056756	0.054393	7.4107
912.27	0.05437	0.03306	-0.12192	-0.23013	-0.32435	-0.45428	-0.59192	-0.83226	-1.0327	-1.3876	-1.7166	-2.0793	-2.5024	-2.4996	-1.0529	0.27783	0.69133	0.883	0.80474	0.49967	0.29458	0.14296	0.036671	-0.0084826	-0.02247	-0.0394	-0.021651	0.0015221	0.037371	0.060922	6.9931
914.83	0.049975	-0.0010766	-0.12409	-0.23771	-0.35115	-0.44493	-0.61864	-0.84668	-0.99992	-1.375	-1.5261	-1.9259	-2.362	-2.1869	-1.0139	0.41663	0.73546	0.87515	0.79207	0.46775	0.27052	0.1296	0.025047	-0.021855	-0.038826	-0.038471	-0.032914	-0.018398	0.054929	0.042071	6.6071
915.68	0.039753	0.017117	-0.11059	-0.22845	-0.32868	-0.44362	-0.6031	-0.7957	-0.96829	-1.3209	-1.5155	-1.8634	-2.0849	-2.0775	-0.72472	0.52955	0.77159	0.87881	0.7649	0.43768	0.24622	0.10098	0.012692	-0.04108	-0.048945	-0.050712	-0.042578	-0.0099617	0.044794	0.056637	6.2135
916.64	0.052417	0.01868	-0.1322	-0.21343	-0.32741	-0.44047	-0.5828	-0.77146	-0.92935	-1.2229	-1.2823	-1.6708	-2.0994	-1.7207	-0.47201	0.63347	0.82845	0.84297	0.7561	0.40327	0.20536	0.082762	-0.018526	-0.042708	-0.056695	-0.053112	-0.053024	-0.024478	0.028797	0.05739	5.7804
917.6	0.051515	0.002874	-0.096164	-0.22223	-0.30773	-0.41317	-0.57433	-0.72641	-0.90902	-1.0723	-1.2532	-1.7123	-1.7397	-1.4717	-0.45353	0.71108	0.83009	0.84835	0.69455	0.36719	0.17619	0.042172	-0.036554	-0.073556	-0.080021	-0.061224	-0.060226	-0.025214	0.037154	0.052471	5.4304
919.62	0.042115	0.010744	-0.10595	-0.19964	-0.30705	-0.38192	-0.53856	-0.72981	-0.84267	-0.95613	-1.1673	-1.4322	-1.8106	-1.2794	-0.15658	0.7442	0.87241	0.78936	0.65633	0.32646	0.13617	0.014566	-0.071669	-0.075061	-0.080622	-0.077389	-0.06492	-0.029731	0.037907	0.041044	5.0288
921.32	0.066478	0.042167	-0.095775	-0.20335	-0.30832	-0.38299	-0.536	-0.68854	-0.83388	-0.98933	-0.93473	-1.3519	-1.4016	-1.1375	-0.066768	0.97671	0.87329	0.77721	0.61929	0.27735	0.11531	-0.0086323	-0.085426	-0.099034	-0.085909	-0.079685	-0.068012	-0.024353	0.055378	0.052259	4.6454
923.77	0.039405	0.013833	-0.1063	-0.20689	-0.28006	-0.37398	-0.49554	-0.65603	-0.77401	-0.90822	-1.0701	-1.2967	-1.2492	-1.0363	-0.048745	0.87045	0.86683	0.73428	0.56683	0.23947	0.062392	-0.036857	-0.10231	-0.10706	-0.11201	-0.096511	-0.082248	-0.031115	0.054397	0.03523	4.2663
924.94	0.053625	0.020862	-0.10203	-0.20174	-0.29158	-0.3735	-0.4801	-0.64692	-0.74103	-1.0116	-0.88517	-1.2264	-1.2146	-0.74071	0.2099	0.99878	0.87153	0.6943	0.52012	0.19171	0.037683	-0.058182	-0.12009	-0.12432	-0.1165	-0.10044	-0.082943	-0.053801	0.037688	0.065712	3.9069
925.58	0.06114	0.040409	-0.09368	-0.20242	-0.24208	-0.33689	-0.48055	-0.61254	-0.71734	-0.82813	-0.74696	-1.1311	-0.96659	-0.57683	0.45035	1.0929	0.8759	0.66278	0.4841	0.15796	0.02125	-0.090604	-0.13708	-0.13169	-0.12647	-0.1198	-0.094875	-0.040896	0.033506	0.051214	3.5428
925.69	0.054421	0.019279	-0.11353	-0.18857	-0.27309	-0.32621	-0.46179	-0.60005	-0.70287	-0.80193	-0.69183	-0.8993	-0.83465	-0.51959	0.37012	1.0152	0.86255	0.61748	0.42382	0.11742	-0.023871	-0.12561	-0.16878	-0.16726	-0.14422	-0.10927	-0.11324	-0.040133	0.03849	0.039971	3.2514
927.82	0.054297	0.030942	-0.084371	-0.17921	-0.24606	-0.32723	-0.44207	-0.57142	-0.65661	-0.64381	-0.69939	-0.94005	-0.70943	-0.2169	0.61818	1.1247	0.85727	0.5736	0.3762	0.080164	-0.054099	-0.15089	-0.18705	-0.17844	-0.1385	-0.12436	-0.10023	-0.05288	0.045866	0.056698	2.8811
927.93	0.060986	0.014549	-0.099223	-0.18731	-0.24694	-0.33073	-0.42881	-0.56145	-0.61508	-0.5743	-0.63525	-0.55472	-0.62715	-0.17615	0.68031	1.0214	0.85387	0.51869	0.31924	0.038874	-0.093373	-0.15855	-0.20893	-0.19575	-0.16006	-0.151	-0.10899	-0.046833	0.01103	0.062296	2.5502
927.82	0.050113	0.026261	-0.092629	-0.16867	-0.24424	-0.32811	-0.41953	-0.54005	-0.64066	-0.59173	-0.64449	-0.69176	-0.5779	-0.029498	0.59151	1.0731	0.80525	0.46213	0.27343	-0.02391	-0.13349	-0.20714	-0.23492	-0.20899	-0.17627	-0.15748	-0.11777	-0.062698	0.053333	0.04949	2.3011
929.1	0.036672	0.014531	-0.10322	-0.18464	-0.23117	-0.31883	-0.39101	-0.51539	-0.59439	-0.55623	-0.58876	-0.60531	-0.35546	0.035667	0.83037	1.0201	0.77693	0.4288	0.21463	-0.044493	-0.16273	-0.21281	-0.23054	-0.21035	-0.18527	-0.15968	-0.11761	-0.061103	0.034209	0.050221	2.0156
930.27	0.063336	0.027748	-0.090737	-0.16418	-0.22633	-0.29548	-0.37656	-0.44721	-0.54991	-0.44297	-0.36895	-0.57894	-0.3878	0.15751	0.785	0.98447	0.75701	0.37179	0.18203	-0.083039	-0.19925	-0.2389	-0.26181	-0.22656	-0.20656	-0.16915	-0.11507	-0.076845	0.024238	0.046965	1.7468
930.06	0.055836	0.011403	-0.078401	-0.15693	-0.20912	-0.28231	-0.35571	-0.45555	-0.52935	-0.60764	-0.41467	-0.42532	-0.23208	0.34451	0.70538	1.0019	0.71188	0.31363	0.11346	-0.14226	-0.22216	-0.26616	-0.27077	-0.23237	-0.20661	-0.17	-0.11192	-0.067068	0.036656	0.042181	1.4703
930.8	0.04161	0.016839	-0.079985	-0.15195	-0.2144	-0.28297	-0.35465	-0.49552	-0.49713	-0.46002	-0.314	-0.57008	-0.14176	0.31985	0.77568	1.0868	0.68662	0.27017	0.074755	-0.1533	-0.24727	-0.29143	-0.29562	-0.24618	-0.20183	-0.18033	-0.12614	-0.06325	0.030838	0.042946	1.2317
930.38	0.059155	0.043315	-0.08414	-0.14393	-0.20996	-0.28839	-0.35016	-0.47928	-0.48782	-0.44292	-0.10422	-0.28858	-0.15001	0.51504	0.86468	1.113	0.65564	0.22	0.027484	-0.19797	-0.27187	-0.28901	-0.31518	-0.25782	-0.22268	-0.17799	-0.12699	-0.069305	0.030025	0.042966	0.97485
931.33	0.052425	0.031604	-0.069245	-0.15187	-0.20702	-0.25372	-0.33431	-0.42861	-0.4611	-0.32139	-0.24086	-0.34799	-0.043391	0.37651	0.8815	1.0947	0.60397	0.181	-0.019799	-0.2329	-0.29442	-0.33201	-0.31566	-0.28223	-0.22936	-0.18827	-0.13242	-0.072995	0.03743	0.0509	0.79549
931.55	0.051579	0.024601	-0.086501	-0.12921	-0.19518	-0.26071	-0.31256	-0.42851	-0.45147	-0.28673	-0.23172	-0.10062	0.11218	0.54686	0.85475	0.9917	0.55448	0.14042	-0.066252	-0.25169	-0.3343	-0.33958	-0.32932	-0.28875	-0.22164	-0.1842	-0.13477	-0.056429	0.022554	0.042912	0.66475
932.08	0.052383	0.016816	-0.057683	-0.1259	-0.17875	-0.25352	-0.30464	-0.40854	-0.41629	-0.2952	-0.11315	-0.15169	0.17757	0.58709	0.96928	1.111	0.52951	0.090144	-0.1032	-0.27638	-0.3561	-0.35635	-0.33721	-0.28529	-0.2522	-0.22671	-0.12834	-0.072185	0.034923	0.059627	0.48688
931.12	0.054104	0.029279	-0.08325	-0.13654	-0.19981	-0.24497	-0.30573	-0.39991	-0.41513	-0.35606	-0.25005	-0.10067	0.12042	0.49027	0.87286	0.95786	0.48316	0.042632	-0.15451	-0.31866	-0.36952	-0.36945	-0.3602	-0.29052	-0.21329	-0.20683	-0.13563	-0.064734	0.028349	0.054902	0.27248
931.44	0.052419	0.019159	-0.075818	-0.12437	-0.1825	-0.244	-0.30485	-0.3973	-0.39354	-0.20892	-0.1588	-0.14327	0.19406	0.69302	1.0496	0.9918	0.44269	-0.0014444	-0.19384	-0.33911	-0.38488	-0.38461	-0.36573	-0.30688	-0.22704	-0.18905	-0.13399	-0.057942	0.041557	0.054084	0.16755
932.4	0.060693	0.026909	-0.065058	-0.12586	-0.16691	-0.21734	-0.30299	-0.38868	-0.38123	-0.32102	-0.058444	-0.066454	0.21023	0.75718	0.92473	0.95654	0.39704	-0.056025	-0.23297	-0.36187	-0.40485	-0.39778	-0.38311	-0.31478	-0.21683	-0.21217	-0.13703	-0.065395	0.035737	0.052434	0.04589
935.7	0.062138	0.021394	-0.060734	-0.12381	-0.17264	-0.22622	-0.31502	-0.3652	-0.36724	-0.27684	-0.1853	-0.074704	0.24211	0.64947	0.96553	0.86788	0.38663	-0.062844	-0.25488	-0.38959	-0.42452	-0.40229	-0.37613	-0.31694	-0.23212	-0.21222	-0.1405	-0.060672	0.026564	0.04431	-0.046886
938.46	0.059472	0.030594	-0.064638	-0.1082	-0.17574	-0.23343	-0.29719	-0.35106	-0.36616	-0.21594	-0.12142	0.10327	0.38767	0.6959	1.0769	0.88234	0.3308	-0.086275	-0.2854	-0.4097	-0.43864	-0.42386	-0.38465	-0.31764	-0.23906	-0.21719	-0.14954	-0.0702	0.029766	0.068723	-0.13206
939.1	0.065221	0.037514	-0.071937	-0.11534	-0.15672	-0.22453	-0.29084	-0.35653	-0.34542	-0.14718	-0.085155	-0.032131	0.24935	0.80812	1.0147	0.85626	0.28489	-0.13953	-0.31488	-0.43747	-0.45451	-0.42778	-0.39561	-0.34108	-0.2328	-0.20507	-0.1455	-0.076122	0.029746	0.061555	-0.21116
936.76	0.057094	0.018279	-0.064755	-0.11643	-0.17155	-0.22246	-0.28156	-0.34352	-0.34313	-0.32812	-0.094445	-0.057653	0.39653	0.86663	0.95563	0.82431	0.25371	-0.17756	-0.35247	-0.45815	-0.46862	-0.44066	-0.40785	-0.32967	-0.23949	-0.21918	-0.14903	-0.070328	0.032285	0.056157	-0.25679
935.91	0.062124	0.030675	-0.059084	-0.13021	-0.17802	-0.23933	-0.29029	-0.35284	-0.33554	-0.26817	-0.031021	-0.0067923	0.40505	0.79473	1.0799	0.80801	0.24084	-0.2093	-0.3763	-0.45431	-0.47392	-0.44783	-0.41545	-0.35043	-0.22748	-0.22178	-0.14047	-0.080873	0.043002	0.062558	-0.2933
936.34	0.051315	0.036078	-0.063149	-0.13417	-0.16892	-0.2138	-0.26936	-0.33386	-0.34013	-0.15621	0.005265	-0.023747	0.40486	0.8428	1.0089	0.80765	0.22191	-0.2092	-0.39102	-0.48563	-0.48262	-0.45691	-0.42009	-0.329	-0.24877	-0.21608	-0.1246	-0.071857	0.033121	0.066498	-0.32524
939.53	0.042876	0.026703	-0.071904	-0.1225	-0.17014	-0.23753	-0.27536	-0.34903	-0.3311	-0.19856	-0.094167	-0.057483	0.44407	0.80775	0.98793	0.75395	0.19996	-0.2347	-0.4014	-0.48653	-0.48906	-0.47135	-0.42507	-0.34745	-0.24868	-0.22891	-0.15725	-0.064154	0.035466	0.051246	-0.3146
939.95	0.048639	0.031314	-0.053939	-0.11604	-0.16827	-0.22607	-0.29518	-0.33094	-0.32622	-0.15561	0.11366	0.05241	0.4601	0.83153	0.93485	0.87245	0.19905	-0.21975	-0.39341	-0.49565	-0.48157	-0.45852	-0.40646	-0.33588	-0.25694	-0.21365	-0.15324	-0.069344	0.037087	0.050433	-0.32068
938.68	0.057805	0.021329	-0.076049	-0.10818	-0.14149	-0.22376	-0.26408	-0.33384	-0.318	-0.061432	0.0052519	0.12016	0.37134	0.8246	1.0591	0.78862	0.19198	-0.23317	-0.4127	-0.49548	-0.49517	-0.47262	-0.41904	-0.33471	-0.23595	-0.2371	-0.16842	-0.077649	0.02976	0.048919	-0.3146
935.8	0.045536	0.015975	-0.058273	-0.12057	-0.19068	-0.23672	-0.27722	-0.34387	-0.34032	-0.20795	-0.13992	-0.0067931	0.39693	0.85946	1.0271	0.64608	0.17783	-0.23213	-0.41397	-0.49359	-0.49588	-0.47491	-0.42355	-0.33655	-0.23515	-0.2178	-0.16183	-0.077138	0.034785	0.054627	-0.29178
935.7	0.038074	0.015204	-0.083661	-0.13266	-0.17264	-0.235	-0.27957	-0.36111	-0.32613	-0.12189	-0.012871	0.12904	0.38881	0.68986	1.0625	0.71438	0.1713	-0.24093	-0.43126	-0.48853	-0.49756	-0.45638	-0.41555	-0.3718	-0.25658	-0.21623	-0.15236	-0.054682	0.038079	0.052249	-0.30547
935.91	0.050507	0.029128	-0.074638	-0.127	-0.18163	-0.24108	-0.2795	-0.33892	-0.33	-0.19932	0.014335	0.12053	0.47022	0.86742	0.96531	0.7057	0.186	-0.24526	-0.43117	-0.49353	-0.49907	-0.45881	-0.41867	-0.34225	-0.23054	-0.22419	-0.14521	-0.065899	0.040537	0.069704	-0.31612
936.55	0.043841	0.026016	-0.083585	-0.12048	-0.16437	-0.21988	-0.29318	-0.35341	-0.3203	-0.24218	0.0052638	0.0017055	0.29074	0.85874	1.0351	0.80746	0.19896	-0.21704	-0.40033	-0.48297	-0.49954	-0.45512	-0.41437	-0.33629	-0.23343	-0.22723	-0.15301	-0.072588	0.01668	0.056169	-0.31003
934.21	0.060576	0.034609	-0.061652	-0.124	-0.1693	-0.23713	-0.28233	-0.35594	-0.34407	-0.19107	0.10527	0.14626	0.46294	0.75572	0.94942	0.79239	0.23062	-0.18596	-0.36992	-0.46368	-0.4634	-0.44187	-0.39929	-0.31499	-0.22943	-0.1893	-0.1431	-0.066019	0.024959	0.063467	-0.20051
932.29	0.072358	0.01759	-0.074105	-0.12668	-0.1624	-0.23057	-0.29451	-0.36325	-0.34716	-0.30379	-0.012918	0.069872	0.33298	0.74105	0.96022	0.81969	0.26561	-0.16961	-0.34551	-0.44494	-0.46272	-0.43854	-0.40496	-0.33618	-0.2253	-0.1929	-0.14974	-0.062399	0.021709	0.058817	-0.060575
931.23	0.043258	0.02772	-0.084885	-0.12683	-0.18255	-0.25728	-0.30957	-0.37682	-0.37377	-0.22628	-0.022064	-0.023878	0.30879	0.78249	1.0056	0.84637	0.30211	-0.13102	-0.31676	-0.42831	-0.44042	-0.428	-0.38117	-0.29707	-0.2171	-0.18749	-0.15468	-0.069994	0.042394	0.065268	0.12497
932.82	0.045681	0.016026	-0.083919	-0.14033	-0.19582	-0.25948	-0.31986	-0.3885	-0.37709	-0.14817	-0.040222	-0.023837	0.2592	0.82166	1.0304	0.79357	0.34348	-0.095597	-0.27769	-0.39593	-0.4128	-0.39929	-0.3789	-0.30642	-0.206	-0.18958	-0.12745	-0.066869	0.048095	0.081881	0.29377
933.25	0.058142	0.025333	-0.060894	-0.15155	-0.19302	-0.2488	-0.30271	-0.38175	-0.39436	-0.27756	-0.18579	-0.032333	0.2836	0.61066	0.81782	0.82741	0.38683	-0.047178	-0.24848	-0.37608	-0.40285	-0.38979	-0.34889	-0.28576	-0.2151	-0.19832	-0.11629	-0.058578	0.039003	0.038056	0.51577
934.1	0.064738	0.014453	-0.096926	-0.14819	-0.19646	-0.24594	-0.33332	-0.40929	-0.4043	-0.2342	-0.14924	-0.091847	0.14453	0.51299	0.94071	0.97189	0.44143	-0.004075	-0.19171	-0.34669	-0.37891	-0.37589	-0.33729	-0.27894	-0.20112	-0.17808	-0.12094	-0.044273	0.039791	0.056317	0.79397
934.95	0.040594	0.0028207	-0.082088	-0.14725	-0.20803	-0.294	-0.3469	-0.42203	-0.42846	-0.36321	-0.22178	-0.21069	0.19335	0.56912	0.99277	0.92835	0.48855	0.060896	-0.13427	-0.30711	-0.35014	-0.34426	-0.33215	-0.27868	-0.19558	-0.15949	-0.11687	-0.050977	0.037285	0.050703	1.0174
936.02	0.059628	0.01133	-0.096727	-0.16076	-0.22585	-0.26736	-0.36577	-0.44283	-0.4501	-0.43164	-0.11267	-0.16803	0.087194	0.50385	0.99164	0.98696	0.52728	0.1152	-0.088662	-0.2539	-0.30836	-0.32866	-0.32614	-0.262	-0.20071	-0.1529	-0.112	-0.059905	0.033133	0.060963	1.3624
934.74	0.038113	0.019091	-0.099318	-0.18111	-0.2126	-0.26948	-0.3655	-0.46884	-0.49346	-0.36329	-0.43077	-0.24475	-0.059559	0.34279	1.0283	0.9883	0.58373	0.16541	-0.044052	-0.22949	-0.29416	-0.30204	-0.3121	-0.25252	-0.16731	-0.15952	-0.093946	-0.040495	0.045526	0.056278	1.6161
934.63	0.056393	0.029944	-0.10343	-0.15858	-0.23341	-0.30201	-0.35705	-0.49841	-0.50539	-0.33748	-0.30363	-0.20227	-0.018754	0.37516	1.0902	1.0567	0.6379	0.2269	0.016373	-0.17487	-0.26413	-0.28262	-0.2783	-0.23041	-0.18494	-0.14591	-0.109	-0.045748	0.038947	0.058668	1.8759
933.46	0.05064	0.006704	-0.10192	-0.17007	-0.25272	-0.32261	-0.417	-0.4859	-0.53376	-0.60542	-0.41316	-0.50037	-0.1005	0.32705	0.83533	1.0581	0.68712	0.26676	0.07297	-0.15542	-0.23437	-0.24909	-0.25446	-0.22906	-0.1798	-0.16697	-0.10042	-0.037547	0.037345	0.051579	2.1523
934.21	0.048107	0.016003	-0.11988	-0.19088	-0.25432	-0.30742	-0.39505	-0.5298	-0.57293	-0.43249	-0.51281	-0.48297	-0.28819	0.15684	0.79934	1.1597	0.72594	0.32717	0.11924	-0.11002	-0.20329	-0.22942	-0.25426	-0.21494	-0.18502	-0.13715	-0.10192	-0.041267	0.028254	0.061081	2.4879
935.06	0.053876	0.020636	-0.10174	-0.19554	-0.27758	-0.33874	-0.41166	-0.53177	-0.57399	-0.52685	-0.37615	-0.59297	-0.3695	0.18905	0.75451	1.0477	0.75313	0.37867	0.17639	-0.07408	-0.18118	-0.20469	-0.22183	-0.18934	-0.16649	-0.13142	-0.090749	-0.030739	0.041397	0.065001	2.8098
934.85	0.049736	0.013669	-0.12307	-0.21652	-0.26228	-0.3397	-0.44107	-0.56385	-0.60577	-0.56143	-0.4489	-0.66108	-0.41854	-0.06969	0.78116	0.93698	0.77133	0.42265	0.20939	-0.019463	-0.13411	-0.18698	-0.20819	-0.18365	-0.14434	-0.11862	-0.077316	-0.029246	0.028235	0.067397	3.1558
932.72	0.034864	0.003605	-0.12171	-0.21055	-0.29096	-0.37303	-0.44981	-0.58239	-0.63571	-0.57999	-0.77766	-0.69665	-0.44403	-0.13472	0.65913	0.99045	0.81252	0.48874	0.27907	0.013006	-0.11487	-0.1713	-0.20463	-0.17093	-0.12703	-0.11889	-0.065596	-0.019546	0.035725	0.066756	3.4988
933.46	0.048977	0.011361	-0.11423	-0.21603	-0.30522	-0.36218	-0.46413	-0.58521	-0.69068	-0.56227	-0.67697	-0.79821	-0.66428	-0.2075	0.63211	1.1008	0.84142	0.5288	0.34643	0.085664	-0.058653	-0.12796	-0.17544	-0.14371	-0.10088	-0.10113	-0.068712	-0.0097719	0.05713	0.065906	3.8674
932.18	0.03072	-0.0072717	-0.12836	-0.2244	-0.3011	-0.38029	-0.48178	-0.58025	-0.70988	-0.67537	-0.7872	-0.9186	-0.69792	-0.26455	0.39407	1.0681	0.8623	0.58852	0.40828	0.11232	-0.035923	-0.11202	-0.1458	-0.11678	-0.10793	-0.10127	-0.06484	-0.032336	0.041524	0.05962	4.2163
931.76	0.051567	0.01449	-0.13417	-0.23258	-0.30396	-0.3928	-0.49749	-0.64136	-0.73641	-0.8745	-0.84225	-1.0299	-1.0257	-0.71095	0.27919	1.0514	0.88242	0.6487	0.45885	0.15948	0.0096991	-0.064546	-0.12163	-0.12342	-0.095693	-0.082815	-0.05931	-0.0075335	0.04237	0.066026	4.659
