13281	5	3	91	25.7	746	1	11	8	1.165	128	4096	10	0	0	0	0	149.12	965.05	1.4384e+006	0.11774	0.049336	40.801	0	0	1	0	0	0	11	0	0
901.5	0.045545	0.018994	-0.14037	-0.2813	-0.37321	-0.48155	-0.66539	-0.89404	-1.1083	-1.4668	-1.803	-2.2011	-2.7184	-2.8062	-1.2484	0.29886	0.6469	0.89628	0.84609	0.54282	0.3638	0.21572	0.10056	0.070449	0.0328	0.029962	0.024867	0.048953	0.064277	0.055055	8.0852
902.89	0.029998	0.00051415	-0.15967	-0.29337	-0.38668	-0.50172	-0.69632	-0.92915	-1.1483	-1.518	-1.819	-2.3649	-2.8663	-3.0029	-1.5662	0.21001	0.56699	0.91581	0.86266	0.56762	0.37922	0.22677	0.11458	0.076284	0.046216	0.037385	0.024826	0.045774	0.063327	0.068962	8.4904
903.96	0.053153	0.018141	-0.14253	-0.27804	-0.40959	-0.51294	-0.71066	-0.95433	-1.1617	-1.6677	-1.8545	-2.3885	-3.0907	-3.2921	-1.756	-0.063914	0.4892	0.89112	0.88031	0.59696	0.4107	0.28511	0.1286	0.09399	0.065153	0.04978	0.047715	0.049595	0.064103	0.055729	8.8637
900.76	0.034378	0.023029	-0.1609	-0.29156	-0.41198	-0.5667	-0.72839	-0.97218	-1.2135	-1.5574	-2.059	-2.5998	-3.144	-3.5136	-1.8355	-0.24134	0.40674	0.88882	0.87854	0.63452	0.4366	0.27383	0.15914	0.10623	0.078088	0.056613	0.037207	0.052106	0.071165	0.076548	9.2777
900.65	0.032657	0.018208	-0.1388	-0.28491	-0.42892	-0.56494	-0.7493	-1.0097	-1.2572	-1.7096	-2.1818	-2.944	-3.5509	-3.6987	-2.1287	-0.41858	0.31152	0.88892	0.89168	0.65941	0.46363	0.31425	0.18006	0.12666	0.098746	0.065772	0.049532	0.054447	0.069465	0.064183	9.696
895	0.02679	0.001329	-0.14139	-0.31362	-0.4203	-0.57035	-0.78465	-1.058	-1.3139	-1.8014	-2.3	-3.1934	-3.7352	-4.1106	-2.649	-0.67089	0.18594	0.87252	0.89403	0.693	0.50305	0.3339	0.19381	0.14715	0.092178	0.071212	0.063897	0.055571	0.054427	0.038853	10.093
889.35	0.033072	0.015181	-0.16038	-0.31392	-0.40967	-0.57305	-0.77991	-1.0811	-1.3763	-1.8038	-2.4196	-3.1869	-3.9219	-4.5873	-2.6937	-0.96229	0.078581	0.85869	0.90549	0.72611	0.53527	0.38048	0.2272	0.15842	0.12171	0.089362	0.083437	0.085077	0.072944	0.072518	10.489
883.16	0.026271	0.0013468	-0.14936	-0.29908	-0.45751	-0.56033	-0.84009	-1.1338	-1.4178	-1.9806	-2.5616	-3.2812	-4.2689	-4.8591	-3.2168	-1.1046	-0.031904	0.83961	0.93176	0.74566	0.56224	0.39031	0.24925	0.19076	0.12824	0.08829	0.081508	0.066631	0.077813	0.067136	10.917
880.28	0.005187	-0.0068766	-0.16203	-0.324	-0.45804	-0.6004	-0.83792	-1.1488	-1.477	-2.0146	-2.7918	-3.4273	-4.4822	-5.3474	-3.4241	-1.4436	-0.18518	0.8032	0.90565	0.7753	0.5891	0.41853	0.27401	0.19747	0.14084	0.097093	0.088496	0.083567	0.085059	0.064825	11.332
877.82	0.0043175	0.0063059	-0.14939	-0.3069	-0.47184	-0.62359	-0.86163	-1.1966	-1.5056	-2.1211	-2.9447	-3.5183	-4.9639	-5.5518	-3.8189	-1.7749	-0.32098	0.76991	0.91654	0.80201	0.60978	0.44943	0.27392	0.2277	0.1559	0.117	0.094645	0.072624	0.058997	0.055694	11.731
881.24	0.0095878	-0.0076921	-0.15403	-0.32706	-0.44412	-0.62955	-0.87548	-1.1963	-1.5359	-2.122	-2.9718	-3.6399	-5.0572	-6.088	-4.113	-1.922	-0.45448	0.74829	0.89135	0.80796	0.64964	0.46743	0.313	0.23812	0.17316	0.13781	0.10435	0.091428	0.076234	0.055478	12.176
881.02	-0.0018674	-0.00029627	-0.13407	-0.29809	-0.46149	-0.60548	-0.87651	-1.2279	-1.5891	-2.2597	-3.1268	-3.749	-5.3701	-6.4069	-4.5258	-2.1308	-0.61285	0.70655	0.88573	0.83442	0.65152	0.49087	0.31992	0.2547	0.17401	0.1506	0.13293	0.089857	0.079747	0.050431	12.551
883.05	0.0060495	-0.0052156	-0.16326	-0.32895	-0.47861	-0.62826	-0.89655	-1.2459	-1.593	-2.3184	-3.0908	-4.0192	-5.5478	-6.6491	-4.7303	-2.3428	-0.73898	0.65938	0.87539	0.84516	0.687	0.4987	0.33879	0.26626	0.1809	0.16978	0.13178	0.097587	0.10048	0.047793	12.977
886.15	-0.011495	-0.0092833	-0.16528	-0.29467	-0.4655	-0.64459	-0.92434	-1.2675	-1.6284	-2.2466	-3.3962	-4.041	-5.8296	-7.078	-5.0861	-2.6948	-0.91277	0.62559	0.84751	0.85662	0.69145	0.52373	0.35459	0.28003	0.20933	0.15227	0.12799	0.1099	0.072338	0.045109	13.403
889.03	-0.0018506	-0.033694	-0.15354	-0.2988	-0.44688	-0.64619	-0.91405	-1.2995	-1.6597	-2.33	-3.3756	-4.162	-6.2998	-7.4973	-5.5705	-3.0272	-1.1132	0.546	0.81506	0.85564	0.71313	0.53537	0.35429	0.29808	0.22635	0.16021	0.13922	0.086685	0.065179	0.038279	13.802
884.44	-0.032589	-0.027318	-0.14048	-0.3412	-0.47595	-0.67182	-0.95223	-1.3245	-1.7294	-2.3785	-3.4987	-4.4799	-6.5567	-7.9294	-5.8605	-3.3858	-1.2957	0.49593	0.79855	0.88444	0.734	0.5605	0.39953	0.31522	0.23237	0.19493	0.15165	0.10853	0.06726	0.033435	14.192
881.45	-0.020365	-0.016728	-0.17225	-0.33894	-0.46989	-0.68527	-0.953	-1.3629	-1.7403	-2.4962	-3.7707	-4.5041	-6.9077	-8.3423	-6.1611	-3.7142	-1.4661	0.42591	0.77546	0.88744	0.75889	0.58034	0.41199	0.31281	0.24696	0.19474	0.15972	0.11525	0.06574	0.039449	14.59
879.74	-0.057474	-0.04887	-0.16126	-0.33446	-0.46312	-0.68007	-0.93599	-1.3498	-1.7882	-2.5194	-3.7491	-4.8018	-7.2679	-8.8139	-6.7731	-3.9754	-1.691	0.37169	0.73611	0.89097	0.76036	0.58776	0.42477	0.33867	0.24744	0.1866	0.15499	0.10672	0.067619	0.011655	14.944
881.45	-0.052078	-0.054525	-0.1566	-0.31759	-0.47469	-0.65175	-1.016	-1.3472	-1.8116	-2.5876	-3.8381	-4.8646	-7.4615	-9.0456	-6.8816	-4.3389	-1.8867	0.28902	0.68975	0.91731	0.79679	0.61892	0.43504	0.33801	0.24696	0.2058	0.15049	0.11525	0.051772	0.036079	15.28
881.24	-0.062663	-0.069333	-0.18011	-0.3151	-0.46617	-0.69103	-1.0007	-1.411	-1.849	-2.5882	-3.9354	-5.01	-7.7835	-9.3824	-7.2951	-4.5935	-2.0306	0.22854	0.67743	0.90033	0.80043	0.63611	0.4343	0.35374	0.26568	0.19819	0.1648	0.11608	0.05091	0.010793	15.588
881.56	-0.076734	-0.086559	-0.2096	-0.32951	-0.46888	-0.66843	-0.94061	-1.4174	-1.8567	-2.6969	-4.1459	-5.1614	-8.1441	-9.7649	-7.6292	-4.8815	-2.1872	0.18656	0.64806	0.91358	0.80531	0.63588	0.45207	0.34319	0.25666	0.19217	0.15299	0.11524	0.048273	0.015846	15.884
880.28	-0.11742	-0.11219	-0.2012	-0.33512	-0.459	-0.6722	-0.95427	-1.4569	-1.9367	-2.6368	-4.1712	-5.3313	-8.4679	-10.114	-7.8839	-5.2603	-2.3575	0.12808	0.61901	0.93395	0.82546	0.66106	0.45871	0.37067	0.27572	0.20352	0.16414	0.093916	0.025613	-0.0035442	16.204
881.98	-0.14096	-0.13907	-0.21731	-0.34385	-0.49548	-0.66066	-0.97614	-1.4063	-1.9154	-2.8326	-4.1728	-5.4291	-8.5034	-10.377	-8.1679	-5.4401	-2.5067	0.068274	0.59785	0.91766	0.84022	0.66247	0.48599	0.37255	0.27114	0.22352	0.16634	0.11915	0.025564	-0.0043809	16.465
881.98	-0.15417	-0.144	-0.23555	-0.32252	-0.44758	-0.67369	-0.96878	-1.3916	-1.9221	-2.7413	-4.2787	-5.4471	-8.8666	-10.677	-8.3269	-5.603	-2.6378	0.0012669	0.56458	0.91585	0.83591	0.6804	0.4877	0.38037	0.28006	0.21502	0.17053	0.10009	0.022947	-0.010276	16.772
881.02	-0.14641	-0.14991	-0.24276	-0.35448	-0.48259	-0.61759	-1.0067	-1.4348	-1.9334	-2.9454	-4.3315	-5.444	-9.058	-10.783	-8.7572	-5.8718	-2.7398	-0.026683	0.55937	0.91504	0.84372	0.68832	0.50019	0.3947	0.27711	0.22546	0.16651	0.10417	0.015111	-0.038118	17.028
879.1	-0.19354	-0.18567	-0.26595	-0.33728	-0.50383	-0.65069	-0.92601	-1.4083	-1.9713	-2.8236	-4.3893	-5.6457	-9.2166	-11.099	-8.9358	-6.1025	-2.8992	-0.086498	0.52388	0.91341	0.86111	0.68803	0.49186	0.39033	0.27935	0.2234	0.15594	0.092445	0.011643	-0.047498	17.246
876.11	-0.19686	-0.20035	-0.28872	-0.40544	-0.46697	-0.65103	-0.9621	-1.4026	-1.9966	-2.87	-4.4527	-5.6921	-9.222	-11.258	-9.0416	-6.2326	-2.9633	-0.097099	0.51143	0.92563	0.86578	0.69308	0.52447	0.39603	0.29499	0.22673	0.17251	0.11116	0.00026336	-0.040027	17.51
871.2	-0.24966	-0.26882	-0.32201	-0.41982	-0.50937	-0.65942	-0.95262	-1.4193	-1.979	-2.7197	-4.4778	-5.7424	-9.4053	-11.348	-9.1588	-6.2219	-3.0635	-0.13251	0.484	0.9281	0.88025	0.70334	0.53261	0.40178	0.29748	0.22284	0.16839	0.10133	-0.0076838	-0.054753	17.715
870.99	-0.27111	-0.26057	-0.35375	-0.4277	-0.53569	-0.67371	-0.95782	-1.4417	-1.903	-2.8961	-4.3717	-5.7621	-9.574	-11.385	-9.2652	-6.3151	-3.1135	-0.16176	0.46812	0.94207	0.8857	0.72893	0.51891	0.42211	0.28852	0.24871	0.16759	0.090894	-0.012987	-0.086328	17.878
869.92	-0.30536	-0.29336	-0.38677	-0.49226	-0.59268	-0.77173	-1.0303	-1.3686	-1.8867	-2.7515	-4.2795	-5.76	-9.4542	-11.416	-9.324	-6.3136	-3.0918	-0.1629	0.49315	0.92947	0.88155	0.71801	0.52993	0.41383	0.30038	0.23868	0.16694	0.086172	-0.01831	-0.072769	18.022
869.92	-0.30983	-0.31251	-0.39998	-0.48014	-0.59462	-0.83872	-1.1464	-1.4611	-1.9181	-2.7052	-4.2892	-5.6961	-9.3139	-11.46	-9.2577	-6.4788	-3.1385	-0.17139	0.46954	0.95057	0.89464	0.72892	0.55503	0.42175	0.31929	0.2292	0.16524	0.083755	-0.040426	-0.097537	18.175
869.28	-0.34757	-0.3644	-0.43288	-0.55324	-0.67671	-0.90355	-1.2128	-1.6208	-1.9434	-2.6701	-4.0579	-5.5632	-9.2594	-11.32	-9.274	-6.3642	-3.1003	-0.1498	0.50279	0.95586	0.90928	0.74492	0.51734	0.41942	0.28662	0.22678	0.14919	0.068502	-0.045766	-0.11812	18.307
868	-0.35166	-0.32989	-0.4856	-0.64424	-0.81595	-1.0619	-1.3907	-1.7326	-2.0127	-2.5905	-3.9074	-5.361	-8.3767	-10.762	-8.499	-6.107	-2.8374	-0.063963	0.55508	0.96922	0.92199	0.73782	0.54238	0.42269	0.30599	0.22971	0.14771	0.079905	-0.050267	-0.10631	18.419
863.73	-0.38576	-0.44808	-0.50751	-0.74852	-0.93835	-1.2068	-1.3784	-1.8121	-2.2171	-2.8272	-3.504	-4.477	-6.5373	-8.8198	-6.6981	-5.2779	-2.2829	0.094426	0.65719	1.0017	0.90721	0.74971	0.53112	0.41768	0.30502	0.21175	0.16129	0.065696	-0.074572	-0.13093	18.481
861.38	-0.43008	-0.49554	-0.64231	-0.91397	-1.0782	-1.2863	-1.4684	-2.1399	-2.2962	-2.5076	-2.9122	-3.0322	-4.6513	-6.8603	-5.0216	-4.1528	-1.679	0.27288	0.73222	1.0082	0.89294	0.72789	0.52383	0.39836	0.28011	0.19667	0.13854	0.043913	-0.089068	-0.13991	18.562
854.86	-0.64045	-0.6425	-0.79059	-1.0222	-1.3494	-1.5276	-1.855	-2.1867	-2.2487	-2.4137	-2.3285	-2.5814	-2.0191	-4.0118	-2.7927	-2.8495	-0.92735	0.51117	0.85878	0.99812	0.87754	0.69274	0.50317	0.3772	0.25296	0.15433	0.08161	-0.00083498	-0.16626	-0.23832	18.56
852.08	-0.62978	-0.7857	-1.0575	-1.2111	-1.3042	-1.4979	-1.6698	-1.9115	-2.1319	-1.7693	-1.6883	-2.133	-2.0078	-2.6318	-2.2307	-1.7068	-0.5042	0.66504	0.92787	0.98265	0.85277	0.66159	0.46329	0.33168	0.2135	0.13549	0.063641	-0.052647	-0.21016	-0.30885	18.605
845.88	-0.85195	-0.99267	-1.1676	-1.2635	-1.3967	-1.4768	-1.5106	-1.6131	-1.6691	-1.5442	-1.2289	-1.0405	-1.3552	-1.4266	-1.584	-1.0306	-0.13384	0.80092	0.97889	0.96815	0.80606	0.62063	0.41863	0.29788	0.16263	0.076234	-0.0041082	-0.13173	-0.32541	-0.44551	18.656
843	-0.87789	-0.95826	-1.2252	-1.2464	-1.2501	-1.3884	-1.3036	-1.4314	-1.2984	-1.2723	-1.0014	-1.1477	-1.1337	-1.1714	-1.4036	-0.79746	0.063817	0.86792	0.99704	0.94117	0.76017	0.58618	0.37542	0.24619	0.12841	0.04271	-0.060291	-0.19119	-0.40321	-0.50961	18.677
844.71	-0.87979	-0.91688	-1.0994	-1.21	-1.0685	-1.1018	-1.1797	-1.2027	-1.118	-0.85973	-0.86872	-1.0984	-0.91467	-1.0348	-1.0199	-0.33292	0.23873	0.91573	0.98286	0.88636	0.71638	0.49887	0.34347	0.19037	0.062947	-0.0097232	-0.10046	-0.2215	-0.46707	-0.56751	18.724
856.79	-0.86195	-0.84648	-0.94798	-0.99004	-1.0387	-1.1486	-1.1033	-1.1213	-1.1022	-0.8288	-0.73756	-0.94382	-0.93738	-0.91433	-1.0922	-0.13263	0.29796	0.92102	0.98099	0.86176	0.67527	0.47892	0.29382	0.1698	0.061224	-0.016583	-0.10422	-0.2241	-0.41827	-0.51702	18.721
869.28	-0.81562	-0.78682	-0.94404	-0.87276	-0.90806	-0.99514	-1.1688	-1.1995	-1.0464	-1.0208	-0.69765	-1.1587	-0.95023	-0.96207	-0.94366	-0.29597	0.32452	0.90967	0.96689	0.82458	0.63935	0.4493	0.27401	0.15679	0.039774	-0.031002	-0.12655	-0.22652	-0.422	-0.50873	18.692
882.63	-0.7206	-0.72077	-0.86207	-0.92865	-1.0121	-1.074	-1.0784	-1.0486	-1.0263	-0.80454	-0.71597	-0.73619	-0.60749	-1.2216	-0.77987	-0.26437	0.40034	0.92382	0.96225	0.8085	0.62452	0.42369	0.27669	0.13185	0.045657	-0.039875	-0.13302	-0.22231	-0.41387	-0.4842	18.677
891.59	-0.66807	-0.70946	-0.86114	-0.96068	-1.0626	-1.0706	-1.015	-0.93062	-0.86252	-0.66094	-0.64209	-0.71096	-0.79815	-0.80234	-0.87379	-0.020054	0.42467	0.90809	0.93859	0.79053	0.60888	0.41677	0.22579	0.1288	0.029955	-0.050402	-0.12422	-0.22164	-0.36828	-0.45517	18.685
898.94	-0.67296	-0.70284	-0.84131	-0.97375	-0.95047	-0.92852	-0.8823	-0.9588	-0.92624	-0.75409	-0.56127	-0.78468	-0.69827	-0.78736	-0.75654	0.086648	0.48682	0.92531	0.95375	0.77251	0.587	0.4072	0.22562	0.11412	0.0066365	-0.057492	-0.12485	-0.23854	-0.40123	-0.47211	18.685
895.21	-0.77898	-0.80286	-0.92612	-0.89289	-0.84589	-0.85904	-0.92304	-0.85497	-0.82515	-0.44234	-0.49721	-0.65484	-0.69266	-0.70619	-0.47409	0.069173	0.53078	0.92916	0.94462	0.77217	0.56824	0.37181	0.21983	0.094053	-0.012511	-0.083684	-0.16338	-0.25284	-0.41321	-0.47076	18.662
885.08	-0.73	-0.78996	-0.93326	-0.87164	-0.86798	-0.87073	-0.82441	-0.86908	-0.78026	-0.6749	-0.44533	-0.56362	-0.61442	-0.61177	-0.65658	0.25931	0.56369	0.93609	0.93803	0.74855	0.55416	0.37427	0.18322	0.068296	-0.036897	-0.10412	-0.17528	-0.28582	-0.44837	-0.52735	18.523
873.34	-0.70514	-0.74584	-0.86246	-0.87733	-0.85063	-0.88901	-0.80246	-0.82725	-0.76195	-0.55487	-0.4416	-0.71673	-0.51788	-0.71521	-0.52376	0.39989	0.63179	0.96371	0.94476	0.73212	0.53813	0.34943	0.16328	0.05781	-0.04886	-0.10638	-0.19119	-0.29849	-0.45176	-0.50552	18.34
865.65	-0.73204	-0.74661	-0.90729	-0.84773	-0.8328	-0.85898	-0.78876	-0.78681	-0.74393	-0.60631	-0.35723	-0.46616	-0.55772	-0.63424	-0.53793	0.25593	0.67634	0.96089	0.96756	0.72294	0.52273	0.34522	0.15777	0.056554	-0.064992	-0.13503	-0.17409	-0.28495	-0.43266	-0.49026	18.084
861.91	-0.70818	-0.72296	-0.87745	-0.84092	-0.77563	-0.77509	-0.78214	-0.77067	-0.69566	-0.52484	-0.25044	-0.57876	-0.45396	-0.48787	-0.60723	0.34036	0.68639	0.9803	0.96239	0.7196	0.52324	0.33663	0.1602	0.0248	-0.058636	-0.12865	-0.19544	-0.2748	-0.41489	-0.48549	17.898
864.58	-0.69342	-0.69727	-0.77904	-0.81308	-0.74001	-0.77459	-0.72717	-0.72132	-0.6473	-0.51389	-0.35769	-0.54023	-0.5496	-0.58255	-0.35734	0.55162	0.70908	0.96493	0.94075	0.69707	0.49966	0.28803	0.12488	0.026495	-0.075001	-0.13086	-0.2111	-0.29016	-0.42785	-0.49775	17.687
870.03	-0.65249	-0.64962	-0.74071	-0.73531	-0.66739	-0.682	-0.70189	-0.70008	-0.6458	-0.44587	-0.20904	-0.60077	-0.42342	-0.51808	-0.33613	0.47477	0.72753	0.97304	0.92981	0.66886	0.48257	0.28714	0.11805	0.02721	-0.076996	-0.13521	-0.20807	-0.28996	-0.40394	-0.46901	17.418
874.73	-0.61171	-0.59893	-0.67542	-0.68576	-0.66864	-0.67834	-0.64371	-0.66041	-0.62204	-0.53556	-0.41178	-0.4704	-0.45603	-0.6363	-0.38148	0.59083	0.7429	0.95843	0.91559	0.63972	0.45654	0.27294	0.10795	0.013926	-0.080672	-0.13619	-0.20357	-0.29961	-0.40705	-0.47244	17.154
879.64	-0.56857	-0.5676	-0.62026	-0.63572	-0.60631	-0.62603	-0.65733	-0.66282	-0.61015	-0.43185	-0.26469	-0.50391	-0.48816	-0.58976	-0.41686	0.62383	0.76227	0.93909	0.8938	0.61982	0.44536	0.26692	0.095364	0.0077532	-0.083474	-0.13373	-0.19066	-0.26289	-0.38116	-0.44108	16.89
881.02	-0.55357	-0.53629	-0.61059	-0.62959	-0.60823	-0.60082	-0.60963	-0.62265	-0.62431	-0.60487	-0.20644	-0.51212	-0.45277	-0.70897	-0.19153	0.57753	0.76019	0.94692	0.87408	0.60979	0.41535	0.2324	0.090941	-0.0070419	-0.089025	-0.12331	-0.20212	-0.25214	-0.36921	-0.41424	16.569
877.82	-0.50429	-0.53494	-0.59362	-0.60531	-0.54596	-0.57683	-0.6209	-0.59612	-0.57349	-0.32264	-0.36197	-0.51399	-0.3936	-0.65989	-0.18283	0.68872	0.79701	0.93916	0.89231	0.6011	0.41341	0.21883	0.093846	-0.0018323	-0.071425	-0.13913	-0.2037	-0.24587	-0.32848	-0.39206	16.266
870.35	-0.52557	-0.5179	-0.56175	-0.55602	-0.58753	-0.60725	-0.58314	-0.62764	-0.62857	-0.50124	-0.31628	-0.47276	-0.44078	-0.72637	-0.43078	0.73133	0.81265	0.94816	0.88986	0.59618	0.40038	0.22616	0.068707	-0.0071299	-0.083543	-0.1386	-0.1927	-0.25523	-0.34544	-0.40054	15.955
864.8	-0.53613	-0.51536	-0.55207	-0.56307	-0.55027	-0.56179	-0.57854	-0.68305	-0.61293	-0.30886	-0.31831	-0.45744	-0.47891	-0.83593	-0.052069	0.61606	0.8285	0.96184	0.86843	0.60277	0.38715	0.22121	0.067406	-0.024892	-0.085735	-0.15336	-0.19736	-0.24877	-0.35567	-0.38937	15.623
862.45	-0.51328	-0.50417	-0.54557	-0.52358	-0.51356	-0.56237	-0.6027	-0.6023	-0.55884	-0.36572	-0.33888	-0.40341	-0.49789	-0.83821	-0.10004	0.64551	0.84319	0.95495	0.87164	0.57018	0.36619	0.19706	0.066718	-0.028515	-0.095089	-0.14422	-0.20476	-0.26244	-0.36467	-0.39818	15.267
865.44	-0.47203	-0.48234	-0.53218	-0.54265	-0.52057	-0.52533	-0.56728	-0.58429	-0.55434	-0.39239	-0.37697	-0.45708	-0.61074	-0.78289	-0.30934	0.6525	0.83939	0.95734	0.87117	0.57743	0.37282	0.2046	0.05518	-0.039923	-0.092282	-0.14285	-0.19465	-0.24129	-0.32162	-0.37363	14.939
870.03	-0.48292	-0.46731	-0.51176	-0.50171	-0.48189	-0.52633	-0.47641	-0.68071	-0.60584	-0.37181	-0.35544	-0.43642	-0.68643	-0.81353	-0.31719	0.64906	0.83408	0.9504	0.85477	0.56521	0.35776	0.19989	0.049699	-0.034428	-0.092617	-0.14124	-0.18682	-0.2376	-0.31284	-0.35799	14.559
878.46	-0.43498	-0.42242	-0.4615	-0.4095	-0.42725	-0.46708	-0.54491	-0.62795	-0.54781	-0.52412	-0.58403	-0.56786	-0.83612	-1.0123	-0.17332	0.5338	0.82433	0.93193	0.85742	0.55524	0.35087	0.17727	0.040649	-0.034099	-0.088471	-0.14756	-0.17744	-0.21698	-0.30984	-0.34356	14.22
886.25	-0.35844	-0.36477	-0.39261	-0.42628	-0.42921	-0.45742	-0.50106	-0.52994	-0.4854	-0.41954	-0.37768	-0.82281	-1.0353	-1.1057	-0.38582	0.76324	0.79202	0.92003	0.83002	0.52605	0.3435	0.17928	0.034348	-0.038985	-0.086887	-0.13358	-0.16169	-0.21191	-0.26283	-0.29443	13.843
895.43	-0.35477	-0.32302	-0.34495	-0.39165	-0.43331	-0.42524	-0.42343	-0.50568	-0.54239	-0.49619	-0.67728	-0.88534	-1.1269	-1.2548	-0.48319	0.61282	0.7608	0.91978	0.83135	0.51888	0.32896	0.18274	0.036519	-0.035164	-0.092387	-0.12217	-0.16334	-0.19878	-0.23522	-0.2798	13.459
896.71	-0.32828	-0.32902	-0.37351	-0.37766	-0.32338	-0.32577	-0.48074	-0.58185	-0.55976	-0.50448	-0.57215	-1.2473	-1.338	-1.565	-0.63886	0.54964	0.75801	0.90839	0.83262	0.51992	0.32764	0.16308	0.034787	-0.029988	-0.09066	-0.12951	-0.17053	-0.18131	-0.23403	-0.26614	13.086
897.99	-0.37105	-0.33581	-0.28937	-0.2757	-0.29845	-0.39294	-0.47122	-0.47353	-0.50377	-0.5755	-0.95902	-1.2809	-1.5824	-1.7396	-0.67469	0.33559	0.71854	0.89979	0.81918	0.53606	0.32379	0.15932	0.041444	-0.037623	-0.080176	-0.12933	-0.14887	-0.16934	-0.21912	-0.2459	12.705
893.61	-0.21038	-0.23371	-0.27878	-0.31158	-0.35949	-0.4261	-0.40815	-0.44413	-0.5675	-0.82171	-1.0967	-1.5272	-1.8376	-1.9088	-0.94565	0.42652	0.68262	0.90511	0.82401	0.51725	0.34067	0.1601	0.029853	-0.029234	-0.074164	-0.094736	-0.12476	-0.13253	-0.15991	-0.19057	12.331
891.16	-0.20312	-0.20266	-0.30792	-0.3116	-0.32065	-0.3628	-0.31296	-0.48231	-0.64543	-0.91434	-1.1188	-1.6651	-1.9197	-2.228	-0.94826	0.38293	0.68535	0.90207	0.84027	0.54912	0.35865	0.18184	0.044294	-0.0035233	-0.04708	-0.073132	-0.10186	-0.10695	-0.11804	-0.13356	11.942
890.2	-0.23125	-0.17196	-0.24457	-0.30432	-0.28018	-0.31063	-0.37001	-0.53533	-0.82398	-0.95152	-1.3394	-1.8364	-2.3759	-2.3917	-1.0605	0.21302	0.64134	0.89383	0.83788	0.54702	0.35477	0.18737	0.042652	-0.011275	-0.043114	-0.079104	-0.079531	-0.10471	-0.1078	-0.13204	11.544
892.97	-0.16271	-0.13412	-0.20863	-0.24437	-0.24714	-0.2922	-0.40036	-0.63576	-0.82639	-0.98466	-1.4969	-1.9908	-2.4796	-2.6552	-1.0664	0.13192	0.59817	0.9076	0.8402	0.58107	0.35622	0.18678	0.075392	-8.6328e-005	-0.015748	-0.052002	-0.070999	-0.073776	-0.098844	-0.10334	11.146
892.23	-0.068853	-0.071724	-0.14527	-0.19986	-0.22272	-0.33752	-0.45001	-0.71787	-0.86854	-1.3556	-1.5077	-2.1706	-2.644	-2.7507	-1.4185	0.0068124	0.57978	0.90191	0.85406	0.5744	0.36588	0.22771	0.075459	0.01022	-0.021371	-0.033566	-0.051158	-0.048707	-0.060977	-0.087604	10.739
890.95	-0.061981	-0.07508	-0.12398	-0.18241	-0.21641	-0.30761	-0.50247	-0.73953	-0.9686	-1.3214	-1.7672	-2.352	-2.7934	-2.8565	-1.5039	0.10535	0.5531	0.90321	0.8841	0.57523	0.39027	0.22626	0.086548	0.04635	-0.0013321	-0.022678	-0.037947	-0.038552	-0.022195	-0.025185	10.371
882.52	-0.052015	-0.010963	-0.090438	-0.15088	-0.22805	-0.34403	-0.52606	-0.77611	-1.0105	-1.3249	-1.7937	-2.2484	-2.7596	-2.9094	-1.5743	0.097299	0.55577	0.91742	0.8726	0.58434	0.38712	0.21946	0.099317	0.026825	-0.0037764	-0.029688	-0.034117	-0.023042	0.0063652	-0.0069042	9.998
875.26	0.013202	-0.0019523	-0.051799	-0.18911	-0.26759	-0.37783	-0.54361	-0.82281	-1.0215	-1.3819	-1.7891	-2.3578	-2.7737	-2.9249	-1.5026	-0.038654	0.57789	0.92878	0.88654	0.60286	0.37991	0.23664	0.081221	0.04893	0.01744	-0.013666	-0.011578	0.0039883	0.016091	0.020206	9.5873
869.07	0.02223	0.035536	-0.061865	-0.18613	-0.27533	-0.40508	-0.59561	-0.86041	-1.0509	-1.4844	-1.8214	-2.3655	-2.8549	-3.0154	-1.3994	0.062077	0.59964	0.925	0.89708	0.59889	0.39486	0.22741	0.093925	0.046634	0.0093339	-0.0051395	-0.016769	0.0048211	0.02683	0.046851	9.1795
866.51	0.047385	0.059882	-0.0647	-0.17799	-0.28297	-0.43374	-0.58323	-0.86295	-1.0668	-1.2657	-1.8268	-2.235	-2.837	-2.9021	-1.356	0.080705	0.635	0.93816	0.8955	0.59882	0.3785	0.22443	0.089859	0.031741	0.022568	-0.0077497	-0.0005972	0.013732	0.030463	0.056422	8.7987
866.19	0.064435	0.077463	-0.065608	-0.205	-0.2899	-0.39884	-0.57428	-0.84912	-1.0458	-1.5359	-1.7981	-2.245	-2.7235	-2.7897	-1.2612	0.33869	0.6547	0.95272	0.89668	0.58062	0.37776	0.23181	0.091629	0.040598	0.012668	0.0052271	0.01734	0.02021	0.073119	0.071884	8.4118
869.28	0.057058	0.06219	-0.070663	-0.19821	-0.30345	-0.43991	-0.61206	-0.8461	-1.0319	-1.3358	-1.6842	-2.2735	-2.6261	-2.6754	-1.2378	0.2365	0.68409	0.93705	0.87829	0.55743	0.35982	0.20279	0.078314	0.025471	0.020028	0.0034835	0.0019581	0.047543	0.086135	0.085302	8.0293
875.05	0.10105	0.065918	-0.068447	-0.20722	-0.29855	-0.39949	-0.59731	-0.79062	-0.99719	-1.3822	-1.7896	-2.1769	-2.4606	-2.4764	-1.1825	0.39911	0.69097	0.93463	0.87586	0.55559	0.36179	0.1879	0.070919	0.03581	0.018263	-0.0059604	-0.0022813	0.036019	0.095242	0.091533	7.6346
883.8	0.077208	0.061169	-0.068636	-0.21284	-0.29751	-0.42433	-0.57345	-0.8192	-0.9848	-1.3686	-1.6374	-2.0385	-2.4276	-2.4091	-0.92816	0.45837	0.7292	0.91144	0.84395	0.53834	0.32383	0.18693	0.054885	0.016385	0.011606	0.00088371	0.0069504	0.018219	0.082109	0.088104	7.2609
891.91	0.071283	0.074416	-0.089486	-0.17546	-0.27017	-0.39102	-0.565	-0.77052	-0.95097	-1.2116	-1.5558	-1.8507	-2.149	-2.3109	-0.75327	0.48101	0.76638	0.89856	0.81325	0.49498	0.30216	0.14888	0.051008	0.015376	0.0026783	-0.013411	-0.0055574	0.021197	0.070146	0.088971	6.9008
893.72	0.065056	0.055627	-0.081588	-0.19279	-0.28192	-0.40401	-0.55336	-0.76553	-0.92338	-1.2001	-1.3437	-1.8825	-2.0934	-2.0186	-0.66868	0.54256	0.7854	0.89582	0.79518	0.46182	0.2803	0.12824	0.031534	-0.0052284	-0.0021278	-0.00080394	-0.008857	0.032914	0.06742	0.079645	6.5405
895.43	0.090947	0.062801	-0.057478	-0.20167	-0.28798	-0.38949	-0.53056	-0.73327	-0.8927	-1.1619	-1.4075	-1.7813	-2.0043	-1.9303	-0.5753	0.60391	0.80615	0.89044	0.77319	0.4449	0.26451	0.13241	0.039879	0.0024809	-0.01171	-0.025076	-0.0022294	0.026592	0.086198	0.096916	6.1938
896.28	0.073534	0.05466	-0.080501	-0.18216	-0.27168	-0.38087	-0.5212	-0.73172	-0.86874	-1.2416	-1.2261	-1.6822	-1.8407	-1.7344	-0.48273	0.76362	0.84299	0.86212	0.74708	0.42133	0.22443	0.1014	-0.00046964	-0.018036	-0.030052	-0.025888	-0.017911	0.035166	0.07152	0.089364	5.8894
897.24	0.078648	0.043299	-0.082122	-0.20797	-0.27422	-0.35851	-0.53753	-0.72752	-0.86369	-1.0249	-1.1964	-1.5387	-1.6517	-1.5219	-0.25241	0.61159	0.866	0.84565	0.72666	0.3942	0.20727	0.066926	-0.011376	-0.033386	-0.034804	-0.035048	-0.017892	0.0093574	0.076588	0.09755	5.5668
894.68	0.059779	0.048282	-0.080645	-0.17407	-0.29767	-0.37238	-0.50118	-0.69706	-0.81902	-0.97377	-1.0954	-1.5609	-1.5882	-1.2643	-0.20705	0.88091	0.86847	0.83063	0.69759	0.35608	0.19173	0.057394	-0.023187	-0.046325	-0.050093	-0.036823	-0.036962	-0.0070644	0.072509	0.085372	5.2728
890.73	0.066147	0.06801	-0.093903	-0.19766	-0.28381	-0.37403	-0.52202	-0.70359	-0.81601	-0.90574	-1.1384	-1.4608	-1.4582	-1.2699	-0.096842	0.8669	0.88436	0.80759	0.65538	0.32092	0.15678	0.043444	-0.047796	-0.056852	-0.060755	-0.049608	-0.047924	-0.012602	0.061599	0.069903	4.9925
887.75	0.061996	0.051104	-0.091632	-0.17967	-0.28667	-0.37714	-0.50834	-0.68179	-0.77875	-0.89063	-1.0657	-1.3315	-1.3772	-1.0783	-0.032135	0.92376	0.91323	0.78072	0.63197	0.27885	0.11796	0.018651	-0.067459	-0.078618	-0.081906	-0.073413	-0.047251	-0.0047515	0.068742	0.075997	4.7166
891.16	0.080928	0.042784	-0.085263	-0.19672	-0.26945	-0.35727	-0.47078	-0.67316	-0.77909	-0.86012	-1.014	-1.157	-1.1837	-0.98088	0.023505	0.96501	0.89339	0.77036	0.59663	0.26973	0.10387	-0.0080394	-0.075648	-0.09637	-0.078382	-0.075655	-0.055371	-0.014955	0.082294	0.0682	4.4422
896.92	0.057034	0.062697	-0.090695	-0.18035	-0.2696	-0.36138	-0.47178	-0.64492	-0.7312	-0.81868	-0.9791	-1.1584	-1.1421	-0.75541	0.20727	0.96769	0.89022	0.72606	0.55682	0.22973	0.07188	-0.030907	-0.1037	-0.10002	-0.099409	-0.08269	-0.071513	-0.0070468	0.066324	0.069419	4.2102
904.38	0.073733	0.019734	-0.098417	-0.18469	-0.29541	-0.3584	-0.4647	-0.64214	-0.70798	-0.82083	-0.87713	-1.1401	-1.0989	-0.67395	0.28764	0.99501	0.88711	0.69284	0.5506	0.19607	0.057852	-0.034148	-0.10118	-0.089878	-0.093053	-0.075377	-0.049653	-0.021709	0.060669	0.079527	4.0176
905.34	0.066794	0.037313	-0.083927	-0.18117	-0.26057	-0.35983	-0.46819	-0.622	-0.70478	-0.63312	-0.8762	-1.0775	-0.99663	-0.50622	0.35111	1.1703	0.85825	0.66128	0.4933	0.17559	0.020886	-0.068176	-0.12518	-0.12955	-0.10164	-0.10179	-0.068396	-0.031748	0.063155	0.058924	3.787
900.76	0.065411	0.039111	-0.088606	-0.17708	-0.24031	-0.32613	-0.44655	-0.6022	-0.70837	-0.85094	-0.77696	-0.88893	-1.0695	-0.53398	0.29795	0.99014	0.87452	0.64824	0.4665	0.16319	0.0049743	-0.071156	-0.13167	-0.12341	-0.1109	-0.087329	-0.062995	-0.01324	0.060058	0.078196	3.6156
895.11	0.069294	0.033694	-0.10628	-0.18072	-0.24749	-0.31626	-0.4534	-0.60258	-0.67482	-0.80233	-0.67752	-1.0277	-0.8717	-0.436	0.42883	1.0588	0.87063	0.63766	0.44895	0.13302	-0.001779	-0.10164	-0.14763	-0.13189	-0.11879	-0.095416	-0.060087	-0.018019	0.066455	0.072881	3.4715
892.23	0.068646	0.040297	-0.080009	-0.17202	-0.23788	-0.332	-0.43546	-0.58048	-0.74333	-0.71464	-0.6702	-0.94193	-0.9258	-0.32725	0.50416	1.0622	0.87945	0.6158	0.42985	0.11377	-0.027319	-0.10995	-0.15402	-0.14863	-0.11196	-0.10748	-0.081838	-0.029074	0.064082	0.083943	3.2879
886.57	0.066458	0.039736	-0.096938	-0.17312	-0.26322	-0.33412	-0.4358	-0.57986	-0.65962	-0.64652	-0.60743	-0.91211	-0.73382	-0.32081	0.37715	1.141	0.87296	0.61325	0.40777	0.093793	-0.038627	-0.11956	-0.17283	-0.14267	-0.12477	-0.11071	-0.08236	-0.030839	0.061019	0.072745	3.168
879	0.066146	0.053263	-0.082084	-0.17889	-0.25203	-0.33887	-0.43873	-0.57876	-0.69392	-0.74373	-0.70925	-0.95612	-0.58398	-0.28916	0.67126	1.0237	0.88571	0.59332	0.37707	0.083708	-0.054512	-0.13589	-0.17004	-0.15348	-0.12422	-0.10654	-0.085595	-0.0087839	0.064173	0.075907	3.0147
874.3	0.070943	0.046093	-0.10093	-0.16608	-0.23986	-0.33224	-0.41387	-0.57749	-0.64011	-0.80299	-0.66451	-0.68868	-0.73541	-0.29071	0.5428	0.97448	0.90449	0.54769	0.35561	0.051299	-0.073044	-0.12667	-0.17784	-0.17008	-0.12325	-0.10712	-0.081825	-0.031272	0.060116	0.082265	2.8963
879.21	0.074962	0.040894	-0.075965	-0.17286	-0.24813	-0.31731	-0.41812	-0.56294	-0.64411	-0.60612	-0.64147	-0.93781	-0.60118	-0.10851	0.521	1.0779	0.8733	0.55583	0.35112	0.042842	-0.069181	-0.15834	-0.18369	-0.1639	-0.14209	-0.10311	-0.087258	-0.034285	0.072035	0.065748	2.8295
888.6	0.066305	0.060838	-0.07775	-0.17018	-0.23124	-0.32227	-0.40071	-0.54319	-0.63064	-0.7085	-0.66336	-0.65078	-0.62916	-0.12439	0.63617	1.0576	0.86924	0.54441	0.33585	0.043287	-0.094086	-0.14599	-0.18683	-0.16476	-0.12932	-0.12985	-0.068852	-0.014999	0.058285	0.090137	2.7582
898.52	0.062116	0.032758	-0.093943	-0.17082	-0.22869	-0.2904	-0.39308	-0.54146	-0.58745	-0.63792	-0.54264	-0.61709	-0.69013	-0.13142	0.67504	0.99261	0.85539	0.50643	0.31582	0.025935	-0.097274	-0.15229	-0.19818	-0.15782	-0.12948	-0.11841	-0.071384	-0.029649	0.071342	0.072604	2.6944
903.74	0.064335	0.048598	-0.075599	-0.164	-0.23298	-0.29598	-0.40278	-0.52222	-0.58242	-0.5362	-0.47374	-0.55198	-0.45827	0.036668	0.71678	1.1105	0.83009	0.51077	0.29938	0.022253	-0.10091	-0.16191	-0.19703	-0.17132	-0.14219	-0.12021	-0.084071	-0.026377	0.05986	0.069717	2.699
907.15	0.061525	0.050014	-0.077848	-0.16338	-0.22092	-0.30301	-0.38457	-0.52786	-0.58757	-0.59634	-0.51875	-0.54115	-0.45655	-0.021824	0.64134	1.0799	0.83626	0.48985	0.28208	0.014251	-0.10137	-0.16305	-0.19297	-0.17237	-0.1385	-0.11398	-0.068259	-0.019325	0.046064	0.081741	2.6625
908.75	0.057999	0.038767	-0.090356	-0.15564	-0.2196	-0.29255	-0.40135	-0.52693	-0.61747	-0.47118	-0.42439	-0.72376	-0.48931	-0.10498	0.69467	1.1395	0.82383	0.47273	0.28401	-0.005972	-0.098685	-0.17929	-0.20837	-0.18977	-0.13826	-0.10636	-0.10477	-0.03317	0.057837	0.093861	2.6762
909.39	0.069912	0.052277	-0.067546	-0.14311	-0.21945	-0.30046	-0.37727	-0.5274	-0.58775	-0.50629	-0.62018	-0.6359	-0.60639	0.03644	0.73045	1.0071	0.80051	0.47149	0.25719	0.0019308	-0.13619	-0.18004	-0.20077	-0.17279	-0.13816	-0.12606	-0.07948	-0.033919	0.064567	0.072551	2.6458
905.66	0.05734	0.05809	-0.082205	-0.15534	-0.23621	-0.32798	-0.39077	-0.52027	-0.58609	-0.73961	-0.57586	-0.7087	-0.40676	0.0031855	0.524	1.0729	0.80634	0.46528	0.26797	-0.014802	-0.11579	-0.16332	-0.21573	-0.1718	-0.14189	-0.10755	-0.074906	-0.027868	0.060584	0.058907	2.6792
902.25	0.041205	0.054299	-0.085914	-0.16761	-0.22587	-0.31012	-0.39785	-0.53922	-0.59158	-0.57278	-0.49333	-0.46486	-0.39985	-0.013568	0.69966	1.0239	0.81873	0.45703	0.26085	-0.010437	-0.13306	-0.18059	-0.20904	-0.17925	-0.15352	-0.1254	-0.07355	-0.0015673	0.0574	0.064069	2.6564
900.76	0.053342	0.024636	-0.095412	-0.17457	-0.23375	-0.32704	-0.40731	-0.53246	-0.60981	-0.50221	-0.58842	-0.56264	-0.57833	0.11232	0.71915	1.0787	0.81924	0.43956	0.2507	-0.017543	-0.13834	-0.18966	-0.22275	-0.19145	-0.13472	-0.13975	-0.083527	-0.045133	0.042973	0.074899	2.6413
902.25	0.055835	0.011751	-0.11733	-0.18429	-0.24554	-0.3083	-0.40584	-0.54601	-0.60224	-0.6085	-0.53097	-0.61452	-0.44211	0.028338	0.79109	1.0239	0.80175	0.44338	0.24053	-0.013974	-0.1339	-0.18672	-0.21655	-0.18774	-0.14956	-0.14201	-0.094049	-0.039623	0.03949	0.065715	2.6473
905.77	0.047046	0.030097	-0.10842	-0.19189	-0.25484	-0.3361	-0.40506	-0.57603	-0.60235	-0.60614	-0.62266	-0.5946	-0.6088	-0.0051731	0.69696	0.98467	0.81555	0.45797	0.27037	0.0037014	-0.11578	-0.16679	-0.21986	-0.19716	-0.14266	-0.1398	-0.10103	-0.021676	0.047833	0.057257	2.6443
910.03	0.051092	0.019611	-0.10454	-0.18602	-0.25551	-0.33814	-0.43169	-0.55566	-0.58002	-0.6387	-0.64774	-0.66164	-0.54729	-0.046665	0.594	1.0151	0.81763	0.46936	0.29651	0.001053	-0.11357	-0.16514	-0.20642	-0.17266	-0.13885	-0.12515	-0.091618	-0.014645	0.038306	0.0823	2.7566
912.69	0.044136	0.025109	-0.10592	-0.18383	-0.24273	-0.33805	-0.4249	-0.5767	-0.64317	-0.5574	-0.65517	-0.6336	-0.51226	-0.1211	0.773	1.0209	0.82111	0.50486	0.30127	0.026406	-0.094931	-0.14993	-0.18355	-0.15873	-0.13061	-0.12232	-0.089729	-0.013066	0.065178	0.066593	2.9297
909.71	0.046842	0.022005	-0.11553	-0.21588	-0.26767	-0.36352	-0.43026	-0.59375	-0.66236	-0.7983	-0.73198	-0.73172	-0.63971	-0.26278	0.56701	0.99797	0.83644	0.52907	0.32806	0.040527	-0.074373	-0.14694	-0.17422	-0.15251	-0.13654	-0.10707	-0.070507	-0.020041	0.062852	0.047208	3.13
904.49	0.05398	0.023736	-0.11535	-0.20214	-0.27576	-0.35382	-0.45348	-0.58193	-0.69236	-0.67823	-0.70804	-0.87647	-0.60125	-0.31446	0.5794	1.0655	0.8455	0.57024	0.36239	0.072525	-0.051295	-0.13555	-0.1769	-0.15932	-0.11123	-0.09857	-0.093816	-0.010861	0.053004	0.049123	3.3577
897.03	0.051833	0.04331	-0.10435	-0.20886	-0.2837	-0.36774	-0.47333	-0.59019	-0.71379	-0.72878	-0.85592	-0.80406	-0.69976	-0.30021	0.53824	1.0744	0.87474	0.59512	0.41283	0.090922	-0.042409	-0.10671	-0.14648	-0.14271	-0.10657	-0.093541	-0.063257	-0.010169	0.063741	0.056989	3.5595
890.95	0.052187	0.028973	-0.11538	-0.20437	-0.28659	-0.36012	-0.48385	-0.61313	-0.717	-0.73376	-0.75693	-0.89871	-0.85864	-0.3362	0.4586	1.225	0.87211	0.61669	0.40742	0.097812	-0.020541	-0.10211	-0.1441	-0.13509	-0.11212	-0.080721	-0.084447	-0.016531	0.046038	0.059876	3.7688
889.88	0.036542	0.034706	-0.13618	-0.21731	-0.29263	-0.38269	-0.49253	-0.64486	-0.73532	-0.80704	-0.76737	-0.8998	-0.85967	-0.51501	0.41282	1.0202	0.89985	0.6368	0.45241	0.1347	-0.0034984	-0.079132	-0.13328	-0.12664	-0.099392	-0.090925	-0.063765	-0.0086765	0.043498	0.063289	4.0403
893.51	0.05812	0.035374	-0.11591	-0.2139	-0.30184	-0.38757	-0.4978	-0.63024	-0.71163	-0.81278	-0.82128	-0.99394	-1.044	-0.5637	0.32806	1.1411	0.88419	0.67004	0.4867	0.16988	0.031361	-0.059343	-0.10915	-0.1004	-0.078176	-0.077133	-0.056883	-0.010209	0.079494	0.078831	4.2981
895.53	0.051051	0.014266	-0.11308	-0.21762	-0.29833	-0.39311	-0.50634	-0.64079	-0.71828	-0.81094	-0.93322	-1.1425	-0.95646	-0.66372	0.29048	1.085	0.8762	0.6896	0.51263	0.19177	0.043161	-0.051263	-0.10134	-0.10018	-0.088383	-0.080307	-0.066666	-0.0054907	0.033772	0.055422	4.5847
899.58	0.049959	0.019034	-0.1313	-0.20827	-0.29605	-0.3959	-0.51768	-0.69667	-0.77591	-0.78042	-1.0423	-0.99605	-1.1471	-0.84563	0.31666	0.90272	0.89695	0.72573	0.56087	0.23438	0.078421	-0.0079641	-0.083307	-0.083545	-0.070492	-0.066615	-0.020313	0.0031005	0.056716	0.071691	4.8849
900.65	0.056798	0.027856	-0.11243	-0.21471	-0.30883	-0.3854	-0.5427	-0.69159	-0.78156	-1.0031	-0.90905	-1.2683	-1.3236	-1.0293	-0.022522	0.98142	0.88398	0.76497	0.60663	0.26245	0.10109	-5.0942e-005	-0.060643	-0.066433	-0.056114	-0.05655	-0.024395	0.0030968	0.076302	0.059231	5.1728
903	0.053209	0.026983	-0.10451	-0.23832	-0.30148	-0.4244	-0.53729	-0.71609	-0.83442	-0.92914	-1.2734	-1.4497	-1.354	-1.2359	0.068875	0.91699	0.8715	0.79935	0.63674	0.3201	0.12942	0.040227	-0.038813	-0.046747	-0.030622	-0.049765	-0.031706	0.026369	0.065024	0.083764	5.4956
903	0.04547	0.015754	-0.13505	-0.22415	-0.323	-0.44349	-0.56205	-0.74324	-0.85162	-0.93803	-1.2452	-1.5377	-1.5398	-1.395	-0.040738	0.82863	0.8766	0.80571	0.67004	0.34043	0.17483	0.062121	-0.026308	-0.038264	-0.030622	-0.043954	-0.020236	-0.0077735	0.063318	0.08541	5.841
902.78	0.059242	0.026188	-0.13339	-0.22754	-0.32214	-0.4245	-0.58216	-0.76718	-0.90263	-0.98288	-1.3302	-1.5029	-1.7091	-1.4205	-0.24173	0.80231	0.86322	0.85136	0.70676	0.38117	0.20347	0.075273	0.0070369	-0.016208	-0.011615	-0.01989	-0.010408	0.012403	0.053105	0.078845	6.1666
897.13	0.053557	0.022314	-0.12483	-0.24492	-0.33453	-0.43998	-0.59628	-0.79934	-0.93223	-1.2405	-1.3859	-1.7868	-1.8814	-1.6232	-0.61099	0.55829	0.84304	0.87685	0.75128	0.41915	0.21322	0.11717	0.012954	0.0050399	-0.018064	-0.030876	-0.0079976	0.01092	0.06116	0.069404	6.5345
896.6	0.032805	0.016674	-0.13089	-0.25262	-0.34227	-0.48785	-0.62479	-0.82288	-0.96002	-1.3041	-1.3867	-1.9473	-2.0527	-1.8603	-0.65734	0.4607	0.79057	0.87463	0.78036	0.44343	0.25484	0.12694	0.031433	0.02726	0.005855	-0.0041463	-0.01378	0.032809	0.079221	0.071932	6.8675
897.88	0.062161	0.0093898	-0.14008	-0.2707	-0.38037	-0.47618	-0.63273	-0.85499	-1.0336	-1.3381	-1.659	-1.9357	-2.2197	-2.1776	-0.81256	0.4245	0.76555	0.89167	0.81029	0.46946	0.29677	0.15846	0.050669	0.024659	0.009832	3.4018e-005	0.01096	0.010911	0.085963	0.059417	7.2534
904.17	0.048847	0.0061206	-0.1425	-0.26882	-0.37491	-0.47832	-0.65146	-0.87785	-1.0526	-1.3823	-1.6193	-2.0101	-2.4489	-2.3046	-1.0806	0.26267	0.67888	0.88819	0.81195	0.50327	0.31906	0.17573	0.064469	0.037199	0.020837	0.0041775	0.0067907	0.014709	0.066641	0.056535	7.6164
