14261	6	3	91	22.3	748	1	15	8	1.557	128	4096	10	0	0	0	0	199.28	425.3	9.7027e+005	0.078061	0.10003	26.896	0	0	1	0	0	0	11	0	0
381.94	-0.02167	-0.047858	-0.18045	-0.33094	-0.48499	-0.6499	-0.85343	-1.1586	-1.445	-2.3528	-3.1828	-4.1513	-4.6618	-5.5849	-3.8118	-1.6716	-0.27083	0.7495	0.87653	0.75868	0.56727	0.41435	0.27005	0.19237	0.16667	0.10781	0.083567	0.052067	0.027769	0.031825	11.751
383.36	-0.0094396	-0.053353	-0.17178	-0.314	-0.49421	-0.60253	-0.8766	-1.1443	-1.4918	-2.4491	-2.8387	-3.8665	-4.7837	-5.4656	-4.271	-1.6862	-0.39773	0.73387	0.88667	0.78293	0.63846	0.44787	0.32009	0.23961	0.16046	0.12891	0.12185	0.071983	0.04372	0.018144	12.141
385.54	-0.0053566	-0.056805	-0.17876	-0.36104	-0.45853	-0.65872	-0.84918	-1.1636	-1.5678	-2.2054	-3.0209	-4.1536	-5.1325	-5.9052	-4.1184	-1.9871	-0.51668	0.67648	0.84739	0.78677	0.62302	0.45354	0.29485	0.23428	0.16696	0.14762	0.096209	0.071575	0.019522	0.025749	12.513
386.86	-0.0093542	-0.069718	-0.16231	-0.32868	-0.49629	-0.64588	-0.91155	-1.1993	-1.5127	-2.1979	-3.1204	-3.7905	-5.2531	-6.1588	-4.7227	-2.2898	-0.65158	0.62751	0.84263	0.8006	0.64054	0.46426	0.30942	0.25329	0.17934	0.13356	0.12457	0.056842	0.057252	0.0026127	12.899
387.62	-0.033372	-0.056501	-0.16594	-0.3455	-0.53456	-0.62978	-0.92278	-1.2206	-1.6128	-2.4014	-2.939	-3.9675	-5.3411	-6.9658	-5.0964	-2.3882	-0.85584	0.58815	0.77851	0.79696	0.63731	0.46539	0.33405	0.235	0.15869	0.13523	0.099516	0.072998	0.03927	-0.01081	13.283
387.29	-0.043423	-0.08086	-0.16806	-0.35552	-0.49791	-0.6727	-0.90866	-1.192	-1.6161	-2.2578	-3.4238	-4.0938	-5.2078	-6.6984	-4.9942	-2.7405	-0.95349	0.54838	0.77539	0.80382	0.6653	0.49845	0.38098	0.29454	0.19022	0.14502	0.11297	0.082104	0.045265	-0.0050635	13.67
387.29	-0.039415	-0.062159	-0.19575	-0.33025	-0.51101	-0.68118	-0.92915	-1.2731	-1.6581	-2.4866	-3.3799	-3.8682	-6.1334	-7.4597	-5.4414	-3.132	-1.09	0.48692	0.74887	0.83267	0.67707	0.52295	0.34405	0.27476	0.18284	0.14115	0.14927	0.053158	0.011487	-0.0069808	14.06
385.98	-0.045581	-0.0999	-0.1984	-0.34697	-0.51712	-0.65159	-0.95286	-1.2675	-1.7059	-2.6203	-3.3694	-4.4165	-6.6285	-7.5634	-5.6522	-3.5355	-1.2882	0.4354	0.75711	0.8541	0.74036	0.5575	0.39008	0.28364	0.22237	0.19988	0.14594	0.064229	0.053393	0.010318	14.476
383.03	-0.05607	-0.12525	-0.16593	-0.35751	-0.54758	-0.66305	-0.99787	-1.2953	-1.7248	-2.5143	-3.6614	-4.6372	-6.5203	-7.8388	-6.191	-3.6253	-1.4721	0.40661	0.70358	0.83985	0.72425	0.5618	0.41667	0.33383	0.24463	0.18381	0.13934	0.095828	0.037733	0.0065162	14.906
378.65	-0.081327	-0.10566	-0.18606	-0.37158	-0.5249	-0.68588	-0.96368	-1.3547	-1.7663	-2.2881	-3.8158	-4.3761	-6.8172	-8.5084	-6.2408	-3.9622	-1.651	0.33328	0.71171	0.8896	0.78075	0.60379	0.43142	0.36601	0.27012	0.20177	0.18979	0.071024	0.044267	0.036027	15.298
374.72	-0.084253	-0.1203	-0.23504	-0.38754	-0.54394	-0.70185	-1.0008	-1.4037	-1.8658	-2.828	-3.8333	-4.6552	-7.6012	-8.8601	-7.2528	-4.2594	-1.881	0.24258	0.67808	0.9096	0.77072	0.58692	0.4239	0.34941	0.26532	0.20589	0.15822	0.069905	0.032409	-0.042909	15.707
370.78	-0.1019	-0.13525	-0.22927	-0.35714	-0.53605	-0.73808	-1.0211	-1.4331	-1.9834	-2.7494	-4.3092	-5.026	-7.9288	-9.5863	-7.4189	-4.8212	-2.0931	0.19424	0.62593	0.9128	0.783	0.6422	0.47916	0.34486	0.30865	0.19999	0.18984	0.10845	0.0078496	0.0047287	16.087
368.15	-0.13005	-0.18146	-0.24755	-0.36173	-0.55823	-0.72997	-1.0676	-1.4371	-1.9272	-2.7034	-4.1784	-5.2561	-8.1718	-9.6958	-7.763	-4.9423	-2.3141	0.12651	0.63638	0.91714	0.81541	0.65967	0.4744	0.40766	0.30697	0.21974	0.18918	0.11302	0.016266	-0.017437	16.468
367.82	-0.13227	-0.18753	-0.26443	-0.38457	-0.56333	-0.72616	-1.094	-1.4821	-1.9671	-2.9029	-4.2283	-5.6711	-8.5938	-10.259	-8.465	-5.3806	-2.5473	0.030666	0.56316	0.91363	0.86155	0.67531	0.50756	0.41427	0.29947	0.25457	0.19136	0.1055	0.012095	-0.019471	16.904
371	-0.14998	-0.18788	-0.24772	-0.38939	-0.5699	-0.7111	-1.0769	-1.4632	-2.0161	-2.8564	-4.6041	-5.7083	-8.8493	-10.803	-8.5927	-5.7648	-2.794	-0.058095	0.48915	0.91872	0.85213	0.69511	0.52148	0.38595	0.32389	0.23825	0.20568	0.13859	-0.0046015	-0.025313	17.301
374.61	-0.18791	-0.1532	-0.23511	-0.38564	-0.56891	-0.76122	-1.0184	-1.5003	-2.0046	-3.0654	-4.5598	-5.6108	-9.1712	-10.962	-9.1044	-6.4762	-2.9961	-0.14957	0.47856	0.90773	0.83176	0.7053	0.50239	0.44563	0.32077	0.24196	0.20567	0.097982	0.048855	-0.054823	17.693
377.45	-0.17416	-0.22688	-0.29219	-0.36279	-0.57358	-0.69241	-1.0317	-1.4179	-2.0698	-3.0636	-4.3679	-5.8211	-9.3041	-11.039	-9.7131	-6.3005	-3.1643	-0.2376	0.40111	0.90089	0.85969	0.71464	0.52652	0.42604	0.32025	0.28183	0.22764	0.10652	0.0097445	-0.042594	18.115
378.98	-0.23492	-0.24316	-0.32942	-0.42885	-0.58687	-0.72861	-1.0256	-1.4607	-2.0068	-2.9025	-4.3279	-5.8814	-9.6288	-11.633	-9.4127	-6.5067	-3.3962	-0.29295	0.37239	0.91199	0.85822	0.74306	0.56809	0.42431	0.33405	0.31036	0.21305	0.15047	-0.0045045	-0.054186	18.494
379.75	-0.25693	-0.29989	-0.34086	-0.4161	-0.64577	-0.73794	-1.0559	-1.4436	-2.0417	-2.9814	-4.6993	-5.9323	-10.232	-11.848	-9.9801	-7.5443	-3.5709	-0.41557	0.32142	0.89544	0.86849	0.74364	0.56298	0.46381	0.33715	0.24263	0.20094	0.10957	-0.00044483	-0.042337	18.848
381.06	-0.28865	-0.31216	-0.32762	-0.50356	-0.6258	-0.8151	-1.0882	-1.4507	-1.9628	-2.9923	-4.4603	-6.1829	-10.117	-12.264	-10.465	-7.1623	-3.7476	-0.45292	0.27411	0.87561	0.89937	0.73485	0.58672	0.43607	0.33036	0.3008	0.20413	0.13861	-0.026697	-0.061693	19.207
381.61	-0.34521	-0.34398	-0.37734	-0.5265	-0.64483	-0.85695	-1.1377	-1.4868	-2.0104	-2.5236	-4.7431	-5.9659	-10.442	-12.524	-10.148	-7.884	-3.9209	-0.54476	0.2545	0.91409	0.87818	0.77316	0.56418	0.47359	0.38236	0.28466	0.25036	0.096185	-0.010524	-0.038239	19.538
381.28	-0.29053	-0.39746	-0.41986	-0.5388	-0.79387	-0.92012	-1.237	-1.5624	-1.9675	-2.9694	-4.48	-6.096	-10.671	-12.435	-10.913	-8.0582	-4.0749	-0.59259	0.22778	0.87929	0.88292	0.77384	0.61008	0.48806	0.36956	0.30652	0.23312	0.13486	0.003599	-0.055811	19.881
380.51	-0.30947	-0.39446	-0.41668	-0.63286	-0.84654	-0.99532	-1.4499	-1.6823	-2.022	-2.8908	-4.2658	-6.5049	-10.592	-12.878	-10.957	-8.2632	-4.2362	-0.6434	0.16848	0.87896	0.92262	0.78578	0.63307	0.50717	0.36466	0.31895	0.20442	0.14802	-0.0044864	-0.085212	20.238
377.34	-0.33471	-0.36706	-0.45876	-0.68207	-0.84694	-1.1386	-1.6456	-1.8426	-2.1116	-2.5949	-4.4817	-5.9702	-10.479	-12.325	-10.656	-8.2269	-4.2657	-0.66621	0.17962	0.94345	0.93238	0.82591	0.60447	0.50331	0.39427	0.29185	0.25515	0.12884	-0.0086045	-0.058362	20.519
374.28	-0.41421	-0.48617	-0.54848	-0.66754	-0.90806	-1.4396	-1.9269	-2.2282	-2.4313	-2.6376	-4.2461	-5.7643	-10.32	-11.961	-10.457	-7.9744	-4.1327	-0.6278	0.23792	0.96183	0.98059	0.81788	0.65568	0.53814	0.39558	0.30625	0.2355	0.11679	-0.039514	-0.11442	20.809
370.89	-0.42009	-0.48281	-0.47914	-0.68785	-0.90952	-1.5656	-2.3704	-2.1536	-2.655	-3.3784	-4.6284	-5.817	-7.5563	-9.3389	-8.1283	-6.6487	-3.429	-0.39009	0.37458	1.0094	1.0326	0.87227	0.68197	0.53892	0.37798	0.3434	0.22169	0.1273	-0.077222	-0.14752	21.08
368.04	-0.41068	-0.47079	-0.49325	-0.6134	-1.2357	-1.9747	-2.2574	-2.8197	-3.1157	-3.5359	-4.3181	-4.7397	-5.4802	-6.3298	-5.9053	-5.5292	-2.7082	-0.16339	0.50703	1.0497	0.98896	0.86183	0.6627	0.51603	0.38091	0.29718	0.21537	0.082593	-0.105	-0.11434	21.307
365.85	-0.41313	-0.4459	-0.47317	-0.90306	-1.5549	-1.8923	-2.3833	-2.8763	-3.4195	-3.3589	-3.2763	-3.4001	-3.5533	-3.4126	-4.0921	-3.8609	-1.9266	0.11385	0.61432	1.0145	1.0468	0.87346	0.66666	0.54215	0.39687	0.30921	0.2389	0.077341	-0.084599	-0.16783	21.523
363.77	-0.43044	-0.48628	-0.61698	-1.3448	-1.6404	-2.0813	-3.0175	-3.3308	-3.1014	-3.1345	-2.4547	-2.8737	-2.8607	-2.6216	-3.3899	-3.1809	-1.5774	0.24085	0.69243	1.051	1.0006	0.82629	0.67047	0.54946	0.38931	0.31304	0.21789	0.1163	-0.063928	-0.17492	21.737
360.71	-0.44916	-0.53458	-0.94293	-1.5983	-2.083	-2.6247	-2.8192	-2.7411	-2.6971	-2.4019	-2.146	-2.1053	-2.441	-2.4761	-2.4813	-2.9204	-1.2319	0.38399	0.77559	1.0799	0.99854	0.86838	0.65948	0.50953	0.39658	0.29076	0.22795	0.099812	-0.12421	-0.1661	21.939
358.08	-0.51101	-0.672	-1.1018	-1.7803	-2.7048	-2.8457	-2.5075	-2.3311	-2.3553	-2.3745	-1.8535	-1.677	-2.4589	-1.9876	-2.3843	-2.0726	-1.0377	0.44412	0.8243	1.0633	0.99314	0.83059	0.6454	0.51113	0.36354	0.28452	0.21929	0.098589	-0.11007	-0.20882	22.127
354.58	-0.65182	-0.81958	-1.5404	-2.352	-2.6838	-2.7442	-2.274	-2.1252	-2.0468	-1.7392	-1.7999	-1.7384	-1.9024	-1.8367	-1.9194	-2.0256	-0.8254	0.55731	0.84899	1.0693	1.0179	0.83434	0.64965	0.50322	0.34292	0.25774	0.18182	0.044226	-0.16542	-0.22555	22.258
352.06	-0.84837	-1.0538	-2.0106	-2.5976	-2.6718	-2.456	-2.071	-1.9445	-1.7778	-1.5915	-1.5233	-1.5478	-1.6994	-1.4847	-1.7223	-1.7001	-0.66158	0.62891	0.90299	1.1223	1.0015	0.85828	0.6265	0.48288	0.33116	0.23617	0.13899	-0.019147	-0.20813	-0.3158	22.389
350.63	-0.93153	-1.1841	-2.1892	-2.7112	-2.4971	-2.2436	-1.8059	-1.6596	-1.5719	-1.552	-1.4085	-1.2369	-1.554	-1.383	-1.9881	-1.5249	-0.46106	0.69701	0.97987	1.0927	0.98824	0.80764	0.60114	0.44332	0.26518	0.16445	0.093135	-0.11914	-0.34505	-0.4633	22.522
351.73	-1.2156	-1.3863	-2.263	-2.5487	-2.2563	-1.9379	-1.5583	-1.3844	-1.3209	-1.0205	-1.2592	-1.3686	-1.1805	-1.2282	-1.3253	-1.0437	-0.3028	0.73685	0.97265	1.0462	0.93551	0.69272	0.53293	0.38749	0.18505	0.061669	-0.02915	-0.24229	-0.61089	-0.7935	22.606
353.7	-1.9947	-1.6448	-2.0446	-2.3961	-2.239	-1.7623	-1.36	-1.2034	-1.1379	-1.0831	-0.724	-0.86687	-0.97985	-0.83661	-1.3179	-0.81224	-0.091017	0.78148	0.99834	1.0178	0.8251	0.70003	0.46398	0.27703	0.12336	-0.05098	-0.15867	-0.4232	-0.95559	-1.2491	22.71
357.53	-3.0744	-2.4739	-1.667	-2.1852	-2.0188	-1.5001	-1.2707	-1.0812	-0.96636	-1.0039	-0.71624	-0.79096	-0.82002	-0.61618	-1.2807	-0.49104	0.034241	0.84656	0.97737	0.97563	0.80564	0.62398	0.42111	0.24192	0.044017	-0.0693	-0.23766	-0.47354	-1.0766	-1.4228	22.807
362.79	-3.0235	-2.5459	-1.5605	-1.8796	-1.7404	-1.4082	-1.1172	-0.93883	-0.90342	-0.5231	-0.89314	-0.77946	-0.40867	-1.0449	-0.80751	-0.72589	0.15834	0.8886	0.95715	0.9461	0.7542	0.56699	0.39634	0.17507	0.039431	-0.10755	-0.24034	-0.5169	-1.112	-1.3817	22.968
370.34	-2.3538	-2.2436	-1.6114	-1.6055	-1.4927	-1.313	-1.0691	-1.0128	-0.90697	-0.81693	-1.0354	-0.48476	-0.83287	-0.98273	-0.85786	-0.68956	0.21097	0.79291	0.91387	0.84492	0.68756	0.51486	0.31305	0.17563	0.0038672	-0.11547	-0.22346	-0.52149	-1.0228	-1.2432	22.931
378.76	-1.8956	-1.84	-1.5614	-1.4287	-1.397	-1.3098	-1.1329	-1.0085	-0.89461	-0.88382	-0.76576	-1.1241	-1.1567	-0.88104	-1.2743	-0.52673	0.14559	0.80561	0.90516	0.84931	0.6843	0.48671	0.32	0.15352	0.0075559	-0.095095	-0.21849	-0.45625	-0.82531	-0.99188	22.993
386.97	-1.444	-1.3799	-1.1244	-1.486	-1.2298	-1.3075	-1.1014	-1.0504	-0.97315	-0.78183	-0.94704	-0.9566	-0.95476	-0.9796	-1.0341	-0.8249	0.098954	0.7949	0.87082	0.84574	0.6482	0.49887	0.33072	0.14037	0.044364	-0.056283	-0.17944	-0.34155	-0.69646	-0.81149	23.014
392.76	-0.89686	-0.92062	-1.0883	-1.2034	-1.2719	-1.1649	-1.1017	-1.1052	-1.068	-1.0369	-0.93307	-0.86156	-1.2514	-0.63791	-1.0819	-0.62985	0.1053	0.756	0.88225	0.81702	0.65024	0.54586	0.31435	0.18901	0.065561	-0.034463	-0.093917	-0.30261	-0.5216	-0.6444	23.011
397.24	-0.89652	-0.93394	-0.97	-1.0458	-1.1597	-1.0733	-1.2073	-1.2026	-1.2013	-1.3091	-1.1363	-1.2118	-1.1989	-1.0114	-1.3188	-0.56251	0.0018905	0.74335	0.86491	0.82588	0.67923	0.51582	0.33544	0.2351	0.075622	0.0074342	-0.06492	-0.22688	-0.4053	-0.55296	23.002
397.79	-0.70009	-0.8489	-0.93208	-1.0274	-1.0966	-1.1564	-1.2528	-1.2915	-1.2852	-1.1453	-1.0707	-0.99046	-1.1972	-1.067	-1.317	-0.74227	-0.025071	0.75471	0.85819	0.86487	0.71075	0.51711	0.37282	0.21166	0.14205	0.024378	-0.053674	-0.18958	-0.42409	-0.45321	23.01
395.82	-0.69572	-0.76529	-0.91929	-1.0135	-1.1255	-1.243	-1.3027	-1.3308	-1.3159	-1.0899	-1.1404	-1.0556	-1.261	-1.1105	-1.4069	-0.98792	-0.0058442	0.76883	0.91064	0.89739	0.73347	0.60557	0.39179	0.27271	0.16444	0.041542	-0.016559	-0.16042	-0.36204	-0.44044	22.971
390.03	-0.6961	-0.76923	-0.82294	-1.0594	-1.2289	-1.3478	-1.3406	-1.2995	-1.2823	-1.2507	-0.89609	-1.336	-1.1819	-0.9525	-1.3009	-0.81843	-0.035394	0.8055	0.94109	0.8698	0.78135	0.62268	0.41305	0.32391	0.14671	0.086356	-0.026287	-0.1664	-0.37531	-0.46984	23.008
383.03	-0.73923	-0.81354	-0.88398	-1.2045	-1.4388	-1.4388	-1.2878	-1.3232	-1.3154	-1.2736	-1.0676	-1.4641	-1.0641	-1.2265	-1.4969	-0.72922	-0.0040403	0.79664	0.94871	0.93778	0.77382	0.57418	0.42256	0.27382	0.13258	0.056629	-0.040288	-0.17676	-0.37815	-0.48425	22.973
373.51	-0.74767	-0.8362	-1.0952	-1.3823	-1.4823	-1.3942	-1.3342	-1.277	-1.238	-1.2844	-1.254	-1.31	-1.2138	-1.0554	-1.5351	-0.89732	0.024576	0.84771	0.9768	0.93817	0.79963	0.58669	0.41519	0.26849	0.13787	0.064088	-0.033396	-0.20752	-0.36512	-0.49062	22.844
365.42	-0.77698	-0.86662	-1.2557	-1.5015	-1.5059	-1.4857	-1.271	-1.2256	-1.1864	-0.93814	-1.0494	-0.79563	-1.1363	-0.9753	-1.2756	-0.82985	0.081724	0.88896	1.0306	0.97206	0.80073	0.63216	0.44499	0.28912	0.13897	0.053206	-0.036156	-0.17761	-0.36899	-0.45473	22.643
357.75	-0.87176	-0.99046	-1.3919	-1.5716	-1.4696	-1.3753	-1.2317	-1.1876	-1.0588	-0.89068	-0.882	-0.92367	-1.1607	-1.2075	-1.0033	-0.42382	0.19055	0.88734	1.0403	0.99065	0.81788	0.63464	0.39981	0.2482	0.12396	0.04806	-0.072085	-0.2245	-0.43283	-0.52885	22.504
355.34	-1.0372	-1.0828	-1.4638	-1.5081	-1.4011	-1.2391	-1.104	-1.1202	-1.0431	-0.87406	-1.2225	-1.1311	-1.2114	-0.72634	-1.0333	-0.71866	0.21771	0.89105	1.0329	0.9502	0.75931	0.57664	0.36016	0.22401	0.054351	-0.014889	-0.11838	-0.30095	-0.51589	-0.64534	22.286
353.7	-1.0881	-1.1492	-1.3796	-1.4619	-1.2691	-1.1845	-1.0602	-1.0019	-1.0061	-0.92364	-0.96408	-1.2262	-0.87201	-0.87934	-0.96814	-0.33843	0.24905	0.95088	1.0066	0.94559	0.74781	0.50331	0.36396	0.15574	0.052578	-0.074287	-0.19423	-0.33603	-0.62707	-0.74917	22.101
355.45	-1.0369	-1.1395	-1.3147	-1.3085	-1.1392	-1.1001	-0.96774	-0.91294	-0.92206	-0.48855	-0.98325	-0.90731	-0.8892	-1.109	-0.82418	-0.33676	0.34481	0.92541	0.98309	0.90725	0.69071	0.48971	0.29017	0.098928	-0.01006	-0.12242	-0.19951	-0.39746	-0.71274	-0.79982	21.868
357.53	-1.2827	-1.1633	-1.2727	-1.1978	-1.064	-0.99042	-0.93387	-0.90977	-0.84841	-1.049	-0.81128	-0.30215	-0.92667	-0.5316	-0.9347	-0.22318	0.43066	0.94758	1.0348	0.88188	0.6867	0.47138	0.27795	0.15407	-0.014	-0.1238	-0.22111	-0.40886	-0.69352	-0.82426	21.612
362.9	-1.2103	-1.1261	-1.066	-1.1697	-1.0134	-0.9622	-0.86441	-0.81188	-0.8216	-0.61172	-0.93965	-0.80115	-0.47164	-1.1488	-0.62547	-0.087922	0.43906	0.96524	0.96697	0.81387	0.61586	0.40776	0.26347	0.084235	-0.041386	-0.12817	-0.24435	-0.37579	-0.65782	-0.75885	21.361
369.68	-0.97595	-0.97025	-0.95112	-1.0199	-0.90563	-0.89792	-0.79587	-0.79698	-0.76849	-0.44797	-0.64679	-0.74345	-0.58675	-0.65729	-0.52471	-0.1295	0.46002	0.91422	0.93335	0.81405	0.59019	0.40241	0.2342	0.061965	-0.048369	-0.12784	-0.22185	-0.39163	-0.61453	-0.67859	21.083
380.08	-0.82056	-0.81414	-0.89488	-0.89897	-0.84085	-0.7481	-0.79878	-0.79333	-0.74553	-0.96553	-0.56207	-0.49323	-0.91186	-0.30115	-0.96606	0.084013	0.47969	0.8957	0.94064	0.74769	0.58803	0.39141	0.20205	0.070351	-0.050808	-0.13223	-0.18269	-0.34405	-0.51876	-0.60921	20.799
388.61	-0.71463	-0.77017	-0.80032	-0.84631	-0.79848	-0.77815	-0.80723	-0.8114	-0.792	-0.61268	-0.48418	-0.72768	-0.5778	-0.76147	-0.75387	0.22592	0.47114	0.89294	0.91433	0.77236	0.55558	0.34009	0.23248	0.086548	-0.014724	-0.094614	-0.1882	-0.29142	-0.46183	-0.49642	20.533
394.84	-0.71122	-0.67181	-0.71008	-0.75098	-0.75591	-0.7534	-0.78353	-0.78502	-0.7514	-0.88862	-0.60559	-0.41443	-0.76186	-0.73028	-0.70018	-0.20209	0.51027	0.87677	0.87947	0.74602	0.54297	0.39881	0.21356	0.059957	-0.027172	-0.10451	-0.17399	-0.29037	-0.43116	-0.46036	20.196
394.29	-0.59602	-0.61396	-0.67221	-0.70621	-0.74839	-0.75028	-0.79925	-0.77445	-0.72429	-1.0941	-0.67104	-0.57617	-0.84029	-0.63543	-0.93123	-0.10119	0.49349	0.88839	0.91417	0.71062	0.56105	0.36126	0.18713	0.089184	-0.056232	-0.072343	-0.15922	-0.29611	-0.39272	-0.48926	19.875
389.59	-0.65104	-0.66784	-0.64295	-0.76496	-0.73139	-0.82043	-0.80704	-0.74053	-0.76341	-0.77657	-0.74449	-0.82781	-0.40016	-0.91478	-0.66725	0.020504	0.54467	0.93072	0.92332	0.73968	0.54444	0.33923	0.18552	0.062733	-0.036716	-0.10784	-0.17064	-0.2727	-0.38166	-0.47037	19.538
382.37	-0.65318	-0.65203	-0.7172	-0.73806	-0.72752	-0.79728	-0.76191	-0.73447	-0.69656	-0.41201	-0.66971	-0.61489	-0.76675	-0.87272	-0.33475	0.083508	0.59703	0.95257	0.93307	0.73694	0.53882	0.35804	0.17918	0.047886	-0.011221	-0.12164	-0.17386	-0.27968	-0.44923	-0.48508	19.173
377.89	-0.63216	-0.6981	-0.73179	-0.701	-0.73615	-0.79371	-0.77859	-0.7371	-0.66763	-0.82191	-0.56533	-0.93752	-0.77585	-0.42295	-0.62247	0.23233	0.62033	0.95954	0.95191	0.70768	0.53316	0.31626	0.17135	0.070758	-0.073817	-0.1211	-0.20333	-0.3034	-0.40976	-0.48494	18.87
373.18	-0.64429	-0.6545	-0.69174	-0.73606	-0.71147	-0.75092	-0.73236	-0.66633	-0.69388	-0.57324	-0.77726	-0.73648	-0.47907	-0.99549	-0.32091	0.12835	0.68357	0.99802	0.92459	0.73584	0.52563	0.34779	0.20376	-0.0022568	-0.042165	-0.11861	-0.20193	-0.29595	-0.48298	-0.48906	18.469
371.22	-0.64771	-0.66188	-0.6789	-0.6913	-0.69475	-0.67751	-0.70904	-0.67399	-0.6876	-0.79332	-0.71275	-0.74038	-0.81033	-0.53237	-0.70027	-0.04298	0.74293	0.9812	0.93148	0.72039	0.49365	0.32833	0.14604	0.012178	-0.069363	-0.16567	-0.17908	-0.32773	-0.44201	-0.47764	18.088
369.14	-0.63664	-0.66168	-0.6682	-0.66664	-0.67349	-0.63685	-0.68177	-0.64043	-0.62534	-0.62319	-0.30271	-0.72305	-0.2157	-0.65826	-0.74892	0.17297	0.73466	0.97783	0.94665	0.70283	0.5026	0.25307	0.15094	0.016399	-0.089131	-0.14427	-0.21817	-0.30869	-0.4445	-0.48838	17.772
370.56	-0.62371	-0.6396	-0.62842	-0.64783	-0.6139	-0.59897	-0.64412	-0.58008	-0.6409	-0.29475	-0.5307	-0.97749	-0.27663	-1.0638	-0.43445	0.34462	0.75871	0.95857	0.91135	0.63553	0.44739	0.21795	0.11583	-0.018807	-0.10423	-0.13563	-0.22532	-0.32452	-0.43656	-0.51859	17.388
372.53	-0.5954	-0.62455	-0.64566	-0.57571	-0.58797	-0.59801	-0.59232	-0.61609	-0.53822	-0.46616	-0.55068	-0.46056	-0.60273	-0.53049	-0.23288	0.23567	0.79378	0.94249	0.90062	0.66002	0.41445	0.24652	0.076822	-0.018716	-0.092161	-0.19124	-0.21817	-0.33786	-0.4797	-0.47596	17.009
376.58	-0.5622	-0.60437	-0.58176	-0.52954	-0.53228	-0.54798	-0.55339	-0.5403	-0.54029	-0.50394	-0.63495	-0.32907	-0.61653	-0.54485	-0.12088	0.36026	0.79541	0.93018	0.87731	0.57239	0.43016	0.22077	0.048016	-0.036822	-0.12535	-0.16729	-0.2119	-0.33423	-0.41119	-0.47676	16.656
381.5	-0.55087	-0.53013	-0.512	-0.51284	-0.50548	-0.56458	-0.50844	-0.53734	-0.49842	-0.37075	-0.53773	-0.26236	-0.28868	-0.85492	0.11848	0.33474	0.81327	0.9526	0.82177	0.6194	0.3629	0.1744	0.061208	-0.062454	-0.11812	-0.21425	-0.24213	-0.32073	-0.44017	-0.43556	16.257
387.07	-0.49279	-0.46823	-0.49671	-0.48017	-0.50693	-0.54373	-0.44149	-0.51179	-0.47403	-0.26138	-0.74936	-0.25858	-0.69836	-0.8426	-0.053678	0.26802	0.83718	0.88587	0.85541	0.56099	0.31844	0.20661	0.013654	-0.0477	-0.11272	-0.20535	-0.19468	-0.31068	-0.38016	-0.4312	15.865
392.76	-0.47181	-0.47252	-0.44661	-0.49814	-0.46732	-0.46898	-0.46448	-0.46342	-0.47094	-0.50368	-0.60879	-0.61888	-0.26099	-0.84964	-0.13689	0.71118	0.83091	0.90857	0.80381	0.53255	0.3119	0.13719	0.030703	-0.078216	-0.14751	-0.2062	-0.23895	-0.29548	-0.36486	-0.42117	15.504
396.58	-0.47706	-0.46796	-0.45582	-0.49334	-0.41594	-0.44583	-0.42545	-0.45316	-0.45894	-0.29571	-0.7314	-0.4126	-0.47003	-0.86054	-0.073216	0.5232	0.84415	0.86876	0.77756	0.52541	0.27634	0.15779	0.045594	-0.083258	-0.12805	-0.21177	-0.23105	-0.28203	-0.38851	-0.36465	15.096
397.9	-0.46768	-0.46278	-0.42158	-0.40469	-0.43581	-0.42579	-0.42223	-0.47092	-0.43325	-0.3757	-0.66496	-0.3114	-0.41097	-0.59166	-0.093691	0.58169	0.84137	0.85146	0.76025	0.47153	0.24299	0.12548	-0.0075259	-0.098389	-0.15279	-0.22049	-0.23215	-0.28814	-0.34274	-0.38213	14.685
397.79	-0.42291	-0.44834	-0.41978	-0.40669	-0.39769	-0.42591	-0.44954	-0.47105	-0.44825	-0.47707	-0.45167	-0.81072	-0.58362	-0.81991	-0.072995	0.58185	0.81849	0.83313	0.71989	0.44156	0.2755	0.073827	-0.041592	-0.13308	-0.15284	-0.18852	-0.23036	-0.30231	-0.37185	-0.37289	14.308
394.62	-0.4145	-0.41523	-0.38238	-0.38516	-0.40088	-0.42517	-0.41294	-0.41853	-0.43873	-0.52171	-0.56291	-0.79711	-0.2984	-0.67324	-0.24073	0.62695	0.81729	0.86478	0.72567	0.43702	0.25463	0.072421	-0.020945	-0.13027	-0.15587	-0.22422	-0.2322	-0.28521	-0.34559	-0.34199	13.893
390.57	-0.39891	-0.37502	-0.39026	-0.36024	-0.431	-0.40015	-0.36921	-0.45228	-0.37697	-0.56837	-0.59051	-0.39859	-0.94594	-0.56406	-0.17991	0.46995	0.86695	0.78756	0.72943	0.41294	0.20283	0.079241	-0.06356	-0.10023	-0.18313	-0.22654	-0.21377	-0.31328	-0.31764	-0.33983	13.531
384.34	-0.36094	-0.38676	-0.37666	-0.417	-0.38742	-0.36179	-0.38833	-0.31211	-0.39656	-0.49376	-0.40118	-0.77711	-0.62391	-1.0059	-0.22572	0.58141	0.83516	0.83664	0.73553	0.41964	0.21599	0.066125	-0.037171	-0.10385	-0.1954	-0.22241	-0.24226	-0.28372	-0.30077	-0.33567	13.126
378.54	-0.37877	-0.40607	-0.39861	-0.39157	-0.33308	-0.32613	-0.33331	-0.3007	-0.35964	-0.28853	-0.65411	-0.95687	-1.117	-1.301	-0.14203	0.59031	0.84592	0.82343	0.70223	0.40287	0.20124	0.044157	-0.065579	-0.15806	-0.1795	-0.21988	-0.24206	-0.27881	-0.344	-0.32315	12.762
374.28	-0.39968	-0.37007	-0.39497	-0.32363	-0.34365	-0.27282	-0.24654	-0.2898	-0.27676	-0.29182	-0.93379	-0.75558	-1.2113	-0.70978	-0.27588	0.42644	0.88422	0.8043	0.72983	0.36482	0.16093	0.046776	-0.092472	-0.15167	-0.19683	-0.24041	-0.24285	-0.29509	-0.30269	-0.3308	12.387
371.54	-0.34411	-0.37279	-0.32158	-0.2936	-0.29842	-0.25716	-0.26776	-0.22183	-0.26685	-0.55411	-0.75785	-1.1032	-1.0149	-1.061	-0.12252	0.8377	0.88867	0.83894	0.70756	0.39758	0.16621	0.023715	-0.060736	-0.14866	-0.18481	-0.22201	-0.24065	-0.26708	-0.32563	-0.29324	12.042
369.36	-0.28939	-0.31813	-0.3069	-0.29127	-0.24529	-0.17868	-0.15805	-0.17336	-0.31651	-0.492	-0.87727	-0.85167	-1.0622	-1.1696	0.010742	0.90753	0.88771	0.85058	0.71573	0.39777	0.1898	0.023847	-0.067211	-0.17236	-0.17816	-0.22535	-0.23807	-0.25918	-0.31297	-0.27889	11.688
369.36	-0.27257	-0.28284	-0.26956	-0.21994	-0.2041	-0.17201	-0.12876	-0.20447	-0.23639	-0.8409	-0.76234	-1.0882	-1.4959	-0.92398	-0.30187	0.66983	0.86697	0.8328	0.73956	0.36968	0.17541	0.028135	-0.087591	-0.11429	-0.19752	-0.21926	-0.22205	-0.25539	-0.25255	-0.27688	11.321
369.14	-0.27063	-0.28497	-0.18671	-0.15277	-0.15158	-0.098727	-0.1347	-0.15479	-0.39887	-0.645	-0.85475	-1.3471	-1.4348	-1.3136	-0.14565	0.45403	0.88408	0.84886	0.73006	0.39368	0.18786	0.023862	-0.073369	-0.16001	-0.18988	-0.19097	-0.21416	-0.24605	-0.2527	-0.26899	10.976
371.87	-0.22688	-0.19328	-0.17503	-0.094974	-0.082297	-0.12449	-0.1434	-0.21751	-0.44169	-0.55366	-0.91697	-1.1449	-1.3422	-1.1007	0.032836	0.96569	0.90643	0.84924	0.71286	0.39508	0.17627	0.017311	-0.078902	-0.14853	-0.15772	-0.19561	-0.18872	-0.2367	-0.23429	-0.23104	10.645
374.17	-0.15908	-0.1437	-0.075674	-0.088351	-0.10437	-0.046946	-0.12903	-0.26531	-0.45282	-0.65784	-0.77521	-1.4988	-1.6193	-1.3566	-0.51842	0.98112	0.89677	0.8177	0.73004	0.36919	0.15489	0.019316	-0.084453	-0.10872	-0.17204	-0.17238	-0.1836	-0.19218	-0.16909	-0.21573	10.342
378.76	-0.071051	-0.096066	-0.064645	-0.061443	-0.094186	-0.083214	-0.18459	-0.29244	-0.51764	-0.96888	-0.72095	-1.6484	-1.3178	-1.4399	-0.4468	0.99031	0.83127	0.83812	0.70376	0.34153	0.18709	-0.0017945	-0.049644	-0.11954	-0.15862	-0.13467	-0.1638	-0.16025	-0.12438	-0.14838	10.055
382.81	-0.06016	-0.10829	-0.033939	-0.072596	-0.082155	-0.080191	-0.16756	-0.33738	-0.52183	-1.0007	-1.1791	-1.3405	-1.4632	-1.3852	-0.31284	0.72966	0.85051	0.83569	0.6944	0.37545	0.17123	0.020949	-0.029455	-0.12428	-0.10837	-0.14891	-0.10988	-0.12011	-0.080852	-0.061411	9.7474
386.97	-0.033428	-0.026648	-0.071193	-0.091269	-0.092189	-0.085694	-0.22727	-0.36741	-0.58123	-0.76103	-1.1446	-1.3466	-1.9797	-1.4094	-0.26683	0.45376	0.86315	0.83945	0.7078	0.36936	0.19883	0.028893	-0.068044	-0.077409	-0.1109	-0.11632	-0.091498	-0.1152	-0.044185	-0.05691	9.4801
389.04	-0.0073031	-0.048848	-0.070813	-0.094649	-0.091697	-0.14431	-0.28168	-0.45997	-0.6637	-1.171	-0.8765	-1.5436	-1.5182	-1.3436	-0.51979	0.73848	0.81128	0.83708	0.67197	0.37969	0.20167	0.049064	-0.02898	-0.073056	-0.11031	-0.096434	-0.087205	-0.082163	-0.053841	-0.037508	9.2278
390.9	0.0046507	-0.00044097	-0.064596	-0.040282	-0.13882	-0.17933	-0.28587	-0.50286	-0.66244	-0.95943	-1.6109	-1.5972	-1.8817	-1.5886	-0.34854	0.46956	0.83486	0.81	0.68941	0.38401	0.19877	0.052878	-0.024993	-0.060952	-0.078678	-0.084474	-0.084899	-0.071019	-0.055553	-0.0069164	8.9483
390.03	0.01063	-0.03573	-0.066708	-0.063534	-0.1283	-0.20709	-0.3235	-0.53149	-0.69617	-1.0855	-1.3097	-1.3768	-1.8468	-1.5147	-0.70881	0.47061	0.83673	0.83497	0.70788	0.33781	0.20506	0.055022	-0.011539	-0.068945	-0.088026	-0.10003	-0.073711	-0.062197	-0.039894	-0.012647	8.7156
389.37	-0.039205	-0.039508	-0.029435	-0.059769	-0.15672	-0.26646	-0.38146	-0.55403	-0.74294	-0.92181	-1.0938	-1.6035	-1.6932	-1.5755	-0.28636	0.40991	0.81256	0.84902	0.69966	0.38757	0.1859	0.051056	-0.0076944	-0.055288	-0.07164	-0.092505	-0.060535	-0.082093	-0.028103	0.0064137	8.4708
387.18	0.028759	0.012645	-0.011791	-0.091218	-0.16633	-0.22769	-0.40038	-0.60069	-0.73185	-1.0726	-1.3851	-1.3048	-1.8801	-1.3305	-0.60752	0.30919	0.86266	0.83049	0.69035	0.39182	0.19283	0.059512	-0.02329	-0.057578	-0.06096	-0.071736	-0.039855	-0.062654	-0.018322	-0.01274	8.2848
384.78	0.03701	0.0014297	-0.043723	-0.097657	-0.2091	-0.26751	-0.45537	-0.6144	-0.74412	-1.2259	-1.438	-1.8084	-1.8919	-1.4567	-0.69701	0.53925	0.80633	0.81435	0.71563	0.40257	0.2118	0.029057	-0.015611	-0.049974	-0.074353	-0.074131	-0.076638	-0.068509	0.0035587	0.0064903	8.1049
382.59	0.051428	0.0052255	-0.02595	-0.11592	-0.20588	-0.32053	-0.4674	-0.58587	-0.84312	-0.85394	-1.313	-2.0264	-1.484	-1.88	-0.35611	0.64665	0.80694	0.85334	0.67372	0.38609	0.18721	0.04576	3.849e-005	-0.060274	-0.069169	-0.066719	-0.067405	-0.02128	-0.014521	0.014295	7.928
382.48	0.039261	0.0071195	-0.023955	-0.11989	-0.26338	-0.35496	-0.47885	-0.68418	-0.81241	-0.98055	-1.491	-1.5493	-2.1225	-1.4259	-0.57185	0.39648	0.85725	0.83427	0.75062	0.39246	0.19719	0.056108	-0.02751	-0.044269	-0.05423	-0.06086	-0.036479	-0.032276	0.021693	0.025955	7.7752
381.61	0.05156	0.029913	-0.05011	-0.15172	-0.27948	-0.32996	-0.48939	-0.67571	-0.82009	-1.1516	-1.2496	-1.3863	-1.7676	-1.5481	-0.50831	0.83651	0.82709	0.84263	0.72542	0.37664	0.23545	0.081103	-0.0098224	-0.056413	-0.065601	-0.013864	-0.057887	-0.036027	0.019723	0.033799	7.6603
383.03	0.045291	0.020346	-0.045922	-0.1885	-0.26962	-0.38017	-0.49134	-0.65721	-0.89817	-1.0422	-1.5554	-1.9619	-1.8009	-1.7397	-0.46335	0.5834	0.83602	0.86308	0.72657	0.42733	0.20484	0.039514	3.8446e-005	-0.0322	-0.052283	-0.03338	-0.044152	-0.026744	0.0096026	0.041435	7.5393
383.14	0.043248	0.026011	-0.14789	-0.16291	-0.31144	-0.37149	-0.51567	-0.68501	-0.81102	-0.87373	-1.7322	-1.443	-2.1388	-1.68	-0.5278	0.29163	0.85178	0.82641	0.72827	0.42929	0.2345	0.093163	4.2182e-005	-0.034189	-0.037334	-0.068579	-0.019037	-0.034052	0.027682	0.066635	7.4228
384.01	0.061349	0.0070911	-0.10565	-0.1939	-0.33714	-0.38133	-0.54079	-0.7014	-0.88046	-1.5639	-1.3082	-2.1016	-1.5778	-1.6368	-0.48366	0.85208	0.81193	0.82666	0.73998	0.4096	0.21024	0.072359	0.0059194	-0.040097	-0.055875	-0.045005	-0.028628	-0.039449	0.033631	0.027782	7.3547
384.23	0.057271	-0.0023362	-0.099614	-0.22317	-0.31936	-0.40461	-0.548	-0.7369	-0.91268	-1.1857	-1.2853	-1.6456	-1.7357	-1.5965	-0.35459	0.78928	0.79752	0.84542	0.71665	0.4156	0.2457	0.090837	0.027469	-0.050045	-0.035368	-0.031326	-0.034385	-0.0029522	0.03561	0.041306	7.2624
384.56	0.047128	-0.00044824	-0.10351	-0.20537	-0.35644	-0.40213	-0.55128	-0.72232	-0.8869	-1.4988	-1.77	-1.8921	-2.3887	-1.8704	-0.89045	0.16603	0.84464	0.84043	0.72939	0.38619	0.19217	0.090759	-0.0038743	-0.0061722	-0.053937	-0.056635	-0.0093455	-0.024813	0.029576	0.05286	7.2065
384.78	0.034993	0.0089619	-0.11938	-0.23264	-0.32549	-0.42537	-0.55096	-0.7697	-0.91523	-1.519	-1.3718	-1.7878	-2.0504	-1.6925	-0.63274	0.39411	0.79439	0.83142	0.73279	0.40879	0.22364	0.11332	0.015691	-0.0041788	-0.050191	-0.048809	-0.018956	-0.021159	0.027564	0.037387	7.1822
384.56	0.055204	0.008967	-0.095543	-0.2269	-0.33007	-0.40213	-0.57191	-0.71436	-0.88882	-1.2056	-1.5933	-1.8508	-1.6747	-1.7721	-0.56876	0.14525	0.77292	0.85111	0.74274	0.4194	0.22771	0.088708	0.023529	-0.0061722	-0.020459	-0.058583	-0.053597	0.00069258	0.033583	0.047067	7.1701
383.47	0.027014	0.0071013	-0.12978	-0.22362	-0.35084	-0.43325	-0.54156	-0.78831	-0.9203	-1.3561	-1.775	-1.3589	-2.2961	-1.9349	-0.59188	0.39546	0.8051	0.84925	0.7659	0.42475	0.22044	0.10339	0.0039659	-0.00019574	-0.013054	-0.050929	0.0002725	-0.024884	0.055749	0.072387	7.1444
383.25	0.049315	-0.019348	-0.10187	-0.21982	-0.35545	-0.42921	-0.58704	-0.7228	-0.95943	-1.3359	-1.3329	-2.0229	-2.1979	-1.9163	-0.82897	0.35399	0.78557	0.85402	0.75294	0.39793	0.25822	0.093136	0.015754	0.0018021	-0.037324	-0.0098958	0.0079936	-0.024898	0.043736	0.035595	7.1535
382.7	0.049385	0.0014374	-0.15206	-0.2516	-0.32063	-0.42554	-0.58599	-0.7959	-0.95307	-1.1694	-1.4458	-2.0881	-2.4801	-2.2153	-0.67926	0.56306	0.76667	0.82736	0.74061	0.45689	0.24271	0.12839	0.03151	-0.02222	-0.026162	-0.011867	-0.028723	-0.024934	0.02369	0.062826	7.1686
382.7	0.043298	0.0014447	-0.12603	-0.24177	-0.35375	-0.45127	-0.55207	-0.76587	-0.92407	-1.1273	-1.4901	-1.7352	-1.9021	-1.9585	-0.89477	0.45878	0.78669	0.8488	0.75018	0.4402	0.25263	0.11599	0.019712	0.011812	-0.037377	-0.025572	-0.0055268	0.0080228	0.017657	0.049236	7.1596
381.83	0.073899	0.0033402	-0.15843	-0.23247	-0.37227	-0.43941	-0.57978	-0.77364	-0.96494	-1.4674	-1.4491	-1.864	-2.1262	-2.1214	-0.70244	0.31353	0.78047	0.8486	0.7327	0.43285	0.22935	0.08727	0.041441	0.0078248	-0.024354	-0.027596	-0.036542	-0.02316	0.031805	0.035728	7.1429
380.62	0.039453	-0.025191	-0.11264	-0.25298	-0.35124	-0.49255	-0.61951	-0.7942	-0.97771	-1.4932	-1.6321	-2.0786	-2.0528	-2.3863	-0.85634	0.16775	0.75073	0.85344	0.75428	0.43212	0.27396	0.12701	0.033662	-0.0022127	-0.020667	-0.0139	-0.021105	0.03384	0.046058	0.018274	7.1444
379.75	0.035456	-0.038599	-0.14316	-0.25356	-0.35205	-0.5045	-0.62094	-0.83638	-0.97606	-1.1785	-1.703	-1.9788	-2.5797	-2.1728	-1.0538	0.18918	0.74238	0.85324	0.7792	0.45833	0.2526	0.15438	0.027789	0.0098878	-0.0018796	-0.021826	-0.0055698	-0.0048347	0.03603	0.049619	7.1444
380.62	0.0068151	-0.0023583	-0.11264	-0.27671	-0.369	-0.46452	-0.64415	-0.79622	-1.0088	-1.5355	-1.9221	-2.2664	-2.2131	-2.4856	-1.0947	0.52419	0.70242	0.89872	0.80439	0.48244	0.33382	0.14987	0.075189	0.042071	0.013157	0.013666	0.0022171	0.0080666	0.052124	0.043652	7.2488
381.39	0.010871	-0.034637	-0.15861	-0.32155	-0.41258	-0.54322	-0.60881	-0.8127	-1.0514	-1.3846	-2.0296	-1.9703	-2.3686	-2.3022	-0.87624	0.062811	0.75726	0.86679	0.77777	0.50031	0.2774	0.18274	0.057277	0.02591	0.033759	-0.01584	0.039067	-0.015835	0.021755	0.049406	7.391
383.03	0.039205	0.012783	-0.18193	-0.26318	-0.43507	-0.51732	-0.66458	-0.86522	-1.0508	-1.7362	-1.7327	-2.1278	-2.5178	-2.3121	-1.217	-7.7228e-006	0.70801	0.85665	0.8204	0.51066	0.30991	0.18609	0.059	0.027802	-0.011202	-0.0099015	0.027313	0.01899	0.059832	0.053072	7.5665
383.03	0.022992	-0.057178	-0.12793	-0.26318	-0.42404	-0.52804	-0.67399	-0.88922	-1.0508	-1.631	-1.9544	-2.6878	-2.3187	-2.5095	-1.2385	0.45838	0.636	0.92522	0.80125	0.52108	0.32379	0.14892	0.1042	0.041803	0.037347	0.035103	-0.0016576	0.024478	0.037729	0.043374	7.7647
382.59	0.027075	-0.00045055	-0.15811	-0.28512	-0.40023	-0.51577	-0.65591	-0.91426	-1.0868	-1.5066	-2.3117	-1.8188	-2.9393	-2.789	-1.2615	-0.062589	0.65876	0.87694	0.806	0.5321	0.32813	0.2049	0.10235	0.02183	0.033653	-0.0040356	0.033146	0.02634	0.035762	0.064789	7.9658
381.83	0.012891	-0.017521	-0.14037	-0.29555	-0.43866	-0.48885	-0.71012	-0.92814	-1.1064	-1.6362	-2.005	-2.2177	-2.6056	-2.7946	-1.5233	0.04185	0.61393	0.8658	0.85372	0.54363	0.34072	0.2343	0.08087	0.064009	0.024352	0.035214	0.01965	0.0098753	0.05196	0.012375	8.2047
382.04	0.027114	-0.009932	-0.13427	-0.30129	-0.39417	-0.50361	-0.7267	-0.91157	-1.1793	-1.825	-2.0706	-2.5283	-2.8636	-2.9513	-1.5872	-0.20886	0.56345	0.87819	0.84747	0.56838	0.36636	0.23623	0.13205	0.071989	0.037443	0.0018443	0.060303	0.03738	0.017688	0.03376	8.4723
382.92	0.043273	0.0033306	-0.14197	-0.27701	-0.39548	-0.5389	-0.72127	-0.9475	-1.1824	-1.7157	-2.0215	-2.5225	-2.7973	-2.9841	-1.6266	-0.20838	0.52215	0.8869	0.87044	0.61293	0.39725	0.25015	0.15141	0.089836	0.054167	0.037073	0.054373	0.00069555	0.051812	0.074434	8.7232
384.89	0.055157	0.0033136	-0.13129	-0.29124	-0.42199	-0.52549	-0.70072	-0.92872	-1.2129	-1.9371	-1.9229	-2.6748	-3.0407	-3.2045	-2.1326	-7.6855e-006	0.44782	0.88236	0.86027	0.6015	0.4189	0.27147	0.15259	0.099327	0.042742	0.06609	0.059858	0.0043311	0.053545	0.031585	9.0344
385.33	0.043003	-0.013605	-0.13512	-0.27529	-0.40836	-0.51424	-0.69805	-0.94556	-1.2019	-1.8095	-1.9648	-2.7129	-3.1362	-3.4756	-1.8947	-0.28996	0.38568	0.90906	0.87071	0.63602	0.44207	0.31015	0.20321	0.11114	0.089102	0.062127	0.050188	0.049791	0.025525	0.029618	9.3154
385.11	0.022868	-0.00044761	-0.18891	-0.30476	-0.43273	-0.55076	-0.73591	-0.99384	-1.2622	-1.685	-2.4069	-2.7764	-3.8312	-3.7328	-2.2813	-0.84959	0.35805	0.86694	0.88645	0.64675	0.45415	0.30622	0.15446	0.1132	0.074292	0.048536	0.077115	0.051638	0.041528	0.033491	9.5979
384.23	0.02696	-0.043804	-0.1674	-0.26431	-0.4469	-0.54775	-0.76011	-1.0081	-1.2362	-1.8985	-2.0367	-3.2168	-3.7009	-3.7413	-2.587	-0.64383	0.25518	0.84115	0.92474	0.68768	0.50459	0.32749	0.18419	0.16729	0.10983	0.077904	0.061885	0.029873	0.073668	0.074179	9.9618
383.9	0.026983	-0.023086	-0.13562	-0.33316	-0.42968	-0.57173	-0.79645	-0.97899	-1.3683	-1.7532	-2.1269	-3.1368	-3.565	-4.1383	-2.6966	-0.68597	0.18954	0.87607	0.89687	0.70698	0.51491	0.3422	0.22357	0.15147	0.10806	0.089688	0.075427	0.077353	0.025619	0.049082	10.303
383.03	-0.0094477	-0.036382	-0.16393	-0.30838	-0.4439	-0.58375	-0.76438	-1.0552	-1.3308	-1.8834	-2.5308	-3.3721	-4.0511	-4.4044	-2.5521	-0.79173	0.083967	0.83308	0.88168	0.73568	0.50023	0.37601	0.22408	0.15381	0.13445	0.087934	0.092984	0.040941	0.021662	0.035616	10.603
383.14	0.0087959	-0.036372	-0.13789	-0.3024	-0.47685	-0.58359	-0.81122	-1.0829	-1.3787	-2.4084	-2.5301	-3.6821	-4.3485	-4.6794	-3.3047	-1.2081	0.0059647	0.79856	0.89483	0.72297	0.57342	0.41305	0.25545	0.20776	0.11574	0.10943	0.11999	0.042761	0.067853	0.025911	10.95
383.14	0.0027195	-0.034479	-0.13989	-0.3299	-0.46362	-0.58359	-0.81686	-1.1189	-1.4193	-2.2192	-2.6631	-4.0968	-4.1893	-4.857	-3.3263	-1.3122	-0.13001	0.81355	0.8776	0.74797	0.58135	0.38209	0.2692	0.20176	0.13628	0.11334	0.085234	0.093969	0.045756	0.054998	11.288
