12672	4	3	91	23	760	1	4	10	2.33	128	4096	10	0	0	0	0	298.24	953.5	1.46e+006	0.11595	0.10065	39.999	0	0	1	0	0	0	11	0	0
961.36	0.024489	-0.027106	-0.085923	-0.1496	-0.18663	-0.6396	-0.23351	-0.2414	-0.19682	-0.062667	0.24238	0.32143	0.60153	0.87513	0.72957	0.014275	-0.57321	-0.90541	-1.009	-0.86524	-0.7726	-0.6512	-0.51613	-0.41294	-0.28623	-0.23353	-0.17316	-0.083894	0.0085494	0.051225	-1.8746
960.93	0.026115	-0.024103	-0.09154	-0.1528	-0.2087	-0.6527	-0.2749	-0.28695	-0.24233	-0.21357	0.056916	0.18104	0.41132	0.84405	0.7299	0.11395	-0.42597	-0.7811	-0.89571	-0.81247	-0.7279	-0.62598	-0.49834	-0.39558	-0.29231	-0.26249	-0.14321	-0.082472	0.028573	0.049703	-1.4346
959.87	0.029381	-0.036957	-0.099623	-0.18198	-0.22389	-0.67395	-0.29173	-0.30323	-0.26495	-0.28096	-0.18188	-0.042206	0.37204	0.86862	0.76509	0.21385	-0.30273	-0.67593	-0.79506	-0.73855	-0.65671	-0.58631	-0.47301	-0.37527	-0.2591	-0.24248	-0.13104	-0.073074	0.0029507	0.048984	-1.0054
958.28	0.014845	-0.02417	-0.11578	-0.18385	-0.2278	-0.67849	-0.30727	-0.33491	-0.31017	-0.30663	-0.18218	-0.0008204	0.30103	0.87795	0.82661	0.29749	-0.14974	-0.5597	-0.70453	-0.67482	-0.62215	-0.56913	-0.46202	-0.35591	-0.26252	-0.22724	-0.15751	-0.079776	0.011789	0.035109	-0.55345
956.79	0.025418	-0.029506	-0.092739	-0.19594	-0.23345	-0.68384	-0.3085	-0.33784	-0.32689	-0.28186	-0.12921	0.024072	0.31745	0.72919	0.84512	0.34798	-0.0026424	-0.4113	-0.58833	-0.59997	-0.57708	-0.52126	-0.42104	-0.35086	-0.24574	-0.2135	-0.12992	-0.054999	0.0061772	0.050694	-0.046886
956.79	0.026228	-0.026477	-0.10635	-0.19515	-0.26524	-0.707	-0.35222	-0.37867	-0.36555	-0.35762	-0.20909	-0.042342	0.26165	0.65017	0.80203	0.58152	0.11987	-0.31435	-0.48407	-0.52824	-0.5128	-0.48407	-0.44621	-0.31883	-0.23303	-0.20801	-0.11754	-0.051337	0.019046	0.050694	0.44278
956.47	0.022991	-0.040117	-0.11199	-0.19365	-0.24943	-0.71668	-0.36592	-0.41324	-0.41904	-0.46722	-0.28905	-0.20845	0.22185	0.81636	0.8109	0.74859	0.24887	-0.19174	-0.36383	-0.45082	-0.46375	-0.42553	-0.37003	-0.28129	-0.20244	-0.18928	-0.11294	-0.076996	0.023879	0.038281	0.86085
956.36	0.014875	-0.034821	-0.12482	-0.17871	-0.26271	-0.73049	-0.38179	-0.42691	-0.45776	-0.58519	-0.369	-0.28323	0.038442	0.45283	0.68164	0.7153	0.33781	-0.093055	-0.268	-0.38995	-0.40822	-0.38672	-0.36928	-0.2677	-0.18527	-0.18303	-0.11837	-0.066747	0.031126	0.042947	1.3958
956.57	0.014871	-0.029513	-0.13681	-0.207	-0.2653	-0.74577	-0.40056	-0.45004	-0.50484	-0.54296	-0.47545	-0.48247	0.046417	0.34208	0.74185	0.76518	0.45627	0.0271	-0.17592	-0.32563	-0.36208	-0.36101	-0.31726	-0.25483	-0.18448	-0.15087	-0.10056	-0.060871	0.032727	0.043714	1.8485
957.74	0.0083663	-0.037794	-0.15664	-0.21225	-0.29762	-0.77486	-0.42718	-0.49588	-0.54053	-0.61798	-0.66991	-0.44042	-0.20849	0.23113	0.74095	0.78094	0.5349	0.1102	-0.086865	-0.24941	-0.31248	-0.32259	-0.29173	-0.24572	-0.16484	-0.15694	-0.10121	-0.040312	0.027062	0.034352	2.3482
957.32	0.014049	-0.020411	-0.1431	-0.23908	-0.29952	-0.78121	-0.44771	-0.52251	-0.57864	-0.60142	-0.48393	-0.59826	-0.39978	0.17597	0.60343	0.89797	0.63117	0.21743	0.021134	-0.17866	-0.2452	-0.27731	-0.25805	-0.23702	-0.14474	-0.13901	-0.070339	-0.037402	0.019839	0.041353	2.8416
956.15	0.0091935	-0.059826	-0.16331	-0.23858	-0.33081	-0.81221	-0.45127	-0.57443	-0.63273	-0.6864	-0.67991	-0.73192	-0.41623	-0.021506	0.57828	0.71546	0.71047	0.31041	0.11552	-0.12045	-0.19864	-0.23795	-0.23553	-0.19725	-0.15539	-0.1188	-0.088221	-0.044776	0.023888	0.037519	3.3349
954.98	0.0092047	-0.045487	-0.16431	-0.25385	-0.34803	-0.79859	-0.49563	-0.58957	-0.66992	-0.77159	-0.85858	-0.83263	-0.64037	-0.11653	0.59627	0.8751	0.75466	0.40964	0.21397	-0.042049	-0.1464	-0.2043	-0.20508	-0.18466	-0.1346	-0.11188	-0.065863	-0.027955	0.027141	0.036007	3.8219
954.13	0.019791	-0.024274	-0.17811	-0.26986	-0.35011	-0.81393	-0.50212	-0.63587	-0.73564	-0.84827	-1.064	-0.92495	-0.87276	-0.40982	0.48443	0.8006	0.81475	0.48657	0.28412	0.031516	-0.10674	-0.16884	-0.17686	-0.16716	-0.11673	-0.10334	-0.073676	-0.032388	0.0094218	0.043828	4.2693
952.21	0.023094	-0.037254	-0.17122	-0.26803	-0.35525	-0.82936	-0.51979	-0.6122	-0.74334	-0.83305	-1.0394	-0.9852	-0.94661	-0.5456	0.39013	0.86089	0.85259	0.57202	0.37791	0.094436	-0.041565	-0.11853	-0.1369	-0.12968	-0.091428	-0.084657	-0.038862	-0.014053	0.025601	0.036893	4.8318
950.62	0.0067963	-0.049506	-0.16345	-0.2859	-0.37985	-0.85147	-0.56012	-0.68979	-0.82319	-1.0717	-1.2823	-1.1373	-1.237	-0.73739	0.15652	0.84552	0.85886	0.6317	0.44258	0.15672	0.0046968	-0.094607	-0.11179	-0.11217	-0.10663	-0.076126	-0.03737	-0.02366	0.026455	0.03461	5.3259
949.87	0.027237	-0.054884	-0.19665	-0.29484	-0.4015	-0.85992	-0.58258	-0.71292	-0.83318	-1.081	-1.3012	-1.3305	-1.3263	-0.96084	0.078511	0.77058	0.85711	0.67022	0.50934	0.19885	0.018291	-0.053891	-0.092066	-0.095316	-0.065299	-0.08171	-0.035843	-0.0030245	0.025667	0.062014	5.7985
949.87	0.027237	-0.055644	-0.191	-0.28216	-0.41128	-0.8772	-0.61674	-0.76211	-0.87679	-1.1913	-1.3459	-1.4309	-1.6315	-1.2553	-0.069115	0.66139	0.8563	0.71775	0.57266	0.26942	0.093439	-0.014767	-0.0675	-0.088864	-0.040451	-0.065929	-0.020265	-0.0067137	0.012704	0.044023	6.2726
949.24	0.0068062	-0.048816	-0.16531	-0.30931	-0.40889	-0.86568	-0.63387	-0.78361	-0.92804	-1.26	-1.4273	-1.7163	-1.7451	-1.4872	-0.35588	0.71226	0.86172	0.7779	0.64259	0.32004	0.1535	0.051032	-0.01838	-0.042113	-0.027668	-0.034391	-0.0062504	0.0073095	0.041087	0.044052	6.7994
948.81	0.0010808	-0.051891	-0.18395	-0.31262	-0.43045	-0.88683	-0.67977	-0.81949	-0.99162	-1.4303	-1.6428	-1.7757	-2.0674	-1.7109	-0.59074	0.5696	0.82739	0.81631	0.69468	0.38159	0.19359	0.071887	-0.0017285	-0.021946	-0.0095886	-0.029669	-0.0023538	0.01765	0.041917	0.054252	7.2851
948.7	0.020724	-0.048843	-0.17832	-0.31266	-0.46167	-0.88174	-0.69277	-0.86884	-1.0526	-1.6767	-1.7414	-2.1192	-2.341	-2.1893	-0.87769	0.30049	0.76611	0.83803	0.73187	0.42621	0.23923	0.10523	0.02842	-0.0025659	-0.0080812	-0.013872	-0.0046937	0.016916	0.039487	0.048776	7.7949
949.56	0.0043506	-0.048799	-0.17655	-0.32744	-0.43812	-0.92158	-0.7005	-0.88259	-1.1007	-1.7855	-1.9992	-2.3013	-2.5798	-2.466	-1.207	0.18254	0.6912	0.85197	0.76597	0.46028	0.2822	0.13595	0.052178	0.026479	0.0054842	0.0035055	0.018684	-0.0045005	0.032969	0.029171	8.2561
949.02	0.0051723	-0.048063	-0.19683	-0.30779	-0.43836	-0.91172	-0.71837	-0.90972	-1.1208	-1.7355	-2.045	-2.4449	-2.7099	-2.786	-1.4423	0.022881	0.64234	0.87321	0.81742	0.51268	0.32316	0.17352	0.090278	0.041835	0.028098	0.012983	0.014017	0.02577	0.043529	0.055805	8.6718
948.6	0.0068108	-0.042741	-0.18399	-0.34443	-0.46439	-0.92078	-0.74911	-0.94566	-1.1868	-1.575	-2.046	-2.58	-2.9362	-3.1618	-1.669	-0.05283	0.5651	0.87966	0.83325	0.55834	0.35613	0.19777	0.1046	0.053159	0.028865	0.017728	0.019481	0.02061	0.045982	0.038599	9.1493
947.85	0.0010819	-0.033606	-0.17525	-0.3455	-0.4701	-0.90851	-0.74818	-0.97954	-1.2416	-1.8312	-2.2805	-2.7078	-3.1799	-3.4355	-1.9226	-0.36439	0.48148	0.87775	0.85248	0.60003	0.40288	0.23296	0.12772	0.077449	0.037187	0.034348	0.028863	0.028019	0.02085	0.044901	9.5797
946.58	-0.0038372	-0.056605	-0.18762	-0.33801	-0.46092	-0.94182	-0.79414	-0.99543	-1.2816	-1.757	-2.3643	-3.0471	-3.4421	-3.7916	-2.0647	-0.44918	0.36073	0.86333	0.86215	0.62782	0.41946	0.25166	0.15095	0.092121	0.060661	0.054188	0.037499	0.031758	0.042827	0.030049	10.043
945.09	-0.00055875	-0.042132	-0.17981	-0.33775	-0.47059	-0.9685	-0.79157	-1.0521	-1.3337	-1.9217	-2.395	-3.1275	-3.7865	-4.1895	-2.5042	-0.73699	0.25348	0.8534	0.87592	0.66343	0.44905	0.28552	0.16552	0.11821	0.075894	0.056653	0.058694	0.046637	0.038824	0.036384	10.442
943.92	-0.0054939	-0.056764	-0.18815	-0.35093	-0.49355	-0.96535	-0.83076	-1.0786	-1.3675	-2.1375	-2.7128	-3.3166	-4.0174	-4.4911	-2.7433	-1.0084	0.15965	0.84489	0.86613	0.67693	0.49064	0.30263	0.19125	0.11267	0.081292	0.059105	0.051714	0.040756	0.031536	0.030134	10.825
943.39	-0.005497	-0.042977	-0.17932	-0.34474	-0.48666	-0.9772	-0.83887	-1.1076	-1.4271	-2.0021	-2.8133	-3.2595	-4.2703	-4.8703	-3.0683	-1.212	0.037925	0.84014	0.87828	0.71031	0.51345	0.33381	0.21769	0.13466	0.091194	0.067083	0.054096	0.048207	0.030737	0.022275	11.146
943.17	-0.013731	-0.053736	-0.1948	-0.34562	-0.48677	-0.98265	-0.83447	-1.1363	-1.4392	-1.9683	-2.94	-3.3444	-4.4896	-4.9676	-3.3051	-1.3308	-0.0636	0.81249	0.88626	0.73247	0.52081	0.3473	0.2321	0.15337	0.11624	0.079811	0.05646	0.059361	0.042168	0.040397	11.499
942.85	-0.0071478	-0.036855	-0.19486	-0.33695	-0.47887	-0.97166	-0.8623	-1.1529	-1.5071	-2.0459	-3.0131	-3.5309	-4.7338	-5.4985	-3.5424	-1.4836	-0.1725	0.7849	0.88033	0.74626	0.55723	0.36419	0.24735	0.15667	0.12462	0.086994	0.072174	0.051205	0.040548	0.034895	11.819
942.85	-0.022794	-0.062205	-0.18349	-0.34813	-0.51651	-0.9882	-0.8906	-1.157	-1.5205	-2.157	-3.1932	-3.6657	-4.7823	-5.7631	-3.866	-1.8052	-0.28301	0.75791	0.86789	0.76065	0.57817	0.38935	0.26092	0.16805	0.11324	0.085404	0.06825	0.050464	0.034017	0.0278	12.087
942.96	-0.012911	-0.051445	-0.19728	-0.35527	-0.49943	-0.99767	-0.88132	-1.1593	-1.5477	-2.2934	-3.1478	-3.8591	-5.0973	-6.011	-4.0055	-1.9827	-0.42272	0.73955	0.86001	0.77833	0.5926	0.40607	0.27127	0.17941	0.12613	0.10447	0.064318	0.054916	0.03483	0.028586	12.363
942	-0.0055051	-0.072257	-0.20155	-0.35164	-0.50801	-1.0109	-0.91284	-1.2125	-1.5823	-2.2359	-3.2321	-3.8124	-5.3049	-6.2338	-4.3161	-2.1965	-0.51586	0.68105	0.84531	0.78336	0.60368	0.4132	0.28353	0.19016	0.14524	0.097413	0.075379	0.053483	0.029966	0.023094	12.625
941.26	-0.021184	-0.056154	-0.17566	-0.33832	-0.51738	-0.99249	-0.89364	-1.233	-1.6071	-2.443	-3.352	-3.8491	-5.536	-6.5921	-4.6875	-2.4102	-0.61557	0.64845	0.83663	0.80263	0.62272	0.43453	0.30774	0.20171	0.15219	0.10307	0.089587	0.06097	0.043888	0.019166	12.831
939.77	-0.019564	-0.059325	-0.16942	-0.34286	-0.52	-0.99756	-0.92422	-1.2334	-1.6498	-2.3526	-3.4115	-3.999	-5.6989	-6.675	-4.9845	-2.4056	-0.75676	0.62939	0.82703	0.8107	0.63178	0.45205	0.31544	0.20692	0.14025	0.10722	0.092876	0.051373	0.037406	0.017616	13.017
938.38	-0.029523	-0.059414	-0.18273	-0.34578	-0.49466	-0.98766	-0.91713	-1.2205	-1.6704	-2.4247	-3.5522	-4.1826	-5.7968	-6.9507	-5.1413	-2.7068	-0.85177	0.59358	0.81105	0.81104	0.6489	0.45271	0.32152	0.22192	0.15799	0.12175	0.086708	0.058172	0.053041	0.027936	13.203
936.47	-0.026267	-0.060309	-0.1741	-0.34247	-0.51732	-0.99056	-0.92825	-1.2704	-1.6525	-2.4641	-3.36	-4.276	-6.1018	-7.2071	-5.3103	-2.806	-0.94595	0.56674	0.81271	0.83145	0.64942	0.4739	0.32218	0.2281	0.16825	0.1236	0.086094	0.048563	0.02932	0.033545	13.345
934.66	-0.030471	-0.06585	-0.16215	-0.35762	-0.50296	-1.0074	-0.95551	-1.2589	-1.7111	-2.6154	-3.6482	-4.5137	-6.3095	-7.5284	-5.5854	-3.042	-1.0486	0.54325	0.80173	0.81513	0.66936	0.47398	0.32361	0.22608	0.14561	0.1086	0.093384	0.047157	0.021967	0.018507	13.483
933.49	-0.039659	-0.070588	-0.18697	-0.33066	-0.50811	-1.0078	-0.95671	-1.2704	-1.714	-2.6014	-3.6709	-4.4854	-6.3174	-7.6594	-5.6895	-3.2595	-1.1	0.52898	0.80509	0.83581	0.67996	0.48558	0.3345	0.24278	0.16418	0.11436	0.089539	0.056973	0.020347	0.021714	13.563
931.78	-0.018066	-0.05828	-0.17005	-0.34176	-0.52265	-0.98672	-0.9422	-1.2571	-1.7513	-2.6494	-3.6412	-4.5703	-6.419	-7.7545	-5.6911	-3.1713	-1.1546	0.51409	0.78531	0.84334	0.67957	0.48477	0.34157	0.24076	0.16218	0.11779	0.10002	0.065351	0.027816	0.011387	13.619
931.47	-0.048914	-0.044306	-0.17504	-0.33057	-0.49742	-1.0329	-0.92394	-1.292	-1.7551	-2.5206	-3.7701	-4.461	-6.4949	-7.8383	-5.7993	-3.4123	-1.1994	0.49136	0.77376	0.83334	0.68633	0.50192	0.34815	0.2359	0.1561	0.12105	0.080999	0.045814	0.017913	0.016974	13.668
931.57	-0.055578	-0.063737	-0.16597	-0.32407	-0.49283	-1.0178	-0.96255	-1.3149	-1.7604	-2.6327	-3.7696	-4.5713	-6.5269	-7.878	-5.9846	-3.4718	-1.2544	0.46927	0.77368	0.84267	0.69522	0.50865	0.34731	0.23917	0.16222	0.12345	0.086547	0.062357	0.031127	0.0074023	13.701
931.47	-0.04558	-0.069963	-0.16517	-0.32733	-0.482	-0.98266	-0.92936	-1.3184	-1.7122	-2.5552	-3.7427	-4.5804	-6.6832	-7.9033	-5.9233	-3.4123	-1.2307	0.49047	0.77376	0.85562	0.70345	0.49937	0.34249	0.24248	0.16531	0.11702	0.078614	0.053338	0.017085	-0.0029668	13.71
931.36	-0.043084	-0.081638	-0.16766	-0.3403	-0.50837	-0.98189	-0.96122	-1.2971	-1.745	-2.616	-3.7523	-4.5297	-6.6348	-7.9935	-5.9859	-3.4041	-1.2374	0.48436	0.77464	0.83087	0.69211	0.49773	0.33445	0.2384	0.15534	0.11703	0.088156	0.051837	0.022871	0.0089987	13.709
931.68	-0.052236	-0.076944	-0.15938	-0.3216	-0.51273	-0.98596	-0.93379	-1.2876	-1.7515	-2.5892	-3.7054	-4.6049	-6.6571	-7.9988	-5.8865	-3.5143	-1.2411	0.48508	0.77201	0.83058	0.68047	0.49416	0.34403	0.23585	0.16066	0.12906	0.077803	0.048813	0.014603	0.0010221	13.73
932	-0.066383	-0.075364	-0.17001	-0.34007	-0.48898	-1.0164	-0.93889	-1.2732	-1.7723	-2.45	-3.777	-4.6289	-6.6548	-8.1502	-5.8845	-3.573	-1.2661	0.47787	0.77017	0.844	0.69246	0.4889	0.33261	0.23577	0.16752	0.11213	0.075394	0.048796	0.004691	-0.0013701	13.715
931.04	-0.03893	-0.060661	-0.17347	-0.31859	-0.46044	-0.98752	-0.92901	-1.2696	-1.7289	-2.565	-3.7079	-4.5057	-6.6125	-7.9881	-5.9171	-3.3881	-1.2535	0.47836	0.77333	0.8363	0.7103	0.50214	0.35074	0.24918	0.16692	0.11386	0.087392	0.045836	0.015441	-0.0045649	13.694
930.72	-0.044783	-0.052899	-0.17024	-0.29767	-0.47422	-0.98697	-0.91848	-1.2964	-1.743	-2.6178	-3.8552	-4.5158	-6.6968	-8.0639	-5.9723	-3.4836	-1.2432	0.49528	0.77517	0.85802	0.69504	0.50402	0.35733	0.23115	0.15699	0.11309	0.089011	0.066931	-0.0010902	0.016988	13.698
930.61	-0.040617	-0.0817	-0.16038	-0.3155	-0.44885	-1.0259	-0.93331	-1.2562	-1.6859	-2.5662	-3.7279	-4.5675	-6.6483	-7.9755	-5.8046	-3.4497	-1.2334	0.50415	0.79733	0.86669	0.70409	0.50747	0.33957	0.22954	0.15624	0.10988	0.085047	0.042091	0.030332	0.015394	13.692
929.76	-0.023115	-0.063081	-0.17289	-0.28745	-0.45471	-0.97122	-0.88763	-1.2969	-1.744	-2.5425	-3.8592	-4.4777	-6.679	-7.9421	-5.8454	-3.4958	-1.2239	0.48608	0.7807	0.84431	0.68024	0.49008	0.34069	0.21656	0.14792	0.091442	0.054092	0.027055	0.0063567	-0.017356	13.498
931.15	-0.055603	-0.090211	-0.15453	-0.30643	-0.47582	-0.96889	-0.88476	-1.2777	-1.6881	-2.5993	-3.8352	-4.3687	-6.7592	-8.0115	-5.819	-3.4563	-1.1965	0.50651	0.77482	0.8482	0.66699	0.4834	0.3224	0.20143	0.13003	0.082451	0.051627	0.020997	-0.011834	-0.0053619	13.378
930.83	-0.063964	-0.084795	-0.17104	-0.30492	-0.4669	-0.95247	-0.91683	-1.237	-1.6871	-2.6521	-3.7544	-4.5238	-6.5567	-7.7057	-5.7678	-3.3031	-1.1188	0.51727	0.794	0.83049	0.65825	0.46743	0.30149	0.18751	0.12085	0.064766	0.045289	0.0097126	-0.015146	-0.025319	13.113
932.1	-0.029722	-0.074577	-0.15602	-0.28269	-0.45629	-0.94236	-0.89468	-1.2049	-1.6745	-2.5189	-3.394	-4.279	-6.4331	-7.4355	-5.3971	-3.076	-1.0326	0.52184	0.80156	0.80452	0.63942	0.45407	0.28412	0.17739	0.10688	0.05101	0.049988	0.010449	-0.011822	-0.010139	12.904
933.06	-0.042174	-0.062082	-0.12958	-0.27111	-0.44043	-0.96954	-0.8613	-1.2488	-1.6371	-2.5594	-3.4997	-4.2576	-6.0832	-7.2172	-5.4446	-2.9018	-0.93791	0.57849	0.80939	0.80626	0.63714	0.43835	0.27737	0.17638	0.10293	0.060596	0.041215	-7.3818e-005	0.0063342	-0.0077399	12.652
934.13	-0.042956	-0.048056	-0.14502	-0.25227	-0.42364	-0.91747	-0.81862	-1.167	-1.6004	-2.4272	-3.4139	-4.1592	-5.8885	-7.039	-5.1736	-2.8302	-0.83842	0.61825	0.8383	0.81217	0.63316	0.437	0.29075	0.17618	0.10435	0.064537	0.037999	0.01718	0.0079737	-0.00057199	12.408
933.38	-0.053806	-0.053526	-0.15416	-0.29198	-0.43665	-0.91908	-0.84091	-1.1564	-1.5795	-2.2997	-3.3802	-4.0518	-5.7461	-6.7368	-4.9214	-2.593	-0.72993	0.63985	0.84133	0.7923	0.60926	0.41617	0.2555	0.1517	0.092172	0.038092	0.027728	-0.0075812	-0.0043847	-0.010921	12.132
933.7	-0.028008	-0.055058	-0.12621	-0.28544	-0.45008	-0.93196	-0.82672	-1.1347	-1.5607	-2.3938	-3.3063	-4.0845	-5.6053	-6.6617	-4.8049	-2.4725	-0.64435	0.65633	0.82612	0.77665	0.59441	0.38978	0.22881	0.11883	0.07299	0.038882	0.018208	-0.01133	0.0005607	-0.0077346	11.849
934.13	-0.01137	-0.038749	-0.14009	-0.28208	-0.42455	-0.91747	-0.8248	-1.1391	-1.5283	-2.4444	-3.2776	-3.8955	-5.3741	-6.3997	-4.5025	-2.309	-0.54728	0.68767	0.85715	0.77288	0.56894	0.38198	0.22468	0.12123	0.069894	0.014796	0.011073	-0.0075752	-0.015914	0.0057907	11.477
934.23	-0.024667	-0.040297	-0.13844	-0.25868	-0.38832	-0.89189	-0.81312	-1.0832	-1.5115	-2.2027	-3.1136	-3.8781	-5.1939	-6.2209	-4.2019	-2.0269	-0.45537	0.72625	0.86647	0.77023	0.55425	0.35739	0.21256	0.13024	0.049213	0.025223	-0.00080612	-0.0068261	0.00056038	0.002609	11.127
934.45	-0.00056511	-0.030987	-0.11627	-0.27071	-0.39094	-0.88202	-0.78978	-1.0723	-1.4542	-2.185	-3.0129	-3.7497	-4.9315	-5.9444	-3.9891	-1.7617	-0.32819	0.7577	0.87413	0.75724	0.56387	0.34377	0.21413	0.10808	0.057622	0.013186	-0.0087232	-0.018072	-0.006852	-0.0053429	10.774
933.91	-0.0063853	-0.019373	-0.12782	-0.25635	-0.40202	-0.88692	-0.75857	-1.0664	-1.4304	-2.2035	-2.8964	-3.5392	-4.722	-5.6159	-3.8059	-1.5149	-0.21271	0.79154	0.87384	0.74058	0.53573	0.32195	0.19813	0.092549	0.01783	0.0051683	-0.0087282	-0.022583	0.0079787	-0.005346	10.46
933.38	-0.0088848	-0.043438	-0.12707	-0.27505	-0.39773	-0.90325	-0.77832	-1.0842	-1.3924	-2.058	-2.9891	-3.5923	-4.5775	-5.368	-3.4281	-1.4388	-0.1012	0.80518	0.87355	0.71108	0.50024	0.3035	0.17566	0.072082	0.018606	-0.0044634	-0.020623	-0.027851	-0.0093319	-0.0093285	10.018
933.17	-0.0097184	-0.028699	-0.14927	-0.26785	-0.38605	-0.90434	-0.7584	-1.0557	-1.3777	-1.9981	-2.7076	-3.3973	-4.4315	-5.1018	-3.2256	-1.2852	-0.021589	0.82647	0.87532	0.69072	0.47187	0.27476	0.14989	0.058142	-0.0028519	-0.011693	-0.030141	-0.040623	0.0013868	0.0065939	9.6341
931.68	-0.0055661	-0.019417	-0.1306	-0.26262	-0.40118	-0.91459	-0.7511	-1.0072	-1.3354	-1.9062	-2.712	-3.3345	-4.1029	-4.7611	-2.9209	-1.0217	0.086095	0.84101	0.86964	0.6627	0.44981	0.24974	0.13235	0.032744	-0.0051598	-0.022974	-0.030189	-0.041439	0.0055165	0.00022355	9.2354
931.36	0.013606	-0.019424	-0.11008	-0.24493	-0.37773	-0.89728	-0.71728	-0.99196	-1.3216	-1.9933	-2.6856	-3.2077	-3.9733	-4.5598	-2.8865	-0.89352	0.18977	0.84571	0.87308	0.64065	0.42713	0.23709	0.11866	0.022885	-0.023591	-0.031029	-0.024641	-0.045968	-0.010179	0.010593	8.7927
931.78	0.022767	-0.018639	-0.12483	-0.23674	-0.37483	-0.86252	-0.70767	-0.9693	-1.2471	-1.8368	-2.3654	-3.0955	-3.7095	-4.1114	-2.3895	-0.60191	0.30397	0.86999	0.86796	0.62151	0.41472	0.21407	0.098412	0.00067446	-0.032791	-0.036645	-0.050829	-0.034667	0.0030397	0.012981	8.377
932.85	0.029398	-0.013959	-0.095939	-0.251	-0.36444	-0.87121	-0.67439	-0.94767	-1.2306	-1.7311	-2.4082	-2.9812	-3.5336	-3.7988	-2.1835	-0.43012	0.38657	0.88043	0.85596	0.59343	0.38494	0.18077	0.071671	-0.011645	-0.028921	-0.057491	-0.053943	-0.043641	0.0071617	0.016153	7.9038
934.23	0.026032	-0.022466	-0.1122	-0.23854	-0.3838	-0.85411	-0.66876	-0.91756	-1.1829	-1.8923	-2.1956	-2.6622	-3.259	-3.5261	-1.933	-0.35262	0.49752	0.87649	0.84527	0.55753	0.33072	0.16526	0.044977	-0.030489	-0.059501	-0.072649	-0.053072	-0.048076	-0.0060288	0.021696	7.4379
936.15	0.034273	-0.0077197	-0.12915	-0.22438	-0.36315	-0.84008	-0.64582	-0.85594	-1.1259	-1.768	-2.1548	-2.6313	-3.1301	-3.1958	-1.6471	-0.11321	0.56525	0.8747	0.82866	0.51547	0.30814	0.12607	0.027999	-0.04925	-0.070077	-0.083708	-0.07272	-0.060703	0.0063133	0.02086	6.9447
938.6	0.025083	-0.033165	-0.099432	-0.23743	-0.3478	-0.83527	-0.63568	-0.85045	-1.071	-1.6432	-1.923	-2.4298	-2.9431	-2.9217	-1.4935	-0.12991	0.62336	0.8593	0.79368	0.48777	0.25232	0.076041	-0.0033519	-0.078505	-0.087421	-0.10026	-0.093023	-0.070997	0.0030176	0.018429	6.4588
939.66	0.029185	-0.0069205	-0.10666	-0.21153	-0.32583	-0.83257	-0.60733	-0.8128	-1.0446	-1.65	-1.8666	-2.2157	-2.6801	-2.6448	-1.1758	0.24393	0.68951	0.8461	0.75531	0.42946	0.2181	0.055757	-0.020971	-0.080046	-0.099501	-0.10652	-0.092131	-0.06868	0.0013772	0.022363	5.9485
939.87	0.023397	-0.0084607	-0.10663	-0.23791	-0.35632	-0.81055	-0.59798	-0.77593	-0.99554	-1.5296	-1.5951	-2.1222	-2.3386	-2.1857	-1.1053	0.33727	0.74478	0.82931	0.74343	0.39456	0.18735	0.049855	-0.052202	-0.10937	-0.11698	-0.136	-0.091323	-0.064936	-0.0018995	0.015242	5.4259
939.66	0.049844	-0.011544	-0.10829	-0.19711	-0.31324	-0.79239	-0.56511	-0.75735	-0.95561	-1.3928	-1.6226	-1.9283	-2.2012	-1.9207	-0.78082	0.36283	0.79305	0.81902	0.68973	0.35642	0.14617	-0.000622	-0.071438	-0.12733	-0.12614	-0.13923	-0.10473	-0.078372	-0.01009	0.011291	4.9273
939.77	0.039099	-0.013856	-0.10012	-0.2091	-0.3168	-0.79842	-0.54049	-0.70183	-0.91457	-1.2898	-1.4688	-1.8351	-1.8763	-1.6791	-0.53499	0.52412	0.84187	0.79621	0.64751	0.30459	0.10899	-0.02334	-0.10427	-0.13466	-0.14211	-0.14958	-0.11652	-0.080602	0.015298	0.019197	4.4179
939.98	0.020916	1.7062e-005	-0.10581	-0.20505	-0.26189	-0.793	-0.51275	-0.67152	-0.84588	-1.1952	-1.3872	-1.6065	-1.6405	-1.4294	-0.26287	0.72775	0.86613	0.7611	0.60678	0.25358	0.062108	-0.072125	-0.12987	-0.16152	-0.14588	-0.16389	-0.11807	-0.075364	-0.0018993	0.027888	3.9342
941.36	0.032433	-0.014602	-0.098326	-0.20155	-0.28485	-0.7709	-0.50203	-0.64856	-0.81163	-1.0908	-1.2859	-1.6632	-1.5976	-1.2586	-0.096026	0.72669	0.86161	0.71464	0.54356	0.20743	0.023297	-0.1115	-0.15927	-0.18489	-0.18138	-0.16525	-0.13833	-0.090886	0.0079124	0.025479	3.432
941.79	0.045609	0.017704	-0.091775	-0.19347	-0.26049	-0.76881	-0.47807	-0.61166	-0.75471	-1.0133	-1.078	-1.3841	-1.3944	-0.99316	0.0091147	0.76874	0.86284	0.66203	0.48879	0.16751	-0.031543	-0.13831	-0.18477	-0.20595	-0.18358	-0.17233	-0.14141	-0.091589	-0.0018956	0.00022266	2.8766
943.6	0.027418	0.0053899	-0.09241	-0.1899	-0.27253	-0.74733	-0.45346	-0.58613	-0.6976	-0.90894	-1.0939	-1.1626	-1.1169	-0.72686	0.2451	0.83492	0.85632	0.61204	0.42022	0.10122	-0.064476	-0.18246	-0.20675	-0.22342	-0.19763	-0.17915	-0.14349	-0.10627	-0.0002587	0.019119	2.3831
944.13	0.038917	0.013058	-0.091547	-0.16668	-0.24463	-0.75039	-0.43563	-0.55091	-0.67291	-0.70368	-0.99436	-0.98523	-0.84162	-0.55829	0.40221	0.87671	0.82987	0.53867	0.3252	0.022553	-0.11994	-0.23344	-0.24172	-0.24926	-0.2157	-0.19175	-0.15987	-0.092847	-0.0059656	0.015174	1.847
945.83	0.039667	-0.016065	-0.095433	-0.16001	-0.24062	-0.73255	-0.39977	-0.49646	-0.65215	-0.77905	-0.83097	-0.90787	-0.71915	-0.2935	0.51482	0.92576	0.79759	0.4648	0.25405	-0.027269	-0.15665	-0.25225	-0.27152	-0.25853	-0.24178	-0.21835	-0.18304	-0.11639	0.011944	0.023001	1.3988
945.73	0.037208	0.019162	-0.099494	-0.14889	-0.23707	-0.7361	-0.37846	-0.47383	-0.56539	-0.64288	-0.74128	-0.69798	-0.54987	-0.18162	0.54978	0.90055	0.76366	0.37979	0.15945	-0.09731	-0.21207	-0.28823	-0.30578	-0.29663	-0.24634	-0.22788	-0.17915	-0.11195	-0.0035142	0.026932	0.84109
946.04	0.04048	-0.0061086	-0.093792	-0.15202	-0.2227	-0.71676	-0.35394	-0.46476	-0.55503	-0.70226	-0.77693	-0.74813	-0.45293	0.042206	0.62804	0.85806	0.70429	0.27728	0.075659	-0.16223	-0.2722	-0.33828	-0.32079	-0.30706	-0.25079	-0.2381	-0.19864	-0.10081	0.0029939	0.033206	0.40477
946.79	0.05193	0.0099619	-0.077534	-0.12884	-0.19397	-0.69366	-0.32242	-0.44498	-0.50459	-0.57408	-0.58798	-0.57136	-0.30757	0.13799	0.68854	0.77309	0.61715	0.1921	-0.018918	-0.23459	-0.33214	-0.37476	-0.35155	-0.33919	-0.26948	-0.24187	-0.1938	-0.11627	0.00055295	0.039459	-0.10164
947.64	0.034675	-0.0007484	-0.074231	-0.13985	-0.19201	-0.69477	-0.30996	-0.42679	-0.46198	-0.48858	-0.3276	-0.35289	-0.025589	0.31338	0.66181	0.73873	0.55354	0.088854	-0.11566	-0.3127	-0.38232	-0.41114	-0.39413	-0.35343	-0.2783	-0.27329	-0.21861	-0.10877	-0.029492	0.020607	-0.55041
948.7	0.036275	0.012995	-0.0798	-0.13572	-0.19714	-0.68361	-0.27692	-0.40855	-0.41467	-0.48802	-0.48832	-0.43623	-0.017525	0.36881	0.7567	0.74629	0.44956	-0.019396	-0.21681	-0.3788	-0.42272	-0.45235	-0.41511	-0.36031	-0.30513	-0.26508	-0.19419	-0.12342	-0.013236	0.025282	-1.0191
950.51	0.04029	-0.0045554	-0.067559	-0.099037	-0.15498	-0.66935	-0.29385	-0.35619	-0.37808	-0.521	-0.29086	-0.16797	0.1109	0.50334	0.86806	0.82046	0.34634	-0.11867	-0.30206	-0.43013	-0.46905	-0.48394	-0.43411	-0.38783	-0.30906	-0.263	-0.17981	-0.11655	-0.011593	0.038521	-1.4438
952	0.045936	0.0083837	-0.061819	-0.11944	-0.15474	-0.65279	-0.26763	-0.31942	-0.33164	-0.30019	-0.14769	-0.11764	0.16683	0.51843	0.97933	0.67667	0.23233	-0.21764	-0.41023	-0.4982	-0.51458	-0.51723	-0.4619	-0.40171	-0.32661	-0.29093	-0.21527	-0.12446	-0.016425	0.032218	-1.8594
952.96	0.034481	0.009896	-0.05211	-0.11221	-0.14128	-0.6306	-0.25752	-0.2998	-0.30646	-0.29144	-0.28119	-0.11752	0.19866	0.74797	0.83122	0.57547	0.12437	-0.33026	-0.5068	-0.57558	-0.57383	-0.55488	-0.48829	-0.43427	-0.33754	-0.31188	-0.22903	-0.13831	0.0045878	0.023609	-2.2797
954.13	0.030372	0.018234	-0.040805	-0.087617	-0.15351	-0.62896	-0.22697	-0.26491	-0.26034	-0.30796	-0.24527	0.049117	0.39826	0.89762	0.7351	0.38242	-0.010679	-0.43481	-0.59382	-0.63008	-0.62963	-0.58818	-0.52162	-0.45541	-0.31314	-0.30285	-0.22177	-0.13961	-0.0067091	0.022801	-2.6971
955.4	0.046586	0.0015321	-0.050374	-0.095378	-0.13385	-0.62125	-0.21836	-0.24771	-0.2267	-0.23168	-0.022734	0.082322	0.34984	0.87268	0.81184	0.34848	-0.15259	-0.56482	-0.69897	-0.70692	-0.67171	-0.62795	-0.54928	-0.48929	-0.34791	-0.3252	-0.22922	-0.12842	-0.018783	0.028214	-3.0948
956.04	0.053864	0.01138	-0.0263	-0.08508	-0.11785	-0.6217	-0.20162	-0.2171	-0.19946	-0.15571	0.057207	0.20689	0.46129	0.83256	0.82854	0.18966	-0.30715	-0.70525	-0.84582	-0.78073	-0.73321	-0.66061	-0.57411	-0.49697	-0.36189	-0.32263	-0.23758	-0.13273	-0.023599	0.00021786	-3.485
957.11	0.044879	-0.0037691	-0.033475	-0.07712	-0.11419	-0.615	-0.18632	-0.18244	-0.16987	-0.13027	0.1636	0.24817	0.62017	0.91852	0.68112	0.16443	-0.4629	-0.81081	-0.93071	-0.85908	-0.77524	-0.68631	-0.56089	-0.4668	-0.37942	-0.32932	-0.22031	-0.13698	0.0021557	0.011863	-3.8036
958.91	0.044796	0.014367	-0.023025	-0.064415	-0.10957	-0.59929	-0.17168	-0.1773	-0.15257	-0.10482	0.11901	0.198	0.60308	0.84583	0.68843	0.039296	-0.60583	-0.91799	-1.033	-0.89408	-0.82208	-0.7345	-0.60301	-0.49229	-0.36901	-0.34276	-0.24227	-0.1338	-0.013095	0.025787	-4.1725
960.61	0.030166	0.0052944	-0.045315	-0.081539	-0.10409	-0.59481	-0.16162	-0.15226	-0.12458	-0.12979	0.21604	0.30515	0.64964	0.77349	0.5155	-0.077078	-0.73476	-1.0232	-1.1228	-0.96643	-0.8649	-0.7727	-0.60742	-0.51056	-0.38548	-0.34762	-0.24492	-0.15471	-0.0058632	0.022647	-4.4775
962.74	0.038166	0.0097954	-0.044418	-0.079013	-0.10386	-0.58923	-0.14778	-0.13362	-0.10279	-0.020734	0.11853	0.32097	0.75914	0.83463	0.5829	-0.27587	-0.89467	-1.1394	-1.2376	-1.0165	-0.90873	-0.80303	-0.63814	-0.53251	-0.4032	-0.35931	-0.26513	-0.14855	-0.014642	0.017967	-4.8116
963.8	0.047791	0.015796	-0.026088	-0.058621	-0.08709	-0.57496	-0.12292	-0.11519	-0.068899	0.037774	0.13605	0.3371	0.71081	0.78663	0.46246	-0.41631	-1.0527	-1.2796	-1.339	-1.0916	-0.91088	-0.82266	-0.64603	-0.53828	-0.40573	-0.33869	-0.26483	-0.1433	-0.0026488	0.02874	-5.1029
963.7	0.037321	0.017303	-0.03563	-0.063313	-0.077457	-0.57673	-0.10796	-0.116	-0.055087	0.096287	0.23297	0.52672	0.75046	0.88086	0.59943	-0.43292	-1.1784	-1.3793	-1.4221	-1.1364	-0.9559	-0.8408	-0.66953	-0.53118	-0.41765	-0.35817	-0.24874	-0.15131	-0.0098379	0.031056	-5.3318
962.85	0.034129	0.026344	-0.027704	-0.051644	-0.081034	-0.55251	-0.09982	-0.088255	-0.032854	0.062911	0.26846	0.60968	0.79074	0.76385	0.55714	-0.67366	-1.2996	-1.4607	-1.5072	-1.1838	-0.98277	-0.84236	-0.68576	-0.55314	-0.42916	-0.3616	-0.27662	-0.14126	-0.0010538	0.021052	-5.55
962.21	0.032538	0.0060365	-0.030909	-0.056371	-0.073185	-0.56397	-0.09389	-0.071594	-0.021344	0.012721	0.39219	0.45324	0.75162	0.89006	0.31749	-0.66582	-1.4318	-1.5606	-1.576	-1.207	-1.0308	-0.86921	-0.69012	-0.56226	-0.42647	-0.36028	-0.24759	-0.13917	-0.021849	0.036509	-5.7622
961.57	0.037404	0.018092	-0.034912	-0.053277	-0.067084	-0.55324	-0.0857	-0.0573	0.012495	0.13839	0.40129	0.49484	0.79179	0.76486	0.29198	-0.86544	-1.5714	-1.6726	-1.6564	-1.2626	-1.0694	-0.89693	-0.71015	-0.57697	-0.4275	-0.37845	-0.25776	-0.14436	-0.0026549	0.04117	-5.9743
962	0.038196	0.025613	-0.028526	-0.043863	-0.074081	-0.54191	-0.06992	-0.0517	0.015565	0.17182	0.33049	0.60197	0.61701	0.59949	0.35187	-0.94802	-1.7005	-1.7504	-1.7441	-1.3043	-1.0642	-0.93352	-0.73253	-0.6038	-0.43102	-0.3588	-0.25995	-0.14429	-0.0098553	0.028794	-6.1453
961.78	0.030937	0.0075458	-0.034905	-0.050134	-0.071461	-0.55227	-0.064684	-0.04534	0.031724	0.14673	0.38352	0.61036	0.77576	0.7254	0.11182	-1.164	-1.7877	-1.8438	-1.8032	-1.3594	-1.1054	-0.93455	-0.73112	-0.60154	-0.43335	-0.38616	-0.25693	-0.13996	-0.027459	0.030344	-6.2766
962.42	0.033338	0.0052845	-0.042842	-0.039936	-0.067901	-0.55958	-0.072136	-0.039738	0.036314	0.14663	0.38327	0.57696	0.82277	0.7092	0.18888	-1.1549	-1.9433	-1.9159	-1.8729	-1.3999	-1.126	-0.96679	-0.75411	-0.60831	-0.43158	-0.38434	-0.26444	-0.1435	-0.0082511	0.019518	-6.3758
963.06	0.033315	0.010544	-0.038837	-0.051631	-0.053818	-0.54046	-0.061603	-0.018232	0.060873	0.18837	0.41829	0.70854	0.90935	0.68518	0.19732	-1.295	-1.993	-1.9752	-1.9159	-1.4131	-1.1324	-0.96697	-0.74891	-0.6087	-0.43798	-0.36541	-0.27272	-0.12886	-0.011442	0.028762	-6.3972
963.38	0.04217	0.003775	-0.030076	-0.029738	-0.058187	-0.5471	-0.059337	-0.024588	0.062388	0.23847	0.54155	0.65058	0.90116	0.7242	0.026023	-1.3774	-2.0647	-2.0112	-1.9556	-1.4358	-1.1485	-0.96829	-0.76586	-0.59975	-0.44822	-0.37307	-0.27033	-0.14918	-0.0098412	0.018726	-6.4552
962.74	0.033326	1.6658e-005	-0.028504	-0.055558	-0.085432	-0.5466	-0.072112	-0.030174	0.072419	0.13822	0.45371	0.55201	0.77499	0.66971	0.034603	-1.4944	-2.1615	-2.0773	-1.9934	-1.45	-1.1816	-0.98126	-0.76324	-0.61208	-0.42995	-0.37488	-0.25898	-0.14418	0.0029419	0.041892	-6.4857
962.85	0.037354	0.0060325	-0.03964	-0.057899	-0.068749	-0.54399	-0.072854	-0.023011	0.061653	0.16331	0.44485	0.6757	0.72735	0.55186	0.026038	-1.4445	-2.1979	-2.1086	-2.045	-1.4913	-1.1933	-0.99182	-0.77957	-0.60645	-0.43956	-0.36939	-0.28123	-0.15436	-0.004252	0.027996	-6.4888
961.68	0.03417	0.003029	-0.020569	-0.057967	-0.060046	-0.54721	-0.067693	-0.021445	0.066345	0.11325	0.53369	0.56913	0.81549	0.66257	-0.11114	-1.5624	-2.2157	-2.1282	-2.0437	-1.4815	-1.2066	-1.0004	-0.78365	-0.62471	-0.45199	-0.36594	-0.28465	-0.12613	-0.0066565	0.032666	-6.4583
961.68	0.042245	0.014325	-0.038095	-0.044662	-0.05653	-0.53782	-0.060193	-0.0063096	0.077884	0.24727	0.49835	0.5774	0.72824	0.52894	-0.016805	-1.6122	-2.2667	-2.1521	-2.0567	-1.4998	-1.2106	-1.0013	-0.77504	-0.62152	-0.44009	-0.37763	-0.25619	-0.13924	-0.013859	0.020304	-6.4735
962.21	0.013978	0.014317	-0.025334	-0.046984	-0.044206	-0.53582	-0.057911	-0.011879	0.080916	0.15505	0.50692	0.55232	0.89431	0.63865	0.051772	-1.5118	-2.271	-2.1714	-2.0807	-1.5031	-1.2012	-1.0081	-0.77852	-0.61561	-0.44803	-0.37664	-0.26527	-0.15446	0.010142	0.024156	-6.443
962.31	0.023658	0.0097998	-0.026924	-0.057928	-0.054738	-0.55196	-0.048911	-0.0078967	0.056307	0.21363	0.55097	0.69257	0.79911	0.56787	-0.02536	-1.437	-2.2954	-2.1678	-2.0843	-1.498	-1.2153	-1.0146	-0.78548	-0.61952	-0.44203	-0.37271	-0.26063	-0.13551	0.0069424	0.022607	-6.4323
961.89	0.023668	-0.019561	-0.030919	-0.061867	-0.072331	-0.55477	-0.067678	-0.011086	0.070175	0.22207	0.53357	0.62681	0.95012	0.52882	-0.17971	-1.5455	-2.3084	-2.1892	-2.0852	-1.521	-1.1985	-1.0084	-0.77096	-0.61501	-0.44446	-0.35807	-0.2469	-0.12537	0.0077466	0.030341	-6.4491
962.95	0.024448	-0.0014896	-0.047592	-0.07118	-0.059967	-0.55842	-0.069849	-0.032555	0.069329	0.17165	0.47124	0.59313	0.94115	0.59889	-0.033903	-1.6349	-2.286	-2.1749	-2.0722	-1.5028	-1.205	-1.0081	-0.78574	-0.60479	-0.42837	-0.37012	-0.2812	-0.12887	0.0013424	0.015648	-6.3987
962.53	0.028492	0.0022742	-0.034082	-0.060262	-0.067014	-0.54843	-0.072129	-0.022223	0.071665	0.23869	0.49791	0.63465	0.75137	0.54417	-0.16246	-1.5279	-2.2846	-2.1733	-2.0838	-1.4877	-1.1906	-1.0061	-0.76184	-0.60187	-0.42558	-0.34926	-0.23367	-0.10272	0.011737	0.042672	-6.2781
962.74	0.029293	0.018824	-0.033278	-0.058686	-0.070511	-0.55343	-0.060126	-0.032562	0.045524	0.19681	0.41843	0.62626	0.93342	0.61472	0.0089164	-1.4363	-2.23	-2.1148	-2.0369	-1.489	-1.1651	-0.99111	-0.74369	-0.56672	-0.43292	-0.34996	-0.23516	-0.12599	0.0085371	0.021827	-6.0873
964.02	0.034892	-0.0090012	-0.034028	-0.067198	-0.085319	-0.5544	-0.089224	-0.049208	0.045463	0.25502	0.47072	0.6172	0.78186	0.73154	-0.025315	-1.4262	-2.1452	-2.0626	-1.9878	-1.4539	-1.1596	-0.95617	-0.74661	-0.57313	-0.41454	-0.33784	-0.23792	-0.11201	0.015712	0.033357	-5.8888
964.65	0.03809	0.0052722	-0.053861	-0.079639	-0.09227	-0.55318	-0.098885	-0.056323	0.037764	0.12124	0.35599	0.7156	0.82878	0.7546	0.14569	-1.268	-2.0437	-1.9974	-1.934	-1.4	-1.1289	-0.93669	-0.74222	-0.57593	-0.39425	-0.3314	-0.23086	-0.1192	-0.0074348	0.037185	-5.6172
965.5	0.030818	0.006767	-0.058575	-0.071771	-0.10357	-0.55354	-0.08834	-0.071349	0.028535	0.046062	0.40843	0.64093	0.67007	0.73825	0.094316	-1.2091	-1.957	-1.9311	-1.8875	-1.3831	-1.1161	-0.92931	-0.72285	-0.55796	-0.40501	-0.32257	-0.23525	-0.12708	0.022062	0.038694	-5.3776
966.14	0.030798	-0.01048	-0.058536	-0.088864	-0.10087	-0.57272	-0.10396	-0.07606	0.016265	0.021018	0.49605	0.51717	0.78014	0.73777	0.21377	-1.167	-1.8478	-1.8559	-1.8141	-1.3566	-1.0816	-0.91151	-0.69822	-0.55759	-0.38772	-0.32469	-0.22437	-0.11684	0.022048	0.02098	-5.1472
964.87	0.042909	0.0097738	-0.05782	-0.085861	-0.10626	-0.56667	-0.12353	-0.10713	-0.011317	0.14626	0.29429	0.45199	0.797	0.7074	0.22259	-1.0031	-1.7566	-1.7809	-1.7564	-1.3029	-1.0736	-0.90042	-0.69992	-0.54721	-0.37785	-0.33987	-0.20857	-0.11699	0.025268	0.03487	-4.8833
964.44	0.025217	-0.015755	-0.075321	-0.10853	-0.11419	-0.58819	-0.12583	-0.1032	-0.028964	0.10458	0.33845	0.54279	0.74198	0.73125	0.2398	-0.84633	-1.6207	-1.6957	-1.6865	-1.2654	-1.0307	-0.88442	-0.66901	-0.54269	-0.39211	-0.32837	-0.21633	-0.11559	0.014107	0.039508	-4.534
963.06	0.031702	-0.018034	-0.069064	-0.11182	-0.13103	-0.60268	-0.14997	-0.12244	-0.056659	-0.054197	0.37422	0.52706	0.7668	0.88928	0.41143	-0.8061	-1.4799	-1.5959	-1.6127	-1.2142	-1.0031	-0.84382	-0.66841	-0.51324	-0.37485	-0.30316	-0.21511	-0.099752	0.0037396	0.031077	-4.2183
959.76	0.014013	-0.022623	-0.089258	-0.11691	-0.14116	-0.60047	-0.16928	-0.1524	-0.062253	-0.020815	0.29589	0.36336	0.69792	0.90811	0.36128	-0.62593	-1.3508	-1.4885	-1.5128	-1.1677	-0.96456	-0.82776	-0.65267	-0.49265	-0.37539	-0.30654	-0.2143	-0.11543	-0.0010572	0.030408	-3.8051
958.38	0.034288	-0.012832	-0.082991	-0.13671	-0.14577	-0.61504	-0.17178	-0.1726	-0.11174	0.0043715	0.37604	0.39701	0.77054	0.75164	0.59414	-0.48529	-1.2153	-1.3742	-1.4254	-1.1061	-0.93347	-0.76955	-0.62533	-0.50535	-0.34608	-0.28196	-0.19917	-0.10536	0.0021528	0.045958	-3.4209
959.34	0.015637	-0.033204	-0.084506	-0.14756	-0.17117	-0.63325	-0.20469	-0.19	-0.12783	-0.13837	0.37567	0.33867	0.65051	0.90851	0.44741	-0.34339	-1.0544	-1.265	-1.3131	-1.0409	-0.91275	-0.7589	-0.60039	-0.46332	-0.33157	-0.2934	-0.18972	-0.092835	0.014986	0.038942	-3.0476
959.44	0.033441	-0.012816	-0.10047	-0.13734	-0.17732	-0.65115	-0.21819	-0.21154	-0.16097	-0.10476	0.09242	0.38003	0.64249	0.87689	0.58491	-0.23522	-0.90733	-1.1314	-1.2182	-0.9909	-0.86278	-0.72914	-0.58384	-0.44331	-0.32109	-0.26602	-0.19201	-0.0826	0.015787	0.03739	-2.6743
959.44	0.015637	-0.020365	-0.10047	-0.16088	-0.17996	-0.63318	-0.22797	-0.2307	-0.17331	-0.096371	0.021606	0.35519	0.53916	0.81384	0.60209	-0.15204	-0.73006	-1.027	-1.1028	-0.93683	-0.79709	-0.70442	-0.5556	-0.42255	-0.29575	-0.25977	-0.17274	-0.085521	0.011774	0.035839	-2.1823
