12862	4	3	91	25.5	760	1	20	10	4.077	128	4096	10	0	0	0	0	521.92	977.89	1.4627e+006	0.11743	0.17318	40.678	0	0	1	0	0	0	11	0	0
727.29	0.01956	0.010257	-0.087788	-0.26448	-0.41881	-0.55596	-0.78192	-1.0551	-1.3451	-2.0245	-2.6256	-3.3413	-3.9556	-4.0965	-2.4679	-0.55763	0.47602	1.0492	1.0541	0.81139	0.59113	0.42516	0.29191	0.23387	0.20171	0.15985	0.14607	0.11689	0.085453	0.068511	11.452
710.08	0.0080041	-0.016014	-0.11797	-0.31011	-0.45157	-0.60527	-0.80392	-1.1119	-1.4183	-2.2438	-2.7849	-3.5565	-4.3092	-4.6324	-2.7483	-0.75097	0.37967	1.0607	1.1024	0.85241	0.5969	0.43881	0.31806	0.2622	0.21868	0.18272	0.14753	0.10591	0.075601	0.068075	11.772
695.33	0.0048257	-0.0080198	-0.13479	-0.33834	-0.49761	-0.64525	-0.87075	-1.1642	-1.4824	-2.1755	-3.0637	-3.8604	-4.4884	-5.122	-3.0913	-1.1456	0.25771	1.0549	1.1026	0.87967	0.66526	0.47882	0.34538	0.26225	0.21303	0.19738	0.16875	0.13738	0.08606	0.059904	12.113
682.51	0.025392	-0.009231	-0.16202	-0.32484	-0.50943	-0.65737	-0.92304	-1.259	-1.5656	-2.5232	-3.1586	-4.026	-4.9638	-5.5173	-3.6207	-1.1321	0.14245	1.0639	1.119	0.92075	0.69889	0.50982	0.36731	0.29748	0.23276	0.19998	0.1795	0.14406	0.10459	0.065385	12.456
673.67	0.0038267	-0.013654	-0.16414	-0.34363	-0.53116	-0.6928	-0.93729	-1.2732	-1.6575	-2.6281	-3.4269	-4.2204	-5.1874	-6.061	-3.8273	-1.5023	0.01126	1.034	1.1359	0.95888	0.74075	0.53412	0.38776	0.29001	0.25598	0.21596	0.18515	0.14803	0.083116	0.065138	12.828
667.64	0.00037196	-0.032218	-0.15415	-0.36365	-0.56001	-0.69415	-0.97925	-1.3031	-1.729	-2.6398	-3.5088	-4.1752	-5.4971	-6.3763	-4.4549	-1.9103	-0.14929	1.0015	1.1253	0.96038	0.76564	0.58514	0.4048	0.32476	0.27329	0.22465	0.1968	0.15882	0.10231	0.056825	13.161
663.11	-0.0066495	-0.023701	-0.1656	-0.39338	-0.57785	-0.73479	-0.98594	-1.3525	-1.7999	-2.6943	-3.7633	-4.3475	-5.9142	-6.8531	-4.6594	-2.2724	-0.30397	0.97494	1.1407	1.0223	0.80866	0.59509	0.42914	0.33507	0.273	0.24765	0.21823	0.17575	0.13202	0.084102	13.583
660.84	-0.0019728	-0.0040526	-0.15806	-0.36511	-0.57472	-0.71371	-1.0362	-1.3896	-1.833	-2.7644	-3.7762	-4.5668	-6.0845	-7.3914	-5.1122	-2.4493	-0.47427	0.94474	1.1368	1.0427	0.87693	0.64021	0.47731	0.38839	0.3129	0.27005	0.24808	0.17742	0.10918	0.082143	13.948
662.35	-0.00314	-0.011698	-0.18546	-0.37564	-0.56576	-0.73315	-1.06	-1.4535	-1.8913	-2.7703	-3.9983	-4.7123	-6.3355	-7.6713	-5.3496	-2.7328	-0.64206	0.90293	1.1387	1.0765	0.89442	0.67815	0.49554	0.42452	0.33919	0.29772	0.26538	0.18653	0.13333	0.090929	14.336
668.28	0.0015351	-0.013762	-0.18381	-0.40159	-0.58982	-0.71804	-1.069	-1.4624	-1.9089	-2.9024	-3.9882	-4.8606	-6.6787	-7.9426	-5.9069	-3.0071	-0.82895	0.82245	1.0978	1.0848	0.90239	0.69816	0.52493	0.43106	0.35865	0.30069	0.26857	0.20166	0.13215	0.092347	14.763
678.53	0.000366	-0.026365	-0.16862	-0.39553	-0.59461	-0.72535	-1.0805	-1.4854	-1.9389	-2.9535	-4.0907	-5.0565	-7.0051	-8.5136	-6.2067	-3.4557	-1.0535	0.76165	1.0467	1.0873	0.92906	0.72491	0.54807	0.4494	0.3817	0.32266	0.26887	0.20687	0.13469	0.098616	15.15
692.85	0.0048429	-0.040454	-0.18946	-0.38626	-0.57256	-0.72576	-1.0706	-1.479	-1.9618	-2.9971	-4.2145	-5.101	-7.2345	-8.6649	-6.4712	-3.6376	-1.243	0.66771	1.0081	1.0844	0.90766	0.73845	0.56063	0.47881	0.39445	0.33546	0.29001	0.23799	0.13968	0.099796	15.599
711.26	0.0014423	-0.013948	-0.15547	-0.38368	-0.591	-0.72774	-1.0733	-1.4849	-1.9464	-3.112	-4.368	-4.9131	-7.6692	-8.9933	-6.7675	-4.0147	-1.3907	0.58811	0.95621	1.1001	0.94716	0.7438	0.60222	0.47395	0.4124	0.35733	0.2929	0.2407	0.15662	0.11602	16.027
733.42	0.0024569	-0.035252	-0.18211	-0.37619	-0.57085	-0.70576	-1.0606	-1.4589	-1.9421	-2.9741	-4.2593	-4.9922	-7.5416	-9.1443	-6.9454	-4.4484	-1.5973	0.49536	0.89932	1.0407	0.91648	0.74828	0.58813	0.49724	0.41165	0.35369	0.30725	0.24298	0.1414	0.093262	16.423
759.62	-0.02727	-0.037851	-0.18087	-0.35628	-0.56227	-0.68465	-1.0392	-1.46	-1.9296	-2.9563	-4.2576	-5.1755	-7.8537	-9.3364	-7.2812	-4.6941	-1.7953	0.38642	0.80649	1.0363	0.89785	0.74745	0.58865	0.48916	0.42851	0.36023	0.321	0.25028	0.14057	0.11646	16.917
788.48	-0.01741	-0.035548	-0.13636	-0.34324	-0.52884	-0.68042	-1.0359	-1.4007	-1.8975	-2.7766	-4.231	-5.2279	-7.9242	-9.6563	-7.5482	-4.7754	-1.99	0.28275	0.72767	0.98323	0.89388	0.74416	0.5862	0.50915	0.40013	0.37461	0.32051	0.2349	0.16373	0.11031	17.355
817.08	-0.034856	-0.051143	-0.16346	-0.35518	-0.49171	-0.6576	-0.97315	-1.3929	-1.9026	-2.6991	-4.2596	-5.3365	-8.1042	-9.9197	-7.6979	-5.2724	-2.1669	0.18344	0.66539	0.96737	0.88211	0.73457	0.59792	0.50727	0.42814	0.36976	0.3274	0.25498	0.15235	0.095536	17.763
843.61	-0.03192	-0.061555	-0.15378	-0.33776	-0.5103	-0.62135	-0.97162	-1.4054	-1.8419	-2.8052	-4.2364	-5.2534	-8.3466	-9.9125	-7.9055	-5.3525	-2.3376	0.10178	0.60273	0.9483	0.87777	0.74333	0.61213	0.50857	0.42231	0.37945	0.32851	0.24031	0.14391	0.083722	18.267
865.84	-0.044551	-0.059975	-0.16399	-0.32387	-0.49428	-0.631	-0.98833	-1.4083	-1.8493	-2.7518	-4.3238	-5.2837	-8.4319	-10.13	-8.1312	-5.5469	-2.5307	-0.012702	0.53473	0.90829	0.8833	0.73247	0.60685	0.51587	0.43956	0.37923	0.33118	0.25114	0.15443	0.10131	18.776
882.49	-0.058668	-0.069513	-0.14961	-0.3135	-0.50123	-0.60607	-0.93944	-1.3704	-1.8974	-2.8642	-4.3384	-5.5081	-8.7049	-10.512	-8.5946	-5.9125	-2.7694	-0.13803	0.45732	0.88663	0.86492	0.74463	0.6082	0.52002	0.44504	0.3967	0.33583	0.26387	0.15152	0.096873	19.201
895.82	-0.058661	-0.084648	-0.17475	-0.33152	-0.50697	-0.6337	-0.98906	-1.362	-1.922	-2.9025	-4.397	-5.6566	-8.9925	-10.719	-8.881	-6.3857	-3.0266	-0.25784	0.38828	0.87521	0.8673	0.75561	0.61847	0.53024	0.44161	0.38662	0.34157	0.27089	0.12607	0.080504	19.695
904.25	-0.082158	-0.097476	-0.16635	-0.33009	-0.48263	-0.6042	-0.94315	-1.4052	-1.8984	-2.9556	-4.3373	-5.5688	-9.2714	-11.146	-9.2725	-6.6174	-3.2738	-0.36346	0.33437	0.87235	0.86846	0.75732	0.63186	0.53801	0.45332	0.38882	0.34984	0.25597	0.13596	0.090436	20.207
908.09	-0.095492	-0.082707	-0.16564	-0.32207	-0.50292	-0.62424	-0.93758	-1.4263	-1.9246	-2.9343	-4.4686	-5.7465	-9.3666	-11.64	-9.6693	-7.1607	-3.5375	-0.4722	0.25784	0.86427	0.88653	0.78024	0.64825	0.56949	0.47424	0.42018	0.3614	0.27186	0.14894	0.085143	20.7
907.55	-0.07587	-0.10989	-0.18178	-0.33221	-0.47063	-0.62551	-0.96197	-1.4153	-1.9656	-2.9804	-4.6303	-6.0387	-9.389	-12.188	-10.238	-7.6837	-3.8519	-0.59911	0.18363	0.85599	0.88872	0.79377	0.67185	0.57826	0.4958	0.4353	0.37139	0.28592	0.14818	0.089287	21.225
900.94	-0.10659	-0.13722	-0.19927	-0.33966	-0.50128	-0.64195	-1.0491	-1.4419	-2.0318	-3.1453	-4.7679	-6.3827	-9.5171	-12.705	-10.845	-8.0501	-4.1872	-0.7347	0.13694	0.85252	0.90283	0.80924	0.68597	0.60036	0.50976	0.44847	0.38315	0.28802	0.14756	0.083343	21.68
891.03	-0.13915	-0.15907	-0.2247	-0.36709	-0.53625	-0.65923	-1.0567	-1.5172	-2.1233	-3.1893	-4.8496	-6.3468	-9.6915	-13.432	-11.456	-8.8473	-4.5553	-0.88474	0.028156	0.84231	0.9001	0.8289	0.70037	0.60532	0.50901	0.4501	0.38741	0.27628	0.13452	0.056753	22.197
879.82	-0.15769	-0.17592	-0.25107	-0.35551	-0.55461	-0.68068	-1.0849	-1.5932	-2.1722	-3.2391	-5.1816	-6.5992	-10.222	-14.128	-12.277	-9.5313	-4.9617	-1.0723	-0.069864	0.83671	0.9081	0.83406	0.71356	0.61738	0.52443	0.46009	0.38394	0.28458	0.13274	0.06592	22.719
868.19	-0.19647	-0.18745	-0.25708	-0.38455	-0.54063	-0.70588	-1.1211	-1.6604	-2.3112	-3.1712	-5.3097	-7.0261	-10.597	-14.953	-12.935	-10.284	-5.3855	-1.2437	-0.15529	0.81575	0.92377	0.85617	0.7526	0.6486	0.55041	0.48525	0.41039	0.29808	0.13186	0.061669	23.216
856.12	-0.21103	-0.21293	-0.25176	-0.40932	-0.58477	-0.73117	-1.1824	-1.7312	-2.3283	-3.3946	-5.4044	-7.2644	-10.995	-15.667	-13.638	-10.886	-5.8024	-1.4069	-0.24744	0.80674	0.94389	0.87932	0.75178	0.66312	0.56068	0.49909	0.41185	0.30719	0.13282	0.064276	23.743
844.25	-0.23515	-0.23823	-0.32608	-0.45876	-0.58298	-0.73075	-1.2186	-1.8554	-2.4697	-3.2706	-5.5105	-7.4699	-11.358	-16.317	-14.376	-11.493	-6.2388	-1.5754	-0.35083	0.81146	0.96435	0.89917	0.78909	0.67334	0.56601	0.49456	0.41676	0.314	0.12466	0.044056	24.239
831.53	-0.25742	-0.25668	-0.34489	-0.45854	-0.60409	-0.78537	-1.298	-2.0109	-2.5555	-3.4369	-5.4723	-7.5461	-11.724	-16.83	-15.142	-12.11	-6.6972	-1.7792	-0.45853	0.78741	0.97728	0.92625	0.80027	0.70944	0.6022	0.52827	0.43471	0.31627	0.13397	0.04473	24.756
819.86	-0.28476	-0.33013	-0.39185	-0.5027	-0.7106	-0.73547	-1.239	-2.1442	-3.0024	-3.4465	-5.6019	-7.5565	-11.863	-17.761	-15.73	-12.876	-7.1177	-1.9347	-0.55631	0.78304	0.98933	0.94135	0.83644	0.72888	0.6064	0.53122	0.44179	0.30795	0.12461	0.0354	25.272
808.62	-0.34057	-0.358	-0.4115	-0.58696	-0.65464	-0.77208	-1.2723	-2.4165	-3.1997	-3.7534	-5.1127	-7.4455	-11.943	-18.027	-16.407	-13.509	-7.4696	-2.1088	-0.64568	0.77912	1.0012	0.97204	0.85272	0.76554	0.6228	0.55436	0.45891	0.32003	0.11112	0.020272	25.755
798.23	-0.36252	-0.39623	-0.46293	-0.57951	-0.67481	-0.75745	-1.2835	-2.7225	-3.7798	-3.994	-4.8814	-6.6965	-11.191	-17.722	-16.321	-13.665	-7.6561	-2.1784	-0.66695	0.77826	1.0409	1.0164	0.89211	0.77071	0.65062	0.5597	0.47045	0.3242	0.11256	0.014018	26.201
786.77	-0.40234	-0.44896	-0.55244	-0.65588	-0.71042	-0.6892	-1.2884	-3.4243	-4.4395	-4.5538	-4.9634	-6.5114	-10.006	-15.222	-14.966	-12.921	-7.2964	-2.0557	-0.58064	0.85858	1.1053	1.0865	0.92042	0.817	0.68737	0.58786	0.49705	0.35475	0.094641	0.0265	26.653
774.86	-0.45862	-0.53437	-0.60938	-0.66693	-0.71152	-0.67966	-1.1984	-4.0029	-4.7464	-4.9357	-7.1327	-6.7857	-8.1028	-10.021	-10.108	-10.606	-5.9561	-1.6212	-0.30179	0.97888	1.1673	1.1358	0.98216	0.85723	0.70716	0.61333	0.50278	0.3602	0.10205	-0.0028185	27.136
762.42	-0.52518	-0.59059	-0.65148	-0.65906	-0.66883	-0.62293	-1.3977	-4.3858	-5.2732	-5.9037	-6.3359	-6.1046	-6.8045	-6.3274	-7.5683	-8.3928	-4.9208	-1.2181	-0.070038	1.0535	1.2511	1.1865	1.011	0.89635	0.73841	0.63023	0.5333	0.33759	0.089588	-0.0018906	27.518
750.82	-0.59845	-0.70582	-0.72072	-0.575	-0.5261	-0.61834	-1.8688	-4.5219	-5.3359	-5.8661	-5.5629	-5.2573	-5.5585	-4.9549	-5.653	-7.045	-4.0989	-0.96796	0.046115	1.0814	1.2482	1.1869	1.0307	0.88774	0.74886	0.63596	0.51395	0.33347	0.033576	-0.04942	27.882
740.72	-0.62861	-0.76824	-0.73158	-0.50865	-0.54696	-0.71874	-2.5963	-5.2723	-5.3647	-5.0762	-4.5382	-4.5247	-4.4295	-4.3284	-4.7613	-6.2899	-3.6273	-0.80496	0.14874	1.1317	1.258	1.2021	1.0335	0.88536	0.74265	0.63654	0.49	0.31153	0.017413	-0.10125	28.251
732.34	-0.66444	-0.77011	-0.65418	-0.45589	-0.55438	-0.8525	-3.8502	-5.5754	-4.8169	-4.4963	-3.7669	-3.622	-3.8345	-3.7689	-3.9599	-5.3376	-3.0799	-0.58552	0.26863	1.1643	1.2838	1.2104	1.0474	0.89863	0.72869	0.63359	0.50267	0.29309	-0.013912	-0.12067	28.577
724.17	-0.68051	-0.7498	-0.60443	-0.49949	-0.70532	-1.1965	-4.798	-5.487	-3.7608	-3.8686	-3.3404	-3.0486	-3.0352	-2.7361	-3.2415	-4.0754	-2.5465	-0.35523	0.39017	1.1874	1.2857	1.2142	1.0447	0.87915	0.71222	0.58692	0.44194	0.26931	-0.025758	-0.1446	28.943
717.39	-0.63932	-0.69933	-0.5749	-0.55352	-0.88512	-1.6701	-5.35	-5.2238	-3.5086	-3.0181	-3.0642	-2.3576	-2.4685	-2.4036	-2.9273	-3.4353	-2.2117	-0.1595	0.48485	1.2164	1.2958	1.2015	1.0346	0.87357	0.699	0.59456	0.44921	0.2572	-0.045309	-0.16772	29.214
713.95	-0.65654	-0.72096	-0.62703	-0.74597	-1.345	-2.2311	-5.3748	-4.6309	-2.939	-2.807	-2.5438	-2.4135	-2.1172	-1.9387	-2.7797	-2.8706	-1.952	-0.03955	0.56014	1.2133	1.2967	1.1906	1.0322	0.86169	0.68334	0.57538	0.42547	0.24077	-0.069241	-0.19142	29.454
713.84	-0.64467	-0.70383	-0.67971	-0.96014	-1.9099	-2.7305	-5.2341	-3.8675	-2.7944	-2.5479	-2.0803	-2.2358	-1.8397	-1.7378	-2.5721	-2.8934	-1.8654	-0.0073569	0.56228	1.1934	1.2756	1.1709	1.0113	0.86289	0.68745	0.58176	0.42139	0.23001	-0.061704	-0.18	29.559
716	-0.61888	-0.73105	-0.81249	-1.2663	-2.3939	-3.0066	-4.6885	-3.0919	-2.6248	-2.4502	-1.8842	-2.0405	-1.6637	-1.7536	-2.2534	-2.9962	-1.7271	-0.0016037	0.58517	1.1887	1.2463	1.1696	0.98301	0.82392	0.65142	0.53082	0.40979	0.20485	-0.067967	-0.19399	29.717
719.76	-0.61672	-0.72621	-0.95406	-1.6519	-2.8333	-3.2087	-4.2622	-2.6542	-2.4518	-2.3367	-1.8508	-2.1512	-2.1319	-1.86	-2.3332	-2.5814	-1.6318	0.056565	0.60963	1.1835	1.2525	1.1613	0.97683	0.82174	0.63907	0.52388	0.38401	0.20768	-0.068682	-0.17955	29.895
723.31	-0.589	-0.74769	-1.0998	-1.9914	-3.2435	-3.269	-3.8325	-2.4685	-2.3732	-2.2362	-1.9121	-1.9649	-1.668	-1.6419	-2.2192	-2.657	-1.5031	0.094874	0.63503	1.1777	1.2253	1.1381	0.95746	0.78805	0.61418	0.48815	0.37496	0.17275	-0.092814	-0.1797	29.898
725.67	-0.5828	-0.73627	-1.2989	-2.3095	-3.4483	-3.2097	-3.492	-2.4077	-2.3166	-1.8736	-1.8357	-1.7287	-1.61	-1.5948	-1.9051	-2.5273	-1.3873	0.16922	0.67542	1.175	1.214	1.0897	0.92115	0.74431	0.56191	0.43905	0.30646	0.15287	-0.101	-0.20574	29.905
726.21	-0.64652	-0.8165	-1.4804	-2.6374	-3.7378	-3.2254	-3.1219	-2.2487	-2.2598	-1.9055	-1.4953	-1.6618	-1.7033	-1.552	-1.8014	-2.2727	-1.2449	0.20978	0.70926	1.1829	1.2027	1.0834	0.88419	0.72266	0.54968	0.43047	0.3154	0.11996	-0.14225	-0.22093	29.867
724.38	-0.76606	-0.96854	-1.6756	-2.961	-3.7869	-3.1599	-2.8142	-2.1021	-2.1154	-1.8992	-1.3232	-1.7208	-1.5602	-1.4307	-1.7263	-2.2124	-1.1254	0.26584	0.72927	1.1661	1.1722	1.048	0.84797	0.65891	0.47306	0.35707	0.23449	0.043839	-0.21484	-0.30662	29.857
720.73	-0.92077	-1.1312	-1.9817	-3.2069	-3.9269	-2.9926	-2.5273	-2.0182	-2.0173	-1.663	-1.3888	-1.6744	-1.6105	-1.417	-1.5748	-2.0132	-1.0131	0.32413	0.78488	1.1676	1.1581	1.0324	0.81885	0.63887	0.44469	0.30481	0.17717	-0.029826	-0.3462	-0.44425	29.815
715.13	-1.1017	-1.3639	-2.3165	-3.454	-3.9281	-2.8151	-2.188	-1.8593	-1.7735	-1.4169	-1.1741	-1.3543	-1.3991	-1.2166	-1.4603	-1.9732	-0.93426	0.37602	0.79204	1.1666	1.1406	1.0029	0.79684	0.60637	0.40016	0.24221	0.099932	-0.10453	-0.4253	-0.54955	29.842
705.99	-1.2688	-1.5201	-2.6265	-3.6907	-3.8569	-2.5423	-1.8373	-1.7239	-1.6005	-1.2642	-1.2494	-1.3493	-1.4172	-1.1895	-1.339	-1.9648	-0.81832	0.46926	0.84594	1.1931	1.1274	0.96215	0.73786	0.52524	0.29796	0.15193	0.020539	-0.19025	-0.55071	-0.68506	29.843
692.64	-1.5567	-1.7804	-2.8773	-3.7934	-3.6018	-2.2073	-1.6572	-1.6487	-1.4038	-1.3234	-1.0651	-1.2147	-1.4225	-1.1906	-1.3053	-1.9681	-0.71021	0.54466	0.89402	1.1907	1.114	0.94417	0.74012	0.49886	0.28821	0.13214	-0.0549	-0.33352	-0.72243	-0.9171	29.851
677.77	-1.8349	-1.9338	-2.9867	-3.6556	-3.151	-1.8052	-1.4935	-1.469	-1.2218	-1.2574	-1.0384	-1.1711	-1.0823	-0.96018	-1.4313	-1.6581	-0.53589	0.61838	0.96341	1.1862	1.0993	0.92055	0.67973	0.45781	0.20589	0.032201	-0.18272	-0.50625	-0.99033	-1.1915	29.598
663.97	-2.4332	-2.2304	-2.8942	-3.3087	-2.6476	-1.4125	-1.2975	-1.2884	-1.0499	-0.95596	-0.88089	-0.81256	-1.1967	-0.79796	-1.1878	-1.1637	-0.34627	0.75609	1.032	1.182	1.0718	0.84322	0.6111	0.34848	0.071206	-0.11048	-0.34362	-0.72151	-1.4026	-1.6964	29.429
653.83	-4.2345	-3.2198	-2.727	-2.8753	-2.111	-1.2085	-1.1963	-1.1244	-0.83201	-0.92149	-0.68675	-0.78871	-0.62036	-0.6947	-0.96649	-1.0109	-0.14893	0.85067	1.0963	1.1821	1.0338	0.78857	0.52272	0.25194	-0.039271	-0.26694	-0.51189	-0.97062	-1.9234	-2.4204	29.247
648.54	-6.6994	-5.9766	-2.5	-2.3625	-1.6175	-1.0259	-1.0348	-0.98946	-0.69164	-0.73028	-0.41737	-0.59919	-0.51956	-0.37396	-0.7582	-0.82223	0.029417	0.94115	1.1335	1.1757	1.0095	0.77305	0.48055	0.19612	-0.087015	-0.29569	-0.57994	-1.0844	-2.2749	-2.9557	29.059
645.63	-8.447	-8.3885	-3.0571	-2.006	-1.2793	-0.967	-0.94896	-0.87171	-0.57101	-0.6712	-0.31404	-0.72493	-0.75819	-0.50446	-0.86379	-0.5787	0.16482	1.0166	1.2022	1.1822	1.014	0.76429	0.47573	0.21955	-0.063036	-0.29123	-0.54818	-1.0383	-2.2542	-3.0116	28.819
644.12	-8.5621	-9.1514	-4.0396	-1.7162	-1.1577	-0.97819	-0.88288	-0.80953	-0.531	-0.79783	-0.49937	-0.89928	-0.60605	-0.54086	-0.98107	-0.48095	0.27582	1.0865	1.2392	1.1937	1.0306	0.76363	0.49671	0.23909	-0.023207	-0.21977	-0.47022	-0.91998	-2.0791	-2.7834	28.549
643.9	-7.2566	-8.3142	-4.7144	-1.8114	-1.2263	-0.97215	-0.88654	-0.70272	-0.5128	-0.63547	-0.60503	-0.64052	-0.71284	-0.67021	-0.8277	-0.62985	0.30447	1.106	1.2556	1.2028	1.0179	0.78231	0.51324	0.27011	0.01011	-0.18609	-0.43821	-0.89635	-1.9734	-2.5927	28.333
647.57	-6.2442	-7.1699	-4.7231	-1.9871	-1.4072	-1.0313	-0.89376	-0.71056	-0.61614	-0.74383	-0.77204	-0.79636	-0.60281	-0.60803	-0.83574	-0.55233	0.26489	1.0554	1.1794	1.154	0.95588	0.69729	0.46384	0.19996	-0.050696	-0.23017	-0.47114	-0.89885	-1.8493	-2.3876	27.995
657.82	-5.1589	-5.9935	-4.3735	-2.1713	-1.4161	-1.0177	-0.90396	-0.73559	-0.79885	-1.0139	-0.8633	-0.96505	-0.94124	-0.78243	-1.1738	-0.62864	0.22349	0.99151	1.1131	1.0487	0.84402	0.59026	0.33189	0.095524	-0.12819	-0.32	-0.51553	-0.89762	-1.7328	-2.1482	27.646
672.6	-4.3264	-4.9175	-3.9642	-1.9625	-1.483	-1.0771	-0.91627	-0.85156	-0.96279	-0.99158	-0.78122	-0.86121	-1.0567	-0.95633	-1.1603	-0.7928	0.14682	0.90871	1.0417	0.96754	0.7679	0.51969	0.29326	0.066089	-0.17429	-0.31521	-0.5339	-0.86019	-1.5929	-1.9519	27.33
688.87	-3.3417	-3.7384	-2.9987	-1.9696	-1.4566	-1.1172	-1.0276	-1.1239	-1.1291	-1.167	-1.1819	-1.083	-1.231	-1.1423	-1.4681	-0.79725	0.10554	0.8646	0.97132	0.89603	0.70677	0.46839	0.26339	0.027828	-0.16291	-0.30885	-0.48156	-0.77681	-1.3966	-1.6976	26.91
704.59	-2.4538	-2.8501	-2.5371	-1.7313	-1.3833	-1.0934	-1.194	-1.3468	-1.3034	-1.2781	-1.3001	-1.3294	-1.5283	-1.2455	-1.4353	-1.0626	0.023815	0.77192	0.90904	0.86811	0.67483	0.45008	0.24789	0.056563	-0.1075	-0.26047	-0.39206	-0.6103	-1.087	-1.2801	26.625
722.23	-1.8596	-2.1297	-1.8938	-1.3596	-1.1693	-1.0611	-1.2787	-1.3828	-1.3965	-1.548	-1.3271	-1.33	-1.5015	-1.3826	-1.6629	-1.0698	-0.058445	0.78943	0.90207	0.869	0.68884	0.46098	0.26477	0.076397	-0.085069	-0.20741	-0.3282	-0.52457	-0.87182	-1.0163	26.279
744.59	-1.3105	-1.5113	-1.2854	-1.1207	-1.082	-1.1108	-1.3788	-1.5162	-1.4807	-1.534	-1.5952	-1.7488	-1.651	-1.5137	-1.8345	-1.0698	-0.11328	0.77344	0.90355	0.87184	0.69161	0.50449	0.3013	0.13995	-0.020076	-0.11865	-0.23389	-0.38648	-0.66478	-0.78426	25.919
771.97	-0.99444	-0.96701	-0.92031	-0.98731	-1.0918	-1.1043	-1.4103	-1.5776	-1.5442	-1.6987	-1.5936	-1.625	-1.7308	-1.6951	-1.9725	-1.1456	-0.15392	0.73857	0.88671	0.8554	0.72119	0.50503	0.32182	0.17965	0.043641	-0.054251	-0.14893	-0.2938	-0.49268	-0.56491	25.579
801.88	-0.54678	-0.63198	-0.64044	-0.8904	-1.0943	-1.1235	-1.4593	-1.619	-1.5761	-1.7056	-1.6824	-1.812	-1.5046	-1.6036	-1.9606	-1.2323	-0.19213	0.72433	0.8948	0.87425	0.74164	0.54536	0.35393	0.21881	0.088396	0.012262	-0.068641	-0.17274	-0.33323	-0.3854	25.226
828.96	-0.4952	-0.53619	-0.59271	-0.91943	-1.2502	-1.1641	-1.4786	-1.6207	-1.5915	-1.6985	-1.7094	-1.7241	-1.7038	-1.7609	-1.9861	-1.3075	-0.20064	0.72245	0.87707	0.88516	0.75863	0.55711	0.39049	0.26618	0.13641	0.067917	-0.019099	-0.11891	-0.23416	-0.2778	24.875
851.63	-0.37352	-0.32887	-0.50947	-0.88081	-1.3191	-1.2275	-1.5358	-1.6207	-1.6673	-1.7006	-1.5742	-1.8368	-1.757	-1.6075	-1.8073	-1.3664	-0.23938	0.67912	0.87095	0.87284	0.742	0.55621	0.39424	0.2591	0.14874	0.08811	0.0066025	-0.082015	-0.18094	-0.21369	24.504
871.71	-0.30524	-0.34123	-0.52761	-1.0358	-1.3537	-1.2313	-1.5435	-1.6484	-1.6145	-1.7815	-1.4989	-1.6122	-1.7428	-1.5531	-2.0401	-1.3624	-0.26287	0.67289	0.84247	0.85914	0.74146	0.55247	0.3748	0.25225	0.13383	0.070603	0.014091	-0.058421	-0.1494	-0.17809	24.102
891.45	-0.23925	-0.24837	-0.5632	-1.1488	-1.4602	-1.2436	-1.5837	-1.611	-1.6011	-1.715	-1.6372	-1.6389	-1.7127	-1.7223	-1.8838	-1.3501	-0.25791	0.65615	0.82382	0.85086	0.72078	0.54201	0.37832	0.23893	0.13407	0.065679	0.013776	-0.050054	-0.12192	-0.16164	23.76
910.22	-0.28038	-0.3069	-0.64417	-1.3013	-1.5396	-1.319	-1.6335	-1.5677	-1.5072	-1.5734	-1.5475	-1.7622	-1.4763	-1.5871	-1.845	-1.2346	-0.23828	0.64713	0.82295	0.83244	0.70342	0.52996	0.36556	0.234	0.13445	0.065971	0.0045529	-0.05903	-0.10842	-0.1428	23.32
922.79	-0.25637	-0.27996	-0.71011	-1.2999	-1.6267	-1.3757	-1.5987	-1.5082	-1.4497	-1.6044	-1.4896	-1.5057	-1.5389	-1.5573	-1.6858	-1.287	-0.19269	0.66055	0.81412	0.83061	0.6996	0.53217	0.35813	0.23995	0.12487	0.073194	0.021325	-0.032407	-0.07275	-0.099792	22.932
924.28	-0.19043	-0.26932	-0.63271	-1.3361	-1.6908	-1.4401	-1.5509	-1.4892	-1.3794	-1.5233	-1.3678	-1.3916	-1.4208	-1.383	-1.6296	-1.0604	-0.13851	0.69501	0.84693	0.84136	0.71572	0.5527	0.38117	0.26443	0.168	0.1047	0.05571	-0.00051384	-0.035167	-0.05783	22.456
918.31	-0.12994	-0.24268	-0.81285	-1.4619	-1.6834	-1.4566	-1.5075	-1.3779	-1.3166	-1.4017	-1.2472	-1.2968	-1.3221	-1.4002	-1.5054	-1.0326	-0.084343	0.69863	0.86042	0.86942	0.72368	0.56576	0.39266	0.27616	0.1909	0.13068	0.064933	0.02695	-0.010255	-0.0080418	21.977
912.13	-0.16913	-0.30388	-0.92083	-1.608	-1.7226	-1.3756	-1.4996	-1.3217	-1.2558	-1.2434	-1.1719	-1.3666	-1.2976	-1.2108	-1.3257	-0.93457	-0.026121	0.76006	0.89199	0.87968	0.73774	0.56526	0.4077	0.29399	0.18827	0.1291	0.090518	0.034815	0.0073902	-0.0080963	21.474
911.71	-0.22542	-0.34453	-1.049	-1.6542	-1.6502	-1.3069	-1.4212	-1.2862	-1.1825	-1.1821	-1.0513	-1.1668	-1.2062	-1.1948	-1.1545	-0.83873	0.046973	0.79193	0.90608	0.86959	0.73309	0.55772	0.39386	0.27564	0.17659	0.12012	0.071083	0.031759	-0.0010455	-0.015434	20.938
915.22	-0.25509	-0.40731	-1.0943	-1.5853	-1.7038	-1.2615	-1.2644	-1.2377	-1.0964	-1.0808	-1.103	-1.1189	-1.1015	-0.94237	-1.2852	-0.74831	0.12046	0.80951	0.91382	0.86451	0.71534	0.54348	0.38741	0.2503	0.16888	0.12293	0.072428	0.047715	-0.017858	-0.03973	20.44
915.44	-0.35682	-0.552	-1.3577	-1.5003	-1.5244	-1.22	-1.2476	-1.168	-1.0565	-1.0717	-0.92646	-0.97984	-1.043	-1.0082	-1.2309	-0.60865	0.1857	0.83533	0.92002	0.85123	0.70853	0.5399	0.37581	0.2402	0.14697	0.090975	0.040894	0.0078993	-0.080901	-0.10871	19.887
909.26	-0.43012	-0.74851	-1.415	-1.6603	-1.4455	-1.1651	-1.1442	-1.0714	-1.0279	-0.93725	-1.0168	-0.96028	-0.94939	-0.99843	-1.1213	-0.5338	0.21646	0.83559	0.9053	0.83595	0.67326	0.48791	0.33614	0.20729	0.10706	0.06027	-0.0011378	-0.059093	-0.16693	-0.23284	19.387
900.09	-0.89084	-0.84304	-1.3885	-1.6722	-1.3926	-1.0693	-1.0629	-0.97424	-0.96931	-0.99155	-0.97999	-1.0495	-0.83196	-0.92461	-1.0869	-0.4151	0.27058	0.85048	0.91207	0.78949	0.64468	0.44983	0.27852	0.16684	0.04458	-0.0065612	-0.066905	-0.15934	-0.32765	-0.4457	18.872
894.12	-1.4361	-0.95316	-1.3986	-1.5377	-1.2536	-1.1178	-1.0934	-0.90792	-0.89222	-0.96212	-0.8061	-1.021	-0.8887	-0.86314	-0.99271	-0.45359	0.34008	0.85432	0.90258	0.75907	0.5802	0.40243	0.22313	0.10541	8.0504e-005	-0.077852	-0.13685	-0.22153	-0.48648	-0.66141	18.376
891.56	-2.0202	-1.3052	-1.2901	-1.4315	-1.1861	-1.0345	-1.0221	-0.84865	-0.78193	-0.86551	-0.75127	-0.81898	-0.77147	-0.75539	-1.0048	-0.22215	0.43214	0.86506	0.90434	0.74782	0.55461	0.37875	0.18831	0.065325	-0.044043	-0.11674	-0.19616	-0.30469	-0.61648	-0.79915	17.845
885.8	-1.9764	-1.4543	-1.2388	-1.3508	-1.1537	-0.95409	-0.93674	-0.79796	-0.72437	-0.84385	-0.77532	-0.78843	-0.76788	-0.7859	-0.82512	-0.070458	0.52144	0.88552	0.89615	0.72475	0.54107	0.34283	0.15894	0.043262	-0.093585	-0.14035	-0.22667	-0.35572	-0.68043	-0.86725	17.309
870.22	-1.9386	-1.398	-1.1263	-1.1855	-1.1414	-0.90609	-0.85821	-0.77791	-0.64468	-0.73863	-0.69162	-0.72951	-0.68522	-0.73915	-0.79253	0.084199	0.58536	0.89666	0.89702	0.67996	0.49317	0.30354	0.12373	0.0044214	-0.10841	-0.17473	-0.25028	-0.40799	-0.72357	-0.93145	16.821
844.04	-1.8883	-1.395	-1.0886	-1.2544	-1.0426	-0.92641	-0.82928	-0.66952	-0.60858	-0.58976	-0.58228	-0.67687	-0.66129	-0.52023	-0.54349	0.16244	0.6498	0.91474	0.90138	0.66701	0.45178	0.26892	0.093678	-0.0072417	-0.12957	-0.213	-0.28259	-0.42562	-0.73416	-0.93393	16.327
812.59	-1.5658	-1.2868	-1.0883	-1.1575	-0.98837	-0.8663	-0.79126	-0.65018	-0.60391	-0.65226	-0.70932	-0.69328	-0.55548	-0.69853	-0.60514	0.11962	0.69664	0.93904	0.90287	0.64962	0.43656	0.23165	0.070441	-0.061263	-0.17859	-0.26459	-0.33632	-0.45331	-0.755	-0.90516	15.847
780.98	-1.2077	-1.0514	-1.0264	-1.0656	-0.90611	-0.89506	-0.71154	-0.64412	-0.60846	-0.76116	-0.71629	-0.75186	-0.75376	-0.81394	-0.56626	0.20622	0.76702	0.94131	0.91405	0.63503	0.39297	0.19344	0.018351	-0.11966	-0.19773	-0.29162	-0.36508	-0.4573	-0.70574	-0.82002	15.375
752.32	-1.0834	-1.0192	-0.97183	-1.0201	-0.87098	-0.84841	-0.68112	-0.64421	-0.59623	-0.7152	-0.78872	-0.83328	-0.64053	-0.94543	-0.533	0.35198	0.80743	0.97498	0.91084	0.60618	0.38069	0.15562	-0.00095989	-0.12931	-0.22427	-0.29276	-0.37505	-0.4654	-0.63238	-0.73866	14.924
723.74	-0.97702	-0.89635	-0.88425	-0.95325	-0.82716	-0.82181	-0.75884	-0.64107	-0.59831	-0.66554	-0.64386	-0.65766	-0.67636	-0.84697	-0.48569	0.57539	0.87425	1.0112	0.96303	0.61689	0.37159	0.16941	0.0021226	-0.10795	-0.2193	-0.29086	-0.33058	-0.44215	-0.58505	-0.66005	14.475
693.39	-0.80926	-0.69952	-0.79257	-0.88642	-0.72078	-0.82936	-0.73381	-0.64814	-0.6277	-0.76438	-0.84349	-0.6406	-0.80497	-1.113	-0.41178	0.48548	0.93351	1.0709	0.96815	0.61857	0.39333	0.16884	0.0098145	-0.12483	-0.21239	-0.27549	-0.31411	-0.41097	-0.52853	-0.59464	14.052
665.27	-0.64039	-0.62131	-0.84796	-0.78472	-0.64584	-0.82618	-0.74965	-0.65482	-0.60642	-0.76037	-0.80259	-0.97815	-0.8046	-1.2737	-0.44158	0.48198	1.0225	1.1075	1.03	0.64952	0.40882	0.16885	0.0090965	-0.11398	-0.20632	-0.25447	-0.29291	-0.36936	-0.46528	-0.5349	13.641
646.17	-0.6485	-0.63183	-0.8007	-0.76132	-0.62177	-0.80995	-0.67917	-0.5971	-0.60374	-0.7205	-0.6029	-1.0685	-0.74576	-1.2411	-0.33977	0.6815	1.0883	1.1567	1.0559	0.67119	0.40327	0.17262	0.0035417	-0.098382	-0.20467	-0.22603	-0.26035	-0.33907	-0.41115	-0.46102	13.239
638.61	-0.55891	-0.57353	-0.69861	-0.66306	-0.60531	-0.79511	-0.61041	-0.59457	-0.55527	-0.53984	-0.78288	-1.0687	-0.87402	-1.244	-0.36963	0.75203	1.0952	1.1936	1.0638	0.65914	0.39972	0.17094	0.0094761	-0.076754	-0.17125	-0.22988	-0.26343	-0.30578	-0.38228	-0.41645	12.867
639.47	-0.58244	-0.56822	-0.60661	-0.60214	-0.52389	-0.77221	-0.56108	-0.52428	-0.61815	-0.60208	-0.60921	-0.9555	-0.81319	-1.195	-0.34333	0.80093	1.1224	1.1701	1.0567	0.63703	0.38493	0.15958	-0.010545	-0.10421	-0.18779	-0.24598	-0.24225	-0.28783	-0.36251	-0.40775	12.515
643.69	-0.57018	-0.5555	-0.56337	-0.5561	-0.52178	-0.73911	-0.5238	-0.51371	-0.57733	-0.72328	-0.68436	-1.085	-1.116	-1.1872	-0.1745	0.70893	1.1115	1.1025	0.98822	0.59691	0.32579	0.13397	-0.036205	-0.13804	-0.20101	-0.25368	-0.27975	-0.31425	-0.35416	-0.39585	12.184
651.67	-0.53936	-0.52647	-0.5353	-0.54351	-0.51019	-0.65448	-0.49746	-0.57678	-0.54187	-0.66498	-0.46751	-1.0473	-1.2778	-1.2655	-0.23563	0.8839	1.0991	1.0802	0.96147	0.55653	0.31014	0.11655	-0.03807	-0.14458	-0.19087	-0.24712	-0.28199	-0.3147	-0.36989	-0.38986	11.84
666.67	-0.48763	-0.51028	-0.48419	-0.4816	-0.46703	-0.64099	-0.47329	-0.5052	-0.52636	-0.7346	-0.8009	-1.1787	-1.3978	-1.4978	-0.3788	0.56476	1.0709	1.0411	0.88483	0.49493	0.24508	0.059377	-0.080119	-0.18729	-0.22198	-0.27192	-0.29119	-0.3276	-0.38697	-0.39224	11.535
692.75	-0.50066	-0.48061	-0.46154	-0.44065	-0.44335	-0.61923	-0.45443	-0.49171	-0.42111	-0.55578	-1.0282	-1.4095	-1.6865	-1.5724	-0.53122	0.71634	0.99189	0.98418	0.85047	0.45556	0.22489	0.029745	-0.10536	-0.18466	-0.2384	-0.26925	-0.27168	-0.32133	-0.33907	-0.3646	11.235
725.89	-0.44999	-0.39182	-0.35709	-0.3718	-0.41031	-0.59435	-0.40983	-0.48087	-0.28366	-0.41943	-1.0514	-1.0934	-1.536	-1.4381	-0.30245	0.52969	0.95082	0.89514	0.77121	0.41278	0.18638	0.0066024	-0.11921	-0.19206	-0.23244	-0.25903	-0.27049	-0.28253	-0.32041	-0.34283	10.991
761.13	-0.39855	-0.37273	-0.37679	-0.36843	-0.39242	-0.55928	-0.38612	-0.28447	-0.24914	-0.63285	-1.1254	-1.2411	-1.535	-1.4411	-0.35345	0.51567	0.90278	0.87527	0.73455	0.37689	0.17475	0.007335	-0.089956	-0.17713	-0.20571	-0.23522	-0.2463	-0.26393	-0.29142	-0.31134	10.692
794.05	-0.33313	-0.32261	-0.31293	-0.34652	-0.36657	-0.55159	-0.28473	-0.2254	-0.2798	-0.71819	-1.2178	-1.3697	-1.5482	-1.467	-0.41152	0.47418	0.87209	0.84724	0.70963	0.36629	0.1589	0.0020508	-0.10329	-0.16303	-0.19537	-0.22546	-0.23981	-0.23886	-0.26674	-0.29001	10.455
824.25	-0.31339	-0.2818	-0.29124	-0.3119	-0.31008	-0.4786	-0.12642	-0.18554	-0.2884	-0.86778	-1.1423	-1.2521	-1.5747	-1.3399	-0.46649	0.64075	0.85873	0.8162	0.67384	0.36836	0.16598	0.0058145	-0.085807	-0.14869	-0.1778	-0.20447	-0.20859	-0.22671	-0.23923	-0.24783	10.244
853.66	-0.2844	-0.26445	-0.25787	-0.2897	-0.20735	-0.38135	-0.16093	-0.13786	-0.30273	-0.8379	-1.0532	-1.3206	-1.458	-1.3114	-0.42141	0.51585	0.83723	0.77751	0.65578	0.32949	0.14158	0.018582	-0.08814	-0.14178	-0.15743	-0.18163	-0.18754	-0.20659	-0.22197	-0.22711	10.054
881.21	-0.2341	-0.24879	-0.2585	-0.23707	-0.13854	-0.3005	-0.15754	-0.19528	-0.37722	-0.89396	-0.99136	-1.3244	-1.4297	-1.1932	-0.30531	0.4816	0.81627	0.74854	0.63778	0.32372	0.15008	0.023383	-0.076842	-0.12257	-0.13871	-0.16659	-0.17076	-0.19218	-0.21329	-0.20315	9.8485
904.03	-0.22647	-0.22408	-0.2291	-0.137	-0.07522	-0.3256	-0.08096	-0.20222	-0.40452	-0.91593	-1.126	-1.2997	-1.4442	-1.1547	-0.30672	0.48711	0.80244	0.73872	0.61437	0.30937	0.13369	0.012298	-0.07407	-0.12456	-0.14075	-0.16322	-0.16399	-0.17027	-0.18237	-0.20377	9.7247
919.8	-0.2496	-0.21945	-0.16936	-0.088007	-0.032594	-0.33875	-0.096037	-0.25039	-0.44745	-0.83893	-1.0513	-1.3984	-1.2951	-1.2911	-0.40905	0.47008	0.77285	0.72784	0.6158	0.30754	0.138	0.012946	-0.071164	-0.10993	-0.13445	-0.15634	-0.14831	-0.17649	-0.18509	-0.19786	9.5692
927.05	-0.20996	-0.19195	-0.092837	-0.024797	-0.079734	-0.31397	-0.12407	-0.29471	-0.49344	-0.8932	-1.0065	-1.3703	-1.4495	-1.2076	-0.37916	0.48364	0.76351	0.69648	0.59596	0.29825	0.11317	0.0060222	-0.076292	-0.12477	-0.13648	-0.1527	-0.14716	-0.15924	-0.1712	-0.18349	9.4997
928.22	-0.16871	-0.12695	-0.044849	-0.041795	-0.075083	-0.30208	-0.12392	-0.32488	-0.51832	-0.95282	-1.1515	-1.3172	-1.5463	-1.2468	-0.22765	0.45721	0.77575	0.70621	0.58572	0.29701	0.13021	0.0017544	-0.068086	-0.11306	-0.12475	-0.13636	-0.15335	-0.15527	-0.14777	-0.16485	9.4408
925.02	-0.11725	-0.089022	-0.13445	-0.10541	-0.11736	-0.31022	-0.18594	-0.39971	-0.57929	-0.99965	-0.99949	-1.3819	-1.4114	-1.1367	-0.37108	0.52782	0.75938	0.69357	0.58537	0.28509	0.13558	0.020569	-0.06588	-0.092743	-0.11204	-0.13521	-0.13148	-0.14141	-0.14578	-0.14935	9.3774
921.4	-0.079786	-0.050858	-0.087585	-0.10501	-0.12516	-0.29808	-0.21172	-0.43288	-0.58799	-1.091	-1.1416	-1.3787	-1.5743	-1.3053	-0.38148	0.53854	0.75489	0.69896	0.59085	0.30873	0.132	0.021506	-0.062055	-0.096431	-0.095401	-0.12435	-0.10871	-0.11839	-0.12046	-0.094297	9.3502
918.21	-0.047085	-0.093628	-0.08956	-0.11439	-0.11731	-0.30716	-0.28158	-0.49696	-0.61985	-1.1036	-1.1918	-1.4094	-1.6628	-1.3181	-0.39179	0.34052	0.77503	0.7157	0.61847	0.32545	0.15809	0.038804	-0.014723	-0.075908	-0.087945	-0.10683	-0.097007	-0.092093	-0.073951	-0.076824	9.3396
914.05	-0.1229	-0.066319	-0.078233	-0.097618	-0.11877	-0.3319	-0.31127	-0.5143	-0.6607	-1.1703	-1.2623	-1.4245	-1.6036	-1.415	-0.40261	0.43811	0.76431	0.74769	0.63011	0.35225	0.18623	0.072719	-0.016436	-0.043568	-0.054696	-0.072875	-0.055361	-0.066447	-0.040612	-0.043844	9.3577
907.23	-0.030537	-0.060432	-0.10922	-0.10416	-0.12432	-0.34164	-0.32712	-0.52493	-0.68606	-1.037	-1.2811	-1.6541	-1.6997	-1.5757	-0.59654	0.4414	0.76161	0.77231	0.67042	0.37337	0.20436	0.086338	0.0099905	-0.02616	-0.04407	-0.055249	-0.050069	-0.039142	-0.023105	-0.032708	9.3502
898.28	0.0054633	-0.021526	-0.10434	-0.11358	-0.12838	-0.3953	-0.36972	-0.55404	-0.72255	-1.155	-1.4735	-1.7768	-1.8101	-1.8439	-0.58413	0.3481	0.76835	0.79463	0.69507	0.40552	0.23768	0.093361	0.031875	-0.0085092	-0.024604	-0.024929	-0.025037	-0.011451	0.016929	0.0017053	9.3849
889.64	0.011626	-0.024992	-0.090714	-0.090989	-0.12963	-0.39268	-0.37818	-0.59128	-0.7595	-1.1662	-1.4497	-1.5886	-1.9134	-1.8618	-0.58054	0.31558	0.76031	0.81065	0.71006	0.4265	0.26389	0.12982	0.04234	0.016379	-0.012782	-0.00074131	-0.012807	0.0010406	0.011038	0.014249	9.397
882.38	-0.026116	-0.040793	-0.078435	-0.095148	-0.15846	-0.42382	-0.44586	-0.59701	-0.7976	-1.2579	-1.5097	-1.7547	-2.0501	-1.8856	-0.68813	0.36339	0.75006	0.83964	0.73918	0.45262	0.28757	0.15777	0.064015	0.033879	0.013863	0.0035003	0.011403	-0.0021286	0.023339	0.006787	9.4876
873.63	-0.030823	-0.05198	-0.063437	-0.10041	-0.17456	-0.46847	-0.4495	-0.64772	-0.8293	-1.2982	-1.622	-1.8814	-2.0881	-2.1815	-0.81774	0.20261	0.74004	0.8349	0.74742	0.46172	0.29306	0.16116	0.081888	0.041235	0.019732	0.012972	0.0098233	0.0066741	0.021812	0.008555	9.625
861.99	-0.036642	-0.044278	-0.082957	-0.10177	-0.1975	-0.50431	-0.49155	-0.70268	-0.87827	-1.2223	-1.7917	-2.128	-2.3021	-2.246	-0.97229	0.22385	0.71981	0.85569	0.76773	0.48647	0.30759	0.16792	0.085614	0.041792	0.024975	0.010538	0.0065232	0.0026988	0.009608	-0.0025336	9.7534
845.64	-0.041943	-0.057983	-0.080031	-0.13044	-0.24928	-0.53833	-0.52493	-0.73257	-0.93636	-1.4078	-1.8163	-2.1879	-2.3106	-2.3341	-1.2154	0.14325	0.70836	0.86932	0.80599	0.51286	0.33688	0.19268	0.087269	0.067059	0.043222	0.019605	0.033771	0.024296	0.017071	0.0062054	9.9421
825.22	-0.033572	-0.039232	-0.075515	-0.15556	-0.28003	-0.54867	-0.55366	-0.76184	-0.98554	-1.4329	-1.9333	-2.2325	-2.6821	-2.7217	-1.3255	0.10814	0.68969	0.90378	0.84105	0.5478	0.37375	0.22427	0.11862	0.078003	0.063359	0.053694	0.049846	0.027446	0.014696	0.0045558	10.178
802.95	-0.020964	-0.0313	-0.070929	-0.188	-0.31095	-0.58024	-0.59866	-0.82209	-1.0387	-1.6733	-1.9128	-2.4527	-2.8704	-2.8349	-1.4444	-0.067776	0.68401	0.93804	0.90274	0.60275	0.40965	0.26102	0.15847	0.12978	0.086497	0.07665	0.064128	0.046532	0.037147	0.034294	10.371
780.33	-0.014607	-0.0043615	-0.053348	-0.18766	-0.31129	-0.59285	-0.64835	-0.88519	-1.12	-1.8972	-2.0118	-2.6968	-3.1198	-3.1205	-1.8139	-0.10042	0.65671	0.96838	0.94771	0.65601	0.44293	0.31418	0.18042	0.14532	0.12017	0.086556	0.088738	0.050575	0.046114	0.039097	10.59
758.55	0.022846	-0.0044867	-0.06094	-0.20198	-0.35588	-0.61637	-0.7012	-0.94494	-1.1736	-1.9517	-2.1591	-2.7219	-3.2697	-3.3596	-2.0074	-0.28216	0.63214	0.99294	0.98942	0.7001	0.49469	0.33572	0.23324	0.17475	0.15473	0.13251	0.11079	0.088053	0.064683	0.045116	10.916
737.93	0.0077041	0.0012773	-0.080293	-0.20762	-0.383	-0.65361	-0.72373	-0.98485	-1.2274	-2.0063	-2.231	-3.0455	-3.6504	-3.7301	-2.1976	-0.409	0.57713	1.0441	1.035	0.75319	0.54967	0.38153	0.25812	0.20455	0.16293	0.12606	0.12692	0.10666	0.075875	0.049397	11.198
