12182	1	3	91	28.3	757	1	10	6	2.912	128	4096	10	0	0	0	0	372.72	964.66	1.4326e+006	0.11686	0.12371	40.671	0	0	1	0	0	0	11	0	0
956.62	0.031639	-0.037794	-0.16779	-0.28464	-0.39542	-0.48619	-0.62435	-0.74657	-0.89309	-1.0988	-1.4864	-1.7116	-4.4237	-1.4543	-0.2371	0.5873	0.84638	0.75602	0.60302	0.29288	0.11863	0.0057704	-0.039988	-0.062499	-0.045864	-0.049232	-0.034104	-0.013053	0.027159	0.048481	5.4577
956.09	0.027597	-0.017362	-0.16468	-0.29739	-0.38591	-0.47788	-0.62244	-0.78304	-0.91602	-1.1668	-1.4517	-1.7125	-4.4023	-1.5975	-0.28035	0.60433	0.83483	0.77018	0.62791	0.32309	0.13458	0.023969	-0.039224	-0.064935	-0.060102	-0.05161	-0.046503	-0.015259	0.036833	0.053948	5.7016
955.98	0.022728	-0.045396	-0.17832	-0.28877	-0.39833	-0.48222	-0.63835	-0.79515	-0.93934	-1.2849	-1.6473	-1.7127	-4.4825	-1.5502	-0.41843	0.62108	0.82931	0.78228	0.65023	0.33648	0.15445	0.042167	-0.022693	-0.052923	-0.048139	-0.038289	-0.02871	-0.014527	0.042471	0.04696	5.9561
955.56	0.014612	-0.044657	-0.17279	-0.29835	-0.38878	-0.48673	-0.64996	-0.80352	-0.94905	-1.1844	-1.5325	-1.7883	-4.3648	-1.6854	-0.53945	0.43763	0.81044	0.80153	0.67355	0.35835	0.18233	0.062045	0.00014239	-0.041722	-0.039176	-0.040659	-0.022529	-0.014533	0.034436	0.048535	6.1999
954.49	0.023575	-0.034842	-0.16335	-0.31288	-0.40692	-0.49329	-0.66277	-0.82208	-0.99429	-1.3544	-1.5965	-1.8818	-4.3697	-1.9249	-0.68693	0.41303	0.79288	0.81618	0.69735	0.38968	0.19686	0.068743	0.0048732	-0.025716	-0.02873	-0.035207	-0.013253	-0.0072079	0.023993	0.04314	6.4633
954.7	0.01381	-0.049249	-0.18177	-0.30019	-0.4263	-0.51726	-0.67849	-0.83393	-1.032	-1.371	-1.7562	-2.0894	-4.3128	-2.0433	-0.64359	0.4631	0.77986	0.82804	0.71871	0.40213	0.22783	0.069557	0.023007	-0.016882	-0.021979	-0.010079	-0.01325	0.0045375	0.024795	0.059474	6.757
954.39	0.016256	-0.038643	-0.18665	-0.30266	-0.44061	-0.51829	-0.68325	-0.85107	-1.051	-1.439	-1.8458	-2.0901	-4.4501	-2.234	-0.87714	0.26258	0.75042	0.83175	0.75123	0.4307	0.24064	0.10189	0.01986	-0.00083545	-0.0099964	-0.01715	-7.7737e-005	0.0067404	0.024803	0.047818	7.0188
954.28	0.013817	-0.014357	-0.18828	-0.30111	-0.4318	-0.54243	-0.69315	-0.87605	-1.0589	-1.5911	-1.846	-2.2152	-4.4665	-2.4482	-0.96365	0.1957	0.71598	0.85507	0.77207	0.4667	0.26852	0.13505	0.04195	0.016826	-0.0040018	-0.0022281	0.0084513	0.005272	0.037708	0.045487	7.3562
955.02	0.012181	-0.042408	-0.1777	-0.31428	-0.46243	-0.53771	-0.72131	-0.89462	-1.1115	-1.7079	-1.7646	-2.28	-4.519	-2.4859	-1.1874	0.14541	0.68655	0.85268	0.78836	0.48389	0.28659	0.13908	0.056892	0.020826	0.0064863	-0.0022264	-7.7685e-005	-0.002068	0.017534	0.029113	7.6316
954.81	0.014623	-0.042416	-0.18416	-0.33248	-0.43864	-0.54901	-0.7192	-0.91889	-1.1241	-1.7168	-1.9873	-2.3304	-4.3922	-2.8111	-1.4469	-0.021725	0.64738	0.87351	0.8016	0.52244	0.32801	0.17141	0.078978	0.016016	0.018474	0.0071901	0.017744	0.021417	0.014314	0.048573	7.9144
954.07	0.0056811	-0.034099	-0.18992	-0.32248	-0.43898	-0.55374	-0.7243	-0.93888	-1.1545	-1.6674	-1.9977	-2.4322	-4.4276	-2.9638	-1.4393	-0.038462	0.60132	0.85698	0.80991	0.53038	0.32509	0.18977	0.096397	0.055375	0.023735	0.01898	0.024737	0.01923	0.03449	0.027585	8.2122
953.43	-0.0024592	-0.047036	-0.2021	-0.32507	-0.45169	-0.57649	-0.71041	-0.94352	-1.1739	-1.6939	-2.1327	-2.4588	-4.4385	-3.0848	-1.6133	-0.12219	0.56636	0.85842	0.83123	0.55082	0.35159	0.19571	0.093305	0.046574	0.029753	0.029212	0.03484	0.0082177	0.019177	0.020591	8.5085
953.53	0.019528	-0.061463	-0.18441	-0.33292	-0.47024	-0.56352	-0.77084	-0.96029	-1.2156	-1.8627	-2.1413	-2.5502	-4.374	-3.243	-1.8726	-0.23935	0.49801	0.87381	0.83806	0.57168	0.3834	0.22388	0.12408	0.061032	0.038002	0.017418	0.028631	0.036143	0.030475	0.041626	8.8048
953.22	-0.004088	-0.051605	-0.18929	-0.33225	-0.45533	-0.58265	-0.7658	-0.99276	-1.2331	-1.8802	-2.2846	-2.826	-4.3435	-3.3472	-1.8386	-0.26454	0.47165	0.87153	0.85681	0.59197	0.39946	0.22644	0.12254	0.081946	0.055271	0.044156	0.039505	0.033948	0.038558	0.02605	9.1221
951.83	0.0097741	-0.031896	-0.19279	-0.32482	-0.46221	-0.59816	-0.76767	-0.99984	-1.2839	-1.8067	-2.279	-2.9386	-4.4941	-3.6301	-2.1359	-0.46615	0.40795	0.85813	0.86499	0.61966	0.41281	0.25668	0.14091	0.085286	0.067375	0.058394	0.044224	0.045041	0.041848	0.049506	9.4408
950.34	0.003252	-0.052525	-0.19389	-0.32771	-0.50828	-0.61637	-0.80303	-1.0256	-1.2991	-1.8774	-2.3719	-3.1271	-4.3326	-3.9221	-2.2868	-0.60124	0.34006	0.85515	0.86943	0.62399	0.44382	0.27955	0.1744	0.11525	0.082533	0.064793	0.050522	0.039212	0.038674	0.037074	9.7368
949.81	-1.5901e-005	-0.047215	-0.1811	-0.33185	-0.47209	-0.58128	-0.79133	-1.0528	-1.3466	-1.9293	-2.5699	-3.2627	-4.4233	-4.1472	-2.4704	-0.64358	0.2604	0.85563	0.87069	0.65626	0.46405	0.29635	0.17212	0.11208	0.077308	0.062463	0.056004	0.032595	0.041127	0.030056	10.076
949.28	0.0089813	-0.046477	-0.19007	-0.33283	-0.4857	-0.60928	-0.81456	-1.0695	-1.3629	-2.0407	-2.6608	-3.1557	-4.4499	-4.4203	-2.6716	-0.8205	0.18791	0.85352	0.8874	0.67176	0.49231	0.31901	0.19917	0.13878	0.087147	0.079076	0.067725	0.05328	0.029799	0.039464	10.41
949.17	-0.0057422	-0.055641	-0.18364	-0.34952	-0.48932	-0.61713	-0.85341	-1.0753	-1.3927	-2.0834	-2.7595	-3.2649	-4.4584	-4.5801	-2.8892	-0.9467	0.11287	0.84583	0.89523	0.68697	0.49717	0.33154	0.2095	0.14606	0.10147	0.075928	0.075527	0.048118	0.052505	0.033989	10.7
947.9	-0.0016533	-0.032793	-0.17984	-0.34046	-0.52118	-0.63441	-0.83706	-1.1074	-1.4367	-2.1627	-2.808	-3.4536	-4.4403	-4.8415	-3.1628	-1.2174	0.016844	0.81926	0.89179	0.70895	0.52828	0.35284	0.22249	0.15919	0.10689	0.087098	0.072506	0.064446	0.060692	0.045794	11.021
947.9	-0.010665	-0.048837	-0.18712	-0.35873	-0.51672	-0.63355	-0.83477	-1.1285	-1.4718	-2.1202	-2.8618	-3.3531	-4.4725	-5.017	-3.1976	-1.3858	-0.057512	0.79415	0.87399	0.73841	0.5435	0.36702	0.23996	0.17535	0.12349	0.098959	0.084214	0.065186	0.053387	0.036387	11.326
947.15	-0.0065738	-0.064935	-0.19131	-0.35504	-0.49125	-0.62451	-0.8895	-1.1431	-1.4894	-2.2494	-2.9357	-3.5318	-4.4277	-5.3881	-3.383	-1.5301	-0.16271	0.76617	0.87236	0.74489	0.56637	0.37649	0.26161	0.17145	0.13341	0.11249	0.078813	0.058578	0.027429	0.037985	11.641
946.09	-0.0090435	-0.044339	-0.18586	-0.35384	-0.4927	-0.62174	-0.89659	-1.1638	-1.5153	-2.1753	-3.0019	-3.5778	-4.4085	-5.6978	-3.8227	-1.6415	-0.27788	0.74621	0.87411	0.75248	0.58467	0.41285	0.281	0.19998	0.1517	0.12054	0.10314	0.076421	0.03966	0.030174	11.953
945.98	-0.0049412	-0.053532	-0.18993	-0.36025	-0.52938	-0.67648	-0.88755	-1.1882	-1.5382	-2.3118	-3.1189	-3.7041	-4.4412	-5.9542	-4.1457	-1.9538	-0.38886	0.73501	0.86258	0.78209	0.59437	0.41624	0.28421	0.20891	0.14113	0.099951	0.09064	0.062354	0.024209	0.034104	12.233
944.81	-0.0057687	-0.052064	-0.18368	-0.34237	-0.49694	-0.64691	-0.89704	-1.1889	-1.6082	-2.4255	-3.3025	-4.0114	-4.5517	-6.1856	-4.273	-2.066	-0.51746	0.70117	0.85278	0.78643	0.62082	0.43182	0.29412	0.22133	0.16629	0.13498	0.11189	0.065399	0.044602	0.043582	12.518
943.64	-1.6005e-005	-0.055967	-0.18066	-0.35955	-0.5101	-0.66511	-0.91726	-1.2423	-1.6196	-2.3602	-3.3156	-3.9827	-4.5492	-6.5618	-4.5667	-2.3138	-0.63176	0.67073	0.84218	0.79925	0.63688	0.45917	0.31284	0.23135	0.16801	0.14071	0.10576	0.063252	0.051181	0.023164	12.837
942.26	-0.015672	-0.047593	-0.18011	-0.37366	-0.53057	-0.67915	-0.91937	-1.2352	-1.6322	-2.3722	-3.4556	-3.8874	-4.5316	-6.7239	-4.8273	-2.6306	-0.74326	0.62554	0.84186	0.81059	0.63782	0.47076	0.3133	0.23006	0.16598	0.12341	0.09571	0.064831	0.043905	0.016102	13.036
941.2	-0.014865	-0.053034	-0.20473	-0.35408	-0.5195	-0.67992	-0.94494	-1.2863	-1.6875	-2.3492	-3.5317	-4.2209	-4.5529	-7.0368	-5.0518	-2.7438	-0.88492	0.60358	0.82878	0.83948	0.67162	0.48725	0.34324	0.25474	0.17833	0.14187	0.1139	0.075329	0.031691	0.036646	13.348
941.09	-0.035493	-0.064583	-0.19661	-0.35253	-0.51597	-0.67476	-0.94657	-1.2628	-1.6759	-2.495	-3.5502	-4.2214	-4.5535	-7.2866	-5.3503	-2.9222	-0.97457	0.5644	0.81251	0.83958	0.67492	0.49823	0.34088	0.24907	0.18671	0.14268	0.10919	0.082782	0.025154	0.016122	13.57
939.39	-0.019026	-0.056221	-0.188	-0.34755	-0.5223	-0.67162	-0.9813	-1.2545	-1.7191	-2.5595	-3.5927	-4.4151	-4.4643	-7.5091	-5.5093	-3.2078	-1.0962	0.52697	0.78977	0.83685	0.69474	0.49576	0.36634	0.26257	0.19466	0.15969	0.12435	0.090393	0.048955	0.031181	13.819
938.32	-0.024842	-0.068632	-0.17842	-0.33672	-0.50668	-0.6855	-0.93707	-1.3049	-1.7612	-2.6826	-3.624	-4.4878	-4.5181	-7.6546	-5.7353	-3.237	-1.1946	0.48295	0.77894	0.83355	0.70362	0.51065	0.37157	0.27349	0.19869	0.16546	0.11819	0.086762	0.039988	0.022505	14.049
937.9	-0.038098	-0.074842	-0.17686	-0.35774	-0.53214	-0.69106	-0.94749	-1.3357	-1.7896	-2.6924	-3.7795	-4.6423	-4.6178	-8.0772	-6.0017	-3.5107	-1.3161	0.44467	0.76131	0.83903	0.69827	0.51763	0.36211	0.27279	0.18429	0.14796	0.11272	0.073352	0.042469	0.025684	14.29
936.73	-0.034002	-0.068752	-0.19017	-0.34935	-0.51567	-0.70945	-0.94867	-1.339	-1.765	-2.627	-3.8387	-4.6396	-4.5991	-8.2487	-6.1765	-3.7196	-1.4101	0.41805	0.74425	0.86649	0.7186	0.53853	0.3955	0.29113	0.21812	0.16815	0.1334	0.080925	0.035949	0.025716	14.485
936.62	-0.047269	-0.070304	-0.19019	-0.34537	-0.53647	-0.68324	-0.97496	-1.3285	-1.7802	-2.7047	-3.9025	-4.7165	-4.5915	-8.4353	-6.4414	-3.8733	-1.5076	0.38129	0.72476	0.86148	0.72516	0.5521	0.3851	0.29443	0.19905	0.16976	0.12393	0.081683	0.022809	0.016993	14.673
934.92	-0.05649	-0.078179	-0.17824	-0.3468	-0.52118	-0.68098	-0.9644	-1.3621	-1.8072	-2.701	-3.9914	-4.7591	-4.6406	-8.7418	-6.7795	-4.0853	-1.6071	0.35741	0.72215	0.85878	0.7338	0.5548	0.39627	0.29415	0.21854	0.16767	0.12574	0.080331	0.027788	-0.0028434	14.876
934.7	-0.037398	-0.085946	-0.16353	-0.34607	-0.52221	-0.68376	-0.97542	-1.346	-1.886	-2.8136	-3.9105	-4.9981	-4.5519	-8.8975	-6.7899	-4.163	-1.7173	0.33729	0.70819	0.87349	0.74615	0.55577	0.40683	0.29831	0.21553	0.17733	0.13368	0.087846	0.027796	0.023388	14.998
934.81	-0.051514	-0.096783	-0.18564	-0.36617	-0.52938	-0.68017	-0.96605	-1.3385	-1.8715	-2.7961	-4.0645	-4.9296	-4.5514	-9.1067	-6.9744	-4.3931	-1.7671	0.28808	0.69007	0.87168	0.75094	0.57432	0.41805	0.29746	0.21857	0.16128	0.12813	0.078841	0.012975	0.0058974	15.097
934.06	-0.065686	-0.096087	-0.17185	-0.34873	-0.51985	-0.69741	-1.0023	-1.3732	-1.8999	-2.7897	-4.1587	-5.0951	-4.457	-9.1949	-7.0947	-4.4136	-1.889	0.27513	0.67569	0.87921	0.76373	0.57731	0.41758	0.31492	0.22027	0.17103	0.13219	0.080404	0.045939	0.0043121	15.274
934.38	-0.066495	-0.099927	-0.1972	-0.34297	-0.5043	-0.67521	-0.96109	-1.3555	-1.8866	-2.8319	-4.0209	-5.1443	-4.7657	-9.3941	-7.4101	-4.5146	-1.9663	0.2355	0.67075	0.88745	0.78785	0.58304	0.42389	0.31153	0.21254	0.16857	0.12264	0.074379	0.022039	-0.017954	15.402
933.96	-0.066526	-0.10308	-0.17105	-0.33426	-0.4991	-0.67728	-0.96539	-1.3594	-1.9176	-2.7986	-4.3501	-5.2572	-4.6454	-9.5602	-7.3958	-4.7987	-2.0295	0.21188	0.64828	0.8776	0.75813	0.58331	0.41844	0.30921	0.22107	0.17266	0.12745	0.078163	0.022049	0.0098813	15.456
934.17	-0.068174	-0.10538	-0.18331	-0.3229	-0.51617	-0.678	-0.97752	-1.4017	-1.8728	-2.7032	-4.3218	-5.2476	-4.7831	-9.7523	-7.5265	-4.977	-2.1127	0.17844	0.63479	0.89961	0.76202	0.58318	0.42721	0.31407	0.23097	0.17502	0.13218	0.071394	0.014631	0.005108	15.537
934.49	-0.10471	-0.12859	-0.19964	-0.35018	-0.50786	-0.69007	-0.96098	-1.4316	-1.8959	-2.8143	-4.1749	-5.3393	-4.6917	-9.9917	-7.727	-4.9582	-2.1571	0.15642	0.62751	0.87966	0.76745	0.58974	0.42142	0.30248	0.21405	0.16053	0.12421	0.069871	0.0096844	-0.0028447	15.57
934.17	-0.097265	-0.096849	-0.17921	-0.33499	-0.51165	-0.66482	-0.99064	-1.4075	-1.872	-2.867	-4.2945	-5.3836	-4.6198	-9.8656	-7.8091	-5.0282	-2.198	0.15208	0.62929	0.88253	0.77178	0.58402	0.42962	0.32637	0.23709	0.18305	0.1195	0.062394	0.006393	-0.017958	15.638
934.38	-0.09558	-0.12551	-0.2095	-0.318	-0.48712	-0.69805	-0.96186	-1.3465	-1.87	-2.7715	-4.2209	-5.2039	-4.6106	-10.058	-7.7367	-5.1552	-2.2418	0.11779	0.61109	0.89343	0.77485	0.59997	0.42791	0.31973	0.2202	0.17739	0.12581	0.060879	-0.0076078	-0.015568	15.656
934.06	-0.10725	-0.12478	-0.18743	-0.30521	-0.47552	-0.68775	-0.96141	-1.3535	-1.9253	-3.0398	-4.2314	-5.2652	-4.5877	-9.98	-8.0748	-5.3278	-2.2934	0.095858	0.59874	0.86639	0.76536	0.57731	0.42403	0.31492	0.20266	0.15819	0.12031	0.075153	0.016281	-0.0020525	15.667
934.6	-0.10968	-0.11695	-0.19306	-0.32598	-0.47796	-0.64695	-0.96627	-1.3699	-1.9036	-2.926	-4.3198	-5.3471	-4.6096	-9.942	-7.8585	-5.2223	-2.2855	0.10459	0.60232	0.8753	0.76573	0.5956	0.43184	0.31392	0.21173	0.16452	0.1337	0.072113	-0.00019654	-0.020335	15.697
934.81	-0.08723	-0.13707	-0.22498	-0.35167	-0.48689	-0.64329	-0.98765	-1.3532	-1.8676	-2.8306	-4.3552	-5.2865	-4.6085	-9.9963	-7.7773	-5.1955	-2.285	0.10281	0.59904	0.86912	0.77856	0.58278	0.4092	0.28517	0.20709	0.16288	0.11151	0.063102	-0.012545	-0.022715	15.755
934.17	-0.12553	-0.14414	-0.21693	-0.32613	-0.50079	-0.65779	-0.94972	-1.3615	-1.8783	-2.8325	-4.2945	-5.2986	-4.7423	-10.027	-7.7649	-5.1478	-2.2866	0.10024	0.60024	0.87057	0.76771	0.5891	0.42157	0.31243	0.21718	0.16459	0.13297	0.039891	-0.00019663	-0.025912	15.647
934.81	-0.1163	-0.14637	-0.22334	-0.34523	-0.50045	-0.667	-0.94445	-1.3254	-1.8581	-2.8219	-4.228	-5.4394	-4.682	-10.004	-7.9008	-5.1102	-2.2801	0.1072	0.60532	0.87339	0.76881	0.5887	0.41725	0.31221	0.21168	0.15566	0.121	0.049608	-0.015836	-0.036227	15.683
934.06	-0.13136	-0.15889	-0.20055	-0.35679	-0.49904	-0.64557	-0.96682	-1.3543	-1.9174	-2.8932	-4.2768	-5.4097	-4.6285	-10.182	-7.9954	-5.2167	-2.3073	0.10025	0.58617	0.86212	0.7678	0.58663	0.41194	0.2895	0.21491	0.15739	0.11635	0.047397	-0.014202	-0.045801	15.68
933.75	-0.12059	-0.14886	-0.2359	-0.32386	-0.49016	-0.66249	-0.94398	-1.3605	-1.8364	-2.8079	-4.2601	-5.2329	-4.769	-9.9835	-7.8921	-5.2698	-2.2868	0.099407	0.5958	0.86926	0.76887	0.58005	0.42821	0.30928	0.21882	0.16708	0.11005	0.063174	-0.011736	-0.039451	15.677
933.64	-0.13308	-0.15198	-0.24167	-0.34324	-0.49384	-0.6696	-0.91627	-1.3607	-1.858	-2.8945	-4.3425	-5.3356	-4.6225	-10.041	-7.8489	-5.1422	-2.2747	0.1214	0.60529	0.87277	0.7714	0.59452	0.41132	0.30932	0.20965	0.16951	0.11165	0.043667	-0.022451	-0.05378	15.689
933.32	-0.14228	-0.14195	-0.23026	-0.33852	-0.50035	-0.61706	-0.92123	-1.3086	-1.8476	-2.8696	-4.0255	-5.2013	-4.6649	-10.037	-7.9487	-5.2466	-2.2689	0.10913	0.60943	0.86623	0.7676	0.59133	0.42679	0.3242	0.21049	0.16555	0.11327	0.048936	-0.021635	-0.04345	15.662
933.43	-0.14892	-0.17297	-0.2089	-0.32155	-0.46137	-0.61699	-0.90953	-1.2937	-1.8687	-2.8175	-4.1888	-5.2943	-4.7543	-9.9545	-7.7358	-5.1861	-2.2539	0.12494	0.61329	0.88665	0.77483	0.58449	0.41464	0.30365	0.20587	0.14224	0.099786	0.041423	-0.025752	-0.054588	15.667
933	-0.13234	-0.18081	-0.23034	-0.33138	-0.46067	-0.5812	-0.92154	-1.3164	-1.8204	-2.8706	-4.1634	-5.3904	-4.6665	-9.9833	-7.9161	-5.0174	-2.2262	0.13644	0.61436	0.8785	0.78414	0.58052	0.4108	0.29065	0.18449	0.14151	0.086351	0.040693	-0.038137	-0.05541	15.54
932.89	-0.16731	-0.17307	-0.23694	-0.30882	-0.43174	-0.59182	-0.86057	-1.2452	-1.8389	-2.7673	-4.173	-5.3058	-4.5526	-9.7738	-7.6871	-4.8897	-2.146	0.16285	0.63723	0.88031	0.7655	0.57889	0.40358	0.28575	0.17991	0.12787	0.078431	0.021168	-0.04639	-0.048249	15.42
933.64	-0.16468	-0.16517	-0.23511	-0.32148	-0.44316	-0.58783	-0.87147	-1.2589	-1.7812	-2.6702	-4.1788	-5.1995	-4.6388	-9.6364	-7.5662	-4.8943	-2.0991	0.17415	0.62886	0.87277	0.74049	0.56149	0.39278	0.27814	0.16522	0.12535	0.064899	0.0053886	-0.036462	-0.062533	15.362
933.32	-0.15309	-0.18385	-0.24504	-0.3232	-0.45146	-0.58012	-0.83854	-1.2511	-1.7968	-2.5848	-4.1074	-5.0566	-4.6649	-9.5263	-7.3743	-4.6908	-2.0014	0.21906	0.65423	0.86367	0.73505	0.55236	0.39291	0.26346	0.176	0.12218	0.076809	0.0038897	-0.048843	-0.06972	15.108
933.11	-0.16478	-0.19243	-0.21718	-0.33457	-0.44341	-0.54682	-0.80704	-1.1907	-1.7354	-2.7235	-4.081	-5.0833	-4.5107	-9.2935	-7.1727	-4.5721	-1.9427	0.24374	0.65674	0.86044	0.71976	0.53554	0.3922	0.24956	0.16838	0.10454	0.05225	0.0076461	-0.055451	-0.074514	14.947
932.68	-0.14487	-0.15757	-0.22221	-0.30728	-0.42097	-0.58228	-0.8569	-1.2118	-1.7227	-2.647	-4.001	-4.9578	-4.6927	-9.0546	-7.0699	-4.4116	-1.8467	0.25793	0.68142	0.86939	0.7209	0.53154	0.37382	0.25378	0.15235	0.11263	0.058619	-0.00061432	-0.052178	-0.068174	14.735
932.89	-0.16648	-0.17462	-0.23365	-0.29833	-0.42268	-0.54607	-0.80568	-1.1786	-1.7136	-2.586	-3.9545	-4.8886	-4.7079	-8.9796	-6.8119	-4.2994	-1.7477	0.31771	0.69935	0.85807	0.71992	0.51956	0.36566	0.24551	0.14311	0.090106	0.055432	0.0016379	-0.060414	-0.069752	14.547
932.36	-0.16074	-0.20035	-0.24118	-0.31869	-0.40208	-0.54022	-0.81233	-1.1851	-1.7082	-2.6566	-3.8202	-4.8999	-4.5061	-8.782	-6.5592	-4.1735	-1.6641	0.34694	0.72256	0.88253	0.71463	0.50968	0.35134	0.22511	0.13706	0.083728	0.0269	0.0076522	-0.067052	-0.061026	14.359
932.36	-0.16491	-0.18637	-0.25104	-0.2977	-0.43651	-0.49708	-0.77906	-1.1744	-1.6638	-2.6306	-3.6562	-4.7806	-4.637	-8.5306	-6.4619	-3.8568	-1.5392	0.38039	0.72885	0.86455	0.69997	0.50035	0.34892	0.21936	0.13246	0.086139	0.034835	-0.0051242	-0.074479	-0.076168	14.172
932.79	-0.15984	-0.2057	-0.22875	-0.33145	-0.41277	-0.52413	-0.78799	-1.1574	-1.6329	-2.5172	-3.6728	-4.5826	-4.6431	-8.2106	-6.1761	-3.6925	-1.421	0.41366	0.7411	0.83678	0.6964	0.49673	0.33907	0.21022	0.12319	0.065209	0.030059	-0.0073756	-0.06042	-0.080114	13.891
933.11	-0.14813	-0.17458	-0.26069	-0.30553	-0.38727	-0.51868	-0.82559	-1.1825	-1.6173	-2.4214	-3.7807	-4.6832	-4.6415	-8.0295	-5.9088	-3.6741	-1.3368	0.44695	0.75185	0.83308	0.66686	0.46775	0.31718	0.20194	0.10859	0.064384	0.010228	-0.023893	-0.076068	-0.080088	13.676
933.21	-0.15727	-0.18077	-0.19991	-0.29743	-0.38541	-0.4676	-0.7884	-1.1347	-1.6258	-2.4297	-3.571	-4.5465	-4.4938	-7.8504	-5.8904	-3.2461	-1.2373	0.49615	0.77535	0.84068	0.67899	0.46007	0.31633	0.18878	0.10704	0.059559	0.008642	-0.027646	-0.071112	-0.070524	13.435
933.75	-0.17049	-0.18454	-0.22934	-0.30854	-0.39786	-0.48228	-0.76323	-1.1423	-1.5995	-2.4283	-3.4144	-4.4333	-4.5076	-7.6759	-5.5956	-3.0477	-1.1143	0.53895	0.79847	0.84362	0.65664	0.4488	0.30406	0.17719	0.10009	0.045077	0.003091	-0.033633	-0.090852	-0.085603	13.117
934.7	-0.15037	-0.16808	-0.22664	-0.28729	-0.39384	-0.47476	-0.73853	-1.1132	-1.5615	-2.3483	-3.3564	-4.3522	-4.5927	-7.3526	-5.3516	-3.019	-0.99516	0.55508	0.81256	0.81885	0.66003	0.44749	0.2965	0.18521	0.093862	0.057059	0.011792	-0.035098	-0.06606	-0.084721	12.898
935.87	-0.16927	-0.19264	-0.20999	-0.29578	-0.3482	-0.4689	-0.74069	-1.1356	-1.5556	-2.3281	-3.2887	-4.0242	-4.5625	-7.0525	-5.1334	-2.8276	-0.86621	0.59648	0.82252	0.80674	0.61864	0.42581	0.28246	0.16533	0.082281	0.036966	0.0086175	-0.026819	-0.079134	-0.094934	12.629
935.02	-0.1387	-0.15098	-0.20117	-0.26304	-0.33406	-0.47723	-0.75371	-1.0596	-1.5324	-2.4509	-3.328	-4.1469	-4.5341	-6.9539	-4.847	-2.6595	-0.78671	0.61546	0.82484	0.81088	0.61433	0.41182	0.26581	0.14991	0.078531	0.024174	-0.0056178	-0.041081	-0.073443	-0.081512	12.355
935.34	-0.14114	-0.14861	-0.19618	-0.24685	-0.30865	-0.45864	-0.76347	-1.0846	-1.5011	-2.3467	-3.2724	-4.0095	-4.5814	-6.6443	-4.7219	-2.3429	-0.67505	0.65738	0.83789	0.80634	0.61168	0.4083	0.24801	0.13921	0.06168	0.029775	-0.0016603	-0.037322	-0.07095	-0.077513	12.111
936.73	-0.13762	-0.1453	-0.2008	-0.22479	-0.32714	-0.45884	-0.7431	-1.056	-1.4807	-2.3346	-3.195	-3.9019	-4.6154	-6.4166	-4.5917	-2.3139	-0.5759	0.69408	0.84761	0.77107	0.59132	0.37646	0.24765	0.12837	0.035628	0.013729	-0.011925	-0.037267	-0.07906	-0.086123	11.834
937.26	-0.13008	-0.14753	-0.15982	-0.20459	-0.32154	-0.44019	-0.73806	-1.0546	-1.453	-2.256	-3.1479	-3.8997	-4.6453	-6.1468	-4.1843	-2.1252	-0.49139	0.7007	0.85026	0.76212	0.57478	0.37119	0.22903	0.11686	0.058501	0.011324	-0.018234	-0.040235	-0.075731	-0.067841	11.569
938.43	-0.09765	-0.11956	-0.16778	-0.21797	-0.31754	-0.48949	-0.72177	-1.0353	-1.4291	-2.133	-3.0173	-3.6747	-4.5745	-5.9941	-4.1263	-2.0205	-0.40587	0.73306	0.86405	0.76372	0.55222	0.3505	0.21832	0.10365	0.043948	0.0057177	-0.020575	-0.049892	-0.057597	-0.073299	11.255
939.17	-0.10088	-0.12255	-0.14481	-0.19696	-0.31729	-0.46114	-0.72734	-1.0378	-1.4059	-2.157	-2.9697	-3.5195	-4.5709	-5.7639	-3.9123	-1.9	-0.30358	0.75695	0.85946	0.74782	0.53399	0.3376	0.19731	0.089699	0.033252	-0.0062563	-0.018983	-0.047614	-0.07476	-0.070076	10.962
940.45	-0.069369	-0.084651	-0.1218	-0.18228	-0.32584	-0.43258	-0.70027	-1.0136	-1.3584	-2.1027	-2.9747	-3.5063	-4.5647	-5.5551	-3.7842	-1.6937	-0.20297	0.77076	0.87779	0.72305	0.52923	0.32957	0.19304	0.091205	0.021797	-0.0054498	-0.026824	-0.050531	-0.058293	-0.056552	10.655
941.73	-0.087415	-0.086844	-0.12082	-0.18843	-0.32899	-0.49301	-0.7269	-1.0464	-1.3668	-2.0913	-2.7994	-3.375	-4.5342	-5.2184	-3.49	-1.4542	-0.10914	0.78976	0.8696	0.70851	0.49626	0.31485	0.168	0.065862	0.011135	-0.022952	-0.034644	-0.057158	-0.0623	-0.068309	10.38
942.05	-0.058536	-0.072976	-0.1094	-0.19316	-0.32081	-0.46409	-0.69756	-0.99315	-1.3396	-1.988	-2.7624	-3.3655	-4.5245	-5.0241	-3.3225	-1.2758	-0.035911	0.80605	0.87787	0.69895	0.49126	0.2904	0.15596	0.062587	-0.001017	-0.013396	-0.036988	-0.0497	-0.032871	-0.050145	10.086
942.68	-0.037905	-0.062938	-0.1207	-0.20421	-0.33403	-0.48206	-0.70397	-0.95997	-1.3065	-1.9695	-2.6074	-3.2031	-4.5539	-5.0367	-3.0753	-1.2072	0.027501	0.82553	0.86404	0.69001	0.47481	0.28014	0.14627	0.039791	-0.0086024	-0.026108	-0.042456	-0.060817	-0.049174	-0.03356	9.7655
941.94	-0.037111	-0.072984	-0.13056	-0.20597	-0.35493	-0.45455	-0.70453	-0.98106	-1.2777	-2.1336	-2.5553	-3.3405	-4.606	-4.4949	-2.9639	-1.1488	0.099099	0.82967	0.86551	0.65921	0.44536	0.25014	0.13679	0.037382	-0.015444	-0.036473	-0.054271	-0.054171	-0.028789	-0.036741	9.4559
941.2	-0.018165	-0.048418	-0.096471	-0.20213	-0.34085	-0.4741	-0.69359	-0.94602	-1.2567	-1.947	-2.5032	-3.2841	-4.5124	-4.2976	-2.5544	-0.8445	0.19441	0.85998	0.88022	0.66058	0.44087	0.24362	0.11531	0.019504	-0.026095	-0.033315	-0.044882	-0.046023	-0.030447	-0.032035	9.1402
940.88	-0.033027	-0.036886	-0.08022	-0.2254	-0.35982	-0.47949	-0.65703	-0.94634	-1.2304	-1.8963	-2.3777	-3.0995	-4.595	-4.2348	-2.5202	-0.69211	0.26776	0.86812	0.86414	0.62263	0.41116	0.23698	0.10335	0.01381	-0.035987	-0.044478	-0.048044	-0.052742	-0.031275	-0.040732	8.838
940.88	-0.0082688	-0.029958	-0.098133	-0.2126	-0.34725	-0.46292	-0.67236	-0.90726	-1.217	-1.7935	-2.4228	-3.2092	-4.4734	-3.9857	-2.2747	-0.66667	0.33371	0.87685	0.86726	0.61415	0.3926	0.20252	0.093749	0.017881	-0.020783	-0.042886	-0.046469	-0.029655	-0.017372	-0.011513	8.5101
940.88	0.0098879	-0.035348	-0.09569	-0.203	-0.37509	-0.46554	-0.65933	-0.89504	-1.1848	-1.6994	-2.2784	-2.9306	-4.6031	-3.8009	-2.2572	-0.61577	0.42084	0.87161	0.86726	0.59464	0.38533	0.19832	0.078549	0.0048539	-0.039787	-0.046072	-0.05905	-0.051998	-0.020642	0.0011223	8.1835
939.71	-0.0024951	-0.018435	-0.10315	-0.22808	-0.36117	-0.47136	-0.6755	-0.91328	-1.1855	-1.8043	-2.1728	-2.8498	-4.5358	-3.5965	-2.0582	-0.36176	0.45479	0.88231	0.85507	0.5784	0.36157	0.18258	0.062626	-0.0090014	-0.049732	-0.062878	-0.056762	-0.0543	-0.014937	-0.0075734	7.9295
940.45	-0.0024932	-0.01765	-0.10225	-0.20549	-0.33393	-0.464	-0.65426	-0.90278	-1.1484	-1.683	-2.0357	-2.6701	-4.5728	-3.2399	-1.8899	-0.29359	0.48783	0.8755	0.85518	0.56267	0.34433	0.15805	0.053771	-0.015509	-0.048172	-0.047687	-0.050424	-0.049041	-0.00019532	0.0098131	7.6179
941.62	0.011528	-0.005321	-0.10782	-0.23322	-0.3712	-0.4582	-0.64043	-0.88295	-1.1179	-1.7493	-2.0242	-2.5149	-4.6319	-3.1716	-1.8	-0.20849	0.55557	0.86831	0.8471	0.54587	0.34229	0.16121	0.038516	-0.020372	-0.064824	-0.071505	-0.05979	-0.061631	-0.010001	0.007435	7.3441
942.15	0.041192	-0.00070522	-0.093122	-0.2235	-0.34947	-0.46665	-0.637	-0.83854	-1.0937	-1.6543	-2.0591	-2.522	-4.4755	-3.0575	-1.5888	-0.072843	0.5894	0.88873	0.83183	0.52438	0.30099	0.12	0.044087	-0.039875	-0.060231	-0.061919	-0.063682	-0.037052	-0.0034618	0.027934	7.0324
943	0.034566	0.0015983	-0.11253	-0.22729	-0.35363	-0.43228	-0.6219	-0.83778	-1.0801	-1.4991	-2.0122	-2.4018	-4.5361	-2.8543	-1.4125	-0.055861	0.63437	0.85572	0.82253	0.50275	0.28542	0.12157	0.032074	-0.03009	-0.054109	-0.066632	-0.063624	-0.045191	0.022654	0.02712	6.7706
944.28	0.032876	-0.0022383	-0.11482	-0.22778	-0.35763	-0.4543	-0.63022	-0.83989	-1.0575	-1.5909	-1.8745	-2.1461	-4.4573	-2.8104	-1.2796	0.11326	0.68787	0.87195	0.795	0.47418	0.26251	0.10131	0.010507	-0.055202	-0.086606	-0.072098	-0.05727	-0.053294	0.0063245	0.03102	6.477
945.45	0.02873	-0.01296	-0.12521	-0.23068	-0.34467	-0.43811	-0.61495	-0.81211	-1.0202	-1.623	-1.8722	-2.2191	-4.6293	-2.5031	-1.1297	0.1722	0.71376	0.85003	0.78238	0.44658	0.24131	0.086127	0.00014391	-0.05027	-0.067586	-0.083899	-0.065807	-0.052486	0.021781	0.025479	6.2408
947.15	0.041792	-0.020584	-0.1355	-0.23026	-0.35387	-0.43125	-0.60242	-0.78315	-1.0231	-1.45	-1.8061	-2.1732	-4.4921	-2.3469	-1.0406	0.19717	0.74078	0.86497	0.77323	0.44157	0.22965	0.066771	-0.0062137	-0.067167	-0.0871	-0.073461	-0.057096	-0.043514	0.009555	0.035631	6.0076
947.37	0.037687	-0.0052888	-0.10797	-0.23021	-0.35736	-0.43116	-0.59162	-0.77327	-0.98771	-1.6112	-1.6982	-2.1978	-4.4508	-2.2347	-1.0752	0.23082	0.7665	0.85871	0.74828	0.40019	0.21196	0.047558	-0.018926	-0.081708	-0.084815	-0.086103	-0.080511	-0.034629	0.0095528	0.025427	5.7773
948.32	0.027004	-0.0060482	-0.1321	-0.253	-0.35432	-0.45063	-0.59179	-0.77168	-0.98203	-1.5331	-1.7502	-1.8354	-4.4866	-2.0331	-0.83058	0.36524	0.79561	0.84832	0.73205	0.3939	0.18533	0.04751	-0.035575	-0.082433	-0.085483	-0.091548	-0.070288	-0.053806	0.017658	0.030887	5.5365
949.28	0.030249	-0.0083297	-0.14246	-0.23926	-0.34239	-0.44672	-0.58739	-0.77413	-0.95766	-1.4382	-1.641	-1.842	-4.4901	-2.031	-0.6299	0.30601	0.79884	0.81807	0.70891	0.36576	0.17314	0.023307	-0.057742	-0.09607	-0.094439	-0.093034	-0.085805	-0.055228	0.0071029	0.033985	5.3365
949.81	0.032685	-0.019002	-0.1206	-0.23675	-0.32797	-0.43955	-0.58479	-0.74305	-0.94466	-1.395	-1.5776	-1.8827	-4.4073	-1.8548	-0.63823	0.5243	0.81614	0.81847	0.69384	0.35799	0.15625	0.013305	-0.0482	-0.091177	-0.10417	-0.091404	-0.064725	-0.041918	0.0022374	0.02145	5.1243
950.66	0.022037	-0.022794	-0.13178	-0.23892	-0.36056	-0.42793	-0.5653	-0.73191	-0.90802	-1.3091	-1.46	-1.8142	-4.5156	-1.7577	-0.5162	0.58259	0.82831	0.80393	0.6747	0.32997	0.13295	-0.0025111	-0.069536	-0.099155	-0.11161	-0.10078	-0.084124	-0.069889	0.020852	0.020651	4.9349
950.45	0.043283	0.01835	-0.12858	-0.216	-0.33664	-0.40471	-0.5548	-0.7361	-0.88798	-1.3687	-1.4336	-1.6892	-4.5086	-1.4956	-0.53366	0.58272	0.85993	0.78424	0.67022	0.30737	0.12499	0.0041433	-0.074302	-0.095146	-0.11765	-0.10948	-0.074023	-0.071378	0.01438	0.023781	4.7666
950.88	0.027748	-0.012125	-0.14544	-0.22857	-0.35426	-0.43043	-0.57124	-0.70999	-0.87281	-1.2156	-1.3704	-1.7303	-4.3943	-1.4711	-0.44668	0.64122	0.84988	0.77353	0.63212	0.28877	0.10018	-0.034941	-0.075853	-0.10961	-0.12362	-0.10312	-0.097331	-0.055873	0.0078999	0.027678	4.5893
950.88	0.038364	-0.017457	-0.10999	-0.22778	-0.33649	-0.40453	-0.55607	-0.71241	-0.87436	-1.1139	-1.3883	-1.6467	-4.5547	-1.5426	-0.22117	0.69995	0.86357	0.77958	0.62287	0.29045	0.09299	-0.036603	-0.097225	-0.13055	-0.12211	-0.1047	-0.081769	-0.057346	0.015184	0.047991	4.4331
950.77	0.040001	0.011489	-0.12612	-0.24047	-0.33208	-0.40371	-0.54172	-0.70846	-0.84878	-1.1988	-1.3438	-1.555	-4.5793	-1.3758	-0.2212	0.65807	0.86367	0.74599	0.59439	0.25943	0.078623	-0.053241	-0.097236	-0.12493	-0.11159	-0.09683	-0.082557	-0.037455	0.015186	0.043309	4.2602
950.34	0.026129	-0.024325	-0.11247	-0.21682	-0.33223	-0.41253	-0.55334	-0.68943	-0.8297	-1.1315	-1.255	-1.5306	-4.4931	-1.2969	-0.07376	0.74234	0.86083	0.74633	0.58925	0.24359	0.063476	-0.057424	-0.10995	-0.13627	-0.13347	-0.11817	-0.091935	-0.05664	0.028147	0.037857	4.1617
951.09	0.04652	-0.0075528	-0.1438	-0.22456	-0.34618	-0.40271	-0.5385	-0.6905	-0.81194	-1.0883	-1.2451	-1.5127	-4.4815	-1.2084	-0.10839	0.78371	0.85693	0.71554	0.55486	0.23669	0.06183	-0.053223	-0.11224	-0.13213	-0.12509	-0.10783	-0.085642	-0.043334	0.019224	0.047201	4.0661
951.94	0.041582	-0.015155	-0.14528	-0.22436	-0.34055	-0.40839	-0.53499	-0.66735	-0.798	-1.0535	-1.1994	-1.4446	-4.5416	-1.0803	-0.13428	0.80814	0.86663	0.71058	0.54743	0.21468	0.053797	-0.062314	-0.10819	-0.14409	-0.12498	-0.11954	-0.084788	-0.065377	0.014358	0.044818	3.9857
953.43	0.032561	-0.012852	-0.13461	-0.23743	-0.32318	-0.41034	-0.53718	-0.6655	-0.78279	-1.0096	-1.1886	-1.409	-4.5425	-1.0072	-0.16003	0.79853	0.85483	0.68451	0.5258	0.19091	0.030617	-0.081292	-0.11828	-0.14226	-0.12704	-0.12329	-0.086208	-0.055723	0.011914	0.053319	3.8765
954.7	0.03821	-0.0052481	-0.12881	-0.23554	-0.33602	-0.38227	-0.51002	-0.66461	-0.76857	-1.0167	-1.1425	-1.3822	-4.5365	-0.97419	-0.0043173	0.72221	0.86813	0.6707	0.50358	0.18982	0.032962	-0.073727	-0.12049	-0.13806	-0.12087	-0.10978	-0.080668	-0.054179	0.030437	0.042354	3.8249
955.77	0.037354	-0.022672	-0.12145	-0.23685	-0.33211	-0.39988	-0.53058	-0.64784	-0.75378	-1.0155	-0.99025	-1.389	-4.4835	-0.95728	0.038843	0.8049	0.85675	0.68111	0.50379	0.17207	0.013856	-0.086057	-0.11878	-0.14511	-0.12672	-0.11985	-0.08677	-0.059985	0.033624	0.045416	3.7643
955.77	0.02923	-0.02646	-0.14229	-0.22661	-0.3162	-0.40504	-0.52983	-0.65185	-0.77545	-0.93125	-1.0258	-1.4388	-4.4356	-0.98892	0.10787	0.74646	0.85354	0.67768	0.49842	0.18209	0.014651	-0.097637	-0.12272	-0.1395	-0.12224	-0.1073	-0.092189	-0.054119	-0.0066344	0.050078	3.7263
955.77	0.029232	-0.012063	-0.12386	-0.23449	-0.31531	-0.40418	-0.52907	-0.65265	-0.78242	-1.0155	-1.0969	-1.3058	-4.3	-0.87818	0.056092	0.73811	0.87278	0.66394	0.49074	0.17374	-0.0028286	-0.097637	-0.12666	-0.1363	-0.12074	-0.10495	-0.094511	-0.048254	0.027988	0.047749	3.6884
955.45	0.023551	-0.015858	-0.13272	-0.22511	-0.32515	-0.41806	-0.53076	-0.65367	-0.77416	-1.0918	-1.1683	-1.3728	-4.485	-0.85475	0.090637	0.70495	0.85623	0.65901	0.4817	0.16545	-0.002828	-0.10346	-0.13536	-0.15559	-0.12302	-0.11361	-0.088347	-0.073205	0.0078621	0.045432	3.7157
954.28	0.037412	-0.0136	-0.12244	-0.23722	-0.31492	-0.39191	-0.52234	-0.65527	-0.80535	-0.89049	-1.0185	-1.2246	-4.3626	-0.87955	0.064818	0.86471	0.86129	0.66239	0.48382	0.1715	0.01547	-0.089504	-0.12528	-0.15498	-0.12542	-0.11454	-0.082254	-0.034378	0.0086777	0.044708	3.7157
953.43	0.032561	-0.012091	-0.11131	-0.21454	-0.32584	-0.39312	-0.52432	-0.63577	-0.7921	-1.1025	-1.2064	-1.2591	-4.3745	-0.82483	0.090829	0.73994	0.87492	0.64577	0.48579	0.16915	-0.002834	-0.097048	-0.13644	-0.1519	-0.13379	-0.13115	-0.090862	-0.059396	0.031285	0.049424	3.6975
953	0.033389	-0.027296	-0.13467	-0.22174	-0.32776	-0.40707	-0.53969	-0.6457	-0.77848	-0.94242	-1.1001	-1.218	-4.4805	-0.76966	0.28128	0.90775	0.86325	0.64519	0.47216	0.14661	-0.015585	-0.10539	-0.14203	-0.14393	-0.13085	-0.11626	-0.090903	-0.065304	0.0086893	0.043208	3.7279
953.43	0.020345	-0.015131	-0.13782	-0.23901	-0.32584	-0.39742	-0.51373	-0.643	-0.75873	-0.89129	-1.1085	-1.2424	-4.4385	-0.75347	0.20329	0.73994	0.86929	0.61563	0.4581	0.1365	-0.010799	-0.10451	-0.13881	-0.1511	-0.13754	-0.11464	-0.090862	-0.046902	0.0094921	0.041631	3.7021
953.64	0.03011	-0.026519	-0.12172	-0.22554	-0.33994	-0.38442	-0.50454	-0.62438	-0.75624	-0.99246	-1.1883	-1.2754	-4.4295	-0.78501	0.090809	0.77323	0.85705	0.64132	0.45799	0.14149	-0.015574	-0.11527	-0.13799	-0.14785	-0.12701	-0.12247	-0.097824	-0.071875	0.007877	0.052529	3.7339
953.85	0.024406	-0.020439	-0.14097	-0.24601	-0.32392	-0.39724	-0.51955	-0.64834	-0.78321	-0.92468	-0.98334	-1.2668	-4.3486	-0.8641	0.099447	0.86508	0.85204	0.63257	0.45866	0.14397	-0.0076098	-0.10364	-0.13322	-0.12854	-0.12173	-0.10752	-0.084617	-0.050555	0.010296	0.044728	3.7112
955.66	0.027609	-0.031012	-0.12788	-0.25814	-0.31977	-0.41195	-0.52234	-0.64391	-0.77244	-0.93136	-1.1503	-1.306	-4.4282	-0.90201	0.11653	0.79666	0.86325	0.64683	0.45626	0.15539	-0.016337	-0.10592	-0.14164	-0.14353	-0.11851	-0.13868	-0.080586	-0.061457	0.028797	0.03298	3.6915
956.41	0.019469	-0.028716	-0.15101	-0.2548	-0.33719	-0.41678	-0.5257	-0.64901	-0.80897	-0.93905	-1.1849	-1.2385	-4.4407	-0.86969	0.15953	0.76265	0.86098	0.64032	0.46817	0.15861	-0.0052073	-0.11163	-0.15176	-0.14662	-0.12814	-0.10018	-0.076656	-0.054816	0.017509	0.036839	3.7142
957.04	0.036493	-0.021884	-0.14691	-0.22631	-0.33608	-0.41136	-0.52611	-0.66059	-0.77442	-0.98893	-1.0422	-1.2045	-4.4297	-0.82962	0.15081	0.87888	0.86921	0.64418	0.46173	0.14599	-0.0044093	-0.095029	-0.13435	-0.14332	-0.12955	-0.097761	-0.061918	-0.035011	0.023126	0.038367	3.7612
957.89	0.028356	-0.032451	-0.13638	-0.24968	-0.35255	-0.43327	-0.53091	-0.664	-0.77296	-1.0049	-1.1653	-1.1703	-4.4497	-0.76575	0.055968	0.73647	0.84765	0.64275	0.48046	0.15169	0.0058976	-0.099072	-0.13266	-0.1272	-0.12047	-0.092198	-0.071131	-0.037906	0.024712	0.04066	3.9645
958.32	0.02105	-0.015054	-0.13872	-0.24486	-0.32682	-0.42366	-0.54347	-0.6709	-0.78034	-1.0044	-1.2534	-1.3521	-4.4398	-0.91529	0.081764	0.76945	0.86326	0.66046	0.49097	0.18494	0.014612	-0.080877	-0.12003	-0.12954	-0.10176	-0.089028	-0.048712	-0.040083	0.026308	0.065451	4.0752
958.96	0.016179	-0.030149	-0.1554	-0.25412	-0.34863	-0.41653	-0.53559	-0.67924	-0.82456	-1.1717	-1.1021	-1.376	-4.4845	-0.92256	0.08171	0.88545	0.86588	0.67115	0.49829	0.18481	0.024897	-0.0734	-0.11132	-0.12466	-0.099453	-0.09444	-0.06951	-0.025442	0.026291	0.04759	4.2072
959.17	0.038032	-0.011265	-0.14179	-0.25798	-0.36617	-0.44468	-0.54975	-0.69187	-0.82824	-1.0875	-1.2435	-1.235	-4.3563	-0.94601	-0.03869	0.72718	0.83853	0.66672	0.51195	0.19642	0.039933	-0.055248	-0.097169	-0.10626	-0.10018	-0.08348	-0.06178	-0.019592	0.033504	0.042157	4.3891
959.7	0.02264	-0.036163	-0.15368	-0.24372	-0.36597	-0.44614	-0.55171	-0.69867	-0.79694	-1.0701	-1.3313	-1.375	-4.489	-1.0636	0.073041	0.85983	0.84525	0.69971	0.51854	0.21211	0.047031	-0.059338	-0.08692	-0.1062	-0.092667	-0.076404	-0.056349	-0.021041	0.00943	0.036713	4.5574
960.23	0.028287	-0.022566	-0.14323	-0.26475	-0.37985	-0.44846	-0.57769	-0.6935	-0.84966	-1.0611	-1.2067	-1.4652	-4.4071	-1.2914	-0.11596	0.72637	0.84957	0.7224	0.5511	0.23609	0.072312	-0.032954	-0.079032	-0.10295	-0.081444	-0.077144	-0.047074	-0.0049755	0.019042	0.051393	4.7697
960.45	0.030707	-0.024069	-0.16234	-0.26078	-0.36041	-0.45007	-0.57305	-0.71089	-0.83638	-1.0609	-1.2065	-1.5393	-4.4855	-1.1258	-0.33919	0.72621	0.8446	0.72053	0.57236	0.26263	0.098387	-0.037887	-0.067259	-0.083786	-0.071	-0.079468	-0.048604	-0.022484	0.035062	0.043647	4.95
960.55	0.023426	-0.020297	-0.15674	-0.28034	-0.36917	-0.4466	-0.58801	-0.72597	-0.87325	-1.2117	-1.445	-1.5557	-4.5168	-1.3067	-0.22754	0.73444	0.85248	0.74694	0.59826	0.28337	0.10312	-0.0082475	-0.061766	-0.085372	-0.068014	-0.060733	-0.040895	-0.010811	0.036662	0.04519	5.1865
959.91	0.022635	-0.034645	-0.17121	-0.27268	-0.38085	-0.47255	-0.59291	-0.75279	-0.90389	-1.1874	-1.4017	-1.4657	-4.3211	-1.3312	-0.23628	0.66009	0.83389	0.74744	0.61624	0.28855	0.11426	-0.008253	-0.046909	-0.071861	-0.067313	-0.059211	-0.040154	-0.013736	0.038289	0.04754	5.3789
