12192	1	3	91	28.5	757	1	10	8	2.912	128	4096	10	0	0	0	0	372.72	964.66	1.4314e+006	0.11686	0.12367	40.685	0	0	1	0	0	0	11	0	0
943.75	0.026311	-0.045984	-0.17008	-0.263	-0.36499	-0.44238	-0.55874	-0.67395	-0.82766	-0.91751	-1.1648	-1.1121	-4.3871	-0.60898	0.25781	0.76443	0.84574	0.59151	0.41927	0.11845	-0.02137	-0.10139	-0.12588	-0.11612	-0.076802	-0.077698	-0.062006	-0.019912	0.01856	0.05623	4.1768
944.81	0.020531	-0.041334	-0.14557	-0.26748	-0.36816	-0.44101	-0.55887	-0.67644	-0.79932	-1.0017	-1.0377	-1.2117	-4.4225	-0.77635	0.11785	0.83958	0.85209	0.63341	0.4615	0.15717	0.020447	-0.066129	-0.096257	-0.10058	-0.069147	-0.060158	-0.029049	-0.0057993	0.027498	0.054593	4.521
944.92	0.028746	-0.049759	-0.15933	-0.27462	-0.37527	-0.45486	-0.57026	-0.6723	-0.83838	-1.0187	-1.2443	-1.3292	-4.4704	-0.80025	-0.021826	0.73814	0.84469	0.66635	0.50336	0.19178	0.03491	-0.056919	-0.076331	-0.086784	-0.057784	-0.050634	-0.042356	-0.0028312	0.02505	0.0538	4.8636
945.88	0.031999	-0.029799	-0.15755	-0.28469	-0.36328	-0.43965	-0.57273	-0.70483	-0.86099	-0.85583	-1.243	-1.2943	-4.4095	-0.87138	-0.0043576	0.84708	0.86328	0.69431	0.53465	0.23293	0.082241	-0.023422	-0.069886	-0.075357	-0.050165	-0.044243	-0.020413	0.0030962	0.040483	0.064742	5.1895
946.73	0.013106	-0.051193	-0.18897	-0.29	-0.38259	-0.44965	-0.59278	-0.72928	-0.83209	-1.1614	-1.2508	-1.4777	-4.4619	-1.2539	-0.29183	0.62715	0.85764	0.72837	0.58298	0.26138	0.11265	0.011676	-0.059488	-0.058295	-0.044075	-0.032329	-0.014142	0.00013453	0.046137	0.048988	5.5486
945.98	0.023787	-0.026734	-0.16158	-0.28943	-0.37574	-0.48558	-0.6146	-0.75173	-0.88983	-1.1538	-1.3865	-1.5629	-4.3041	-1.3428	-0.14384	0.57704	0.84941	0.76452	0.62221	0.31642	0.12638	0.020881	-0.018157	-0.034046	-0.02672	-0.029186	-0.018063	0.0030987	0.037227	0.069448	5.9227
946.62	0.035254	-0.028247	-0.16309	-0.29321	-0.39424	-0.48612	-0.63019	-0.78035	-0.92518	-1.1104	-1.4035	-1.587	-4.406	-1.5815	-0.35287	0.56821	0.84398	0.78394	0.65976	0.33812	0.17282	0.047596	-0.018146	-0.040497	-0.025946	-0.023624	0.0046112	0.016419	0.044517	0.051348	6.3089
946.83	0.019666	-0.03589	-0.17277	-0.30428	-0.41289	-0.51289	-0.65823	-0.78746	-0.9742	-1.3399	-1.4928	-1.8215	-4.3164	-1.685	-0.49215	0.53438	0.82195	0.81411	0.6906	0.3608	0.18481	0.068462	0.012068	-0.0089336	-0.015364	-0.008579	0.0014865	0.023816	0.042069	0.047414	6.6843
948.32	0.018816	-0.031249	-0.18219	-0.2911	-0.41491	-0.50602	-0.66252	-0.82015	-1.0078	-1.2953	-1.6696	-1.9359	-4.2614	-1.77	-0.66532	0.43255	0.80288	0.82409	0.71504	0.40231	0.22056	0.094204	0.017605	-0.0056868	0.0027602	-0.0077756	0.00070295	0.00087279	0.048494	0.052039	7.0324
948.32	0.013903	-0.034305	-0.18138	-0.32285	-0.42917	-0.50949	-0.68153	-0.86135	-1.0343	-1.3802	-1.6606	-2.0281	-4.4222	-2.1048	-0.85665	0.42414	0.75926	0.82322	0.7336	0.41241	0.25179	0.10838	0.043005	0.0096618	0.0020078	0.0040783	0.010845	0.0001343	0.037135	0.037938	7.4591
947.15	0.0081821	-0.061111	-0.18727	-0.32404	-0.4065	-0.53438	-0.6938	-0.86808	-1.0754	-1.4075	-1.842	-2.039	-4.2827	-2.283	-1.1015	0.31513	0.71652	0.85544	0.75697	0.45589	0.27134	0.12855	0.060545	0.019381	0.022398	0.01437	0.027263	0.018629	0.048554	0.051319	7.8554
946.3	0.02296	-0.039736	-0.17772	-0.30206	-0.44973	-0.54354	-0.72567	-0.8721	-1.1053	-1.7407	-1.9782	-2.3262	-4.3672	-2.6047	-1.0677	0.12145	0.68964	0.85447	0.79795	0.5069	0.30609	0.16877	0.080485	0.047734	0.020908	0.019927	0.040576	0.029753	0.044532	0.045085	8.238
945.77	0.0081941	-0.06503	-0.20212	-0.33247	-0.45892	-0.5395	-0.72455	-0.93415	-1.1513	-1.6991	-1.9973	-2.3695	-4.3293	-2.8699	-1.4607	0.053999	0.63089	0.86016	0.81004	0.52069	0.34801	0.1789	0.1052	0.063152	0.048146	0.045297	0.036688	0.044588	0.038862	0.044325	8.6385
943.22	-0.0033086	-0.056759	-0.17749	-0.32779	-0.46733	-0.56359	-0.73569	-0.95618	-1.1913	-1.7464	-2.2548	-2.6454	-4.4057	-3.1262	-1.4996	-0.20814	0.5465	0.88076	0.83478	0.57371	0.37633	0.2322	0.11666	0.090127	0.061166	0.049391	0.040709	0.038764	0.041415	0.046021	9.0616
940.34	-0.0066214	-0.053082	-0.2098	-0.3528	-0.48044	-0.58539	-0.76862	-0.99413	-1.2429	-1.8631	-2.2797	-2.7295	-4.3462	-3.4091	-1.8901	-0.22574	0.46752	0.866	0.85293	0.59498	0.40009	0.24468	0.14984	0.099363	0.06972	0.069469	0.059715	0.042609	0.049725	0.0509	9.4891
938	0.012402	-0.045493	-0.20461	-0.34004	-0.48524	-0.5851	-0.79052	-1.0113	-1.2878	-1.9278	-2.2492	-3.0243	-4.4383	-3.7964	-2.229	-0.54108	0.38211	0.86903	0.87148	0.63475	0.44075	0.27817	0.17027	0.11921	0.088956	0.067245	0.056708	0.05691	0.05395	0.041522	9.8938
936.51	0.010763	-0.050206	-0.21475	-0.34701	-0.47608	-0.60707	-0.81027	-1.0546	-1.3238	-1.8449	-2.5157	-3.1987	-4.5187	-4.0931	-2.347	-0.72942	0.27473	0.85727	0.87757	0.66473	0.46416	0.30394	0.18742	0.13167	0.11507	0.072953	0.082869	0.057	0.033492	0.04635	10.339
935.34	-0.00084583	-0.058012	-0.2142	-0.37481	-0.50469	-0.62801	-0.83364	-1.0691	-1.3674	-2.0453	-2.6278	-3.2962	-4.4673	-4.4215	-2.7203	-0.89245	0.16778	0.85307	0.87945	0.67068	0.48585	0.33391	0.2118	0.15477	0.10221	0.095478	0.084554	0.04883	0.036003	0.044023	10.756
933.85	-0.0033418	-0.045695	-0.19896	-0.35526	-0.49463	-0.62989	-0.84424	-1.0978	-1.4132	-2.0486	-2.6957	-3.378	-4.4091	-4.7362	-2.9277	-1.1075	0.054014	0.84477	0.89971	0.7179	0.5224	0.34714	0.22423	0.1624	0.12229	0.098041	0.086272	0.080422	0.039357	0.047277	11.143
933.53	-0.0016788	-0.057349	-0.2179	-0.39328	-0.52739	-0.65385	-0.87775	-1.1434	-1.4699	-2.17	-2.8512	-3.4727	-4.4678	-5.159	-3.397	-1.3643	-0.072349	0.80109	0.88901	0.74294	0.55349	0.38876	0.25011	0.17149	0.14455	0.11654	0.10136	0.066189	0.043492	0.042518	11.594
932.68	-0.014169	-0.068273	-0.20989	-0.36297	-0.49707	-0.64212	-0.89556	-1.1674	-1.4982	-2.2584	-2.9358	-3.6463	-4.4228	-5.4879	-3.6831	-1.5881	-0.23259	0.77014	0.86702	0.76158	0.58168	0.40777	0.27697	0.20121	0.15081	0.11745	0.099865	0.07301	0.055909	0.036184	12.019
931.51	-0.0075173	-0.074577	-0.21179	-0.36908	-0.53579	-0.67377	-0.89747	-1.1812	-1.5549	-2.2958	-3.1765	-3.864	-4.4693	-5.8763	-3.8471	-1.907	-0.35625	0.74291	0.8752	0.78396	0.60279	0.41931	0.30722	0.22778	0.1702	0.13047	0.10714	0.076864	0.047718	0.051382	12.413
930.66	-0.020874	-0.073869	-0.19882	-0.38559	-0.51721	-0.66557	-0.92928	-1.2309	-1.6048	-2.2633	-3.2432	-3.7993	-4.4816	-6.296	-4.2051	-2.106	-0.49734	0.70743	0.86575	0.80526	0.61068	0.44094	0.30911	0.22717	0.18188	0.14428	0.11757	0.068652	0.033705	0.020295	12.827
929.38	-0.015054	-0.059942	-0.20404	-0.37235	-0.5352	-0.65853	-0.94686	-1.2391	-1.6357	-2.5611	-3.3847	-4.0267	-4.6601	-6.4999	-4.7078	-2.3665	-0.64558	0.66071	0.86063	0.81495	0.64747	0.47217	0.33546	0.25303	0.18983	0.15819	0.13047	0.076286	0.057762	0.041907	13.205
927.14	-0.024304	-0.072586	-0.19874	-0.36513	-0.54743	-0.68137	-0.94292	-1.2768	-1.6676	-2.3066	-3.3746	-4.2078	-4.4574	-7.0619	-4.8793	-2.837	-0.82314	0.61538	0.82552	0.84532	0.66951	0.49293	0.36306	0.25778	0.21112	0.1521	0.12839	0.098387	0.027193	0.050022	13.607
924.7	-0.015971	-0.079045	-0.19347	-0.37831	-0.5635	-0.68584	-0.97973	-1.3067	-1.7072	-2.6438	-3.457	-4.2103	-4.5435	-7.3177	-5.3739	-2.8963	-0.98108	0.55399	0.8047	0.8372	0.68606	0.49937	0.35669	0.26923	0.20394	0.1752	0.13513	0.092586	0.053061	0.022032	13.986
923.1	-0.030297	-0.067413	-0.19049	-0.35613	-0.54525	-0.71103	-0.98924	-1.3007	-1.7414	-2.5	-3.6745	-4.4672	-4.4687	-7.7562	-5.7852	-3.3941	-1.1446	0.50781	0.79815	0.85853	0.69877	0.52079	0.38096	0.29709	0.22057	0.17063	0.1538	0.095024	0.04315	0.026096	14.356
922.14	-0.058958	-0.080048	-0.21976	-0.37283	-0.5394	-0.7002	-1.0059	-1.3835	-1.8114	-2.7122	-3.8257	-4.5063	-4.4733	-8.1906	-5.988	-3.6486	-1.3361	0.43624	0.76239	0.86721	0.71844	0.55306	0.39197	0.30321	0.22157	0.18381	0.15476	0.10044	0.03485	0.022093	14.727
921.39	-0.042153	-0.073039	-0.18336	-0.37068	-0.53067	-0.70611	-0.99577	-1.3513	-1.8249	-2.6707	-3.9855	-4.5961	-4.5515	-8.468	-6.3688	-3.8421	-1.5317	0.3778	0.73673	0.86705	0.74209	0.56123	0.41352	0.31593	0.23572	0.19941	0.15569	0.09824	0.062438	0.014047	15.044
920.33	-0.055699	-0.099094	-0.18274	-0.35966	-0.53587	-0.71139	-1.0126	-1.377	-1.8889	-2.7788	-4.0454	-5.0071	-4.5484	-8.905	-6.8332	-4.2541	-1.7249	0.3274	0.68976	0.8854	0.7512	0.57219	0.42136	0.30713	0.23755	0.19394	0.1422	0.1113	0.052477	0.021328	15.396
919.26	-0.047317	-0.076359	-0.20295	-0.36663	-0.55396	-0.73989	-1.0616	-1.4236	-1.9007	-2.8959	-4.2441	-5.0475	-4.6118	-9.3265	-7.0564	-4.5889	-1.8811	0.24741	0.68338	0.89858	0.77438	0.60209	0.42512	0.32499	0.24249	0.20232	0.15283	0.10228	0.045005	0.020547	15.655
918.84	-0.051565	-0.092949	-0.19971	-0.37745	-0.55513	-0.71522	-1.0087	-1.4101	-1.9169	-2.871	-4.2923	-5.1968	-4.5309	-9.5119	-7.4906	-4.9297	-2.0529	0.19035	0.64937	0.87468	0.77143	0.59032	0.45236	0.33598	0.25506	0.20405	0.16659	0.11377	0.042512	0.014896	15.91
918.41	-0.07188	-0.093779	-0.19646	-0.36205	-0.55355	-0.70573	-1.0139	-1.4625	-1.9404	-2.9074	-4.2665	-5.2338	-4.7323	-9.8538	-7.7814	-4.9929	-2.2073	0.13324	0.61853	0.89854	0.78419	0.62504	0.44765	0.35199	0.28088	0.21393	0.17311	0.10772	0.048398	0.010859	16.177
917.45	-0.065183	-0.085985	-0.20669	-0.39278	-0.53202	-0.71988	-1.0598	-1.4515	-1.8924	-2.928	-4.2802	-5.4038	-4.5959	-10.185	-8.0143	-5.2503	-2.3416	0.10296	0.59119	0.89252	0.8115	0.6119	0.46781	0.36989	0.26636	0.22478	0.17006	0.10019	0.030833	0.0043901	16.399
916.49	-0.07457	-0.12085	-0.19855	-0.36856	-0.54365	-0.71437	-1.057	-1.4037	-1.9969	-3.0717	-4.5534	-5.5828	-4.5591	-10.51	-8.2207	-5.5519	-2.5037	0.054706	0.5774	0.89345	0.80489	0.62807	0.48883	0.36275	0.28693	0.22746	0.17831	0.11559	0.030028	0.0092593	16.59
916.07	-0.079691	-0.13355	-0.1978	-0.36298	-0.53098	-0.69499	-1.0614	-1.4646	-2.0043	-2.9412	-4.5092	-5.6634	-4.7444	-10.729	-8.4766	-5.7461	-2.6236	-0.0097826	0.54884	0.90171	0.80526	0.63699	0.48413	0.37463	0.28784	0.22348	0.17355	0.1034	0.027522	0.00034211	16.814
916.28	-0.084758	-0.13194	-0.222	-0.37603	-0.53916	-0.71543	-1.0706	-1.465	-2.02	-3.046	-4.5545	-5.6794	-4.6601	-10.883	-8.8346	-6.0583	-2.7417	-0.074282	0.51829	0.88582	0.82579	0.6541	0.48894	0.38541	0.26358	0.23161	0.16948	0.11638	0.030873	-0.013443	17.058
916.92	-0.10079	-0.12158	-0.21934	-0.35771	-0.54247	-0.7024	-1.0777	-1.4523	-2.0194	-3.0351	-4.7458	-5.7795	-4.582	-11.115	-8.9904	-6.0715	-2.8342	-0.090342	0.49554	0.8913	0.82853	0.6571	0.48204	0.37929	0.28134	0.21428	0.17501	0.10789	0.026656	0.0043927	17.208
918.31	-0.11078	-0.15452	-0.19815	-0.36127	-0.54993	-0.71832	-1.0266	-1.4843	-2.0316	-2.9078	-4.6554	-5.8399	-4.7495	-11.238	-9.1565	-6.2361	-2.9242	-0.12864	0.48121	0.90647	0.82811	0.67247	0.5018	0.37789	0.28403	0.21559	0.18521	0.11231	0.032481	-0.0053224	17.306
917.88	-0.1176	-0.1325	-0.2308	-0.36062	-0.54283	-0.72134	-1.0294	-1.4825	-2.06	-3.0407	-4.6668	-5.9032	-4.5938	-11.433	-9.2865	-6.3694	-3.0541	-0.18862	0.44947	0.88254	0.82601	0.67623	0.5127	0.39643	0.28416	0.2312	0.16596	0.10931	0.01489	-0.015848	17.402
917.56	-0.11595	-0.1657	-0.21835	-0.37715	-0.52736	-0.70012	-1.0432	-1.4872	-2.0768	-3.1208	-4.7887	-6.1304	-4.6702	-11.61	-9.4246	-6.5021	-3.127	-0.21552	0.43843	0.89155	0.8354	0.67215	0.50303	0.37987	0.29283	0.22393	0.17488	0.099415	0.012379	-0.0020895	17.564
917.35	-0.12529	-0.16889	-0.24847	-0.3797	-0.52932	-0.69402	-1.0072	-1.4617	-2.1039	-3.0864	-4.7806	-5.9759	-4.7212	-11.744	-9.5976	-6.7298	-3.2179	-0.23884	0.41215	0.88827	0.83063	0.69127	0.50807	0.38914	0.28432	0.22235	0.17654	0.10249	0.014899	-0.036106	17.61
916.07	-0.16445	-0.19522	-0.26052	-0.37201	-0.52914	-0.68782	-1.0472	-1.4202	-2.0641	-3.0819	-4.7873	-6.2357	-4.6445	-11.992	-9.719	-6.7828	-3.2943	-0.2553	0.40712	0.88951	0.83262	0.67152	0.51371	0.38885	0.28472	0.22757	0.16386	0.098811	-0.0077599	-0.040212	17.741
914.58	-0.16387	-0.20187	-0.26095	-0.36521	-0.52076	-0.7015	-1.0379	-1.4745	-2.0399	-3.1134	-4.7858	-6.2285	-4.6521	-12.144	-9.789	-6.9684	-3.3684	-0.28803	0.38853	0.90493	0.85141	0.6804	0.52113	0.39032	0.28675	0.21729	0.16251	0.095142	-0.010297	-0.04109	17.688
913.83	-0.17675	-0.21076	-0.23014	-0.41246	-0.51472	-0.70298	-1.0451	-1.4807	-2.0691	-3.0983	-4.9198	-6.0598	-4.6809	-12.104	-9.9594	-7.0177	-3.4005	-0.29185	0.38564	0.89257	0.84463	0.68528	0.5232	0.37303	0.27759	0.21009	0.16102	0.079119	-0.01536	-0.055758	17.733
912.45	-0.18893	-0.19599	-0.26912	-0.37679	-0.48957	-0.71304	-1.0174	-1.399	-2.0293	-3.2884	-4.797	-6.156	-4.6379	-12.247	-9.839	-6.8971	-3.4174	-0.2914	0.37979	0.90529	0.84008	0.67765	0.5042	0.3778	0.28272	0.21533	0.15397	0.084613	-0.0077907	-0.046886	17.741
912.55	-0.19572	-0.22296	-0.30686	-0.37922	-0.58673	-0.73094	-0.99989	-1.424	-2.059	-3.1203	-4.8429	-6.1466	-4.6959	-12.171	-9.874	-7.115	-3.3927	-0.31475	0.38537	0.89382	0.85164	0.69057	0.51486	0.38111	0.27876	0.21941	0.15557	0.076157	-0.0069486	-0.041996	17.775
913.51	-0.24906	-0.27029	-0.25622	-0.43073	-0.54449	-0.72838	-0.99489	-1.4108	-1.9929	-3.0112	-4.7914	-6.0184	-4.6158	-12.116	-9.8817	-7.0376	-3.3975	-0.30364	0.38256	0.90249	0.8391	0.68032	0.51844	0.37987	0.27377	0.21426	0.16108	0.08068	-0.020419	-0.057405	17.706
914.9	-0.22662	-0.23743	-0.27677	-0.40705	-0.57969	-0.721	-1.0099	-1.319	-1.9632	-2.989	-4.6078	-6.2003	-4.7255	-12.04	-9.8036	-6.9223	-3.3999	-0.30856	0.38759	0.8924	0.84032	0.66547	0.49791	0.38348	0.27805	0.21475	0.14628	0.063708	-0.034688	-0.058943	17.694
916.17	-0.21783	-0.24816	-0.32823	-0.43441	-0.60102	-0.7397	-1.0117	-1.3657	-1.9039	-2.9673	-4.7404	-6.0269	-4.6273	-12.015	-9.7539	-6.9649	-3.3299	-0.29917	0.39826	0.89377	0.84329	0.68352	0.4964	0.3888	0.26049	0.20055	0.15092	0.052146	-0.02372	-0.075079	17.714
916.49	-0.20758	-0.24966	-0.32477	-0.45808	-0.57776	-0.74213	-1.0467	-1.3092	-1.9146	-2.7817	-4.6646	-5.9468	-4.6341	-12.044	-9.7865	-6.7796	-3.3262	-0.26414	0.38932	0.89868	0.84217	0.66603	0.49951	0.37112	0.26664	0.21111	0.15329	0.072771	-0.029588	-0.064513	17.72
917.88	-0.24449	-0.26585	-0.35433	-0.45821	-0.59806	-0.73565	-0.93672	-1.3248	-1.9318	-2.8828	-4.5928	-6.0677	-4.9096	-11.91	-9.5022	-6.8215	-3.2661	-0.26016	0.40711	0.90949	0.83428	0.67881	0.48727	0.36888	0.26078	0.18548	0.13936	0.039834	-0.048827	-0.078988	17.784
918.09	-0.24528	-0.26973	-0.31169	-0.45892	-0.62829	-0.74352	-0.95143	-1.2544	-1.8363	-2.9172	-4.4992	-5.824	-4.7007	-11.751	-9.5718	-6.6983	-3.1836	-0.22076	0.43898	0.9032	0.84071	0.67779	0.49044	0.37214	0.25527	0.18462	0.12724	0.062722	-0.049653	-0.086254	17.657
919.05	-0.25347	-0.28285	-0.35637	-0.46418	-0.60557	-0.74185	-1.0062	-1.3139	-1.7482	-2.7652	-4.5407	-5.7747	-4.5631	-11.435	-9.3734	-6.6392	-3.1044	-0.19106	0.45288	0.90052	0.83818	0.64955	0.50139	0.35007	0.25345	0.17627	0.11664	0.056556	-0.057975	-0.090205	17.516
917.88	-0.23688	-0.24928	-0.38855	-0.45739	-0.60819	-0.76873	-1.0137	-1.2789	-1.715	-2.6809	-4.4355	-5.6436	-4.7268	-11.301	-9.1068	-6.4042	-2.9957	-0.14569	0.47824	0.91993	0.83263	0.63918	0.46431	0.3355	0.22805	0.152	0.10792	0.026093	-0.063079	-0.092749	17.364
916.17	-0.24325	-0.28057	-0.39345	-0.4681	-0.66097	-0.71999	-0.99751	-1.2712	-1.7335	-2.6771	-4.2306	-5.4894	-4.6856	-10.967	-9.0247	-6.1287	-2.8591	-0.11013	0.50795	0.90248	0.83252	0.64641	0.46846	0.33612	0.21911	0.15883	0.10409	0.028437	-0.064876	-0.10752	17.183
916.17	-0.28393	-0.36279	-0.37505	-0.4796	-0.62223	-0.76569	-1.0487	-1.3139	-1.7134	-2.5189	-4.3326	-5.472	-4.6273	-10.711	-8.4576	-5.9545	-2.6818	-0.034869	0.52716	0.90248	0.79688	0.62138	0.43888	0.301	0.20193	0.13265	0.0839	0.0062572	-0.086715	-0.10265	16.979
916.39	-0.29573	-0.34058	-0.35741	-0.43185	-0.66358	-0.8721	-1.0248	-1.286	-1.6694	-2.448	-4.0258	-5.176	-4.7511	-10.412	-8.3026	-5.5873	-2.5215	0.031422	0.57427	0.89443	0.80498	0.61952	0.44946	0.30511	0.19174	0.1318	0.074999	0.0093141	-0.085016	-0.12209	16.785
914.79	-0.2903	-0.3	-0.34882	-0.51406	-0.67028	-0.81799	-1.0786	-1.3485	-1.6472	-2.417	-3.8286	-5.133	-4.576	-9.9424	-7.7762	-5.3354	-2.3509	0.08352	0.60494	0.9021	0.79394	0.58775	0.42145	0.29978	0.178	0.13859	0.056529	0.0039685	-0.095258	-0.12961	16.534
914.04	-0.24042	-0.25666	-0.40024	-0.49719	-0.66805	-0.8465	-1.1616	-1.3035	-1.6372	-2.4014	-3.9246	-4.8938	-4.805	-9.7272	-7.5208	-5.1564	-2.1827	0.13927	0.63432	0.89847	0.78877	0.59169	0.4185	0.2841	0.17815	0.10837	0.070336	-0.0059945	-0.10291	-0.10777	16.27
913.94	-0.26424	-0.37715	-0.40447	-0.55078	-0.67183	-0.82414	-1.1459	-1.3833	-1.5419	-2.2254	-3.6928	-4.6771	-4.6303	-9.2899	-7.3773	-4.7291	-2.0262	0.21293	0.66891	0.90731	0.7739	0.58224	0.42019	0.28078	0.17191	0.101	0.062249	-0.022862	-0.083559	-0.12973	16.032
913.72	-0.32888	-0.42559	-0.38444	-0.48006	-0.74782	-0.95908	-1.1723	-1.2755	-1.6823	-2.3317	-3.3591	-4.7738	-4.5897	-9.1514	-6.9638	-4.4246	-1.8632	0.27856	0.70599	0.90752	0.76162	0.56767	0.39969	0.2733	0.16334	0.10102	0.04769	-0.013666	-0.10969	-0.12407	15.766
913.3	-0.32138	-0.35997	-0.38882	-0.566	-0.88879	-0.92807	-1.0954	-1.2803	-1.6045	-2.0858	-3.3979	-4.5412	-4.6837	-8.5762	-6.5697	-4.2082	-1.6124	0.34879	0.74808	0.9027	0.76364	0.56447	0.38092	0.25498	0.14149	0.087117	0.029892	-0.031319	-0.11732	-0.15423	15.585
912.55	-0.29101	-0.33566	-0.41516	-0.6407	-0.80896	-0.90275	-1.1508	-1.3577	-1.558	-2.1935	-2.9633	-3.805	-4.6624	-7.5476	-5.7436	-3.8093	-1.3753	0.40664	0.76879	0.8842	0.73763	0.5346	0.37381	0.23336	0.12122	0.080617	0.026673	-0.043629	-0.12501	-0.15273	15.157
911.27	-0.28631	-0.29957	-0.49141	-0.69281	-0.73221	-0.97247	-1.2514	-1.2024	-1.4173	-2.0551	-3.1631	-3.6011	-4.4932	-6.6373	-4.9733	-3.2805	-1.1418	0.49278	0.78838	0.89069	0.7195	0.5154	0.34377	0.20846	0.11354	0.053589	0.020217	-0.045997	-0.11167	-0.1456	14.852
910.1	-0.33702	-0.4249	-0.48615	-0.6416	-0.73965	-1.0549	-1.0874	-1.1383	-1.3964	-2.0843	-3.0459	-3.8502	-4.6917	-6.056	-4.6172	-2.9252	-0.93873	0.55295	0.83131	0.85589	0.70708	0.5065	0.33098	0.1961	0.099543	0.056129	-7.9969e-005	-0.058373	-0.12534	-0.1662	14.514
910.21	-0.34039	-0.397	-0.51387	-0.72174	-0.82683	-0.9709	-1.0524	-1.2274	-1.4434	-1.9956	-2.7843	-3.4046	-4.6493	-5.3908	-4.3539	-2.5303	-0.76775	0.63314	0.85458	0.85403	0.66862	0.46127	0.31275	0.1784	0.079101	0.020717	-0.014711	-0.079154	-0.15323	-0.18251	14.196
909.46	-0.37397	-0.38299	-0.53872	-0.68344	-0.77734	-0.89679	-1.0881	-1.1719	-1.3274	-1.8378	-2.4878	-2.962	-4.6783	-5.1791	-3.904	-2.2341	-0.58559	0.66525	0.86173	0.83982	0.66082	0.45296	0.28569	0.15412	0.064222	0.021559	-0.023671	-0.09771	-0.15505	-0.18184	13.819
908.93	-0.36137	-0.44138	-0.61826	-0.65816	-0.86332	-0.87474	-0.99832	-1.1886	-1.3111	-1.8566	-2.4987	-2.9987	-4.681	-4.9659	-3.7884	-1.9105	-0.43	0.71079	0.88645	0.81046	0.62612	0.4219	0.25191	0.1382	0.046948	0.0017828	-0.039149	-0.10008	-0.15768	-0.2032	13.473
908.4	-0.34449	-0.40257	-0.5267	-0.7323	-0.73825	-0.83459	-1.018	-1.0527	-1.127	-1.6803	-2.3319	-2.9655	-4.6838	-4.5277	-3.264	-1.6656	-0.30122	0.75007	0.88535	0.78458	0.59806	0.37689	0.23217	0.10961	0.03359	-0.020494	-0.04813	-0.11557	-0.18742	-0.20495	13.084
908.72	-0.35377	-0.41598	-0.56192	-0.69725	-0.70544	-0.7801	-0.93029	-0.98826	-1.2276	-1.5645	-2.1535	-2.6235	-4.615	-4.2765	-3.0723	-1.4806	-0.16959	0.76516	0.87213	0.76937	0.56359	0.3724	0.20475	0.085118	0.0060302	-0.035332	-0.071724	-0.13249	-0.20006	-0.22287	12.729
909.36	-0.37401	-0.45551	-0.5253	-0.63054	-0.69008	-0.79309	-0.7956	-0.96819	-1.112	-1.7051	-2.1146	-2.7352	-4.5195	-3.9327	-2.7708	-1.3304	-0.06332	0.79892	0.88684	0.73285	0.52896	0.32432	0.17812	0.06231	-0.023863	-0.062504	-0.11479	-0.14318	-0.21515	-0.2366	12.376
909.89	-0.38915	-0.40748	-0.49973	-0.57557	-0.7324	-0.83322	-0.79751	-0.96089	-1.069	-1.5625	-2.0201	-2.3146	-4.6845	-3.7725	-2.5788	-1.1454	0.062174	0.81289	0.88874	0.73593	0.50612	0.31891	0.16478	0.051329	-0.033281	-0.085531	-0.12042	-0.16235	-0.23109	-0.25116	11.992
910.31	-0.38129	-0.37308	-0.49782	-0.59349	-0.67172	-0.68225	-0.79952	-0.87796	-1.0458	-1.5352	-1.8699	-2.296	-4.5985	-3.5216	-2.3602	-0.8556	0.19259	0.84767	0.88349	0.68649	0.47501	0.2875	0.12005	0.01259	-0.064695	-0.11348	-0.13011	-0.17151	-0.2183	-0.24696	11.612
911.7	-0.37816	-0.39714	-0.48866	-0.59589	-0.62436	-0.69291	-0.70416	-0.84218	-0.96468	-1.5417	-1.9602	-2.2838	-4.5915	-3.4416	-2.1847	-0.87182	0.28389	0.86709	0.88295	0.66182	0.42515	0.25757	0.10418	0.0041693	-0.060675	-0.1092	-0.13478	-0.1628	-0.21375	-0.23192	11.208
913.62	-0.36462	-0.41454	-0.41132	-0.56333	-0.64617	-0.6681	-0.64111	-0.80351	-0.90921	-1.3533	-1.7423	-2.1834	-4.5985	-3.244	-1.9273	-0.47692	0.34954	0.86437	0.87788	0.64121	0.41595	0.22241	0.085011	-0.025188	-0.084817	-0.11881	-0.14098	-0.18547	-0.23604	-0.25014	10.845
915.43	-0.35371	-0.32511	-0.39963	-0.52439	-0.58674	-0.63539	-0.6359	-0.67137	-0.93246	-1.465	-1.6368	-2.0923	-4.7144	-2.9733	-1.9235	-0.31035	0.41999	0.86087	0.86653	0.60071	0.38526	0.18742	0.05524	-0.036019	-0.10184	-0.13332	-0.15444	-0.19352	-0.21792	-0.26993	10.428
917.45	-0.28269	-0.38755	-0.46973	-0.50683	-0.52282	-0.55705	-0.51737	-0.68074	-0.83687	-1.2511	-1.5684	-2.3734	-4.5294	-3.0656	-1.6047	-0.37053	0.47751	0.87329	0.85183	0.59591	0.36041	0.16546	0.035427	-0.059322	-0.11798	-0.15834	-0.15652	-0.17934	-0.22248	-0.22156	10.034
919.9	-0.29966	-0.381	-0.45182	-0.51448	-0.45804	-0.47258	-0.49717	-0.65811	-0.81292	-1.1514	-1.6196	-2.1426	-4.6418	-2.9342	-1.7438	-0.25678	0.50789	0.85847	0.82484	0.54314	0.32313	0.13837	0.013241	-0.084147	-0.127	-0.16037	-0.1561	-0.17963	-0.21937	-0.23389	9.5586
923.2	-0.28009	-0.29413	-0.39543	-0.45638	-0.41888	-0.37931	-0.52274	-0.5819	-0.75232	-1.2171	-1.5034	-2.0661	-4.5673	-2.7517	-1.4428	-0.013813	0.56665	0.86162	0.81553	0.51872	0.3047	0.11818	0.012377	-0.080527	-0.12422	-0.15492	-0.16997	-0.18278	-0.19942	-0.2242	9.2414
926.29	-0.30346	-0.33459	-0.36269	-0.32646	-0.37461	-0.39311	-0.45247	-0.56259	-0.76099	-1.1783	-1.5534	-2.1278	-4.6427	-2.5956	-1.2599	0.012065	0.62265	0.85875	0.80173	0.49114	0.26597	0.094737	-0.019356	-0.095146	-0.1462	-0.16573	-0.1686	-0.18293	-0.19377	-0.19939	8.7987
929.17	-0.27077	-0.30082	-0.3459	-0.35948	-0.36345	-0.36274	-0.4208	-0.57734	-0.75306	-1.0793	-1.5304	-1.8647	-4.5544	-2.3435	-1.2649	0.080732	0.66938	0.84196	0.77635	0.45183	0.24635	0.064659	-0.036309	-0.10392	-0.15499	-0.17167	-0.17763	-0.18764	-0.19814	-0.21477	8.377
932.57	-0.18818	-0.21817	-0.27234	-0.32588	-0.26879	-0.28396	-0.41617	-0.56702	-0.72651	-1.1876	-1.5339	-1.9175	-4.4724	-2.2458	-1.048	0.32861	0.70636	0.8512	0.75779	0.43906	0.22347	0.050007	-0.041826	-0.12572	-0.14982	-0.17024	-0.16826	-0.15916	-0.17678	-0.17494	8.0036
936.94	-0.19808	-0.21638	-0.24654	-0.24482	-0.22065	-0.35448	-0.36651	-0.51204	-0.72629	-1.2251	-1.3817	-1.8917	-4.4515	-2.2111	-0.93748	0.33559	0.7276	0.81833	0.72529	0.40805	0.19244	0.024458	-0.06975	-0.13822	-0.16515	-0.17905	-0.17616	-0.18683	-0.18007	-0.17175	7.621
940.02	-0.15448	-0.17406	-0.20417	-0.14393	-0.26936	-0.2494	-0.34612	-0.52259	-0.72548	-1.2125	-1.4585	-1.953	-4.4937	-1.9545	-0.70629	0.31752	0.75048	0.81652	0.70731	0.37021	0.17323	0.0058723	-0.069521	-0.13206	-0.157	-0.15773	-0.17165	-0.17355	-0.15164	-0.15142	7.1838
942.58	-0.12111	-0.1759	-0.1199	-0.19864	-0.20408	-0.21302	-0.35972	-0.5423	-0.73607	-1.1665	-1.3554	-1.7539	-4.4168	-1.7407	-0.59937	0.47752	0.77608	0.7995	0.6836	0.35143	0.13892	-0.010922	-0.080513	-0.15365	-0.15809	-0.17877	-0.16804	-0.1649	-0.15613	-0.12343	6.8085
944.49	-0.10031	-0.079687	-0.15292	-0.19505	-0.15536	-0.21868	-0.35365	-0.53066	-0.72675	-1.1726	-1.3347	-1.7419	-4.3836	-1.7532	-0.5545	0.45964	0.80046	0.77789	0.65037	0.31776	0.12497	-0.028479	-0.1186	-0.15334	-0.17368	-0.16413	-0.15517	-0.15195	-0.12485	-0.10665	6.4346
944.81	-0.085485	-0.11416	-0.11151	-0.10336	-0.21612	-0.22208	-0.35429	-0.55562	-0.74138	-1.266	-1.3432	-1.59	-4.3256	-1.5525	-0.35353	0.67065	0.84073	0.7811	0.64782	0.30583	0.10644	-0.033492	-0.1106	-0.14842	-0.1774	-0.16645	-0.16451	-0.13262	-0.10608	-0.082241	6.0787
945.13	-0.070669	-0.090363	-0.063647	-0.14315	-0.15436	-0.21766	-0.35646	-0.54895	-0.72939	-0.98434	-1.2619	-1.4802	-4.4936	-1.392	-0.37959	0.5691	0.8291	0.75218	0.60181	0.28715	0.078287	-0.057741	-0.12091	-0.16377	-0.17204	-0.18305	-0.16054	-0.14518	-0.10034	-0.08693	5.7183
945.13	-0.048487	-0.045917	-0.071753	-0.12403	-0.15883	-0.22461	-0.37478	-0.55381	-0.71999	-1.1633	-1.2979	-1.4298	-4.4452	-1.24	-0.20506	0.7211	0.85018	0.73741	0.57465	0.24324	0.050167	-0.05356	-0.13127	-0.15242	-0.17204	-0.1664	-0.12688	-0.12887	-0.091385	-0.075139	5.3728
945.13	-0.0024808	-0.03672	-0.096881	-0.11926	-0.17671	-0.25153	-0.39919	-0.56759	-0.72704	-1.0014	-1.0463	-1.4214	-4.3403	-1.192	-0.10907	0.62821	0.83964	0.71831	0.55991	0.21622	0.042937	-0.094554	-0.13286	-0.17107	-0.17129	-0.17274	-0.15741	-0.1222	-0.077545	-0.040549	5.0001
944.07	-0.030448	-0.058241	-0.062095	-0.12258	-0.18407	-0.27964	-0.40805	-0.56417	-0.70748	-0.98545	-1.2454	-1.3893	-4.5391	-1.0893	-0.004366	0.73881	0.86574	0.69999	0.53334	0.19618	0.0083987	-0.092983	-0.15852	-0.19155	-0.17072	-0.18405	-0.13957	-0.12976	-0.054807	-0.035084	4.6499
942.9	0.014808	-0.022214	-0.041048	-0.10996	-0.24345	-0.2617	-0.41391	-0.55593	-0.68404	-1.1234	-1.0308	-1.3742	-4.4315	-0.82602	-0.030615	1.0021	0.8595	0.67909	0.50755	0.16172	0.0035751	-0.11155	-0.16191	-0.18366	-0.18459	-0.16202	-0.14366	-0.10985	-0.03529	-0.016217	4.3861
942.9	0.008219	0.0062076	-0.036172	-0.16185	-0.22194	-0.27911	-0.42232	-0.54862	-0.69031	-0.9696	-1.0668	-1.3658	-4.391	-0.97036	0.13559	0.79897	0.84813	0.63818	0.4601	0.15157	-0.029443	-0.15264	-0.17868	-0.21616	-0.18307	-0.17474	-0.15622	-0.10911	-0.057324	-0.010699	4.0692
942.68	0.028814	-0.01223	-0.052434	-0.14272	-0.21392	-0.30007	-0.42624	-0.55362	-0.65908	-0.93564	-1.049	-1.029	-4.4325	-0.70592	0.19686	0.81607	0.85482	0.61394	0.44542	0.12197	-0.033477	-0.14429	-0.1899	-0.20889	-0.17932	-0.17319	-0.13585	-0.091293	-0.031215	-0.0075494	3.7916
941.2	0.035459	0.0054483	-0.072053	-0.15335	-0.2394	-0.29096	-0.40853	-0.55368	-0.69471	-0.93712	-0.97852	-1.1741	-4.399	-0.57048	0.14459	0.81737	0.84804	0.5748	0.39936	0.098423	-0.061768	-0.15208	-0.1902	-0.20108	-0.21152	-0.1663	-0.13921	-0.10782	-0.014095	0.020859	3.5337
939.71	0.047909	-0.013811	-0.070536	-0.15439	-0.23258	-0.29666	-0.43374	-0.5301	-0.67219	-0.76717	-0.89873	-1.2014	-4.3085	-0.50702	0.42568	0.83564	0.84449	0.56348	0.37502	0.067158	-0.086109	-0.17672	-0.19771	-0.21608	-0.20044	-0.17613	-0.1473	-0.094565	-0.014937	0.030379	3.2909
938.64	0.04631	0.017811	-0.077962	-0.15216	-0.24725	-0.31099	-0.41732	-0.52173	-0.65955	-0.79378	-1.0445	-1.0165	-4.4272	-0.4512	0.40859	0.94715	0.85932	0.54226	0.35122	0.033227	-0.091061	-0.17608	-0.21397	-0.20898	-0.18847	-0.16914	-0.13092	-0.087955	-0.001836	0.021705	3.0208
936.83	0.051371	0.027896	-0.07893	-0.15567	-0.2369	-0.30984	-0.41351	-0.526	-0.67504	-0.88989	-1.0103	-0.94221	-4.4927	-0.26647	0.45339	0.88082	0.8389	0.51088	0.30884	0.015401	-0.11717	-0.2068	-0.21358	-0.22574	-0.19495	-0.17427	-0.14222	-0.094108	-0.010052	0.026506	2.7976
935.13	0.050633	0.010133	-0.092183	-0.15836	-0.23734	-0.31391	-0.40809	-0.51795	-0.63672	-0.71923	-0.88498	-1.0458	-4.5499	-0.33163	0.57771	0.89948	0.83141	0.48724	0.30234	0.013724	-0.12794	-0.20295	-0.22926	-0.21877	-0.19606	-0.16497	-0.12903	-0.078544	-0.01501	0.030528	2.6155
934.6	0.07725	0.024087	-0.07584	-0.1657	-0.25103	-0.31233	-0.39598	-0.51907	-0.64499	-0.80583	-0.82189	-0.80846	-4.3811	-0.22665	0.49861	0.90854	0.81549	0.4638	0.26013	-0.02811	-0.15158	-0.23183	-0.22537	-0.22464	-0.2	-0.16105	-0.13702	-0.091333	0.0088604	0.044855	2.4074
935.24	0.050627	-0.013877	-0.079885	-0.15593	-0.25357	-0.31475	-0.42501	-0.50151	-0.62952	-0.70192	-0.72145	-0.84188	-4.3454	-0.21034	0.40127	0.94205	0.79282	0.44593	0.23721	-0.041743	-0.15716	-0.24858	-0.24292	-0.2507	-0.19681	-0.17296	-0.12506	-0.065047	0.010501	0.039263	2.2571
935.13	0.025726	0.0023873	-0.10037	-0.17688	-0.24366	-0.30074	-0.40038	-0.49173	-0.59479	-0.71923	-0.73061	-0.74854	-4.4601	-0.22652	0.5777	0.82267	0.79537	0.41877	0.23723	-0.0298	-0.15718	-0.23593	-0.2518	-0.23844	-0.20371	-0.16737	-0.1227	-0.084538	0.019552	0.032911	2.0976
936.3	0.049742	-0.0007111	-0.09534	-0.16379	-0.27224	-0.30124	-0.39603	-0.49357	-0.59641	-0.66671	-0.83852	-0.73912	-4.4138	-0.10512	0.52413	0.85575	0.7641	0.38493	0.1915	-0.081755	-0.18618	-0.26519	-0.2539	-0.23896	-0.21263	-0.17117	-0.12018	-0.067967	0.013774	0.051122	1.9534
938.53	0.043004	0.0023786	-0.10001	-0.1634	-0.22747	-0.3119	-0.39047	-0.51526	-0.5808	-0.7338	-0.77319	-0.55963	-4.4115	-0.04042	0.68106	0.76016	0.76636	0.35428	0.16447	-0.079859	-0.2003	-0.25445	-0.25891	-0.24737	-0.1984	-0.17315	-0.11043	-0.072285	0.016203	0.065249	1.8729
940.88	0.056927	-0.010714	-0.10058	-0.1878	-0.26373	-0.31548	-0.40483	-0.5099	-0.60059	-0.85182	-0.64492	-0.72708	-4.3843	-0.15283	0.48652	0.80069	0.73026	0.34206	0.13132	-0.1085	-0.21594	-0.26978	-0.25827	-0.25326	-0.20703	-0.16874	-0.13532	-0.054232	0.0096187	0.039026	1.7999
941.73	0.047804	-0.012243	-0.088283	-0.19482	-0.27067	-0.30561	-0.4037	-0.50293	-0.57334	-0.62868	-0.69844	-0.73486	-4.4208	-0.016212	0.69626	1.0033	0.7239	0.3339	0.13432	-0.11433	-0.22462	-0.28046	-0.25563	-0.24734	-0.19621	-0.17893	-0.14463	-0.057158	0.015332	0.039781	1.7164
942.26	0.048603	0.0023692	-0.10124	-0.18033	-0.25079	-0.31153	-0.39123	-0.53517	-0.5738	-0.62832	-0.71608	-0.62485	-4.4669	0.015905	0.69587	0.94348	0.70073	0.31281	0.11088	-0.11003	-0.20918	-0.25932	-0.25868	-0.24558	-0.19003	-0.18202	-0.11549	-0.074973	0.010422	0.061047	1.6966
942.47	0.049417	-0.0030121	-0.10935	-0.18508	-0.27314	-0.31843	-0.40797	-0.50985	-0.57759	-0.8162	-0.54472	-0.76799	-4.4254	0.096106	0.50319	0.82474	0.70138	0.28922	0.095293	-0.15065	-0.22525	-0.26178	-0.27061	-0.24389	-0.21048	-0.17959	-0.13352	-0.068266	0.020217	0.040539	1.6678
943.54	0.041952	-0.017593	-0.097857	-0.18488	-0.2603	-0.30502	-0.4121	-0.49547	-0.56832	-0.52502	-0.58911	-0.72503	-4.283	0.015883	0.71241	0.78996	0.69491	0.29934	0.098296	-0.11496	-0.23626	-0.27405	-0.25913	-0.24118	-0.18522	-0.16191	-0.12161	-0.048137	0.0071462	0.070415	1.6541
943.86	0.040294	-0.01375	-0.11325	-0.19438	-0.26648	-0.31188	-0.41425	-0.49855	-0.57988	-0.65285	-0.66987	-0.51438	-4.4432	0.0479	0.65976	0.85735	0.69629	0.2888	0.10215	-0.13352	-0.22652	-0.26726	-0.26702	-0.24678	-0.21092	-0.18409	-0.13254	-0.053318	0.0095884	0.042053	1.7149
943.22	0.040321	-0.0014733	-0.1052	-0.19132	-0.28009	-0.31383	-0.40077	-0.53382	-0.56459	-0.78993	-0.67033	-0.63263	-4.3896	0.11207	0.63397	1.0272	0.69433	0.29595	0.092107	-0.13192	-0.22265	-0.26995	-0.27359	-0.24533	-0.20576	-0.15958	-0.10753	-0.051125	0.002253	0.041293	1.6982
943	0.047741	-0.024514	-0.10279	-0.18338	-0.24611	-0.30519	-0.39933	-0.46813	-0.57491	-0.53385	-0.64346	-0.6749	-4.3824	-0.0081769	0.85276	0.84966	0.6758	0.2821	0.075016	-0.13533	-0.24525	-0.28259	-0.26407	-0.25107	-0.19519	-0.16121	-0.10834	-0.071198	0.0063331	0.046031	1.686
943.75	0.052639	-0.01145	-0.10758	-0.17446	-0.27546	-0.30669	-0.39978	-0.49536	-0.56427	-0.66147	-0.61596	-0.64912	-4.5891	0.095976	0.54622	0.83209	0.68988	0.26448	0.086616	-0.14707	-0.23299	-0.27567	-0.26306	-0.24356	-0.19276	-0.18332	-0.11296	-0.062976	0.016929	0.046782	1.6982
943.96	0.040289	-0.019887	-0.10674	-0.18719	-0.27719	-0.32836	-0.40198	-0.49606	-0.55944	-0.66985	-0.60683	-0.59848	-4.273	0.063935	0.75577	0.89953	0.6808	0.30094	0.07494	-0.13266	-0.2273	-0.27058	-0.25423	-0.23621	-0.18817	-0.14993	-0.1098	-0.05925	0.0022513	0.045984	1.6997
943.86	0.032067	-0.01068	-0.11974	-0.20395	-0.27722	-0.32927	-0.41349	-0.51397	-0.58223	-0.61871	-0.68787	-0.61537	-4.2169	0.055921	0.76461	0.8658	0.69548	0.29228	0.078835	-0.12084	-0.22813	-0.26558	-0.26144	-0.23704	-0.19122	-0.16821	-0.10511	-0.071134	-0.00019462	0.040479	1.6617
943.86	0.04852	-0.01068	-0.12136	-0.19997	-0.28349	-0.33275	-0.43259	-0.5294	-0.57283	-0.61018	-0.73285	-0.68271	-4.4512	-0.0081695	0.57237	0.79816	0.68574	0.30271	0.098263	-0.13183	-0.22089	-0.26642	-0.25586	-0.22568	-0.20107	-0.14121	-0.10433	-0.057029	0.016927	0.04284	1.6966
942.79	0.032928	-0.032202	-0.12312	-0.197	-0.2847	-0.35054	-0.41396	-0.51212	-0.58995	-0.61941	-0.58056	-0.61606	-4.3349	-0.0081788	0.5905	0.90911	0.69464	0.29609	0.09604	-0.11251	-0.20342	-0.25833	-0.23139	-0.22431	-0.17247	-0.15012	-0.11386	-0.066014	0.012864	0.053921	1.8668
941.73	0.028018	-0.003013	-0.13384	-0.21001	-0.28233	-0.36314	-0.42055	-0.5371	-0.59533	-0.59445	-0.69844	-0.59147	-4.5261	0.015914	0.45104	0.76607	0.72471	0.31996	0.13276	-0.10162	-0.1972	-0.24771	-0.25004	-0.20667	-0.18254	-0.13835	-0.082565	-0.04451	0.024318	0.045304	2.005
941.62	0.035441	-0.02455	-0.12734	-0.22122	-0.28954	-0.34226	-0.4566	-0.53879	-0.6064	-0.72284	-0.68048	-0.7265	-4.3241	0.088168	0.65255	0.96109	0.74432	0.34963	0.15848	-0.08553	-0.17706	-0.22926	-0.21489	-0.19448	-0.16357	-0.12802	-0.073145	-0.038561	0.028408	0.053199	2.1432
941.83	0.029664	-0.019163	-0.12244	-0.22038	-0.31639	-0.36832	-0.46032	-0.58503	-0.63297	-0.71411	-0.77048	-0.73478	-4.3717	-0.00014895	0.46849	0.79988	0.74334	0.37047	0.16935	-0.045686	-0.16493	-0.22669	-0.21964	-0.20583	-0.15062	-0.14231	-0.0747	-0.034833	0.043109	0.061075	2.3907
941.3	0.036279	-0.019174	-0.1339	-0.2165	-0.30939	-0.35894	-0.45216	-0.60408	-0.63333	-0.75731	-0.81603	-0.75206	-4.3742	-0.17686	0.56515	0.80033	0.7869	0.40905	0.21776	-0.025365	-0.14808	-0.19994	-0.21097	-0.18478	-0.14767	-0.11532	-0.066883	-0.028898	0.019425	0.053217	2.5745
940.88	0.036296	-0.029958	-0.14536	-0.2142	-0.30953	-0.3687	-0.47229	-0.58726	-0.6745	-0.92888	-0.83444	-0.9297	-4.5058	-0.18497	0.45145	0.86854	0.7897	0.43541	0.24436	-0.015199	-0.12958	-0.2118	-0.19586	-0.19383	-0.13937	-0.12971	-0.084999	-0.026676	0.029247	0.050083	2.8189
940.88	0.033821	-0.036886	-0.14047	-0.231	-0.30414	-0.38266	-0.47306	-0.61983	-0.69573	-0.84327	-0.93371	-0.96349	-4.5302	-0.22514	0.49528	0.92791	0.81901	0.46332	0.28334	0.012792	-0.11344	-0.16725	-0.19586	-0.17265	-0.13709	-0.14325	-0.069272	-0.038591	0.014526	0.061137	3.0268
941.62	0.032969	-0.011475	-0.13548	-0.22922	-0.32723	-0.36841	-0.48877	-0.58028	-0.71325	-0.85115	-0.80674	-0.96271	-4.4051	-0.2892	0.47737	0.91024	0.83301	0.50654	0.3283	0.046683	-0.089967	-0.16124	-0.16533	-0.15787	-0.12939	-0.10573	-0.058218	-0.028144	0.040666	0.053988	3.3015
941.73	0.029667	-0.033777	-0.16231	-0.2252	-0.3254	-0.41108	-0.50097	-0.59161	-0.73124	-0.73131	-1.0321	-1.106	-4.3641	-0.40959	0.43353	0.97792	0.83698	0.5335	0.35319	0.075489	-0.068185	-0.14947	-0.16132	-0.15135	-0.11266	-0.10731	-0.050356	-0.036324	0.028405	0.053982	3.5473
941.83	0.02142	-0.029927	-0.14196	-0.24116	-0.32177	-0.40841	-0.5078	-0.61675	-0.73587	-0.83386	-0.99589	-0.99622	-4.5256	-0.53798	0.28461	0.76599	0.84665	0.55959	0.37495	0.093275	-0.05044	-0.12091	-0.14132	-0.13506	-0.10126	-0.098544	-0.048778	-0.010281	0.027585	0.04451	3.8113
941.41	0.027203	-0.026096	-0.16074	-0.25006	-0.33808	-0.41906	-0.52182	-0.64063	-0.74642	-0.97113	-1.0324	-1.2161	-4.2927	-0.60247	0.26721	0.80873	0.85517	0.59472	0.43278	0.12129	-0.017389	-0.097448	-0.12539	-0.11478	-0.097508	-0.089036	-0.055874	-0.014006	0.042311	0.051632	4.1101
