12302	1	3	91	27.5	757	1	4	10	0.233	128	4096	10	0	0	0	0	29.824	953.21	1.429e+006	0.11617	0.0099713	40.375	0	0	1	0	0	0	11	0	0
952.62	0.030696	-0.021742	-0.13202	-0.20446	-0.29064	-0.34927	-0.43372	-0.5572	-0.67106	-0.82442	-0.79723	-0.83571	-0.69945	-0.28079	0.5316	0.91782	0.80308	0.45186	0.26716	-0.0035016	-0.12574	-0.19534	-0.21888	-0.18672	-0.16662	-0.14432	-0.10166	-0.048884	0.016722	0.047343	3.0238
958.25	0.023223	-0.03144	-0.12325	-0.23154	-0.30568	-0.37548	-0.47106	-0.5827	-0.72116	-0.89521	-0.9875	-1.1043	-1.0137	-0.63417	0.33051	0.75419	0.80555	0.52287	0.33831	0.058147	-0.083	-0.17109	-0.18538	-0.18323	-0.15669	-0.13487	-0.11032	-0.065415	0.011003	0.039311	3.5261
953.57	0.028223	-0.0019732	-0.12064	-0.23978	-0.30009	-0.39109	-0.49303	-0.60805	-0.75961	-0.86582	-1.0012	-1.1264	-1.0267	-0.58179	0.2543	0.93366	0.84726	0.61582	0.43612	0.13041	-0.0013843	-0.10642	-0.1413	-0.14395	-0.1252	-0.10645	-0.096125	-0.043692	0.035267	0.055089	4.0449
951.34	0.025026	-0.011875	-0.12253	-0.22768	-0.34609	-0.40668	-0.52755	-0.65941	-0.79017	-0.99485	-1.1107	-1.2793	-1.2055	-0.94077	0.072835	0.82676	0.8412	0.66731	0.51039	0.18859	0.030541	-0.074253	-0.11236	-0.12497	-0.098429	-0.10512	-0.072243	-0.044531	0.03373	0.047407	4.5104
953.25	0.01683	-0.021727	-0.14077	-0.24776	-0.34895	-0.42481	-0.56356	-0.69425	-0.82583	-1.3478	-1.3401	-1.6518	-1.5711	-1.2561	-0.25611	0.69118	0.8379	0.73141	0.56323	0.24933	0.07907	-0.040926	-0.089229	-0.10221	-0.10648	-0.095476	-0.06589	-0.026065	0.036892	0.039517	5.0728
949.64	0.029976	-0.031725	-0.11953	-0.24474	-0.3565	-0.43507	-0.57786	-0.73885	-0.88273	-1.1239	-1.3005	-1.5577	-1.7136	-1.3644	-0.49156	0.82824	0.83625	0.77827	0.62408	0.30658	0.14174	0.0047143	-0.056278	-0.079204	-0.073751	-0.061116	-0.049781	-0.039447	-0.0010523	0.041231	5.5486
951.45	0.046239	-0.02862	-0.14185	-0.25297	-0.3576	-0.43942	-0.60405	-0.78978	-0.95337	-1.2826	-1.5211	-1.8386	-1.991	-1.8227	-0.57732	0.64218	0.80406	0.82079	0.68148	0.37142	0.17659	0.045426	-0.02136	-0.07503	-0.057823	-0.05391	-0.051241	-0.018014	0.015126	0.044278	6.0545
947.3	0.014477	-0.044803	-0.15621	-0.26998	-0.40109	-0.4812	-0.64933	-0.8175	-1.0169	-1.5518	-1.9043	-2.0814	-2.3137	-2.2776	-0.90197	0.32485	0.73642	0.82179	0.72241	0.40337	0.21985	0.088196	-0.00079444	-0.047052	-0.063363	-0.038324	-0.024132	-0.015134	0.02819	0.031139	6.5965
947.83	0.030851	-0.035606	-0.13915	-0.27141	-0.38928	-0.50085	-0.64212	-0.83806	-1.0577	-1.5934	-1.724	-2.2311	-2.4733	-2.4438	-1.0581	0.29941	0.70448	0.8603	0.77927	0.46966	0.271	0.12819	0.028589	-0.01227	-0.022576	-0.020115	-0.024118	-0.012167	0.019243	0.033474	7.0582
945.7	0.021891	-0.036453	-0.15081	-0.27441	-0.39819	-0.5176	-0.67102	-0.87478	-1.1297	-1.6651	-1.9614	-2.3117	-2.737	-2.8171	-1.3047	0.072253	0.6283	0.84835	0.78335	0.507	0.31256	0.1544	0.052534	0.0039049	-0.01204	-0.02333	-0.018696	-0.012936	0.030678	0.036692	7.5559
945.17	0.014509	-0.044902	-0.1744	-0.30562	-0.43507	-0.55697	-0.70879	-0.91985	-1.1828	-1.7683	-2.232	-2.54	-3.0452	-3.1546	-1.6195	-0.14724	0.51193	0.85403	0.82492	0.53769	0.34246	0.18878	0.078844	0.02012	-0.0044791	-0.015414	-0.0093149	-0.0047876	0.024996	0.030422	8.0671
943.04	0.034301	-0.0096755	-0.15205	-0.29514	-0.42709	-0.50339	-0.7058	-0.9528	-1.2317	-1.7638	-2.0929	-2.7394	-3.1895	-3.4183	-1.9031	-0.22374	0.42535	0.85944	0.84856	0.58967	0.3835	0.22359	0.10935	0.054284	0.023574	0.017929	0.014983	0.016749	0.029132	0.036795	8.4753
939.11	0.025352	-0.027455	-0.13066	-0.30038	-0.43248	-0.53172	-0.75714	-0.97066	-1.27	-1.857	-2.3639	-3.1315	-3.4547	-4.0444	-2.2711	-0.60708	0.32924	0.86742	0.86462	0.63633	0.42392	0.24389	0.13145	0.067566	0.033574	0.031573	0.016624	0.020549	0.010408	0.040112	8.9347
942.19	0.0046651	-0.036589	-0.17495	-0.32896	-0.45707	-0.55351	-0.76691	-1.035	-1.3184	-2.039	-2.5274	-3.2899	-3.7915	-4.2719	-2.5175	-0.73213	0.21026	0.85151	0.86412	0.65203	0.44913	0.2775	0.14061	0.086858	0.043333	0.025105	0.014214	0.018995	0.027525	0.032885	9.4076
938.25	0.025375	-0.035199	-0.14057	-0.31269	-0.44458	-0.5637	-0.80626	-1.0418	-1.3776	-1.9359	-2.5742	-3.2783	-3.9618	-4.5799	-2.9149	-0.99888	0.098458	0.84896	0.88104	0.6956	0.47448	0.29805	0.18212	0.10682	0.067146	0.030802	0.028466	0.022062	0.023541	0.021938	9.7806
938.89	-0.010204	-0.041345	-0.15272	-0.30767	-0.45868	-0.59042	-0.78266	-1.0655	-1.3979	-2.0547	-2.8348	-3.2761	-4.3003	-4.9231	-3.2028	-1.2872	-0.035428	0.79155	0.87028	0.70023	0.51541	0.32564	0.19322	0.11654	0.064053	0.037964	0.027659	0.01981	0.036638	0.033793	10.182
936.98	-0.0044243	-0.034473	-0.15303	-0.33159	-0.46863	-0.61878	-0.82506	-1.0939	-1.46	-2.1707	-2.8768	-3.5286	-4.5045	-5.3769	-3.4822	-1.5113	-0.14261	0.78792	0.86345	0.73658	0.52294	0.3398	0.2161	0.13313	0.087085	0.05804	0.036401	0.033309	0.00057515	0.036241	10.564
934.32	-0.01441	-0.037673	-0.1551	-0.2979	-0.45279	-0.60298	-0.83204	-1.1076	-1.4879	-2.2803	-2.8941	-3.5387	-4.5989	-5.5217	-3.8011	-1.5754	-0.2447	0.74975	0.86198	0.74465	0.54882	0.36024	0.228	0.15565	0.08427	0.070235	0.036503	0.031905	0.030228	0.014078	10.909
936.34	0.0022063	-0.040686	-0.17277	-0.33584	-0.44639	-0.63236	-0.86414	-1.1552	-1.5297	-2.2754	-3.1508	-3.7092	-5.1592	-5.9216	-4.1012	-1.9811	-0.39717	0.72095	0.84759	0.75412	0.56872	0.38648	0.23876	0.16022	0.094019	0.052475	0.041956	0.035577	0.032627	0.015633	11.234
934.53	-0.01773	-0.055489	-0.14605	-0.32682	-0.4563	-0.61953	-0.86427	-1.1763	-1.5256	-2.3487	-3.2751	-3.7674	-5.1447	-6.289	-4.3297	-2.0959	-0.50369	0.69161	0.84531	0.77779	0.59419	0.40923	0.25775	0.16135	0.12481	0.083051	0.054703	0.044643	0.013752	0.01646	11.57
933.15	-0.024413	-0.047809	-0.15858	-0.32327	-0.46422	-0.63276	-0.87946	-1.1977	-1.5587	-2.5335	-3.1798	-3.9518	-5.4711	-6.3064	-4.5483	-2.2273	-0.6005	0.64689	0.84263	0.7721	0.6024	0.42763	0.26701	0.18704	0.10661	0.086388	0.07064	0.029691	0.0088243	0.0061313	11.855
933.04	-0.025249	-0.048592	-0.15696	-0.3096	-0.4842	-0.60908	-0.89193	-1.1921	-1.6025	-2.3266	-3.2712	-4.1225	-5.6107	-6.7771	-4.7786	-2.5012	-0.70977	0.62673	0.82386	0.791	0.62851	0.44124	0.28963	0.17639	0.13345	0.088807	0.057963	0.031949	0.0096512	0.0077253	12.108
931.87	-0.039444	-0.067305	-0.14647	-0.33745	-0.49025	-0.64684	-0.8706	-1.2125	-1.6347	-2.4159	-3.4393	-4.0935	-5.7733	-6.8749	-4.9616	-2.6842	-0.81096	0.60197	0.80364	0.80484	0.63256	0.44688	0.29403	0.19059	0.13745	0.097766	0.074706	0.024469	0.0055319	0.0021522	12.382
931.12	-0.039476	-0.072027	-0.17291	-0.31913	-0.49427	-0.6359	-0.89531	-1.2168	-1.6305	-2.3573	-3.515	-4.0798	-5.9581	-7.0996	-5.0631	-2.7978	-0.84123	0.58394	0.81374	0.81577	0.62573	0.44639	0.2975	0.2039	0.12911	0.083355	0.07	0.023735	0.014629	0.003752	12.596
930.59	-0.05118	-0.073623	-0.16561	-0.3185	-0.49364	-0.62832	-0.88807	-1.2183	-1.6433	-2.5924	-3.5535	-4.2443	-6.0025	-7.3799	-5.3052	-3.0567	-0.99483	0.56311	0.79923	0.82053	0.65873	0.46364	0.31789	0.21884	0.14148	0.10515	0.078784	0.053116	-0.010996	-0.0034337	12.813
928.46	-0.051297	-0.092516	-0.16516	-0.31842	-0.48294	-0.64921	-0.93672	-1.2434	-1.6654	-2.5636	-3.6714	-4.3567	-6.2545	-7.4945	-5.504	-3.1926	-1.0342	0.54672	0.80185	0.83702	0.67087	0.47918	0.3251	0.23419	0.14566	0.11185	0.082948	0.041162	0.0088689	-0.00023928	13.023
928.67	-0.052122	-0.095614	-0.13955	-0.31835	-0.48465	-0.65702	-0.92097	-1.2431	-1.6841	-2.537	-3.5792	-4.4412	-6.327	-7.794	-5.5915	-3.2606	-1.0934	0.52449	0.76691	0.8162	0.6699	0.47652	0.32584	0.21847	0.15102	0.11101	0.083727	0.026817	0.00058029	-0.0058396	13.155
929.74	-0.045382	-0.099399	-0.15834	-0.28479	-0.4532	-0.60506	-0.91138	-1.2713	-1.7196	-2.5861	-3.5111	-4.419	-6.4756	-7.7119	-5.7625	-3.1453	-1.1581	0.49476	0.76761	0.83415	0.68465	0.48022	0.33923	0.23469	0.15777	0.12217	0.082834	0.05392	-0.0019036	-0.0034368	13.348
928.99	-0.062969	-0.1026	-0.17249	-0.31581	-0.47175	-0.60466	-0.89038	-1.2435	-1.6812	-2.4581	-3.715	-4.4055	-6.5711	-7.9215	-5.6872	-3.4743	-1.2134	0.47572	0.77296	0.85286	0.68683	0.49167	0.34274	0.23653	0.1656	0.11662	0.082105	0.050189	0.0022375	-0.0090365	13.441
924.41	-0.072522	-0.11251	-0.17334	-0.32551	-0.46312	-0.62897	-0.90961	-1.2546	-1.7087	-2.7317	-3.6599	-4.6421	-6.6449	-8.1162	-5.9474	-3.5174	-1.2551	0.46387	0.75219	0.8381	0.68366	0.48641	0.32327	0.21367	0.15558	0.11396	0.07611	0.042858	-0.030217	-0.02596	13.522
928.89	-0.10059	-0.10651	-0.17663	-0.31584	-0.47999	-0.64538	-0.89591	-1.2568	-1.7124	-2.5711	-3.7703	-4.3974	-6.6293	-7.841	-5.7589	-3.5348	-1.2391	0.4634	0.7541	0.84265	0.68282	0.5011	0.32495	0.23656	0.14559	0.11825	0.086097	0.019268	-0.0068749	-0.035434	13.577
927.4	-0.08401	-0.10746	-0.148	-0.30012	-0.47074	-0.6119	-0.91213	-1.2613	-1.7088	-2.5492	-3.7214	-4.5416	-6.5577	-8.0493	-5.7593	-3.42	-1.2585	0.48185	0.75927	0.84745	0.68801	0.48911	0.34901	0.21877	0.15431	0.10713	0.075865	0.035921	-0.004398	-0.017064	13.655
928.78	-0.070508	-0.10184	-0.1882	-0.29481	-0.48551	-0.64104	-0.88515	-1.2627	-1.7294	-2.7362	-3.7067	-4.7058	-6.8025	-8.0617	-6.1858	-3.561	-1.3168	0.44401	0.76208	0.83501	0.69353	0.49349	0.34687	0.23494	0.15408	0.11504	0.061413	0.034359	-0.021789	-0.033838	13.689
926.76	-0.093284	-0.11144	-0.17125	-0.30601	-0.44007	-0.62295	-0.8793	-1.268	-1.714	-2.5683	-3.6599	-4.5361	-6.6281	-7.9488	-5.9145	-3.586	-1.2957	0.44941	0.75583	0.84028	0.68849	0.51419	0.34763	0.23958	0.15905	0.11933	0.081505	0.049555	-0.00024682	-0.019481	13.703
922.07	-0.086178	-0.097085	-0.16381	-0.31328	-0.4423	-0.59318	-0.87281	-1.2279	-1.7275	-2.5989	-3.6692	-4.5506	-6.6039	-8.0712	-6.0162	-3.535	-1.284	0.48018	0.76842	0.84715	0.68869	0.50137	0.35511	0.24579	0.16839	0.12725	0.088337	0.045246	0.0014201	-0.0091044	13.692
924.31	-0.093531	-0.1133	-0.16839	-0.29705	-0.47689	-0.63259	-0.89879	-1.307	-1.7401	-2.6449	-3.8625	-4.5825	-6.6869	-8.0762	-5.957	-3.4314	-1.2693	0.46214	0.75466	0.83906	0.68045	0.50614	0.33226	0.22696	0.1587	0.10019	0.072116	0.021637	-0.014403	-0.018729	13.662
928.14	-0.060517	-0.09801	-0.16109	-0.32178	-0.46581	-0.62998	-0.90596	-1.2339	-1.7178	-2.6513	-3.6178	-4.4866	-6.5771	-7.8555	-5.7991	-3.2453	-1.241	0.49296	0.78079	0.84075	0.70055	0.48957	0.35279	0.2384	0.16035	0.1135	0.074211	0.050237	0.01219	-0.0090448	13.68
923.35	-0.07765	-0.093812	-0.18682	-0.30877	-0.46823	-0.63414	-0.89894	-1.2677	-1.7123	-2.6214	-3.5354	-4.441	-6.5947	-7.8717	-5.9453	-3.3486	-1.2283	0.47507	0.78881	0.84166	0.68609	0.50153	0.34728	0.24959	0.14337	0.11571	0.075395	0.035318	-0.0035827	-0.026796	13.685
926.44	-0.075715	-0.096627	-0.19694	-0.32643	-0.46393	-0.63734	-0.90062	-1.2494	-1.7058	-2.5866	-3.7253	-4.512	-6.5234	-7.9842	-5.7474	-3.4408	-1.1854	0.49918	0.77035	0.84057	0.6666	0.49474	0.32825	0.22395	0.14675	0.083777	0.074347	0.027637	-0.034303	-0.021092	13.563
927.4	-0.036287	-0.10512	-0.15874	-0.30174	-0.47439	-0.59685	-0.93235	-1.2175	-1.6649	-2.4623	-3.5108	-4.3103	-6.163	-7.6417	-5.448	-3.05	-1.0933	0.53495	0.78774	0.83798	0.66918	0.47121	0.34983	0.2262	0.14351	0.11198	0.070281	0.047254	-0.004398	-0.0082514	13.37
923.67	-0.055767	-0.062414	-0.15275	-0.31355	-0.46258	-0.60193	-0.87833	-1.2108	-1.646	-2.2979	-3.4422	-4.2331	-6.0144	-7.1814	-5.3361	-2.9586	-0.99317	0.54422	0.79886	0.82322	0.66941	0.46626	0.30316	0.20638	0.14564	0.11162	0.070563	0.034549	0.014747	-0.0034594	13.19
928.03	-0.056341	-0.10426	-0.1545	-0.28693	-0.48226	-0.64155	-0.90295	-1.2505	-1.6383	-2.3738	-3.5908	-4.1875	-5.9615	-7.335	-5.1243	-2.9447	-0.93483	0.56024	0.79589	0.80731	0.64336	0.45555	0.31876	0.20541	0.13494	0.091708	0.047113	0.03061	-0.016833	-0.018654	12.929
928.03	-0.050484	-0.054316	-0.1512	-0.30883	-0.45585	-0.59998	-0.88275	-1.2167	-1.6152	-2.5388	-3.298	-4.042	-5.7231	-6.781	-4.9466	-2.5749	-0.84733	0.60623	0.82277	0.82279	0.64826	0.4581	0.30903	0.21449	0.13725	0.11028	0.065449	0.044956	0.027115	-0.012248	12.733
929.21	-0.02953	-0.067499	-0.15266	-0.35057	-0.44891	-0.64074	-0.85913	-1.23	-1.606	-2.2322	-3.3029	-4.0711	-5.6256	-6.9515	-4.9049	-2.6404	-0.78937	0.62578	0.82489	0.82261	0.63764	0.44902	0.31107	0.19938	0.13169	0.089173	0.072533	0.034343	0.02791	0.02375	12.432
926.44	-0.033809	-0.062227	-0.14567	-0.29312	-0.49221	-0.61696	-0.89672	-1.1898	-1.6171	-2.4475	-3.322	-3.9718	-5.6754	-6.8009	-4.7148	-2.5277	-0.69746	0.65689	0.83448	0.78458	0.62151	0.43073	0.2925	0.18178	0.11664	0.079732	0.052786	0.033688	0.012211	0.0093834	12.25
931.12	-0.0086225	-0.043247	-0.14988	-0.28841	-0.46977	-0.60064	-0.87285	-1.169	-1.547	-2.2103	-3.0773	-3.7982	-5.3028	-6.3445	-4.3987	-2.2664	-0.58617	0.66504	0.85549	0.79863	0.60779	0.42346	0.28052	0.18416	0.11528	0.088186	0.06841	0.034272	0.020414	0.014922	11.97
925.59	-0.014546	-0.049766	-0.15491	-0.30558	-0.47258	-0.60512	-0.86093	-1.1835	-1.5363	-2.3366	-3.0315	-3.7695	-4.9637	-6.1455	-4.1934	-2.0472	-0.46717	0.70804	0.84872	0.78099	0.59419	0.39695	0.26349	0.1687	0.10979	0.069279	0.046439	0.040533	0.013054	0.009392	11.651
931.12	-0.0061206	-0.039357	-0.15646	-0.28679	-0.48429	-0.62267	-0.83102	-1.1452	-1.5129	-2.3573	-3.1776	-3.73	-5.139	-5.9385	-4.1773	-1.975	-0.38129	0.71177	0.86021	0.75921	0.55804	0.38525	0.23444	0.16441	0.091473	0.060818	0.044575	0.01621	0.03281	0.014922	11.359
931.76	0.00055135	-0.026893	-0.12675	-0.29225	-0.45131	-0.56499	-0.79175	-1.1082	-1.4817	-2.1223	-2.8109	-3.3949	-4.7343	-5.6261	-3.6256	-1.6482	-0.26839	0.75356	0.86199	0.75697	0.55277	0.36632	0.24559	0.15772	0.10599	0.069625	0.035016	0.028985	0.022052	0.028468	11.008
928.99	0.0013867	-0.032432	-0.14445	-0.32067	-0.4572	-0.57197	-0.81818	-1.0909	-1.4574	-2.0853	-2.8375	-3.6017	-4.5924	-5.358	-3.4944	-1.4727	-0.15868	0.78938	0.87166	0.72143	0.53479	0.33847	0.2131	0.1384	0.082444	0.059345	0.024767	0.035103	0.012179	0.014158	10.642
934.21	-0.0044374	-0.037678	-0.14938	-0.30357	-0.44922	-0.60129	-0.78659	-1.0668	-1.4033	-2.0822	-2.8762	-3.301	-4.428	-5.1419	-3.4307	-1.473	-0.069229	0.7841	0.86287	0.71484	0.5058	0.33573	0.19338	0.12532	0.055951	0.034946	0.023837	0.013156	0.017052	0.014079	10.31
928.99	0.031477	-0.03555	-0.14115	-0.30852	-0.44174	-0.56049	-0.77858	-1.0488	-1.3754	-1.9639	-2.4994	-3.2597	-4.0752	-4.7232	-2.9351	-0.95729	0.062329	0.83268	0.86929	0.69222	0.49311	0.30442	0.18879	0.11283	0.070896	0.022234	0.011229	0.0049349	0.0022375	0.030952	9.9195
934.85	0.0155	-0.018282	-0.15174	-0.27518	-0.43264	-0.56488	-0.77216	-1.0111	-1.3422	-1.9688	-2.5564	-3.2138	-3.9844	-4.451	-2.802	-0.8574	0.16274	0.83186	0.8662	0.66996	0.45428	0.28391	0.15701	0.094098	0.042143	0.017285	0.026195	-0.0055911	0.0046931	0.029962	9.5375
935.7	-0.00028192	-0.041486	-0.13359	-0.287	-0.41509	-0.54506	-0.75913	-0.98074	-1.3086	-1.9842	-2.3816	-3.2873	-3.777	-4.2288	-2.5174	-0.72017	0.2371	0.85128	0.85836	0.64547	0.43845	0.25576	0.14883	0.050617	0.029874	0.0084578	0.0016613	0.013885	0.018668	0.035495	9.116
936.13	0.022115	-0.023674	-0.15399	-0.28687	-0.41761	-0.52377	-0.73644	-0.95656	-1.2369	-1.8026	-2.1175	-2.87	-3.3842	-3.7019	-2.1726	-0.34474	0.38757	0.85965	0.86267	0.61364	0.40499	0.2244	0.11338	0.059597	0.021454	0.010858	-0.010193	-0.0070797	0.01866	0.021987	8.6824
935.38	0.013	-0.019821	-0.15165	-0.28871	-0.4071	-0.55403	-0.7031	-0.94176	-1.2102	-1.7955	-2.2463	-2.6685	-3.2727	-3.4624	-1.7864	-0.41328	0.48207	0.86385	0.83983	0.58341	0.35822	0.19752	0.090131	0.025244	-0.0052917	-0.027595	8.0931e-005	-0.0085841	0.0096271	0.033919	8.2077
937.19	0.032031	-0.032921	-0.14237	-0.28172	-0.40722	-0.49165	-0.6902	-0.91297	-1.1463	-1.7748	-1.9429	-2.5446	-2.9897	-3.1895	-1.6773	-0.10592	0.5588	0.86131	0.81317	0.52268	0.32918	0.16424	0.081122	0.012117	-0.013675	-0.021143	-0.033864	-0.016043	0.0046814	0.028303	7.7979
937.83	0.028696	-0.015909	-0.15126	-0.29036	-0.38532	-0.47731	-0.6705	-0.88212	-1.1155	-1.5503	-1.9144	-2.238	-2.9064	-2.8085	-1.4388	0.081348	0.64583	0.85372	0.80323	0.48999	0.28604	0.13462	0.038528	-0.013217	-0.036546	-0.038711	-0.017275	-0.018275	0.013704	0.032247	7.2942
940.28	0.022841	-0.038204	-0.15412	-0.288	-0.37263	-0.46995	-0.65572	-0.85212	-1.0756	-1.6062	-1.8101	-2.2575	-2.5013	-2.5036	-1.0754	0.13208	0.70199	0.85411	0.74809	0.44033	0.24168	0.098946	0.017613	-0.033552	-0.04558	-0.044188	-0.035325	-0.013755	0.019397	0.039274	6.7933
944.85	0.029306	-0.01809	-0.14689	-0.28103	-0.4066	-0.492	-0.61972	-0.80664	-0.99056	-1.5473	-1.6306	-2.1036	-2.2793	-2.0674	-0.93051	0.34259	0.76427	0.82392	0.71885	0.39513	0.2156	0.05746	-0.013544	-0.054472	-0.061256	-0.048733	-0.041419	-0.027781	0.027448	0.017064	6.3543
943.04	0.026892	-0.018891	-0.14473	-0.25124	-0.36079	-0.46509	-0.61173	-0.7757	-0.95794	-1.2599	-1.7598	-1.8466	-2.0734	-1.9191	-0.60868	0.42787	0.79904	0.80461	0.679	0.36288	0.15642	0.041639	-0.040707	-0.076509	-0.084885	-0.085385	-0.057974	-0.038979	0.0062835	0.024976	5.8667
946.13	0.038292	-0.014236	-0.14102	-0.24644	-0.34621	-0.43581	-0.58839	-0.73916	-0.90712	-1.3324	-1.3681	-1.7398	-1.9215	-1.5612	-0.41493	0.66265	0.82397	0.7803	0.6512	0.31025	0.12461	-0.0027905	-0.05569	-0.1046	-0.083853	-0.09382	-0.065603	-0.027743	-0.0051223	0.041387	5.4047
946.98	0.02432	-0.022637	-0.1409	-0.22953	-0.35215	-0.41809	-0.56654	-0.71341	-0.84459	-1.127	-1.2503	-1.5621	-1.5654	-1.3283	-0.25779	0.66205	0.82647	0.72239	0.5809	0.25182	0.082001	-0.040362	-0.089026	-0.12716	-0.10039	-0.083447	-0.080387	-0.042516	0.00056907	0.044487	4.9
945.38	0.030112	-0.028038	-0.14924	-0.24504	-0.33308	-0.39275	-0.52095	-0.66843	-0.78888	-1.1374	-1.1357	-1.4387	-1.3986	-1.1386	-0.19715	0.71381	0.84974	0.67238	0.50352	0.18303	0.018684	-0.083923	-0.13297	-0.14439	-0.13612	-0.12243	-0.10635	-0.063343	-0.014081	0.022556	4.4028
950.49	0.025863	-0.021791	-0.12264	-0.21284	-0.31529	-0.38977	-0.49463	-0.63904	-0.75351	-1.0466	-1.0045	-1.1635	-1.335	-0.76661	0.029505	0.78554	0.83953	0.62472	0.44602	0.13083	-0.024558	-0.11508	-0.16155	-0.15974	-0.15721	-0.1202	-0.098771	-0.049731	0.020809	0.019308	3.966
952.19	0.021742	-0.037726	-0.13852	-0.23539	-0.29609	-0.38477	-0.49981	-0.6025	-0.74673	-0.89246	-1.1097	-1.1447	-1.0362	-0.6382	0.28931	0.78414	0.83401	0.56326	0.38591	0.09707	-0.066779	-0.15474	-0.17787	-0.18278	-0.15994	-0.15304	-0.10248	-0.06068	0.01673	0.047364	3.4699
950.6	0.029129	-0.0256	-0.13069	-0.21203	-0.3037	-0.35951	-0.45816	-0.57853	-0.7223	-0.96175	-1.0312	-1.0213	-0.88549	-0.42454	0.3245	0.72667	0.80076	0.49599	0.30245	-0.00015125	-0.11802	-0.20574	-0.2138	-0.20888	-0.19482	-0.16197	-0.14234	-0.063731	-0.0075285	0.021653	2.9509
955.49	0.030604	-0.0080343	-0.098749	-0.18179	-0.26942	-0.33619	-0.42185	-0.52425	-0.59627	-0.71234	-0.81262	-0.8415	-0.60156	-0.31159	0.41778	0.79815	0.76458	0.41012	0.21262	-0.046922	-0.16748	-0.22206	-0.24107	-0.22946	-0.19157	-0.17055	-0.13155	-0.077339	-0.00749	0.041758	2.4925
951.77	0.026645	-0.024045	-0.11684	-0.19595	-0.27136	-0.32974	-0.39015	-0.50376	-0.58694	-0.71513	-0.68197	-0.70291	-0.43563	-0.12217	0.59273	0.92703	0.70237	0.3091	0.11866	-0.10831	-0.20963	-0.27361	-0.2689	-0.24968	-0.20886	-0.18539	-0.1344	-0.065127	0.00056621	0.044263	2.008
955.38	0.040361	-0.020164	-0.10598	-0.18181	-0.25884	-0.30272	-0.37886	-0.49223	-0.53051	-0.73772	-0.71494	-0.60046	-0.47389	0.13154	0.59913	0.65623	0.60269	0.17733	-0.010778	-0.22485	-0.29388	-0.32389	-0.31515	-0.2792	-0.24026	-0.20666	-0.16021	-0.10082	-0.014739	0.02232	1.5143
957.08	0.036232	0.0040876	-0.10739	-0.18306	-0.24072	-0.27645	-0.37819	-0.43533	-0.48628	-0.57649	-0.53624	-0.44171	-0.13834	0.25768	0.79628	0.84683	0.54718	0.12042	-0.082802	-0.25697	-0.33699	-0.35801	-0.32482	-0.29792	-0.24207	-0.2149	-0.1321	-0.068424	0.011016	0.046348	0.98397
956.23	0.033017	-0.014844	-0.093065	-0.15016	-0.22768	-0.24837	-0.33478	-0.38924	-0.43565	-0.51804	-0.29694	-0.21781	0.10083	0.47929	0.78835	0.68903	0.41788	-0.017682	-0.20791	-0.35734	-0.3905	-0.40133	-0.35345	-0.31661	-0.24902	-0.21039	-0.1593	-0.09047	0.011026	0.033955	0.60394
956.66	0.017581	-0.030736	-0.10343	-0.15482	-0.21168	-0.2637	-0.32558	-0.38026	-0.39447	-0.64412	-0.32343	-0.30904	-0.018802	0.43165	0.69315	0.56358	0.28235	-0.15324	-0.33663	-0.43643	-0.45462	-0.44496	-0.41623	-0.3445	-0.27881	-0.23145	-0.17392	-0.11167	-0.019546	0.015301	0.094556
959.1	0.037774	-0.024617	-0.08959	-0.1403	-0.20057	-0.24249	-0.27587	-0.35054	-0.3603	-0.36532	-0.30491	-0.051505	0.13234	0.61975	0.81179	0.60376	0.18738	-0.25384	-0.42296	-0.4919	-0.51601	-0.47762	-0.43244	-0.37237	-0.26692	-0.23711	-0.17348	-0.10335	0.00056188	0.033853	-0.41348
958.68	0.049942	-0.011784	-0.063258	-0.1223	-0.20066	-0.21691	-0.27524	-0.30674	-0.3049	-0.28988	-0.19875	-0.034949	0.22787	0.70677	0.77774	0.47083	0.035628	-0.37982	-0.55169	-0.58951	-0.56931	-0.5331	-0.45148	-0.4141	-0.28718	-0.24504	-0.18127	-0.088046	0.02946	0.042395	-0.87755
958.46	0.017547	-0.021609	-0.082457	-0.12861	-0.19541	-0.23152	-0.26477	-0.28922	-0.28953	-0.39078	-0.23423	0.064489	0.26771	0.6517	0.72628	0.16286	-0.14181	-0.53748	-0.68191	-0.67457	-0.65262	-0.57529	-0.50184	-0.40619	-0.30441	-0.27402	-0.18826	-0.12901	-0.012284	0.024574	-1.3676
960.91	0.038512	-0.0034662	-0.061517	-0.10478	-0.16854	-0.1942	-0.22282	-0.25261	-0.21565	-0.25567	-0.021564	0.24619	0.48927	0.76807	0.66435	0.17906	-0.31446	-0.67193	-0.81147	-0.75258	-0.68099	-0.60756	-0.53268	-0.42111	-0.31182	-0.26084	-0.19548	-0.11482	0.0093698	0.033018	-1.7924
958.25	0.049153	0.0055948	-0.057691	-0.10036	-0.15842	-0.16304	-0.19483	-0.21174	-0.18846	-0.1471	0.2531	0.2303	0.50656	0.73074	0.71782	0.17124	-0.46484	-0.78858	-0.92854	-0.82795	-0.72805	-0.67526	-0.53887	-0.44386	-0.34403	-0.28347	-0.20837	-0.11587	0.013412	0.028457	-2.2127
959.63	0.028855	-0.023095	-0.071978	-0.12139	-0.15379	-0.15255	-0.20658	-0.21223	-0.17585	-0.27279	0.022659	0.29617	0.45019	0.72183	0.57069	-0.12007	-0.64858	-0.95082	-1.0579	-0.90576	-0.78556	-0.7229	-0.55378	-0.47515	-0.35323	-0.31039	-0.24045	-0.10913	-0.0058532	0.032287	-2.6362
961.87	0.044125	0.0033147	-0.050305	-0.089807	-0.13235	-0.12744	-0.16935	-0.16395	-0.12545	0.012569	0.27863	0.30375	0.5681	0.94024	0.758	-0.20278	-0.83346	-1.1176	-1.163	-0.94846	-0.85005	-0.71794	-0.58849	-0.47963	-0.36654	-0.29799	-0.21682	-0.12126	0.0037617	0.031438	-3.0018
957.08	0.03461	-0.0019659	-0.024141	-0.087896	-0.11359	-0.1298	-0.14986	-0.14396	-0.089742	-0.012619	0.31551	0.38827	0.82595	0.83433	0.67562	-0.23714	-0.96009	-1.1935	-1.2646	-1.0182	-0.8781	-0.76366	-0.60638	-0.48683	-0.35567	-0.31514	-0.21713	-0.11162	0.012625	0.040914	-3.4042
961.97	0.015063	-0.012496	-0.057468	-0.094491	-0.11477	-0.13084	-0.14385	-0.13685	-0.082364	0.012552	0.13736	0.36152	0.7028	0.76722	0.46641	-0.56776	-1.1647	-1.3478	-1.3832	-1.0886	-0.95179	-0.80334	-0.6432	-0.50984	-0.39103	-0.32366	-0.22987	-0.15257	-0.0058389	0.014443	-3.7289
959	0.035352	0.015409	-0.036077	-0.068884	-0.087809	-0.11071	-0.11797	-0.10293	-0.04482	0.054596	0.29716	0.59457	0.83224	0.8248	0.48507	-0.52792	-1.3312	-1.471	-1.4999	-1.1435	-0.97533	-0.82233	-0.63735	-0.5234	-0.40344	-0.33326	-0.23367	-0.11944	0.007786	0.033084	-4.078
959.74	0.051504	0.0025678	-0.028864	-0.059417	-0.10007	-0.099501	-0.096837	-0.08289	-0.010867	0.046166	0.39427	0.70171	0.9508	0.75325	0.36438	-0.58572	-1.446	-1.5588	-1.5737	-1.21	-1.0023	-0.853	-0.67686	-0.53657	-0.38673	-0.34472	-0.25507	-0.11861	-0.018681	0.017575	-4.3997
960.27	0.023175	-0.014781	-0.024061	-0.071926	-0.088573	-0.1097	-0.096783	-0.084439	-0.013172	0.054524	0.41171	0.52761	0.70406	0.61112	0.1924	-0.95106	-1.6239	-1.6896	-1.6912	-1.2841	-1.0239	-0.87805	-0.70235	-0.5626	-0.43195	-0.34999	-0.24954	-0.13022	-0.003445	0.030719	-4.6728
959.95	0.041787	0.017657	-0.024069	-0.041371	-0.07012	-0.068696	-0.078783	-0.059727	0.03152	0.088103	0.633	0.53607	0.8632	0.82398	0.26119	-1.0095	-1.7729	-1.8039	-1.772	-1.3103	-1.0677	-0.89893	-0.71199	-0.56677	-0.42166	-0.3384	-0.2396	-0.14048	0.0037677	0.029954	-4.9672
958.04	0.041059	0.0071072	-0.027317	-0.044595	-0.07114	-0.063694	-0.077435	-0.041455	0.040078	0.15555	0.58108	0.61175	0.8092	0.66778	0.21006	-0.99492	-1.9003	-1.8983	-1.8445	-1.3587	-1.0778	-0.94035	-0.73463	-0.59429	-0.42623	-0.35628	-0.25243	-0.1415	0.0021696	0.038546	-5.2265
962.72	0.034408	0.011587	-0.027979	-0.046724	-0.055875	-0.071909	-0.080055	-0.044436	0.042189	0.205	0.35776	0.54276	0.67057	0.61743	0.10624	-1.4709	-2.0224	-1.9914	-1.9109	-1.4151	-1.1309	-0.9637	-0.74904	-0.59061	-0.42639	-0.35922	-0.25966	-0.13644	-0.0066333	0.032955	-5.4234
958.46	0.045901	0.022217	-0.015314	-0.027298	-0.057002	-0.057669	-0.04429	-0.010264	0.083286	0.21433	0.51881	0.64462	1.0078	0.7858	0.0034417	-1.4108	-2.1785	-2.0841	-2.0028	-1.4397	-1.1882	-0.9688	-0.75236	-0.59403	-0.45142	-0.3874	-0.23997	-0.13339	-0.039581	0.027676	-5.6507
961.87	0.032823	0.015363	-0.031986	-0.043636	-0.063829	-0.047226	-0.01939	-0.0046506	0.089913	0.23868	0.51697	0.66711	0.8139	0.57079	-0.048022	-1.6049	-2.3332	-2.1894	-2.0789	-1.4902	-1.2069	-1.0073	-0.77553	-0.61503	-0.46395	-0.38837	-0.26989	-0.13875	-0.0034393	0.015218	-5.8537
960.59	0.037716	-0.0087437	-0.021661	-0.057798	-0.062154	-0.037033	-0.045694	-0.010241	0.090033	0.10482	0.60606	0.63494	0.74353	0.49285	-0.21979	-1.6569	-2.4249	-2.2718	-2.1694	-1.5329	-1.2401	-1.007	-0.7985	-0.631	-0.45414	-0.38108	-0.26871	-0.13456	-0.014659	0.01988	-6.0186
959.21	0.066102	0.0070985	-0.02329	-0.028062	-0.046388	-0.023396	-0.035234	0.020095	0.11253	0.31491	0.80168	0.80149	1.0229	0.50934	-0.24591	-1.5345	-2.5186	-2.3298	-2.2085	-1.5734	-1.2348	-1.0389	-0.77846	-0.62153	-0.47269	-0.37304	-0.26447	-0.1216	-0.013075	0.033077	-6.1712
960.06	0.044208	0.00030354	-0.019279	-0.035878	-0.049865	-0.031069	-0.020177	0.022471	0.13555	0.29784	0.62409	0.65183	0.78366	0.49312	-0.21992	-1.7908	-2.6097	-2.3979	-2.2493	-1.5928	-1.2566	-1.0504	-0.8256	-0.64252	-0.45737	-0.38207	-0.26346	-0.17404	-0.0090565	0.029177	-6.2796
959.53	0.028858	-0.0012051	-0.01929	-0.03825	-0.034044	-0.040496	-0.016431	0.020088	0.13408	0.31482	0.52708	0.70187	0.75229	0.32005	-0.16848	-2.008	-2.7158	-2.4565	-2.3133	-1.5879	-1.2993	-1.0559	-0.82135	-0.65485	-0.46285	-0.38385	-0.27903	-0.14639	-0.016279	0.022999	-6.3621
959.21	0.036152	0.025222	-0.00012743	-0.017074	-0.031412	-0.033666	-0.018692	0.043258	0.14569	0.23934	0.57154	0.7021	0.84795	0.46991	-0.3233	-1.9338	-2.7918	-2.4882	-2.3416	-1.6175	-1.2981	-1.0645	-0.80593	-0.65187	-0.46822	-0.39491	-0.27064	-0.1552	-0.0082627	0.018359	-6.4323
958.89	0.029686	0.019943	-0.0057201	-0.028856	-0.028779	-0.035388	-0.00892	0.045669	0.12723	0.23102	0.43004	0.80175	0.8562	0.39122	-0.41802	-2.0759	-2.7511	-2.5052	-2.3439	-1.648	-1.3231	-1.0632	-0.82032	-0.6457	-0.46614	-0.38801	-0.26378	-0.13479	-0.019501	0.02069	-6.5361
960.27	0.028835	0.0025664	-0.0065093	-0.03587	-0.051616	-0.031062	-0.011911	0.036826	0.13012	0.18036	0.64163	0.6434	0.91056	0.31981	-0.5806	-2.1228	-2.7903	-2.5204	-2.371	-1.6531	-1.3251	-1.0781	-0.82855	-0.64956	-0.49377	-0.38355	-0.25955	-0.14044	-0.021075	0.0067314	-6.5636
957.72	0.054044	0.012405	-0.017726	-0.013172	-0.02705	-0.014005	-0.0051662	0.036125	0.1436	0.19765	0.66994	0.6949	0.80947	0.50223	-0.53048	-2.0035	-2.8073	-2.5486	-2.3743	-1.6583	-1.3318	-1.0769	-0.83626	-0.66089	-0.46596	-0.38848	-0.26488	-0.14154	-0.0082741	0.023042	-6.5819
958.25	0.050774	0.013153	-0.012121	-0.021805	-0.034972	-0.031128	-0.00742	0.026512	0.13349	0.2648	0.63413	0.7028	0.68962	0.44671	-0.54741	-1.9857	-2.8137	-2.554	-2.3768	-1.6558	-1.3192	-1.0788	-0.84365	-0.63814	-0.46495	-0.37106	-0.26473	-0.14951	-0.013892	0.013726	-6.5407
957.19	0.027307	0.005601	-0.020937	-0.031267	-0.035009	-0.031162	-0.018732	0.031344	0.13827	0.23984	0.5195	0.57079	0.77007	0.4709	-0.41013	-2.1047	-2.8649	-2.5792	-2.4017	-1.6568	-1.3135	-1.075	-0.83594	-0.67006	-0.47668	-0.40436	-0.28589	-0.1548	-0.0074767	0.03004	-6.5056
956.13	0.046013	0.012425	-0.012947	-0.026576	-0.039466	-0.023471	-0.017243	0.042596	0.14229	0.18957	0.60889	0.67944	0.85867	0.43981	-0.49685	-1.9734	-2.844	-2.5554	-2.3959	-1.6761	-1.3372	-1.1101	-0.84789	-0.666	-0.47422	-0.3711	-0.28389	-0.15497	-0.018751	0.011425	-6.5544
959.63	0.033708	-0.0027165	-0.0065136	-0.026479	-0.049891	-0.032794	-0.020937	0.033659	0.13561	0.12172	0.58012	0.59418	0.91117	0.47759	-0.49503	-2.091	-2.8017	-2.529	-2.3612	-1.6484	-1.3229	-1.0953	-0.83303	-0.6444	-0.48217	-0.40567	-0.2921	-0.14418	-0.016277	0.0090588	-6.5453
958.15	0.045916	0.010131	-0.020917	-0.040662	-0.049965	-0.037984	-0.021724	0.018517	0.12809	0.10509	0.53671	0.66974	0.80909	0.52568	-0.41834	-1.9027	-2.7069	-2.4524	-2.3204	-1.6185	-1.2789	-1.0591	-0.80368	-0.6526	-0.4553	-0.38909	-0.27403	-0.12978	-0.016304	0.029235	-6.4476
955.59	0.033039	0.01319	-0.023379	-0.046285	-0.050984	-0.047536	-0.021027	0.0097494	0.096696	0.26553	0.45815	0.68814	0.67557	0.32137	-0.35042	-1.9578	-2.6292	-2.4048	-2.2936	-1.6111	-1.3006	-1.0495	-0.82079	-0.64632	-0.45577	-0.39876	-0.29256	-0.14259	-0.028428	0.020761	-6.3315
961.02	0.042549	0.006332	-0.016071	-0.060122	-0.062127	-0.043851	-0.032916	0.012085	0.090764	0.18022	0.44675	0.6677	0.7432	0.48476	-0.11672	-1.7226	-2.4389	-2.2853	-2.157	-1.5339	-1.234	-1.023	-0.78953	-0.63311	-0.46436	-0.3583	-0.25704	-0.13668	-0.015453	0.026828	-6.1193
957.4	0.032976	0.002574	-0.035337	-0.059565	-0.053535	-0.064593	-0.045847	-0.010275	0.081833	0.22296	0.53713	0.64533	0.84955	0.44713	-0.0051643	-1.6207	-2.3201	-2.2005	-2.1039	-1.5039	-1.2212	-1.0087	-0.7933	-0.6195	-0.43249	-0.37217	-0.2611	-0.1394	-0.0090817	0.025377	-5.8843
960.59	0.033675	0.0063348	-0.036017	-0.055448	-0.055118	-0.075486	-0.056956	-0.027786	0.073858	0.079664	0.24363	0.53571	0.68	0.50859	-0.11675	-1.607	-2.2119	-2.1223	-2.0343	-1.4623	-1.1943	-0.99053	-0.77499	-0.61106	-0.45414	-0.35924	-0.26101	-0.14258	-0.0026447	0.027615	-5.6736
957.61	0.01351	0.0048426	-0.03133	-0.070555	-0.079995	-0.080008	-0.060147	-0.035074	0.048594	0.18925	0.35078	0.47101	0.81752	0.59702	-0.022379	-1.3954	-2.1228	-2.0491	-1.9854	-1.4294	-1.167	-0.97379	-0.75303	-0.59136	-0.42717	-0.36192	-0.26027	-0.1379	-0.0018482	0.027701	-5.4508
961.55	0.037678	0.019133	-0.029607	-0.067135	-0.089336	-0.080534	-0.082404	-0.043694	0.0307	0.21361	0.42885	0.59299	0.81417	0.68893	0.12351	-1.2984	-1.9516	-1.9178	-1.8659	-1.3754	-1.1117	-0.94267	-0.73508	-0.58177	-0.41798	-0.34485	-0.24382	-0.12495	0.0053642	0.029904	-5.2296
959.21	0.032914	-0.011022	-0.052041	-0.053956	-0.095718	-0.085008	-0.089371	-0.070956	0.013808	-0.020983	0.31481	0.44538	0.66509	0.62756	0.020643	-1.2766	-1.8333	-1.8523	-1.8185	-1.3588	-1.0939	-0.93425	-0.74158	-0.58159	-0.4369	-0.37304	-0.26601	-0.14425	-0.0098679	0.0075145	-4.9717
960.48	0.040955	0.0093515	-0.048783	-0.065643	-0.092952	-0.082333	-0.08775	-0.087612	-0.0031572	0.10483	0.49119	0.52749	0.77536	0.68181	0.2267	-1.0173	-1.6977	-1.7465	-1.7344	-1.2905	-1.0402	-0.88444	-0.7116	-0.55848	-0.42068	-0.34367	-0.23408	-0.12946	-0.0042465	0.014466	-4.6819
960.48	0.038529	-0.019303	-0.043198	-0.07583	-0.10703	-0.10541	-0.10727	-0.095587	-0.0070077	0.11322	0.37626	0.48613	0.8389	0.8235	0.32974	-0.75974	-1.5414	-1.6055	-1.6168	-1.2298	-1.0007	-0.86386	-0.66849	-0.54094	-0.39685	-0.33587	-0.23254	-0.12363	0.010176	0.027618	-4.3479
955.81	0.031407	-0.0012098	-0.05864	-0.087228	-0.11286	-0.12482	-0.14025	-0.12491	-0.055033	-0.088488	0.24485	0.314	0.4919	0.73261	0.33999	-0.8386	-1.4207	-1.5283	-1.5602	-1.1933	-0.96349	-0.85154	-0.66468	-0.5516	-0.39655	-0.33359	-0.25225	-0.14403	-0.0050704	0.021535	-4.0383
963.67	0.037598	-0.021494	-0.050211	-0.095888	-0.11632	-0.12635	-0.15108	-0.11435	-0.069936	0.012546	0.27809	0.42684	0.75698	0.81294	0.48271	-0.54191	-1.1698	-1.3472	-1.3968	-1.1073	-0.92962	-0.80521	-0.64519	-0.50019	-0.39183	-0.31998	-0.21718	-0.11886	-0.0082229	0.036007	-3.6999
957.83	0.028097	0.013159	-0.064914	-0.1004	-0.13467	-0.15369	-0.1535	-0.15744	-0.095079	-0.03784	0.41276	0.48748	0.72179	0.9284	0.36511	-0.39525	-1.0633	-1.2723	-1.318	-1.0641	-0.90834	-0.75976	-0.62477	-0.49045	-0.36958	-0.31802	-0.21233	-0.12104	0.015025	0.03002	-3.3508
962.72	0.035216	-0.013992	-0.058219	-0.12648	-0.14803	-0.15035	-0.18119	-0.17813	-0.13148	-0.17152	0.022587	0.30348	0.52004	0.6881	0.44893	-0.32693	-0.90434	-1.1362	-1.2305	-0.99405	-0.88243	-0.74605	-0.60048	-0.48	-0.36176	-0.34054	-0.22815	-0.11388	-0.015426	0.023693	-2.9577
961.55	0.038487	-0.0027111	-0.052712	-0.0961	-0.15436	-0.15736	-0.20241	-0.20942	-0.15395	-0.062826	0.049109	0.41125	0.60793	0.76756	0.60385	-0.045145	-0.67916	-0.97283	-1.0657	-0.90811	-0.80058	-0.68857	-0.56599	-0.45827	-0.3436	-0.29341	-0.17304	-0.095071	-0.0082427	0.032223	-2.5798
960.17	0.043395	0.0025666	-0.072735	-0.097806	-0.14227	-0.18067	-0.2012	-0.2153	-0.19039	-0.062917	0.031502	0.31257	0.60882	0.78442	0.84525	-0.011951	-0.49104	-0.8195	-0.93815	-0.81633	-0.74953	-0.63603	-0.51349	-0.435	-0.30685	-0.26963	-0.20873	-0.11491	-0.0074535	0.053162	-2.1975
959.63	0.027237	-0.020074	-0.060002	-0.1308	-0.167	-0.20729	-0.24416	-0.25294	-0.22673	-0.38191	-0.16314	-0.0018218	0.36277	0.68243	0.63084	0.10445	-0.3508	-0.70961	-0.84848	-0.77687	-0.70643	-0.63062	-0.5279	-0.42725	-0.31745	-0.27994	-0.20345	-0.10475	-0.0066562	0.037707	-1.7269
961.44	0.030415	-0.017024	-0.050328	-0.10942	-0.17284	-0.20946	-0.2452	-0.25327	-0.25477	-0.20524	-0.021552	0.02297	0.56832	0.75191	0.74118	0.34496	-0.17404	-0.54777	-0.7004	-0.66584	-0.64665	-0.57433	-0.50498	-0.3898	-0.26776	-0.25602	-0.16844	-0.091436	0.014969	0.04691	-1.3661
957.08	0.040289	-0.014831	-0.051357	-0.12879	-0.19305	-0.231	-0.26741	-0.29284	-0.29922	-0.23143	-0.13696	0.13098	0.29997	0.79484	0.77041	0.4883	-0.030755	-0.43362	-0.59859	-0.61634	-0.59327	-0.52159	-0.46638	-0.38116	-0.28243	-0.25092	-0.16457	-0.083068	0.0094088	0.057215	-0.93234
960.91	0.024777	-0.021556	-0.092612	-0.14081	-0.20107	-0.24374	-0.28736	-0.33553	-0.34268	-0.30596	-0.33085	-0.07621	0.23528	0.57136	0.74159	0.32025	0.068232	-0.34049	-0.51529	-0.55492	-0.55534	-0.51293	-0.43633	-0.36211	-0.25897	-0.24602	-0.18008	-0.095134	-0.0050435	0.016006	-0.47738
959.53	0.037757	-0.015549	-0.087157	-0.14729	-0.17935	-0.25949	-0.2983	-0.35677	-0.37325	-0.28962	-0.30478	-0.02666	0.2992	0.57219	0.82	0.57021	0.25037	-0.18786	-0.3769	-0.45425	-0.48412	-0.43951	-0.40322	-0.33069	-0.25487	-0.22295	-0.15181	-0.077013	0.0045724	0.040809	-0.019509
959.85	0.040982	-0.0049783	-0.10149	-0.16058	-0.22242	-0.27052	-0.323	-0.38937	-0.40781	-0.46575	-0.26043	-0.20871	0.10839	0.49323	0.80256	0.69474	0.36203	-0.06978	-0.26597	-0.39258	-0.41593	-0.40558	-0.38819	-0.31063	-0.24361	-0.20882	-0.14714	-0.090129	0.0085789	0.034602	0.46407
958.57	0.015116	-0.029919	-0.11282	-0.18042	-0.2333	-0.30171	-0.35578	-0.43145	-0.47241	-0.60081	-0.56199	-0.36645	-0.1063	0.28095	0.76061	0.62907	0.47201	0.03802	-0.16532	-0.30901	-0.37291	-0.3723	-0.35729	-0.29825	-0.2596	-0.20128	-0.13113	-0.088056	0.012605	0.036974	0.89733
959.1	0.045062	-0.008004	-0.10157	-0.17169	-0.22964	-0.26046	-0.38115	-0.46556	-0.50146	-0.46611	-0.53511	-0.37453	-0.10623	0.33597	0.76878	0.87833	0.57479	0.15782	-0.040564	-0.22814	-0.2959	-0.31851	-0.2998	-0.26534	-0.21621	-0.17225	-0.12025	-0.067549	0.0077851	0.034629	1.408
958.04	0.042681	-0.0042321	-0.10728	-0.18524	-0.27223	-0.3113	-0.36802	-0.48447	-0.54912	-0.66842	-0.65092	-0.42468	-0.2815	0.16273	0.67494	0.81267	0.66259	0.24024	0.055097	-0.16591	-0.24947	-0.29328	-0.29307	-0.24404	-0.1933	-0.14819	-0.12116	-0.090298	0.028676	0.036219	1.8713
960.38	0.010236	-0.026092	-0.12218	-0.19184	-0.28301	-0.32849	-0.40768	-0.53514	-0.6017	-0.84292	-0.78195	-0.76277	-0.50319	-0.018729	0.47579	0.8273	0.69927	0.31658	0.11301	-0.099864	-0.22277	-0.25387	-0.26257	-0.24185	-0.20326	-0.16968	-0.11393	-0.071108	0.031011	0.037677	2.374
