13621	5	3	91	26.5	747	1	14	8	2.33	128	4096	10	0	0	0	0	298.24	935.26	1.4121e+006	0.11584	0.10016	40.193	0	0	1	0	0	0	11	0	0
822.74	0.031862	-0.025211	-0.16821	-0.33551	-0.45325	-0.58909	-0.77375	-1.0129	-1.2789	-1.9561	-2.1583	-2.7936	-3.2853	-3.6806	-2.0917	-0.21726	0.49995	0.94403	0.91371	0.64458	0.43413	0.29036	0.16377	0.097793	0.071497	0.051851	0.060104	0.065766	0.045215	0.053101	9.0571
828.2	0.019464	-0.0049305	-0.15415	-0.32785	-0.4727	-0.59116	-0.78519	-1.0164	-1.291	-1.846	-2.5132	-2.8807	-3.5307	-3.7659	-2.0979	-0.42783	0.44022	0.92393	0.92186	0.65286	0.45786	0.29704	0.19268	0.12952	0.099526	0.062369	0.067747	0.062797	0.065358	0.066208	9.4015
838.14	0.012748	-0.029069	-0.16329	-0.30061	-0.44088	-0.5763	-0.75436	-1.0107	-1.2916	-1.8913	-2.4732	-3.0929	-3.6253	-3.9738	-2.3386	-0.67983	0.34085	0.90024	0.92755	0.67273	0.46873	0.3171	0.1868	0.1481	0.11115	0.082196	0.08195	0.070413	0.097636	0.073402	9.7534
849.69	0.029023	-0.031231	-0.15025	-0.33905	-0.4518	-0.59456	-0.77721	-1.052	-1.3167	-1.8372	-2.3497	-3.2191	-3.7556	-4.1156	-2.5689	-0.68937	0.25507	0.88607	0.91408	0.71618	0.51688	0.34071	0.22502	0.1569	0.13068	0.10842	0.088671	0.075227	0.072762	0.059287	10.149
864.33	0.042008	-0.011429	-0.14682	-0.32285	-0.44024	-0.5636	-0.78157	-1.0537	-1.3312	-1.9645	-2.4474	-3.3209	-3.9479	-4.5269	-2.9167	-0.83466	0.1568	0.86062	0.89266	0.71052	0.53184	0.36604	0.24994	0.17109	0.14005	0.11699	0.093161	0.087735	0.067079	0.060003	10.526
877.14	0.0024441	0.001123	-0.16214	-0.32157	-0.44633	-0.58999	-0.77756	-1.047	-1.3624	-2.0093	-2.7408	-3.1818	-4.0641	-4.6418	-2.9117	-1.1864	0.054938	0.83401	0.89217	0.73016	0.53014	0.39225	0.24973	0.20265	0.15757	0.12553	0.11542	0.080861	0.068731	0.066751	10.894
886.42	0.024317	-0.022581	-0.15353	-0.30462	-0.45023	-0.57455	-0.8044	-1.0646	-1.3723	-1.9701	-2.7313	-3.2471	-4.185	-4.8064	-3.2068	-1.246	-0.070092	0.8012	0.88034	0.75763	0.56742	0.40509	0.27853	0.223	0.17448	0.12929	0.12088	0.10531	0.074956	0.063534	11.317
893.04	0.025875	-0.031337	-0.1644	-0.31332	-0.46961	-0.57857	-0.84367	-1.0816	-1.3928	-2.0908	-2.6445	-3.4543	-4.4615	-5.1603	-3.4509	-1.3529	-0.19396	0.76034	0.86725	0.76184	0.59127	0.39678	0.29501	0.23336	0.1812	0.16274	0.1291	0.10061	0.08474	0.078874	11.772
896.02	0.012791	-0.0085997	-0.15188	-0.30723	-0.46993	-0.59954	-0.82557	-1.0968	-1.4443	-2.0748	-2.7304	-3.4339	-4.685	-5.6156	-3.7892	-1.6869	-0.32157	0.73307	0.86026	0.7602	0.61473	0.44928	0.31923	0.24455	0.20614	0.16889	0.13775	0.097144	0.075871	0.061196	12.165
894.21	0.0084757	0.0059632	-0.13848	-0.31964	-0.44348	-0.62921	-0.84902	-1.1341	-1.4828	-2.1961	-3.1063	-3.3964	-5.0271	-5.9567	-4.0828	-2.0383	-0.45159	0.70518	0.84724	0.79297	0.61513	0.48026	0.33587	0.26475	0.21696	0.15331	0.15127	0.12869	0.078607	0.052182	12.565
888.88	-0.00020898	-0.029039	-0.16259	-0.29446	-0.49082	-0.60344	-0.87034	-1.1866	-1.5341	-2.2636	-3.2014	-3.819	-5.349	-6.2391	-4.4692	-2.3917	-0.61892	0.66878	0.83252	0.81569	0.64274	0.48225	0.3489	0.28616	0.21343	0.17531	0.15051	0.13024	0.086002	0.065033	13.029
880.88	0.0024338	-0.045747	-0.16754	-0.30483	-0.49911	-0.64526	-0.90936	-1.2313	-1.5943	-2.394	-3.269	-4.1242	-5.5275	-6.7678	-4.7064	-2.4406	-0.80805	0.61056	0.82759	0.83488	0.68737	0.48484	0.36061	0.28355	0.22105	0.20157	0.1376	0.11631	0.076301	0.048754	13.519
870.73	-0.0082379	-0.049608	-0.18093	-0.36802	-0.50299	-0.66974	-0.90338	-1.2509	-1.6664	-2.4681	-3.5801	-4.1084	-6.1175	-7.385	-5.2537	-2.9823	-0.98903	0.5498	0.80943	0.86293	0.7163	0.54587	0.39074	0.3062	0.24909	0.20736	0.17234	0.12008	0.064817	0.039081	13.954
859.09	-0.039983	-0.055338	-0.17892	-0.36951	-0.52259	-0.71895	-0.97523	-1.3312	-1.7475	-2.5765	-3.6682	-4.2935	-6.3779	-7.793	-5.7474	-3.4593	-1.2182	0.49323	0.80418	0.88391	0.72778	0.56432	0.41707	0.31481	0.25913	0.19534	0.17812	0.12497	0.05853	0.047395	14.368
849.16	-0.040451	-0.073897	-0.18372	-0.36408	-0.5496	-0.69546	-0.96881	-1.3522	-1.8324	-2.7016	-3.8511	-4.905	-6.8388	-8.4541	-6.4751	-3.8287	-1.4779	0.43907	0.77299	0.89613	0.75329	0.56533	0.43524	0.34466	0.26048	0.20646	0.15581	0.11736	0.047433	0.0287	14.819
841.99	-0.054629	-0.071944	-0.19439	-0.35287	-0.54926	-0.71503	-1.0293	-1.4065	-1.8216	-2.8106	-4.0654	-4.9656	-7.359	-8.8582	-6.775	-4.1456	-1.6934	0.36189	0.74559	0.92555	0.79937	0.60113	0.45504	0.36124	0.27034	0.21978	0.17207	0.11087	0.056061	0.017473	15.246
837.93	-0.077133	-0.093036	-0.18984	-0.40489	-0.55797	-0.742	-1.03	-1.5047	-1.9691	-2.8723	-4.1155	-5.2267	-7.7405	-9.4154	-7.2213	-4.5181	-1.9228	0.26569	0.68355	0.89957	0.78785	0.60122	0.45006	0.34379	0.28189	0.22443	0.17556	0.11726	0.049906	0.028197	15.685
836.75	-0.095801	-0.092304	-0.21666	-0.40186	-0.57895	-0.7764	-1.0392	-1.4473	-1.9736	-2.963	-4.3953	-5.2625	-8.1343	-9.9979	-7.7834	-5.049	-2.1142	0.20426	0.64682	0.91323	0.79803	0.64364	0.48488	0.35801	0.28143	0.21131	0.17757	0.11742	0.024226	0.010479	16.051
838.36	-0.11136	-0.11113	-0.22995	-0.40648	-0.57784	-0.76219	-1.0811	-1.5305	-2.0449	-2.9285	-4.4578	-5.4893	-8.4553	-10.276	-7.985	-5.344	-2.3632	0.12358	0.60533	0.91434	0.81462	0.65184	0.47497	0.37469	0.28687	0.22431	0.17458	0.12723	0.056304	0.0042552	16.453
842.64	-0.12185	-0.14667	-0.22879	-0.37404	-0.58293	-0.79826	-1.0722	-1.5309	-2.0275	-2.9423	-4.4251	-5.7254	-8.7926	-10.619	-8.4534	-5.4778	-2.5794	0.019698	0.57006	0.90496	0.83932	0.64197	0.49579	0.40188	0.30578	0.24185	0.18687	0.13157	0.039582	0.0068791	16.892
848.19	-0.1238	-0.14144	-0.24355	-0.39733	-0.58111	-0.76786	-1.1281	-1.5244	-2.0944	-3.056	-4.4361	-6.0157	-9.1935	-11.022	-8.8064	-5.9312	-2.8136	-0.094626	0.48503	0.89245	0.82218	0.66293	0.50407	0.40557	0.29872	0.26766	0.19437	0.12245	0.028435	-0.00017494	17.274
857.49	-0.13333	-0.1399	-0.24984	-0.40356	-0.5817	-0.7538	-1.1007	-1.5624	-2.1054	-3.1356	-4.6158	-5.7281	-9.6009	-11.255	-9.2399	-6.2671	-2.9859	-0.17784	0.44127	0.88277	0.83009	0.68894	0.51353	0.41189	0.31717	0.2499	0.21038	0.12521	0.021843	-0.014037	17.654
867.96	-0.14693	-0.16909	-0.23182	-0.38828	-0.57469	-0.75038	-1.0583	-1.5092	-2.1251	-3.1998	-4.7362	-6.0617	-9.5905	-11.624	-9.5371	-6.6512	-3.2147	-0.25986	0.39201	0.86845	0.82271	0.67334	0.51514	0.4184	0.31169	0.25293	0.19846	0.11966	0.024239	-0.010443	17.986
878.42	-0.15402	-0.19346	-0.22819	-0.39223	-0.55438	-0.75733	-1.0892	-1.54	-2.0383	-3.0975	-4.7282	-6.1794	-9.7194	-11.873	-9.8085	-6.999	-3.3936	-0.34367	0.33974	0.84902	0.82155	0.67162	0.521	0.41952	0.32182	0.2576	0.18515	0.131	0.014314	-0.02639	18.406
887.17	-0.16738	-0.17767	-0.27861	-0.39939	-0.55748	-0.72673	-1.1029	-1.492	-2.1158	-3.067	-4.8634	-6.0289	-9.7611	-12.071	-9.9162	-7.1548	-3.589	-0.4439	0.28265	0.85144	0.83313	0.70243	0.53538	0.43266	0.34122	0.26519	0.22168	0.13603	0.022849	-0.015242	18.759
891.76	-0.19002	-0.21737	-0.29007	-0.40915	-0.54609	-0.7414	-1.0592	-1.5041	-2.0991	-2.9338	-4.7622	-6.1048	-9.9504	-12.535	-10.448	-7.6013	-3.7724	-0.54011	0.22444	0.83811	0.83566	0.71123	0.54275	0.44933	0.33305	0.27979	0.21556	0.13139	0.021003	-0.022663	19.108
891.22	-0.21018	-0.22563	-0.28422	-0.38743	-0.5758	-0.74461	-1.0801	-1.4973	-2.0921	-3.0982	-4.8794	-6.3402	-9.8708	-12.899	-10.778	-7.9192	-4.0128	-0.62425	0.17355	0.82249	0.82594	0.71609	0.56926	0.45132	0.34288	0.27996	0.20905	0.12833	0.018429	-0.033513	19.462
886.1	-0.22716	-0.26453	-0.29105	-0.39307	-0.56674	-0.75447	-1.114	-1.4869	-2.1534	-3.1252	-4.85	-6.601	-9.8417	-13.187	-11.082	-8.2172	-4.2512	-0.66583	0.14392	0.84526	0.86842	0.72023	0.59209	0.46862	0.36504	0.28919	0.21444	0.14251	0.013322	-0.025323	19.768
876.18	-0.25632	-0.27001	-0.31796	-0.47742	-0.58955	-0.72366	-1.1258	-1.599	-2.1879	-3.0595	-5.1182	-6.6667	-10.354	-13.698	-11.5	-8.6472	-4.4402	-0.77549	0.10202	0.84481	0.87392	0.73832	0.58591	0.47043	0.37244	0.29332	0.22446	0.14493	0.0064475	-0.031546	20.081
862.51	-0.24778	-0.23818	-0.39672	-0.44397	-0.60575	-0.73799	-1.1746	-1.5649	-2.1609	-3.2014	-4.963	-6.7171	-10.491	-14.082	-11.911	-8.9415	-4.6722	-0.87153	0.053459	0.84987	0.88249	0.76377	0.58647	0.49388	0.35844	0.30145	0.2366	0.12854	0.011903	-0.055303	20.373
846.91	-0.30002	-0.33065	-0.37599	-0.46725	-0.60892	-0.82718	-1.2107	-1.6787	-2.2242	-3.0891	-5.0244	-6.7376	-10.585	-14.466	-12.472	-9.3701	-4.8885	-0.92441	0.029326	0.85705	0.91847	0.7797	0.63016	0.49845	0.38278	0.31496	0.24096	0.14084	-0.014229	-0.065095	20.631
831.83	-0.3428	-0.34709	-0.39201	-0.53002	-0.6545	-0.86586	-1.2656	-1.839	-2.2966	-2.9224	-5.1665	-6.9743	-10.64	-14.792	-12.499	-9.6071	-5.0416	-0.96485	0.013987	0.88985	0.93877	0.80524	0.65515	0.52591	0.40778	0.33419	0.21864	0.15181	-0.019113	-0.074314	20.871
815.03	-0.34605	-0.36046	-0.42265	-0.53633	-0.70117	-0.92802	-1.4899	-2.0471	-2.4447	-2.9926	-4.95	-6.8062	-10.663	-14.847	-12.555	-9.7855	-5.0929	-0.98575	0.034075	0.93659	0.95719	0.84901	0.67328	0.53393	0.41442	0.31901	0.24221	0.12571	-0.021395	-0.075846	21.092
798.75	-0.36088	-0.3796	-0.44949	-0.55668	-0.65199	-0.94693	-1.6945	-2.4446	-2.6696	-2.9023	-4.8277	-6.3781	-10.068	-14.487	-12.181	-9.5853	-4.9444	-0.93801	0.087113	0.95967	1.0081	0.87819	0.69077	0.56495	0.42287	0.34146	0.26197	0.12389	-0.040135	-0.10995	21.286
786.21	-0.38244	-0.39763	-0.43424	-0.50524	-0.70752	-1.103	-2.0958	-2.4661	-3.0123	-3.4916	-4.2674	-5.3583	-8.725	-12.9	-11.022	-8.9769	-4.539	-0.79741	0.1734	0.98615	1.0377	0.90125	0.71997	0.57298	0.42052	0.34023	0.24451	0.14191	-0.043711	-0.12966	21.461
776.56	-0.39419	-0.38951	-0.39426	-0.44949	-0.70217	-1.1495	-2.4674	-2.9959	-3.0755	-3.4934	-4.4626	-5.2408	-7.0754	-9.9161	-8.1318	-7.7217	-3.6592	-0.52721	0.35219	1.0631	1.0633	0.91754	0.72989	0.5732	0.42759	0.34253	0.24087	0.13104	-0.046235	-0.115	21.604
770.66	-0.38713	-0.41411	-0.33962	-0.47735	-0.74592	-1.8644	-2.7333	-2.6302	-3.2881	-3.562	-3.8797	-4.0337	-5.1106	-6.2249	-5.5293	-5.8962	-2.8015	-0.22663	0.5205	1.1179	1.0892	0.92559	0.72962	0.5935	0.45963	0.34029	0.25232	0.12295	-0.060571	-0.12456	21.725
771.2	-0.36068	-0.35372	-0.37415	-0.56681	-1.3546	-2.0643	-2.6529	-3.1409	-3.1496	-3.2671	-3.5467	-4.0206	-3.762	-5.2991	-4.2635	-5.0539	-2.3217	-0.050852	0.59813	1.1254	1.0982	0.93827	0.7418	0.58712	0.44726	0.35074	0.26174	0.11832	-0.063522	-0.11869	21.853
776.03	-0.33243	-0.33752	-0.42909	-1.0163	-1.8002	-2.3021	-2.799	-3.1609	-2.9718	-3.4336	-3.2839	-3.2483	-3.5518	-3.8632	-4.0669	-4.2204	-1.9657	0.10812	0.67286	1.1122	1.0777	0.91206	0.71681	0.56274	0.41682	0.33504	0.25057	0.13474	-0.054202	-0.11508	21.946
784.93	-0.32866	-0.40013	-0.60479	-1.3883	-2.1232	-2.4841	-2.9106	-2.9044	-2.7364	-2.9842	-2.7274	-2.9585	-2.8119	-2.9911	-3.3483	-3.4303	-1.5832	0.26271	0.7484	1.0955	1.049	0.89265	0.72211	0.571	0.42941	0.33888	0.24491	0.12875	-0.029078	-0.10621	21.974
795.22	-0.3908	-0.48694	-1.0315	-1.9109	-2.3954	-2.581	-2.6362	-2.522	-2.1763	-2.2568	-2.1582	-2.3309	-2.4974	-2.6101	-2.8175	-3.0548	-1.2843	0.36563	0.79867	1.1074	1.0316	0.86917	0.68343	0.54241	0.40137	0.30811	0.20452	0.10682	-0.053863	-0.091751	22.082
803.68	-0.56155	-0.7008	-1.4305	-2.3375	-2.5594	-2.5354	-2.2342	-2.0941	-1.9407	-2.0426	-2.2095	-2.1679	-2.2433	-2.4039	-2.4082	-2.536	-0.9972	0.44962	0.82312	1.0849	0.99433	0.84034	0.65	0.51668	0.38646	0.28341	0.20145	0.075175	-0.10117	-0.16659	21.994
809.14	-0.7113	-0.89836	-1.7891	-2.3692	-2.3792	-2.2667	-2.0881	-1.8896	-1.7466	-1.9292	-1.6489	-1.7704	-1.9642	-1.9579	-2.2084	-1.9666	-0.78406	0.56324	0.87649	1.0677	0.99043	0.80144	0.63538	0.4668	0.337	0.25557	0.15986	0.035698	-0.17181	-0.27749	22.024
811.93	-1.0025	-1.1629	-2	-2.3341	-2.2129	-2.1184	-1.8953	-1.719	-1.5219	-1.6052	-1.3294	-1.2948	-1.3187	-1.2528	-1.7437	-1.5077	-0.53415	0.63006	0.90691	1.0503	0.94962	0.7724	0.61003	0.43689	0.28563	0.20115	0.087328	-0.055906	-0.29065	-0.42936	22.03
810	-1.2234	-1.3579	-2.0379	-2.2616	-2.1576	-1.9644	-1.6443	-1.5736	-1.384	-1.4101	-1.2383	-1.1311	-1.0959	-1.1251	-1.3711	-1.4128	-0.31883	0.72073	0.93804	1.036	0.88626	0.71469	0.52784	0.367	0.21214	0.085975	-0.028459	-0.21435	-0.54025	-0.69731	22.003
803.47	-1.7562	-1.3987	-1.8962	-2.1151	-2.0364	-1.6963	-1.5858	-1.4587	-1.1199	-0.97043	-0.8256	-0.88326	-1.1522	-0.8237	-1.0949	-1.0071	-0.096399	0.79198	0.97854	1.0027	0.86228	0.65259	0.46187	0.27654	0.10793	-0.013134	-0.16773	-0.40621	-0.86166	-1.108	22.009
797.25	-3.3281	-2.4843	-1.614	-2.0117	-1.8191	-1.5294	-1.3015	-1.0568	-1.0488	-0.9477	-0.64032	-0.86025	-1.0081	-0.85858	-1.1655	-0.57457	0.080625	0.86404	0.99352	0.95647	0.81471	0.59619	0.39749	0.21239	0.011878	-0.084678	-0.2674	-0.53155	-1.1522	-1.5025	21.992
790.72	-3.9114	-3.4098	-1.4094	-1.7171	-1.6695	-1.3105	-1.0824	-1.2235	-0.95176	-0.8231	-0.64561	-0.60616	-0.79463	-0.84656	-1.0291	-0.44811	0.21306	0.9179	1.0147	0.95025	0.78111	0.55912	0.37412	0.16764	-0.0052095	-0.11666	-0.29206	-0.56075	-1.2337	-1.5938	21.997
784.71	-3.3566	-3.1867	-1.3118	-1.4453	-1.3679	-1.2714	-1.0502	-1.0063	-0.88551	-0.91151	-0.87779	-0.80314	-0.9465	-0.9012	-0.91082	-0.41084	0.27131	0.92074	1.0216	0.92905	0.73096	0.52208	0.31559	0.14744	-0.01801	-0.15766	-0.30561	-0.57308	-1.1431	-1.4432	21.988
782.35	-2.3365	-2.1752	-1.3118	-1.3034	-1.3623	-1.2081	-0.98147	-0.92321	-1.0943	-0.94514	-0.92385	-1.0594	-0.92011	-0.93291	-1.0295	-0.37128	0.25451	0.90043	0.99932	0.88799	0.68269	0.49131	0.254	0.11165	-0.053719	-0.16868	-0.30842	-0.56316	-1.0049	-1.1845	22.013
783.64	-1.5559	-1.3296	-1.1757	-1.2062	-1.2479	-1.1328	-1.0434	-1.125	-1.1322	-1.2006	-0.98735	-1.23	-1.0841	-1.1629	-1.3436	-0.32994	0.20716	0.88115	0.95275	0.84885	0.67866	0.44207	0.26223	0.099739	-0.040854	-0.13875	-0.28998	-0.46209	-0.81276	-0.97108	22.022
789.86	-0.89185	-0.97348	-1.0627	-1.0995	-1.099	-1.0231	-1.1347	-1.1608	-1.186	-1.1911	-1.0656	-1.17	-1.0176	-1.1633	-1.3539	-0.54961	0.19777	0.89084	0.97311	0.85631	0.68774	0.47463	0.30115	0.12805	-0.0070252	-0.091166	-0.19872	-0.34845	-0.60956	-0.69158	21.916
802.5	-0.89812	-0.83269	-0.83307	-1.0268	-1.048	-1.1379	-1.1545	-1.2179	-1.2365	-1.2727	-1.2075	-1.1318	-1.2962	-1.1262	-1.4867	-0.6404	0.18415	0.88805	0.98702	0.88657	0.7034	0.51149	0.31985	0.18045	0.043887	-0.041166	-0.13935	-0.25477	-0.45516	-0.54273	21.744
820.49	-0.59547	-0.62288	-0.87549	-0.93367	-0.99103	-1.1149	-1.2567	-1.2753	-1.2599	-1.1663	-1.1914	-1.2135	-1.4258	-1.1291	-1.4441	-0.60692	0.16424	0.87959	0.97075	0.88075	0.69168	0.49257	0.31559	0.18957	0.064718	-0.021994	-0.09031	-0.21075	-0.35514	-0.42126	21.564
841.03	-0.63079	-0.67742	-0.85047	-0.97262	-1.0653	-1.1755	-1.3795	-1.2869	-1.2731	-1.1857	-0.98056	-1.335	-1.4272	-1.2454	-1.4676	-0.69647	0.12379	0.84932	0.93919	0.86684	0.69736	0.48712	0.3231	0.18311	0.067391	0.0043848	-0.093381	-0.17728	-0.3483	-0.41186	21.38
865.5	-0.58693	-0.62982	-0.89016	-0.99209	-1.0957	-1.2163	-1.2963	-1.2647	-1.2149	-1.1522	-0.99208	-1.1687	-1.193	-1.1927	-1.4547	-0.66756	0.11321	0.83764	0.90586	0.82665	0.66536	0.47335	0.31396	0.162	0.058873	-0.013923	-0.10015	-0.17551	-0.34645	-0.38562	21.174
891.86	-0.63401	-0.68997	-0.88618	-1.0573	-1.1552	-1.2346	-1.2475	-1.2067	-1.1267	-1.1994	-1.1341	-1.0985	-1.2433	-1.1405	-1.421	-0.47781	0.14595	0.82852	0.898	0.8049	0.62866	0.44694	0.28612	0.15206	0.049916	-0.032	-0.098014	-0.2096	-0.35261	-0.39755	20.881
912.87	-0.6611	-0.72091	-0.94132	-1.2103	-1.2119	-1.1676	-1.1121	-1.09	-1.0343	-0.82766	-0.9685	-1.0124	-1.0309	-0.94033	-1.1353	-0.58047	0.18203	0.80227	0.87734	0.78988	0.61503	0.43406	0.27788	0.14772	0.0425	-0.045219	-0.11278	-0.21552	-0.38074	-0.44212	20.585
929.8	-0.70668	-0.7405	-0.95878	-1.1064	-1.1063	-1.1507	-1.0368	-1.0042	-0.94307	-0.79527	-0.68602	-1.0196	-1.1843	-0.99639	-1.1945	-0.2695	0.2265	0.80973	0.86609	0.75318	0.60301	0.3998	0.24125	0.13103	0.0086472	-0.040366	-0.12186	-0.22064	-0.38953	-0.44685	20.274
943.42	-0.64051	-0.74362	-0.97498	-1.0953	-1.0706	-1.0253	-1.0104	-0.92394	-0.90984	-0.85208	-0.91914	-0.96272	-1.0217	-1.0301	-1.0985	-0.28253	0.29632	0.81109	0.84737	0.72539	0.55728	0.36972	0.21223	0.083658	-0.01119	-0.079503	-0.14677	-0.23974	-0.41572	-0.4782	19.867
946.3	-0.80021	-0.82326	-0.96717	-1.0243	-1.0298	-0.94328	-0.90137	-0.87904	-0.85157	-0.81545	-0.82661	-0.79191	-0.80907	-0.8352	-1.0691	-0.2142	0.35209	0.8147	0.84247	0.68776	0.52429	0.34854	0.20602	0.078548	-0.03761	-0.10065	-0.17837	-0.28566	-0.44455	-0.52386	19.56
940.23	-0.86814	-0.82703	-0.93185	-0.97328	-0.95559	-0.89873	-0.85502	-0.83663	-0.77681	-0.66651	-0.59714	-0.74634	-0.70072	-0.70391	-0.79525	-0.22408	0.42525	0.81821	0.8557	0.68965	0.49779	0.31379	0.15772	0.0375	-0.074368	-0.14832	-0.22437	-0.33594	-0.52598	-0.61811	19.152
927.88	-0.89894	-0.83101	-0.89389	-0.91565	-0.84537	-0.8523	-0.77701	-0.76437	-0.76243	-0.68405	-0.55017	-0.73059	-0.75935	-0.71327	-0.72583	0.039576	0.4788	0.82998	0.83547	0.65755	0.47414	0.27791	0.12574	1.7877e-005	-0.10079	-0.1608	-0.24729	-0.36836	-0.59352	-0.6968	18.882
907.43	-0.86016	-0.86012	-0.90221	-0.90062	-0.8309	-0.78739	-0.74604	-0.76556	-0.69972	-0.74385	-0.52515	-0.73829	-0.73445	-0.81267	-0.64222	0.093239	0.55797	0.86135	0.85753	0.66182	0.48231	0.27895	0.12526	-0.00927	-0.11331	-0.1669	-0.25368	-0.37048	-0.59588	-0.66993	18.49
879.7	-0.83431	-0.79584	-0.92107	-0.89735	-0.85133	-0.82527	-0.77038	-0.7357	-0.747	-0.62995	-0.65752	-0.65321	-0.71425	-0.81248	-0.69998	0.059877	0.58166	0.8829	0.87289	0.64276	0.44141	0.25358	0.10439	-0.022625	-0.11445	-0.20198	-0.25243	-0.36065	-0.5508	-0.61926	18.103
852.26	-0.78465	-0.74669	-0.85815	-0.85824	-0.8153	-0.81429	-0.77487	-0.81512	-0.78061	-0.94323	-0.81818	-0.87929	-0.93414	-0.7943	-0.82897	0.13673	0.61747	0.91134	0.90272	0.65316	0.45473	0.25525	0.10599	-0.015262	-0.12149	-0.19969	-0.26316	-0.36076	-0.4945	-0.54505	17.806
827.45	-0.67023	-0.71831	-0.82925	-0.80301	-0.78051	-0.76628	-0.79898	-0.8303	-0.76825	-0.88391	-0.67853	-1.0305	-0.82388	-0.8912	-0.78403	0.28549	0.64432	0.92477	0.91738	0.64767	0.45919	0.24475	0.087332	-0.032385	-0.12945	-0.18575	-0.2639	-0.34447	-0.47306	-0.51739	17.483
807.32	-0.65905	-0.64381	-0.76546	-0.74937	-0.74136	-0.79047	-0.80996	-0.77034	-0.84422	-0.81614	-0.63233	-0.9184	-0.79717	-1.1195	-0.6912	0.38158	0.70782	0.96816	0.92116	0.68852	0.45841	0.25477	0.09417	-0.03604	-0.11939	-0.18481	-0.25215	-0.32616	-0.47532	-0.50176	17.154
794.9	-0.66056	-0.66845	-0.73984	-0.74215	-0.77739	-0.78837	-0.75911	-0.84407	-0.85183	-0.77824	-0.8879	-0.87281	-0.83842	-1.0704	-0.71238	0.2269	0.73527	0.98226	0.9411	0.67419	0.44265	0.23886	0.086174	-0.04528	-0.12396	-0.20844	-0.25144	-0.31891	-0.44596	-0.49278	16.769
791.14	-0.65191	-0.63317	-0.69299	-0.71331	-0.75758	-0.73608	-0.78732	-0.84032	-0.80631	-0.78193	-0.83845	-0.80665	-0.6785	-0.92255	-0.65322	0.25824	0.762	1.0097	0.97245	0.66125	0.43611	0.224	0.085632	-0.040652	-0.13358	-0.20375	-0.25543	-0.32574	-0.42668	-0.46318	16.354
794.47	-0.571	-0.60135	-0.67853	-0.71696	-0.69698	-0.7578	-0.80219	-0.83584	-0.77314	-0.73809	-0.64257	-0.97325	-0.78127	-0.91869	-0.474	0.36765	0.79449	1.0014	0.93422	0.64342	0.41995	0.20813	0.050215	-0.049159	-0.14293	-0.20195	-0.25995	-0.32879	-0.42392	-0.46405	16.035
805.4	-0.55458	-0.61477	-0.63317	-0.70069	-0.69382	-0.72713	-0.79936	-0.76743	-0.71396	-0.68809	-0.66548	-0.891	-0.82749	-1.0283	-0.45734	0.39239	0.80274	0.95417	0.89423	0.60397	0.37653	0.17978	0.035515	-0.096055	-0.15875	-0.21038	-0.26561	-0.32607	-0.43155	-0.44115	15.652
819.31	-0.55084	-0.57781	-0.63925	-0.68971	-0.71297	-0.72079	-0.68719	-0.65621	-0.64134	-0.60756	-0.58163	-0.63349	-0.74827	-1.1031	-0.48983	0.33702	0.79939	0.92493	0.85576	0.56157	0.3516	0.16997	0.010106	-0.10003	-0.17177	-0.21961	-0.2602	-0.32566	-0.42891	-0.44091	15.202
834.51	-0.52965	-0.56121	-0.62761	-0.66452	-0.69999	-0.66636	-0.55887	-0.62957	-0.5942	-0.71232	-0.61173	-0.78378	-0.70723	-0.90179	-0.35243	0.43609	0.8087	0.91006	0.83315	0.537	0.31426	0.12424	-0.015333	-0.10188	-0.18921	-0.23178	-0.2794	-0.31301	-0.37961	-0.41953	14.802
848.41	-0.53287	-0.56226	-0.63448	-0.63412	-0.58195	-0.55289	-0.54121	-0.56056	-0.56266	-0.56773	-0.59171	-0.79903	-0.60574	-0.94939	-0.4147	0.55121	0.79997	0.89322	0.81431	0.49528	0.29569	0.088653	-0.01863	-0.11376	-0.19538	-0.243	-0.28092	-0.30541	-0.38155	-0.42229	14.38
859.95	-0.54558	-0.5682	-0.59746	-0.54158	-0.50635	-0.48342	-0.51046	-0.54502	-0.49919	-0.38215	-0.44551	-0.77905	-0.81934	-1.0949	-0.21731	0.5067	0.80705	0.86023	0.75732	0.471	0.25552	0.080106	-0.042016	-0.13539	-0.18444	-0.24235	-0.28059	-0.33227	-0.40865	-0.42094	13.912
867.32	-0.5311	-0.50241	-0.54203	-0.47536	-0.42508	-0.47553	-0.47536	-0.51654	-0.48045	-0.44392	-0.62775	-0.77243	-0.9443	-1.2686	-0.29155	0.57601	0.79931	0.83399	0.72721	0.43111	0.22445	0.061193	-0.057279	-0.15544	-0.20844	-0.24634	-0.2765	-0.32379	-0.39985	-0.42679	13.492
871.48	-0.4947	-0.46926	-0.4656	-0.41435	-0.43178	-0.41298	-0.46398	-0.40858	-0.38987	-0.5527	-0.72219	-1.0057	-1.1061	-1.2713	-0.40372	0.41759	0.80164	0.81871	0.71026	0.40158	0.20682	0.036402	-0.077735	-0.17228	-0.21401	-0.25892	-0.27688	-0.31983	-0.39264	-0.41196	13.027
875.11	-0.4261	-0.42179	-0.38838	-0.39629	-0.42709	-0.4244	-0.39283	-0.34648	-0.26905	-0.33872	-0.56394	-1.1014	-1.1538	-1.2833	-0.35493	0.54352	0.81408	0.82469	0.72073	0.39353	0.18774	0.017279	-0.082574	-0.15406	-0.21476	-0.25014	-0.27911	-0.29448	-0.35144	-0.35761	12.619
877.35	-0.40643	-0.39265	-0.36294	-0.37297	-0.37977	-0.36718	-0.3014	-0.21724	-0.17308	-0.42049	-0.68832	-1.1439	-1.3682	-1.1852	-0.26002	0.62399	0.81811	0.81229	0.69882	0.39162	0.18467	0.025345	-0.085794	-0.17026	-0.20198	-0.229	-0.26491	-0.28495	-0.31809	-0.32452	12.214
875.22	-0.38968	-0.37209	-0.35332	-0.33862	-0.3218	-0.27335	-0.16204	-0.19851	-0.26226	-0.46752	-1.0199	-1.1285	-1.4674	-1.4559	-0.32661	0.57991	0.8201	0.80395	0.67874	0.36431	0.16603	0.0046267	-0.090305	-0.17067	-0.19103	-0.22442	-0.23766	-0.26403	-0.29865	-0.30918	11.792
869.03	-0.34331	-0.3264	-0.29942	-0.283	-0.20255	-0.13267	-0.14411	-0.18141	-0.31095	-0.83235	-1.0369	-1.4108	-1.3374	-1.388	-0.44282	0.66671	0.84622	0.84085	0.70805	0.37425	0.17683	0.0055707	-0.092681	-0.15514	-0.1924	-0.21998	-0.24191	-0.26994	-0.28218	-0.29257	11.386
860.27	-0.30258	-0.29184	-0.25081	-0.16425	-0.09264	-0.1178	-0.1221	-0.19038	-0.41129	-0.93444	-1.0672	-1.379	-1.3422	-1.2439	-0.38024	0.72916	0.85662	0.83987	0.70332	0.36693	0.16627	0.0010307	-0.082249	-0.1487	-0.18853	-0.21787	-0.24093	-0.23685	-0.25106	-0.25409	11.024
848.09	-0.25749	-0.22771	-0.17492	-0.081405	-0.086003	-0.11949	-0.12045	-0.28164	-0.49047	-0.8529	-1.2027	-1.455	-1.7391	-1.5827	-0.39542	0.57965	0.86712	0.83161	0.71602	0.37596	0.17582	0.012233	-0.094968	-0.14271	-0.16678	-0.20862	-0.20426	-0.23199	-0.24559	-0.23146	10.624
832.48	-0.15039	-0.12323	-0.10826	-0.096496	-0.11502	-0.10399	-0.16517	-0.36791	-0.56454	-1.0624	-1.164	-1.3964	-1.5702	-1.3944	-0.18486	0.79183	0.89166	0.83735	0.7083	0.3763	0.1709	0.011513	-0.084092	-0.14355	-0.17335	-0.18913	-0.19743	-0.19509	-0.19288	-0.17779	10.323
818.14	-0.12645	-0.10414	-0.032436	-0.14051	-0.098445	-0.1028	-0.20332	-0.42492	-0.61603	-1.0909	-1.2156	-1.5568	-1.5418	-1.5575	-0.44014	0.71793	0.90635	0.87108	0.72878	0.37412	0.18226	0.015579	-0.072683	-0.13763	-0.15803	-0.1842	-0.18552	-0.16425	-0.12948	-0.13186	9.9814
807	-0.016587	0.038017	-0.035732	-0.10421	-0.10085	-0.13676	-0.24903	-0.45547	-0.67129	-0.99612	-1.3376	-1.6373	-1.6198	-1.607	-0.36444	0.64873	0.9236	0.87395	0.72793	0.3773	0.15277	0.0030592	-0.077418	-0.12909	-0.1416	-0.1626	-0.16057	-0.13092	-0.077868	-0.061869	9.5888
797.25	-0.0021816	0.0039629	-0.12265	-0.067714	-0.06499	-0.15388	-0.31268	-0.52638	-0.69527	-0.95778	-1.3539	-1.6374	-1.8213	-1.4844	-0.39993	0.69668	0.94451	0.87537	0.73591	0.39693	0.17465	0.019955	-0.073643	-0.10761	-0.12449	-0.1298	-0.12449	-0.10967	-0.056621	-0.016961	9.3154
792.54	0.0174	-0.032569	-0.068283	-0.087111	-0.10802	-0.17033	-0.38097	-0.57688	-0.72181	-1.1159	-1.2977	-1.7073	-1.7263	-1.541	-0.27744	0.76127	0.96173	0.89922	0.75325	0.39828	0.18527	0.028057	-0.064583	-0.10728	-0.11169	-0.12206	-0.10843	-0.087333	-0.023943	-0.0067496	8.9755
792.43	-0.011992	-0.005153	-0.018987	-0.057678	-0.12297	-0.20972	-0.40469	-0.59629	-0.78166	-1.1669	-1.3836	-1.6674	-1.8035	-1.5507	-0.41279	0.68079	0.94252	0.90866	0.74502	0.37014	0.17475	0.009101	-0.058894	-0.10633	-0.11712	-0.10695	-0.10844	-0.073199	-0.020064	-0.0076876	8.6461
797.25	0.020219	0.02304	-0.017912	-0.070547	-0.17098	-0.2589	-0.41853	-0.60998	-0.77879	-1.1902	-1.3859	-1.6274	-1.6491	-1.6077	-0.44131	0.55657	0.93394	0.88155	0.73499	0.3649	0.17084	0.019955	-0.067034	-0.10184	-0.10744	-0.10818	-0.098511	-0.068361	-0.01608	0.015657	8.3392
808.72	0.028573	0.011069	0.0031822	-0.076993	-0.16437	-0.27553	-0.43132	-0.62692	-0.79702	-1.0737	-1.4292	-1.7517	-1.7955	-1.5288	-0.26168	0.60787	0.93396	0.86905	0.71913	0.38341	0.16372	0.019673	-0.069807	-0.10513	-0.090883	-0.1085	-0.087051	-0.066525	-0.011093	0.024623	8.0338
825.95	0.057121	0.046791	0.0059005	-0.083587	-0.18857	-0.28071	-0.4363	-0.63053	-0.77771	-1.0708	-1.3788	-1.6959	-1.795	-1.4969	-0.19632	0.64349	0.92839	0.84992	0.71478	0.35898	0.14375	0.011604	-0.061971	-0.10572	-0.094183	-0.10805	-0.090611	-0.05835	-0.0052711	0.059193	7.7117
846.06	0.069529	0.064515	-0.026839	-0.10206	-0.21005	-0.3012	-0.42934	-0.60287	-0.74698	-1.1501	-1.2056	-1.4021	-1.6171	-1.4435	-0.29888	0.76027	0.9027	0.82002	0.67005	0.31084	0.14124	0.016	-0.062278	-0.092343	-0.10463	-0.098396	-0.096326	-0.052821	0.011224	-0.0080781	7.4273
870.09	0.07921	0.062729	-0.0067274	-0.11222	-0.21979	-0.3042	-0.42079	-0.60823	-0.7561	-1.0905	-1.2894	-1.5095	-1.5374	-1.2298	-0.29062	0.73925	0.87688	0.78699	0.64986	0.28666	0.12948	-0.004434	-0.061422	-0.080107	-0.090226	-0.088787	-0.062205	-0.047336	0.033024	0.051066	7.0688
894.42	0.080527	0.058595	-0.039948	-0.12348	-0.21192	-0.284	-0.41902	-0.59425	-0.71072	-0.9708	-1.3777	-1.5128	-1.5638	-1.2725	-0.11672	0.6567	0.85817	0.76375	0.633	0.30384	0.1336	0.0027602	-0.068168	-0.088206	-0.079776	-0.10816	-0.076229	-0.03978	0.041591	0.062966	6.7918
914.04	0.076251	0.058923	-0.041605	-0.13565	-0.20829	-0.31562	-0.42265	-0.56641	-0.70033	-0.87947	-1.1716	-1.4369	-1.3133	-1.1294	-0.005948	0.61641	0.84311	0.74467	0.60417	0.29296	0.11412	-0.00076074	-0.051057	-0.080446	-0.070239	-0.07222	-0.052739	-0.011331	0.044066	0.069747	6.5557
929.27	0.085029	0.050163	-0.046696	-0.13667	-0.24944	-0.30427	-0.42116	-0.57444	-0.68805	-1.0384	-0.98797	-1.2424	-1.4231	-1.1027	-0.23662	0.76087	0.83506	0.72539	0.58243	0.28472	0.1245	0.0077609	-0.045361	-0.088196	-0.06062	-0.060552	-0.037545	-0.0058665	0.051625	0.068603	6.3604
939.17	0.075038	0.061201	-0.057622	-0.14404	-0.23961	-0.29756	-0.41211	-0.5847	-0.70601	-0.91598	-0.98659	-1.3308	-1.335	-1.0991	-0.12873	0.71039	0.82626	0.71513	0.57707	0.26982	0.11996	0.0051547	-0.045684	-0.071768	-0.066075	-0.043155	-0.041087	-0.0095332	0.055177	0.071043	6.1514
940.34	0.057605	0.021074	-0.067328	-0.16308	-0.24111	-0.326	-0.43461	-0.5799	-0.70198	-0.95768	-1.2382	-1.3291	-1.4063	-1.0897	-0.17244	0.65858	0.82116	0.73082	0.57869	0.27628	0.11738	0.0051483	-0.044026	-0.067604	-0.063709	-0.071793	-0.043397	-0.019955	0.058383	0.056732	5.947
935.87	0.0529	0.017306	-0.083202	-0.16627	-0.24045	-0.33896	-0.46289	-0.60068	-0.70929	-0.76429	-1.0717	-1.3355	-1.356	-1.0707	-0.12038	0.67026	0.8259	0.71502	0.5744	0.28356	0.11308	0.0043268	-0.060322	-0.068745	-0.060956	-0.068133	-0.056251	-0.032029	0.043038	0.057798	5.8243
926.71	0.053422	0.017477	-0.10304	-0.19796	-0.28933	-0.3299	-0.48925	-0.61488	-0.74583	-1.1195	-1.0548	-1.503	-1.3858	-1.2444	-0.28176	0.80603	0.82414	0.69994	0.56899	0.25709	0.11174	0.0018096	-0.057671	-0.075213	-0.07468	-0.059102	-0.057606	-0.030833	0.018551	0.052757	5.7289
911.48	0.061131	0.021741	-0.092154	-0.17402	-0.28026	-0.35073	-0.47606	-0.62095	-0.74693	-1.0322	-1.0352	-1.3625	-1.409	-1.1823	-0.18694	0.60062	0.83455	0.74405	0.58333	0.27452	0.11194	-0.003364	-0.048724	-0.068064	-0.082991	-0.06009	-0.052076	-0.0036746	0.039125	0.065049	5.6425
894.42	0.029309	0.0043416	-0.091341	-0.19417	-0.29222	-0.39137	-0.50127	-0.65164	-0.76449	-0.99782	-1.2068	-1.4773	-1.4018	-1.2218	-0.31037	0.57639	0.86245	0.73897	0.60758	0.27975	0.098791	-0.0069657	-0.05891	-0.069362	-0.06618	-0.072127	-0.045624	-0.018629	0.039871	0.080412	5.5622
876.82	0.040523	0.015993	-0.12376	-0.20665	-0.32796	-0.38987	-0.50722	-0.6822	-0.78321	-1.1097	-1.2601	-1.4345	-1.6387	-1.1601	-0.17551	0.68809	0.86054	0.73134	0.5997	0.26079	0.10164	-0.013418	-0.087564	-0.086482	-0.090351	-0.079559	-0.052447	-0.042179	0.04857	0.048132	5.5198
859.63	0.038623	-0.00053825	-0.13247	-0.21954	-0.30208	-0.39194	-0.54002	-0.71456	-0.81867	-1.0382	-1.1767	-1.4632	-1.7158	-1.28	-0.10227	0.77612	0.86528	0.75074	0.59206	0.27993	0.10456	-0.020125	-0.087563	-0.10604	-0.087997	-0.077663	-0.050913	-0.038132	0.019999	0.050822	5.5001
845.2	0.030097	-0.0014055	-0.11751	-0.24199	-0.33123	-0.43456	-0.55777	-0.72494	-0.86065	-1.0369	-1.4379	-1.4506	-1.5646	-1.3197	-0.22111	0.61941	0.89274	0.7655	0.60738	0.28282	0.081185	-0.022339	-0.071247	-0.098782	-0.096268	-0.10116	-0.060536	-0.030492	0.032177	0.055208	5.441
835.15	0.031389	-0.0083597	-0.14644	-0.25302	-0.34534	-0.42013	-0.56794	-0.72724	-0.86746	-1.194	-1.3738	-1.6012	-1.7022	-1.4895	-0.41141	0.62687	0.87963	0.78257	0.61908	0.27285	0.091255	-0.026396	-0.073006	-0.11098	-0.10342	-0.088913	-0.058606	-0.017434	0.030722	0.077222	5.4304
829.48	0.05407	0.0046816	-0.1262	-0.23478	-0.33547	-0.41509	-0.5553	-0.75069	-0.86002	-1.2216	-1.1785	-1.6025	-1.6678	-1.2718	-0.23525	0.74659	0.90319	0.78099	0.62773	0.27279	0.096454	-0.022764	-0.091654	-0.097883	-0.092919	-0.090424	-0.06525	-0.042895	0.044848	0.055357	5.4365
828.95	0.049422	-0.027644	-0.13275	-0.25128	-0.33773	-0.44407	-0.5922	-0.75764	-0.88824	-1.0766	-1.2612	-1.4886	-1.7425	-1.2635	-0.096112	0.83371	0.89731	0.76863	0.62371	0.2903	0.11392	-0.013238	-0.077184	-0.092402	-0.097294	-0.089579	-0.057261	-0.034469	0.033737	0.064356	5.4774
832.69	0.026818	-0.016212	-0.13031	-0.23749	-0.34027	-0.42433	-0.5878	-0.74319	-0.88691	-1.2556	-1.4391	-1.6345	-1.5973	-1.4939	-0.22443	0.66703	0.89051	0.77306	0.62179	0.28803	0.10703	-0.0093803	-0.078646	-0.10395	-0.10459	-0.093675	-0.049895	-0.029268	0.020646	0.04176	5.4547
840.92	0.029326	-0.0048559	-0.14088	-0.26113	-0.34698	-0.43774	-0.58033	-0.73409	-0.88614	-1.1763	-1.324	-1.4768	-1.5635	-1.3444	-0.22223	0.70796	0.8745	0.76841	0.60436	0.27193	0.087919	-0.038439	-0.085931	-0.11204	-0.093356	-0.087412	-0.062602	-0.037313	0.042408	0.048419	5.4501
850.33	0.031741	0.0054181	-0.13212	-0.24584	-0.34315	-0.44449	-0.57391	-0.73318	-0.86677	-1.1538	-1.3493	-1.6286	-1.7256	-1.3384	-0.17128	0.69073	0.85041	0.75026	0.60371	0.28581	0.10391	-0.020345	-0.080555	-0.090078	-0.088116	-0.068817	-0.066261	-0.047611	0.033792	0.043515	5.4592
860.05	0.039508	-0.012329	-0.12172	-0.26232	-0.34025	-0.44042	-0.57162	-0.73558	-0.87417	-1.2531	-1.3341	-1.7026	-1.6795	-1.4376	-0.22689	0.77571	0.85416	0.74655	0.61224	0.29	0.11068	-0.01368	-0.06389	-0.080152	-0.074648	-0.060196	-0.050888	-0.016115	0.021781	0.036976	5.494
869.03	0.030165	-0.0046988	-0.13192	-0.23276	-0.34549	-0.43965	-0.57319	-0.73063	-0.85834	-1.1475	-1.3203	-1.6393	-1.7499	-1.4402	-0.34791	0.72178	0.84446	0.77285	0.6228	0.29619	0.12789	0.0083006	-0.042442	-0.064337	-0.058239	-0.051814	-0.0427	-0.017562	0.029525	0.061388	5.4562
875	0.036169	0.00029848	-0.12927	-0.26128	-0.36244	-0.43852	-0.57257	-0.73089	-0.86515	-1.0844	-1.5539	-1.4919	-1.5898	-1.3785	-0.24185	0.69862	0.8492	0.76663	0.63447	0.30967	0.12181	0.020893	-0.025807	-0.049888	-0.052119	-0.04889	-0.023808	-0.0006232	0.058344	0.064366	5.538
879.91	0.035967	-0.012872	-0.12593	-0.24442	-0.3585	-0.45566	-0.59232	-0.74858	-0.88219	-1.2157	-1.4487	-1.7003	-1.6676	-1.534	-0.37175	0.51333	0.81486	0.77727	0.64677	0.33152	0.1522	0.024371	-0.021386	-0.046998	-0.046138	-0.040099	-0.02704	-0.0022115	0.047523	0.064004	5.7501
878.1	0.032506	-0.0030016	-0.13841	-0.25607	-0.3602	-0.44913	-0.61079	-0.76845	-0.90676	-1.1907	-1.3453	-1.7309	-1.8795	-1.5975	-0.41947	0.65072	0.82439	0.79477	0.6456	0.34493	0.16808	0.046035	-0.012001	-0.050585	-0.032384	-0.028233	-0.027936	-0.0046103	0.033601	0.048062	5.8924
876.82	0.045837	-0.01209	-0.12725	-0.26932	-0.35109	-0.42076	-0.5829	-0.74423	-0.91905	-1.1281	-1.3666	-1.7153	-1.7778	-1.7809	-0.50475	0.63346	0.82909	0.80529	0.6867	0.38093	0.20557	0.074959	0.012878	-0.026194	-0.027538	-0.0086148	-0.0060407	-0.0038198	0.045059	0.063385	6.0954
873.19	0.036244	-0.0021894	-0.12953	-0.25061	-0.36803	-0.47233	-0.60514	-0.76575	-0.94744	-1.3542	-1.5765	-1.777	-1.9425	-1.9441	-0.7052	0.3985	0.82025	0.83308	0.72567	0.41085	0.21772	0.1133	0.025862	0.005282	-0.012909	-0.019809	0.0032537	0.041104	0.060229	0.066201	6.2938
864.22	0.033029	-0.0097553	-0.14418	-0.26889	-0.37576	-0.49433	-0.62227	-0.7932	-0.97183	-1.3682	-1.7501	-2.0161	-2.2097	-1.9993	-0.83658	0.35644	0.79065	0.83223	0.75103	0.42342	0.24459	0.11722	0.029614	0.019521	0.0010269	-0.0052718	-0.00099204	0.019639	0.07243	0.053132	6.5375
855.25	0.036099	-0.01663	-0.14658	-0.27611	-0.38069	-0.49376	-0.63892	-0.83646	-1.0235	-1.4391	-1.7983	-2.0837	-2.2597	-2.0998	-0.78748	0.47216	0.77118	0.8448	0.77435	0.46612	0.28178	0.14804	0.053689	0.020623	0.017764	0.012199	0.021489	0.027218	0.058793	0.078882	6.8251
847.98	0.040986	-0.021046	-0.16501	-0.29268	-0.39392	-0.48541	-0.69033	-0.87796	-1.0646	-1.5084	-1.6234	-2.1203	-2.351	-2.3407	-0.97903	0.40092	0.75249	0.88011	0.79396	0.48518	0.30569	0.15956	0.063915	0.032542	0.027196	0.026446	0.032142	0.033235	0.06474	0.064665	7.1278
837.72	0.054464	0.0098218	-0.1524	-0.30885	-0.42497	-0.53447	-0.6807	-0.91981	-1.0785	-1.7	-1.9271	-2.26	-2.5892	-2.595	-1.2667	0.20577	0.72513	0.89874	0.82645	0.51589	0.31125	0.1804	0.088957	0.03843	0.022404	0.001718	0.030767	0.027787	0.062779	0.061021	7.4092
828.52	0.033513	-0.008425	-0.15409	-0.30592	-0.40419	-0.54436	-0.70132	-0.9143	-1.1226	-1.5633	-2.1023	-2.2851	-2.7008	-2.7242	-1.3703	0.11173	0.68879	0.9107	0.8613	0.54955	0.34586	0.1929	0.091761	0.045327	0.041645	0.022543	0.039147	0.028943	0.071834	0.088604	7.745
822.95	0.03563	-0.041925	-0.15885	-0.2961	-0.448	-0.5251	-0.72972	-0.97261	-1.1536	-1.7011	-2.0442	-2.7735	-2.9693	-3.0917	-1.4097	0.054296	0.65714	0.9368	0.88673	0.59302	0.38142	0.21534	0.11068	0.082872	0.069741	0.046373	0.032219	0.042761	0.062033	0.076562	8.0701
817.6	0.048205	-0.012969	-0.1627	-0.31921	-0.43853	-0.57673	-0.73538	-0.99491	-1.1983	-1.6827	-2.068	-2.6168	-3.054	-3.2507	-1.7215	0.083936	0.60241	0.93289	0.89613	0.60471	0.41921	0.24866	0.14638	0.095596	0.069322	0.053093	0.056863	0.047325	0.072793	0.053435	8.4118
815.57	0.027381	-0.019216	-0.16029	-0.32	-0.46967	-0.57314	-0.7381	-1.0077	-1.262	-1.7758	-2.1981	-2.6039	-3.1271	-3.4812	-1.9281	-0.29745	0.5438	0.9322	0.91005	0.63068	0.42305	0.27352	0.14952	0.10711	0.06774	0.044035	0.058816	0.041431	0.054104	0.058126	8.7534
