12092	1	3	91	27.8	757	1	10	4	1.747	128	4096	10	0	0	0	0	223.61	991.65	1.4556e+006	0.11849	0.073263	41.202	0	0	1	0	0	0	11	0	0
979.34	0.011703	-0.033337	-0.16471	-0.2774	-0.40531	-0.51169	-0.67498	-0.86352	-1.089	-1.6543	-2.0775	-2.2241	-2.0724	-2.5807	-1.2595	0.10106	0.69136	0.85937	0.77515	0.46363	0.26786	0.1405	0.03328	-0.009182	-0.019105	-0.021993	-0.019157	-0.0075831	0.025161	0.037889	7.2655
979.34	0.014874	-0.04517	-0.17645	-0.31353	-0.41739	-0.52342	-0.69266	-0.89559	-1.0981	-1.6543	-1.9734	-2.2971	-2.0179	-2.7274	-1.2932	0.052152	0.67649	0.84931	0.79238	0.48481	0.28802	0.14696	0.03943	-0.0037076	-0.018375	-0.021229	-0.018401	-0.0061516	0.014161	0.032578	7.4758
978.92	0.020433	-0.031872	-0.15852	-0.30982	-0.40721	-0.53539	-0.69148	-0.90224	-1.1016	-1.6139	-2.009	-2.3549	-2.0421	-2.8599	-1.3275	0.044043	0.6494	0.86729	0.80696	0.5103	0.29358	0.15349	0.057133	0.013508	0.0049992	-0.015879	-0.012362	0.0024348	0.037749	0.030315	7.6588
979.66	0.0045653	-0.034066	-0.17483	-0.29345	-0.42415	-0.53917	-0.68654	-0.91719	-1.1347	-1.6045	-2.1114	-2.5233	-1.9861	-3.0198	-1.5538	0.003255	0.6012	0.85993	0.81309	0.51154	0.31118	0.15579	0.069384	0.017408	-0.00084632	-0.0043918	0.001239	-0.0082969	0.025938	0.018158	7.8751
979.56	0.013286	-0.026676	-0.17719	-0.29963	-0.44404	-0.54593	-0.71018	-0.93137	-1.1741	-1.7197	-2.0163	-2.3371	-2.0798	-3.0355	-1.4697	-0.13523	0.57624	0.87678	0.8274	0.54255	0.33835	0.17922	0.074001	0.026795	0.013026	-0.0036262	0.0035051	-0.0011443	0.021227	0.034845	8.0762
979.66	0.0061496	-0.042937	-0.16466	-0.30882	-0.42588	-0.53414	-0.73808	-0.95864	-1.1929	-1.8676	-2.1721	-2.6288	-1.9705	-3.205	-1.6127	-0.14337	0.55193	0.85322	0.82282	0.55715	0.35226	0.19857	0.077068	0.030704	0.013025	-0.0036258	-0.0010252	0.0060086	0.03615	0.022708	8.3377
978.07	0.021246	-0.045229	-0.18216	-0.32086	-0.43607	-0.54676	-0.73264	-0.9414	-1.2031	-1.8459	-2.1843	-2.8198	-1.9581	-3.3416	-1.843	-0.18438	0.48782	0.85713	0.83841	0.56704	0.37302	0.21426	0.11336	0.052685	0.02548	0.013993	-0.0002709	0.005301	0.035421	0.037179	8.5539
977.33	0.016493	-0.045263	-0.18936	-0.30416	-0.45024	-0.56398	-0.73689	-0.95858	-1.2177	-1.7731	-2.2642	-2.8789	-1.9908	-3.4834	-1.9541	-0.43766	0.45683	0.87038	0.84655	0.59033	0.39351	0.22008	0.11268	0.060564	0.040135	0.010935	0.0035131	0.01893	0.026	0.028845	8.7987
977.86	0.0093384	-0.0245	-0.15556	-0.30862	-0.44827	-0.56283	-0.75935	-0.99332	-1.2465	-1.8216	-2.3064	-2.8205	-2.0678	-3.7444	-2.0037	-0.47823	0.41271	0.85732	0.85284	0.60225	0.40417	0.24826	0.12956	0.063666	0.041575	0.012464	0.024695	0.016769	0.018904	0.039465	8.9921
977.86	0.012514	-0.048201	-0.15243	-0.31709	-0.46296	-0.58046	-0.75493	-0.99567	-1.2881	-1.9369	-2.3845	-2.9992	-1.9742	-3.9222	-2.2736	-0.51904	0.35239	0.86068	0.85134	0.61449	0.40727	0.24907	0.13494	0.066798	0.050353	0.030857	0.020913	0.020352	0.035429	0.028068	9.2429
978.28	0.006953	-0.040777	-0.17194	-0.31002	-0.44548	-0.55084	-0.7605	-1.0258	-1.2989	-1.9278	-2.4442	-3.0872	-2.0435	-4.1369	-2.4243	-0.64117	0.29193	0.84017	0.85847	0.6387	0.43737	0.25624	0.15181	0.087131	0.041558	0.029312	0.014095	0.027506	0.029907	0.035651	9.4483
977.43	0.0077545	-0.033402	-0.16033	-0.32877	-0.47526	-0.58743	-0.76854	-1.0047	-1.3152	-1.979	-2.4029	-3.3012	-2.0609	-4.3184	-2.4686	-0.75603	0.23575	0.85265	0.86222	0.65313	0.45329	0.2872	0.15887	0.092693	0.051839	0.033171	0.019409	0.037567	0.029146	0.040243	9.6809
976.05	0.014924	-0.033449	-0.18332	-0.31536	-0.44823	-0.59247	-0.78219	-1.0462	-1.3625	-2.0313	-2.6151	-3.3465	-2.1185	-4.3864	-2.7341	-0.8961	0.1835	0.83115	0.87396	0.66632	0.4586	0.29328	0.16681	0.10381	0.068767	0.038593	0.028531	0.021824	0.035494	0.03497	9.8999
974.46	0.015747	-0.029046	-0.16868	-0.30892	-0.47064	-0.61112	-0.79753	-1.0746	-1.386	-2.0181	-2.6455	-3.2786	-2.1141	-4.5566	-2.8062	-1.0286	0.13034	0.83588	0.88894	0.68297	0.48117	0.29457	0.18021	0.11499	0.074751	0.06019	0.038448	0.053501	0.047399	0.036555	10.104
974.35	-0.00098814	-0.052835	-0.17657	-0.30586	-0.46289	-0.58002	-0.79984	-1.0684	-1.3915	-2.0844	-2.8201	-3.3361	-1.9969	-4.7588	-3.069	-1.2089	0.06037	0.82418	0.8657	0.68796	0.48823	0.32544	0.19414	0.12129	0.084303	0.054814	0.045285	0.043438	0.028449	0.025119	10.338
974.35	-0.0041755	-0.039455	-0.17106	-0.33368	-0.46202	-0.59687	-0.80576	-1.0842	-1.418	-2.1092	-2.8812	-3.3687	-2.0282	-5.0071	-3.2044	-1.299	-0.022189	0.79638	0.87323	0.71581	0.51317	0.33761	0.21037	0.13466	0.097515	0.074042	0.058191	0.032651	0.031608	0.035795	10.561
974.03	0.0061882	-0.039468	-0.16404	-0.33533	-0.48819	-0.60381	-0.83268	-1.1254	-1.4443	-2.2422	-2.9605	-3.4595	-2.0994	-5.2416	-3.3833	-1.3158	-0.10164	0.78568	0.87577	0.7144	0.52893	0.35477	0.21275	0.13942	0.10195	0.069451	0.048336	0.041295	0.025299	0.035807	10.813
974.35	0.009372	-0.032763	-0.18443	-0.35376	-0.49064	-0.58423	-0.85609	-1.1164	-1.4719	-2.1423	-2.916	-3.5399	-2.0674	-5.3718	-3.5938	-1.4956	-0.17473	0.78458	0.8672	0.73874	0.5459	0.3652	0.23431	0.1496	0.11073	0.083273	0.058951	0.037683	0.033978	0.038846	11.008
974.03	-0.00098846	-0.036493	-0.16876	-0.31137	-0.46477	-0.60296	-0.87489	-1.1514	-1.4922	-2.2009	-2.9169	-3.4595	-2.0681	-5.5909	-3.6881	-1.7009	-0.24793	0.74608	0.86448	0.75209	0.5531	0.37993	0.23594	0.16302	0.11223	0.08253	0.056692	0.029784	0.016608	0.027416	11.24
972.97	0.010183	-0.039511	-0.17682	-0.35195	-0.48091	-0.6205	-0.86769	-1.1432	-1.5052	-2.3192	-3.0074	-3.5367	-2.1565	-5.7524	-3.8871	-1.875	-0.33954	0.74183	0.86391	0.76768	0.574	0.39498	0.25321	0.17186	0.11824	0.08262	0.055234	0.050701	0.031653	0.029739	11.442
972.12	-0.0081781	-0.051467	-0.17855	-0.32051	-0.47003	-0.62864	-0.86622	-1.1789	-1.5507	-2.3295	-3.0712	-3.7931	-2.0721	-5.983	-4.0177	-2.008	-0.41943	0.72559	0.86467	0.77328	0.58231	0.39614	0.2666	0.17201	0.12276	0.083464	0.058325	0.052188	0.025347	0.022118	11.659
971.69	-0.0089818	-0.05149	-0.17626	-0.33149	-0.49024	-0.64834	-0.89035	-1.1715	-1.5521	-2.231	-3.2823	-3.8111	-2.0887	-6.2657	-4.2572	-2.2306	-0.48663	0.69718	0.84466	0.77854	0.58569	0.41421	0.27291	0.18233	0.13532	0.0889	0.065964	0.052211	0.026151	0.027482	11.85
970.1	-0.021802	-0.049334	-0.17576	-0.32428	-0.50759	-0.65364	-0.88512	-1.1553	-1.5508	-2.3011	-3.2176	-3.842	-2.1315	-6.4162	-4.4597	-2.2754	-0.55298	0.68056	0.85739	0.79051	0.59761	0.4206	0.28422	0.20079	0.13186	0.094454	0.073699	0.052295	0.020641	0.016805	12.054
970.42	-0.00019245	-0.057526	-0.16307	-0.34511	-0.48305	-0.64073	-0.87814	-1.1983	-1.5892	-2.2755	-3.2691	-3.8816	-2.0758	-6.4765	-4.5942	-2.4309	-0.63648	0.67019	0.84577	0.7919	0.63263	0.43594	0.29034	0.19836	0.14656	0.11682	0.088922	0.063108	0.02777	0.025986	12.208
969.89	-0.017805	-0.055319	-0.17501	-0.33832	-0.48157	-0.62924	-0.8868	-1.2424	-1.6236	-2.4013	-3.3672	-3.9984	-2.0926	-6.6359	-4.7328	-2.5886	-0.71029	0.63247	0.83414	0.80138	0.63376	0.44678	0.28661	0.19847	0.1341	0.10684	0.076003	0.051586	0.018265	0.010679	12.379
970.42	-0.023394	-0.067229	-0.18044	-0.33192	-0.51875	-0.62297	-0.90193	-1.1967	-1.6159	-2.5494	-3.3478	-4.1681	-2.0679	-6.8037	-4.9682	-2.5542	-0.75964	0.62959	0.82612	0.80506	0.63576	0.44898	0.31904	0.22126	0.15024	0.11991	0.073674	0.051557	0.030942	0.0068454	12.547
969.04	-0.025031	-0.05462	-0.17595	-0.32852	-0.51251	-0.64588	-0.89205	-1.2443	-1.6182	-2.4533	-3.3877	-4.1741	-2.0472	-6.8992	-5.0859	-2.6485	-0.81211	0.60931	0.82654	0.81032	0.64763	0.46431	0.30862	0.21683	0.15562	0.11002	0.077597	0.057414	0.031781	0.0091555	12.703
967.98	-0.034685	-0.050189	-0.18723	-0.32188	-0.49474	-0.66694	-0.90495	-1.2662	-1.6704	-2.4643	-3.6194	-4.2361	-2.0101	-7.1567	-5.1341	-2.9729	-0.88265	0.58284	0.81305	0.8244	0.63815	0.46236	0.30273	0.21865	0.16244	0.10705	0.076919	0.041553	0.012736	0.01454	12.824
967.76	-0.0371	-0.068163	-0.1651	-0.3375	-0.47651	-0.66285	-0.91483	-1.2404	-1.6318	-2.4732	-3.4184	-4.2206	-2.0578	-7.2442	-5.425	-2.9323	-0.9533	0.57703	0.82612	0.82458	0.66026	0.47799	0.32769	0.22424	0.15213	0.12721	0.086108	0.050974	0.030232	0.01224	12.949
966.38	-0.03635	-0.074254	-0.1693	-0.33331	-0.47807	-0.62387	-0.88928	-1.2532	-1.7038	-2.51	-3.52	-4.3582	-2.1002	-7.458	-5.373	-3.1512	-0.99668	0.55662	0.80452	0.83815	0.6667	0.48113	0.32348	0.22694	0.15827	0.11188	0.079341	0.053222	0.02948	0.0030304	13.056
967.13	-0.037124	-0.084683	-0.18581	-0.34395	-0.50479	-0.6548	-0.98405	-1.2547	-1.6887	-2.4914	-3.6577	-4.4534	-2.1222	-7.4991	-5.403	-3.1653	-1.0498	0.53073	0.8077	0.83833	0.67012	0.49139	0.32713	0.23389	0.16185	0.11567	0.085401	0.056803	0.018317	0.016088	13.191
966.17	-0.042786	-0.060779	-0.17172	-0.34819	-0.47293	-0.65205	-0.93575	-1.2765	-1.6919	-2.5106	-3.6174	-4.2687	-2.148	-7.7022	-5.4595	-3.2758	-1.0802	0.52871	0.79863	0.84164	0.67707	0.49924	0.33602	0.23888	0.16053	0.11888	0.093141	0.049607	0.011168	0.01995	13.319
965	-0.030768	-0.056349	-0.14811	-0.33691	-0.48751	-0.64773	-0.92418	-1.2765	-1.7062	-2.6806	-3.6834	-4.455	-2.1744	-7.7037	-5.7567	-3.2302	-1.1299	0.48597	0.79352	0.841	0.6708	0.50558	0.33487	0.23679	0.1622	0.11748	0.099388	0.049667	0.012776	0.0014942	13.408
962.98	-0.050184	-0.077526	-0.18899	-0.33215	-0.47537	-0.66188	-0.9396	-1.2911	-1.7352	-2.5105	-3.6823	-4.4973	-2.1631	-7.9632	-5.7517	-3.4607	-1.188	0.49977	0.76776	0.8494	0.68562	0.49597	0.33948	0.22853	0.16774	0.12317	0.082695	0.048317	-0.0047775	0.0014974	13.506
961.92	-0.045397	-0.089659	-0.17088	-0.30982	-0.51894	-0.63872	-0.92489	-1.2973	-1.7317	-2.6389	-3.6599	-4.5518	-2.0307	-7.9484	-5.8181	-3.4728	-1.2187	0.47643	0.78005	0.85614	0.68558	0.50309	0.33594	0.2479	0.16718	0.13188	0.090478	0.058568	0.013618	0.0076779	13.566
961.28	-0.06239	-0.087458	-0.15506	-0.3343	-0.49116	-0.62377	-0.94877	-1.2926	-1.7405	-2.6239	-3.7418	-4.5796	-2.1828	-8.0324	-5.7876	-3.5249	-1.269	0.48358	0.77522	0.86418	0.69078	0.50754	0.34948	0.24249	0.17995	0.11637	0.098234	0.047672	0.007223	0.00072751	13.604
960	-0.05762	-0.075503	-0.17841	-0.33553	-0.48565	-0.6588	-0.91096	-1.2759	-1.7244	-2.6106	-3.7203	-4.5692	-2.1618	-8.106	-5.9671	-3.4548	-1.2651	0.47054	0.77625	0.84787	0.69882	0.50492	0.34445	0.2444	0.1705	0.12746	0.089116	0.053576	0.0064299	0.0045991	13.652
960.85	-0.064033	-0.072421	-0.15672	-0.3368	-0.46499	-0.64797	-0.9004	-1.2908	-1.7251	-2.5161	-3.8142	-4.5982	-2.0409	-8.0674	-5.9704	-3.6095	-1.2807	0.48038	0.77938	0.84629	0.69187	0.51352	0.3559	0.24897	0.18077	0.13202	0.096737	0.056445	0.008827	-0.0085507	13.674
960.64	-0.072939	-0.089025	-0.16314	-0.30475	-0.48621	-0.637	-0.95765	-1.2918	-1.7687	-2.6676	-3.6913	-4.5909	-2.1048	-7.9747	-5.946	-3.4857	-1.2921	0.46083	0.77574	0.8498	0.69914	0.50458	0.33404	0.24903	0.16592	0.13049	0.091369	0.043328	-0.0063904	-0.010873	13.738
961.49	-0.0543	-0.086685	-0.15343	-0.33031	-0.45765	-0.63644	-0.92905	-1.2955	-1.7463	-2.6233	-3.8382	-4.6034	-2.1426	-8.1092	-5.975	-3.7316	-1.3029	0.46555	0.77657	0.85652	0.69063	0.51647	0.35645	0.24084	0.17619	0.13739	0.083591	0.054223	0.0064199	-0.0054542	13.762
962.45	-0.059894	-0.075311	-0.16761	-0.30417	-0.49144	-0.67504	-0.91989	-1.3117	-1.7615	-2.6793	-3.7373	-4.5658	-2.1801	-8.0776	-6.1662	-3.5621	-1.3319	0.44973	0.77733	0.85069	0.71361	0.53075	0.34827	0.25732	0.17898	0.13648	0.091198	0.047614	0.023204	-0.010853	13.757
962.34	-0.083298	-0.097146	-0.16683	-0.32298	-0.49764	-0.63844	-0.93123	-1.2816	-1.7486	-2.7047	-3.7995	-4.6571	-2.2121	-8.1649	-6.0726	-3.5791	-1.3273	0.44978	0.75302	0.85328	0.7058	0.51519	0.34361	0.24859	0.17603	0.11702	0.091208	0.045435	-0.009579	-0.0085389	13.79
962.34	-0.076844	-0.099402	-0.1525	-0.31046	-0.47481	-0.6572	-0.92598	-1.2808	-1.734	-2.554	-3.7112	-4.6489	-2.1487	-8.0785	-6.2183	-3.5625	-1.3472	0.44551	0.7675	0.85825	0.70185	0.51519	0.34205	0.24938	0.17529	0.12715	0.081214	0.035972	0.0032159	-0.0062225	13.793
962.45	-0.07038	-0.077569	-0.15885	-0.30965	-0.46598	-0.66566	-0.94237	-1.2751	-1.71	-2.5956	-3.8167	-4.6566	-2.1405	-8.2033	-6.0719	-3.6699	-1.3534	0.4395	0.76818	0.85899	0.69546	0.51349	0.34749	0.24617	0.16932	0.11856	0.088122	0.055624	-0.0023813	-0.011626	13.771
962.98	-0.084049	-0.1046	-0.15479	-0.31026	-0.48853	-0.62523	-0.95308	-1.2807	-1.7544	-2.728	-3.7793	-4.7118	-2.0759	-8.1045	-6.1285	-3.5684	-1.3542	0.4367	0.75862	0.85023	0.70296	0.51239	0.34573	0.24763	0.16329	0.13017	0.085	0.054139	0.0080074	-0.0077607	13.789
963.72	-0.059813	-0.090242	-0.17295	-0.3069	-0.48202	-0.66648	-0.92166	-1.2631	-1.7261	-2.5838	-3.6795	-4.4444	-2.2089	-8.1689	-6.0382	-3.6153	-1.3611	0.43466	0.74357	0.83715	0.69297	0.52102	0.34468	0.24187	0.16984	0.11374	0.086469	0.051188	0.0008156	-0.0062136	13.766
964.04	-0.075099	-0.10374	-0.16415	-0.31851	-0.45556	-0.65689	-0.94305	-1.2793	-1.7102	-2.6331	-3.7047	-4.5912	-2.224	-8.1818	-6.0704	-3.5065	-1.3384	0.4294	0.75093	0.84432	0.69195	0.51839	0.35394	0.25053	0.1683	0.1277	0.088743	0.046083	-0.00078026	-0.027021	13.772
962.98	-0.071955	-0.09708	-0.17149	-0.31964	-0.45519	-0.64227	-0.91713	-1.2529	-1.7428	-2.544	-3.8234	-4.5633	-2.1631	-8.1987	-5.9315	-3.6099	-1.3105	0.45204	0.76166	0.8436	0.68641	0.49761	0.35511	0.24445	0.17146	0.12083	0.091147	0.044679	-0.0031787	-0.0062184	13.766
962.77	-0.079228	-0.11516	-0.16198	-0.31893	-0.46231	-0.62707	-0.93157	-1.2747	-1.7425	-2.6449	-3.8331	-4.7623	-2.1002	-8.0592	-6.0956	-3.5858	-1.3402	0.43594	0.75726	0.85124	0.69918	0.49772	0.33955	0.24052	0.16406	0.12008	0.067345	0.049782	-0.0095748	-0.023197	13.768
961.39	-0.085804	-0.086694	-0.15982	-0.30608	-0.45595	-0.65956	-0.9164	-1.2932	-1.7465	-2.6739	-3.8474	-4.4635	-2.1349	-8.0551	-5.9242	-3.4996	-1.3079	0.43571	0.76598	0.83669	0.69228	0.51324	0.35022	0.24326	0.1643	0.12182	0.08591	0.048397	-0.0039855	-0.012412	13.784
961.6	-0.077711	-0.094207	-0.16218	-0.30209	-0.48221	-0.60479	-0.90045	-1.234	-1.7084	-2.6733	-3.6346	-4.6112	-2.1186	-8.0218	-5.8972	-3.4823	-1.2948	0.4433	0.75361	0.83734	0.70476	0.50243	0.34779	0.23683	0.16129	0.10464	0.067427	0.04547	-0.01999	-0.015499	13.804
960.64	-0.054348	-0.096563	-0.15117	-0.29848	-0.44574	-0.6182	-0.90285	-1.2544	-1.7263	-2.6256	-3.6117	-4.591	-2.0969	-7.9747	-5.9288	-3.5439	-1.2483	0.47707	0.76276	0.83568	0.68175	0.49388	0.34109	0.2275	0.15475	0.11099	0.064412	0.028741	-0.014401	-0.019382	13.781
959.79	-0.073004	-0.093632	-0.16408	-0.28933	-0.45406	-0.63158	-0.90064	-1.2619	-1.7263	-2.6531	-3.6061	-4.5619	-2.1941	-7.8558	-5.8224	-3.3059	-1.2071	0.48005	0.77184	0.83143	0.68157	0.48361	0.32414	0.22051	0.15787	0.11499	0.081429	0.010512	-0.0088016	-0.030237	13.646
959.68	-0.064921	-0.10043	-0.18166	-0.29407	-0.46556	-0.62139	-0.86617	-1.2676	-1.6902	-2.5695	-3.633	-4.4548	-2.1228	-7.6676	-5.6167	-3.3312	-1.1377	0.49807	0.77192	0.82903	0.66344	0.48861	0.31868	0.20936	0.13478	0.092355	0.063708	0.022196	-0.019227	-0.023272	13.527
958.94	-0.065781	-0.087672	-0.16183	-0.27624	-0.44037	-0.63556	-0.8706	-1.2422	-1.6607	-2.5043	-3.6624	-4.392	-2.1086	-7.6262	-5.6125	-3.3837	-1.0979	0.51814	0.78629	0.83217	0.6497	0.47744	0.30323	0.20393	0.13787	0.074451	0.061442	0.025136	-0.00078441	-0.012444	13.381
958.83	-0.062549	-0.092969	-0.14507	-0.28962	-0.4598	-0.62194	-0.87446	-1.2312	-1.684	-2.5046	-3.5831	-4.2848	-2.2361	-7.564	-5.5271	-3.0845	-1.0644	0.5259	0.79556	0.83143	0.66007	0.47749	0.31975	0.20955	0.12595	0.087747	0.060677	0.0076013	-0.023258	-0.021744	13.229
959.68	-0.051975	-0.095151	-0.14893	-0.29093	-0.46292	-0.57862	-0.90826	-1.2117	-1.6764	-2.5275	-3.4649	-4.2975	-2.1943	-7.5336	-5.4706	-3.0651	-1.0244	0.5511	0.80479	0.81988	0.65316	0.46059	0.3077	0.19659	0.13478	0.082203	0.04983	0.025118	-0.02003	-0.022498	13.075
962.66	-0.063107	-0.079809	-0.15006	-0.30098	-0.43779	-0.57854	-0.88672	-1.2199	-1.6328	-2.4361	-3.6218	-4.2017	-2.1638	-7.3533	-5.2738	-3.0059	-0.94403	0.57924	0.79849	0.83724	0.65666	0.45095	0.30206	0.18404	0.13808	0.089734	0.04814	0.039597	-0.010373	-0.014712	12.931
964.15	-0.046902	-0.067666	-0.13394	-0.26616	-0.44675	-0.59723	-0.86964	-1.1989	-1.6195	-2.5075	-3.4577	-4.1376	-2.1051	-7.2478	-5.1459	-2.8771	-0.88138	0.59196	0.81324	0.82105	0.64934	0.4519	0.30784	0.18535	0.11561	0.083376	0.046532	0.025002	-0.0015794	-0.0092931	12.786
966.27	-0.053227	-0.064521	-0.14871	-0.2796	-0.43265	-0.59336	-0.86399	-1.1876	-1.6037	-2.4436	-3.4501	-4.0709	-2.1004	-6.8563	-4.9895	-2.7469	-0.81364	0.59916	0.81676	0.81016	0.63455	0.43863	0.28301	0.17781	0.11165	0.077763	0.044131	0.020596	-0.014317	-0.017731	12.599
966.27	-0.039568	-0.054776	-0.14236	-0.28271	-0.43702	-0.61205	-0.87221	-1.2074	-1.5983	-2.4103	-3.2128	-4.1531	-2.1873	-6.872	-4.8956	-2.5487	-0.76131	0.64163	0.8289	0.7986	0.62041	0.41981	0.27678	0.17463	0.10499	0.074661	0.038007	0.0097185	-0.0087425	-0.019269	12.453
965.64	-0.040398	-0.063812	-0.14325	-0.27744	-0.44519	-0.581	-0.85859	-1.1709	-1.5649	-2.4202	-3.3996	-4.1641	-2.1729	-6.7277	-4.7707	-2.509	-0.67454	0.64971	0.83781	0.7983	0.60352	0.42418	0.27384	0.16443	0.11025	0.072383	0.047992	0.016982	-0.022298	-0.010818	12.263
965.32	-0.035584	-0.061584	-0.1187	-0.28378	-0.44358	-0.59905	-0.82749	-1.1475	-1.5608	-2.3626	-3.2688	-4.0009	-2.1262	-6.5498	-4.6869	-2.452	-0.64381	0.66353	0.85176	0.7936	0.6163	0.40712	0.26536	0.16449	0.10287	0.073181	0.04111	0.02134	-0.013535	-0.020057	12.111
964.36	-0.029984	-0.055636	-0.12755	-0.28093	-0.43439	-0.60646	-0.84477	-1.178	-1.5509	-2.3984	-3.316	-3.8813	-2.0809	-6.3368	-4.6231	-2.2972	-0.58249	0.6778	0.86021	0.7886	0.60196	0.39112	0.24611	0.14638	0.094817	0.042947	0.026575	0.0075577	-0.0023766	-0.018536	11.897
964.26	-0.018713	-0.060899	-0.15458	-0.28018	-0.4318	-0.56481	-0.85159	-1.1352	-1.5426	-2.3819	-3.0434	-3.9147	-2.1365	-6.2905	-4.3755	-2.0657	-0.51422	0.70767	0.86411	0.77213	0.59808	0.39855	0.25004	0.15355	0.081476	0.055385	0.016604	0.012647	0.0032095	-0.0062102	11.749
963.83	-0.029195	-0.045146	-0.13637	-0.2725	-0.43813	-0.57954	-0.83476	-1.1286	-1.5118	-2.266	-3.0095	-3.8835	-2.0979	-6.1834	-4.2577	-2.0335	-0.44291	0.7182	0.86221	0.76337	0.58338	0.38724	0.23453	0.14805	0.081512	0.050745	0.015075	0.010468	0.0087998	-0.0031296	11.523
964.15	-0.013078	-0.05114	-0.14029	-0.3091	-0.43536	-0.57935	-0.83448	-1.1219	-1.4737	-2.2234	-3.0085	-3.7503	-2.026	-5.9461	-4.0766	-1.8425	-0.36728	0.74265	0.85812	0.74904	0.56271	0.35841	0.22586	0.11781	0.071099	0.049175	0.016606	0.0075594	-0.0047718	0.0068913	11.287
963.83	-0.0082484	-0.048903	-0.13398	-0.28421	-0.42586	-0.59316	-0.8183	-1.1047	-1.4519	-2.2242	-2.9566	-3.6033	-2.1295	-5.752	-3.9239	-1.7603	-0.29745	0.74801	0.87743	0.74929	0.56762	0.36591	0.21344	0.13295	0.066671	0.051524	0.020448	0.014104	0.011993	0.0038089	11.078
963.41	0.0054494	-0.04667	-0.14279	-0.28746	-0.45148	-0.55679	-0.80518	-1.11	-1.4933	-2.2502	-2.8698	-3.5141	-2.0354	-5.6212	-3.7459	-1.5954	-0.2292	0.76112	0.8664	0.74879	0.54265	0.35786	0.2065	0.1171	0.06967	0.038323	0.015082	0.01193	0.0088037	0.0007259	10.888
963.19	-0.0018053	-0.042919	-0.146	-0.28987	-0.43579	-0.55691	-0.79263	-1.0784	-1.4498	-2.1755	-2.941	-3.4737	-2.2022	-5.3084	-3.5755	-1.4797	-0.14255	0.78259	0.87496	0.7241	0.53252	0.34973	0.20499	0.12667	0.068942	0.030547	0.019696	0.010477	0.0088056	0.0068967	10.652
963.62	-0.0050274	-0.029371	-0.14753	-0.30068	-0.44437	-0.56774	-0.80276	-1.1129	-1.4315	-2.1745	-2.7722	-3.5134	-2.1221	-5.2982	-3.4797	-1.33	-0.071727	0.79588	0.87229	0.7097	0.51101	0.33973	0.19552	0.11708	0.057036	0.035202	0.012009	0.0075636	0.0048079	0.0038097	10.484
964.47	-0.00099826	-0.030849	-0.14501	-0.29417	-0.4282	-0.54681	-0.78635	-1.0651	-1.3988	-2.1392	-2.805	-3.362	-2.136	-5.1133	-3.3056	-1.3289	-0.016854	0.82241	0.87913	0.70742	0.49324	0.305	0.18442	0.09791	0.048086	0.017298	0.011999	0.0039235	0.007995	0.014593	10.292
965.85	0.0046306	-0.015056	-0.12815	-0.30466	-0.41884	-0.58342	-0.75087	-1.0604	-1.3869	-2.0444	-2.7746	-3.3572	-2.0461	-4.8868	-3.1557	-1.3104	0.028382	0.82378	0.87028	0.70063	0.4831	0.29556	0.17247	0.087458	0.046535	0.011066	0.015044	0.0017426	-0.0055612	0.018416	10.064
965.21	0.014288	-0.027822	-0.14411	-0.29395	-0.42175	-0.54469	-0.77229	-1.0254	-1.3586	-2.029	-2.6357	-3.2607	-2.0711	-4.8117	-3.0297	-1.1459	0.068087	0.83028	0.88149	0.68042	0.47397	0.29248	0.16712	0.07958	0.042121	0.021167	0.012754	-0.0011613	0.01357	0.011501	9.8787
965.11	0.023139	-0.015819	-0.14889	-0.2815	-0.44456	-0.55751	-0.74996	-1.0279	-1.3473	-2.071	-2.6976	-3.3351	-2.1662	-4.5537	-2.9189	-0.93107	0.11334	0.84228	0.87247	0.66809	0.47088	0.28186	0.15154	0.072444	0.040644	0.010299	0.0073897	-0.004064	0.015963	0.02459	9.6341
965.85	0.026338	-0.036052	-0.13687	-0.27894	-0.43109	-0.53583	-0.76805	-1.0001	-1.3455	-2.0611	-2.3878	-3.2256	-2.1093	-4.5032	-2.6946	-0.78989	0.16085	0.83993	0.87104	0.64527	0.45401	0.25626	0.1335	0.072388	0.031724	0.012619	-0.011765	-0.0055138	0.015153	0.030725	9.4468
965.96	0.011864	-0.024802	-0.13686	-0.30307	-0.44854	-0.54427	-0.75751	-1.0198	-1.3116	-1.8524	-2.5194	-3.2664	-2.0222	-4.3462	-2.5663	-0.70718	0.23141	0.85598	0.87398	0.64768	0.44138	0.26032	0.14596	0.062864	0.018394	0.0048586	-0.0002743	0.018426	0.029493	0.04149	9.2354
967.55	0.027092	-0.028505	-0.12634	-0.28701	-0.41636	-0.52556	-0.73241	-0.99677	-1.2995	-1.8993	-2.4275	-3.1871	-2.0504	-4.1984	-2.4683	-0.72252	0.26904	0.85288	0.8642	0.62599	0.42339	0.22966	0.12471	0.039797	0.0057954	-0.0036712	-0.0040978	-0.0011585	0.015128	0.026065	8.9952
968.83	0.025455	-0.03295	-0.14357	-0.29751	-0.42454	-0.51555	-0.73591	-0.95671	-1.2742	-1.8968	-2.4068	-3.0517	-2.0083	-4.029	-2.2862	-0.55682	0.33432	0.85938	0.85019	0.61034	0.4001	0.23344	0.11911	0.038164	0.013171	-0.0013454	-0.017074	-0.0076655	0.016698	0.026797	8.7836
968.93	0.031061	-0.023232	-0.16569	-0.2866	-0.41053	-0.51634	-0.72913	-0.98349	-1.2465	-1.9464	-2.389	-3.0022	-2.2364	-3.8101	-2.2179	-0.49088	0.392	0.85674	0.85086	0.61027	0.39613	0.21546	0.11055	0.042112	0.0065263	-0.010626	0.0027804	-0.0069418	0.022255	0.019893	8.566
969.36	0.028645	-0.027703	-0.13559	-0.2756	-0.40948	-0.52627	-0.73104	-0.95698	-1.2261	-1.7545	-2.274	-2.9025	-2.1174	-3.6836	-2.0212	-0.44951	0.41949	0.85721	0.8414	0.58613	0.37089	0.20231	0.098075	0.021544	0.0057846	-0.0083036	-0.024695	-0.0054939	0.013512	0.039811	8.3801
970.1	0.037427	-0.029176	-0.1418	-0.29324	-0.40656	-0.51064	-0.70223	-0.9286	-1.2145	-1.6286	-2.141	-2.7366	-1.9978	-3.5249	-1.8326	-0.39978	0.46813	0.86248	0.84076	0.57828	0.35026	0.19645	0.087912	0.01758	-0.0082278	-0.026065	-0.026202	-0.012713	0.024608	0.025229	8.1578
970.31	0.031819	-0.029168	-0.16862	-0.28542	-0.41692	-0.52829	-0.70802	-0.93077	-1.183	-1.7444	-2.2193	-2.7114	-2.0445	-3.3293	-1.9342	-0.25989	0.50672	0.85806	0.84511	0.56499	0.35722	0.18826	0.077811	0.020733	-0.008226	-0.025287	-0.016284	-0.0076537	0.030945	0.039008	7.9643
972.33	0.018177	-0.01421	-0.1399	-0.28947	-0.40475	-0.51453	-0.68949	-0.91071	-1.1737	-1.6911	-2.1885	-2.6404	-2.103	-3.3691	-1.7606	-0.24293	0.53324	0.85966	0.83355	0.54412	0.33227	0.17323	0.07223	0.0096603	-0.015564	-0.039881	-0.020816	-0.01124	0.016637	0.04504	7.7813
974.24	0.032485	-0.014926	-0.14041	-0.28427	-0.39182	-0.47477	-0.68814	-0.88927	-1.1554	-1.6961	-2.1493	-2.5211	-1.9188	-3.1452	-1.5709	-0.1032	0.57545	0.85713	0.81083	0.52339	0.32305	0.15503	0.055862	-0.0060863	-0.021407	-0.032109	-0.034443	-0.019849	0.0039661	0.040375	7.6134
974.35	0.036467	-0.037969	-0.1459	-0.28037	-0.40131	-0.49493	-0.68066	-0.88838	-1.1234	-1.6876	-2.0881	-2.6186	-2.1378	-2.9198	-1.5876	0.0032727	0.61234	0.86799	0.82279	0.51351	0.31444	0.15177	0.048131	-0.0013676	-0.018469	-0.025183	-0.032162	-0.020567	0.01976	0.035031	7.4516
974.88	0.028482	-0.021604	-0.13796	-0.27713	-0.36556	-0.48288	-0.67215	-0.87926	-1.113	-1.7032	-2.0695	-2.3565	-2.0349	-2.9648	-1.5868	-0.05403	0.62536	0.87004	0.80503	0.49686	0.28233	0.12817	0.041927	-0.022584	-0.033866	-0.042851	-0.04277	-0.021275	0.018172	0.034252	7.2428
974.67	0.037251	-0.029782	-0.14821	-0.26947	-0.39511	-0.48214	-0.66712	-0.87473	-1.0919	-1.6705	-1.9393	-2.4466	-2.0276	-2.8413	-1.4687	0.15066	0.62314	0.86012	0.79768	0.48141	0.29252	0.1209	0.040393	-0.028091	-0.046349	-0.04209	-0.055681	-0.01337	0.035545	0.027398	7.0491
974.67	0.034861	-0.022351	-0.14507	-0.27796	-0.37864	-0.4754	-0.66416	-0.86687	-1.0897	-1.6044	-1.9916	-2.357	-2.0197	-2.6396	-1.274	0.027837	0.67738	0.85086	0.79693	0.48468	0.27538	0.11846	0.024173	-0.033594	-0.041945	-0.047474	-0.045815	-0.015527	0.020544	0.037307	6.9295
975.2	0.032455	-0.011941	-0.14342	-0.26237	-0.38017	-0.47767	-0.62534	-0.86718	-1.0557	-1.6448	-1.9731	-2.2824	-2.0734	-2.5297	-1.2141	0.16694	0.68644	0.85376	0.77619	0.46478	0.26199	0.10218	0.020301	-0.028075	-0.054391	-0.060512	-0.03972	-0.028454	0.028424	0.03805	6.7933
975.94	0.028453	-0.01787	-0.13467	-0.26295	-0.39373	-0.48824	-0.65738	-0.84454	-1.0352	-1.4868	-1.902	-2.2318	-2.064	-2.6052	-1.171	0.10957	0.71731	0.8447	0.76808	0.45952	0.24779	0.090759	0.0079445	-0.046895	-0.055816	-0.068145	-0.054093	-0.028432	0.0071144	0.034215	6.6208
975.41	0.030855	-0.015652	-0.14574	-0.26077	-0.37922	-0.48598	-0.64295	-0.83558	-1.0395	-1.3967	-1.8595	-2.119	-2.0104	-2.4206	-1.0194	0.052362	0.71928	0.84348	0.76474	0.44504	0.23702	0.098107	0.0010029	-0.044563	-0.047781	-0.058963	-0.040471	-0.01408	0.020529	0.041089	6.4815
974.78	0.023707	-0.014177	-0.13326	-0.2872	-0.34566	-0.45009	-0.65669	-0.82512	-1.0357	-1.4968	-1.7562	-2.0715	-1.996	-2.2205	-1.147	0.24888	0.73075	0.83392	0.75094	0.43305	0.22549	0.087625	-0.0028568	-0.055597	-0.052213	-0.068996	-0.039739	-0.033498	0.020542	0.028157	6.3437
975.2	0.034842	-0.020854	-0.1497	-0.27241	-0.37584	-0.47767	-0.61942	-0.81534	-1.0254	-1.4796	-1.8163	-2.1439	-2.0343	-2.3979	-0.96041	0.30607	0.75164	0.83861	0.7288	0.40831	0.21605	0.070558	-0.010574	-0.055571	-0.052925	-0.052059	-0.051858	-0.028454	0.012642	0.024336	6.2423
976.05	0.032425	-0.016382	-0.13858	-0.26137	-0.38244	-0.49155	-0.61223	-0.80678	-0.99944	-1.4371	-1.7887	-2.1095	-2.1497	-2.0395	-0.69762	0.40391	0.77532	0.83536	0.73869	0.41532	0.20575	0.073737	-0.0067084	-0.039824	-0.043352	-0.058924	-0.047265	-0.028429	0.021303	0.038016	6.1393
978.81	0.032334	-0.037796	-0.15228	-0.2591	-0.35459	-0.48429	-0.63261	-0.81154	-0.9868	-1.3754	-1.7055	-1.9899	-2.0657	-2.1187	-0.81362	0.32124	0.77313	0.81874	0.71487	0.38561	0.19198	0.053335	-0.017457	-0.069457	-0.068075	-0.07943	-0.047889	-0.035508	0.014168	0.048538	6.0227
979.77	0.029132	-0.042933	-0.13571	-0.24732	-0.36805	-0.46287	-0.62242	-0.79199	-0.98433	-1.3248	-1.6085	-1.8907	-2.0404	-2.024	-0.69497	0.3535	0.78489	0.81878	0.71043	0.3779	0.18714	0.042791	-0.024354	-0.068606	-0.076768	-0.077059	-0.049351	-0.014017	0.018081	0.041663	5.9379
979.77	0.022001	-0.031845	-0.13258	-0.25885	-0.37063	-0.46455	-0.62169	-0.78339	-0.95563	-1.3741	-1.5999	-1.9961	-2.1027	-1.8388	-0.76233	0.51641	0.806	0.81376	0.6992	0.37139	0.18017	0.033104	-0.032805	-0.076426	-0.076768	-0.073234	-0.050107	-0.025459	0.020437	0.040905	5.8682
979.02	0.031535	-0.029649	-0.14521	-0.26212	-0.36315	-0.45652	-0.59417	-0.7832	-0.94502	-1.3751	-1.523	-1.8191	-2.0341	-1.763	-0.64496	0.4842	0.8027	0.80096	0.67576	0.34314	0.16247	0.027478	-0.032061	-0.073353	-0.06879	-0.080945	-0.05468	-0.031205	0.014165	0.037141	5.8016
978.71	0.041065	-0.0304	-0.14212	-0.25297	-0.37622	-0.45834	-0.61057	-0.77719	-0.94533	-1.3097	-1.6016	-1.844	-2.0114	-1.8099	-0.51034	0.54143	0.81392	0.79787	0.66923	0.35548	0.15941	0.033949	-0.045146	-0.077291	-0.068082	-0.07408	-0.056209	-0.042671	0.022819	0.041708	5.7652
978.28	0.030765	-0.029672	-0.15236	-0.25616	-0.37552	-0.45938	-0.61526	-0.76421	-0.9344	-1.2856	-1.5589	-1.7393	-2.0825	-1.8416	-0.61172	0.5172	0.81819	0.80157	0.68002	0.34911	0.1556	0.025072	-0.035163	-0.069492	-0.06738	-0.07258	-0.06682	-0.049135	0.012602	0.029574	5.6925
979.66	0.038647	-0.031848	-0.1498	-0.25657	-0.38361	-0.44198	-0.60262	-0.75375	-0.93837	-1.3413	-1.4787	-1.9963	-2.0951	-1.7696	-0.6698	0.52461	0.80374	0.80547	0.67457	0.32744	0.15383	0.017773	-0.046638	-0.08269	-0.073127	-0.069416	-0.071257	-0.036907	0.024368	0.037876	5.6077
981.36	0.041743	-0.043602	-0.16438	-0.25459	-0.35884	-0.44623	-0.60745	-0.75791	-0.91563	-1.2405	-1.5453	-1.8067	-2.0837	-1.6818	-0.52575	0.48305	0.82499	0.79571	0.66144	0.33338	0.15202	0.0088813	-0.041956	-0.077082	-0.078102	-0.07388	-0.067364	-0.036128	0.024326	0.034783	5.5895
981.57	0.038572	-0.022194	-0.1261	-0.2461	-0.36221	-0.44614	-0.59189	-0.74526	-0.92297	-1.2156	-1.5277	-1.7901	-2.0832	-1.7353	-0.45003	0.62928	0.84042	0.78634	0.66055	0.33818	0.15044	0.018545	-0.056517	-0.085652	-0.076627	-0.074627	-0.065843	-0.026839	0.00472	0.045372	5.5592
982.42	0.01957	-0.036182	-0.1369	-0.24819	-0.36447	-0.46162	-0.58477	-0.76255	-0.94251	-1.2802	-1.5696	-1.8128	-2.0581	-1.6953	-0.56719	0.51501	0.828	0.77647	0.65401	0.32083	0.13098	0.0040422	-0.061066	-0.078558	-0.080929	-0.088294	-0.065032	-0.044647	0.00080007	0.0234	5.5486
981.36	0.028294	-0.0037483	-0.13237	-0.24615	-0.37606	-0.46547	-0.58099	-0.76572	-0.91337	-1.1995	-1.355	-1.6286	-2.0837	-1.6895	-0.3997	0.6294	0.84138	0.79487	0.66667	0.33256	0.14273	0.0064639	-0.057296	-0.082547	-0.079559	-0.07388	-0.065857	-0.04684	0.025893	0.029484	5.5319
980.62	0.022773	-0.023692	-0.15669	-0.24557	-0.36084	-0.44741	-0.61085	-0.75458	-0.92161	-1.2251	-1.4686	-1.7837	-2.0075	-1.6291	-0.34112	0.5648	0.8264	0.78627	0.65521	0.33688	0.1382	0.0105	-0.050432	-0.08339	-0.085455	-0.082343	-0.076469	-0.040444	0.019634	0.021927	5.5304
980.51	0.029903	-0.024434	-0.13483	-0.26249	-0.37294	-0.44327	-0.61018	-0.74763	-0.91869	-1.3156	-1.5034	-1.8325	-2.0077	-1.5598	-0.38323	0.56486	0.83274	0.78886	0.65154	0.31902	0.13434	0.007274	-0.055811	-0.09512	-0.086922	-0.093816	-0.072704	-0.042593	0.024347	0.039358	5.541
980.41	0.017234	-0.037735	-0.14109	-0.25407	-0.36264	-0.43411	-0.5845	-0.73912	-0.89917	-1.1514	-1.5122	-1.8084	-1.9068	-1.4906	-0.40851	0.57304	0.84377	0.80988	0.65984	0.33289	0.12971	0.0096945	-0.051979	-0.079502	-0.083285	-0.088475	-0.071203	-0.038307	0.0165	0.034059	5.5213
980.51	0.023568	-0.022957	-0.13561	-0.23946	-0.37552	-0.44494	-0.60136	-0.72888	-0.89379	-1.2498	-1.4947	-1.7758	-1.9221	-1.6909	-0.53463	0.58113	0.83274	0.79389	0.65678	0.32064	0.13976	0.016952	-0.039688	-0.088088	-0.082545	-0.075472	-0.07195	-0.018293	0.0031548	0.037843	5.5365
981.15	0.029884	-0.027371	-0.13552	-0.26462	-0.36753	-0.44633	-0.58847	-0.74168	-0.91131	-1.3147	-1.4765	-1.799	-1.9831	-1.7361	-0.44182	0.55634	0.84078	0.79504	0.63766	0.3123	0.12806	-0.0048188	-0.061145	-0.10443	-0.097072	-0.078478	-0.069641	-0.033993	0.001585	0.021159	5.5471
981.36	0.027503	-0.025152	-0.12222	-0.27377	-0.36745	-0.43452	-0.60084	-0.75167	-0.91413	-1.3965	-1.4156	-1.661	-2.0448	-1.6509	-0.47534	0.59688	0.83904	0.78316	0.64948	0.32362	0.13345	0.0040465	-0.063433	-0.091915	-0.089034	-0.074643	-0.068872	-0.036128	0.018835	0.028726	5.538
981.79	0.021956	-0.019977	-0.14246	-0.25831	-0.3475	-0.43183	-0.5925	-0.73261	-0.89715	-1.1498	-1.4495	-1.6603	-1.9896	-1.6117	-0.39952	0.55598	0.83399	0.77362	0.64248	0.31128	0.12411	0.0040448	-0.066471	-0.092656	-0.086082	-0.087587	-0.065828	-0.042537	0.017262	0.054443	5.5289
983.17	0.03772	-0.031735	-0.14849	-0.26561	-0.37967	-0.46795	-0.59166	-0.74483	-0.90793	-1.1727	-1.4389	-1.7145	-2.0023	-1.6479	-0.38219	0.51463	0.82737	0.76836	0.62889	0.29705	0.12162	-0.013654	-0.053363	-0.086291	-0.082322	-0.082891	-0.071003	-0.036775	0.01254	0.033963	5.538
983.06	0.029824	-0.023636	-0.14617	-0.26028	-0.36252	-0.45214	-0.59099	-0.74725	-0.90201	-1.2302	-1.4649	-1.7631	-1.9792	-1.625	-0.34868	0.61209	0.83136	0.77429	0.64538	0.31088	0.11931	1.6996e-005	-0.046477	-0.089417	-0.075055	-0.069939	-0.076279	-0.016821	0.01802	0.040768	5.538
984.76	0.017158	-0.017709	-0.1428	-0.25295	-0.35846	-0.45636	-0.5995	-0.74674	-0.89895	-1.2117	-1.5055	-1.6956	-2.0688	-1.6606	-0.44857	0.53001	0.8307	0.77712	0.65097	0.31683	0.13067	0.017681	-0.050984	-0.078371	-0.0742	-0.069819	-0.053609	-0.031735	0.010175	0.033153	5.5395
984.23	0.021901	-0.023605	-0.14288	-0.26915	-0.36981	-0.44243	-0.59689	-0.76894	-0.93251	-1.3433	-1.4891	-1.753	-2.0544	-1.5616	-0.55776	0.44921	0.83193	0.78755	0.65653	0.32024	0.13229	0.015281	-0.057893	-0.067516	-0.069154	-0.065289	-0.049128	-0.034599	0.019562	0.032416	5.5486
985.93	0.0195	-0.030177	-0.14186	-0.2641	-0.36746	-0.46498	-0.58415	-0.75984	-0.93616	-1.2021	-1.6157	-1.7097	-2.074	-1.7276	-0.36439	0.46463	0.82117	0.78036	0.65392	0.32859	0.15748	0.032098	-0.040998	-0.079833	-0.061781	-0.068975	-0.052796	-0.032409	0.013285	0.021057	5.6986
985.08	0.037647	-0.048584	-0.13809	-0.27044	-0.37378	-0.47288	-0.60516	-0.7675	-0.93621	-1.3667	-1.5223	-1.7192	-1.9442	-1.7982	-0.45681	0.60274	0.82576	0.79271	0.66863	0.35642	0.16532	0.032125	-0.033391	-0.072902	-0.064737	-0.062948	-0.043828	-0.035991	0.017201	0.037668	5.8182
985.4	0.017147	-0.025782	-0.16526	-0.26883	-0.39682	-0.46523	-0.61667	-0.78513	-0.94342	-1.309	-1.5304	-1.8557	-2.1139	-1.7516	-0.5236	0.48915	0.82005	0.80161	0.67511	0.35064	0.1591	0.034521	-0.033381	-0.065882	-0.058909	-0.053802	-0.044566	-0.028871	0.028911	0.033131	5.9273
984.02	0.017961	-0.026555	-0.14836	-0.26308	-0.38277	-0.48507	-0.62487	-0.8018	-0.9688	-1.3027	-1.6188	-1.9229	-2.1013	-1.8616	-0.65007	0.31142	0.79941	0.80023	0.70364	0.36654	0.17167	0.037785	-0.028839	-0.050403	-0.060446	-0.05997	-0.032599	-0.019651	0.023477	0.042994	6.0818
983.7	0.019545	-0.019937	-0.14607	-0.26317	-0.37689	-0.48189	-0.62727	-0.80518	-0.9819	-1.3604	-1.628	-1.9558	-1.9857	-2.0083	-0.71735	0.38456	0.77941	0.81134	0.69864	0.38045	0.18331	0.062715	-0.0089536	-0.056651	-0.045197	-0.040943	-0.041633	-0.011824	0.0054917	0.045274	6.2256
982.42	0.013248	-0.026598	-0.16576	-0.29262	-0.38254	-0.48418	-0.64497	-0.81792	-0.98618	-1.4442	-1.7511	-2.0958	-2.0426	-2.0416	-0.72667	0.39316	0.77341	0.8149	0.70851	0.38825	0.20673	0.064406	0.003296	-0.036448	-0.040159	-0.040996	-0.050725	-0.032523	0.010983	0.030964	6.4088
981.79	0.023538	-0.037682	-0.1448	-0.28131	-0.39742	-0.48617	-0.65126	-0.81377	-1.0019	-1.4533	-1.6744	-2.1214	-1.9352	-2.1662	-0.79436	0.36904	0.76767	0.83967	0.7284	0.40151	0.21383	0.062838	0.017865	-0.047396	-0.046741	-0.048656	-0.050758	-0.0039949	0.018044	0.039307	6.586
981.57	0.025916	-0.021456	-0.162	-0.27908	-0.40439	-0.48878	-0.6492	-0.83658	-1.0225	-1.5357	-1.6834	-2.1624	-2.0832	-2.3361	-1.0298	0.30408	0.7491	0.83902	0.7435	0.43005	0.22857	0.078963	0.0094333	-0.023211	-0.039464	-0.03187	-0.027402	-0.021844	0.029023	0.049914	6.7646
980.19	0.014069	-0.027399	-0.15441	-0.28945	-0.40151	-0.50789	-0.66189	-0.83307	-1.0435	-1.5214	-1.7898	-2.0195	-2.0084	-2.3317	-1.0397	0.15795	0.72202	0.8335	0.75128	0.43636	0.24207	0.0944	0.017894	-0.021682	-0.030764	-0.018916	-0.022158	0.0088646	0.018859	0.040888	6.925
979.66	0.020417	-0.031108	-0.1631	-0.28961	-0.41811	-0.51487	-0.6755	-0.86793	-1.0584	-1.6045	-1.8081	-2.1179	-1.9705	-2.3098	-1.0992	0.14175	0.70834	0.83982	0.77265	0.46103	0.2608	0.11382	0.018671	-0.016999	-0.01983	-0.034226	-0.0335	-0.0054347	0.02908	0.033327	7.0945
978.39	0.032348	-0.034111	-0.15626	-0.29845	-0.39793	-0.50548	-0.68228	-0.86436	-1.0787	-1.6148	-2.0708	-2.2668	-2.1056	-2.5291	-1.0922	0.20717	0.69908	0.86273	0.77666	0.47305	0.27899	0.13498	0.039469	-0.013107	-0.01693	-0.02891	-0.021444	-0.0018601	0.023612	0.044761	7.2821
