14461	6	3	91	32.1	748	1	20	8	3.103	128	4096	10	0	0	0	0	397.14	1626.5	1.8198e+006	0.15266	0.10029	53.462	0	0	1	0	0	0	11	0	0
1387.9	0.0037822	0.0062314	-0.1545	-0.30767	-0.47221	-0.67844	-0.92446	-1.2556	-1.6388	-2.4775	-3.5375	-4.2959	-6.2031	-7.4588	-5.5003	-3.12	-1.0274	0.55455	0.83371	0.8712	0.71575	0.54871	0.38722	0.31288	0.24215	0.18915	0.1508	0.12295	0.080619	0.059552	14.124
1393.1	-0.0012486	-0.011468	-0.15393	-0.29841	-0.48743	-0.67355	-0.91531	-1.2823	-1.6592	-2.5723	-3.634	-4.525	-6.4318	-7.7185	-5.7047	-3.2573	-1.1622	0.4912	0.79163	0.86393	0.73378	0.55006	0.3982	0.31116	0.24125	0.20835	0.16882	0.13205	0.094679	0.056662	14.452
1395.1	-0.0084815	-0.024431	-0.15481	-0.31256	-0.48553	-0.64377	-0.91505	-1.3002	-1.703	-2.5167	-3.6897	-4.6154	-6.5648	-8.0924	-6.004	-3.5673	-1.3022	0.44755	0.77894	0.88044	0.742	0.57082	0.41868	0.33049	0.27423	0.21826	0.17176	0.15044	0.098406	0.062441	14.766
1395	0.0026504	-0.006261	-0.13285	-0.30934	-0.50676	-0.65911	-0.91305	-1.3393	-1.7413	-2.5977	-3.8117	-4.6442	-6.9863	-8.3423	-6.2528	-3.7678	-1.4204	0.4064	0.7648	0.89137	0.76764	0.60884	0.44245	0.35193	0.28143	0.24406	0.20148	0.1615	0.10614	0.080022	15.111
1393.6	-0.016847	-0.0177	-0.14617	-0.31828	-0.50483	-0.6521	-0.94499	-1.3549	-1.8004	-2.5887	-3.8398	-4.8368	-7.2229	-8.6487	-6.537	-4.0463	-1.5916	0.37204	0.75028	0.91285	0.78854	0.61851	0.46449	0.36272	0.30274	0.24807	0.20114	0.16618	0.10348	0.074235	15.479
1388.1	0.0015444	-0.005249	-0.11695	-0.29894	-0.47579	-0.65646	-0.95186	-1.3288	-1.8139	-2.7324	-4.0141	-4.9019	-7.6088	-9.2605	-7.0027	-4.4993	-1.7884	0.31025	0.71839	0.92511	0.8152	0.65686	0.48911	0.3879	0.31941	0.26741	0.22965	0.17795	0.11165	0.078813	15.788
1380	0.017871	-0.0089528	-0.11486	-0.30398	-0.46267	-0.66628	-0.94702	-1.3944	-1.8434	-2.7485	-4.1116	-5.1322	-7.8913	-9.6054	-7.3248	-4.8092	-1.9666	0.24546	0.69976	0.94039	0.83871	0.66932	0.50508	0.40461	0.33476	0.28256	0.24119	0.1922	0.12346	0.094351	16.176
1372.4	-0.0086229	-0.018503	-0.13392	-0.28921	-0.44123	-0.6598	-0.96751	-1.4144	-1.8989	-2.8753	-4.2149	-5.3111	-8.0295	-10.022	-7.7982	-5.0394	-2.1896	0.17983	0.66676	0.94502	0.85	0.6932	0.52872	0.42919	0.34496	0.28686	0.24954	0.19735	0.11181	0.071054	16.492
1361.5	-0.035495	-0.046843	-0.16425	-0.30312	-0.46708	-0.66084	-0.98899	-1.3942	-1.9064	-2.9988	-4.3856	-5.5168	-8.4184	-10.563	-8.2722	-5.5016	-2.4096	0.097462	0.62628	0.95841	0.86904	0.71033	0.55007	0.45286	0.35874	0.30786	0.26131	0.19995	0.11157	0.065071	16.896
1346.1	-0.027826	-0.038233	-0.1519	-0.3368	-0.51136	-0.68793	-1.0373	-1.45	-1.9651	-3.087	-4.4801	-5.6391	-8.7813	-11.077	-8.7653	-5.867	-2.6296	0.021136	0.60731	0.96644	0.89989	0.74668	0.57819	0.48082	0.38517	0.32364	0.25936	0.1986	0.11514	0.063058	17.255
1331.6	-0.058451	-0.052792	-0.18003	-0.31729	-0.5163	-0.66584	-1.0313	-1.4882	-2.0482	-3.1751	-4.6692	-5.9273	-8.9973	-11.499	-9.2635	-6.2726	-2.8896	-0.066786	0.55939	0.96858	0.91027	0.74532	0.57319	0.47628	0.38239	0.32323	0.26885	0.19445	0.10541	0.055376	17.64
1318.8	-0.057839	-0.051654	-0.17189	-0.34319	-0.52834	-0.72581	-1.0604	-1.5601	-2.0797	-3.2974	-4.8689	-6.1351	-9.252	-12.057	-9.772	-6.781	-3.1231	-0.14959	0.51752	0.97734	0.93403	0.7753	0.59585	0.49076	0.39259	0.3309	0.27538	0.20165	0.1111	0.05084	18.009
1303.7	-0.091866	-0.1167	-0.2115	-0.36104	-0.5293	-0.77643	-1.1463	-1.5736	-2.1391	-3.3481	-4.9516	-6.3893	-9.459	-12.563	-10.227	-7.1047	-3.4139	-0.25144	0.47121	0.98258	0.94431	0.78432	0.62241	0.51704	0.41197	0.35027	0.28142	0.20722	0.087599	0.042883	18.364
1285.1	-0.12642	-0.12233	-0.22111	-0.37971	-0.54284	-0.79401	-1.1488	-1.5998	-2.2885	-3.4716	-5.1551	-6.6791	-9.9159	-13.326	-10.862	-7.7163	-3.7314	-0.363	0.40323	0.98557	0.96088	0.80793	0.64368	0.5227	0.42848	0.35823	0.2872	0.21565	0.093651	0.030781	18.789
1269.4	-0.15123	-0.13525	-0.25221	-0.38856	-0.56687	-0.77862	-1.1755	-1.6377	-2.3361	-3.4574	-5.3326	-6.912	-10.201	-14.009	-11.426	-8.2581	-4.0859	-0.50005	0.32444	0.97387	0.97456	0.82291	0.65936	0.52072	0.42308	0.34259	0.28318	0.20673	0.061469	0.0089212	19.168
1256.8	-0.17747	-0.17062	-0.26511	-0.42243	-0.56183	-0.8139	-1.1788	-1.7494	-2.3773	-3.5243	-5.562	-7.1144	-10.644	-14.62	-12.086	-8.7859	-4.3564	-0.6194	0.28277	0.98306	0.98318	0.84946	0.65882	0.53329	0.42222	0.34008	0.28603	0.19934	0.07005	0.00073327	19.59
1246.7	-0.20693	-0.19001	-0.28569	-0.43912	-0.58737	-0.83628	-1.245	-1.7856	-2.4107	-3.6303	-5.6955	-7.3567	-10.999	-15.272	-12.666	-9.4394	-4.6988	-0.73633	0.21033	0.98588	1.0027	0.8709	0.69554	0.54804	0.45145	0.35906	0.28419	0.20601	0.052715	-0.011775	19.996
1239.2	-0.22759	-0.23439	-0.31337	-0.40835	-0.63523	-0.83733	-1.2466	-1.797	-2.4688	-3.8277	-5.8531	-7.6124	-11.366	-15.882	-13.248	-9.7859	-5.0015	-0.84938	0.13879	0.97249	1.0075	0.88252	0.69364	0.5705	0.46051	0.37452	0.30261	0.20102	0.0462	-0.019042	20.453
1235.5	-0.28171	-0.24508	-0.32611	-0.47784	-0.6529	-0.87111	-1.2598	-1.8366	-2.5231	-3.7155	-5.974	-7.6678	-11.66	-16.414	-13.689	-10.417	-5.2555	-0.97821	0.081625	0.97546	1.0204	0.90569	0.71952	0.58836	0.47292	0.38295	0.31911	0.21355	0.04821	-0.020905	20.845
1238	-0.2711	-0.25277	-0.38671	-0.48903	-0.66181	-0.85807	-1.33	-1.8328	-2.4223	-3.7339	-6.0305	-7.9025	-11.785	-16.692	-14.188	-10.808	-5.5605	-1.1102	0.010359	0.95607	1.0177	0.90002	0.7211	0.59954	0.48409	0.41365	0.32802	0.22613	0.059922	-0.023262	21.287
1247.4	-0.31013	-0.30718	-0.38379	-0.52093	-0.6297	-0.93646	-1.2968	-1.9221	-2.5683	-3.6669	-5.9032	-7.8809	-11.836	-16.911	-14.523	-11.033	-5.7597	-1.1919	-0.0497	0.95203	1.0252	0.91857	0.73435	0.61773	0.4896	0.3973	0.32257	0.20813	0.04158	-0.032021	21.706
1260.2	-0.33718	-0.32992	-0.41941	-0.49175	-0.67494	-0.86247	-1.3449	-2.0546	-2.6784	-3.4252	-5.6748	-7.7694	-11.855	-17.153	-14.723	-11.244	-5.8636	-1.2482	-0.075386	0.95187	1.0275	0.93183	0.75975	0.62484	0.5045	0.41111	0.32341	0.21992	0.044822	-0.033465	22.092
1277.4	-0.37337	-0.39182	-0.41257	-0.58236	-0.64602	-0.83995	-1.3195	-2.2393	-2.8346	-3.4107	-5.3791	-7.584	-11.636	-16.911	-14.673	-11.393	-5.9599	-1.3085	-0.12203	0.92532	1.0279	0.93168	0.77192	0.64462	0.51115	0.4138	0.33933	0.21532	0.027351	-0.053371	22.512
1301.6	-0.36106	-0.38788	-0.47966	-0.51429	-0.66388	-0.83318	-1.3981	-2.3307	-3.0975	-3.6815	-4.7768	-6.8512	-10.799	-16.196	-14.16	-11.095	-5.8727	-1.3025	-0.12822	0.93511	1.0363	0.93563	0.77204	0.64913	0.52309	0.41878	0.33018	0.21132	0.021522	-0.067793	22.891
1328.5	-0.42328	-0.45033	-0.47338	-0.49082	-0.6008	-0.83542	-1.4625	-2.8768	-3.3815	-3.5158	-4.3283	-5.9826	-9.5403	-14.598	-13.301	-10.474	-5.6013	-1.1988	-0.06378	0.96839	1.0541	0.9464	0.78583	0.66248	0.51785	0.42494	0.33406	0.20492	0.017609	-0.077043	23.268
1354	-0.43596	-0.47716	-0.46787	-0.51717	-0.59074	-0.76696	-1.8723	-3.1916	-3.7364	-4.0148	-4.8928	-5.1954	-7.8962	-10.577	-10.444	-8.7324	-4.6868	-0.88105	0.10482	1.0044	1.0758	0.95896	0.80551	0.66529	0.53293	0.43743	0.33488	0.20727	-0.0014776	-0.095896	23.682
1376.4	-0.46496	-0.47518	-0.45579	-0.41359	-0.5627	-0.93933	-2.2783	-3.5219	-3.4251	-4.0138	-4.3258	-4.9665	-5.4568	-6.8343	-7.6852	-6.7407	-3.6948	-0.57091	0.24753	1.0141	1.0654	0.9577	0.79458	0.65723	0.52114	0.42704	0.32781	0.20237	-0.017665	-0.10675	24.034
1396.2	-0.46838	-0.45651	-0.38239	-0.48104	-0.68968	-1.4863	-3.0978	-3.1296	-3.2647	-3.7607	-4.0455	-4.0825	-4.2105	-5.4704	-5.9696	-5.6963	-3.0586	-0.37645	0.36169	1.0243	1.0547	0.94242	0.78331	0.6534	0.52451	0.41991	0.3131	0.17441	-0.044422	-0.13291	24.402
1412.6	-0.42723	-0.40201	-0.40346	-0.53516	-1.113	-2.3686	-2.8501	-3.0272	-2.7928	-3.1242	-3.6561	-3.2536	-3.8216	-3.689	-4.8612	-4.6474	-2.5281	-0.16406	0.46656	1.0379	1.0468	0.92368	0.75827	0.62578	0.48451	0.37844	0.288	0.15899	-0.048267	-0.12348	24.725
1420.9	-0.38648	-0.35684	-0.45663	-0.8716	-1.898	-2.7227	-2.8994	-2.6887	-2.4661	-3.1852	-3.1625	-2.9047	-3.6006	-3.13	-4.0897	-4.0361	-2.1596	-0.072407	0.49893	1.0161	1.0176	0.90547	0.73952	0.61726	0.49879	0.39099	0.28735	0.1625	-0.056649	-0.12433	25.004
1418.2	-0.36915	-0.40859	-0.64765	-1.4327	-2.4075	-2.9531	-2.6303	-2.2114	-2.2533	-2.7597	-3.0309	-2.8374	-3.231	-3.0134	-3.7719	-3.8355	-2.0135	-0.0036684	0.53608	1.0242	1.0271	0.9072	0.73509	0.61357	0.49369	0.3891	0.29468	0.15688	-0.034509	-0.11304	25.332
1405.9	-0.42042	-0.47037	-0.99007	-1.9608	-2.5871	-2.7243	-2.3567	-2.1354	-2.1172	-2.6806	-2.7614	-2.5571	-2.5051	-2.6794	-3.3062	-3.3639	-1.7608	0.087378	0.59503	1.0195	1.0236	0.905	0.72813	0.59986	0.47358	0.3781	0.27463	0.13533	-0.066011	-0.16529	25.534
1388.2	-0.54772	-0.68923	-1.3598	-2.4673	-2.8125	-2.7425	-2.2309	-1.975	-2.0264	-2.4247	-2.295	-2.3723	-2.4876	-2.5502	-3.0275	-3.1251	-1.5989	0.16773	0.6433	1.0458	1.0296	0.89888	0.72169	0.58488	0.44974	0.34459	0.23124	0.098187	-0.12173	-0.2268	25.753
1364	-0.76805	-0.96747	-1.7804	-2.6639	-2.814	-2.6647	-2.0595	-1.8089	-1.5715	-2.1724	-2.1116	-2.5192	-2.6491	-2.4679	-3.19	-3.0986	-1.5329	0.23268	0.69289	1.0737	1.0389	0.89511	0.7113	0.55594	0.40947	0.2996	0.19303	0.049069	-0.19667	-0.2902	25.891
1327.8	-1.0089	-1.2131	-2.1313	-2.7797	-2.8411	-2.5371	-1.7816	-1.7354	-1.4361	-1.8374	-2.0989	-2.5221	-2.6065	-2.5295	-3.0596	-2.9126	-1.3468	0.3231	0.75377	1.0855	1.0318	0.86474	0.68139	0.51571	0.35384	0.23948	0.10804	-0.073605	-0.36083	-0.49228	26.017
1284	-1.3148	-1.4869	-2.2697	-2.8153	-2.7479	-2.3053	-1.6065	-1.788	-1.5289	-1.5299	-1.648	-1.575	-1.846	-1.4912	-2.3097	-2.1916	-0.93754	0.50929	0.8589	1.0909	1.015	0.82405	0.62315	0.42591	0.24281	0.1134	-0.042119	-0.24966	-0.65722	-0.83429	26.109
1238.3	-2.2588	-1.8056	-2.2451	-2.6499	-2.4699	-2.1432	-1.6192	-1.5335	-1.2668	-1.1311	-1.126	-1.4406	-1.5507	-1.4241	-1.982	-1.7569	-0.64176	0.64873	0.94154	1.1053	0.98373	0.76889	0.54524	0.33336	0.13278	-0.016172	-0.21992	-0.52992	-1.155	-1.4429	26.236
1192	-4.3555	-3.7703	-1.957	-2.4251	-2.2944	-1.7857	-1.3832	-1.6407	-1.1361	-1.1209	-1.1911	-1.1834	-1.1374	-1.359	-1.4916	-1.4235	-0.31127	0.78343	1.0187	1.086	0.9385	0.71054	0.46918	0.24476	0.027531	-0.14569	-0.37307	-0.7451	-1.637	-2.1397	26.231
1144.1	-5.6352	-5.3778	-1.7791	-2.0582	-2.0234	-1.6266	-1.3938	-1.3324	-1.075	-1.0411	-0.86985	-0.97606	-0.77839	-0.94668	-1.4171	-0.97388	-0.10533	0.8851	1.0697	1.0931	0.92536	0.6919	0.45658	0.22354	0.0036764	-0.17734	-0.39257	-0.7573	-1.6638	-2.1955	26.295
1097.4	-5.0339	-4.6432	-2.2675	-2.0484	-2.0179	-1.5343	-1.398	-1.2928	-1.0837	-1.0708	-0.79856	-0.94524	-1.1243	-1.0352	-1.6053	-1.0081	-0.075609	0.93252	1.1086	1.1164	0.94885	0.72497	0.46162	0.23724	0.027297	-0.15279	-0.36008	-0.72442	-1.5474	-1.9979	26.356
1059.8	-3.6099	-3.3855	-1.7529	-2.3994	-2.0678	-1.8155	-1.4842	-1.5973	-1.2798	-1.1923	-1.0752	-1.1811	-1.6679	-1.3144	-1.8489	-1.2622	-0.12672	0.93998	1.1402	1.1469	0.97672	0.73348	0.48223	0.27384	0.066058	-0.10658	-0.30163	-0.63304	-1.3677	-1.7441	26.467
1036.7	-2.3908	-2.1496	-2.3424	-2.4013	-1.9647	-1.8821	-1.6334	-1.5279	-1.5274	-1.4908	-1.2466	-1.3683	-1.4181	-1.4968	-2.2241	-1.4442	-0.27955	0.88965	1.1168	1.1532	0.98015	0.74829	0.50458	0.3021	0.11513	-0.03088	-0.20844	-0.4998	-1.0411	-1.3128	26.54
1028.2	-1.8587	-2.1556	-2.2495	-2.0567	-1.9556	-1.7405	-1.7572	-1.6927	-1.6797	-1.6991	-1.5213	-1.5574	-1.7712	-1.5755	-2.339	-1.6581	-0.42345	0.87472	1.1104	1.1853	1.0157	0.79068	0.52563	0.32698	0.16687	0.023531	-0.13175	-0.38811	-0.85518	-1.0881	26.706
1035.5	-1.4227	-1.5165	-1.7164	-1.8154	-1.8668	-1.9438	-1.905	-1.9293	-1.8529	-1.9438	-1.7893	-1.8456	-2.1712	-1.9513	-2.6092	-1.8467	-0.58693	0.81147	1.0884	1.2016	1.0642	0.83397	0.59752	0.41123	0.24721	0.11022	-0.044369	-0.26018	-0.65741	-0.84796	26.865
1059.9	-1.1818	-1.3482	-1.4954	-1.5796	-1.8452	-2.1576	-2.1006	-2.0908	-1.9477	-1.975	-1.732	-1.848	-2.0419	-2.0062	-2.9225	-2.0902	-0.77288	0.74783	1.0702	1.2236	1.1221	0.90947	0.67676	0.4892	0.32045	0.19323	0.054373	-0.14576	-0.50938	-0.68049	27.024
1105.1	-1.1715	-1.1463	-1.3525	-1.6752	-1.9656	-2.1193	-2.05	-2.0138	-1.9726	-1.9818	-1.8227	-1.9163	-1.8757	-1.9721	-2.7285	-2.2215	-0.87859	0.67866	1.0119	1.2141	1.1209	0.91025	0.70634	0.53508	0.36562	0.24977	0.10906	-0.069419	-0.42242	-0.59353	27.182
1166.3	-0.94885	-1.0284	-1.3899	-1.7234	-1.8848	-2.0108	-2.0227	-1.9507	-1.8772	-1.8363	-1.8216	-1.802	-1.9407	-1.9528	-2.6347	-2.2691	-0.91193	0.64021	0.97512	1.2057	1.1109	0.92889	0.71443	0.55362	0.39732	0.27328	0.14012	-0.039941	-0.38308	-0.51968	27.327
1235.8	-0.99541	-1.0392	-1.3248	-1.7069	-1.811	-1.8838	-1.923	-1.8429	-1.7759	-1.72	-1.6436	-1.6879	-1.6279	-1.7452	-2.5801	-2.135	-0.91832	0.57366	0.92268	1.1612	1.0834	0.9157	0.71142	0.54296	0.41376	0.29006	0.15679	-0.012179	-0.35719	-0.50008	27.377
1307.1	-0.92743	-1.0079	-1.4148	-1.661	-1.8104	-1.8131	-1.7491	-1.6937	-1.5935	-1.3981	-1.3265	-1.535	-1.3757	-1.5516	-2.5718	-2.2139	-0.91099	0.5411	0.86335	1.1082	1.0266	0.87117	0.68584	0.51978	0.3775	0.25932	0.13465	-0.029206	-0.34829	-0.49155	27.429
1380.5	-1.0677	-1.0797	-1.4955	-1.727	-1.7179	-1.6667	-1.572	-1.5304	-1.444	-1.3821	-1.336	-1.3843	-1.6341	-1.5129	-2.4649	-1.917	-0.83592	0.52542	0.82489	1.0395	0.95886	0.81627	0.62485	0.45718	0.31184	0.18799	0.068007	-0.082979	-0.42287	-0.57091	27.385
1453.1	-1.1116	-1.1678	-1.4999	-1.7028	-1.6268	-1.4964	-1.3937	-1.3427	-1.243	-1.241	-1.2166	-1.2441	-1.3372	-1.2917	-2.1714	-1.6894	-0.72772	0.52345	0.79275	0.98202	0.90049	0.74936	0.57394	0.41377	0.27558	0.16209	0.039152	-0.13573	-0.46634	-0.62317	27.366
1517.1	-1.1716	-1.1797	-1.4487	-1.6022	-1.4602	-1.3397	-1.199	-1.1795	-1.093	-1.0825	-1.003	-1.0084	-1.1451	-1.1026	-2.0635	-1.4814	-0.6031	0.54844	0.78349	0.93902	0.849	0.70628	0.51698	0.36501	0.22907	0.10931	-0.0029742	-0.1919	-0.54153	-0.71246	27.376
1559.2	-1.3053	-1.2133	-1.4165	-1.5261	-1.3579	-1.2172	-1.0639	-1.0297	-0.98523	-0.94992	-0.86699	-0.8996	-1.0897	-0.8692	-1.8121	-1.2623	-0.46938	0.55574	0.77598	0.89729	0.80513	0.66236	0.46681	0.33206	0.17839	0.057333	-0.062203	-0.27884	-0.64881	-0.81902	27.349
1581.6	-1.7223	-1.5918	-1.2356	-1.3156	-1.2916	-1.1133	-0.93207	-0.92793	-0.84591	-0.81932	-0.77954	-0.74121	-0.91992	-0.78517	-1.6352	-1.0829	-0.3397	0.59665	0.79141	0.87196	0.77547	0.62148	0.43688	0.28328	0.1234	0.00013353	-0.12166	-0.34046	-0.76368	-0.97183	27.302
1592.5	-1.7013	-1.7133	-1.3148	-1.2631	-1.1624	-1.0691	-0.90897	-0.86196	-0.74909	-0.79857	-0.69425	-0.72618	-0.81786	-0.63741	-1.5412	-0.89512	-0.23588	0.62713	0.798	0.84798	0.73777	0.57604	0.39703	0.24479	0.08169	-0.028576	-0.17147	-0.37422	-0.79376	-1.0007	27.137
1586.2	-1.7942	-1.7096	-1.3393	-1.2169	-1.11	-1.0325	-0.84664	-0.82191	-0.71289	-0.7205	-0.65417	-0.70903	-0.79706	-0.62564	-1.4901	-0.87855	-0.15519	0.63479	0.79562	0.81613	0.70431	0.53645	0.35495	0.2047	0.055862	-0.070742	-0.20387	-0.41944	-0.82359	-1.0285	26.937
1552.7	-1.7664	-1.6345	-1.2009	-1.1738	-1.0501	-0.96856	-0.84771	-0.79917	-0.7435	-0.80865	-0.67922	-0.80617	-0.89284	-0.78032	-1.4001	-0.75357	-0.1008	0.6638	0.80002	0.79929	0.6833	0.50931	0.33061	0.17458	0.026201	-0.084816	-0.21732	-0.41901	-0.84333	-1.0421	26.796
1497.8	-1.4775	-1.4245	-1.1922	-1.0525	-1.04	-0.99308	-0.8725	-0.88113	-0.81964	-0.8329	-0.69843	-0.84101	-0.76769	-0.78367	-1.3467	-0.74388	-0.070737	0.68373	0.82149	0.80566	0.68248	0.49682	0.3191	0.1687	0.017134	-0.092426	-0.21737	-0.40722	-0.77866	-0.94981	26.601
1436.7	-1.2578	-1.218	-1.1411	-1.0438	-0.98961	-0.98791	-0.92168	-0.96928	-0.91167	-0.88515	-0.89955	-0.91549	-0.98617	-1.017	-1.4787	-0.92551	-0.093478	0.71626	0.84981	0.84771	0.70095	0.52346	0.34158	0.17907	0.035786	-0.072364	-0.20345	-0.36798	-0.70842	-0.83405	26.423
1374.3	-0.91086	-1.0203	-1.1616	-0.95917	-0.95888	-0.96465	-1.0207	-1.0434	-1.0456	-1.0132	-0.98361	-1.0726	-1.1696	-1.0796	-1.6598	-1.072	-0.14454	0.73203	0.87341	0.87746	0.73662	0.55239	0.36529	0.20559	0.076961	-0.040201	-0.15401	-0.29698	-0.5849	-0.68699	26.244
1305.3	-0.79663	-0.75962	-0.94956	-1.09	-1.051	-1.1603	-1.1675	-1.2059	-1.1717	-1.11	-1.0161	-1.0928	-1.4886	-1.2873	-1.817	-1.0859	-0.15218	0.78268	0.955	0.97277	0.81745	0.6234	0.4267	0.25696	0.12432	0.0041797	-0.10831	-0.25417	-0.48554	-0.56508	25.944
1236.2	-0.69923	-0.7816	-0.95123	-1.098	-1.198	-1.3527	-1.3355	-1.3217	-1.2756	-1.159	-1.3271	-1.2889	-1.4731	-1.4143	-2.0388	-1.3145	-0.21957	0.81583	1.006	1.0272	0.86316	0.66466	0.45788	0.31471	0.16888	0.049883	-0.071874	-0.20886	-0.42616	-0.4915	25.747
1183.5	-0.80519	-0.8097	-1.0156	-1.2926	-1.3756	-1.4435	-1.4163	-1.4259	-1.3537	-1.2856	-1.3073	-1.3329	-1.6097	-1.3368	-2.1435	-1.3056	-0.23842	0.86883	1.0806	1.1019	0.92922	0.71632	0.48718	0.33262	0.17399	0.059073	-0.031317	-0.19508	-0.40614	-0.49834	25.477
1152.3	-0.91388	-0.9309	-1.2027	-1.4275	-1.5851	-1.5209	-1.4577	-1.4758	-1.4294	-1.4112	-1.3647	-1.4586	-1.3619	-1.5698	-2.1657	-1.4171	-0.23888	0.89446	1.1137	1.147	0.96225	0.72677	0.50166	0.323	0.17248	0.055467	-0.046931	-0.20157	-0.43983	-0.54534	25.168
1137.8	-1.0136	-1.0364	-1.3581	-1.4517	-1.5355	-1.6739	-1.5163	-1.4387	-1.4028	-1.2522	-1.218	-1.3864	-1.862	-1.4968	-2.1426	-1.3019	-0.18672	0.93691	1.1414	1.1483	0.96921	0.75552	0.51932	0.35406	0.19355	0.060786	-0.056634	-0.19922	-0.47047	-0.59084	24.888
1137.1	-1.0906	-1.2599	-1.4329	-1.5194	-1.5542	-1.5788	-1.4379	-1.4099	-1.2735	-1.3592	-1.3008	-1.2964	-1.8295	-1.4112	-2.0931	-1.2886	-0.11945	0.95765	1.1556	1.137	0.94971	0.71978	0.50041	0.31316	0.15277	0.028526	-0.090496	-0.25664	-0.53908	-0.65389	24.573
1152.2	-1.2139	-1.3377	-1.4474	-1.493	-1.4752	-1.4862	-1.4241	-1.2897	-1.1657	-1.2296	-1.3207	-1.3001	-1.7592	-1.2156	-2.0013	-0.95318	-0.030119	0.97291	1.1481	1.0937	0.92609	0.67056	0.44749	0.27582	0.096145	-0.0095744	-0.1471	-0.31349	-0.6055	-0.74529	24.205
1183.5	-1.1142	-1.2375	-1.5277	-1.5413	-1.3856	-1.304	-1.2719	-1.2032	-1.1161	-1.1426	-1.1136	-1.1584	-1.6548	-1.1579	-1.7463	-0.84707	0.073604	0.9798	1.124	1.0615	0.86762	0.62412	0.40004	0.22451	0.070035	-0.051118	-0.16822	-0.33896	-0.65518	-0.77143	23.862
1219.5	-1.1609	-1.2704	-1.3569	-1.4075	-1.2365	-1.1854	-1.1485	-1.0508	-1.0237	-1.056	-0.96925	-1.0981	-1.2869	-0.95013	-1.5324	-0.68461	0.15812	0.95555	1.0763	0.99869	0.79839	0.57455	0.3623	0.18395	0.027497	-0.080334	-0.20935	-0.3818	-0.69134	-0.81687	23.502
1251.8	-1.1619	-1.1849	-1.2013	-1.314	-1.1682	-1.0918	-0.99269	-1.0041	-0.95944	-0.99658	-0.78143	-0.97455	-1.211	-0.94372	-1.3874	-0.59045	0.24278	0.95974	1.0491	0.94741	0.75291	0.51929	0.31085	0.13147	-0.019494	-0.13394	-0.24473	-0.40385	-0.6987	-0.82427	23.09
1280.1	-1.1211	-1.0626	-1.1113	-1.1162	-1.0513	-1.0145	-0.94934	-0.97712	-0.91049	-0.82354	-0.79732	-0.99025	-1.0293	-1.0528	-1.1377	-0.37791	0.30384	0.9366	1.0111	0.88533	0.70246	0.47631	0.26576	0.089664	-0.034149	-0.14679	-0.25723	-0.4108	-0.68206	-0.78632	22.716
1304.6	-1.0715	-1.0221	-1.0029	-1.0081	-0.97388	-0.97847	-0.93373	-0.94704	-0.86278	-0.86365	-0.74982	-0.90469	-0.89894	-0.9403	-1.0658	-0.28517	0.36978	0.92595	0.97634	0.83935	0.63339	0.43464	0.22558	0.070952	-0.059826	-0.17505	-0.26148	-0.40309	-0.64507	-0.7391	22.285
1319.4	-0.91934	-0.89586	-0.92489	-0.95345	-0.96356	-0.93946	-0.90574	-0.91142	-0.88055	-0.81121	-0.76711	-0.90654	-0.88304	-0.96412	-0.89748	-0.25172	0.40337	0.91366	0.95423	0.8039	0.60382	0.40578	0.19965	0.047508	-0.081919	-0.17479	-0.27087	-0.39431	-0.59232	-0.68517	21.897
1326.4	-0.80561	-0.7792	-0.85821	-0.90018	-0.90496	-0.90604	-0.87486	-0.89448	-0.84523	-0.77048	-0.74387	-0.87182	-0.88414	-0.89063	-0.84922	-0.24438	0.43358	0.89894	0.94477	0.78522	0.58174	0.37264	0.17363	0.040903	-0.075016	-0.17499	-0.24881	-0.37268	-0.56193	-0.61938	21.483
1327.5	-0.7535	-0.74749	-0.83733	-0.8439	-0.86161	-0.90471	-0.8595	-0.89204	-0.81781	-0.90337	-0.73689	-0.79932	-0.99834	-0.78742	-0.92933	-0.20211	0.45921	0.89699	0.94403	0.75755	0.55783	0.37295	0.16385	0.032792	-0.088966	-0.17203	-0.23914	-0.35127	-0.49946	-0.55956	21.074
1329.3	-0.71278	-0.70672	-0.80394	-0.84277	-0.8649	-0.88312	-0.82797	-0.86722	-0.80392	-0.83549	-0.7359	-0.78631	-0.91094	-0.86599	-0.94049	-0.11178	0.48568	0.91308	0.93835	0.74092	0.54566	0.35163	0.15854	0.026985	-0.086157	-0.16448	-0.23325	-0.34079	-0.49532	-0.56664	20.724
1336.2	-0.70678	-0.71066	-0.76252	-0.82998	-0.80542	-0.83372	-0.78807	-0.82318	-0.76655	-0.81913	-0.68126	-0.80009	-0.91195	-0.81626	-0.78749	-0.10524	0.53191	0.93602	0.94669	0.73829	0.54228	0.34449	0.17124	0.025126	-0.07233	-0.15129	-0.22596	-0.32172	-0.46915	-0.53647	20.34
1347.8	-0.70531	-0.68896	-0.73436	-0.7681	-0.77906	-0.78331	-0.75775	-0.77063	-0.75008	-0.70452	-0.6565	-0.82857	-0.8362	-0.82606	-0.87864	0.0022542	0.55178	0.93528	0.9429	0.73372	0.53705	0.33566	0.15692	0.035141	-0.072769	-0.15165	-0.21907	-0.3096	-0.45312	-0.51697	19.987
1362.4	-0.67381	-0.66775	-0.73099	-0.76484	-0.73846	-0.73394	-0.72527	-0.74606	-0.70782	-0.82703	-0.57467	-0.68558	-0.72087	-0.7839	-0.79051	0.066674	0.58804	0.93429	0.94787	0.7159	0.52739	0.3309	0.15358	0.035889	-0.079863	-0.13958	-0.22107	-0.31502	-0.46126	-0.53106	19.617
1380.8	-0.66986	-0.62946	-0.69459	-0.70556	-0.68575	-0.69917	-0.66857	-0.71223	-0.62818	-0.72848	-0.63463	-0.67642	-0.74438	-0.79534	-0.67245	-0.049808	0.61458	0.93131	0.92298	0.70171	0.50109	0.30701	0.14444	0.012662	-0.078796	-0.15996	-0.22079	-0.30015	-0.45677	-0.51267	19.218
1404.1	-0.62002	-0.62106	-0.65086	-0.6488	-0.64547	-0.63435	-0.61637	-0.61747	-0.62354	-0.5787	-0.49105	-0.64255	-0.67769	-0.75519	-0.65539	0.098794	0.64147	0.92928	0.91757	0.69232	0.4879	0.30697	0.13829	0.018453	-0.074431	-0.1461	-0.20817	-0.28718	-0.43109	-0.47769	18.881
1427.8	-0.56354	-0.58593	-0.60843	-0.61013	-0.5839	-0.58131	-0.55465	-0.6094	-0.61374	-0.54092	-0.50076	-0.55402	-0.62374	-0.71094	-0.55212	0.20893	0.66091	0.91334	0.89777	0.66578	0.47185	0.2947	0.13916	0.026733	-0.065685	-0.13581	-0.19747	-0.27163	-0.39971	-0.44585	18.512
1444.9	-0.52783	-0.53437	-0.55561	-0.5758	-0.52843	-0.55851	-0.54856	-0.6011	-0.53375	-0.55123	-0.58885	-0.63541	-0.5266	-0.74436	-0.55699	0.1678	0.69389	0.91556	0.8927	0.64793	0.44891	0.27861	0.12397	0.013161	-0.073816	-0.14612	-0.20076	-0.27035	-0.37739	-0.42153	18.09
1453.8	-0.48133	-0.48176	-0.51373	-0.53912	-0.49729	-0.53136	-0.51939	-0.55262	-0.5437	-0.32622	-0.45089	-0.5277	-0.56533	-0.74498	-0.46279	0.18324	0.71229	0.92066	0.88267	0.64889	0.44667	0.27581	0.12269	0.0014875	-0.065983	-0.13595	-0.18324	-0.25568	-0.34701	-0.3847	17.712
1453.8	-0.44608	-0.45287	-0.50266	-0.52048	-0.50252	-0.52064	-0.50253	-0.53892	-0.48213	-0.47027	-0.47426	-0.51676	-0.6755	-0.82299	-0.3777	0.28753	0.73284	0.90655	0.87661	0.63517	0.43257	0.25514	0.10301	0.0072828	-0.065491	-0.14007	-0.18222	-0.23977	-0.34278	-0.3663	17.351
1444.2	-0.45982	-0.44938	-0.50496	-0.49321	-0.48716	-0.51161	-0.47393	-0.51812	-0.4874	-0.5738	-0.53034	-0.58072	-0.70643	-0.76044	-0.40878	0.27288	0.75206	0.90636	0.87384	0.61068	0.40286	0.24645	0.084937	-0.013357	-0.086235	-0.14827	-0.20086	-0.25642	-0.32269	-0.36567	16.998
1421.4	-0.46008	-0.44893	-0.51413	-0.49688	-0.47594	-0.48516	-0.4389	-0.54582	-0.48532	-0.447	-0.50299	-0.48943	-0.67482	-0.77793	-0.47336	0.38392	0.79052	0.91453	0.86978	0.59183	0.39756	0.2198	0.056643	-0.031358	-0.10171	-0.17174	-0.20876	-0.27137	-0.34789	-0.38721	16.609
1386	-0.46343	-0.45047	-0.49354	-0.46503	-0.45578	-0.4555	-0.48237	-0.53102	-0.49237	-0.4991	-0.57098	-0.55925	-0.74708	-0.91235	-0.46165	0.38796	0.79523	0.91241	0.86394	0.57931	0.37813	0.20031	0.046685	-0.038791	-0.10946	-0.16964	-0.21463	-0.27274	-0.35178	-0.3987	16.242
1341.8	-0.47118	-0.47287	-0.48526	-0.46802	-0.4601	-0.48214	-0.47838	-0.5548	-0.49868	-0.52154	-0.37464	-0.60136	-0.81149	-0.97059	-0.44611	0.48402	0.82144	0.92903	0.87656	0.56866	0.36003	0.17981	0.026907	-0.0709	-0.13226	-0.19087	-0.23934	-0.28382	-0.36395	-0.40464	15.893
1295.9	-0.46989	-0.46949	-0.48707	-0.47529	-0.4816	-0.49224	-0.48696	-0.53188	-0.46324	-0.4965	-0.49274	-0.76976	-0.89907	-1.04	-0.41101	0.49499	0.84756	0.95749	0.88382	0.57032	0.3634	0.17519	0.010432	-0.078141	-0.16233	-0.20688	-0.24839	-0.29819	-0.36555	-0.40922	15.551
1251.1	-0.47555	-0.4649	-0.4886	-0.47728	-0.46711	-0.45083	-0.47444	-0.51664	-0.4686	-0.57867	-0.51718	-0.86084	-1.0837	-1.2645	-0.57735	0.51911	0.85834	0.97342	0.8979	0.56142	0.35215	0.15555	0.0090011	-0.0938	-0.16472	-0.22567	-0.27503	-0.30775	-0.39034	-0.41557	15.195
1208.2	-0.48152	-0.46883	-0.49074	-0.4687	-0.45504	-0.46685	-0.47876	-0.49822	-0.41912	-0.51922	-0.6199	-1.0229	-1.1601	-1.4221	-0.52277	0.45168	0.87298	1.0005	0.91706	0.5807	0.33826	0.12508	-0.0068775	-0.10664	-0.1759	-0.23183	-0.28847	-0.31927	-0.38064	-0.40266	14.882
1173.3	-0.46739	-0.46549	-0.49359	-0.45185	-0.44553	-0.45555	-0.44874	-0.46864	-0.46186	-0.58274	-0.78308	-1.1211	-1.4416	-1.5933	-0.63674	0.3563	0.88133	1.017	0.92871	0.57893	0.33668	0.12678	-0.014782	-0.12288	-0.18418	-0.23617	-0.28571	-0.30368	-0.37425	-0.40261	14.538
1153.9	-0.48264	-0.46138	-0.46801	-0.43791	-0.40102	-0.42621	-0.38939	-0.4307	-0.41383	-0.57856	-1.0096	-1.4015	-1.7501	-1.928	-0.74036	0.31386	0.90343	1.0305	0.95066	0.59419	0.32653	0.13782	-0.034601	-0.12295	-0.17859	-0.25378	-0.27768	-0.31728	-0.3732	-0.38748	14.233
1152	-0.44973	-0.41561	-0.4229	-0.39027	-0.31219	-0.34283	-0.35873	-0.43407	-0.44277	-0.63544	-1.1145	-1.4796	-1.8788	-1.9837	-0.69862	0.23817	0.89361	1.0265	0.94013	0.59517	0.33036	0.13805	-0.025508	-0.12382	-0.17516	-0.25419	-0.27364	-0.29287	-0.35377	-0.37715	13.932
1163.6	-0.40388	-0.39405	-0.38971	-0.31717	-0.25679	-0.3112	-0.30867	-0.41921	-0.47842	-0.79526	-1.2202	-1.5468	-1.8994	-2.0614	-0.77673	0.26323	0.89261	1.0375	0.95157	0.58787	0.32708	0.13259	-0.02202	-0.11666	-0.17772	-0.23169	-0.2582	-0.27429	-0.32777	-0.36382	13.674
1186.4	-0.35095	-0.33152	-0.3241	-0.2197	-0.14858	-0.20558	-0.24984	-0.46991	-0.49415	-0.82069	-1.3112	-1.738	-2.0685	-2.2193	-0.97032	0.34561	0.86381	1.0217	0.93326	0.57319	0.32846	0.12538	-0.010811	-0.093103	-0.13994	-0.18491	-0.22392	-0.25189	-0.31238	-0.32863	13.458
1222.8	-0.27447	-0.25177	-0.20607	-0.14915	-0.15384	-0.1988	-0.35212	-0.3914	-0.4716	-0.92145	-1.4667	-1.8682	-2.2191	-2.2398	-0.98194	0.22437	0.82246	0.99463	0.9283	0.58682	0.3423	0.15916	-0.015414	-0.07843	-0.13051	-0.17083	-0.1973	-0.20715	-0.24393	-0.26721	13.172
1268.4	-0.20033	-0.15878	-0.15094	-0.11114	-0.14497	-0.22853	-0.23938	-0.33987	-0.61736	-1.0915	-1.4675	-1.8386	-2.2836	-2.4156	-1.1092	0.23518	0.79288	0.97245	0.91168	0.57075	0.34016	0.14533	0.0094715	-0.058093	-0.10383	-0.13574	-0.15929	-0.16876	-0.19815	-0.21484	12.971
1316.3	-0.12874	-0.12273	-0.11693	-0.12082	-0.18078	-0.20836	-0.22518	-0.44041	-0.62973	-1.0579	-1.414	-1.9889	-2.3685	-2.4827	-1.0939	0.18419	0.74655	0.94951	0.89298	0.56634	0.35085	0.17247	0.021707	-0.051321	-0.076137	-0.10346	-0.12089	-0.11843	-0.13598	-0.14041	12.807
1361.1	-0.11138	-0.083041	-0.09957	-0.13952	-0.18662	-0.18402	-0.25063	-0.45744	-0.62423	-1.1592	-1.4548	-2.1219	-2.3578	-2.4954	-1.276	0.16055	0.70622	0.93696	0.89269	0.57643	0.37166	0.19236	0.058045	0.00046158	-0.031592	-0.052706	-0.084302	-0.090338	-0.085709	-0.1014	12.623
1402.4	-0.063252	-0.044962	-0.07752	-0.1075	-0.101	-0.15226	-0.23759	-0.46419	-0.69712	-1.2917	-1.6905	-2.1897	-2.3646	-2.6323	-1.2737	0.036313	0.6472	0.91114	0.86328	0.57881	0.37318	0.20249	0.077809	0.024485	-0.0010807	-0.03726	-0.050696	-0.063197	-0.05191	-0.056563	12.444
1438.1	-0.028746	-0.025212	-0.058015	-0.0996	-0.11259	-0.12109	-0.34053	-0.52459	-0.75391	-1.2708	-1.6663	-2.2072	-2.4544	-2.6721	-1.397	-0.053383	0.61249	0.89025	0.8638	0.58499	0.37818	0.21836	0.10414	0.049982	0.017348	-0.012361	-0.017542	-0.023623	-0.028681	-0.027775	12.295
1464.6	-0.0038379	0.0078827	-0.063762	-0.1055	-0.13132	-0.20576	-0.32056	-0.56685	-0.79275	-1.2587	-1.6999	-2.1617	-2.6129	-2.7836	-1.4223	-0.17229	0.57627	0.88641	0.86164	0.60215	0.39931	0.24193	0.11973	0.061106	0.043403	0.007307	-0.0076262	-0.0078845	-0.0045187	-0.0054578	12.179
1479.7	0.013518	0.017102	-0.044993	-0.15733	-0.11913	-0.24527	-0.36019	-0.62322	-0.82419	-1.3167	-1.8318	-2.3008	-2.6792	-2.9954	-1.5193	-0.27301	0.52847	0.88461	0.85982	0.60681	0.40089	0.25282	0.12919	0.068769	0.04973	0.01635	0.0054502	0.0073492	0.017891	0.022215	12.057
1485.5	0.01451	0.029712	-0.076791	-0.07159	-0.13175	-0.23713	-0.38452	-0.6445	-0.84686	-1.4037	-1.8246	-2.3346	-2.7868	-3.0957	-1.7022	-0.25044	0.49288	0.87452	0.86337	0.61196	0.4208	0.271	0.14237	0.078298	0.051944	0.02234	0.013896	0.020058	0.032325	0.015626	11.957
1484.5	-0.024186	-0.015642	-0.05775	-0.12995	-0.13469	-0.25056	-0.43677	-0.6883	-0.90875	-1.4319	-1.8602	-2.3897	-2.8915	-3.1844	-1.7367	-0.32051	0.46432	0.87182	0.85854	0.62153	0.4303	0.27119	0.14703	0.086094	0.071253	0.033968	0.027859	0.027151	0.014204	0.0076289	11.855
1475.6	0.016712	0.01126	-0.057576	-0.119	-0.18073	-0.30379	-0.47067	-0.7433	-0.9578	-1.4786	-2.0152	-2.4417	-3.0587	-3.3623	-1.9147	-0.40355	0.43491	0.87202	0.87112	0.63606	0.43802	0.27817	0.1576	0.099069	0.070224	0.030616	0.035045	0.033013	0.032021	0.019256	11.813
1457.2	0.011062	0.0064319	-0.070924	-0.12464	-0.21201	-0.3206	-0.52167	-0.7748	-1.0187	-1.4697	-2.0466	-2.6035	-3.2231	-3.5242	-1.9786	-0.46891	0.39153	0.87181	0.88267	0.65289	0.45451	0.29526	0.16425	0.10926	0.074551	0.037691	0.031428	0.030545	0.028202	0.024088	11.739
1434.6	-0.0044591	-0.011642	-0.070971	-0.13079	-0.22418	-0.33365	-0.55853	-0.8062	-1.0496	-1.7062	-2.0906	-2.7828	-3.2897	-3.7588	-2.2512	-0.52077	0.34802	0.88379	0.89808	0.67038	0.48071	0.2999	0.17837	0.11685	0.0832	0.054478	0.046876	0.048121	0.020599	0.0053039	11.724
1412.6	-0.0056285	0.0030469	-0.066655	-0.15415	-0.27434	-0.38883	-0.61116	-0.87465	-1.1305	-1.7499	-2.2434	-2.86	-3.5138	-3.9299	-2.3622	-0.63625	0.30356	0.87725	0.90586	0.68028	0.48553	0.32193	0.17849	0.12573	0.098676	0.058511	0.060176	0.038455	0.033449	0.0090686	11.707
1387.2	0.0032237	-0.0010749	-0.053517	-0.18302	-0.30312	-0.41785	-0.63015	-0.91166	-1.1741	-1.8575	-2.4008	-2.9696	-3.7101	-4.1108	-2.5482	-0.855	0.26548	0.89273	0.91717	0.70424	0.49661	0.32498	0.19967	0.13135	0.091719	0.069848	0.05008	0.043201	0.044603	0.01727	11.715
1358.7	0.016437	0.021825	-0.068734	-0.18741	-0.32502	-0.44835	-0.646	-0.96007	-1.2161	-1.8667	-2.4823	-3.0084	-3.9394	-4.4474	-2.723	-1.008	0.20451	0.89089	0.93908	0.73897	0.52825	0.35448	0.20274	0.13861	0.099957	0.066346	0.053851	0.042042	0.047237	0.025286	11.733
1331.3	0.012109	0.034788	-0.087416	-0.22294	-0.35139	-0.47856	-0.68695	-0.99598	-1.2762	-1.9839	-2.5846	-3.1839	-4.0493	-4.6867	-2.9154	-1.0708	0.14888	0.90186	0.95238	0.75481	0.54371	0.36179	0.21823	0.13111	0.10524	0.065463	0.055517	0.068699	0.042429	0.033622	11.707
1309	0.025364	0.020993	-0.079538	-0.21063	-0.34962	-0.48293	-0.72288	-1.0258	-1.3284	-2.0299	-2.6804	-3.3533	-4.1939	-4.9744	-3.0973	-1.0768	0.11863	0.92221	0.9753	0.78105	0.57209	0.37882	0.22942	0.15909	0.12069	0.072302	0.0672	0.060768	0.053145	0.043275	11.71
1290	0.031155	0.027479	-0.06824	-0.247	-0.38361	-0.53524	-0.73411	-1.0576	-1.3698	-2.0349	-2.8253	-3.3659	-4.374	-5.1005	-3.143	-1.2906	0.081782	0.92691	0.97605	0.79011	0.57171	0.39115	0.24331	0.16975	0.138	0.09138	0.071632	0.068727	0.062281	0.049098	11.695
1274.2	0.011432	0.025543	-0.11718	-0.27367	-0.36844	-0.56374	-0.77146	-1.1115	-1.4198	-2.1485	-2.9134	-3.4634	-4.5417	-5.3532	-3.3954	-1.294	0.029882	0.92481	0.99211	0.81049	0.60021	0.40714	0.26226	0.17665	0.13128	0.096622	0.07716	0.080572	0.061841	0.057284	11.707
1264.5	0.023187	0.035477	-0.13505	-0.27995	-0.43008	-0.56678	-0.82018	-1.1576	-1.4746	-2.2415	-3.0299	-3.5969	-4.83	-5.4902	-3.5454	-1.5185	-0.021992	0.91116	0.99801	0.82431	0.61985	0.43342	0.26428	0.17923	0.14078	0.096182	0.088871	0.087289	0.076315	0.0589	11.719
1263.5	0.015832	0.0045523	-0.14486	-0.29209	-0.42509	-0.57115	-0.83056	-1.1574	-1.4846	-2.288	-3.0458	-3.6187	-4.9427	-5.6563	-3.7899	-1.5451	-0.082647	0.89633	0.99942	0.82689	0.61375	0.43503	0.27403	0.19575	0.15731	0.1188	0.10534	0.089579	0.065414	0.047188	11.872
1272.3	0.013891	0.017045	-0.14265	-0.27942	-0.45004	-0.60269	-0.82708	-1.1915	-1.5092	-2.3418	-3.185	-3.7123	-5.1063	-5.7598	-3.9258	-1.7477	-0.18806	0.85916	0.99712	0.84438	0.63815	0.45253	0.28456	0.21607	0.15622	0.11975	0.10461	0.087307	0.089156	0.043941	12.025
1285.6	0.017372	0.010108	-0.1531	-0.32455	-0.47825	-0.62646	-0.87351	-1.2018	-1.5241	-2.4241	-3.2181	-3.8346	-5.1544	-6.0236	-4.0776	-1.8413	-0.24988	0.84516	0.97996	0.83937	0.64455	0.46507	0.29918	0.21324	0.15961	0.12492	0.11216	0.095125	0.076262	0.05678	12.184
1302.3	-0.0055081	-0.0039252	-0.18701	-0.31517	-0.4721	-0.62471	-0.85563	-1.2146	-1.5585	-2.3805	-3.2354	-3.8097	-5.2638	-6.1029	-4.3039	-2.0383	-0.35785	0.80026	0.95328	0.84512	0.65783	0.47306	0.3225	0.24403	0.16909	0.12159	0.10845	0.080451	0.058146	0.03608	12.413
1322.7	0.0074912	-0.0087933	-0.15575	-0.31657	-0.49294	-0.62377	-0.88989	-1.2086	-1.5759	-2.3926	-3.2176	-3.9492	-5.373	-6.4204	-4.4932	-2.1758	-0.4618	0.77241	0.93859	0.84175	0.65171	0.46098	0.31241	0.22695	0.17784	0.13615	0.10845	0.076031	0.06074	0.042266	12.601
1344.8	0.02238	0.015048	-0.12698	-0.28897	-0.46346	-0.62449	-0.87577	-1.2184	-1.5505	-2.4191	-3.2151	-3.9669	-5.3128	-6.5171	-4.5971	-2.3595	-0.55275	0.72002	0.9095	0.83916	0.6647	0.47338	0.33973	0.25625	0.18715	0.14338	0.11492	0.11386	0.072328	0.055382	12.839
1363.4	-0.00070551	-0.0090616	-0.14997	-0.31982	-0.45528	-0.62862	-0.8649	-1.2248	-1.5956	-2.3329	-3.3893	-3.9885	-5.6041	-6.6612	-4.7038	-2.4854	-0.65873	0.67228	0.88527	0.84178	0.67514	0.49709	0.33289	0.25388	0.19614	0.15022	0.12909	0.095861	0.076987	0.051903	13.044
1377.2	-0.0057732	-0.010023	-0.14069	-0.31061	-0.45319	-0.64678	-0.87773	-1.2571	-1.5995	-2.3564	-3.3801	-4.1044	-5.6533	-6.9679	-4.9143	-2.6634	-0.75395	0.64649	0.86044	0.85655	0.68052	0.50074	0.35362	0.26525	0.21028	0.14709	0.12404	0.11118	0.071189	0.054621	13.304
1387.7	-0.0079674	-0.020908	-0.1468	-0.32019	-0.43696	-0.64779	-0.86172	-1.2001	-1.6087	-2.385	-3.4707	-4.0905	-5.8633	-7.1167	-5.1267	-2.7927	-0.86858	0.6061	0.83225	0.83682	0.67372	0.49694	0.35473	0.26766	0.22363	0.15947	0.14762	0.12801	0.07675	0.056883	13.577
1395.6	-0.015155	-0.017675	-0.152	-0.34156	-0.4799	-0.67117	-0.91109	-1.2284	-1.6526	-2.4119	-3.5119	-4.2551	-6.0978	-7.3797	-5.3576	-3.0914	-0.98497	0.56973	0.82332	0.85438	0.69275	0.52018	0.3662	0.27712	0.22339	0.1677	0.14625	0.12377	0.080725	0.05656	13.817
