12891	4	3	91	24.2	760	1	3	8	0.233	128	4096	10	0	0	0	0	29.824	955.16	1.4537e+006	0.11606	0.010036	40.115	0	0	1	0	0	0	11	0	0
955.58	0.032943	-0.018782	-0.11351	-0.18764	-0.25355	-0.0046711	-0.39558	-0.51895	-0.5636	-0.53964	-0.66148	-0.65621	-0.41186	0.021679	0.63423	0.90496	0.66631	0.25832	0.056712	-0.15503	-0.25232	-0.28735	-0.28126	-0.26454	-0.21555	-0.18351	-0.14501	-0.08245	-0.010678	0.032938	2.0247
956.96	0.023158	-0.032376	-0.12695	-0.18815	-0.28674	-0.038118	-0.4131	-0.54062	-0.59757	-0.67354	-0.78475	-0.72167	-0.52284	-0.049447	0.65915	0.7869	0.72619	0.34029	0.12255	-0.098937	-0.21069	-0.24562	-0.2549	-0.23373	-0.18684	-0.16758	-0.12006	-0.075742	0.001399	0.032113	2.4378
956.22	0.023987	-0.047551	-0.14067	-0.21742	-0.28608	-0.023553	-0.44661	-0.55466	-0.64369	-0.74145	-0.82087	-0.63917	-0.63492	-0.12855	0.51304	0.71239	0.74599	0.38777	0.18631	-0.054781	-0.17671	-0.22762	-0.23935	-0.22991	-0.19895	-0.15909	-0.14336	-0.082395	-0.009865	0.025146	2.8007
956.75	0.023161	-0.037684	-0.10856	-0.21573	-0.30181	-0.057	-0.4539	-0.56076	-0.68199	-0.84206	-0.94467	-0.9709	-0.80996	-0.47618	0.18517	0.90385	0.79682	0.48449	0.27514	0.0069733	-0.11391	-0.18617	-0.21326	-0.18894	-0.16969	-0.17623	-0.13323	-0.052321	0.0070295	0.02746	3.2302
955.16	0.021575	-0.033196	-0.12158	-0.22003	-0.31293	-0.076862	-0.49468	-0.59298	-0.74819	-0.89407	-0.99959	-1.1472	-0.93907	-0.42156	0.24593	0.93043	0.82622	0.52569	0.35163	0.062128	-0.067194	-0.15419	-0.1947	-0.17402	-0.15424	-0.13965	-0.096274	-0.068547	0.0038204	0.042287	3.608
956.64	0.033717	-0.036171	-0.1286	-0.24486	-0.32923	-0.071593	-0.5105	-0.62008	-0.75167	-0.96846	-1.0779	-1.2201	-1.1848	-0.70542	0.17658	0.71208	0.83535	0.58923	0.42316	0.11959	-0.027401	-0.12006	-0.15348	-0.16174	-0.13083	-0.12611	-0.082979	-0.051596	-0.0034259	0.029794	4.0328
952.07	0.028169	-0.034825	-0.15899	-0.24683	-0.33702	-0.055557	-0.51067	-0.6464	-0.77393	-0.95619	-1.0831	-1.276	-1.3266	-1.0106	-0.021826	0.81608	0.84177	0.65069	0.48759	0.16291	0.012348	-0.090742	-0.14315	-0.13757	-0.1307	-0.11019	-0.09037	-0.058467	-0.0026345	0.035401	4.4013
953.77	0.030561	-0.040838	-0.14987	-0.24797	-0.34174	-0.10795	-0.53547	-0.683	-0.80124	-1.0389	-1.3661	-1.4403	-1.3962	-1.0563	-0.0044849	0.76443	0.83706	0.69083	0.52595	0.21868	0.04656	-0.064879	-0.11132	-0.1325	-0.11772	-0.098992	-0.083229	-0.059095	0.01028	0.036894	4.8364
953.24	0.025692	-0.035543	-0.12906	-0.23784	-0.34813	-0.11232	-0.55771	-0.71553	-0.86688	-1.1156	-1.3936	-1.6328	-1.6131	-1.3662	-0.22079	0.66439	0.82788	0.72308	0.57703	0.25815	0.092788	-0.020123	-0.08454	-0.097215	-0.096027	-0.092757	-0.081723	-0.061334	0.019167	0.0299	5.2395
950.69	0.024127	-0.040971	-0.156	-0.24719	-0.35351	-0.13766	-0.59411	-0.74323	-0.90579	-1.1609	-1.5313	-1.679	-1.7297	-1.5607	-0.36019	0.65778	0.8148	0.76388	0.6187	0.31257	0.13138	0.00061574	-0.061015	-0.083775	-0.079733	-0.071721	-0.057818	-0.039388	0.015169	0.028417	5.6243
950.16	0.016786	-0.038705	-0.15689	-0.26238	-0.37861	-0.14551	-0.60203	-0.77429	-0.93977	-1.2887	-1.6126	-1.7384	-1.9715	-1.7367	-0.52531	0.59935	0.80235	0.79108	0.65301	0.32534	0.15463	0.023087	-0.034113	-0.056408	-0.076767	-0.069396	-0.0524	-0.032773	0.0070798	0.026086	6.0303
947.5	0.025029	-0.042637	-0.15086	-0.29887	-0.39483	-0.1208	-0.63112	-0.8177	-0.9877	-1.5644	-1.6081	-2.1038	-2.2024	-2.0049	-0.85758	0.33994	0.76983	0.81063	0.70671	0.3869	0.19353	0.057366	-0.03103	-0.047673	-0.053581	-0.065635	-0.04552	-0.029167	0.027402	0.02224	6.4209
949.63	0.014343	-0.039491	-0.14568	-0.26094	-0.37259	-0.16461	-0.64566	-0.8562	-1.0237	-1.5779	-1.9085	-2.0573	-2.4384	-2.3825	-1.012	0.26355	0.72132	0.83129	0.74375	0.42217	0.23708	0.089711	0.0047095	-0.02901	-0.048189	-0.046547	-0.022826	-0.020984	0.020858	0.047228	6.8145
946.54	0.01685	-0.04268	-0.15182	-0.2944	-0.40416	-0.17122	-0.66148	-0.86304	-1.0903	-1.5234	-1.8789	-2.3745	-2.672	-2.6858	-1.329	0.03677	0.66863	0.834	0.7547	0.46907	0.26834	0.11339	0.021425	-0.014536	-0.031722	-0.035614	-0.046348	-0.025496	0.0079194	0.038746	7.155
948.03	0.028292	-0.042613	-0.15967	-0.27409	-0.40085	-0.1571	-0.69163	-0.90532	-1.1081	-1.674	-1.9744	-2.354	-2.8207	-2.7534	-1.3443	-0.064294	0.60051	0.84221	0.78833	0.51716	0.29755	0.13156	0.057915	0.0032645	-0.021864	-0.031606	-0.030668	-0.0099326	0.025764	0.031631	7.5196
944.41	0.0053782	-0.065017	-0.18786	-0.2847	-0.42565	-0.17856	-0.70879	-0.91285	-1.1335	-1.6121	-2.1079	-2.5312	-2.8719	-3.0361	-1.5066	0.036853	0.58253	0.85239	0.80145	0.51914	0.32201	0.16556	0.067702	0.01058	-0.014374	-0.024584	-0.011985	-0.01294	0.01527	0.026245	7.8115
942.82	0.0012686	-0.0513	-0.16136	-0.30913	-0.44519	-0.17712	-0.71382	-0.92414	-1.1605	-1.8028	-2.1745	-2.7293	-3.1275	-3.2257	-1.6404	-0.17469	0.53882	0.83555	0.8028	0.51663	0.33947	0.17842	0.065419	0.025222	-0.012122	-0.011908	-0.0096508	-0.021135	0.012848	0.030231	8.1185
941.33	0.0095194	-0.051381	-0.17545	-0.29443	-0.43692	-0.18525	-0.7295	-0.9549	-1.2174	-1.6688	-2.3223	-2.8264	-3.2378	-3.544	-1.9234	-0.40387	0.44933	0.84472	0.82278	0.57933	0.38034	0.20138	0.09511	0.0391	0.009893	0.0024038	-0.0010212	-0.0055366	0.031672	0.044486	8.3997
941.11	0.019423	-0.049853	-0.15921	-0.31369	-0.42086	-0.21233	-0.76032	-0.97059	-1.2546	-1.7462	-2.3138	-2.8862	-3.4249	-3.7456	-2.0728	-0.37004	0.3949	0.85625	0.83543	0.5854	0.40867	0.22579	0.10873	0.047246	0.0091371	0.0071844	-0.0025943	-0.010006	0.0079651	0.020022	8.6582
945.16	0.0094808	-0.028184	-0.15286	-0.29164	-0.43962	-0.20708	-0.7357	-0.98103	-1.2594	-1.9859	-2.3847	-3.0167	-3.604	-4.0256	-2.3082	-0.60488	0.30323	0.84911	0.85359	0.60654	0.41576	0.23905	0.12738	0.066499	0.023476	0.0095312	0.0052458	-0.0084808	0.029913	0.035659	8.9362
938.67	-0.0012076	-0.060785	-0.15636	-0.32093	-0.43276	-0.20763	-0.77998	-1.0049	-1.3249	-2.0597	-2.5369	-3.1983	-3.702	-4.1339	-2.579	-0.72808	0.24657	0.84362	0.87043	0.63029	0.43724	0.27018	0.13387	0.072672	0.037353	0.017582	0.014739	0.0063908	0.0030681	0.027991	9.1613
940.05	0.01201	-0.052221	-0.16184	-0.29563	-0.45549	-0.2536	-0.7796	-0.99858	-1.3056	-1.7996	-2.4248	-3.2612	-3.8913	-4.3128	-2.5665	-0.83737	0.21116	0.82491	0.85042	0.64294	0.43982	0.2681	0.14809	0.085605	0.05708	0.023136	0.022587	0.00041722	0.012886	0.026367	9.3834
934.09	0.0070992	-0.046352	-0.17271	-0.30638	-0.43216	-0.22535	-0.76681	-1.046	-1.3654	-2.0352	-2.6312	-3.3076	-4.0304	-4.5265	-2.6446	-0.97942	0.15592	0.8249	0.84643	0.66755	0.46783	0.27066	0.15951	0.089432	0.053615	0.027297	0.020355	0.0094239	0.00061146	0.011423	9.5767
940.26	-0.00038021	-0.050668	-0.1781	-0.31317	-0.45179	-0.30331	-0.78326	-1.0595	-1.3509	-2.1418	-2.8035	-3.2521	-4.077	-4.5852	-2.8378	-0.97299	0.11334	0.8256	0.86349	0.67335	0.46718	0.29495	0.16326	0.10433	0.045659	0.03429	0.019435	0.013832	0.012064	0.028732	9.77
934.73	0.015401	-0.057166	-0.17505	-0.34805	-0.48068	-0.30423	-0.82261	-1.0977	-1.3621	-2.1631	-2.6748	-3.2628	-4.1582	-4.7337	-3.0399	-1.1324	0.06893	0.8059	0.86233	0.69356	0.49188	0.31024	0.17792	0.099206	0.072709	0.03289	0.021924	0.019162	0.0071951	0.021749	9.9572
937.28	0.0095605	-0.043875	-0.16477	-0.32702	-0.48839	-0.28238	-0.8173	-1.0792	-1.401	-2.14	-2.8396	-3.1861	-4.2527	-4.8741	-3.1636	-1.2145	8.3079e-005	0.79494	0.87093	0.69082	0.49136	0.31192	0.18466	0.093214	0.067934	0.040797	0.029757	0.024344	0.0030727	0.037544	10.081
934.84	-0.00038242	-0.054062	-0.16929	-0.30936	-0.4734	-0.27258	-0.81095	-1.0787	-1.415	-2.1112	-2.8198	-3.5428	-4.3944	-5.0001	-3.2866	-1.1664	-0.017945	0.79878	0.86537	0.69092	0.50239	0.3102	0.18917	0.11313	0.068875	0.048118	0.01559	0.013913	0.015426	0.025721	10.236
934.41	-0.0053672	-0.055636	-0.15461	-0.32883	-0.45462	-0.25777	-0.82984	-1.085	-1.4354	-2.0949	-2.8211	-3.2809	-4.4372	-5.059	-3.341	-1.3036	-0.083546	0.77894	0.8689	0.69123	0.50831	0.32811	0.18201	0.11892	0.063548	0.032902	0.040142	0.027417	0.0039052	0.019371	10.323
932.92	-0.00038162	-0.054173	-0.16964	-0.30919	-0.46984	-0.2793	-0.82962	-1.1015	-1.4258	-2.2796	-2.7528	-3.4565	-4.5833	-5.3102	-3.5232	-1.4169	-0.10832	0.78371	0.86321	0.71886	0.52214	0.34898	0.1944	0.12568	0.069018	0.046611	0.035449	0.016944	0.019585	0.012233	10.421
937.18	-0.0078372	-0.033059	-0.15661	-0.31421	-0.45057	-0.26139	-0.81354	-1.103	-1.4359	-2.0285	-2.7856	-3.534	-4.5624	-5.3667	-3.472	-1.5637	-0.15442	0.77226	0.85851	0.72155	0.5222	0.32799	0.20959	0.13083	0.074046	0.0464	0.035286	0.018364	-0.001035	0.021692	10.501
935.15	0.00044915	-0.050945	-0.17088	-0.32052	-0.4633	-0.27863	-0.81916	-1.1152	-1.4263	-2.0932	-2.9097	-3.4142	-4.4744	-5.3137	-3.5412	-1.4306	-0.13755	0.77832	0.85801	0.71116	0.53551	0.338	0.21567	0.13111	0.081089	0.048102	0.034572	0.013908	0.013776	0.022533	10.582
933.66	0.00044986	-0.047149	-0.16869	-0.32184	-0.46222	-0.2527	-0.82278	-1.099	-1.4643	-2.2087	-2.978	-3.4197	-4.6204	-5.314	-3.3879	-1.4585	-0.14105	0.76989	0.86331	0.73196	0.52498	0.34023	0.22085	0.13296	0.086581	0.056206	0.022742	0.024436	0.022864	0.027344	10.615
933.24	-0.017855	-0.065795	-0.19339	-0.31795	-0.48145	-0.25106	-0.83707	-1.1462	-1.4602	-2.2097	-2.9611	-3.5659	-4.6879	-5.4623	-3.5927	-1.6216	-0.19776	0.75353	0.86606	0.73828	0.52033	0.34039	0.20563	0.11496	0.074359	0.044989	0.03068	0.022196	0.0022603	0.023377	10.638
933.88	-0.0053703	-0.053341	-0.14076	-0.29436	-0.48655	-0.23507	-0.80406	-1.1291	-1.4782	-2.3204	-3.0682	-3.5975	-4.7256	-5.4343	-3.6962	-1.5864	-0.21731	0.74862	0.85997	0.72239	0.52892	0.35624	0.21516	0.13949	0.085794	0.040142	0.037788	0.013927	0.004731	0.022564	10.655
931.22	-0.0078873	-0.050383	-0.15514	-0.29278	-0.45618	-0.25954	-0.80945	-1.1084	-1.4594	-2.2405	-2.7396	-3.4543	-4.6326	-5.3605	-3.6005	-1.4281	-0.18009	0.76663	0.86794	0.73388	0.54511	0.35981	0.20365	0.12591	0.075288	0.049917	0.034718	0.018482	0.0088773	0.024223	10.641
933.88	-0.0070339	-0.049463	-0.17603	-0.33305	-0.47298	-0.24122	-0.84731	-1.1126	-1.4695	-2.3549	-2.8864	-3.572	-4.6684	-5.3695	-3.6255	-1.5607	-0.1886	0.75829	0.86233	0.7335	0.5338	0.35031	0.21274	0.1157	0.081967	0.046563	0.044126	0.017678	0.0072017	0.024154	10.635
931.22	-0.0012173	-0.043382	-0.15432	-0.31783	-0.4462	-0.28422	-0.83191	-1.1142	-1.4753	-2.301	-2.9402	-3.6931	-4.6162	-5.4254	-3.5473	-1.608	-0.17844	0.749	0.8577	0.71674	0.52146	0.35131	0.20123	0.1292	0.073751	0.045891	0.017241	0.016975	0.017141	0.016244	10.638
930.9	0.0021185	-0.034062	-0.14697	-0.32441	-0.47903	-0.28432	-0.8477	-1.1195	-1.4623	-2.1893	-2.8591	-3.4213	-4.6997	-5.4517	-3.6106	-1.5486	-0.18344	0.75807	0.85563	0.72556	0.52899	0.35398	0.21747	0.1243	0.061483	0.049931	0.017247	0.016981	0.0030922	0.01625	10.623
932.71	-0.0162	-0.044091	-0.16147	-0.34154	-0.45998	-0.26616	-0.81589	-1.0993	-1.4499	-2.1937	-2.9173	-3.5594	-4.4943	-5.433	-3.5416	-1.4515	-0.15187	0.76804	0.85397	0.71817	0.53366	0.34058	0.19768	0.12488	0.049861	0.051443	0.025145	0.0034268	0.020412	0.013828	10.626
932.39	-0.0045466	-0.063525	-0.15988	-0.32066	-0.45289	-0.23896	-0.76744	-1.1013	-1.4377	-2.0563	-2.9001	-3.484	-4.455	-5.2402	-3.3306	-1.3664	-0.098517	0.80352	0.85348	0.709	0.52244	0.33052	0.19129	0.12493	0.060619	0.0386	0.023568	0.01921	-0.0018636	0.011444	10.52
932.71	0.00378	-0.03089	-0.15982	-0.30441	-0.44096	-0.2688	-0.81435	-1.091	-1.4095	-2.1246	-2.89	-3.4402	-4.2817	-5.0358	-3.1879	-1.2889	-0.031129	0.80061	0.86026	0.70448	0.50516	0.3126	0.19364	0.10435	0.05293	0.043408	0.010868	0.0034254	0.0039123	0.014626	10.356
933.98	0.0079325	-0.038602	-0.14566	-0.33301	-0.47654	-0.17264	-0.79933	-1.1002	-1.3869	-2.0614	-2.7496	-3.393	-4.2596	-4.697	-3.1836	-1.1419	0.027971	0.8039	0.85987	0.68813	0.48252	0.30371	0.1829	0.10585	0.054388	0.032113	0.005307	0.0026708	0.011321	0.021766	10.169
932.17	0.0046147	-0.067424	-0.17389	-0.29813	-0.46387	-0.22405	-0.7916	-1.0728	-1.3761	-2.1086	-2.7823	-3.2888	-4.2024	-4.7791	-3.0305	-1.2383	0.046929	0.80635	0.86548	0.68861	0.46879	0.30515	0.18245	0.10359	0.05296	0.024941	0.01008	0.0011735	0.00061114	0.013041	9.9602
933.03	0.0071073	-0.042522	-0.1376	-0.31076	-0.46616	-0.18338	-0.79474	-1.0504	-1.3297	-2.0807	-2.6433	-3.3794	-4.035	-4.3615	-2.8333	-1.0233	0.15938	0.82409	0.85368	0.65634	0.45697	0.29046	0.16131	0.085428	0.044478	0.024113	0.026723	0.0079306	0.02288	0.041695	9.7489
934.09	-0.0037059	-0.050228	-0.16697	-0.31686	-0.46744	-0.23941	-0.76913	-1.0419	-1.3385	-2.0266	-2.5493	-3.2735	-3.908	-4.3161	-2.8212	-0.72311	0.17642	0.8293	0.85977	0.63167	0.43369	0.26389	0.13533	0.086152	0.041366	0.014459	0.00055549	-0.0085813	0.017088	0.03131	9.5495
936.96	-0.0070107	-0.043116	-0.17545	-0.31187	-0.46691	-0.23692	-0.77678	-1.0019	-1.3202	-1.9774	-2.4872	-3.0516	-3.7006	-4.1173	-2.5309	-0.61869	0.27645	0.83902	0.85949	0.62803	0.42993	0.25295	0.13653	0.062174	0.027497	0.014414	0.0037134	-0.013042	0.010465	0.0098027	9.3653
937.71	0.011211	-0.038449	-0.16714	-0.29316	-0.45212	-0.24549	-0.74616	-1.0101	-1.2868	-1.8126	-2.4489	-3.0576	-3.7058	-4.1543	-2.4321	-0.64372	0.2844	0.84798	0.85176	0.63434	0.41987	0.24263	0.13963	0.052322	0.020611	0.0040122	-0.015226	0.0019134	0.017841	0.02168	9.1704
936.64	0.013713	-0.031533	-0.17388	-0.30554	-0.45263	-0.22561	-0.73931	-0.97931	-1.2685	-1.8491	-2.2341	-2.9847	-3.6449	-3.9572	-2.2676	-0.49962	0.34852	0.84281	0.85116	0.60609	0.39765	0.23109	0.11086	0.045837	0.010707	0.010419	-0.012084	-0.011549	0.013754	0.014564	8.8879
937.28	0.016187	-0.02842	-0.17539	-0.29168	-0.42708	-0.21933	-0.73727	-0.99908	-1.2455	-1.7361	-2.3957	-2.9912	-3.3494	-3.6238	-2.0021	-0.40563	0.42185	0.86676	0.85215	0.60908	0.38441	0.21575	0.09793	0.037635	-0.0068522	-0.011978	-0.027862	0.0064002	0.02606	0.025654	8.6219
936.11	0.016208	-0.059403	-0.16497	-0.31858	-0.41498	-0.15646	-0.72432	-0.94468	-1.2115	-1.9276	-2.2717	-2.7573	-3.264	-3.4991	-1.8724	-0.20153	0.48048	0.85995	0.83284	0.55443	0.3638	0.18054	0.0876	0.035225	-0.0015123	-0.010392	-0.025526	-0.010059	0.0096509	0.029654	8.3559
941.11	0.012822	-0.039077	-0.16817	-0.30649	-0.40918	-0.17569	-0.71434	-0.92907	-1.1666	-1.8061	-2.1243	-2.633	-3.0197	-3.1753	-1.7047	-0.14958	0.53654	0.85625	0.82374	0.53368	0.34331	0.17538	0.065538	0.0089868	-0.018985	-0.014319	-0.0096683	-0.018942	0.0038774	0.0081784	8.0474
940.8	0.016127	-0.048329	-0.15682	-0.2938	-0.39944	-0.16528	-0.68008	-0.90007	-1.1221	-1.7211	-2.1792	-2.4228	-2.8748	-3.0478	-1.4774	-0.039355	0.58884	0.84782	0.80687	0.51859	0.3176	0.15191	0.055959	-0.007297	-0.022792	-0.031053	-0.024612	-0.022671	0.0022421	0.041354	7.7616
940.58	0.018607	-0.04295	-0.16256	-0.28586	-0.4202	-0.17492	-0.68944	-0.88887	-1.1027	-1.5759	-1.963	-2.3388	-2.7376	-2.7109	-1.2146	0.028523	0.66391	0.86546	0.77663	0.48731	0.29022	0.13597	0.047169	-0.017885	-0.038006	-0.023888	-0.026977	-0.023422	0.013697	0.032673	7.4637
941.01	0.021075	-0.056017	-0.16737	-0.28173	-0.4227	-0.16874	-0.65541	-0.84939	-1.0692	-1.6437	-1.917	-2.2449	-2.5256	-2.5248	-1.1352	0.13027	0.7092	0.84239	0.7568	0.46335	0.24732	0.10146	0.023151	-0.038233	-0.034949	-0.048567	-0.04898	-0.016708	0.0063313	0.041344	7.0975
941.65	0.029306	-0.031365	-0.15668	-0.28154	-0.39101	-0.18344	-0.65113	-0.84556	-1.0473	-1.5485	-1.8616	-2.2097	-2.4996	-2.4509	-0.96801	0.23187	0.73068	0.83833	0.72902	0.42998	0.22377	0.061081	0.0023511	-0.054477	-0.048597	-0.061267	-0.049732	-0.021161	0.012046	0.018432	6.7888
944.09	0.025119	-0.05123	-0.14573	-0.26008	-0.38104	-0.15601	-0.62423	-0.81578	-0.99283	-1.3482	-1.7938	-1.9431	-2.1538	-2.1162	-0.78204	0.37499	0.76044	0.83007	0.72713	0.41957	0.20147	0.065949	-0.011209	-0.06164	-0.061351	-0.059522	-0.051169	-0.029272	0.016091	0.01445	6.4073
945.58	0.026721	-0.038129	-0.14387	-0.26683	-0.36614	-0.16618	-0.61257	-0.78047	-0.95527	-1.3205	-1.6742	-1.8308	-2.1827	-1.857	-0.51914	0.36595	0.7957	0.79752	0.67634	0.36996	0.17063	0.029049	-0.020745	-0.070455	-0.079408	-0.072109	-0.068302	-0.020334	0.019319	0.041141	6.0727
944.09	0.028407	-0.054297	-0.14248	-0.24334	-0.38015	-0.14992	-0.60513	-0.75411	-0.92152	-1.3055	-1.479	-1.7496	-1.9115	-1.6277	-0.45007	0.56938	0.82617	0.76139	0.63623	0.31137	0.13873	0.0073214	-0.046291	-0.099779	-0.079533	-0.082543	-0.07311	-0.051539	0.0022343	0.017599	5.7152
947.28	0.031591	-0.044176	-0.14362	-0.23616	-0.35835	-0.12083	-0.55056	-0.71841	-0.86609	-1.2926	-1.3485	-1.4586	-1.6876	-1.4945	-0.33537	0.69384	0.84037	0.73889	0.59924	0.28084	0.11181	-0.010232	-0.069974	-0.10753	-0.088325	-0.091758	-0.06974	-0.045446	-0.00021052	0.048911	5.341
945.9	0.022608	-0.036582	-0.13978	-0.24526	-0.34816	-0.13749	-0.55137	-0.6903	-0.8392	-1.1498	-1.2877	-1.5699	-1.4724	-1.145	-0.091717	0.83829	0.83916	0.70266	0.55204	0.21797	0.063806	-0.05288	-0.10668	-0.11579	-0.11416	-0.10457	-0.06906	-0.063292	0.0087394	0.027775	4.9531
947.82	0.0086355	-0.028105	-0.12575	-0.24079	-0.33497	-0.11989	-0.53503	-0.67031	-0.78989	-1.054	-1.2134	-1.3656	-1.3326	-1.0949	0.0041838	0.7608	0.84717	0.66227	0.48746	0.18385	0.02442	-0.09115	-0.12235	-0.14304	-0.13204	-0.13757	-0.092338	-0.051336	-0.0002104	0.023017	4.5574
948.35	0.026643	-0.044127	-0.12649	-0.21208	-0.3036	-0.1129	-0.50127	-0.63924	-0.76136	-0.98542	-1.0784	-1.2727	-1.1147	-0.82319	0.12594	0.74355	0.83538	0.61602	0.44852	0.14757	-0.013227	-0.11778	-0.14451	-0.17365	-0.14027	-0.13038	-0.11023	-0.055001	0.0095263	0.041806	4.1874
949.94	0.019242	-0.028805	-0.13354	-0.22837	-0.31643	-0.14641	-0.48752	-0.61317	-0.75853	-0.98377	-1.0766	-1.1869	-0.96027	-0.59898	0.2907	0.85152	0.82511	0.56833	0.38445	0.091034	-0.057172	-0.15754	-0.17279	-0.16933	-0.16111	-0.13963	-0.10926	-0.06376	-0.00020993	0.022965	3.7976
951.54	0.022474	-0.026473	-0.13009	-0.21295	-0.29991	-0.093543	-0.47458	-0.58959	-0.71371	-0.9652	-1.1372	-0.98457	-0.91859	-0.43906	0.33354	0.7243	0.81729	0.51044	0.32753	0.049784	-0.092188	-0.17638	-0.19861	-0.19964	-0.16911	-0.15908	-0.10675	-0.043034	-0.0034442	0.029172	3.4214
950.16	0.029044	-0.042517	-0.11819	-0.20772	-0.29679	-0.11355	-0.44794	-0.54933	-0.68672	-0.94115	-0.96909	-0.88567	-0.79148	-0.28056	0.48159	0.85133	0.80396	0.45676	0.2593	-0.011455	-0.13868	-0.21991	-0.21474	-0.22734	-0.19194	-0.16641	-0.1326	-0.062271	-0.0042587	0.017487	3.0329
951.43	0.016764	-0.051595	-0.11642	-0.20665	-0.28396	-0.09269	-0.42839	-0.53168	-0.64615	-0.79598	-0.70899	-0.80935	-0.582	-0.22455	0.5243	0.87535	0.76906	0.38799	0.21809	-0.055894	-0.1768	-0.24123	-0.24451	-0.23348	-0.21198	-0.18588	-0.11687	-0.073235	-0.0091078	0.01512	2.6488
953.77	0.025678	-0.028689	-0.11212	-0.19509	-0.27706	-0.077835	-0.41599	-0.51512	-0.59104	-0.77713	-0.77847	-0.76572	-0.54059	-0.041675	0.50573	0.81462	0.7222	0.33712	0.13911	-0.10094	-0.20264	-0.2539	-0.26838	-0.26022	-0.21071	-0.18386	-0.11425	-0.078198	-0.011506	0.02521	2.2526
954.73	0.025652	-0.015005	-0.112	-0.20436	-0.25378	-0.064859	-0.38536	-0.52022	-0.5548	-0.66668	-0.59092	-0.57359	-0.3563	0.10089	0.52249	0.95592	0.63962	0.22931	0.036787	-0.18108	-0.2597	-0.30499	-0.30359	-0.26477	-0.22698	-0.1821	-0.13429	-0.097936	-0.011492	0.028296	1.8653
955.9	0.022371	-0.035444	-0.11988	-0.18127	-0.24374	-0.047606	-0.35773	-0.46188	-0.51233	-0.57316	-0.55465	-0.52303	-0.40373	0.17194	0.75479	0.72932	0.57953	0.1715	-0.036156	-0.21926	-0.30546	-0.32861	-0.31739	-0.2957	-0.22072	-0.20226	-0.13025	-0.085356	-0.017919	0.030595	1.5007
953.88	0.040326	-0.028683	-0.10729	-0.15719	-0.23097	-0.060614	-0.34487	-0.43716	-0.46766	-0.58283	-0.47572	-0.35759	-0.22868	0.36254	0.72181	0.71414	0.50767	0.078067	-0.11851	-0.27327	-0.35467	-0.3749	-0.34095	-0.30597	-0.25943	-0.21605	-0.15457	-0.084801	-0.01231	0.022091	1.0828
955.26	0.031327	-0.030918	-0.10472	-0.16406	-0.23241	-0.016704	-0.36552	-0.41567	-0.44297	-0.44707	-0.49281	-0.3238	0.0031969	0.44908	0.7553	0.74654	0.4492	-0.006255	-0.18822	-0.34556	-0.39549	-0.41491	-0.37119	-0.32237	-0.25606	-0.23692	-0.17913	-0.10008	-0.0090682	0.028281	0.6678
954.3	0.026476	-0.023359	-0.09359	-0.15239	-0.22113	-0.030482	-0.30844	-0.38799	-0.4031	-0.53191	-0.46659	-0.14932	0.035167	0.50498	0.84248	0.68038	0.3493	-0.10518	-0.28602	-0.41113	-0.43965	-0.43273	-0.39207	-0.34597	-0.22933	-0.23088	-0.15528	-0.081091	-0.011497	0.032203	0.29377
956.75	0.02154	-0.03087	-0.094951	-0.14649	-0.22321	-0.043273	-0.32198	-0.36057	-0.37037	-0.48848	-0.26128	-0.19045	0.1706	0.66964	0.64205	0.58689	0.2355	-0.20614	-0.39723	-0.49015	-0.5052	-0.47377	-0.42332	-0.3539	-0.26014	-0.25379	-0.1773	-0.10579	-0.021924	0.030568	-0.072742
958.24	0.023127	-0.020996	-0.090807	-0.13448	-0.19906	-0.014082	-0.29438	-0.34402	-0.34818	-0.44568	-0.26973	-0.032655	0.25791	0.47923	0.84763	0.56097	0.1344	-0.30776	-0.4854	-0.5352	-0.54087	-0.50934	-0.47215	-0.37653	-0.28362	-0.25339	-0.18166	-0.10562	-0.013056	0.024317	-0.48955
957.18	0.040998	-0.017993	-0.070899	-0.13227	-0.18162	0.0021951	-0.26231	-0.30679	-0.29137	-0.32836	-0.12808	0.058594	0.29803	0.78782	0.74517	0.45324	-0.032735	-0.44788	-0.60549	-0.6225	-0.60414	-0.55865	-0.47346	-0.39536	-0.30038	-0.26855	-0.20814	-0.11891	-0.0074431	0.029777	-0.86386
956.22	0.02805	-0.013467	-0.084588	-0.13398	-0.18887	-0.013252	-0.25955	-0.29588	-0.26613	-0.31184	-0.066052	0.083577	0.33023	0.73325	0.82355	0.22834	-0.19541	-0.5771	-0.73037	-0.68488	-0.65398	-0.58732	-0.50149	-0.42139	-0.30442	-0.27509	-0.20448	-0.12343	-0.014694	0.018151	-1.2657
958.56	0.030408	-0.022501	-0.084382	-0.11638	-0.1796	0.023601	-0.24914	-0.26399	-0.23306	-0.25225	-0.057037	0.091655	0.40104	0.79457	0.76992	0.12789	-0.31722	-0.69557	-0.81429	-0.75231	-0.69199	-0.62466	-0.50812	-0.42995	-0.31636	-0.28927	-0.21633	-0.1224	-0.009841	0.018883	-1.6066
957.71	0.04341	-0.013445	-0.066859	-0.096831	-0.15682	0.052763	-0.20644	-0.23862	-0.20237	-0.1852	-0.021625	0.12491	0.37751	0.68475	0.74476	0.036341	-0.42549	-0.77161	-0.90386	-0.80464	-0.74811	-0.65576	-0.53451	-0.43994	-0.34801	-0.31144	-0.21961	-0.10568	-0.014671	0.029761	-1.9751
960.68	0.014985	-0.025466	-0.053893	-0.10202	-0.15457	0.027822	-0.19378	-0.21476	-0.17556	-0.26008	-0.012741	0.30643	0.51131	0.84788	0.78537	0.027926	-0.54698	-0.8803	-0.98733	-0.86611	-0.77899	-0.68336	-0.5493	-0.46648	-0.35363	-0.30189	-0.22202	-0.11192	-0.018632	0.025029	-2.298
961.32	0.036784	-0.016409	-0.065013	-0.10586	-0.1492	0.052565	-0.17265	-0.20027	-0.14851	-0.20127	0.13745	0.33103	0.62997	0.80014	0.64759	-0.13812	-0.67652	-0.97278	-1.076	-0.91036	-0.81876	-0.70183	-0.56147	-0.48371	-0.35191	-0.30949	-0.21571	-0.11767	-0.007411	0.033513	-2.6133
957.49	0.014225	-0.017231	-0.055672	-0.099997	-0.1392	0.081064	-0.17635	-0.17467	-0.1267	-0.067465	0.11139	0.30745	0.66435	0.79545	0.56404	-0.25536	-0.84165	-1.1018	-1.1829	-0.97735	-0.87834	-0.75253	-0.58966	-0.49044	-0.37797	-0.31699	-0.23434	-0.12985	-0.021105	0.018127	-2.8998
960.9	0.025486	-0.017923	-0.057867	-0.091024	-0.12992	0.10213	-0.16447	-0.1581	-0.096994	-0.10075	0.164	0.37251	0.66995	0.85557	0.57062	-0.36243	-1.0109	-1.2261	-1.2848	-1.0395	-0.86812	-0.77291	-0.6283	-0.51422	-0.38035	-0.32445	-0.22428	-0.12866	-0.021829	0.026569	-3.1847
956.11	0.02805	-0.011196	-0.054151	-0.093057	-0.11554	0.11381	-0.1502	-0.15168	-0.075812	-0.0085899	0.17372	0.44085	0.62545	0.83613	0.55623	-0.47275	-1.0776	-1.2975	-1.3503	-1.0697	-0.96777	-0.79414	-0.64168	-0.51439	-0.39123	-0.32607	-0.23623	-0.14397	-0.0155	0.025924	-3.4545
960.79	0.031147	-0.0020962	-0.053089	-0.081634	-0.12289	0.12265	-0.13671	-0.14138	-0.064662	-0.0085481	0.21705	0.46351	0.69384	0.76125	0.44193	-0.59503	-1.2063	-1.3825	-1.4201	-1.1301	-0.94725	-0.82484	-0.64639	-0.54139	-0.40868	-0.33072	-0.24355	-0.12576	-0.0050136	0.021932	-3.6846
957.6	0.026385	-0.0066401	-0.056465	-0.082693	-0.1136	0.1342	-0.12662	-0.12424	-0.044019	0.058727	0.031581	0.40697	0.75189	0.80325	0.42617	-0.73869	-1.312	-1.4506	-1.4853	-1.1706	-0.95834	-0.83584	-0.66662	-0.54479	-0.42199	-0.33965	-0.24359	-0.1335	-0.013067	0.02511	-3.9591
959.94	0.026321	-0.036047	-0.037973	-0.066808	-0.098357	0.13644	-0.12105	-0.083239	-0.03081	-0.016942	0.34994	0.42253	0.65472	0.79342	0.32202	-0.76183	-1.4437	-1.5608	-1.5589	-1.1852	-1.0003	-0.83545	-0.66814	-0.54665	-0.40308	-0.36927	-0.26149	-0.12733	-0.023455	0.021951	-4.1878
956.86	0.026406	0.00092409	-0.054909	-0.068597	-0.10662	0.13688	-0.10034	-0.097119	-0.023952	0.016673	0.26233	0.55671	0.72061	0.74067	0.2541	-0.85603	-1.538	-1.637	-1.649	-1.2482	-1.0432	-0.87699	-0.6994	-0.56523	-0.40887	-0.3407	-0.25151	-0.138	-0.012271	0.021246	-4.3738
956.96	0.039386	-0.0096702	-0.041293	-0.073308	-0.10043	0.16345	-0.095052	-0.082698	1.6277e-005	0.025084	0.32443	0.55667	0.73646	0.61418	0.35751	-0.89763	-1.6723	-1.7243	-1.7232	-1.304	-1.0709	-0.90829	-0.71426	-0.57157	-0.42153	-0.35162	-0.24452	-0.14823	-0.013879	0.038324	-4.5584
958.88	0.03202	-0.00512	-0.027628	-0.073946	-0.075555	0.14857	-0.085084	-0.065755	0.0031022	0.10064	0.42117	0.55554	0.79863	0.77853	0.23637	-1.0706	-1.7664	-1.8039	-1.7848	-1.3455	-1.0925	-0.93781	-0.7356	-0.57922	-0.43337	-0.36186	-0.26487	-0.1472	-0.014653	0.0088028	-4.7505
959.51	0.033616	-0.002099	-0.064337	-0.062916	-0.084311	0.15019	-0.083525	-0.048146	0.036253	-0.00016931	0.48284	0.58001	0.78218	0.75437	0.047104	-1.1032	-1.9074	-1.9114	-1.8508	-1.3587	-1.1044	-0.91082	-0.74531	-0.5948	-0.42041	-0.37022	-0.25004	-0.14127	-0.020258	0.037448	-4.9061
958.13	0.044199	0.0031908	-0.037245	-0.068506	-0.080904	0.11528	-0.070096	-0.041019	0.036306	0.0082487	0.52786	0.48967	0.67984	0.75546	0.090221	-1.263	-1.9269	-1.9081	-1.8612	-1.3798	-1.1203	-0.94019	-0.75424	-0.59086	-0.43818	-0.38014	-0.25812	-0.15024	-0.011451	0.035176	-5.0312
957.6	0.02963	0.00092337	-0.035665	-0.050464	-0.057124	0.1582	-0.079927	-0.042641	0.041734	0.025067	0.46608	0.62265	0.72799	0.66905	0.15056	-1.2304	-1.9856	-1.958	-1.9051	-1.4173	-1.1542	-0.96466	-0.76331	-0.59839	-0.43917	-0.378	-0.26059	-0.14447	-0.010655	0.029764	-5.164
956.64	0.026412	-0.016489	-0.021285	-0.063105	-0.066898	0.1575	-0.063421	-0.021062	0.066522	0.1514	0.45767	0.56515	0.68886	0.69341	0.0041452	-1.4235	-2.0813	-2.0278	-1.9499	-1.4228	-1.1434	-0.95901	-0.75542	-0.607	-0.4426	-0.37916	-0.26162	-0.15194	-0.0098606	0.015815	-5.2357
958.13	0.029614	-0.014194	-0.032447	-0.049651	-0.066795	0.18981	-0.050524	-0.033023	0.069508	0.067097	0.31516	0.58915	0.77537	0.66078	0.047172	-1.3463	-2.0852	-2.0246	-1.9645	-1.4306	-1.1448	-0.9732	-0.76288	-0.59566	-0.44415	-0.35902	-0.25735	-0.15683	-0.018681	0.011136	-5.3288
958.98	0.02068	-0.010406	-0.037211	-0.070014	-0.05528	0.19478	-0.061008	-0.021809	0.042446	0.17622	0.54509	0.53892	0.83831	0.48675	-0.14207	-1.5032	-2.1433	-2.0708	-1.9995	-1.4418	-1.1929	-0.99955	-0.76299	-0.61111	-0.46315	-0.37589	-0.26638	-0.15084	-0.022676	0.018098	-5.3944
956.43	0.029665	-0.0096771	-0.020489	-0.049739	-0.058963	0.15582	-0.054384	-0.020265	0.078914	0.24407	0.51103	0.62341	0.8246	0.53547	-0.038963	-1.5573	-2.286	-2.1664	-2.0639	-1.4832	-1.1802	-0.98733	-0.7847	-0.60473	-0.43821	-0.37846	-0.27947	-0.14905	-0.010669	0.026693	-5.4417
954.73	0.029717	0.00092615	-0.042995	-0.049038	-0.061722	0.18275	-0.06959	-0.03314	0.065882	0.2192	0.48526	0.76595	0.77014	0.6473	0.030055	-1.3845	-2.1561	-2.1041	-2.0092	-1.4683	-1.1895	-0.99489	-0.76876	-0.62105	-0.45173	-0.38463	-0.28229	-0.1383	-0.021166	0.0041713	-5.4981
956.96	0.032084	-0.0051303	-0.036489	-0.048138	-0.060695	0.2072	-0.053602	-0.016251	0.065729	0.15975	0.40428	0.56496	0.76037	0.62997	0.029985	-1.3479	-2.1839	-2.1094	-2.0336	-1.4757	-1.197	-1.014	-0.78034	-0.62761	-0.45142	-0.39078	-0.25303	-0.13651	-0.0034247	0.02202	-5.5287
955.79	0.041058	0.0047147	-0.022106	-0.048984	-0.059884	0.19972	-0.061966	-0.014669	0.070452	0.21053	0.45808	0.58227	0.87302	0.5912	-0.0131	-1.4665	-2.2026	-2.1223	-2.0292	-1.4625	-1.1898	-0.97972	-0.77814	-0.60193	-0.45946	-0.37166	-0.26882	-0.15721	-0.010676	0.01194	-5.5409
959.09	0.032011	-0.0028532	-0.030817	-0.043323	-0.05087	0.1357	-0.054986	-0.018612	0.076381	0.2182	0.30598	0.61339	0.79846	0.66799	-0.15926	-1.4864	-2.2877	-2.1801	-2.0673	-1.4974	-1.2015	-1.0011	-0.77939	-0.62941	-0.42581	-0.361	-0.26712	-0.1406	-0.013848	0.015772	-5.5317
958.98	0.026347	-0.014938	-0.028423	-0.048036	-0.066735	0.16996	-0.062513	-0.019412	0.079476	0.17623	0.45654	0.67146	0.88602	0.57346	-0.11627	-1.4533	-2.2663	-2.1581	-2.0599	-1.4843	-1.2024	-0.988	-0.77948	-0.61191	-0.44898	-0.37511	-0.2687	-0.13842	-0.005825	0.015001	-5.4859
958.66	0.017448	-0.014186	-0.02204	-0.045695	-0.055299	0.20341	-0.04523	-0.0082306	0.07873	0.16788	0.53642	0.70482	0.83859	0.63675	-0.073299	-1.4704	-2.2615	-2.1562	-2.066	-1.5114	-1.2012	-0.98008	-0.77267	-0.60013	-0.44391	-0.36429	-0.27727	-0.15601	-0.037134	0.0088048	-5.5241
955.58	0.040256	-0.021054	-0.042957	-0.052145	-0.060783	0.21523	-0.058207	-0.025093	0.058082	0.25272	0.40486	0.53253	0.7934	0.54387	-0.030372	-1.4835	-2.2095	-2.1159	-2.0343	-1.4795	-1.1988	-0.99235	-0.77595	-0.61168	-0.4386	-0.37095	-0.26191	-0.14698	-0.021147	0.023606	-5.5317
957.28	0.015039	0.0039498	-0.026874	-0.063063	-0.072149	0.18826	-0.06187	-0.030651	0.067252	0.14288	0.38641	0.64776	0.80791	0.62188	-0.073405	-1.5559	-2.2135	-2.125	-2.0329	-1.4761	-1.1982	-1.0088	-0.78243	-0.6202	-0.43708	-0.37343	-0.26222	-0.1555	-0.01709	0.022012	-5.4249
955.9	0.030493	-0.013472	-0.03092	-0.05764	-0.069603	0.18253	-0.067241	-0.026687	0.048001	0.10938	0.48467	0.5822	0.84101	0.64648	0.090431	-1.3995	-2.1318	-2.0689	-1.9737	-1.4507	-1.1507	-0.96885	-0.77097	-0.60587	-0.4407	-0.3724	-0.26414	-0.14986	-0.022749	0.019713	-5.2967
958.45	0.033654	0.0031897	-0.035634	-0.063769	-0.091457	0.17091	-0.075339	-0.042603	0.033978	0.21834	0.37707	0.56408	0.79899	0.69211	0.029955	-1.3542	-2.0214	-1.9897	-1.9279	-1.4152	-1.1278	-0.94565	-0.74457	-0.60665	-0.44027	-0.36828	-0.25032	-0.12899	-0.0090411	0.017335	-5.1014
959.41	0.025527	-0.0088925	-0.037194	-0.059785	-0.079916	0.18699	-0.076768	-0.061725	0.021609	-0.042141	0.39438	0.63805	0.71869	0.67565	0.16748	-1.1199	-1.8533	-1.8662	-1.8251	-1.3597	-1.1085	-0.94224	-0.74696	-0.58608	-0.42493	-0.36166	-0.24776	-0.14712	-0.017853	0.017316	-4.9534
956.33	0.031292	-0.0028615	-0.037314	-0.055255	-0.084592	0.16356	-0.09059	-0.069134	0.0046583	0.016682	0.45781	0.60686	0.73695	0.71736	0.26288	-1.0985	-1.7792	-1.801	-1.7773	-1.3315	-1.0605	-0.90889	-0.72891	-0.59358	-0.42106	-0.35499	-0.24237	-0.13441	-0.014692	0.041457	-4.7902
957.81	0.022327	-0.0073944	-0.050854	-0.077959	-0.085344	0.18131	-0.098734	-0.079426	0.0061964	0.10916	0.3596	0.50641	0.75172	0.69257	0.27968	-0.96349	-1.6364	-1.7151	-1.704	-1.2861	-1.0247	-0.90418	-0.6987	-0.55667	-0.41742	-0.33957	-0.25821	-0.14444	-0.0050276	0.017345	-4.5721
957.07	0.032891	0.002438	-0.042088	-0.080379	-0.092472	0.15657	-0.10861	-0.087492	-0.021627	0.05876	0.36875	0.52339	0.79216	0.81159	0.2799	-0.89754	-1.5592	-1.6538	-1.6525	-1.2546	-1.02	-0.87844	-0.70003	-0.5579	-0.41102	-0.35315	-0.23754	-0.14382	-0.019504	0.026675	-4.3601
958.66	0.030405	-0.018721	-0.053206	-0.084171	-0.10201	0.15974	-0.11896	-0.10173	-0.025451	0.0082442	0.28841	0.47282	0.65559	0.80236	0.31386	-0.80446	-1.5095	-1.5997	-1.6038	-1.2176	-1.0119	-0.87203	-0.69258	-0.55138	-0.40735	-0.33849	-0.25026	-0.13847	-0.00020802	0.016555	-4.1634
959.62	0.048177	0.008469	-0.038783	-0.07938	-0.1204	0.15188	-0.13237	-0.11121	-0.047781	-0.050521	0.19963	0.51374	0.6152	0.69126	0.34793	-0.73713	-1.3779	-1.5065	-1.5311	-1.1798	-1.0046	-0.83656	-0.66757	-0.55721	-0.38831	-0.35221	-0.24153	-0.1281	-0.019452	0.025057	-3.9316
958.77	0.032833	-0.015696	-0.058794	-0.088874	-0.12932	0.1152	-0.14603	-0.13927	-0.074833	0.067052	0.19097	0.45619	0.80666	0.8969	0.46005	-0.60462	-1.1849	-1.3855	-1.4131	-1.1142	-0.95954	-0.80678	-0.64854	-0.53374	-0.39089	-0.33611	-0.21783	-0.11141	0.00059572	0.032053	-3.6785
960.05	0.032789	-0.02171	-0.057918	-0.096595	-0.13707	0.12531	-0.15635	-0.14707	-0.099392	-0.10923	0.19954	0.3563	0.5752	0.8012	0.35636	-0.46251	-1.062	-1.2802	-1.341	-1.0562	-0.91714	-0.77689	-0.62729	-0.51787	-0.38739	-0.33332	-0.24759	-0.139	-0.0042148	0.041296	-3.4148
957.07	0.029646	-0.014968	-0.056497	-0.10083	-0.14368	0.1034	-0.17191	-0.17474	-0.1198	-0.084334	0.15581	0.46531	0.6487	0.81159	0.53843	-0.40558	-0.95329	-1.1898	-1.2662	-1.0412	-0.91761	-0.76443	-0.61115	-0.51067	-0.37739	-0.29834	-0.23368	-0.12771	-0.03237	0.010373	-3.1283
958.03	0.032858	-0.022513	-0.078833	-0.10387	-0.14442	0.10844	-0.18453	-0.19696	-0.13203	-0.067427	0.075894	0.4068	0.61623	0.81078	0.68425	-0.28021	-0.85797	-1.1192	-1.1991	-0.99513	-0.87706	-0.73478	-0.59326	-0.49177	-0.35909	-0.30742	-0.23576	-0.11589	-0.018683	0.023545	-2.816
961	0.020636	-0.018676	-0.060252	-0.11765	-0.14837	0.09956	-0.19072	-0.20512	-0.16242	-0.16779	0.14634	0.2898	0.54287	0.81615	0.70788	-0.12985	-0.71421	-1.009	-1.1023	-0.9198	-0.81982	-0.71605	-0.57967	-0.47908	-0.36096	-0.29009	-0.21347	-0.13521	-0.0010063	0.026566	-2.525
957.71	0.027194	-0.011177	-0.080458	-0.10548	-0.15858	0.09733	-0.21472	-0.22902	-0.18615	-0.24407	0.093642	0.17468	0.48104	0.71633	0.7706	-0.047004	-0.55428	-0.88475	-1.0019	-0.86297	-0.77586	-0.67723	-0.57145	-0.45834	-0.33158	-0.30361	-0.21112	-0.11519	0.0013979	0.032088	-2.2158
961	0.031949	-0.020937	-0.075398	-0.11216	-0.16331	0.10041	-0.21698	-0.24259	-0.20553	-0.20133	-0.12757	0.16582	0.527	0.83975	0.78511	0.16079	-0.41686	-0.77495	-0.89465	-0.81019	-0.72816	-0.65187	-0.58202	-0.42966	-0.32002	-0.29555	-0.19654	-0.10823	0.002195	0.02734	-1.8746
957.92	0.010975	-0.021004	-0.078841	-0.12353	-0.17354	0.069888	-0.22672	-0.25376	-0.23245	-0.37856	0.049307	0.14976	0.38538	0.92925	0.71876	0.22793	-0.29343	-0.68661	-0.81483	-0.75198	-0.70831	-0.61847	-0.52417	-0.42384	-0.31508	-0.27538	-0.19022	-0.13419	-0.0082417	0.021998	-1.529
959.09	0.012581	-0.020222	-0.077945	-0.14064	-0.18302	0.059532	-0.24599	-0.28381	-0.26919	-0.22692	-0.15439	0.0087785	0.44059	0.84141	0.79529	0.29423	-0.18364	-0.55825	-0.72512	-0.68283	-0.64094	-0.59464	-0.51647	-0.40495	-0.29829	-0.26098	-0.18999	-0.1143	-0.011439	0.028168	-1.188
958.45	0.024742	-0.0089014	-0.089188	-0.13445	-0.19813	0.042444	-0.26572	-0.30878	-0.29252	-0.36994	-0.21651	0.00050104	0.32151	0.73154	0.70976	0.39434	-0.06946	-0.47983	-0.63147	-0.63749	-0.61126	-0.55131	-0.49954	-0.40283	-0.28356	-0.25959	-0.18008	-0.11803	-0.013857	0.026637	-0.8319
959.73	0.029564	-0.022473	-0.084279	-0.14055	-0.19611	0.060349	-0.27213	-0.33311	-0.34301	-0.36106	-0.19854	-0.16504	0.20186	0.65179	0.77758	0.46866	0.076713	-0.35347	-0.51599	-0.56264	-0.56297	-0.51185	-0.47534	-0.39431	-0.25934	-0.25378	-0.19603	-0.10911	-0.0058205	0.028924	-0.48042
958.88	0.036877	-0.030047	-0.093942	-0.15009	-0.21919	0.038146	-0.30697	-0.35338	-0.37958	-0.38658	-0.2607	-0.14033	0.19409	0.54986	0.79547	0.61889	0.20781	-0.23736	-0.41088	-0.49323	-0.49141	-0.46695	-0.42317	-0.37628	-0.27225	-0.24775	-0.17768	-0.10117	-0.0066278	0.035148	-0.056012
959.51	0.026333	-0.027762	-0.099469	-0.1649	-0.22697	0.015878	-0.33609	-0.38109	-0.39706	-0.41151	-0.29591	-0.2727	-0.004762	0.58103	0.72616	0.68501	0.27873	-0.15593	-0.33875	-0.43219	-0.44834	-0.43038	-0.40406	-0.34489	-0.25716	-0.2429	-0.16677	-0.096718	-0.011434	0.028931	0.23142
956.86	0.025593	-0.03011	-0.10855	-0.15434	-0.2329	0.027933	-0.34832	-0.39896	-0.42677	-0.61469	-0.58961	-0.40628	0.01914	0.42462	0.78851	0.57014	0.3948	-0.045707	-0.23773	-0.37918	-0.41864	-0.41257	-0.37922	-0.32744	-0.24666	-0.23104	-0.16414	-0.090395	-0.0026213	0.028234	0.62067
959.51	0.036043	-0.017193	-0.098671	-0.17745	-0.24018	0.0064663	-0.37667	-0.42181	-0.46337	-0.52063	-0.49063	-0.47965	-0.12399	0.30525	0.75195	0.82637	0.47515	0.030559	-0.16063	-0.31658	-0.35892	-0.38094	-0.35699	-0.31774	-0.24672	-0.19838	-0.14441	-0.07481	0.00059525	0.026607	0.98701
957.49	0.024767	-0.016475	-0.11888	-0.17075	-0.24687	-0.0029481	-0.38199	-0.46191	-0.4968	-0.53014	-0.54488	-0.33964	-0.084432	0.23483	0.81383	0.69479	0.53056	0.09749	-0.095086	-0.25474	-0.33985	-0.35119	-0.33573	-0.29681	-0.22558	-0.1988	-0.13467	-0.073504	0.0046143	0.024335	1.3776
