13901	6	3	91	22.4	748	1	11	8	3.496	128	4096	10	0	0	0	0	447.43	947.82	1.4478e+006	0.11653	0.15042	40.158	0	0	1	0	0	0	11	0	0
902.76	0.045226	-0.0036085	-0.14322	-0.016274	-0.37101	-0.43709	-0.58639	-0.72621	-0.85344	-1.0611	-1.2363	-1.4167	-1.4503	-1.2033	-0.077108	0.91867	0.90587	0.75943	0.60746	0.28338	0.12481	0.0083226	-0.041289	-0.040191	-0.035558	-0.025686	-0.02329	0.00024904	0.054912	0.07967	5.3592
901.69	0.034084	-0.039758	-0.15358	-0.011286	-0.37051	-0.45127	-0.58949	-0.75511	-0.87824	-1.1606	-1.2284	-1.436	-1.6043	-1.2802	-0.25098	0.84894	0.89589	0.78126	0.63177	0.30141	0.14349	0.034641	-0.041339	-0.032593	-0.031634	-0.026547	-0.012651	-0.001304	0.039618	0.070701	5.6001
901.37	0.039264	-0.023702	-0.15533	-0.01463	-0.39408	-0.49058	-0.5977	-0.77407	-0.91713	-1.2593	-1.5303	-1.5687	-1.7318	-1.4316	-0.21447	0.64561	0.89026	0.80157	0.64013	0.32719	0.14943	0.046932	-0.019641	-0.030904	-0.020535	-0.0099264	-0.0085508	0.026681	0.048168	0.055063	5.897
902.86	0.039201	-0.042113	-0.16272	-0.020442	-0.39155	-0.48705	-0.63346	-0.77534	-0.94019	-1.2929	-1.5654	-1.6717	-1.805	-1.6469	-0.42423	0.66221	0.88624	0.82298	0.6805	0.36819	0.18619	0.077507	0.0012344	-0.0079405	-0.0078267	-0.0016089	0.0062123	0.0064588	0.054056	0.065671	6.1938
905.21	0.028805	-0.0156	-0.16991	-0.012906	-0.41108	-0.4876	-0.61827	-0.79449	-0.95819	-1.3607	-1.4956	-1.834	-1.9182	-1.6427	-0.4778	0.56352	0.86533	0.83354	0.70305	0.38664	0.21004	0.078179	0.0162	-0.0028431	0.012738	0.00087772	0.0037441	0.04592	0.047114	0.072887	6.4876
906.81	0.033035	-0.01797	-0.16708	-0.022843	-0.41315	-0.51118	-0.64502	-0.8235	-0.99811	-1.3494	-1.5117	-1.7783	-2.0663	-1.8899	-0.48605	0.65055	0.85113	0.85017	0.74064	0.43171	0.24484	0.12339	0.027793	0.011524	0.026911	0.012447	-0.00034098	0.022656	0.049577	0.07276	6.8115
908.09	0.040684	-0.024325	-0.1795	-0.021983	-0.41815	-0.51498	-0.65046	-0.84343	-1.0195	-1.3742	-1.6124	-1.9594	-2.1641	-2.0621	-0.7215	0.54418	0.83053	0.87248	0.75494	0.4522	0.27711	0.13714	0.047646	0.030068	0.030814	0.03554	0.038765	0.02417	0.058828	0.062838	7.1232
909.37	0.018426	-0.037831	-0.19946	-0.016156	-0.43893	-0.5305	-0.68524	-0.87679	-1.0726	-1.576	-1.7876	-2.0178	-2.354	-2.2005	-0.96537	0.42054	0.7965	0.86583	0.78615	0.47087	0.28924	0.14652	0.059995	0.035925	0.030771	0.019831	0.033014	0.030298	0.042668	0.057031	7.4863
910.86	0.0098711	-0.050492	-0.18736	-0.022742	-0.45305	-0.55757	-0.70787	-0.90059	-1.0919	-1.5999	-1.794	-2.1977	-2.5679	-2.3795	-1.1177	0.26215	0.75398	0.88424	0.79774	0.49375	0.30878	0.18187	0.083038	0.043435	0.037787	0.041189	0.033773	0.031019	0.040909	0.062647	7.7964
913.31	0.013247	-0.068596	-0.17595	-0.0086696	-0.44629	-0.54888	-0.72966	-0.90991	-1.1214	-1.7455	-1.752	-2.2527	-2.561	-2.5801	-1.2321	0.17407	0.70918	0.88906	0.82371	0.5134	0.32707	0.18484	0.095177	0.072677	0.051783	0.047645	0.051503	0.026332	0.041642	0.056784	8.1684
914.8	0.031049	-0.046314	-0.17567	-0.0078331	-0.43263	-0.58747	-0.7466	-0.93523	-1.1592	-1.7427	-1.9441	-2.4053	-2.7569	-2.8073	-1.4375	0.095281	0.66783	0.90466	0.85364	0.56316	0.36804	0.23122	0.12876	0.093495	0.062643	0.059035	0.061124	0.045438	0.055874	0.059129	8.5584
915.65	0.016603	-0.032034	-0.17466	-0.018513	-0.46083	-0.58244	-0.73725	-0.96448	-1.1985	-1.6971	-2.1834	-2.5072	-3.0125	-3.1597	-1.6253	-0.018113	0.60194	0.9065	0.86807	0.60011	0.40585	0.26122	0.15083	0.12939	0.098518	0.081899	0.082073	0.05458	0.055822	0.059074	8.9302
917.57	0.01657	-0.047754	-0.18515	-0.026677	-0.47552	-0.58122	-0.75929	-0.99085	-1.2355	-1.9393	-2.1788	-2.7183	-3.2058	-3.3838	-1.7657	-0.13984	0.54057	0.9055	0.87585	0.61799	0.4381	0.2736	0.15872	0.1191	0.099871	0.080094	0.074643	0.064392	0.050673	0.070286	9.329
920.23	0.019897	-0.05706	-0.18129	-0.02251	-0.48609	-0.58043	-0.7806	-0.99464	-1.2553	-1.8812	-2.1264	-2.8572	-3.3954	-3.7601	-2.0205	-0.49499	0.46075	0.87612	0.88527	0.65349	0.44921	0.29	0.19262	0.13956	0.11046	0.094523	0.068803	0.056591	0.060561	0.066045	9.7081
923.75	0.015617	-0.026265	-0.19304	-0.02161	-0.4696	-0.58711	-0.78778	-1.0398	-1.305	-1.8392	-2.3665	-3.0613	-3.6054	-3.9177	-2.1914	-0.52768	0.36279	0.89501	0.89937	0.67606	0.49518	0.32313	0.21144	0.15894	0.13017	0.10795	0.078151	0.077615	0.052834	0.054535	10.131
926.73	0.012217	-0.053534	-0.19407	-0.015855	-0.47538	-0.61002	-0.79848	-1.0637	-1.3319	-1.8767	-2.5513	-3.1458	-3.7173	-4.2314	-2.5848	-0.53458	0.28144	0.89301	0.90835	0.70919	0.51407	0.35793	0.23188	0.17909	0.13516	0.10356	0.096261	0.072828	0.043528	0.054359	10.532
930.35	0.015506	-0.040869	-0.20073	-0.0060833	-0.47717	-0.60676	-0.83103	-1.0794	-1.3816	-2.0512	-2.5687	-3.3128	-4.0307	-4.4344	-2.628	-0.87561	0.18317	0.86483	0.90718	0.71758	0.53085	0.36249	0.24635	0.18746	0.14847	0.12733	0.10145	0.072545	0.072309	0.061335	10.893
933.76	-0.0003488	-0.05701	-0.20738	-0.018154	-0.51253	-0.63796	-0.83186	-1.0959	-1.4043	-2.0265	-2.5866	-3.4113	-4.0814	-4.8635	-2.9893	-0.9579	0.063538	0.84673	0.8913	0.72608	0.56144	0.38826	0.25512	0.19826	0.16708	0.1381	0.11059	0.073783	0.056387	0.063498	11.312
937.27	-0.0003475	-0.066842	-0.19353	-0.019691	-0.49799	-0.63031	-0.83644	-1.1343	-1.4258	-2.1564	-2.7763	-3.3223	-4.5055	-5.0389	-3.3125	-1.3375	-0.04378	0.81116	0.88796	0.7523	0.57068	0.40452	0.27665	0.20079	0.17179	0.12639	0.11254	0.081729	0.047965	0.043442	11.7
940.04	0.0021317	-0.048924	-0.18643	-0.023638	-0.50911	-0.65552	-0.88998	-1.1611	-1.4807	-2.1501	-2.7861	-3.397	-4.5734	-5.3457	-3.6976	-1.4184	-0.15367	0.77646	0.89081	0.76707	0.58192	0.43614	0.28545	0.21649	0.18194	0.14595	0.12638	0.083725	0.041276	0.05675	12.122
941.42	-0.0044692	-0.079625	-0.19593	-0.017206	-0.52272	-0.64671	-0.8994	-1.1529	-1.506	-2.3095	-2.8723	-3.6198	-4.7773	-5.6832	-3.8586	-1.7384	-0.29016	0.73521	0.86456	0.77187	0.60527	0.4355	0.30502	0.23164	0.18015	0.1521	0.13484	0.0903	0.046937	0.048776	12.51
943.23	-0.010225	-0.074096	-0.21667	-0.032336	-0.54053	-0.66201	-0.91297	-1.2214	-1.5635	-2.3307	-3.1548	-3.6466	-5.1401	-5.8567	-4.1135	-2.082	-0.42931	0.6929	0.85435	0.79493	0.62423	0.46065	0.32678	0.258	0.20635	0.15817	0.14164	0.088642	0.043584	0.040805	12.908
945.04	-0.011847	-0.077788	-0.19518	-0.019531	-0.5386	-0.68506	-0.91504	-1.2158	-1.5957	-2.3432	-3.0769	-3.8329	-5.3966	-6.2614	-4.4373	-2.306	-0.57278	0.66639	0.8403	0.80438	0.65197	0.48319	0.33412	0.25993	0.20671	0.15945	0.13588	0.091437	0.027214	0.040727	13.295
945.57	-0.019232	-0.064723	-0.20722	-0.013151	-0.53919	-0.70551	-0.91605	-1.2499	-1.6308	-2.4441	-3.3176	-4.0156	-5.5226	-6.7297	-4.7837	-2.4904	-0.70696	0.63476	0.83362	0.82503	0.6773	0.50801	0.35463	0.2841	0.21416	0.19107	0.14911	0.1025	0.044288	0.043848	13.716
945.25	-0.024166	-0.094627	-0.19108	-0.024304	-0.55367	-0.71877	-0.95604	-1.2755	-1.6635	-2.5217	-3.3637	-4.1346	-5.9683	-6.9079	-5.2216	-2.6685	-0.88469	0.56898	0.80519	0.83291	0.66467	0.52324	0.3659	0.27689	0.21726	0.17765	0.15307	0.1018	0.053259	0.043863	14.132
944.08	-0.049692	-0.089374	-0.20592	-0.020348	-0.57047	-0.71706	-0.98167	-1.2852	-1.7361	-2.5163	-3.5117	-4.3332	-6.0727	-7.4049	-5.5076	-2.9508	-1.0538	0.5236	0.77899	0.84409	0.70491	0.5398	0.39107	0.29834	0.22586	0.20327	0.15718	0.098953	0.034577	0.013223	14.527
942.91	-0.050577	-0.088717	-0.22568	-0.021969	-0.57924	-0.73274	-0.99206	-1.3485	-1.7712	-2.6902	-3.7503	-4.465	-6.4442	-7.9674	-5.8468	-3.276	-1.2176	0.45983	0.75429	0.84598	0.70337	0.53376	0.39315	0.29546	0.23297	0.19558	0.14639	0.096847	0.028093	0.014814	14.918
942.06	-0.040732	-0.098023	-0.21287	-0.014797	-0.57528	-0.74648	-1.019	-1.34	-1.7963	-2.7269	-3.7987	-4.6545	-6.7172	-8.1271	-6.1323	-3.6856	-1.3927	0.39141	0.7285	0.85268	0.72174	0.55942	0.40469	0.31524	0.25975	0.20212	0.15124	0.11032	0.039554	0.028236	15.303
940.89	-0.044909	-0.10276	-0.20255	-0.022817	-0.58049	-0.72908	-1.0141	-1.4076	-1.8332	-2.619	-4.02	-4.7532	-7.2606	-8.6193	-6.4467	-3.9277	-1.5744	0.33607	0.7029	0.86815	0.73555	0.58197	0.4268	0.3254	0.2616	0.21273	0.15929	0.10003	0.029788	0.015637	15.668
938.55	-0.062394	-0.10225	-0.21775	-0.022874	-0.55493	-0.72915	-1.0105	-1.4062	-1.885	-2.7285	-3.9577	-4.9428	-7.49	-8.9791	-6.9197	-4.2351	-1.7587	0.27569	0.67964	0.87882	0.76489	0.59185	0.43909	0.35234	0.27368	0.21565	0.17151	0.11447	0.033142	0.02755	16.013
935.67	-0.061756	-0.12346	-0.21678	-0.018921	-0.59908	-0.76297	-1.0352	-1.4122	-1.928	-2.9177	-4.1967	-5.1193	-8.0184	-9.4269	-7.3994	-4.7257	-1.9811	0.20372	0.6394	0.87299	0.77211	0.60127	0.43883	0.34277	0.27452	0.22673	0.18706	0.10883	0.034064	0.021281	16.344
932.69	-0.096086	-0.12463	-0.22322	-0.018981	-0.60008	-0.75397	-1.0509	-1.4528	-1.9944	-2.9356	-4.4013	-5.2463	-8.2076	-9.8704	-7.6706	-5.0745	-2.1443	0.16653	0.60291	0.87407	0.79412	0.61676	0.47171	0.3603	0.27233	0.2379	0.18607	0.10993	0.031701	0.0054179	16.676
929.18	-0.095614	-0.12199	-0.22572	-0.022293	-0.57871	-0.78951	-1.1061	-1.4715	-2.0402	-2.9034	-4.4545	-5.4543	-8.452	-10.217	-8.0547	-5.3084	-2.3569	0.087651	0.56966	0.87995	0.79058	0.6327	0.46782	0.37568	0.27182	0.22992	0.17005	0.10506	0.021054	-0.004158	17.036
924.6	-0.086851	-0.13982	-0.22766	-0.019148	-0.60808	-0.77034	-1.1225	-1.531	-1.9991	-3.1007	-4.449	-5.5414	-8.8816	-10.619	-8.5227	-5.6541	-2.5691	-0.0077925	0.52171	0.88863	0.80271	0.65722	0.48886	0.38914	0.29637	0.23593	0.17729	0.1215	0.014499	0.0078762	17.309
921.3	-0.10317	-0.12932	-0.24345	-0.030655	-0.58916	-0.80784	-1.1132	-1.5573	-2.0881	-3.1468	-4.6309	-5.6302	-9.3522	-11.043	-8.6875	-5.9602	-2.7987	-0.088008	0.48616	0.89614	0.81548	0.65957	0.51104	0.38887	0.30054	0.25304	0.18195	0.12422	0.034599	-0.00096641	17.609
920.02	-0.11682	-0.1476	-0.23796	-0.037242	-0.60376	-0.77328	-1.1249	-1.5403	-2.1216	-3.0286	-4.545	-5.9748	-9.4978	-11.486	-9.2106	-6.2807	-2.9957	-0.15861	0.46451	0.88177	0.83064	0.66908	0.50684	0.40273	0.30485	0.25176	0.18944	0.10992	0.017916	-0.018736	17.874
917.68	-0.11035	-0.16534	-0.23105	-0.028315	-0.58873	-0.7833	-1.1019	-1.5434	-2.1367	-3.3347	-4.862	-6.1285	-9.8379	-11.844	-9.7284	-6.6794	-3.1511	-0.21984	0.42253	0.89533	0.84186	0.69233	0.5229	0.39458	0.3064	0.26058	0.18347	0.11478	0.011254	-0.012305	18.084
914.48	-0.13111	-0.15483	-0.22599	-0.016067	-0.5991	-0.77796	-1.1026	-1.4885	-2.1579	-3.0998	-4.8511	-6.2108	-9.889	-12.175	-9.9067	-7.0343	-3.3414	-0.28075	0.39594	0.91155	0.85145	0.71205	0.53625	0.41858	0.31139	0.25657	0.20029	0.12284	0.018867	-0.010724	18.352
910.01	-0.14541	-0.16276	-0.21869	-0.026072	-0.57419	-0.76285	-1.1484	-1.6288	-2.2019	-3.2389	-4.9496	-6.3373	-9.8454	-12.451	-10.282	-7.2093	-3.5212	-0.3579	0.35839	0.89586	0.85898	0.71902	0.53558	0.43074	0.33414	0.26524	0.20941	0.11575	-0.0021819	-0.017308	18.523
907.13	-0.13474	-0.17685	-0.23965	-0.017856	-0.61141	-0.79603	-1.1369	-1.5588	-2.2097	-3.2847	-5.1057	-6.5063	-10.163	-12.941	-10.614	-7.5928	-3.6962	-0.40428	0.31909	0.9031	0.87175	0.73089	0.54889	0.43971	0.32416	0.2603	0.20355	0.12384	0.0062946	-0.012448	18.73
905.1	-0.14105	-0.16924	-0.25119	-0.028708	-0.57263	-0.78602	-1.0901	-1.6055	-2.2171	-3.3722	-5.2579	-6.5647	-10.388	-13.145	-10.811	-7.7685	-3.8424	-0.46504	0.28739	0.90777	0.87453	0.72204	0.55012	0.42715	0.32567	0.25674	0.20645	0.1156	-0.00049095	-0.026433	18.902
902.44	-0.15609	-0.20586	-0.25957	-0.024621	-0.58649	-0.7656	-1.154	-1.5949	-2.2867	-3.3375	-5.0946	-6.6634	-10.46	-13.209	-10.989	-7.9418	-3.9327	-0.52008	0.27361	0.91133	0.86281	0.73469	0.54674	0.43605	0.3306	0.26082	0.19313	0.11128	0.0046228	-0.025687	19.016
898.17	-0.15424	-0.18748	-0.25057	-0.0063013	-0.55729	-0.78752	-1.17	-1.646	-2.2836	-3.3175	-5.4686	-6.7038	-10.434	-13.499	-11.207	-8.0506	-4.0529	-0.55453	0.26184	0.92366	0.87874	0.73554	0.55185	0.43129	0.33217	0.25288	0.20146	0.094647	0.0046447	-0.032426	19.12
893.69	-0.18108	-0.18275	-0.30497	-0.0097033	-0.57994	-0.80341	-1.1742	-1.614	-2.2594	-3.3702	-5.2205	-6.7286	-10.588	-13.786	-11.337	-8.2874	-4.165	-0.60507	0.23278	0.91043	0.89165	0.74099	0.57146	0.44974	0.32823	0.2617	0.18343	0.095122	-0.0030806	-0.045891	19.203
889.21	-0.19771	-0.24476	-0.26688	-0.01991	-0.58571	-0.81668	-1.1696	-1.6204	-2.3232	-3.5864	-5.2945	-6.9411	-10.642	-13.949	-11.607	-8.4099	-4.2712	-0.62566	0.21746	0.90065	0.87991	0.75806	0.56503	0.42099	0.31863	0.24953	0.18851	0.10191	-0.03079	-0.048629	19.281
884.63	-0.21015	-0.2141	-0.29078	-0.028522	-0.61454	-0.83484	-1.1553	-1.6972	-2.2876	-3.4502	-5.3316	-6.8424	-10.878	-14.15	-11.658	-8.7602	-4.3479	-0.67344	0.18957	0.89089	0.88619	0.75127	0.56626	0.42491	0.30249	0.24405	0.16942	0.089762	-0.0048544	-0.05812	19.349
880.89	-0.19341	-0.21418	-0.32071	-0.024369	-0.59125	-0.82813	-1.1552	-1.6513	-2.2402	-3.4831	-5.306	-6.8173	-10.742	-14.193	-11.811	-8.734	-4.4046	-0.67909	0.1937	0.90101	0.89771	0.74638	0.56695	0.44063	0.31839	0.25954	0.18021	0.094914	-0.022347	-0.046558	19.324
878.01	-0.22676	-0.252	-0.32351	-0.031309	-0.6211	-0.82243	-1.1155	-1.6306	-2.3175	-3.4487	-5.2944	-6.9664	-10.647	-14.231	-11.981	-8.7444	-4.4208	-0.69534	0.1935	0.91487	0.8946	0.74613	0.56538	0.42724	0.32432	0.24418	0.17069	0.082456	-0.030307	-0.051789	19.346
875.45	-0.23097	-0.26019	-0.35246	-0.025382	-0.63064	-0.79765	-1.1558	-1.6642	-2.2305	-3.2564	-5.3293	-7.0321	-10.931	-14.385	-11.912	-8.7883	-4.3918	-0.68519	0.19826	0.9139	0.9189	0.75644	0.57821	0.45562	0.32772	0.25516	0.18809	0.077094	-0.019847	-0.071459	19.336
872.99	-0.26009	-0.27751	-0.31922	-0.038386	-0.64112	-0.84878	-1.2458	-1.675	-2.2478	-3.3855	-5.2859	-6.9609	-10.883	-14.347	-11.965	-8.7033	-4.3892	-0.67677	0.2089	0.90916	0.91453	0.75766	0.56777	0.43847	0.31717	0.24816	0.17167	0.08855	-0.030482	-0.066555	19.319
870.54	-0.25993	-0.25417	-0.35885	-0.023795	-0.6274	-0.86155	-1.2783	-1.6798	-2.2431	-3.2655	-5.3301	-6.8345	-10.555	-14.205	-11.828	-8.737	-4.3919	-0.67397	0.21707	0.93006	0.911	0.75616	0.57629	0.43178	0.3156	0.24455	0.16706	0.087191	-0.034987	-0.076131	19.343
867.87	-0.26967	-0.30502	-0.37231	-0.017797	-0.68483	-0.92	-1.2283	-1.6655	-2.2099	-3.2013	-5.3465	-6.764	-10.578	-14.162	-11.845	-8.7731	-4.3851	-0.67037	0.21943	0.92189	0.89718	0.74938	0.56592	0.434	0.32069	0.24703	0.17098	0.072925	-0.048396	-0.087495	19.351
867.76	-0.29834	-0.33427	-0.3441	-0.034281	-0.74918	-0.87944	-1.2193	-1.6816	-2.0874	-3.211	-5.1906	-6.7923	-10.413	-14.05	-11.733	-8.5534	-4.3548	-0.63261	0.24397	0.94591	0.92267	0.77772	0.57987	0.43758	0.32403	0.24015	0.17782	0.069705	-0.044855	-0.091786	19.321
869.26	-0.29783	-0.3087	-0.30914	-0.022965	-0.69831	-0.93175	-1.2495	-1.617	-2.0651	-3.122	-4.957	-6.8172	-10.316	-14.035	-11.589	-8.5938	-4.2988	-0.5862	0.26127	0.96173	0.95078	0.78548	0.58926	0.45269	0.31771	0.26216	0.17241	0.07039	-0.042122	-0.074535	19.345
870.32	-0.28408	-0.29085	-0.33253	-0.022072	-0.6926	-0.87968	-1.3789	-1.6335	-2.0617	-3.1275	-4.9118	-6.5715	-10.18	-13.844	-11.518	-8.4732	-4.1949	-0.5619	0.26853	0.97247	0.92606	0.76998	0.5894	0.43189	0.32636	0.24978	0.1586	0.075134	-0.037648	-0.083834	19.293
871.18	-0.26063	-0.28058	-0.33396	-0.038466	-0.63955	-0.93347	-1.3643	-1.6961	-2.1658	-3.032	-4.7511	-6.4921	-10.022	-13.622	-11.147	-8.1993	-4.0747	-0.52555	0.307	0.97243	0.93125	0.7665	0.58105	0.42883	0.31783	0.25642	0.16439	0.055757	-0.051745	-0.087163	19.131
872.89	-0.23788	-0.27755	-0.37456	-0.032355	-0.71574	-0.9843	-1.2906	-1.7604	-2.1217	-2.8876	-4.771	-6.2974	-10.247	-13.431	-11.012	-8.1284	-3.9623	-0.48032	0.33161	0.97876	0.93639	0.7659	0.56525	0.41834	0.28771	0.21556	0.14881	0.042001	-0.069274	-0.080181	18.956
875.88	-0.26809	-0.31298	-0.38115	-0.037401	-0.78275	-1.1018	-1.4567	-1.7413	-2.0951	-2.7398	-4.522	-6.1308	-9.724	-13.014	-10.833	-7.7635	-3.8062	-0.41214	0.37068	0.97724	0.91759	0.75155	0.5616	0.39942	0.2802	0.21226	0.12634	0.048259	-0.07519	-0.086695	18.89
878.33	-0.30005	-0.31293	-0.39579	-0.043296	-0.79981	-1.1296	-1.5873	-1.7521	-2.112	-2.723	-4.316	-5.978	-9.3321	-12.513	-10.258	-7.3148	-3.5636	-0.33062	0.41056	0.9636	0.91675	0.73325	0.54375	0.39394	0.2615	0.19033	0.11588	0.022595	-0.079359	-0.10083	18.655
880.04	-0.30035	-0.33043	-0.36194	-0.035513	-0.78961	-1.272	-1.617	-1.915	-2.1339	-2.6627	-4.1919	-5.6054	-9.5047	-11.844	-9.8071	-7.0467	-3.299	-0.23857	0.46394	0.95629	0.89427	0.71026	0.52644	0.36183	0.25449	0.17123	0.098004	0.013792	-0.10107	-0.1057	18.439
881.43	-0.27874	-0.32087	-0.40917	-0.03375	-0.92066	-1.3324	-1.7658	-1.9041	-2.1323	-2.4575	-3.8288	-5.0919	-8.633	-11.345	-9.1647	-6.601	-3.0539	-0.15345	0.50815	0.96112	0.88769	0.69748	0.48719	0.35605	0.23299	0.15735	0.090297	0.0018457	-0.10615	-0.12998	18.241
883.13	-0.28172	-0.29811	-0.34765	-0.041355	-1.1074	-1.3856	-1.6611	-1.8718	-1.9866	-2.5987	-3.4464	-4.8931	-7.9254	-10.339	-8.2225	-5.8382	-2.6663	-0.032325	0.59521	0.95384	0.89027	0.68808	0.50244	0.33975	0.21553	0.1562	0.089283	-0.010852	-0.10158	-0.11627	17.964
884.73	-0.2777	-0.30085	-0.35049	-0.054043	-1.1378	-1.3255	-1.7111	-1.8494	-1.9545	-2.5394	-3.5554	-4.4174	-6.9455	-9.4227	-7.2008	-5.3045	-2.2995	0.095767	0.64471	0.98549	0.8775	0.67253	0.47175	0.3322	0.2305	0.15168	0.085776	-0.0029152	-0.10053	-0.13286	17.756
885.16	-0.26879	-0.29088	-0.53121	-0.083779	-1.1554	-1.464	-1.7314	-1.7386	-2.0856	-2.3197	-3.2275	-4.3255	-6.1322	-8.3591	-6.3214	-4.7249	-1.9513	0.21071	0.7024	0.98772	0.85649	0.66238	0.46387	0.3104	0.19888	0.13298	0.062334	-0.0068697	-0.11178	-0.13027	17.513
885.05	-0.25128	-0.31956	-0.54599	-0.06763	-1.1842	-1.5996	-1.6599	-1.9344	-1.9655	-2.2563	-2.6714	-3.6798	-5.5814	-7.2325	-5.586	-4.1304	-1.627	0.33872	0.76796	0.98063	0.84801	0.64817	0.45032	0.30612	0.19001	0.13385	0.068193	-0.016372	-0.097884	-0.12945	17.205
884.31	-0.27256	-0.39108	-0.67121	-0.065984	-1.2836	-1.3893	-1.7144	-1.8373	-1.7413	-2.1216	-2.7313	-3.1799	-5.0427	-6.2896	-4.9845	-3.6556	-1.3381	0.42719	0.82087	0.97875	0.82641	0.62457	0.42431	0.28385	0.17642	0.091582	0.046498	-0.020349	-0.10754	-0.1304	16.916
884.63	-0.35848	-0.45234	-0.72552	-0.071068	-1.2201	-1.3628	-1.7211	-1.7119	-1.887	-2.3758	-2.7591	-2.8286	-3.6959	-4.8601	-3.7427	-3.0138	-0.94186	0.55972	0.85125	0.97298	0.81237	0.60557	0.42331	0.27249	0.16504	0.097479	0.028083	-0.026678	-0.13969	-0.15219	16.629
884.84	-0.37156	-0.45551	-0.7444	-0.076154	-1.2208	-1.4191	-1.5422	-1.6855	-1.93	-2.1749	-2.4513	-2.5137	-3.0916	-4.2267	-3.4529	-2.4448	-0.70439	0.61339	0.89415	0.9511	0.79072	0.5947	0.40109	0.24731	0.1553	0.092375	0.028914	-0.052803	-0.14226	-0.15803	16.303
885.27	-0.4126	-0.56737	-0.82712	-0.088872	-1.2412	-1.3173	-1.499	-1.6717	-1.9124	-2.1557	-2.1528	-2.4317	-2.487	-3.4816	-2.827	-2.011	-0.45222	0.6984	0.92355	0.93171	0.75689	0.53904	0.36773	0.22296	0.10917	0.052542	-0.0036918	-0.080481	-0.16393	-0.19069	15.967
884.41	-0.49816	-0.58512	-0.81665	-0.071084	-1.1191	-1.2016	-1.498	-1.6508	-1.757	-1.666	-1.8956	-2.0837	-2.567	-2.7669	-2.5966	-1.6791	-0.27768	0.74826	0.93439	0.91366	0.72155	0.52436	0.34426	0.19113	0.08178	0.017847	-0.03883	-0.12493	-0.22673	-0.2564	15.609
885.05	-0.53026	-0.66653	-0.86886	-0.069332	-1.1327	-1.2648	-1.4636	-1.467	-1.5175	-1.7831	-1.7599	-1.9117	-2.1084	-2.3635	-2.3711	-1.218	-0.11128	0.79409	0.94366	0.89046	0.69358	0.49003	0.29893	0.15463	0.055052	-0.014344	-0.074746	-0.15334	-0.26222	-0.29651	15.207
886.23	-0.5243	-0.68199	-0.89192	-0.086226	-1.1264	-1.2742	-1.3916	-1.446	-1.5789	-1.6716	-1.4894	-1.6044	-1.8819	-2.0788	-1.9398	-0.9012	0.047928	0.84213	0.96145	0.86407	0.6541	0.43764	0.25182	0.12244	0.021082	-0.047306	-0.098855	-0.1729	-0.27924	-0.30618	14.858
886.97	-0.58602	-0.71163	-0.90412	-0.050512	-1.0054	-1.1482	-1.4449	-1.412	-1.425	-1.416	-1.5647	-1.6389	-1.5965	-1.8128	-1.7522	-0.73848	0.18695	0.88954	0.95485	0.82825	0.62359	0.40785	0.23888	0.096428	-0.007967	-0.081065	-0.12129	-0.19172	-0.29982	-0.3545	14.472
886.33	-0.53913	-0.69171	-0.87798	-0.05989	-1.0452	-1.2166	-1.2401	-1.3689	-1.3158	-1.4261	-1.3742	-1.4071	-1.7956	-1.5924	-1.5488	-0.56796	0.29513	0.88463	0.95471	0.78473	0.58206	0.368	0.19659	0.05328	-0.030568	-0.078585	-0.14058	-0.22348	-0.353	-0.37739	14.091
885.48	-0.61419	-0.69729	-0.83384	-0.062498	-1.0978	-1.1084	-1.0955	-1.3763	-1.2427	-1.2364	-1.3372	-1.4264	-1.5217	-1.6707	-1.5037	-0.38826	0.39058	0.90588	0.93492	0.74583	0.53288	0.33085	0.15683	0.021319	-0.066946	-0.10998	-0.16828	-0.26563	-0.38463	-0.43146	13.707
886.12	-0.67245	-0.71313	-0.76061	-0.076044	-0.97395	-1.0307	-1.1728	-1.1842	-1.17	-1.2719	-1.2404	-1.2819	-1.5034	-1.5159	-1.3537	-0.17182	0.47503	0.91448	0.92431	0.72008	0.48879	0.28956	0.12443	-0.013278	-0.090305	-0.15219	-0.20239	-0.27809	-0.39303	-0.42612	13.325
887.29	-0.61118	-0.69423	-0.78033	-0.065762	-0.87934	-1.0479	-1.0486	-1.1101	-1.1101	-0.93432	-1.076	-1.1459	-1.3638	-1.5906	-1.1195	-0.20758	0.52534	0.90402	0.90242	0.67326	0.44107	0.25175	0.088634	-0.03312	-0.10389	-0.1503	-0.19962	-0.26904	-0.40205	-0.43058	12.922
887.29	-0.65493	-0.65668	-0.77946	-0.041161	-0.85934	-0.94426	-0.97296	-0.98235	-1.0309	-0.95246	-0.96121	-1.137	-1.467	-1.6758	-1.166	-0.12663	0.59442	0.9105	0.90325	0.65976	0.43423	0.22502	0.060641	-0.045208	-0.12485	-0.17479	-0.2188	-0.29273	-0.39165	-0.42974	12.532
887.93	-0.60899	-0.58117	-0.68486	-0.052152	-0.89108	-0.93619	-0.88697	-0.88156	-0.9785	-0.96084	-0.92227	-1.0825	-1.3027	-1.4532	-1.0165	0.21501	0.63713	0.90799	0.89186	0.63053	0.40398	0.19992	0.049577	-0.05553	-0.1312	-0.18648	-0.21948	-0.3012	-0.40003	-0.4311	12.158
890.71	-0.56002	-0.58911	-0.69735	-0.040158	-0.84277	-0.79135	-0.73522	-0.90548	-0.85419	-0.98498	-0.95753	-1.1326	-1.3672	-1.593	-0.84668	0.11577	0.67385	0.90148	0.87673	0.60438	0.36862	0.17	0.034209	-0.088042	-0.15408	-0.19852	-0.24288	-0.29004	-0.39792	-0.39723	11.792
895.4	-0.55535	-0.58603	-0.6415	-0.046673	-0.71567	-0.76887	-0.67337	-0.72533	-0.84475	-0.86289	-0.93353	-0.9936	-1.4452	-1.7535	-0.92515	0.13298	0.68401	0.90684	0.84264	0.56645	0.34464	0.1435	0.0054489	-0.092713	-0.16845	-0.19581	-0.23747	-0.2893	-0.35974	-0.39764	11.413
900.95	-0.53987	-0.59448	-0.6316	-0.049727	-0.66344	-0.74956	-0.59398	-0.75488	-0.76729	-0.91121	-0.74872	-1.1286	-1.4024	-1.5833	-0.88284	0.28276	0.71211	0.89306	0.81466	0.5045	0.3147	0.11805	-0.01965	-0.12275	-0.18409	-0.20708	-0.24997	-0.29374	-0.3635	-0.39272	11.078
906.17	-0.49991	-0.5351	-0.57892	-0.031166	-0.65028	-0.59035	-0.60727	-0.65246	-0.68613	-0.74596	-0.80062	-0.88537	-1.4617	-1.5825	-0.65022	0.35156	0.73929	0.85893	0.78973	0.51304	0.27602	0.088568	-0.042795	-0.13896	-0.17908	-0.22408	-0.25261	-0.29669	-0.38179	-0.39373	10.677
912.67	-0.46657	-0.48765	-0.46903	-0.025995	-0.50493	-0.59244	-0.47808	-0.57478	-0.68692	-0.65238	-0.86934	-1.0096	-1.3593	-1.7038	-0.63655	0.37531	0.75249	0.85101	0.74955	0.44206	0.24077	0.045486	-0.073007	-0.15895	-0.21934	-0.23973	-0.25244	-0.29611	-0.36474	-0.395	10.304
921.83	-0.44256	-0.4498	-0.45357	-0.040436	-0.50908	-0.48949	-0.49993	-0.54913	-0.61749	-0.69833	-0.85149	-1.3356	-1.412	-1.6459	-0.64811	0.47545	0.7741	0.83454	0.73732	0.41775	0.21037	0.038172	-0.090247	-0.15654	-0.20242	-0.23572	-0.25795	-0.30153	-0.36445	-0.36286	9.9557
930.99	-0.37399	-0.42982	-0.44334	-0.020634	-0.42874	-0.45646	-0.45086	-0.57335	-0.57009	-0.64819	-0.87048	-1.4164	-1.6767	-1.6459	-0.48228	0.43649	0.77389	0.80341	0.71195	0.39907	0.17486	0.0012761	-0.11038	-0.18051	-0.22194	-0.24628	-0.27528	-0.2805	-0.32532	-0.32657	9.5752
937.91	-0.37289	-0.35252	-0.38861	-0.013258	-0.36972	-0.43472	-0.42831	-0.48825	-0.46571	-0.70355	-0.99988	-1.3382	-1.5749	-1.6902	-0.5051	0.43327	0.7837	0.7861	0.69497	0.37145	0.1428	-0.0088525	-0.11759	-0.18898	-0.22106	-0.25885	-0.27798	-0.27992	-0.3098	-0.31307	9.2067
944.29	-0.27909	-0.33019	-0.27971	-0.013168	-0.34932	-0.3492	-0.3223	-0.42654	-0.40381	-0.73289	-1.0291	-1.4553	-1.6208	-1.6467	-0.51916	0.54866	0.78489	0.79035	0.66386	0.33514	0.13782	-0.026375	-0.13752	-0.20149	-0.23396	-0.25393	-0.25965	-0.27061	-0.28488	-0.2842	8.8153
950.04	-0.24472	-0.28322	-0.27801	-0.017843	-0.36322	-0.3445	-0.35755	-0.33364	-0.42784	-0.80477	-1.0854	-1.3127	-1.7153	-1.5731	-0.51603	0.58733	0.80192	0.75533	0.63359	0.31043	0.11141	-0.043696	-0.14937	-0.21721	-0.23254	-0.24766	-0.25497	-0.25938	-0.26534	-0.25042	8.4511
954.82	-0.25813	-0.26738	-0.25496	-0.019329	-0.30299	-0.26712	-0.23943	-0.29586	-0.44972	-0.81762	-1.0978	-1.3977	-1.4911	-1.4623	-0.41841	0.75155	0.81876	0.7481	0.61889	0.28798	0.1029	-0.055069	-0.16044	-0.21853	-0.22838	-0.25191	-0.23664	-0.24708	-0.23419	-0.22893	8.0958
959.5	-0.24311	-0.26306	-0.2625	-0.016097	-0.25572	-0.21791	-0.26157	-0.32875	-0.51306	-0.90597	-1.0393	-1.3826	-1.4043	-1.3133	-0.098321	0.63978	0.81477	0.73248	0.58988	0.26828	0.076277	-0.067161	-0.15809	-0.21507	-0.21385	-0.23897	-0.22855	-0.22542	-0.23545	-0.21775	7.7526
963.11	-0.2293	-0.24177	-0.24878	-0.0050952	-0.19247	-0.19919	-0.2194	-0.34263	-0.53572	-0.83567	-1.1412	-1.2949	-1.5495	-1.4105	-0.28636	0.57936	0.80455	0.70331	0.56558	0.24241	0.043665	-0.093181	-0.17782	-0.23494	-0.24721	-0.25286	-0.25688	-0.23695	-0.22259	-0.20767	7.3835
966.2	-0.20285	-0.17578	-0.15601	-0.0097538	-0.16999	-0.18326	-0.21273	-0.36453	-0.57459	-0.84134	-1.0058	-1.3812	-1.4419	-1.1164	-0.12327	0.7014	0.8115	0.68578	0.53797	0.21439	0.030951	-0.10925	-0.19361	-0.21675	-0.23976	-0.24196	-0.22697	-0.22531	-0.20595	-0.2024	7.0158
968.32	-0.15429	-0.18213	-0.11532	-0.008177	-0.16089	-0.19812	-0.23982	-0.39459	-0.57638	-0.87276	-0.986	-1.2879	-1.3364	-1.1218	-0.14853	0.85647	0.81526	0.66901	0.52239	0.19743	0.001869	-0.12453	-0.2134	-0.22023	-0.24071	-0.2484	-0.23105	-0.21975	-0.18722	-0.16205	6.7025
968.85	-0.13417	-0.14839	-0.076511	-0.0066181	-0.12592	-0.1565	-0.27095	-0.43707	-0.60279	-0.88892	-1.1169	-1.2462	-1.2569	-1.0588	-0.037799	0.68301	0.81323	0.66187	0.48577	0.17591	-0.017729	-0.12935	-0.19852	-0.24146	-0.23541	-0.24517	-0.221	-0.21602	-0.16249	-0.15046	6.4013
968.43	-0.087729	-0.11854	-0.067053	-0.0035136	-0.13644	-0.18284	-0.28597	-0.44834	-0.60611	-0.98911	-1.0911	-1.1565	-1.2338	-0.89528	-0.020776	0.73276	0.81517	0.63419	0.47992	0.15291	-0.019304	-0.14901	-0.20871	-0.22891	-0.22222	-0.2298	-0.21728	-0.17776	-0.13078	-0.10526	6.0727
967.9	-0.090184	-0.070712	-0.065506	-0.0058473	-0.13303	-0.19482	-0.29954	-0.47629	-0.60645	-0.87314	-0.8724	-1.1982	-1.2187	-0.88014	0.11556	0.82385	0.84094	0.63114	0.47033	0.13486	-0.020099	-0.14419	-0.21894	-0.23458	-0.22677	-0.22218	-0.19752	-0.16555	-0.12767	-0.089967	5.7258
968.32	-0.048448	-0.060211	-0.079718	-0.011286	-0.13821	-0.19219	-0.3292	-0.46975	-0.59625	-0.82285	-0.91585	-1.1239	-1.1394	-0.83292	0.021802	0.82349	0.82871	0.60459	0.4421	0.11831	-0.042048	-0.14658	-0.21651	-0.24238	-0.22889	-0.21202	-0.19591	-0.15318	-0.09503	-0.084556	5.4698
967.26	-0.030039	-0.032571	-0.071093	-0.01519	-0.1602	-0.20513	-0.34746	-0.48136	-0.60073	-0.83209	-0.84663	-1.1087	-1.0618	-0.74003	0.072991	0.76664	0.82962	0.57979	0.41528	0.10854	-0.058582	-0.159	-0.2292	-0.23711	-0.21879	-0.22	-0.18847	-0.14538	-0.086383	-0.040866	5.1971
962.9	-0.011628	-0.062806	-0.031634	-0.010568	-0.15478	-0.22651	-0.3685	-0.50183	-0.61266	-0.90277	-0.98274	-1.0724	-1.1379	-0.69627	0.28747	0.86129	0.83576	0.57389	0.39507	0.091631	-0.069886	-0.16711	-0.22554	-0.23102	-0.2027	-0.2101	-0.17934	-0.13949	-0.063599	-0.037192	4.9394
956.74	-0.0043976	-0.016276	-0.051857	0.0011645	-0.17256	-0.27001	-0.38219	-0.51548	-0.62899	-0.78231	-1.0512	-1.0461	-0.97785	-0.66125	0.3324	0.80844	0.83394	0.56129	0.36848	0.071369	-0.079068	-0.18306	-0.23408	-0.25092	-0.21447	-0.20519	-0.189	-0.12867	-0.050335	-0.034325	4.6635
951.52	0.01761	-0.0095139	-0.065024	-0.0083214	-0.17794	-0.27753	-0.38428	-0.50461	-0.64642	-0.94742	-0.83384	-1.152	-1.0153	-0.62515	0.14354	0.87995	0.8377	0.54194	0.36973	0.057501	-0.099452	-0.18157	-0.2322	-0.25149	-0.22091	-0.20395	-0.17915	-0.13232	-0.074873	-0.024362	4.4119
946.74	0.010318	-0.030982	-0.037837	-0.0099542	-0.21543	-0.28153	-0.39155	-0.53306	-0.65829	-0.8246	-0.87395	-0.93134	-0.96402	-0.50053	0.28365	0.89284	0.83951	0.5386	0.34836	0.047677	-0.093537	-0.17831	-0.2286	-0.23415	-0.21824	-0.19073	-0.16286	-0.12559	-0.047615	-0.015068	4.2709
940.67	0.023591	0.0096246	-0.065774	-0.01562	-0.24197	-0.30953	-0.41555	-0.52102	-0.63343	-0.94122	-0.8886	-0.97112	-1.0919	-0.55199	0.1978	0.88164	0.8327	0.5159	0.33423	0.028471	-0.10706	-0.19628	-0.24368	-0.23159	-0.20673	-0.18081	-0.15684	-0.1182	-0.026652	0.010111	4.1025
933.33	0.023776	-0.012805	-0.057261	-0.013323	-0.24478	-0.32076	-0.40104	-0.52184	-0.75097	-0.73287	-0.82282	-1.0554	-0.87163	-0.62113	0.34958	0.95696	0.83105	0.5182	0.32821	0.03639	-0.097324	-0.19358	-0.24801	-0.23095	-0.20912	-0.17581	-0.14539	-0.12138	-0.041702	0.022132	3.9812
926.41	0.049938	0.019155	-0.088287	0.0012026	-0.25847	-0.31695	-0.42195	-0.54972	-0.64159	-0.93833	-0.83812	-0.94319	-0.91107	-0.42991	0.39672	0.88659	0.83477	0.51941	0.32433	0.031494	-0.11362	-0.19844	-0.24824	-0.2335	-0.20142	-0.17388	-0.14408	-0.092791	-0.0046354	0.015881	3.8037
920.23	0.060398	0.00039308	-0.10386	-0.010241	-0.27765	-0.33781	-0.42086	-0.55507	-0.70378	-0.86585	-0.89912	-0.88047	-0.90061	-0.55604	0.39042	0.8145	0.83372	0.5122	0.3002	0.010892	-0.12346	-0.22383	-0.24418	-0.24007	-0.19655	-0.18075	-0.11852	-0.089607	-0.023901	0.020831	3.6945
914.91	0.037835	-0.018602	-0.083535	-0.0078321	-0.25341	-0.33978	-0.43671	-0.55663	-0.7006	-0.8797	-0.77442	-0.86824	-0.83082	-0.35268	0.36565	0.93264	0.83271	0.49454	0.30195	0.011828	-0.12584	-0.20699	-0.23573	-0.2289	-0.18597	-0.17197	-0.12648	-0.090894	-0.0013279	0.042879	3.5974
911.28	0.048209	-0.013907	-0.096477	-0.010342	-0.28316	-0.35014	-0.44557	-0.558	-0.68958	-0.839	-0.86135	-0.93269	-0.88435	-0.40386	0.43046	0.8225	0.83938	0.49381	0.30154	0.008372	-0.13051	-0.20434	-0.23254	-0.23149	-0.18985	-0.17595	-0.13754	-0.068188	0.0012003	0.046311	3.5488
907.13	0.04244	-0.010779	-0.096919	-0.012049	-0.2975	-0.36712	-0.45318	-0.56225	-0.69519	-0.96715	-0.94955	-0.98951	-0.87158	-0.41406	0.36877	0.84385	0.83141	0.48883	0.29564	0.016329	-0.1378	-0.21312	-0.23941	-0.23002	-0.19702	-0.1751	-0.12838	-0.082405	-0.0038845	0.051438	3.4866
903.82	0.040018	-0.021236	-0.10406	-0.012926	-0.2855	-0.35393	-0.46521	-0.57024	-0.69773	-1.0865	-0.90605	-1.0459	-0.84944	-0.41555	0.37924	1.0588	0.85987	0.48971	0.30728	0.0075587	-0.12739	-0.20515	-0.24445	-0.22323	-0.1748	-0.16082	-0.1264	-0.087358	-0.0021968	0.036006	3.4259
901.48	0.035814	-0.033341	-0.12217	-0.0087833	-0.3153	-0.37489	-0.45202	-0.57852	-0.66672	-0.83919	-0.8613	-0.90759	-0.81781	-0.41664	0.39853	0.91111	0.84681	0.48825	0.29343	0.019972	-0.12687	-0.18463	-0.22588	-0.21616	-0.17049	-0.15209	-0.10949	-0.072817	-0.00647	0.0361	3.4259
898.92	0.024688	-0.03263	-0.14809	-0.011321	-0.30585	-0.37596	-0.45892	-0.60659	-0.69578	-0.78781	-0.911	-0.93669	-0.95591	-0.36735	0.60153	0.85156	0.85263	0.49603	0.30242	0.014702	-0.11879	-0.20891	-0.24076	-0.21934	-0.17018	-0.15169	-0.13285	-0.069126	0.0020725	0.03455	3.4593
896.15	0.052491	-0.022224	-0.1229	-0.024794	-0.29737	-0.3533	-0.47804	-0.59478	-0.75489	-0.98799	-0.89486	-1.0282	-0.8312	-0.44443	0.31808	0.90763	0.86297	0.50032	0.323	0.033448	-0.10729	-0.19015	-0.21883	-0.20206	-0.15873	-0.15383	-0.096934	-0.079504	0.0063717	0.05124	3.4578
894.55	0.062132	-0.016597	-0.094001	-0.0054858	-0.29601	-0.37871	-0.46116	-0.58471	-0.69587	-0.91774	-0.85849	-1.0212	-0.82417	-0.41142	0.41085	1.0431	0.85851	0.51222	0.31866	0.039754	-0.10579	-0.17723	-0.22679	-0.19129	-0.16541	-0.14405	-0.1153	-0.05458	0.0046635	0.056315	3.4275
893.69	0.036996	-0.0076981	-0.11895	-0.013072	-0.2859	-0.36254	-0.45918	-0.58527	-0.70398	-0.90959	-0.97332	-1.0755	-0.94442	-0.53024	0.40202	0.8476	0.86362	0.53016	0.32553	0.026396	-0.09824	-0.17651	-0.21522	-0.19062	-0.15997	-0.14503	-0.0972	-0.047577	0.010695	0.045561	3.4396
892.95	0.055286	-0.026359	-0.13106	-0.0080248	-0.31263	-0.38031	-0.4531	-0.60635	-0.73606	-0.8923	-0.94562	-0.90737	-0.87688	-0.37829	0.45776	0.893	0.8755	0.52693	0.33402	0.05323	-0.092371	-0.1802	-0.20781	-0.1882	-0.14729	-0.11577	-0.10142	-0.045262	0.019322	0.035615	3.432
892.84	0.03529	-0.023119	-0.11306	-0.0054963	-0.29563	-0.37668	-0.48143	-0.59527	-0.78586	-0.87436	-0.99328	-1.0943	-0.85989	-0.52229	0.30078	0.85736	0.8653	0.54538	0.34638	0.050555	-0.081325	-0.16871	-0.19519	-0.18307	-0.15131	-0.13509	-0.11138	-0.062533	0.0012251	0.058919	3.4548
893.16	0.042235	-0.0028384	-0.13103	-0.014765	-0.31066	-0.38205	-0.49499	-0.60449	-0.74333	-0.81093	-0.8503	-1.1384	-0.91083	-0.58135	0.29144	1.0089	0.86499	0.54426	0.35201	0.054112	-0.079595	-0.16422	-0.19343	-0.17357	-0.14885	-0.12246	-0.088976	-0.066433	0.023625	0.049746	3.4259
894.44	0.046516	-0.023078	-0.14797	-0.0021204	-0.32628	-0.38151	-0.50395	-0.62247	-0.76295	-0.88181	-1.001	-1.0568	-0.96069	-0.5298	0.40168	0.89151	0.87917	0.5545	0.36134	0.062064	-0.077782	-0.16045	-0.1839	-0.18446	-0.14864	-0.12228	-0.092984	-0.033435	0.021871	0.045523	3.4927
896.25	0.044687	-0.026261	-0.13827	-0.018073	-0.35013	-0.4018	-0.51983	-0.64087	-0.77461	-0.85307	-0.97054	-1.1522	-1.0013	-0.54559	0.44687	0.75613	0.86628	0.55246	0.3647	0.092211	-0.072542	-0.14513	-0.16253	-0.16186	-0.11722	-0.12538	-0.077112	-0.04275	0.0072307	0.050403	3.6839
897.75	0.040288	-0.027833	-0.16194	-0.0054662	-0.33355	-0.42033	-0.52218	-0.64749	-0.77497	-0.99521	-1.0257	-1.1945	-1.1101	-0.5868	0.3267	0.9149	0.88106	0.57074	0.39351	0.086725	-0.05635	-0.13079	-0.16394	-0.14026	-0.11144	-0.1018	-0.078632	-0.026288	0.021791	0.051148	3.8523
898.17	0.02903	-0.029431	-0.15162	-0.0071389	-0.3428	-0.41922	-0.53077	-0.65912	-0.78531	-1.0486	-1.0157	-1.1763	-1.135	-0.62019	0.27144	0.87892	0.89514	0.60794	0.43252	0.11956	-0.014051	-0.096398	-0.1295	-0.12228	-0.10183	-0.081724	-0.053062	-0.032516	0.030349	0.050297	3.9964
899.35	0.029855	-0.027782	-0.15228	-0.014663	-0.34047	-0.43602	-0.53088	-0.65656	-0.7629	-1.1278	-1.0239	-1.1394	-1.1081	-0.6446	0.17938	0.84227	0.88971	0.62358	0.45072	0.13715	-0.015721	-0.082206	-0.12263	-0.10679	-0.091363	-0.099116	-0.050523	-0.023903	0.034587	0.059317	4.1799
900.95	0.041007	0.0012065	-0.12905	-0.017144	-0.34549	-0.4316	-0.53874	-0.67325	-0.83052	-1.0185	-1.2011	-1.2432	-1.1485	-0.71899	0.18823	0.84078	0.90854	0.65436	0.47679	0.16525	0.038249	-0.07767	-0.11573	-0.1066	-0.084056	-0.064835	-0.043865	-0.0044174	0.046485	0.073234	4.3997
902.01	0.053872	-0.018066	-0.14333	-0.0054404	-0.34883	-0.41744	-0.5397	-0.6784	-0.83364	-1.1066	-1.0585	-1.3034	-1.2655	-0.89415	0.16057	0.90173	0.90662	0.68179	0.50306	0.19868	0.052516	-0.052157	-0.085553	-0.09543	-0.060169	-0.058941	-0.038892	-0.026163	0.048135	0.064908	4.6302
903.08	0.051228	-0.0076181	-0.13807	-0.018771	-0.35216	-0.44876	-0.54466	-0.70305	-0.82365	-1.025	-1.1231	-1.3546	-1.2218	-0.94331	0.04165	0.82113	0.90894	0.69462	0.5447	0.2223	0.07768	-0.016196	-0.073782	-0.059689	-0.052969	-0.039785	-0.019185	0.0087838	0.055746	0.080464	4.894
903.61	0.047761	-0.022041	-0.14732	-0.0079301	-0.34728	-0.44667	-0.55471	-0.72298	-0.8379	-1.1759	-1.2164	-1.4681	-1.3308	-1.0013	0.06901	0.88246	0.9101	0.73237	0.56873	0.26191	0.099483	0.0065639	-0.050414	-0.057958	-0.026025	-0.013221	-0.017537	0.005677	0.054011	0.077127	5.1455
