13101	4	3	91	26.4	752.5	1	8	8	0.582	128	4096	10	0	0	0	0	74.493	933.48	1.4165e+006	0.1153	0.02514	40.001	0	0	1	0	0	0	11	0	0
938.04	0.037994	-0.026884	-0.14809	-0.25816	-0.38703	-0.17166	-0.61596	-0.79038	-0.94062	-1.3439	-1.6071	-1.8073	-2.0814	-1.7119	-0.63076	0.38812	0.81196	0.79813	0.6864	0.35713	0.16741	0.041286	-0.035018	-0.066137	-0.049745	-0.065994	-0.046767	-0.017853	0.0070547	0.04065	6.2665
937.94	0.0073689	-0.050053	-0.14157	-0.27264	-0.38347	-0.17869	-0.6414	-0.82886	-1.0007	-1.4642	-1.6888	-1.9769	-2.2361	-2.0264	-0.70997	0.26053	0.77448	0.83585	0.71698	0.398	0.21277	0.091876	-0.007735	-0.049808	-0.047462	-0.053216	-0.037308	-0.016361	0.0021355	0.02402	6.6768
935.6	0.025645	-0.026179	-0.1583	-0.28378	-0.38533	-0.17387	-0.66536	-0.86123	-1.0285	-1.5798	-1.7112	-2.1941	-2.527	-2.3628	-1.082	0.17588	0.73056	0.84497	0.76895	0.457	0.24333	0.11239	0.019599	-0.019636	-0.026176	-0.050948	-0.033446	-0.017149	0.022703	0.025668	7.0234
937.62	0.0048868	-0.046207	-0.17757	-0.29521	-0.41605	-0.17262	-0.67162	-0.90186	-1.0886	-1.6795	-1.9973	-2.291	-2.7168	-2.648	-1.2556	0.10743	0.65463	0.85802	0.79467	0.48666	0.28735	0.1425	0.030798	-0.0089716	-0.010098	-0.027656	-0.012862	-0.02085	0.011162	0.04463	7.4667
939.32	0.019757	-0.039955	-0.17317	-0.30269	-0.4009	-0.20202	-0.67885	-0.91899	-1.1134	-1.7022	-2.0479	-2.4053	-2.8012	-2.9732	-1.5255	-0.10517	0.5882	0.85647	0.82056	0.52826	0.31997	0.1776	0.055582	0.01796	-0.0032277	-0.018031	-0.019926	-0.0029085	0.017696	0.029521	7.8433
936.77	0.020641	-0.032332	-0.15483	-0.29146	-0.42364	-0.19819	-0.70457	-0.93376	-1.1654	-1.81	-2.2076	-2.4881	-3.1182	-3.2234	-1.6793	-0.23324	0.53828	0.86056	0.83455	0.54844	0.34516	0.18821	0.081448	0.024553	0.0089805	-0.01168	-0.0073438	0.0075557	0.02021	0.016119	8.2289
933.15	0.022384	-0.0278	-0.15133	-0.29904	-0.43072	-0.19808	-0.74286	-0.97761	-1.2183	-1.8602	-2.2525	-2.8298	-3.302	-3.398	-1.9422	-0.34532	0.44513	0.8419	0.84879	0.59161	0.39207	0.22538	0.11	0.047636	0.02741	-0.0020869	0.003727	0.02861	0.024411	0.02653	8.6279
931.87	0.012417	-0.04183	-0.16798	-0.31399	-0.45307	-0.21773	-0.76245	-0.99046	-1.2596	-1.8282	-2.5199	-2.9274	-3.5439	-3.8813	-2.2369	-0.46569	0.36435	0.86948	0.85625	0.61127	0.41135	0.2503	0.11984	0.057566	0.032053	0.015603	0.01961	0.018123	0.02527	0.019391	8.9997
931.76	0.014917	-0.041056	-0.16306	-0.30918	-0.46763	-0.25387	-0.77569	-1.0235	-1.2995	-2.0186	-2.5202	-3.175	-3.7653	-4.1495	-2.662	-0.73983	0.23448	0.8458	0.87367	0.63189	0.444	0.28003	0.13763	0.094572	0.05048	0.02043	0.010085	0.010604	0.026098	0.023381	9.397
929.85	0.00075156	-0.042699	-0.16505	-0.31468	-0.44315	-0.25086	-0.77186	-1.0874	-1.3348	-2.0054	-2.6532	-3.3268	-3.8879	-4.589	-2.8272	-1.0846	0.12703	0.8396	0.86916	0.67696	0.48003	0.30527	0.17758	0.098063	0.055968	0.049489	0.041134	0.0061056	0.03774	0.015439	9.8213
930.27	-0.0067598	-0.039566	-0.16579	-0.3032	-0.4593	-0.2481	-0.79477	-1.1042	-1.3795	-2.0391	-2.8072	-3.2911	-4.3944	-4.8876	-3.1539	-1.1442	0.014973	0.80921	0.86876	0.70668	0.50593	0.33232	0.19773	0.12519	0.072089	0.043827	0.040322	0.029452	0.030277	0.020223	10.232
930.27	0.0040912	-0.044236	-0.15838	-0.32505	-0.45839	-0.25163	-0.8219	-1.0951	-1.4248	-2.2036	-2.7798	-3.3423	-4.5092	-5.0745	-3.4199	-1.3243	-0.10197	0.79156	0.86797	0.72126	0.53042	0.34592	0.20824	0.13178	0.082853	0.067996	0.039525	0.039244	0.03193	0.020224	10.618
927.4	-0.015153	-0.052183	-0.16218	-0.30414	-0.47165	-0.26834	-0.8229	-1.1299	-1.4643	-2.2018	-2.8433	-3.5154	-4.7535	-5.5223	-3.6439	-1.6726	-0.23281	0.75507	0.85721	0.73296	0.54762	0.37769	0.23973	0.16193	0.10856	0.065783	0.053209	0.046922	0.024562	0.019485	10.979
926.97	0.0041058	-0.046737	-0.15729	-0.33676	-0.46002	-0.27112	-0.8544	-1.1775	-1.5033	-2.3244	-2.8813	-3.6627	-4.9202	-5.6553	-3.868	-1.8026	-0.30895	0.7386	0.86315	0.75913	0.56589	0.3864	0.23903	0.17357	0.1171	0.073898	0.065204	0.037116	0.043668	0.0082736	11.342
926.87	-0.015162	-0.058465	-0.15979	-0.32056	-0.48378	-0.26938	-0.88406	-1.1702	-1.5354	-2.3421	-3.2298	-3.7231	-5.1183	-6.1209	-4.1977	-2.0266	-0.44371	0.69617	0.84584	0.77471	0.58808	0.41118	0.25449	0.17111	0.12406	0.090077	0.063616	0.041655	0.015442	0.017091	11.698
925.06	-0.015192	-0.054664	-0.16176	-0.34804	-0.49203	-0.26281	-0.88969	-1.2172	-1.5896	-2.3118	-3.2361	-3.885	-5.3674	-6.3944	-4.4556	-2.3153	-0.58951	0.66914	0.83956	0.78227	0.60318	0.43421	0.28672	0.19464	0.13435	0.095117	0.074138	0.050829	0.023792	0.013109	12.051
925.16	-0.032815	-0.071096	-0.17168	-0.34068	-0.48193	-0.27165	-0.88179	-1.2038	-1.5942	-2.5031	-3.3183	-4.1078	-5.507	-6.7124	-4.8206	-2.5824	-0.71449	0.6247	0.83788	0.79339	0.62528	0.45381	0.2753	0.20372	0.14052	0.095106	0.087722	0.047035	0.017966	0.015517	12.373
922.93	-0.030372	-0.07284	-0.16213	-0.32111	-0.50049	-0.26253	-0.89878	-1.2433	-1.6286	-2.5092	-3.4644	-4.1177	-5.9335	-7.0481	-5.011	-2.7357	-0.82828	0.59153	0.82322	0.81779	0.62761	0.45577	0.30614	0.19924	0.14939	0.10021	0.069498	0.055502	0.0080052	-0.0053775	12.694
922.18	-0.040499	-0.089393	-0.15479	-0.31811	-0.48715	-0.28054	-0.9347	-1.2559	-1.6588	-2.616	-3.4579	-4.1469	-6.1285	-7.2588	-5.5159	-3.0494	-0.9843	0.55106	0.81514	0.83057	0.65612	0.48272	0.31047	0.22017	0.14873	0.1011	0.087206	0.052506	0.022198	0.012344	12.976
922.29	-0.035443	-0.076031	-0.16225	-0.3295	-0.49351	-0.2725	-0.9213	-1.3139	-1.6931	-2.572	-3.476	-4.3445	-6.533	-7.6596	-5.6047	-3.2567	-1.1171	0.50917	0.79436	0.83221	0.67498	0.5041	0.31778	0.23593	0.15569	0.099464	0.10163	0.058579	0.016355	0.0067038	13.272
918.88	-0.054164	-0.06922	-0.18869	-0.32744	-0.49442	-0.27351	-0.89646	-1.3021	-1.7259	-2.6605	-3.7384	-4.473	-6.4411	-7.8855	-5.7242	-3.4425	-1.1846	0.49141	0.77256	0.82748	0.68327	0.50425	0.34108	0.2293	0.1625	0.11614	0.076246	0.04812	-0.0011714	-0.026424	13.564
918.77	-0.053326	-0.078687	-0.18705	-0.32175	-0.50919	-0.2932	-0.9209	-1.2781	-1.7277	-2.5906	-3.7573	-4.4735	-6.7988	-8.051	-5.9313	-3.4429	-1.2698	0.46466	0.77585	0.84408	0.69161	0.51894	0.34521	0.24934	0.1633	0.12432	0.088332	0.050413	0.00050423	-0.011063	13.807
920.05	-0.051563	-0.084875	-0.18013	-0.30739	-0.48368	-0.30528	-0.94862	-1.3396	-1.7703	-2.7271	-3.9274	-4.6055	-7.0049	-8.0726	-6.1561	-3.6463	-1.3729	0.43903	0.75484	0.85591	0.6956	0.52423	0.35619	0.26481	0.17784	0.12251	0.096251	0.057197	-0.012042	-0.015084	14.047
917.17	-0.074585	-0.10883	-0.18403	-0.33462	-0.49257	-0.2946	-0.96025	-1.3179	-1.7993	-2.7093	-3.9027	-4.7065	-7.085	-8.5761	-6.3373	-3.9275	-1.4741	0.39298	0.72442	0.87078	0.70689	0.53277	0.36387	0.26564	0.1784	0.14169	0.10059	0.044387	-0.0053696	-0.015132	14.249
917.28	-0.094044	-0.10961	-0.18401	-0.33704	-0.49251	-0.29457	-0.92633	-1.3344	-1.7813	-2.6739	-3.9208	-4.7839	-7.1175	-8.6328	-6.4265	-4.1967	-1.5525	0.35893	0.72193	0.86807	0.71674	0.52668	0.36793	0.26227	0.18539	0.12615	0.095737	0.061191	0.009733	-0.037811	14.472
916.64	-0.084792	-0.14287	-0.19166	-0.31428	-0.48917	-0.28492	-0.93169	-1.3178	-1.7995	-2.7285	-4.0069	-4.8392	-7.3388	-8.8367	-6.6289	-4.0777	-1.628	0.36186	0.72324	0.87912	0.73464	0.54602	0.3764	0.27666	0.19801	0.15158	0.10549	0.063524	-0.017965	-0.034594	14.655
915.26	-0.10189	-0.12647	-0.19279	-0.32545	-0.4816	-0.30778	-0.94256	-1.3525	-1.8128	-2.7062	-4.0686	-4.8205	-7.4999	-9.131	-6.8642	-4.2583	-1.7309	0.30412	0.69067	0.87086	0.72663	0.55289	0.37779	0.26201	0.18112	0.13871	0.090289	0.039123	-0.024716	-0.037895	14.79
917.49	-0.11518	-0.14747	-0.19482	-0.31399	-0.49793	-0.28466	-0.93476	-1.3584	-1.8027	-2.8664	-3.9846	-4.9732	-7.4816	-9.0757	-6.8834	-4.2914	-1.74	0.2998	0.70338	0.86874	0.73148	0.56103	0.39574	0.28726	0.20016	0.13838	0.10297	0.052774	-0.014595	-0.04266	14.95
916.11	-0.13908	-0.16114	-0.21937	-0.31611	-0.49499	-0.27702	-0.93775	-1.3236	-1.7925	-2.818	-4.176	-4.9461	-7.5679	-9.139	-6.9119	-4.3502	-1.8237	0.27158	0.69243	0.87615	0.73921	0.56964	0.3988	0.28686	0.19734	0.14022	0.10474	0.045971	-0.028896	-0.03867	15.096
917.07	-0.15672	-0.1665	-0.23668	-0.32234	-0.42721	-0.2839	-0.92182	-1.3297	-1.8164	-2.7711	-4.1161	-5.0622	-7.7596	-9.2448	-7.1655	-4.5719	-1.8878	0.25339	0.67251	0.85522	0.74258	0.57077	0.39346	0.28489	0.18154	0.13762	0.098176	0.038282	-0.039775	-0.053213	15.19
916.85	-0.172	-0.19418	-0.24593	-0.33145	-0.45219	-0.25263	-0.91496	-1.3275	-1.8378	-2.6751	-4.0522	-5.072	-7.7198	-9.3459	-7.2211	-4.5642	-1.9158	0.23465	0.65747	0.86934	0.75269	0.57522	0.40094	0.29331	0.2042	0.14992	0.10385	0.030648	-0.029711	-0.058898	15.3
915.47	-0.1765	-0.19131	-0.2463	-0.3484	-0.44642	-0.2288	-0.85095	-1.3212	-1.818	-2.8552	-3.9749	-5.0363	-7.8314	-9.2857	-7.25	-4.6234	-1.9246	0.23142	0.66567	0.85932	0.74222	0.56659	0.3851	0.27702	0.19982	0.1436	0.090268	0.032224	-0.046567	-0.077653	15.386
915.58	-0.20192	-0.21819	-0.25715	-0.34753	-0.43437	-0.24222	-0.86582	-1.3227	-1.7709	-2.8108	-4.0672	-5.0531	-7.8555	-9.3672	-7.1771	-4.71	-1.9244	0.22512	0.65918	0.87579	0.74213	0.57688	0.39163	0.29121	0.19199	0.13785	0.099954	0.022271	-0.054966	-0.084948	15.437
913.76	-0.18703	-0.20673	-0.26017	-0.3301	-0.45372	-0.23102	-0.8628	-1.3186	-1.7793	-2.6842	-4.1031	-5.1413	-7.6624	-9.2534	-7.0469	-4.5796	-1.9014	0.25341	0.65969	0.88276	0.7544	0.56764	0.399	0.27585	0.20098	0.12664	0.088009	0.036887	-0.046653	-0.068854	15.467
912.81	-0.21785	-0.24344	-0.25877	-0.35518	-0.46068	-0.21058	-0.82736	-1.2999	-1.7593	-2.7047	-3.9214	-5.0162	-7.6955	-9.3045	-6.9911	-4.5844	-1.8496	0.26087	0.67485	0.87495	0.74522	0.55351	0.39694	0.27195	0.17768	0.13005	0.081616	0.027712	-0.064408	-0.097415	15.482
914.08	-0.24133	-0.25578	-0.28439	-0.37033	-0.44802	-0.22107	-0.85855	-1.2721	-1.7544	-2.7802	-3.9252	-4.9484	-7.7265	-9.275	-6.9723	-4.6217	-1.889	0.25243	0.6731	0.87896	0.75082	0.55966	0.39886	0.28498	0.19543	0.12987	0.076646	0.021541	-0.067685	-0.10378	15.518
916.53	-0.24068	-0.25589	-0.28614	-0.37263	-0.45696	-0.21779	-0.85626	-1.2252	-1.7303	-2.6585	-4.0629	-4.8831	-7.6143	-8.978	-7.1066	-4.5658	-1.8622	0.26339	0.6809	0.87661	0.74218	0.57628	0.39205	0.28255	0.19101	0.13198	0.082091	0.023777	-0.049872	-0.10107	15.518
914.94	-0.25892	-0.28562	-0.30673	-0.39632	-0.49562	-0.22803	-0.85854	-1.2382	-1.6792	-2.6807	-3.9308	-4.883	-7.5442	-9.0432	-6.9838	-4.5476	-1.8051	0.2791	0.69171	0.88774	0.75427	0.5721	0.39191	0.2688	0.18196	0.12648	0.079	0.013864	-0.073511	-0.10206	15.501
914.83	-0.27763	-0.28407	-0.32352	-0.42187	-0.51231	-0.24332	-0.84366	-1.1831	-1.6672	-2.549	-3.9684	-4.8749	-7.4284	-9.0526	-6.8223	-4.5045	-1.7827	0.28093	0.69179	0.87737	0.7527	0.55834	0.38866	0.27637	0.17495	0.12403	0.074967	0.0054389	-0.077723	-0.11913	15.485
911.74	-0.26579	-0.28107	-0.35906	-0.41339	-0.55389	-0.30806	-0.82121	-1.1678	-1.6145	-2.5223	-3.7956	-4.7084	-7.2862	-8.6852	-6.7007	-4.2747	-1.6854	0.31789	0.71827	0.8821	0.74026	0.55936	0.38337	0.27647	0.17397	0.10801	0.063861	-0.0060704	-0.095711	-0.12279	15.467
913.87	-0.31955	-0.36283	-0.37751	-0.52939	-0.59421	-0.31093	-0.84218	-1.1567	-1.6018	-2.5076	-3.7774	-4.7322	-7.2025	-8.6153	-6.5227	-4.0988	-1.6103	0.3432	0.7182	0.87131	0.73521	0.55287	0.37589	0.27666	0.16652	0.11022	0.059665	7.5865e-005	-0.096331	-0.15096	15.485
912.38	-0.35922	-0.4952	-0.43355	-0.55253	-0.57759	-0.31054	-0.86016	-1.1678	-1.6206	-2.547	-3.4486	-4.6616	-6.6291	-7.8753	-6.1717	-3.8256	-1.4743	0.38964	0.75395	0.86661	0.72975	0.53297	0.36743	0.24521	0.16522	0.10054	0.047597	-0.011442	-0.10492	-0.13574	15.485
912.27	-0.3533	-0.35791	-0.40504	-0.53362	-0.56098	-0.37536	-0.86421	-1.1831	-1.543	-2.2383	-3.3466	-4.3051	-6.1616	-7.2713	-5.621	-3.3799	-1.2604	0.44278	0.78057	0.86059	0.69904	0.5157	0.34437	0.23096	0.14172	0.079196	0.039493	-0.029878	-0.12181	-0.15856	15.347
913.87	-0.35269	-0.35411	-0.4102	-0.52692	-0.63674	-0.34057	-0.88322	-1.1701	-1.4974	-2.252	-3.2014	-4.0108	-5.8504	-6.8201	-5.2592	-3.1121	-1.0897	0.49499	0.78964	0.85122	0.68618	0.51393	0.32894	0.21546	0.13834	0.071677	0.031328	-0.034428	-0.1418	-0.16641	15.159
914.19	-0.38484	-0.4451	-0.54749	-0.57531	-0.70769	-0.38804	-0.91131	-1.111	-1.4442	-2.1455	-2.9959	-3.7487	-5.4562	-6.5862	-5.0047	-2.9713	-0.96022	0.53612	0.80942	0.84045	0.67597	0.49472	0.33294	0.21036	0.12734	0.069193	0.017562	-0.040546	-0.1468	-0.18098	14.975
912.59	-0.36679	-0.46096	-0.53334	-0.62829	-0.67837	-0.33296	-0.8157	-0.98536	-1.356	-2.0521	-2.9546	-3.7639	-5.3655	-6.4817	-4.8508	-2.7841	-0.84773	0.57304	0.80843	0.81918	0.64554	0.47133	0.29888	0.18722	0.10092	0.053711	0.0021905	-0.055974	-0.15549	-0.19839	14.777
909.72	-0.4149	-0.47356	-0.54935	-0.57897	-0.67495	-0.3295	-0.77309	-1.0179	-1.3294	-1.9612	-3.0386	-3.444	-5.0974	-6.228	-4.5488	-2.4684	-0.70978	0.61636	0.81986	0.81212	0.62003	0.42762	0.28411	0.16003	0.086298	0.028342	-0.010815	-0.072326	-0.16783	-0.24068	14.572
916.96	-0.33795	-0.3782	-0.48485	-0.61626	-0.71477	-0.35912	-0.76855	-0.90881	-1.2366	-1.9457	-2.709	-3.3475	-4.9074	-5.9149	-4.4409	-2.2748	-0.60057	0.6285	0.81898	0.79178	0.61845	0.43632	0.25806	0.15208	0.073916	0.016675	-0.017185	-0.079396	-0.16314	-0.2015	14.356
920.05	-0.4018	-0.41392	-0.52236	-0.59456	-0.64349	-0.31688	-0.70326	-0.89743	-1.1946	-1.9042	-2.7738	-3.4485	-4.9158	-5.8786	-4.193	-2.1804	-0.52028	0.66921	0.82898	0.78739	0.60812	0.40735	0.24328	0.14407	0.062008	0.021506	-0.021951	-0.082939	-0.16761	-0.22344	14.124
918.98	-0.41409	-0.4412	-0.60383	-0.63211	-0.60745	-0.27259	-0.63736	-0.85512	-1.1348	-1.7399	-2.5367	-3.2364	-4.6061	-5.614	-3.8927	-1.9832	-0.3975	0.70482	0.8507	0.76746	0.58816	0.38631	0.23865	0.13007	0.062077	0.014192	-0.034857	-0.095235	-0.18623	-0.23663	13.861
914.62	-0.38211	-0.36491	-0.45761	-0.54871	-0.58356	-0.2335	-0.7303	-0.89858	-1.1734	-1.6425	-2.5303	-3.2779	-4.5114	-5.5085	-3.7039	-1.7745	-0.30893	0.71267	0.85716	0.74321	0.55693	0.37865	0.22662	0.11393	0.048298	0.0011483	-0.034214	-0.091858	-0.1888	-0.2337	13.601
913.87	-0.3187	-0.36125	-0.42362	-0.52445	-0.49435	-0.18968	-0.67329	-0.91943	-1.2148	-1.8377	-2.5881	-3.0198	-4.248	-5.0994	-3.4993	-1.514	-0.23709	0.73301	0.85465	0.76477	0.54742	0.37982	0.21775	0.11319	0.0546	0.0077095	-0.047195	-0.077364	-0.16454	-0.20137	13.303
918.88	-0.29668	-0.3246	-0.36045	-0.46507	-0.4981	-0.19758	-0.64293	-0.8719	-1.2002	-1.9241	-2.6387	-3.1849	-4.1667	-5.195	-3.4084	-1.471	-0.17994	0.76743	0.86357	0.73802	0.55105	0.35538	0.21656	0.11424	0.04963	0.026427	-0.03003	-0.072367	-0.14605	-0.17278	13.024
923.99	-0.23118	-0.26872	-0.3228	-0.42909	-0.41669	-0.14141	-0.62923	-0.92345	-1.2544	-2.0007	-2.6608	-3.2533	-4.284	-5.1253	-3.3807	-1.4715	-0.15904	0.75075	0.87228	0.73221	0.53649	0.35084	0.20233	0.11858	0.063291	0.011681	-0.021055	-0.059834	-0.12526	-0.13644	12.72
921.54	-0.21325	-0.24114	-0.24468	-0.30118	-0.35545	-0.17385	-0.6669	-0.9176	-1.2818	-1.8399	-2.7601	-3.2792	-4.3699	-5.2374	-3.4254	-1.5534	-0.17693	0.78036	0.85948	0.7281	0.53215	0.3492	0.20858	0.11225	0.052593	0.010085	-0.017902	-0.053909	-0.10889	-0.12552	12.417
918.88	-0.13698	-0.18745	-0.28124	-0.27829	-0.39418	-0.14041	-0.65314	-0.90942	-1.2605	-2.0556	-2.6572	-3.4529	-4.5818	-5.2608	-3.4443	-1.4189	-0.14742	0.76743	0.87873	0.73194	0.54195	0.34763	0.19854	0.11257	0.045739	0.019903	-0.013927	-0.036525	-0.065656	-0.083026	12.08
915.79	-0.13574	-0.13826	-0.16842	-0.25539	-0.36137	-0.13819	-0.69787	-1.0037	-1.3561	-2.1593	-2.6661	-3.3865	-4.5639	-5.2208	-3.537	-1.5196	-0.13872	0.78078	0.8793	0.72657	0.52803	0.34535	0.20003	0.1071	0.034179	0.010149	-0.010743	-0.029763	-0.086886	-0.10115	11.734
921.65	-0.079276	-0.10438	-0.14075	-0.2309	-0.33066	-0.17917	-0.71221	-1.0189	-1.3715	-2.0669	-2.8426	-3.3391	-4.4687	-5.1712	-3.3177	-1.3714	-0.098768	0.79541	0.88962	0.72715	0.54115	0.35002	0.20039	0.11972	0.067331	0.03448	0.019828	-0.010567	-0.032898	-0.042468	11.403
927.08	-0.029397	-0.050639	-0.11926	-0.23199	-0.38887	-0.18343	-0.74694	-1.027	-1.3491	-2.2112	-2.7985	-3.2939	-4.352	-4.986	-3.3249	-1.2859	-0.027121	0.79783	0.8765	0.72203	0.51422	0.33347	0.19516	0.10745	0.055364	0.030236	0.0077407	-0.011261	-0.013613	-0.02619	11.018
924.95	-0.011836	-0.05467	-0.14687	-0.27972	-0.4254	-0.21758	-0.77517	-1.0633	-1.3682	-2.1031	-2.7315	-3.4131	-4.2631	-4.932	-2.9759	-1.3492	-0.006477	0.81476	0.87614	0.70816	0.50227	0.31116	0.18503	0.1019	0.046985	0.027064	0.004561	-0.0021965	0.0046584	0.0074874	10.605
919.62	0.012582	-0.029785	-0.13522	-0.27234	-0.415	-0.21081	-0.7726	-1.0561	-1.3577	-2.0189	-2.7935	-3.3292	-4.2794	-4.6975	-3.0021	-1.062	0.080125	0.8159	0.88201	0.6949	0.48702	0.31726	0.18528	0.086656	0.054259	0.0068467	0.012632	0.02065	-0.0011705	0.0083382	10.274
919.62	0.015115	-0.037661	-0.13689	-0.27643	-0.42878	-0.21527	-0.75613	-1.027	-1.3327	-2.0014	-2.655	-3.3378	-4.0058	-4.64	-2.8676	-1.0186	0.12678	0.84714	0.886	0.67234	0.47711	0.30264	0.15336	0.081658	0.033257	0.013366	0.0094131	0.0031244	0.0038507	0.0083398	9.8999
922.18	0.033597	-0.04541	-0.15562	-0.3075	-0.43309	-0.20666	-0.76342	-1.0308	-1.3058	-1.926	-2.5372	-3.1907	-3.7382	-4.2254	-2.5555	-0.79942	0.20867	0.83768	0.86843	0.66182	0.44861	0.27093	0.14803	0.071462	0.026185	0.012515	0.013397	-0.0029625	-0.0028369	0.017984	9.5223
924.42	0.011676	-0.022579	-0.13204	-0.27744	-0.41376	-0.19196	-0.73271	-1.01	-1.2562	-1.93	-2.4575	-3.0799	-3.7127	-4.0843	-2.3888	-0.668	0.30679	0.87383	0.87029	0.63605	0.41302	0.25146	0.12081	0.050571	0.016838	-0.0029184	-0.010643	0.0068991	-0.0011644	0.021156	9.1251
927.19	0.030064	-0.025637	-0.14156	-0.25713	-0.41708	-0.19404	-0.72663	-1.0029	-1.2349	-1.7679	-2.3311	-2.8308	-3.4877	-3.7867	-2.0169	-0.51969	0.39511	0.8606	0.85108	0.59198	0.39214	0.23024	0.11233	0.032242	0.015244	0.0027485	-0.011409	0.0068785	0.031209	0.037921	8.7322
927.61	0.019168	-0.034994	-0.14149	-0.28784	-0.41962	-0.21784	-0.70219	-0.95619	-1.1809	-1.6629	-2.2294	-2.7525	-3.3135	-3.3856	-1.9449	-0.33019	0.47421	0.8664	0.83962	0.57106	0.36903	0.21223	0.092802	0.024795	0.0021275	-0.010179	-0.024962	-0.0059665	0.027875	0.033899	8.3468
926.76	0.020025	-0.022521	-0.1656	-0.26862	-0.36986	-0.17553	-0.69039	-0.90747	-1.166	-1.8035	-2.2222	-2.5236	-2.9462	-3.2093	-1.5462	-0.22715	0.53086	0.87162	0.82219	0.54747	0.3366	0.17233	0.062833	0.009937	-0.023337	-0.026362	-0.028179	-0.0044607	0.025411	0.026712	7.9355
928.14	0.015813	-0.011563	-0.16617	-0.27065	-0.38661	-0.1735	-0.67226	-0.90942	-1.1244	-1.7227	-2.0909	-2.5198	-2.9336	-3.0579	-1.4905	0.0053273	0.60188	0.86944	0.80595	0.52086	0.31237	0.15163	0.057873	-0.0049352	-0.028698	-0.031977	-0.03531	-0.021819	0.016251	0.022672	7.5665
927.82	0.018329	-0.042012	-0.14807	-0.25857	-0.38128	-0.17975	-0.65617	-0.86679	-1.0786	-1.541	-1.8353	-2.2467	-2.688	-2.7493	-1.3311	0.091342	0.65989	0.85824	0.7833	0.49008	0.28547	0.13293	0.023819	-0.014845	-0.033333	-0.042488	-0.033727	-0.026355	0.021234	0.033891	7.1353
928.89	0.035026	-0.027928	-0.1248	-0.25098	-0.3681	-0.15745	-0.64144	-0.83858	-1.0447	-1.5392	-1.7601	-2.1672	-2.4796	-2.4206	-1.072	0.28884	0.70944	0.84842	0.76661	0.44312	0.2549	0.1149	0.01326	-0.030497	-0.041765	-0.040826	-0.035281	-0.029343	0.020382	0.025853	6.7313
930.49	0.027454	-0.0076429	-0.12377	-0.25055	-0.3702	-0.14836	-0.61011	-0.81244	-0.98165	-1.5366	-1.7388	-2.0098	-2.2294	-2.2214	-0.99043	0.32267	0.75845	0.82932	0.73533	0.41577	0.21529	0.079014	-0.007797	-0.052677	-0.065523	-0.064918	-0.051917	-0.019503	0.0087667	0.048965	6.3483
933.89	0.043152	-0.025453	-0.12742	-0.24561	-0.34804	-0.12409	-0.59553	-0.79307	-0.94321	-1.3412	-1.5688	-1.7728	-2.0661	-1.9057	-0.73954	0.37275	0.79506	0.80607	0.70281	0.37409	0.18116	0.060944	-0.028726	-0.06561	-0.066049	-0.068695	-0.054896	-0.038191	0.029335	0.025715	5.9591
934	0.032339	-0.016142	-0.11592	-0.2625	-0.35704	-0.11528	-0.58774	-0.75033	-0.89954	-1.3583	-1.505	-1.7215	-1.9515	-1.7193	-0.65115	0.73156	0.82614	0.79016	0.67288	0.3262	0.13887	0.026228	-0.047259	-0.08611	-0.077528	-0.087143	-0.059645	-0.034434	0.0029664	0.051964	5.5456
934.96	0.019849	-0.027748	-0.13219	-0.23406	-0.34403	-0.13887	-0.56476	-0.73154	-0.85589	-1.2535	-1.5488	-1.6263	-1.8027	-1.5801	-0.33292	0.56865	0.84578	0.77092	0.62277	0.29685	0.10055	-0.0067827	-0.064922	-0.10323	-0.10422	-0.095069	-0.069078	-0.028404	0.017778	0.020917	5.1819
932.93	0.014066	-0.02315	-0.12673	-0.22811	-0.31488	-0.12245	-0.54821	-0.71177	-0.8292	-1.2217	-1.3065	-1.5277	-1.5123	-1.2593	-0.20987	0.65542	0.85829	0.73476	0.58717	0.24531	0.071466	-0.03307	-0.10137	-0.1207	-0.11058	-0.10411	-0.066056	-0.040483	0.001321	0.026539	4.7894
936.45	0.034744	-0.033118	-0.13034	-0.23127	-0.3137	-0.086934	-0.53075	-0.66656	-0.79054	-1.0279	-1.2018	-1.3438	-1.3844	-1.0285	-0.14743	0.86601	0.84689	0.6873	0.5223	0.2069	0.039573	-0.066723	-0.12752	-0.12924	-0.11781	-0.10692	-0.074498	-0.070261	0.018571	0.031199	4.3937
935.49	0.023989	-0.027732	-0.1272	-0.22105	-0.3357	-0.093167	-0.48272	-0.66315	-0.76208	-1.0375	-1.1758	-1.2348	-1.182	-0.9003	0.019937	0.84983	0.84202	0.65641	0.48206	0.16787	-0.00016241	-0.1006	-0.1373	-0.16295	-0.13781	-0.12386	-0.095135	-0.053854	0.012012	0.040761	4.0737
937.19	0.036372	-0.017635	-0.12206	-0.21583	-0.30353	-0.09212	-0.46953	-0.6317	-0.74491	-1.0013	-1.0197	-1.2326	-1.1555	-0.64858	0.23991	0.83126	0.84294	0.60442	0.4217	0.10966	-0.042295	-0.13248	-0.19167	-0.16429	-0.13832	-0.13243	-0.1068	-0.051514	0.01199	0.039102	3.6869
940.7	0.034586	-0.0075599	-0.12568	-0.21022	-0.31677	-0.069962	-0.48081	-0.60816	-0.72955	-0.88622	-0.99779	-1.0253	-0.89171	-0.55776	0.30038	0.91298	0.83817	0.52625	0.36165	0.06344	-0.073619	-0.16813	-0.18535	-0.17671	-0.16745	-0.15424	-0.11034	-0.075158	0.010308	0.051594	3.3804
941.98	0.024647	-0.019082	-0.11737	-0.20275	-0.28226	-0.079451	-0.44647	-0.5683	-0.68536	-0.81662	-0.9063	-0.93115	-0.88241	-0.42056	0.4138	0.8355	0.8167	0.49155	0.31054	0.024382	-0.10657	-0.18637	-0.21946	-0.20981	-0.15204	-0.15801	-0.12825	-0.070592	-0.0052282	0.030227	3.0602
940.6	0.033764	-0.03143	-0.11266	-0.20144	-0.27459	-0.069096	-0.43179	-0.57158	-0.67615	-0.76643	-0.83541	-0.9494	-0.67288	-0.37295	0.55471	0.87065	0.78858	0.43206	0.24705	-0.017155	-0.15517	-0.21018	-0.23099	-0.22886	-0.18801	-0.16701	-0.13001	-0.060267	-0.0052359	0.018422	2.7172
941.02	0.027146	-0.016025	-0.11098	-0.18215	-0.27895	-0.064703	-0.4247	-0.55178	-0.6216	-0.84313	-0.71772	-0.88988	-0.56721	-0.083556	0.5895	0.75155	0.75729	0.38302	0.18458	-0.067182	-0.17931	-0.23109	-0.25808	-0.22875	-0.19096	-0.17728	-0.13467	-0.065452	0.0013096	0.033416	2.4135
941.87	0.01723	-0.0037049	-0.10031	-0.18838	-0.2787	-0.058546	-0.40287	-0.52851	-0.58019	-0.67987	-0.81624	-0.7204	-0.5019	-0.0353	0.57146	0.87795	0.73383	0.33735	0.15093	-0.11542	-0.20978	-0.26698	-0.28102	-0.25051	-0.2037	-0.19065	-0.12905	-0.058698	0.00049186	0.02234	2.1462
942.51	0.042757	-0.028292	-0.085607	-0.17708	-0.24175	-0.037604	-0.39648	-0.53465	-0.55154	-0.72215	-0.61749	-0.67778	-0.40446	0.085041	0.62359	0.79269	0.68212	0.28139	0.080004	-0.13905	-0.25234	-0.28526	-0.28163	-0.26578	-0.20811	-0.18337	-0.12896	-0.055683	0.0045747	0.023904	1.8546
945.28	0.032776	-0.0090548	-0.094273	-0.1893	-0.24194	-0.053992	-0.3793	-0.5185	-0.52566	-0.65186	-0.56176	-0.62537	-0.36292	0.15676	0.61302	0.95078	0.64284	0.22759	0.038645	-0.19267	-0.27329	-0.28944	-0.31027	-0.27959	-0.21583	-0.21771	-0.12389	-0.081465	-0.012536	0.024618	1.6283
945.81	0.022905	-0.01977	-0.11528	-0.18203	-0.23466	-0.055698	-0.37756	-0.47285	-0.51442	-0.68557	-0.56148	-0.54944	-0.2095	0.19664	0.67372	0.82369	0.60522	0.17019	-0.01644	-0.22547	-0.29	-0.33108	-0.32363	-0.2843	-0.23159	-0.21363	-0.13321	-0.09105	0.0037441	0.023034	1.3715
944.11	0.033638	-0.023641	-0.10088	-0.1704	-0.22613	-0.048842	-0.35303	-0.45179	-0.48713	-0.57589	-0.50851	-0.34007	-0.10485	0.37319	0.77104	0.82517	0.53409	0.10007	-0.08251	-0.27575	-0.3436	-0.35429	-0.33537	-0.284	-0.23503	-0.18941	-0.14363	-0.084535	-0.0068457	0.025437	1.1299
943.9	0.037758	-0.024415	-0.085483	-0.15528	-0.2235	-0.033202	-0.35005	-0.44215	-0.4653	-0.55041	-0.47266	-0.38224	-0.024071	0.42132	0.78868	0.83381	0.49931	0.042699	-0.13615	-0.30794	-0.35655	-0.3728	-0.36176	-0.30841	-0.24949	-0.20136	-0.15542	-0.086038	-0.010924	0.029377	0.91557
944.75	0.03526	-0.0006288	-0.093515	-0.16072	-0.2224	-0.02622	-0.35279	-0.43283	-0.4453	-0.49876	-0.4093	-0.31463	-0.01598	0.53299	0.76178	0.65565	0.4648	0.02094	-0.16786	-0.31864	-0.38919	-0.38585	-0.37658	-0.32111	-0.2326	-0.22894	-0.15215	-0.082996	-0.0060286	0.037216	0.72404
947.62	0.029416	-0.02814	-0.091614	-0.14991	-0.21281	-0.0044856	-0.32813	-0.4008	-0.426	-0.44626	-0.37222	-0.37236	-0.023976	0.50741	0.73336	0.7379	0.40276	-0.038025	-0.20063	-0.37073	-0.40724	-0.40388	-0.37544	-0.29831	-0.25379	-0.21955	-0.16262	-0.10271	0.0077966	0.028478	0.58722
946.56	0.036012	-0.017461	-0.08848	-0.15008	-0.21572	-0.010561	-0.32849	-0.4053	-0.41475	-0.42973	-0.32779	-0.30563	-0.048179	0.51598	0.72547	0.66284	0.37165	-0.077091	-0.25743	-0.38379	-0.42374	-0.42104	-0.37506	-0.33749	-0.25634	-0.24513	-0.16749	-0.11023	-0.019022	0.013597	0.3774
947.83	0.03105	-0.021257	-0.091594	-0.13796	-0.20296	-0.0053501	-0.32577	-0.40071	-0.38375	-0.42915	-0.31838	-0.25493	0.12892	0.51528	0.86371	0.67038	0.34205	-0.10557	-0.27953	-0.40853	-0.4408	-0.42631	-0.39679	-0.33219	-0.26052	-0.22583	-0.16414	-0.094553	-0.0035731	0.037879	0.18428
947.73	0.031871	-0.026609	-0.08352	-0.134	-0.21992	-0.017476	-0.29917	-0.38782	-0.37833	-0.47171	-0.39009	-0.087333	0.12893	0.53927	0.81161	0.67046	0.31703	-0.12983	-0.30819	-0.42879	-0.45206	-0.4347	-0.40637	-0.3492	-0.25527	-0.22901	-0.16572	-0.10196	-0.0011358	0.031611	0.079349
947.19	0.036809	-0.0082738	-0.080332	-0.15554	-0.18525	-0.01402	-0.29705	-0.37429	-0.37151	-0.3359	-0.43514	-0.22155	0.096795	0.55553	0.88173	0.56971	0.27272	-0.1715	-0.35638	-0.46189	-0.48038	-0.465	-0.41216	-0.34535	-0.26976	-0.2331	-0.17441	-0.10128	-0.013324	0.023786	-0.054493
946.56	0.036831	-0.0090426	-0.086052	-0.14212	-0.17109	0.018057	-0.28125	-0.36807	-0.3491	-0.4042	-0.21117	-0.028697	0.23385	0.5639	0.76032	0.62912	0.20492	-0.2115	-0.39459	-0.47653	-0.48632	-0.47032	-0.4355	-0.35044	-0.25936	-0.23959	-0.18469	-0.10949	-0.027152	0.029295	-0.14271
947.3	0.045002	-0.018975	-0.083558	-0.13565	-0.18523	0.015443	-0.29702	-0.37182	-0.3418	-0.50593	-0.17515	-0.14607	0.34638	0.71509	0.75973	0.59492	0.17726	-0.26333	-0.44151	-0.49469	-0.50277	-0.4783	-0.43516	-0.37847	-0.25463	-0.23782	-0.17595	-0.102	-0.010073	0.039467	-0.21724
948.15	0.039227	-0.011319	-0.075402	-0.12521	-0.20021	-0.00015522	-0.29599	-0.36018	-0.32901	-0.44601	-0.27352	-0.062158	0.024292	0.66662	0.66338	0.42608	0.13832	-0.28733	-0.4504	-0.52202	-0.52634	-0.48621	-0.43794	-0.35389	-0.26798	-0.25104	-0.18438	-0.11226	-0.00032411	0.017492	-0.31308
949.11	0.035915	-0.0097824	-0.08582	-0.13857	-0.20179	0.0084936	-0.2843	-0.34205	-0.32322	-0.39463	-0.13009	-0.16252	0.29752	0.65797	0.73222	0.6779	0.1075	-0.3052	-0.46772	-0.53159	-0.53861	-0.49238	-0.43591	-0.3495	-0.25188	-0.23184	-0.16704	-0.096641	0.010217	0.031565	-0.3359
948.47	0.03594	-0.010551	-0.075377	-0.13231	-0.19569	0.010233	-0.28525	-0.34067	-0.32812	-0.36942	-0.32713	-0.070508	0.32987	0.59465	0.83706	0.40908	0.063956	-0.34262	-0.50593	-0.55382	-0.53257	-0.50522	-0.4489	-0.33762	-0.30032	-0.24859	-0.16481	-0.095228	0.0094129	0.022186	-0.38762
947.3	0.034346	-0.0098011	-0.07547	-0.14916	-0.18344	0.017175	-0.28712	-0.33381	-0.32774	-0.36138	-0.13928	-0.16283	0.38665	0.58741	0.82939	0.52754	0.076976	-0.34565	-0.5143	-0.56377	-0.54525	-0.50334	-0.47012	-0.39303	-0.28483	-0.25127	-0.19313	-0.095346	-0.02307	0.021428	-0.39979
947.41	0.023687	-0.015151	-0.071419	-0.13246	-0.18432	0.025837	-0.27415	-0.3362	-0.33551	-0.24231	-0.18409	0.038416	0.2739	0.68309	0.8293	0.47694	0.088288	-0.33261	-0.49334	-0.54854	-0.53878	-0.50245	-0.44782	-0.38571	-0.26894	-0.24649	-0.17671	-0.096815	-0.019819	0.026133	-0.41652
947.51	0.035157	-0.010561	-0.080305	-0.12371	-0.17627	-0.01055	-0.27336	-0.34263	-0.32376	-0.23378	-0.36329	-0.053805	0.3302	0.60324	0.76827	0.4095	0.082618	-0.33517	-0.51031	-0.55859	-0.54273	-0.51658	-0.45492	-0.35413	-0.27495	-0.25042	-0.1681	-0.086451	-0.0051977	0.023775	-0.42413
949.53	0.034265	-0.01893	-0.092237	-0.13692	-0.20081	0.014543	-0.28645	-0.34029	-0.31528	-0.47929	-0.13895	-0.095544	0.15278	0.65767	0.69714	0.45907	0.075182	-0.34915	-0.52468	-0.57337	-0.55357	-0.52547	-0.45633	-0.38323	-0.27964	-0.26173	-0.19891	-0.095859	0.0021094	0.029985	-0.4074
947.83	0.033506	-0.0029179	-0.077853	-0.1324	-0.19404	0.0050429	-0.28316	-0.33847	-0.32365	-0.29318	-0.21984	0.0048623	0.35423	0.64291	0.88112	0.50199	0.085015	-0.32813	-0.49931	-0.54577	-0.54414	-0.5114	-0.45397	-0.36613	-0.28014	-0.24085	-0.15946	-0.087162	-0.004383	0.042582	-0.41804
946.87	0.037639	0.0070233	-0.076313	-0.12379	-0.17639	-0.00709	-0.28116	-0.3461	-0.31539	-0.21692	-0.238	-0.095812	0.25793	0.56371	0.96913	0.46878	0.079439	-0.3328	-0.50679	-0.54632	-0.55271	-0.51192	-0.44807	-0.37298	-0.28345	-0.25851	-0.16665	-0.095388	0.0069889	0.037132	-0.40283
947.73	0.035968	-0.012853	-0.089179	-0.13639	-0.21011	-0.014878	-0.29384	-0.34255	-0.32915	-0.3782	-0.31841	-0.0035142	0.20137	0.55522	0.62885	0.47678	0.10928	-0.31085	-0.48388	-0.54415	-0.5386	-0.49143	-0.43814	-0.37507	-0.28395	-0.23139	-0.17275	-0.093825	0.0077957	0.019067	-0.37088
946.77	0.050766	-0.0090406	-0.093316	-0.14289	-0.19158	0.0059134	-0.29643	-0.36232	-0.33808	-0.39561	-0.14834	-0.062249	0.31436	0.68355	0.795	0.67113	0.15794	-0.26521	-0.43479	-0.51857	-0.50385	-0.47356	-0.42189	-0.36897	-0.25024	-0.2332	-0.16745	-0.09244	0.00048932	0.040275	-0.33894
947.09	0.023695	-0.012096	-0.10137	-0.13966	-0.19419	0.004179	-0.30775	-0.36867	-0.35593	-0.40397	-0.23795	-0.17127	0.18539	0.56359	0.75118	0.49394	0.19267	-0.23999	-0.40676	-0.48553	-0.50128	-0.46922	-0.42015	-0.34377	-0.25393	-0.22917	-0.16115	-0.093888	-0.0035759	0.038693	-0.16705
947.19	0.021231	-0.016683	-0.099744	-0.16189	-0.20934	-0.0088215	-0.31076	-0.384	-0.38167	-0.51448	-0.36341	-0.15447	0.11291	0.52362	0.96881	0.59498	0.24522	-0.19576	-0.36955	-0.45683	-0.47556	-0.45999	-0.41852	-0.368	-0.25164	-0.24259	-0.16347	-0.096096	-0.0092609	0.01437	0.038283
945.7	0.035224	-0.021305	-0.083699	-0.14782	-0.19716	-0.013174	-0.32116	-0.39675	-0.38227	-0.38752	-0.33706	-0.17991	0.12921	0.56441	0.72613	0.71408	0.27963	-0.15528	-0.33677	-0.44489	-0.45624	-0.43145	-0.41042	-0.34103	-0.24598	-0.22713	-0.16295	-0.087356	-0.022296	0.042678	0.19189
947.83	0.025314	-0.0067379	-0.073812	-0.16417	-0.19671	-0.039126	-0.3349	-0.39263	-0.40249	-0.56513	-0.26464	-0.28846	0.048459	0.49934	0.79412	0.76298	0.32669	-0.11942	-0.27875	-0.39843	-0.43599	-0.41963	-0.39997	-0.33219	-0.25373	-0.22029	-0.15322	-0.092334	-0.004383	0.052773	0.35916
947.94	0.027769	-0.025076	-0.094816	-0.16812	-0.23235	-0.0079475	-0.35921	-0.42249	-0.41415	-0.46309	-0.4348	-0.39737	0.040396	0.49928	0.72442	0.59452	0.39293	-0.049269	-0.22456	-0.36555	-0.4071	-0.41125	-0.37293	-0.32811	-0.23408	-0.21473	-0.16335	-0.090108	0.019972	0.039442	0.57506
944.96	0.03936	-0.0090579	-0.090251	-0.18219	-0.22235	-0.023608	-0.36569	-0.43841	-0.45225	-0.46455	-0.39123	-0.28934	0.048591	0.48485	0.74416	0.80753	0.44443	-0.011205	-0.19266	-0.34306	-0.37463	-0.39999	-0.37171	-0.31049	-0.23407	-0.2043	-0.13959	-0.082235	0.010262	0.037993	0.82589
945.17	0.036065	-0.021317	-0.099957	-0.16144	-0.22856	-0.023603	-0.36255	-0.45534	-0.45841	-0.70308	-0.53491	-0.29767	-0.12088	0.34874	0.77888	0.67227	0.49539	0.042641	-0.13829	-0.30414	-0.35446	-0.36058	-0.35013	-0.28124	-0.25672	-0.19554	-0.1333	-0.081474	0.005374	0.037199	1.0508
946.34	0.03602	-0.018228	-0.10388	-0.17954	-0.24881	-0.025309	-0.38954	-0.46611	-0.48286	-0.53198	-0.54321	-0.49876	-0.12879	0.28442	0.83023	0.73888	0.51664	0.084223	-0.11719	-0.27847	-0.32353	-0.34677	-0.34333	-0.28818	-0.24279	-0.19371	-0.13079	-0.068047	0.0094341	0.033228	1.3411
946.45	0.035196	-0.015933	-0.10954	-0.18668	-0.247	-0.026173	-0.38416	-0.47739	-0.50547	-0.59149	-0.53419	-0.54066	-0.20131	0.16457	0.76914	0.81469	0.55867	0.14059	-0.060607	-0.23712	-0.30986	-0.33587	-0.32898	-0.2752	-0.21178	-0.1834	-0.11983	-0.073221	0.014312	0.033224	1.5781
946.98	0.029436	-0.012863	-0.10786	-0.18816	-0.26292	-0.03656	-0.38395	-0.4933	-0.52862	-0.6762	-0.70425	-0.55714	-0.28172	0.26827	0.59451	0.86481	0.62227	0.18211	-0.0071256	-0.19401	-0.28723	-0.30645	-0.30336	-0.25967	-0.20109	-0.17617	-0.10804	-0.06282	0.0037394	0.033991	1.8622
945.49	0.029482	-0.030501	-0.11046	-0.19801	-0.26602	-0.023595	-0.39141	-0.52811	-0.55606	-0.69432	-0.69638	-0.55802	-0.3709	0.11676	0.65651	0.73111	0.66052	0.24317	0.038637	-0.15718	-0.24913	-0.27599	-0.29269	-0.26251	-0.20065	-0.18279	-0.12308	-0.051803	0.015953	0.030113	2.1599
943.9	0.019661	-0.021346	-0.13256	-0.19595	-0.28258	-0.055811	-0.41424	-0.53874	-0.586	-0.68696	-0.70655	-0.61787	-0.47658	-0.05125	0.62267	0.87607	0.70709	0.30446	0.10786	-0.12109	-0.22462	-0.26222	-0.26926	-0.23374	-0.19947	-0.15848	-0.12721	-0.054859	0.01761	0.021506	2.45
944.75	0.029505	-0.026693	-0.13244	-0.21171	-0.27785	-0.067056	-0.43371	-0.52528	-0.61601	-0.7034	-0.68793	-0.73503	-0.57304	-0.019197	0.59592	0.78239	0.74295	0.36848	0.17764	-0.05678	-0.17136	-0.2193	-0.24113	-0.21569	-0.18567	-0.1512	-0.11065	-0.056294	0.0053765	0.025419	2.7673
946.77	0.012221	-0.018986	-0.11354	-0.21842	-0.296	-0.092921	-0.44421	-0.59213	-0.65846	-0.89757	-0.88379	-0.84254	-0.70877	-0.19483	0.41171	0.7217	0.7802	0.43098	0.24699	-0.012829	-0.14132	-0.20547	-0.23266	-0.20147	-0.16638	-0.14059	-0.10572	-0.048773	0.017556	0.037922	3.1346
944.64	0.024578	-0.020561	-0.13326	-0.22289	-0.29935	-0.087917	-0.47041	-0.59752	-0.6991	-0.79727	-0.81385	-0.86967	-0.83147	-0.4674	0.47374	0.78247	0.82089	0.47887	0.29492	0.032762	-0.096625	-0.17998	-0.22203	-0.19382	-0.1607	-0.12742	-0.091081	-0.055558	0.014339	0.040366	3.4866
944.21	0.025411	-0.025175	-0.13251	-0.22379	-0.31559	-0.10621	-0.48513	-0.59616	-0.74407	-0.71232	-1.0391	-0.9626	-0.78338	-0.53967	0.36043	0.83353	0.81963	0.55298	0.35642	0.07081	-0.067716	-0.13987	-0.18068	-0.16632	-0.14486	-0.12589	-0.094256	-0.033319	0.025754	0.038023	3.8189
942.94	0.029562	-0.038265	-0.11482	-0.24086	-0.32319	-0.11158	-0.50644	-0.63353	-0.78666	-0.98664	-0.99543	-1.1913	-1.0999	-0.65264	0.20346	0.8262	0.84512	0.58159	0.4098	0.10645	-0.022708	-0.11071	-0.15777	-0.15029	-0.12762	-0.11731	-0.087323	-0.064575	0.014364	0.015224	4.1844
940.7	0.037063	-0.025269	-0.14197	-0.23263	-0.33294	-0.11708	-0.51915	-0.66436	-0.75236	-1.0318	-1.1603	-1.2786	-1.2485	-0.64616	0.22147	0.79421	0.85038	0.62834	0.47315	0.1593	0.0095276	-0.082391	-0.13894	-0.12377	-0.11879	-0.10485	-0.074947	-0.041638	0.014399	0.037376	4.5483
941.87	0.027122	-0.032157	-0.14016	-0.24992	-0.33612	-0.11083	-0.54454	-0.69444	-0.80169	-1.0733	-1.24	-1.3951	-1.2712	-0.99051	-0.032743	0.81018	0.84607	0.68072	0.51384	0.2057	0.044183	-0.065498	-0.114	-0.1163	-0.10726	-0.10153	-0.075641	-0.045305	0.014381	0.032596	4.9516
942.94	0.021327	-0.038265	-0.17007	-0.22489	-0.3438	-0.13595	-0.5684	-0.71884	-0.81961	-1.2002	-1.3466	-1.402	-1.6904	-1.1818	-0.13768	0.5469	0.84918	0.71738	0.56615	0.25371	0.086813	-0.015948	-0.08912	-0.10236	-0.082103	-0.089495	-0.053586	-0.020732	0.026605	0.040439	5.3213
942.62	0.026279	-0.029826	-0.13599	-0.24972	-0.35647	-0.12468	-0.57089	-0.75404	-0.87483	-1.2091	-1.5183	-1.6047	-1.7152	-1.4068	-0.44396	0.55556	0.83321	0.75333	0.62237	0.29613	0.11584	0.01089	-0.065194	-0.085322	-0.076061	-0.07919	-0.051249	-0.040809	-0.007674	0.041242	5.691
