12412	4	3	91	23.6	760	1	6	10	1.165	128	4096	10	0	0	0	0	149.12	976.39	1.4736e+006	0.11734	0.049682	40.517	0	0	1	0	0	0	11	0	0
970.44	0.031446	-0.014867	-0.12052	-0.21394	-0.26674	0.20261	-0.4376	-0.48077	-0.55854	-0.57222	-0.58765	-0.43318	-0.16473	0.29636	0.59373	0.85491	0.61541	0.19323	-0.0065896	-0.1961	-0.27287	-0.3069	-0.28575	-0.23998	-0.18195	-0.1554	-0.11993	-0.070978	0.029927	0.035357	2.3361
969.16	0.02748	-0.017875	-0.11909	-0.20335	-0.28016	0.21135	-0.46794	-0.52014	-0.58065	-0.59791	-0.5972	-0.58947	-0.43253	0.14073	0.5775	0.95484	0.69527	0.28834	0.097846	-0.12225	-0.22309	-0.25101	-0.25972	-0.22527	-0.17554	-0.14632	-0.10864	-0.055164	0.0021763	0.042304	2.8128
970.97	0.014635	-0.042457	-0.13229	-0.24484	-0.32489	0.18052	-0.46559	-0.56967	-0.65652	-0.87884	-0.80596	-0.76018	-0.53385	-0.16321	0.45749	0.89554	0.73658	0.37995	0.17094	-0.090787	-0.17887	-0.2196	-0.23521	-0.19803	-0.16417	-0.15068	-0.099295	-0.046402	0.013266	0.038398	3.3349
969.16	0.028281	-0.020117	-0.12937	-0.23908	-0.33422	0.16138	-0.48952	-0.59524	-0.6692	-0.76412	-0.78993	-0.87634	-0.7788	-0.26491	0.44985	0.93838	0.80277	0.46535	0.28479	0.014444	-0.10869	-0.18737	-0.1937	-0.1818	-0.15488	-0.1239	-0.089556	-0.04432	0.017263	0.039237	3.8052
968.1	0.043552	-0.032857	-0.13347	-0.23623	-0.34593	0.15986	-0.499	-0.61884	-0.74482	-0.9397	-0.93991	-0.91834	-0.81905	-0.36673	0.3907	0.88171	0.84955	0.54302	0.35557	0.06804	-0.072728	-0.13939	-0.16359	-0.15034	-0.11958	-0.11165	-0.077427	-0.040027	0.027615	0.050792	4.2784
970.22	0.014646	-0.029798	-0.17424	-0.25976	-0.36085	0.13921	-0.54102	-0.67987	-0.75463	-0.97085	-1.1654	-1.1456	-1.2025	-0.6932	0.24534	0.81398	0.87059	0.6129	0.44475	0.13781	-0.020129	-0.095075	-0.13143	-0.13896	-0.10679	-0.10677	-0.078783	-0.03055	0.022002	0.049914	4.8743
968.21	0.025903	-0.021633	-0.14928	-0.27352	-0.33542	0.12085	-0.5645	-0.68603	-0.8051	-1.0145	-1.238	-1.3941	-1.3546	-0.99138	0.049925	0.87339	0.86212	0.68624	0.51386	0.2131	0.047277	-0.061787	-0.10371	-0.1068	-0.09741	-0.075255	-0.065193	-0.029889	0.020459	0.036974	5.3622
965.97	0.030788	-0.015684	-0.14645	-0.27805	-0.38606	0.12622	-0.57402	-0.7233	-0.86057	-1.0919	-1.2496	-1.3726	-1.5236	-1.205	-0.25733	0.69363	0.85618	0.74815	0.59099	0.26399	0.10949	-0.002996	-0.067326	-0.073742	-0.077642	-0.070773	-0.044665	-0.014	0.026879	0.04552	5.8712
967.57	0.015489	-0.043356	-0.16838	-0.27604	-0.37756	0.11329	-0.6163	-0.75299	-0.9165	-1.3481	-1.4758	-1.6906	-1.8206	-1.5546	-0.40183	0.5358	0.83735	0.77407	0.63853	0.32046	0.15718	0.023978	-0.047767	-0.05145	-0.061991	-0.059812	-0.043062	-0.0096323	0.029221	0.049285	6.3755
966.08	0.011493	-0.041922	-0.18054	-0.30139	-0.38427	0.093923	-0.63517	-0.79618	-0.97688	-1.2585	-1.5659	-1.9234	-1.9734	-1.7918	-0.70123	0.56141	0.8093	0.80755	0.69266	0.3763	0.1928	0.066574	-0.016673	-0.032497	-0.034693	-0.054474	-0.025515	-0.0096457	0.032452	0.043207	6.9083
963.74	0.031664	-0.0089576	-0.1619	-0.29197	-0.4115	0.095002	-0.66814	-0.85773	-1.0291	-1.529	-1.7548	-2.0599	-2.3185	-2.1413	-0.96825	0.39715	0.77947	0.84272	0.74001	0.42276	0.23502	0.10448	0.011404	-0.025422	-0.026614	-0.03672	-0.020204	-0.0023982	0.017361	0.029435	7.4243
966.5	0.013095	-0.030663	-0.18442	-0.32774	-0.44442	0.087935	-0.68414	-0.88223	-1.0882	-1.6413	-1.8903	-2.1773	-2.5092	-2.4794	-1.102	0.14831	0.69718	0.8607	0.76825	0.46448	0.27835	0.12872	0.035514	0.0055654	-0.0028553	-0.014904	-0.013257	0.006308	0.024476	0.047803	7.9431
966.5	0.016309	-0.031413	-0.18125	-0.34098	-0.46365	0.081143	-0.71026	-0.89809	-1.1403	-1.583	-1.9957	-2.3253	-2.7459	-2.9096	-1.4775	-0.03334	0.63931	0.86834	0.81227	0.52063	0.33413	0.17126	0.066666	0.033308	0.014906	-0.00017028	-0.0010094	0.0092077	0.021291	0.038576	8.4345
965.55	0.034018	-0.032944	-0.1854	-0.31481	-0.45974	0.083772	-0.74906	-0.95452	-1.1927	-1.7931	-2.1032	-2.632	-3.0251	-3.1943	-1.6754	-0.16564	0.5368	0.87515	0.82979	0.56082	0.36986	0.2091	0.10883	0.061905	0.031957	0.020011	0.012781	0.016474	0.030079	0.023223	8.9256
965.34	0.0098941	-0.037452	-0.18623	-0.33516	-0.47472	0.031923	-0.76267	-1.0055	-1.2589	-1.9103	-2.3588	-2.8465	-3.4051	-3.6493	-2.0517	-0.41367	0.43771	0.86684	0.83833	0.58078	0.39511	0.23372	0.12913	0.068267	0.03567	0.038647	0.038075	0.03027	0.034869	0.036314	9.465
962.15	0.012348	-0.041342	-0.17809	-0.3261	-0.45522	0.035441	-0.79069	-1.02	-1.3261	-1.8915	-2.4108	-3.1036	-3.5273	-3.9521	-2.3328	-0.54776	0.31654	0.86459	0.8655	0.63082	0.43904	0.26326	0.16946	0.10273	0.055115	0.048902	0.048197	0.02673	0.026986	0.038752	9.9814
957.47	0.0099754	-0.035491	-0.15976	-0.32612	-0.47862	0.033899	-0.82092	-1.065	-1.3496	-1.9428	-2.5733	-3.3013	-3.9667	-4.4215	-2.7663	-0.88382	0.17006	0.83967	0.88812	0.6739	0.46577	0.30006	0.18522	0.11204	0.069579	0.043662	0.032205	0.037837	0.032744	0.035062	10.451
959.49	-0.019988	-0.058816	-0.18577	-0.35053	-0.49082	0.020139	-0.84474	-1.1154	-1.4308	-2.1234	-2.9484	-3.3192	-4.2923	-4.948	-3.0785	-1.356	0.016402	0.8225	0.86408	0.70076	0.50436	0.33239	0.21464	0.14454	0.095523	0.075594	0.053728	0.042138	0.022249	0.030341	10.95
957.04	-0.0062469	-0.042317	-0.17904	-0.33255	-0.50002	0.03906	-0.86197	-1.1495	-1.4793	-2.0952	-2.8406	-3.6016	-4.6698	-5.3319	-3.5776	-1.3929	-0.13245	0.79545	0.87012	0.73424	0.55008	0.35886	0.22778	0.14891	0.10324	0.074222	0.053865	0.050301	0.031151	0.0211	11.353
951.41	0.008406	-0.033434	-0.17366	-0.34085	-0.4941	0.028075	-0.87466	-1.1354	-1.5223	-2.2346	-3.0984	-3.5311	-4.954	-5.7052	-3.9715	-1.787	-0.28059	0.75529	0.87142	0.75033	0.56611	0.39755	0.2584	0.17475	0.1249	0.088842	0.065069	0.055018	0.031336	0.027474	11.76
950.13	-0.024271	-0.041862	-0.17389	-0.33814	-0.50899	0.016018	-0.90089	-1.1942	-1.5804	-2.3648	-3.3349	-3.9371	-5.1212	-6.1426	-4.1852	-1.9909	-0.42208	0.72866	0.86718	0.76058	0.59005	0.40557	0.26587	0.18547	0.12657	0.1	0.079951	0.050667	0.035427	0.032203	12.18
949.28	-0.013659	-0.045716	-0.16275	-0.34241	-0.52013	-0.0012615	-0.94652	-1.2154	-1.6036	-2.4857	-3.2664	-3.9992	-5.4472	-6.4268	-4.5799	-2.2365	-0.58467	0.68176	0.8471	0.79741	0.62097	0.44425	0.29466	0.20904	0.1508	0.099305	0.085478	0.062522	0.017625	0.020492	12.512
946.51	0.00024588	-0.058858	-0.1867	-0.34262	-0.52255	-0.01861	-0.9249	-1.2481	-1.6591	-2.4163	-3.4643	-4.162	-5.7129	-6.821	-4.8373	-2.5887	-0.72398	0.63345	0.84027	0.79974	0.64365	0.46142	0.31302	0.22017	0.14595	0.12097	0.079474	0.071589	0.019302	0.020552	12.913
948.32	-0.030867	-0.072493	-0.17584	-0.37054	-0.52066	-0.0047248	-0.93987	-1.2732	-1.7144	-2.6241	-3.5741	-4.4388	-6.1605	-7.2545	-5.3412	-2.8531	-0.89386	0.58896	0.81624	0.82599	0.65603	0.47638	0.32988	0.22864	0.16377	0.11284	0.098827	0.047807	0.026567	0.018945	13.265
947.05	-0.0087727	-0.06112	-0.19468	-0.33447	-0.50441	-0.013399	-0.92895	-1.2984	-1.7253	-2.5341	-3.7583	-4.47	-6.4346	-7.7752	-5.6706	-3.2024	-1.0989	0.54122	0.80727	0.84648	0.68578	0.49623	0.34145	0.23542	0.16777	0.12565	0.095053	0.065629	0.026603	0.009557	13.593
942.37	-0.027768	-0.070646	-0.19565	-0.36569	-0.52754	-0.011722	-0.93204	-1.3129	-1.7685	-2.6236	-3.804	-4.5259	-6.6689	-7.8459	-6.0226	-3.4808	-1.2369	0.4751	0.77937	0.86085	0.70047	0.51296	0.35274	0.25691	0.19593	0.13343	0.10102	0.074878	0.014487	0.0096045	13.844
941.3	-0.033572	-0.077649	-0.19261	-0.35811	-0.50569	-0.00476	-0.96297	-1.3323	-1.8231	-2.7207	-3.9526	-4.6407	-6.8871	-8.3286	-6.1346	-3.6374	-1.3547	0.44163	0.76311	0.85504	0.71175	0.52782	0.38192	0.25639	0.18247	0.14234	0.095634	0.066029	0.031672	0.008036	14.178
941.73	-0.052521	-0.082229	-0.17707	-0.35635	-0.55212	-0.030906	-0.99394	-1.3521	-1.7979	-2.8221	-3.9057	-4.9254	-7.1027	-8.5737	-6.3595	-3.8476	-1.4704	0.41615	0.75264	0.86991	0.72191	0.54017	0.38335	0.26685	0.18467	0.14626	0.1003	0.067488	0.026753	0.012767	14.407
941.09	-0.062457	-0.083825	-0.18859	-0.33899	-0.53184	-0.010867	-0.98618	-1.3562	-1.8518	-2.747	-4.0257	-4.8528	-7.3749	-8.8768	-6.6267	-4.1046	-1.6139	0.3798	0.72119	0.87473	0.74096	0.54138	0.39721	0.27761	0.18783	0.14875	0.10745	0.069768	0.016141	-0.0069621	14.631
943.96	-0.077896	-0.10122	-0.18964	-0.34514	-0.52396	-0.045615	-0.99006	-1.3643	-1.8579	-2.7215	-4.0494	-5.0147	-7.4737	-9.034	-6.9735	-4.2443	-1.7128	0.3256	0.70889	0.87292	0.74916	0.56235	0.39201	0.28326	0.19635	0.15782	0.12671	0.078463	0.016908	-0.003006	14.852
942.9	-0.083748	-0.099795	-0.18904	-0.36149	-0.52186	-0.026515	-1.0065	-1.3983	-1.8844	-2.9211	-4.0269	-5.0878	-7.7086	-9.2767	-7.1476	-4.5537	-1.8131	0.28418	0.68324	0.88491	0.75967	0.57808	0.39964	0.28927	0.20264	0.15244	0.10489	0.077066	0.0063169	-0.004586	15.032
940.34	-0.070764	-0.11239	-0.17652	-0.31685	-0.51968	-0.031823	-0.99923	-1.3565	-1.8918	-2.8776	-4.2095	-5.1523	-7.7539	-9.3903	-7.3951	-4.7019	-1.941	0.23694	0.6695	0.87119	0.7577	0.57881	0.40473	0.30065	0.20776	0.16002	0.12484	0.064607	-0.0026659	-0.0061779	15.168
940.13	-0.088949	-0.10856	-0.20263	-0.34254	-0.50003	-0.030085	-0.94269	-1.3641	-1.9316	-2.9382	-4.364	-5.0098	-8.0396	-9.7222	-7.5985	-4.7964	-1.9944	0.22739	0.65405	0.88581	0.76837	0.57473	0.41923	0.30234	0.21846	0.1768	0.12172	0.063875	0.0014239	-0.021986	15.371
939.39	-0.1039	-0.13409	-0.20932	-0.32759	-0.48424	-0.0082663	-0.98029	-1.4166	-1.893	-2.9406	-4.2499	-5.1829	-8.1921	-9.746	-7.5606	-4.9021	-2.058	0.2101	0.65691	0.89416	0.77625	0.58361	0.42677	0.31645	0.20036	0.16497	0.11237	0.057214	0.0014266	-0.033867	15.444
934.38	-0.13271	-0.12628	-0.20962	-0.32048	-0.49497	0.008383	-0.97319	-1.3963	-1.8944	-2.9132	-4.3544	-5.2872	-8.3339	-9.8952	-7.7247	-5.0735	-2.1051	0.20595	0.64472	0.89297	0.78122	0.58419	0.41617	0.30093	0.21521	0.16826	0.10822	0.065769	-0.0026829	-0.030868	15.513
935.55	-0.1425	-0.14083	-0.22819	-0.33134	-0.48712	0.011005	-0.96812	-1.3643	-1.9126	-2.9785	-4.3944	-5.306	-8.3642	-9.9152	-7.8208	-4.9904	-2.1377	0.182	0.64548	0.88332	0.78268	0.59699	0.41162	0.29563	0.19583	0.14802	0.10966	0.055201	-0.010905	-0.016534	15.594
935.45	-0.15165	-0.15634	-0.23395	-0.35954	-0.48085	0.022414	-0.99367	-1.4005	-1.9207	-2.9616	-4.3767	-5.3576	-8.3244	-9.8921	-7.7071	-5.008	-2.142	0.1829	0.64477	0.89281	0.76085	0.58015	0.42455	0.31205	0.20885	0.15525	0.097814	0.055207	-0.0067939	-0.023685	15.63
934.17	-0.15934	-0.17516	-0.24411	-0.33989	-0.46975	0.01805	-0.98808	-1.3687	-1.9305	-2.957	-4.3645	-5.3394	-8.3195	-9.8732	-7.8677	-5.0234	-2.1499	0.15591	0.63545	0.89659	0.76595	0.59871	0.41787	0.30591	0.21373	0.14985	0.10191	0.051533	-0.02575	-0.051555	15.664
936.09	-0.15901	-0.18176	-0.21087	-0.37377	-0.47782	0.046073	-0.93443	-1.3741	-1.8894	-2.9768	-4.2105	-5.3539	-8.3024	-9.8611	-7.834	-5.0984	-2.1675	0.17664	0.6412	0.89305	0.77655	0.58566	0.40898	0.30447	0.20641	0.14794	0.10881	0.061905	-0.027341	-0.044305	15.692
938	-0.17938	-0.19606	-0.2374	-0.36258	-0.48225	0.037228	-0.96943	-1.3779	-1.8697	-2.9621	-4.2743	-5.3345	-8.2204	-9.8409	-7.6509	-5.0454	-2.1631	0.15265	0.63676	0.88867	0.76444	0.58025	0.41456	0.28996	0.20446	0.15882	0.10149	0.040116	-0.030568	-0.051344	15.683
938.53	-0.18424	-0.20058	-0.24624	-0.35596	-0.49998	0.016216	-0.95198	-1.333	-1.8955	-2.9604	-4.1904	-5.2976	-8.2483	-9.9079	-7.6466	-5.0341	-2.1048	0.18143	0.63718	0.87541	0.76887	0.58667	0.41914	0.28816	0.20358	0.14756	0.08961	0.041587	-0.046949	-0.056857	15.671
940.02	-0.1823	-0.18331	-0.2597	-0.38502	-0.50098	0.02143	-0.90367	-1.3325	-1.8539	-2.8443	-4.1748	-5.2723	-8.1135	-9.8278	-7.6432	-4.9582	-2.1006	0.18463	0.63539	0.87827	0.76603	0.58237	0.40326	0.29341	0.20326	0.13536	0.106	0.044501	-0.027226	-0.067042	15.661
940.24	-0.20043	-0.21177	-0.29713	-0.37292	-0.49368	0.01968	-0.91113	-1.3224	-1.7685	-2.6981	-4.3003	-5.2205	-8.1604	-9.7693	-7.5011	-4.9316	-2.0944	0.1907	0.63759	0.87638	0.76182	0.57046	0.42158	0.30476	0.19181	0.15048	0.10125	0.037041	-0.047682	-0.074138	15.679
935.45	-0.20477	-0.21363	-0.28063	-0.38288	-0.50163	0.031185	-0.87262	-1.3063	-1.8179	-2.798	-4.2678	-5.1962	-8.1369	-9.7142	-7.6894	-4.7948	-2.0675	0.19431	0.65261	0.8766	0.7714	0.5886	0.40201	0.28011	0.18208	0.12641	0.078834	0.014758	-0.055329	-0.087226	15.64
934.7	-0.20327	-0.22387	-0.28659	-0.3703	-0.47491	0.055801	-0.8764	-1.2598	-1.775	-2.8347	-4.1985	-5.2344	-7.9965	-9.6088	-7.5632	-4.8071	-2.0429	0.21027	0.66098	0.89523	0.75739	0.5823	0.4265	0.28279	0.19524	0.13292	0.082062	0.017018	-0.04467	-0.09286	15.673
934.17	-0.22999	-0.23796	-0.32858	-0.41402	-0.48965	0.054954	-0.8769	-1.2375	-1.7626	-2.6811	-4.1555	-5.2033	-7.8459	-9.4605	-7.3644	-4.639	-1.9374	0.2552	0.66843	0.8684	0.73669	0.55639	0.39854	0.26491	0.17161	0.10091	0.060726	0.0080271	-0.076823	-0.099275	15.501
931.72	-0.21642	-0.2378	-0.28586	-0.39976	-0.50182	0.050695	-0.84902	-1.2375	-1.7418	-2.8005	-4.1573	-5.1062	-7.7765	-9.2987	-7.1094	-4.4542	-1.8332	0.29728	0.67727	0.86811	0.73048	0.53919	0.36888	0.24916	0.16439	0.10922	0.055329	-0.0032337	-0.075373	-0.10671	15.294
932.57	-0.21706	-0.257	-0.31928	-0.39132	-0.50408	0.055928	-0.81344	-1.238	-1.7188	-2.6425	-3.8439	-4.9397	-7.5322	-8.8849	-6.8022	-4.3132	-1.7001	0.33486	0.71755	0.89213	0.73632	0.54378	0.38388	0.24893	0.16884	0.1059	0.071938	0.013299	-0.04725	-0.08112	15.093
935.13	-0.22892	-0.25165	-0.28318	-0.39267	-0.50903	0.060165	-0.84207	-1.1969	-1.6682	-2.7645	-4.0241	-4.6883	-7.2833	-8.6908	-6.422	-4.1734	-1.5668	0.38398	0.73049	0.86922	0.72376	0.52792	0.36915	0.22941	0.15385	0.10642	0.048007	-0.00022343	-0.070162	-0.10474	14.798
933.85	-0.25418	-0.25277	-0.341	-0.38514	-0.4853	0.030362	-0.86793	-1.1854	-1.6452	-2.6216	-3.7659	-4.6777	-6.9992	-8.5084	-6.21	-3.863	-1.4475	0.42581	0.7527	0.86442	0.7036	0.50493	0.34467	0.22398	0.13644	0.08008	0.038565	-0.016732	-0.086738	-0.10647	14.553
937.58	-0.23743	-0.23941	-0.31758	-0.40931	-0.48066	0.03637	-0.86295	-1.1407	-1.6378	-2.5425	-3.6151	-4.5236	-6.5972	-7.9666	-5.983	-3.5071	-1.2898	0.46964	0.77083	0.85247	0.70081	0.49196	0.33286	0.21002	0.12369	0.082159	0.038412	-0.015172	-0.071619	-0.10922	14.324
940.98	-0.19697	-0.21237	-0.28631	-0.42142	-0.52652	0.011813	-0.83913	-1.1113	-1.5674	-2.4562	-3.4937	-4.4903	-6.4193	-7.7931	-5.7247	-3.2655	-1.1443	0.51505	0.78207	0.83837	0.67487	0.4759	0.31806	0.20844	0.10576	0.067524	0.035128	-0.027775	-0.061546	-0.10408	13.984
940.66	-0.19208	-0.19551	-0.29781	-0.41036	-0.55634	-0.0099994	-0.85322	-1.1256	-1.5161	-2.3029	-3.4588	-4.1963	-6.2025	-7.4582	-5.3759	-3.1139	-0.99969	0.55798	0.80183	0.81829	0.65895	0.46009	0.29256	0.18327	0.095915	0.056394	0.013119	-0.030764	-0.098382	-0.10333	13.644
943.75	-0.16101	-0.17568	-0.31307	-0.45847	-0.58854	0.0074306	-0.81909	-1.0862	-1.4837	-2.3722	-3.3755	-4.1152	-5.8186	-6.9932	-5.1049	-2.664	-0.84381	0.61269	0.82253	0.80631	0.63668	0.43931	0.27086	0.16886	0.084232	0.037944	0.013861	-0.023238	-0.065443	-0.074649	13.324
944.81	-0.21014	-0.23758	-0.32893	-0.44441	-0.5691	0.017847	-0.8113	-1.0671	-1.4225	-2.1223	-3.2189	-3.9845	-5.6506	-6.6093	-4.7325	-2.4414	-0.67906	0.64849	0.84955	0.80709	0.60784	0.41288	0.27056	0.15732	0.095493	0.033934	0.0020993	-0.023955	-0.077586	-0.098943	12.929
942.9	-0.25009	-0.26417	-0.31498	-0.43095	-0.53082	0.020493	-0.78006	-1.0327	-1.3861	-2.3231	-3.0724	-3.8746	-5.387	-6.334	-4.541	-2.3278	-0.55613	0.68115	0.84816	0.78334	0.58571	0.39107	0.24716	0.13002	0.057758	0.015723	-0.014373	-0.04481	-0.096516	-0.1149	12.541
940.45	-0.21111	-0.21557	-0.32801	-0.38484	-0.48548	0.025784	-0.74758	-1.0248	-1.3968	-2.115	-2.9991	-3.6144	-5.1577	-5.9646	-4.202	-2.1557	-0.41746	0.73093	0.87455	0.78029	0.57351	0.39377	0.22779	0.13687	0.076922	0.018951	-0.0049714	-0.043437	-0.073036	-0.10098	12.167
941.62	-0.15313	-0.18608	-0.28774	-0.37397	-0.46963	0.090259	-0.70529	-0.97552	-1.3809	-2.2578	-2.8691	-3.5846	-4.8921	-5.7645	-3.969	-1.8225	-0.29897	0.76576	0.86957	0.7522	0.56715	0.3429	0.21472	0.10497	0.039606	0.021317	-0.023822	-0.050825	-0.067226	-0.094545	11.778
940.98	-0.17551	-0.18851	-0.31155	-0.34703	-0.40529	0.1069	-0.71956	-0.96641	-1.3489	-2.071	-2.8981	-3.4267	-4.6766	-5.5113	-3.6912	-1.705	-0.20798	0.75232	0.8608	0.72303	0.52477	0.33137	0.19886	0.086318	0.01835	-0.0065461	-0.038776	-0.052349	-0.081992	-0.097768	11.303
945.56	-0.18534	-0.21594	-0.25575	-0.30236	-0.39707	0.10551	-0.68557	-0.92851	-1.3314	-2.0184	-2.6506	-3.4857	-4.4442	-5.1409	-3.3681	-1.3591	-0.090307	0.79382	0.87371	0.71362	0.5134	0.31137	0.17561	0.088331	0.031121	-0.0081003	-0.040935	-0.053577	-0.076712	-0.1083	10.953
948.86	-0.17569	-0.19	-0.1935	-0.28386	-0.36631	0.13542	-0.62846	-0.91963	-1.3119	-2.0708	-2.5877	-3.2559	-4.2198	-4.9397	-3.2173	-1.1946	0.014162	0.80923	0.88304	0.68759	0.4836	0.30612	0.15358	0.077527	0.010658	-0.019919	-0.035335	-0.0593	-0.082933	-0.093042	10.487
948	-0.090669	-0.13364	-0.19368	-0.26188	-0.36396	0.12948	-0.68	-0.96006	-1.2616	-2.0047	-2.6617	-3.2169	-4.0707	-4.6411	-2.8983	-1.1115	0.10549	0.83074	0.85675	0.66211	0.46	0.26803	0.13149	0.04204	0.0046325	-0.034957	-0.050974	-0.057873	-0.086255	-0.082153	10.042
949.28	-0.083185	-0.11743	-0.16436	-0.24805	-0.34389	0.15525	-0.66465	-0.94505	-1.2482	-1.8493	-2.345	-3.0955	-3.7439	-4.3083	-2.6772	-0.74854	0.2248	0.85037	0.87569	0.63684	0.43459	0.25767	0.1329	0.029878	-0.0044147	-0.029385	-0.043891	-0.051892	-0.057765	-0.04995	9.5495
951.94	-0.044617	-0.079826	-0.13332	-0.22284	-0.34382	0.13584	-0.66052	-0.93195	-1.2253	-1.8441	-2.3117	-3.1119	-3.5331	-3.8516	-2.4445	-0.65422	0.32959	0.84713	0.86014	0.6074	0.40306	0.21293	0.10564	0.018526	-0.023938	-0.042686	-0.044545	-0.064996	-0.049522	-0.042006	9.0798
951.09	-0.058535	-0.06086	-0.12377	-0.22067	-0.35123	0.11871	-0.67248	-0.90781	-1.1906	-1.8034	-2.3049	-2.839	-3.432	-3.8391	-2.1605	-0.5793	0.40641	0.85652	0.83469	0.58277	0.3667	0.18901	0.085161	-0.0015946	-0.04276	-0.075034	-0.064033	-0.04811	-0.038239	-0.029545	8.6068
952.68	-0.014424	-0.041753	-0.12437	-0.22188	-0.37282	0.10214	-0.66303	-0.87654	-1.1319	-1.6313	-2.0247	-2.6008	-3.106	-3.3168	-1.7759	-0.23488	0.50706	0.86284	0.83406	0.54661	0.35014	0.17541	0.069216	0.0064499	-0.031428	-0.044227	-0.039076	-0.048029	-0.017174	-0.0084377	8.1382
953.85	-0.0046391	-0.028033	-0.1202	-0.24765	-0.35641	0.11406	-0.65995	-0.87626	-1.1337	-1.6546	-2.0489	-2.5477	-2.9423	-3.1463	-1.6095	-0.15929	0.56988	0.87469	0.81689	0.5175	0.31946	0.16193	0.044666	-0.030504	-0.047885	-0.06303	-0.059193	-0.047971	-0.016345	-0.0076489	7.6437
953	0.0002442	-0.017417	-0.1388	-0.26762	-0.38156	0.10383	-0.64162	-0.85212	-1.116	-1.7153	-1.9973	-2.3749	-2.8329	-3.0539	-1.4897	-0.0087048	0.64033	0.84877	0.78376	0.47358	0.26795	0.11312	0.015481	-0.040178	-0.060687	-0.072522	-0.067009	-0.047277	-0.013128	0.011056	7.1202
953.85	0.015711	-0.022719	-0.14591	-0.24607	-0.37502	0.13385	-0.63726	-0.83851	-1.0483	-1.5195	-1.8442	-2.2229	-2.5984	-2.4805	-1.1166	0.19211	0.70482	0.8506	0.7769	0.45559	0.25259	0.10307	0.011522	-0.040143	-0.050885	-0.06853	-0.04756	-0.039153	-0.0010155	0.032858	6.6374
956.72	0.030272	0.0046029	-0.13105	-0.23825	-0.36329	0.12916	-0.61123	-0.80957	-1.0212	-1.515	-1.7854	-2.0667	-2.3674	-2.0859	-1.0098	0.29163	0.75155	0.84375	0.73547	0.41668	0.20024	0.060615	-0.015262	-0.071252	-0.076898	-0.084774	-0.072161	-0.028783	0.027945	0.04596	6.162
956.94	0.023775	-0.027942	-0.15024	-0.24292	-0.36763	0.13599	-0.58245	-0.76776	-0.9607	-1.4473	-1.6696	-2.0165	-2.2713	-1.9985	-0.72518	0.33325	0.78741	0.79639	0.67858	0.36822	0.15893	0.026723	-0.04987	-0.10486	-0.094072	-0.11687	-0.093019	-0.053672	0.0030094	0.035856	5.6516
957.26	0.022144	-0.0059906	-0.12938	-0.23183	-0.33573	0.14109	-0.56794	-0.7451	-0.90783	-1.2785	-1.5715	-1.7586	-1.8641	-1.7451	-0.45784	0.54989	0.82556	0.79956	0.66457	0.32808	0.14777	0.0011061	-0.074231	-0.095222	-0.10226	-0.10665	-0.086804	-0.047067	0.013456	0.037397	5.1652
960.02	0.018035	-0.027853	-0.14098	-0.21705	-0.32684	0.1518	-0.54001	-0.72619	-0.85512	-1.1741	-1.3989	-1.77	-1.6522	-1.4566	-0.47371	0.66469	0.83276	0.75365	0.61222	0.27477	0.095141	-0.037607	-0.10146	-0.12846	-0.12655	-0.12586	-0.099657	-0.057149	0.023838	0.027229	4.6514
959.81	0.024512	-0.027103	-0.13223	-0.22023	-0.30666	0.16295	-0.54013	-0.68724	-0.81138	-1.0989	-1.2931	-1.5966	-1.6844	-1.1891	-0.29337	0.49855	0.84332	0.70421	0.55122	0.21497	0.033451	-0.076334	-0.14226	-0.15563	-0.13776	-0.14697	-0.11355	-0.073225	0.0054059	0.028009	4.151
960.45	0.035814	-0.015774	-0.11459	-0.21225	-0.31086	0.19361	-0.518	-0.62856	-0.75615	-0.94717	-1.0977	-1.2978	-1.2544	-0.94428	0.033146	0.72256	0.84436	0.66101	0.49358	0.15915	-0.002939	-0.11086	-0.15314	-0.16909	-0.15703	-0.14609	-0.11117	-0.067339	0.0029984	0.026442	3.6596
962.68	0.021213	-0.0059569	-0.11433	-0.19768	-0.30312	0.21192	-0.47484	-0.5889	-0.72212	-0.99518	-1.0422	-1.1298	-1.0217	-0.77717	0.16159	0.81207	0.84877	0.60491	0.42614	0.11236	-0.047896	-0.14757	-0.18093	-0.18939	-0.16409	-0.1551	-0.12167	-0.086108	-0.0082011	0.030241	3.1877
962.57	0.032509	-0.021006	-0.11195	-0.19223	-0.29086	0.19148	-0.44267	-0.57941	-0.6976	-1.0455	-0.96296	-0.88234	-1.1407	-0.57306	0.28156	0.79559	0.82737	0.52652	0.33551	0.046047	-0.10865	-0.19933	-0.2138	-0.22204	-0.1864	-0.18081	-0.13782	-0.091941	-0.014597	0.031014	2.6838
963.95	0.031657	-0.0067014	-0.10464	-0.17712	-0.27028	0.21505	-0.43231	-0.52613	-0.66744	-0.80169	-0.81182	-0.96348	-0.7118	-0.30557	0.35816	0.99312	0.81903	0.47553	0.27035	-0.011142	-0.13527	-0.21381	-0.23536	-0.23126	-0.19207	-0.18366	-0.14606	-0.080906	0.0053826	0.033282	2.2207
969.37	0.02427	-0.0059158	-0.092198	-0.20098	-0.27051	0.2257	-0.40683	-0.50343	-0.57823	-0.75565	-0.67589	-0.8106	-0.62127	0.00031884	0.49229	0.84763	0.75597	0.39835	0.16744	-0.072824	-0.1964	-0.25096	-0.27054	-0.26474	-0.22937	-0.19036	-0.15288	-0.073225	-0.0049678	0.046894	1.7513
969.27	0.022672	-0.0074101	-0.10406	-0.18236	-0.25485	0.23589	-0.38976	-0.50349	-0.57295	-0.83053	-0.71976	-0.68776	-0.45609	0.01591	0.50935	0.72422	0.68808	0.28492	0.079674	-0.15023	-0.25126	-0.30564	-0.30163	-0.28137	-0.24784	-0.20585	-0.16358	-0.097089	-0.012116	0.015468	1.2499
969.06	0.023478	-0.0089085	-0.094599	-0.16376	-0.23049	0.25373	-0.36454	-0.46486	-0.51964	-0.6146	-0.54467	-0.57315	-0.25943	0.17976	0.62863	0.85613	0.62814	0.22315	0.025949	-0.20708	-0.28893	-0.32855	-0.30636	-0.28538	-0.25527	-0.22523	-0.13537	-0.086988	-0.0017948	0.029274	0.80157
971.18	0.023426	-0.0081422	-0.078616	-0.1727	-0.21781	0.25402	-0.35038	-0.43702	-0.47889	-0.6713	-0.29866	-0.53918	-0.20387	0.27278	0.61027	0.76387	0.55972	0.11785	-0.078337	-0.27154	-0.33678	-0.36366	-0.35141	-0.31394	-0.27092	-0.22628	-0.16326	-0.10195	-0.012092	0.042216	0.38805
971.92	0.023408	-0.02453	-0.10851	-0.15166	-0.21156	0.28085	-0.33898	-0.41698	-0.45188	-0.60449	-0.40327	-0.39164	-0.10171	0.3737	0.60982	0.59908	0.44421	-0.0030053	-0.18469	-0.34359	-0.41074	-0.41057	-0.38677	-0.35627	-0.26998	-0.25078	-0.18369	-0.11773	-0.021583	0.023071	-0.043844
972.67	0.032171	-0.0193	-0.084797	-0.13916	-0.21834	0.28569	-0.30609	-0.36074	-0.40362	-0.44669	-0.29821	-0.18718	0.070897	0.55997	0.82981	0.74632	0.38401	-0.059544	-0.25167	-0.39174	-0.45259	-0.43871	-0.40892	-0.36072	-0.27859	-0.24828	-0.17138	-0.10683	-0.0081154	0.020761	-0.4074
974.79	0.038473	-0.0021685	-0.081468	-0.14889	-0.1936	0.28086	-0.28323	-0.34816	-0.3739	-0.40439	-0.1669	-0.12972	0.23505	0.62855	0.76877	0.72829	0.26842	-0.17225	-0.37001	-0.46702	-0.49678	-0.47182	-0.43969	-0.38116	-0.29633	-0.24543	-0.18163	-0.10013	-0.015992	0.029102	-0.80146
973.2	0.024974	-0.021522	-0.094196	-0.13289	-0.19218	0.2653	-0.29184	-0.34007	-0.3327	-0.3885	-0.36786	-0.13811	0.13355	0.51304	0.66834	0.39329	0.14921	-0.2864	-0.4588	-0.53502	-0.55377	-0.52865	-0.46438	-0.39989	-0.2755	-0.27894	-0.20397	-0.1111	-0.014438	0.019989	-1.1819
973.09	0.037743	-0.0081262	-0.074524	-0.12827	-0.18178	0.30328	-0.26	-0.31413	-0.29472	-0.30576	-0.088663	0.0088245	0.26682	0.79279	0.982	0.46714	0.029556	-0.3885	-0.56966	-0.58675	-0.58505	-0.53765	-0.47372	-0.39914	-0.30934	-0.27127	-0.22072	-0.11255	0.0069128	0.039844	-1.5442
976.71	0.024884	-0.00068061	-0.08523	-0.12009	-0.15948	0.28956	-0.23911	-0.27924	-0.27242	-0.32939	-0.18395	0.12265	0.42983	0.68149	0.90236	0.36737	-0.080367	-0.48539	-0.65166	-0.66383	-0.62021	-0.57938	-0.51821	-0.42434	-0.30673	-0.27641	-0.19718	-0.11787	-0.0041431	0.0085051	-1.8853
975.85	0.028884	-0.0066197	-0.064893	-0.11788	-0.14576	0.28476	-0.2297	-0.26143	-0.23855	-0.2141	0.0073181	-0.03191	0.39112	0.72858	0.65806	0.25318	-0.23039	-0.61282	-0.75295	-0.73474	-0.69311	-0.62445	-0.53871	-0.44433	-0.33412	-0.31121	-0.20796	-0.12946	-0.010455	0.0077515	-2.2127
973.94	0.032926	-0.0014272	-0.041422	-0.11656	-0.12956	0.30976	-0.20128	-0.22104	-0.19876	-0.20626	0.12068	0.11485	0.45455	0.8775	0.82872	0.22911	-0.32051	-0.69746	-0.83351	-0.77797	-0.73034	-0.64029	-0.55136	-0.45386	-0.35167	-0.30874	-0.21217	-0.12108	-0.0081063	0.024551	-2.525
977.87	0.024853	0.012652	-0.053008	-0.078375	-0.15237	0.31271	-0.18277	-0.20291	-0.1798	-0.14777	0.12019	0.30121	0.5619	0.87397	0.79164	0.13841	-0.46651	-0.8105	-0.94418	-0.84258	-0.76079	-0.67086	-0.57917	-0.46613	-0.34148	-0.3052	-0.20602	-0.1249	-0.017516	0.026732	-2.819
976.71	0.0081883	0.0022839	-0.064837	-0.11315	-0.14477	0.32233	-0.18815	-0.21335	-0.1785	-0.17269	0.02469	-0.023738	0.50793	0.72795	0.63215	-0.090202	-0.61532	-0.93081	-1.0587	-0.9016	-0.80136	-0.73158	-0.58834	-0.48944	-0.37337	-0.32168	-0.21763	-0.1315	-0.012024	0.026002	-3.0902
976.49	0.035226	0.0045097	-0.04759	-0.083113	-0.11538	0.32913	-0.16899	-0.17888	-0.13005	-0.040752	0.18123	0.31793	0.57051	1.1307	0.76743	-0.22097	-0.74412	-1.0378	-1.1243	-0.94429	-0.83575	-0.7123	-0.60388	-0.49347	-0.35807	-0.31638	-0.21919	-0.11933	-0.0057207	0.019159	-3.3371
977.55	0.030423	0.011172	-0.062429	-0.089182	-0.13082	0.33969	-0.14741	-0.16458	-0.10569	-0.024222	0.28526	0.68322	0.70254	0.82012	0.74129	-0.26156	-0.87262	-1.1231	-1.2214	-0.9849	-0.86358	-0.7544	-0.61555	-0.51017	-0.36061	-0.34363	-0.22047	-0.12207	-0.015949	0.026741	-3.5307
977.13	0.018515	0.0059898	-0.042072	-0.091532	-0.11531	0.33815	-0.15633	-0.16465	-0.10347	-0.090175	0.20719	0.28519	0.46867	0.7044	0.55592	-0.40051	-0.9812	-1.2446	-1.2797	-1.0302	-0.88882	-0.78467	-0.63815	-0.53157	-0.38858	-0.32921	-0.23495	-0.14364	-0.015955	0.026751	-3.7441
975.11	0.042443	0.0045161	-0.050801	-0.085547	-0.11641	0.3498	-0.14482	-0.14299	-0.076369	0.050068	0.32083	0.44056	0.68864	0.96948	0.52324	-0.47499	-1.05	-1.2682	-1.3297	-1.0815	-0.89923	-0.79764	-0.63098	-0.52009	-0.36298	-0.32912	-0.2453	-0.12597	-0.015198	0.038998	-3.8889
977.98	0.031997	0.0052444	-0.045952	-0.076828	-0.1178	0.35381	-0.1326	-0.11907	-0.067066	-0.015979	0.40671	0.43926	0.8426	0.80428	0.4711	-0.33489	-1.155	-1.3526	-1.3851	-1.093	-0.94784	-0.80096	-0.663	-0.53737	-0.3919	-0.34272	-0.23096	-0.13491	-0.0088593	0.049518	-4.078
976.92	0.017725	0.00080148	-0.069528	-0.098486	-0.11274	0.36427	-0.13348	-0.12939	-0.054267	-0.10669	0.15508	0.35844	0.703	0.8129	0.22677	-0.662	-1.2739	-1.4406	-1.4647	-1.1522	-0.97763	-0.83259	-0.67066	-0.54344	-0.3916	-0.37761	-0.24485	-0.13865	-0.02935	0.025996	-4.1725
975.43	0.034467	0.011199	-0.043717	-0.064681	-0.091251	0.37156	-0.12037	-0.098961	-0.033871	0.083081	0.39036	0.53814	0.98555	0.82966	0.41313	-0.67119	-1.3552	-1.4942	-1.5113	-1.1924	-0.99235	-0.83953	-0.67091	-0.54035	-0.40979	-0.34669	-0.2437	-0.1403	0.0068963	0.022988	-4.322
977.66	0.02883	0.0067269	-0.036564	-0.064535	-0.11265	0.36736	-0.11789	-0.094033	-0.019416	0.099376	0.25049	0.46378	0.75708	1.0134	0.38689	-0.7023	-1.4289	-1.5587	-1.5671	-1.1938	-0.99941	-0.85784	-0.65783	-0.55635	-0.40227	-0.35509	-0.24844	-0.12349	0.0037308	0.035857	-4.3814
978.4	0.024046	-0.010303	-0.060026	-0.084488	-0.10566	0.35114	-0.11853	-0.11197	-0.039061	-0.057129	0.24161	0.4066	0.64736	0.72668	0.26016	-0.96278	-1.5241	-1.6138	-1.6169	-1.232	-1.0305	-0.87901	-0.68118	-0.55436	-0.4027	-0.35712	-0.26187	-0.12626	-0.004922	0.014566	-4.4074
977.24	0.035995	0.017106	-0.039714	-0.058402	-0.092813	0.37759	-0.099486	-0.086236	-0.023209	0.066436	0.38095	0.56966	0.93691	0.8049	0.34485	-0.84961	-1.5706	-1.6535	-1.6466	-1.24	-0.99751	-0.85821	-0.69432	-0.54797	-0.37976	-0.34221	-0.24098	-0.11351	-0.0041423	0.02979	-4.4485
980.95	0.015277	0.002274	-0.048936	-0.072759	-0.090738	0.37114	-0.11234	-0.089031	-0.021613	0.18114	0.37084	0.49463	0.91003	0.77873	0.30992	-0.69995	-1.5803	-1.6447	-1.6448	-1.2377	-1.0162	-0.8735	-0.70243	-0.55839	-0.41915	-0.33328	-0.23554	-0.14093	0.0052893	0.03195	-4.4791
980.85	0.031112	-0.006586	-0.057533	-0.07814	-0.10453	0.36449	-0.10721	-0.092166	-0.020863	-0.056987	0.37955	0.39748	0.68462	0.6632	0.2679	-0.97666	-1.6023	-1.6692	-1.663	-1.2786	-1.0279	-0.88972	-0.70864	-0.56079	-0.41045	-0.35089	-0.24462	-0.16238	-0.013541	0.015286	-4.5004
979.15	0.030373	0.010416	-0.048244	-0.067512	-0.095219	0.36847	-0.097819	-0.075895	-0.0027643	0.19795	0.44958	0.54421	0.96623	0.84965	0.29364	-0.8887	-1.5738	-1.6578	-1.6606	-1.2645	-1.0281	-0.87511	-0.70219	-0.56098	-0.39363	-0.33925	-0.22464	-0.13404	0.0029411	0.031249	-4.505
979.36	0.020852	0.012632	-0.043541	-0.070571	-0.074491	0.37594	-0.096326	-0.082137	-0.0072965	0.099204	0.34543	0.64143	0.83363	0.94982	0.30199	-0.79888	-1.6251	-1.6918	-1.6722	-1.2797	-1.0465	-0.87653	-0.70126	-0.56321	-0.41253	-0.34683	-0.25934	-0.12614	-0.0033465	0.035035	-4.447
976.49	0.027274	-0.0021648	-0.052299	-0.070008	-0.094613	0.35435	-0.11877	-0.099637	-0.017924	0.10774	0.20732	0.39114	0.67205	0.59647	0.27755	-1.03	-1.6307	-1.6951	-1.6832	-1.2826	-1.0442	-0.88559	-0.71334	-0.56486	-0.40568	-0.35782	-0.24571	-0.14588	-0.0017811	0.022204	-4.4546
972.35	0.032182	0.0037845	-0.032823	-0.064112	-0.084589	0.37443	-0.094793	-0.089032	0.0040631	0.19104	0.32174	0.67873	0.8161	0.7001	0.33811	-0.91134	-1.6313	-1.7006	-1.6911	-1.2881	-1.0494	-0.88773	-0.7009	-0.5783	-0.40447	-0.34393	-0.24828	-0.13498	-0.0033707	0.031467	-4.4913
973.84	0.030539	0.0089861	-0.049294	-0.076384	-0.10702	0.37385	-0.1065	-0.09047	-0.0058179	0.199	0.40844	0.55535	0.84618	0.82325	0.37145	-0.86896	-1.6099	-1.7023	-1.6719	-1.2656	-1.0415	-0.88394	-0.67973	-0.53966	-0.39798	-0.32263	-0.22511	-0.11462	-0.010476	0.037524	-4.4851
973.62	0.012203	-0.0014277	-0.073697	-0.087995	-0.10183	0.36888	-0.128	-0.11331	-0.027856	0.074966	0.28642	0.47388	0.68187	0.70694	0.27837	-1.0249	-1.5804	-1.6689	-1.6761	-1.2553	-1.0418	-0.88495	-0.69612	-0.55866	-0.42084	-0.33809	-0.26467	-0.13768	-0.014433	0.035241	-4.3311
972.35	0.031384	0.0037859	-0.050156	-0.070307	-0.10023	0.34826	-0.12521	-0.11188	-0.016479	0.05849	0.33919	0.62971	0.77689	0.85559	0.33811	-0.82926	-1.4848	-1.5977	-1.6111	-1.2405	-1.0033	-0.85195	-0.67923	-0.53497	-0.39049	-0.31156	-0.23687	-0.11984	-0.0049526	0.026119	-4.2061
976.28	0.02728	0.0067365	-0.061726	-0.10318	-0.11627	0.36199	-0.12175	-0.10594	-0.044451	0.12427	0.50308	0.47259	0.88315	0.7515	0.49727	-0.69513	-1.4199	-1.5399	-1.5475	-1.1881	-0.97205	-0.84042	-0.67109	-0.52653	-0.38526	-0.30877	-0.21242	-0.10285	0.0068902	0.041995	-3.988
977.34	0.023279	-0.014762	-0.066361	-0.11308	-0.1049	0.34144	-0.16146	-0.13718	-0.061813	0.00050007	0.40698	0.31762	0.72611	0.88217	0.25199	-0.65355	-1.3416	-1.4853	-1.4903	-1.1664	-0.98109	-0.83385	-0.65727	-0.51342	-0.38923	-0.33067	-0.2349	-0.13142	0.00058274	0.035868	-3.7471
975.22	0.026514	-0.0058803	-0.065721	-0.092483	-0.11986	0.35228	-0.15516	-0.13433	-0.061188	-0.02428	0.2424	0.5301	0.75897	0.87635	0.48934	-0.61405	-1.2094	-1.3918	-1.4251	-1.0936	-0.93573	-0.7935	-0.62937	-0.5114	-0.38275	-0.30142	-0.22858	-0.1123	-0.0025706	0.035184	-3.5307
977.24	0.021691	-0.003646	-0.053043	-0.10154	-0.12826	0.33896	-0.15705	-0.15993	-0.092859	0.00050012	0.39832	0.48023	0.71837	0.84359	0.49678	-0.31063	-1.0948	-1.2974	-1.3509	-1.0734	-0.90038	-0.77163	-0.63115	-0.48682	-0.36292	-0.29236	-0.22205	-0.11924	0.0092461	0.038913	-3.2335
975.85	0.019335	-0.025174	-0.068819	-0.12405	-0.15009	0.32934	-0.19349	-0.17821	-0.11043	-0.12331	0.076941	0.30999	0.54744	0.74407	0.48902	-0.41738	-0.96285	-1.1932	-1.2693	-1.0234	-0.90866	-0.76543	-0.61353	-0.50478	-0.37223	-0.33041	-0.22692	-0.13305	0.0013733	0.032876	-2.9196
971.07	0.02263	-0.0029237	-0.070735	-0.10838	-0.143	0.33012	-0.18256	-0.18224	-0.1323	-0.14051	0.14727	0.39332	0.79361	0.82559	0.59334	-0.12359	-0.82401	-1.0977	-1.1963	-0.9775	-0.87013	-0.73582	-0.58167	-0.46466	-0.32987	-0.30811	-0.21204	-0.11711	0.0069272	0.016972	-2.6438
973.09	0.032157	-0.0021737	-0.075311	-0.11821	-0.14357	0.32859	-0.20367	-0.21651	-0.15788	-0.057441	0.15569	0.44964	0.59601	0.9171	0.75314	0.01608	-0.69712	-0.99499	-1.092	-0.92627	-0.78014	-0.69854	-0.56345	-0.4574	-0.31816	-0.27281	-0.19183	-0.096707	0.021937	0.031443	-2.3056
973.84	0.020173	-0.017047	-0.087843	-0.1444	-0.16255	0.3039	-0.22648	-0.23365	-0.19346	-0.23109	-0.0013814	0.12301	0.57206	0.69125	0.60014	-0.18061	-0.58173	-0.90152	-1.0159	-0.88459	-0.77954	-0.67933	-0.55142	-0.44289	-0.33261	-0.288	-0.18712	-0.10958	0.0069075	0.026843	-1.9416
972.35	0.025794	-0.002174	-0.077734	-0.13688	-0.17496	0.31871	-0.24018	-0.24582	-0.21278	-0.17346	0.085947	0.2866	0.61215	0.90226	0.73676	0.089964	-0.4408	-0.78809	-0.91333	-0.79648	-0.72529	-0.62263	-0.53369	-0.42781	-0.29487	-0.26686	-0.18969	-0.093899	-0.013659	0.039874	-1.5899
974.26	0.034511	-0.021499	-0.089376	-0.14897	-0.1937	0.29787	-0.25895	-0.27444	-0.23818	-0.26408	0.1555	0.20448	0.53269	0.93928	0.77767	0.31914	-0.27558	-0.66859	-0.80387	-0.73021	-0.68723	-0.58732	-0.50096	-0.39552	-0.28695	-0.25095	-0.17641	-0.092995	0.0053227	0.045133	-1.1743
976.28	0.031257	-0.029613	-0.093115	-0.15638	-0.20715	0.28632	-0.27984	-0.30997	-0.28012	-0.40378	-0.21883	0.057604	0.31282	0.72051	0.7	0.35117	-0.15887	-0.56799	-0.71356	-0.69437	-0.64147	-0.57639	-0.49839	-0.40176	-0.28416	-0.24736	-0.16999	-0.1007	0.0076795	0.035145	-0.77103
973.41	0.021777	0.00080436	-0.092602	-0.13828	-0.2095	0.28379	-0.28659	-0.31639	-0.31211	-0.24775	-0.097336	0.025134	0.44695	0.79253	0.74444	0.426	0.0027878	-0.41957	-0.58228	-0.59885	-0.58018	-0.53097	-0.4782	-0.37461	-0.27985	-0.2427	-0.17125	-0.091636	0.010863	0.039066	-0.3648
975.54	0.034463	-0.016274	-0.10575	-0.14724	-0.20991	0.26634	-0.2941	-0.3424	-0.34631	-0.1894	-0.20157	-0.064489	0.18013	0.71331	0.93728	0.61321	0.082884	-0.3261	-0.49454	-0.51574	-0.52443	-0.48362	-0.40926	-0.33924	-0.23965	-0.22066	-0.15191	-0.068452	0.011629	0.048883	0.079349
975.11	0.021739	-0.031136	-0.11365	-0.17432	-0.23773	0.25636	-0.33491	-0.38812	-0.39198	-0.39601	-0.40195	-0.17856	0.023784	0.65934	0.69241	0.48253	0.19763	-0.23701	-0.41728	-0.49305	-0.48961	-0.46518	-0.41638	-0.35275	-0.24489	-0.23536	-0.1664	-0.077824	-0.010463	0.03214	0.50056
973.52	0.037726	-0.0088677	-0.10282	-0.16223	-0.24159	0.26099	-0.34361	-0.40292	-0.43062	-0.33874	-0.34157	-0.12174	0.18835	0.58276	1.0155	0.78663	0.32308	-0.11093	-0.32152	-0.41107	-0.44517	-0.42776	-0.37686	-0.31319	-0.22104	-0.1934	-0.14083	-0.059236	0.018766	0.034484	0.87453
973.31	0.031353	-0.015566	-0.12646	-0.17851	-0.23643	0.23828	-0.37332	-0.43134	-0.4558	-0.42157	-0.39399	-0.21154	0.047339	0.59844	0.81231	0.80321	0.4239	-0.0021566	-0.20704	-0.33573	-0.36647	-0.38155	-0.34059	-0.28335	-0.19758	-0.19729	-0.13554	-0.05565	0.029049	0.040596	1.3563
972.99	0.0050293	-0.032692	-0.15012	-0.19481	-0.27125	0.20883	-0.40161	-0.47085	-0.50765	-0.61212	-0.59482	-0.38305	-0.21917	0.30337	0.67694	0.60662	0.53663	0.089797	-0.10609	-0.27678	-0.35488	-0.35892	-0.31982	-0.28659	-0.1822	-0.1858	-0.11962	-0.06143	0.017986	0.02992	1.806
