13731	5	3	91	27	747	1	9	8	2.912	128	4096	10	0	0	0	0	372.72	920.26	1.3977e+006	0.1149	0.1261	39.903	0	0	1	0	0	0	11	0	0
918.65	0.015467	-0.039498	-0.1606	-0.24644	-0.33201	-0.40292	-0.48406	-0.62746	-0.72614	-1.0234	-1.0354	-0.78652	-0.82876	-0.26236	0.4498	0.86263	0.81737	0.4666	0.28408	0.012927	-0.1079	-0.15415	-0.17597	-0.15878	-0.14275	-0.12466	-0.071899	-0.026881	0.017508	0.043593	3.3425
917.48	0.014641	-0.045865	-0.16665	-0.2566	-0.34441	-0.42222	-0.50669	-0.64162	-0.744	-0.85793	-1.0923	-1.0386	-0.90464	-0.36982	0.48632	0.68978	0.83344	0.50745	0.32841	0.056435	-0.08073	-0.14056	-0.16307	-0.14312	-0.10629	-0.1142	-0.051831	-0.026912	0.020047	0.050939	3.6353
916.95	0.015496	-0.061687	-0.17427	-0.28876	-0.3658	-0.435	-0.54238	-0.70299	-0.78558	-0.94625	-1.0929	-1.1605	-1.0383	-0.61738	0.32472	0.95126	0.84479	0.5346	0.3486	0.075614	-0.045995	-0.13547	-0.15824	-0.14487	-0.12039	-0.082387	-0.06235	-0.026165	0.011666	0.032332	3.9782
915.88	0.004494	-0.056222	-0.17029	-0.2743	-0.35423	-0.45074	-0.55561	-0.67871	-0.80911	-0.92976	-1.2055	-1.2139	-1.1477	-0.66764	0.28006	0.62127	0.83574	0.56928	0.39866	0.11927	-0.02532	-0.098506	-0.12719	-0.11159	-0.093977	-0.093121	-0.042229	-0.017013	0.041928	0.060762	4.2724
915.35	0.019765	-0.050716	-0.1888	-0.26706	-0.38213	-0.44114	-0.5646	-0.67492	-0.74654	-0.97431	-1.0856	-1.31	-1.29	-0.65976	0.19012	0.86574	0.84878	0.60279	0.43896	0.14637	0.0053607	-0.057962	-0.11575	-0.099095	-0.082311	-0.06943	-0.043869	-0.017023	0.027659	0.040505	4.6848
914.93	0.018926	-0.038077	-0.17465	-0.27377	-0.38693	-0.45211	-0.56802	-0.69785	-0.81723	-1.2653	-1.2067	-1.3107	-1.349	-0.99059	-0.026145	0.66552	0.85671	0.65152	0.48566	0.16039	0.026942	-0.042432	-0.095237	-0.08072	-0.085476	-0.050623	-0.031762	0.015136	0.028514	0.029967	5.0243
914.71	0.016384	-0.068964	-0.16967	-0.28947	-0.40272	-0.48363	-0.60442	-0.74323	-0.85139	-1.1335	-1.2534	-1.4586	-1.466	-0.95776	-0.026134	0.76164	0.85105	0.68936	0.5395	0.22935	0.071778	-0.029476	-0.068103	-0.071527	-0.063602	-0.035068	-0.041475	0.012074	0.051234	0.049468	5.3986
914.18	0.013845	-0.055537	-0.19239	-0.30199	-0.39556	-0.49019	-0.62055	-0.76378	-0.90773	-1.187	-1.3284	-1.5463	-1.6087	-1.4463	-0.10735	0.67481	0.84483	0.7167	0.55587	0.25916	0.10587	0.0033733	-0.060733	-0.070729	-0.058944	-0.045745	-0.026931	-0.0032493	0.012544	0.037307	5.7804
913.54	0.0045039	-0.066673	-0.18414	-0.29725	-0.40694	-0.50222	-0.64546	-0.79115	-0.92213	-1.3113	-1.4781	-1.7387	-1.7685	-1.4059	-0.36924	0.59665	0.83453	0.74685	0.61888	0.29953	0.13172	0.025016	-0.039351	-0.032203	-0.037063	-0.021165	-0.027761	0.0044188	0.041192	0.022693	6.1726
913.65	0.014704	-0.046057	-0.18831	-0.31123	-0.41799	-0.48778	-0.64143	-0.82208	-0.96737	-1.32	-1.4872	-1.8689	-1.9853	-1.7615	-0.45947	0.50924	0.82101	0.76383	0.64129	0.34229	0.17658	0.060496	-0.024519	-0.040583	-0.026099	-0.027726	-0.019658	0.0097883	0.015079	0.038141	6.5345
913.33	0.0036569	-0.067483	-0.1909	-0.32122	-0.43479	-0.5293	-0.66693	-0.83076	-1.0025	-1.4439	-1.6458	-2	-2.0361	-1.8118	-0.68538	0.46573	0.80285	0.80275	0.67766	0.35639	0.18496	0.078696	0.0076163	-0.012078	-0.016711	-0.012964	-0.018046	0.0082553	0.016768	0.026765	6.9205
912.26	0.01047	-0.055654	-0.18104	-0.3084	-0.42325	-0.53081	-0.68273	-0.85105	-1.0151	-1.3926	-1.7687	-2.1243	-2.1639	-1.9963	-0.60483	0.36129	0.76515	0.81538	0.71543	0.40492	0.2243	0.10479	0.020826	0.006384	-0.002617	-0.0080508	-0.0010371	0.0074958	0.039564	0.051231	7.3366
911.3	0.0011087	-0.070812	-0.20057	-0.31863	-0.47099	-0.53588	-0.69295	-0.89902	-1.0656	-1.5443	-1.7985	-2.1701	-2.4424	-2.2307	-0.95842	0.23032	0.75083	0.81444	0.75241	0.44476	0.26036	0.14135	0.037368	0.021523	0.0083668	0.0075672	0.020879	0.013656	0.019337	0.024379	7.7087
910.66	0.0087822	-0.055751	-0.20576	-0.32878	-0.45926	-0.55969	-0.73303	-0.91647	-1.1119	-1.7931	-1.8837	-2.285	-2.4609	-2.5477	-1.1674	0.14285	0.68994	0.86008	0.78596	0.47486	0.29057	0.151	0.05558	0.05014	0.023295	0.02321	0.014397	0.010588	0.037098	0.038266	8.114
910.24	0.0036677	-0.076466	-0.1907	-0.33968	-0.46597	-0.53831	-0.73575	-0.95141	-1.1457	-1.6966	-1.9126	-2.3734	-2.6547	-2.6901	-1.322	0.16921	0.63051	0.85597	0.80325	0.51103	0.33992	0.18842	0.094474	0.05858	0.031951	0.038039	0.030659	0.024451	0.027814	0.026856	8.5418
908.85	-0.0074319	-0.068612	-0.18172	-0.34765	-0.49643	-0.58609	-0.77338	-0.96972	-1.1711	-1.7701	-2.2518	-2.543	-2.9022	-3.0602	-1.6053	-0.10272	0.56993	0.85366	0.82385	0.55396	0.35631	0.21916	0.11698	0.084802	0.046165	0.030677	0.042101	0.017547	0.048179	0.037524	8.9574
907.57	-0.0057322	-0.067112	-0.19464	-0.344	-0.45989	-0.5634	-0.77924	-0.99219	-1.2379	-1.7903	-2.3205	-2.6779	-3.2424	-3.2145	-1.7802	-0.28752	0.48548	0.84672	0.83875	0.58991	0.38694	0.24038	0.12793	0.091674	0.073025	0.049714	0.044606	0.030699	0.025354	0.039215	9.3774
906.83	0.00025839	-0.072759	-0.21001	-0.37001	-0.49661	-0.60913	-0.80453	-1.0327	-1.2928	-1.9694	-2.3411	-2.8904	-3.3881	-3.634	-2.1182	-0.40216	0.41407	0.87005	0.85157	0.60623	0.42326	0.27022	0.16372	0.10104	0.078608	0.062151	0.05117	0.035359	0.020282	0.030234	9.7942
905.65	0.00025709	-0.088848	-0.2052	-0.3655	-0.50005	-0.63167	-0.81354	-1.0654	-1.3076	-1.9364	-2.3629	-3.1572	-3.603	-3.8975	-2.4853	-0.6406	0.30463	0.85758	0.86806	0.63345	0.44813	0.27668	0.18305	0.14009	0.095293	0.071334	0.053685	0.051654	0.041551	0.04668	10.235
905.34	-0.0074607	-0.06408	-0.20697	-0.36314	-0.48529	-0.62282	-0.84967	-1.103	-1.3595	-1.8748	-2.4482	-3.2285	-3.8823	-4.3164	-2.5863	-0.72015	0.2125	0.83703	0.87566	0.67951	0.49693	0.32045	0.19476	0.14521	0.11192	0.091227	0.078218	0.047028	0.031366	0.035209	10.629
904.91	-0.022051	-0.076916	-0.20876	-0.36996	-0.5042	-0.63854	-0.86362	-1.1153	-1.4027	-2.0715	-2.759	-3.4846	-4.078	-4.661	-2.8792	-1.0644	0.10762	0.85103	0.88418	0.7107	0.5106	0.35118	0.23644	0.15883	0.12541	0.094583	0.080708	0.054792	0.032229	0.034403	11.038
905.02	-0.0048909	-0.072104	-0.19604	-0.36244	-0.51347	-0.66114	-0.85794	-1.1541	-1.4442	-2.1692	-2.7399	-3.5193	-4.305	-4.8358	-3.0976	-1.1349	0.0017951	0.8074	0.88569	0.72649	0.54326	0.36512	0.23558	0.19098	0.13725	0.12604	0.092961	0.067948	0.04328	0.036043	11.478
904.48	-0.0048938	-0.066542	-0.22665	-0.35932	-0.52032	-0.66606	-0.89353	-1.1582	-1.4769	-2.1704	-3.0138	-3.6707	-4.6618	-5.4071	-3.6101	-1.4002	-0.13711	0.78519	0.86919	0.73574	0.55953	0.39419	0.26401	0.19617	0.14207	0.11783	0.08811	0.081934	0.033948	0.024563	11.859
903.63	-0.017787	-0.090649	-0.20227	-0.37882	-0.5339	-0.67033	-0.91513	-1.1797	-1.5168	-2.2795	-3.0636	-3.806	-4.835	-5.5795	-3.7504	-1.7283	-0.28052	0.75686	0.86919	0.77706	0.58779	0.40681	0.27676	0.21331	0.15566	0.11545	0.10293	0.070379	0.042497	0.041031	12.242
903.63	-0.016927	-0.089848	-0.20397	-0.38465	-0.53203	-0.68577	-0.89757	-1.217	-1.5594	-2.3419	-3.1482	-3.8763	-5.2401	-6.0146	-4.1793	-1.9491	-0.44246	0.69509	0.85134	0.77618	0.61048	0.42256	0.28759	0.20653	0.16754	0.13287	0.11275	0.075807	0.027166	0.026229	12.623
902.78	-0.019523	-0.064261	-0.19992	-0.37	-0.53066	-0.67096	-0.9128	-1.2665	-1.6141	-2.585	-3.4145	-4.0296	-5.3802	-6.3887	-4.5944	-2.3487	-0.59817	0.6621	0.85702	0.79194	0.61526	0.46149	0.31037	0.24661	0.1772	0.13963	0.1104	0.077433	0.045946	0.028723	12.986
900.96	-0.023872	-0.089311	-0.18501	-0.37075	-0.54486	-0.68415	-0.93545	-1.2648	-1.6436	-2.5276	-3.2988	-4.1347	-5.6366	-6.7876	-4.8508	-2.4952	-0.74903	0.63519	0.8278	0.8263	0.6519	0.47471	0.32771	0.242	0.18629	0.15572	0.12048	0.089255	0.042622	0.023833	13.391
899.9	-0.018723	-0.075733	-0.21162	-0.39544	-0.54644	-0.69682	-0.94136	-1.3071	-1.7146	-2.5933	-3.482	-4.0954	-5.889	-7.1149	-5.2598	-2.7996	-0.86485	0.57848	0.80759	0.83172	0.66786	0.50163	0.33897	0.26272	0.19128	0.15757	0.13871	0.08391	0.034121	0.013129	13.7
898.83	-0.033431	-0.085494	-0.2042	-0.37079	-0.55367	-0.7013	-0.97137	-1.3198	-1.7265	-2.6053	-3.694	-4.4715	-6.3033	-7.4766	-5.4863	-3.1759	-1.0372	0.53807	0.80202	0.8398	0.68555	0.50926	0.36366	0.28179	0.20265	0.15692	0.12159	0.076212	0.030736	0.029677	14.052
897.77	-0.033471	-0.086401	-0.21127	-0.40141	-0.53927	-0.70762	-0.95163	-1.329	-1.7245	-2.6532	-3.7079	-4.521	-6.6082	-7.7381	-5.6857	-3.2152	-1.1826	0.47288	0.78091	0.86391	0.70835	0.53013	0.36241	0.28212	0.21165	0.17381	0.14563	0.090351	0.026487	0.023919	14.398
896.06	-0.043934	-0.088181	-0.20227	-0.35598	-0.55538	-0.72637	-0.97437	-1.3623	-1.7831	-2.7032	-4.0655	-4.6272	-6.7825	-8.1241	-6.0555	-3.6844	-1.3525	0.43805	0.75702	0.86823	0.7114	0.53731	0.3967	0.29377	0.22722	0.17414	0.1426	0.099126	0.045431	0.025624	14.684
894.35	-0.060512	-0.08673	-0.18124	-0.37012	-0.51393	-0.71032	-1.0141	-1.3632	-1.7956	-2.6454	-3.8264	-4.8758	-7.0427	-8.4777	-6.3161	-3.8699	-1.5092	0.38474	0.72894	0.86721	0.72379	0.55867	0.40335	0.31232	0.22925	0.17866	0.12799	0.089914	0.020565	0.011548	14.98
894.14	-0.060527	-0.079462	-0.19585	-0.36263	-0.51878	-0.70865	-0.96759	-1.3661	-1.8614	-2.8532	-4.0363	-4.7792	-7.3345	-8.7334	-6.7788	-4.1743	-1.6364	0.32333	0.70286	0.86742	0.75454	0.58534	0.41523	0.31325	0.22291	0.18373	0.15449	0.096988	0.028317	0.018198	15.243
892.97	-0.063215	-0.093355	-0.17466	-0.36311	-0.53081	-0.7105	-1.0149	-1.373	-1.8497	-2.884	-3.975	-4.999	-7.626	-8.9819	-7.0925	-4.3317	-1.8127	0.28606	0.68079	0.87749	0.75553	0.58168	0.41831	0.32653	0.23762	0.19237	0.14558	0.091622	0.038693	0.0090711	15.489
892.33	-0.042377	-0.10641	-0.21599	-0.38193	-0.53309	-0.66686	-0.98977	-1.4067	-1.8925	-2.9222	-4.1016	-5.2073	-7.8793	-9.3358	-7.2547	-4.4958	-1.9565	0.23659	0.65086	0.88617	0.7833	0.59273	0.43801	0.31904	0.2418	0.18746	0.15149	0.096399	0.033547	0.011574	15.716
892.01	-0.091138	-0.13811	-0.19804	-0.39135	-0.56643	-0.68458	-1.0281	-1.4175	-1.9131	-2.8871	-4.2744	-5.2805	-7.9847	-9.7036	-7.5532	-4.8463	-2.111	0.18147	0.62971	0.88739	0.7623	0.60181	0.44239	0.33547	0.25311	0.18753	0.16399	0.10115	0.032695	0.024072	15.899
892.43	-0.071954	-0.14048	-0.19021	-0.35574	-0.5387	-0.71185	-1.0551	-1.4254	-1.9263	-2.8947	-4.2438	-5.358	-8.3655	-9.8514	-7.7344	-5.0675	-2.2653	0.12251	0.60229	0.89143	0.78066	0.61215	0.44892	0.34991	0.26501	0.20256	0.14898	0.085396	0.018886	0.001583	16.102
892.11	-0.090255	-0.12429	-0.20231	-0.38371	-0.57489	-0.72498	-1.0215	-1.4628	-1.9601	-3.0854	-4.35	-5.4312	-8.5053	-10.262	-8.2549	-5.3824	-2.3623	0.075634	0.58277	0.88012	0.78945	0.63098	0.4474	0.35261	0.25629	0.19759	0.15982	0.087783	0.016303	-0.012575	16.236
891.37	-0.098171	-0.13984	-0.19904	-0.37643	-0.5384	-0.71914	-1.0386	-1.4322	-1.9585	-2.9524	-4.5537	-5.5605	-8.7007	-10.304	-8.2155	-5.4944	-2.4477	0.037941	0.57668	0.90055	0.79352	0.6253	0.44861	0.35892	0.26453	0.20028	0.15663	0.094931	0.026677	0.0065866	16.365
891.58	-0.11557	-0.12599	-0.22133	-0.36705	-0.51837	-0.72542	-1.0052	-1.4517	-2.0078	-3.0059	-4.4288	-5.5681	-8.998	-10.811	-8.5003	-5.7616	-2.5451	-0.0081015	0.55103	0.88692	0.8027	0.63313	0.45273	0.33649	0.25564	0.20611	0.14664	0.086264	0.00077706	-0.020083	16.495
891.37	-0.10863	-0.14796	-0.20419	-0.39247	-0.54693	-0.7127	-1.0086	-1.4159	-2.0066	-3.097	-4.5823	-5.7744	-8.9317	-10.83	-8.6689	-5.9062	-2.6583	-0.039412	0.52566	0.87997	0.79948	0.63595	0.4655	0.3529	0.2549	0.19355	0.14003	0.090216	0.0033674	0.00075017	16.608
891.15	-0.10342	-0.1415	-0.23519	-0.34611	-0.52715	-0.69813	-1.0145	-1.4747	-1.9606	-2.917	-4.5644	-5.7134	-9.2077	-10.951	-8.745	-5.9793	-2.7423	-0.076266	0.50685	0.89182	0.79712	0.6361	0.46899	0.35729	0.27422	0.19864	0.15086	0.087878	-0.0044025	-0.011755	16.68
890.41	-0.10525	-0.13755	-0.20958	-0.37261	-0.52	-0.69503	-1.0259	-1.4708	-2.0196	-3.0732	-4.511	-5.7895	-9.2411	-11.054	-9.0024	-6.1277	-2.8246	-0.10306	0.48586	0.86837	0.8012	0.63841	0.47023	0.34984	0.24634	0.18787	0.15099	0.087164	0.0042365	-0.034294	16.751
890.3	-0.14626	-0.17417	-0.23284	-0.35659	-0.51627	-0.69972	-1.0098	-1.4675	-1.9982	-3.1098	-4.6927	-5.8527	-9.2765	-11.149	-8.8924	-6.1733	-2.8559	-0.12152	0.49251	0.89267	0.80129	0.64914	0.46353	0.35763	0.2536	0.18452	0.13355	0.073008	-0.013916	-0.025954	16.808
890.51	-0.1253	-0.17657	-0.20611	-0.36749	-0.53417	-0.68204	-1.0493	-1.4749	-2.0418	-3.0548	-4.663	-5.8513	-9.4713	-11.299	-8.9088	-6.1539	-2.869	-0.11503	0.47591	0.8826	0.82668	0.66053	0.46003	0.35066	0.25594	0.19037	0.141	0.065908	-0.025147	-0.029285	16.853
890.41	-0.14537	-0.15544	-0.22592	-0.36415	-0.52949	-0.67383	-1.0008	-1.4372	-1.9955	-3.0823	-4.7971	-5.852	-9.4382	-11.309	-9.1784	-6.3249	-2.9227	-0.12335	0.46773	0.88271	0.79778	0.63841	0.47531	0.35845	0.25356	0.17945	0.13021	0.065129	-0.013914	-0.045142	16.853
890.09	-0.14891	-0.17015	-0.23547	-0.35667	-0.52683	-0.68329	-1.0044	-1.4653	-2.0203	-2.839	-4.5889	-5.8005	-9.3645	-11.194	-8.9872	-6.2644	-2.9255	-0.14829	0.46543	0.89109	0.80831	0.63686	0.45941	0.33533	0.24642	0.17868	0.1261	0.066728	-0.025159	-0.033472	16.841
890.51	-0.15058	-0.19365	-0.24655	-0.40215	-0.53986	-0.66729	-0.99016	-1.4241	-1.977	-2.9914	-4.7107	-5.7799	-9.4113	-11.24	-9.0477	-6.1897	-2.863	-0.11043	0.49239	0.87274	0.80707	0.63656	0.46257	0.33862	0.22542	0.18448	0.12189	0.079284	-0.016505	-0.042634	16.817
890.09	-0.17072	-0.20351	-0.2656	-0.39135	-0.53063	-0.67591	-1.002	-1.4257	-1.9762	-2.9476	-4.6366	-5.7559	-9.2616	-11.211	-8.876	-6.1658	-2.879	-0.12984	0.47697	0.87585	0.79466	0.63153	0.46787	0.34997	0.24723	0.18457	0.12361	0.058068	-0.026887	-0.049333	16.841
889.98	-0.18033	-0.22388	-0.28543	-0.40831	-0.53259	-0.67323	-0.96401	-1.4026	-1.964	-2.9751	-4.5513	-5.6406	-9.2884	-11.221	-8.9697	-6.1934	-2.9103	-0.13447	0.45065	0.88134	0.79646	0.64938	0.47046	0.34226	0.24967	0.18375	0.14358	0.066734	-0.035537	-0.038487	16.82
889.55	-0.2197	-0.24515	-0.27695	-0.39327	-0.54805	-0.69939	-0.96528	-1.3731	-1.9649	-3.1214	-4.7348	-5.7326	-9.4472	-11.124	-9.0111	-6.4027	-2.9091	-0.14745	0.4789	0.87368	0.79428	0.6408	0.46222	0.34156	0.23612	0.1712	0.11121	0.04865	-0.032094	-0.055209	16.811
889.66	-0.19524	-0.21826	-0.29587	-0.35854	-0.51094	-0.66701	-0.98057	-1.4057	-1.8766	-2.9128	-4.6388	-5.714	-9.4289	-11.182	-9.0193	-6.2764	-2.9028	-0.14559	0.48049	0.88524	0.81553	0.65316	0.46301	0.33894	0.24654	0.17792	0.12949	0.051794	-0.027763	-0.058543	16.854
888.27	-0.18593	-0.21615	-0.29805	-0.41079	-0.50603	-0.65049	-0.94719	-1.351	-1.9328	-3.0443	-4.7034	-5.7498	-9.2805	-11.217	-9.1169	-6.2412	-2.8599	-0.094993	0.4928	0.87584	0.80739	0.64083	0.47136	0.33861	0.23082	0.1706	0.11553	0.060553	-0.04167	-0.077037	16.829
887.31	-0.20188	-0.23842	-0.28542	-0.38324	-0.50848	-0.61975	-0.91082	-1.3144	-1.864	-2.8479	-4.5458	-5.8455	-9.196	-11.135	-8.8293	-6.1221	-2.8172	-0.074745	0.50904	0.90557	0.8134	0.63261	0.47951	0.3407	0.23188	0.18008	0.092315	0.05667	-0.046919	-0.062886	16.703
887.85	-0.20351	-0.24889	-0.29216	-0.4042	-0.50532	-0.6693	-0.91271	-1.3732	-1.9171	-3.0367	-4.4475	-5.5736	-9.1819	-10.89	-8.8426	-5.8757	-2.7154	-0.058984	0.51865	0.87626	0.8018	0.63401	0.44361	0.32496	0.20596	0.15127	0.10809	0.031379	-0.048623	-0.08879	16.531
888.59	-0.24528	-0.25031	-0.30312	-0.392	-0.5049	-0.65118	-0.87136	-1.2548	-1.8422	-3.0251	-4.4533	-5.712	-8.9253	-10.745	-8.5939	-5.9336	-2.6554	-0.029375	0.52482	0.88541	0.78061	0.60679	0.43477	0.30831	0.20498	0.14439	0.08219	0.014795	-0.07543	-0.094569	16.399
888.81	-0.21988	-0.26736	-0.29787	-0.40123	-0.51808	-0.62794	-0.86872	-1.27	-1.8293	-2.8884	-4.2134	-5.5229	-8.7515	-10.479	-8.4619	-5.5012	-2.5125	0.017732	0.54037	0.87262	0.78128	0.6013	0.42365	0.28238	0.17999	0.13677	0.085499	0.022675	-0.062424	-0.094546	16.212
887.95	-0.23671	-0.27251	-0.27745	-0.39737	-0.49194	-0.62577	-0.83219	-1.2341	-1.766	-2.7824	-4.3704	-5.3225	-8.6139	-10.395	-8.2378	-5.6863	-2.4269	0.059347	0.5665	0.88694	0.76065	0.59298	0.40795	0.27833	0.17935	0.11243	0.064755	0.0092814	-0.09455	-0.11221	16.027
888.27	-0.23226	-0.25284	-0.30581	-0.37605	-0.51174	-0.64033	-0.81322	-1.2104	-1.7504	-2.7088	-4.4358	-5.4457	-8.4991	-10.085	-7.7613	-5.235	-2.2596	0.11015	0.59933	0.89022	0.75439	0.58653	0.39171	0.27306	0.17848	0.10732	0.058901	-0.017545	-0.086718	-0.09042	15.737
888.38	-0.24883	-0.3107	-0.30147	-0.4082	-0.51929	-0.60052	-0.8326	-1.1852	-1.7194	-2.8354	-3.986	-5.1768	-8.2062	-9.7176	-7.7697	-4.902	-2.1446	0.1471	0.61907	0.86136	0.76028	0.56332	0.38319	0.26182	0.15914	0.1014	0.044735	-0.013598	-0.1049	-0.11215	15.53
887.74	-0.26301	-0.25789	-0.29564	-0.39068	-0.49872	-0.60928	-0.77065	-1.1481	-1.7031	-2.783	-3.9793	-5.0553	-7.7997	-9.3159	-7.3479	-4.7797	-2.0046	0.21655	0.66414	0.86288	0.74971	0.56551	0.38346	0.27322	0.14556	0.10148	0.043936	-0.014397	-0.076368	-0.12897	15.249
886.99	-0.24397	-0.2924	-0.30021	-0.41647	-0.49438	-0.60609	-0.79	-1.1163	-1.6995	-2.5765	-3.9252	-4.9342	-7.6687	-9.2385	-7.0751	-4.3969	-1.8491	0.26763	0.67462	0.87081	0.73065	0.53835	0.36342	0.2389	0.14245	0.09565	0.038969	-0.024679	-0.093784	-0.114	14.978
887.21	-0.26929	-0.29315	-0.29668	-0.43504	-0.49711	-0.58466	-0.75973	-1.1272	-1.6258	-2.6757	-3.953	-4.6375	-7.4262	-8.9465	-6.8131	-4.4588	-1.7053	0.31105	0.70092	0.8715	0.7125	0.54089	0.36248	0.22935	0.12791	0.071127	0.028119	-0.03573	-0.1033	-0.12486	14.699
887.42	-0.2421	-0.26614	-0.35618	-0.41627	-0.4989	-0.57897	-0.7311	-1.1313	-1.5845	-2.5117	-3.7224	-4.7796	-7.2954	-8.5695	-6.5141	-4.071	-1.5944	0.34705	0.72802	0.8524	0.70805	0.51849	0.32762	0.22325	0.12707	0.07871	0.016441	-0.049143	-0.11455	-0.12651	14.419
887.95	-0.22097	-0.26925	-0.32059	-0.45671	-0.49194	-0.56291	-0.70061	-1.0564	-1.5727	-2.5374	-3.5767	-4.5889	-6.9475	-8.3089	-6.3709	-3.745	-1.4511	0.41247	0.74411	0.8465	0.71533	0.51105	0.31979	0.19723	0.1133	0.067693	0.025595	-0.034121	-0.11362	-0.13145	14.099
887.85	-0.25248	-0.28641	-0.29992	-0.41014	-0.46249	-0.53894	-0.70719	-1.066	-1.5479	-2.5287	-3.5484	-4.4552	-6.6305	-8.0204	-6.1301	-3.6016	-1.3141	0.46337	0.77228	0.84301	0.68377	0.46658	0.31305	0.18172	0.093175	0.048286	-0.0060641	-0.041229	-0.096294	-0.13733	13.825
888.91	-0.24344	-0.26407	-0.35558	-0.40033	-0.44483	-0.52167	-0.65928	-1.0285	-1.4978	-2.3897	-3.4391	-4.4052	-6.5367	-7.8407	-5.6681	-3.2562	-1.1703	0.49975	0.77796	0.83302	0.66672	0.47403	0.28981	0.16772	0.090649	0.044854	-0.0093872	-0.058521	-0.10657	-0.12797	13.465
889.77	-0.25717	-0.30696	-0.34405	-0.3881	-0.45675	-0.49903	-0.65136	-1.0146	-1.4698	-2.3965	-3.579	-4.2314	-6.2647	-7.4168	-5.5144	-3.1634	-1.0176	0.55093	0.80772	0.82683	0.63621	0.44514	0.27853	0.16153	0.078505	0.012805	-0.020186	-0.054528	-0.10992	-0.11365	13.092
889.45	-0.27822	-0.2916	-0.26751	-0.39078	-0.41701	-0.46137	-0.63862	-0.9926	-1.4129	-2.343	-3.2556	-4.2686	-5.9668	-7.139	-5.164	-2.7966	-0.87501	0.58528	0.82368	0.8065	0.63046	0.42663	0.26171	0.15125	0.063255	0.019548	-0.021859	-0.060848	-0.11689	-0.1329	12.786
890.3	-0.25527	-0.26284	-0.2707	-0.35659	-0.40712	-0.46646	-0.62261	-0.97358	-1.4282	-2.5398	-3.1381	-4.0414	-5.7298	-6.8095	-5.0201	-2.4265	-0.74682	0.63635	0.82536	0.77346	0.6145	0.40313	0.24539	0.1382	0.041503	0.011954	-0.028484	-0.060005	-0.12369	-0.15114	12.403
891.47	-0.2201	-0.25356	-0.26519	-0.3291	-0.39142	-0.47966	-0.61856	-0.97144	-1.3831	-2.2744	-3.2292	-3.9559	-5.4998	-6.4952	-4.6712	-2.4949	-0.62638	0.6705	0.84649	0.7787	0.58047	0.37954	0.21974	0.11567	0.031821	-0.0065564	-0.045873	-0.079576	-0.10712	-0.13843	12.063
893.61	-0.21088	-0.22864	-0.26112	-0.31147	-0.399	-0.46106	-0.61466	-0.99141	-1.3525	-2.1879	-2.9744	-3.7509	-5.3074	-6.2259	-4.3924	-2.1138	-0.50486	0.68727	0.85021	0.7563	0.56719	0.3627	0.21163	0.086249	0.01974	-0.0098969	-0.040798	-0.075464	-0.11634	-0.12231	11.677
894.25	-0.19771	-0.18879	-0.22324	-0.30283	-0.35525	-0.4332	-0.61341	-0.94015	-1.3474	-2.2403	-3.0578	-3.5884	-5.0136	-6.01	-4.2509	-2.0142	-0.39912	0.71799	0.85207	0.74059	0.53791	0.35006	0.19212	0.081903	-0.0034707	-0.036708	-0.05897	-0.094216	-0.10937	-0.1405	11.273
895.31	-0.15411	-0.18937	-0.211	-0.32517	-0.34633	-0.40517	-0.59577	-0.92877	-1.3251	-2.1027	-2.9688	-3.6107	-4.8884	-5.7158	-3.8957	-1.6641	-0.26345	0.75105	0.86989	0.72634	0.522	0.3152	0.17087	0.061267	-0.0010697	-0.031642	-0.067162	-0.083147	-0.1101	-0.12207	10.938
896.27	-0.11843	-0.18513	-0.19282	-0.28283	-0.34219	-0.40291	-0.5911	-0.92863	-1.2973	-2.1184	-2.8519	-3.4207	-4.5598	-5.4735	-3.5971	-1.6178	-0.14435	0.77223	0.85669	0.69262	0.49264	0.31398	0.15137	0.044961	-0.02501	-0.050839	-0.062138	-0.095567	-0.11857	-0.11448	10.498
897.13	-0.13735	-0.16397	-0.18751	-0.23977	-0.30419	-0.38148	-0.59617	-0.92262	-1.2788	-2.0446	-2.7829	-3.3023	-4.2749	-5.0722	-3.2627	-1.2961	-0.046011	0.79345	0.87713	0.69374	0.46339	0.27579	0.12438	0.032963	-0.031364	-0.059981	-0.081046	-0.086885	-0.098729	-0.096154	10.123
897.77	-0.1018	-0.12109	-0.20359	-0.22953	-0.30491	-0.33732	-0.57084	-0.90148	-1.2465	-2.0342	-2.5067	-3.2734	-4.2549	-4.7401	-3.0123	-0.93068	0.080317	0.80569	0.85363	0.6568	0.44276	0.25005	0.10417	0.013313	-0.056041	-0.063278	-0.078516	-0.1079	-0.10295	-0.12257	9.7443
897.98	-0.1182	-0.12348	-0.19843	-0.21523	-0.28225	-0.36924	-0.57954	-0.89103	-1.2034	-2.0516	-2.5722	-3.2107	-4.0585	-4.4023	-2.7361	-0.91268	0.17841	0.83749	0.85996	0.63531	0.41137	0.24294	0.094085	-0.0046058	-0.059212	-0.084962	-0.085087	-0.10475	-0.092636	-0.09358	9.3441
898.51	-0.12332	-0.13711	-0.18722	-0.20002	-0.23507	-0.36628	-0.58963	-0.86492	-1.178	-1.6828	-2.4006	-3.1558	-3.8693	-4.2398	-2.4591	-0.66347	0.28489	0.8443	0.85455	0.62606	0.39845	0.20848	0.061357	-0.019952	-0.051216	-0.084078	-0.092447	-0.12106	-0.096865	-0.096832	8.9332
898.51	-0.077514	-0.10971	-0.14715	-0.1774	-0.26422	-0.3407	-0.57117	-0.84446	-1.1467	-1.8173	-2.1927	-2.9259	-3.5468	-3.9705	-2.3306	-0.53911	0.37271	0.85161	0.85292	0.59053	0.37732	0.2032	0.058008	-0.027625	-0.071118	-0.094088	-0.089978	-0.11639	-0.11571	-0.085255	8.4949
899.26	-0.099901	-0.12169	-0.13851	-0.14879	-0.23487	-0.34407	-0.59716	-0.84631	-1.1285	-1.78	-2.1626	-2.9058	-3.2894	-3.5721	-2.0535	-0.44104	0.44141	0.85273	0.8514	0.55631	0.34407	0.15994	0.027825	-0.036121	-0.085376	-0.10734	-0.11623	-0.10694	-0.0771	-0.078574	8.1155
900.54	-0.065271	-0.10383	-0.1213	-0.14942	-0.25893	-0.3773	-0.56988	-0.8315	-1.0932	-1.8311	-2.0086	-2.5401	-3.2	-3.3487	-1.8308	-0.31635	0.52926	0.86155	0.83064	0.53249	0.31323	0.14655	0.010231	-0.068398	-0.093991	-0.11968	-0.095525	-0.10367	-0.094083	-0.079288	7.6905
901.18	-0.073841	-0.082056	-0.087205	-0.13344	-0.25875	-0.38797	-0.57828	-0.82411	-1.0579	-1.6689	-1.9978	-2.4237	-2.91	-3.0779	-1.6922	-0.11246	0.59859	0.8582	0.81377	0.50643	0.27677	0.11749	0.0010357	-0.058149	-0.10186	-0.11543	-0.10613	-0.098157	-0.07523	-0.065216	7.2988
901.71	-0.040213	-0.06273	-0.085454	-0.1534	-0.25578	-0.37135	-0.56514	-0.79134	-1.0319	-1.525	-1.9495	-2.2725	-2.7729	-2.8413	-1.2613	0.038074	0.65261	0.84404	0.78888	0.47869	0.26061	0.099881	-0.01232	-0.084453	-0.10021	-0.10788	-0.088018	-0.096546	-0.059823	-0.037161	6.8796
902.99	-0.031557	-0.076277	-0.06582	-0.16235	-0.27695	-0.3781	-0.56115	-0.78512	-0.99353	-1.6388	-1.9656	-2.1813	-2.6	-2.6531	-1.3691	0.22359	0.6975	0.85921	0.77964	0.43913	0.24258	0.084852	-0.023973	-0.086029	-0.12304	-0.12599	-0.1051	-0.098737	-0.06059	-0.056034	6.4754
903.52	-0.0057579	-0.038557	-0.07002	-0.17558	-0.28052	-0.39968	-0.5688	-0.77618	-0.96756	-1.5844	-1.7764	-2.1624	-2.4888	-2.367	-1.1584	0.19696	0.72168	0.84234	0.73859	0.4106	0.19873	0.036669	-0.056451	-0.095305	-0.12455	-0.11264	-0.1296	-0.10333	-0.045224	-0.02722	6.109
904.38	0.0054093	-0.037719	-0.073342	-0.17958	-0.29427	-0.37661	-0.54115	-0.73902	-0.94293	-1.4226	-1.6245	-2.0813	-2.343	-2.2477	-0.81986	0.49682	0.76929	0.81886	0.71437	0.38374	0.19183	0.024395	-0.059726	-0.11131	-0.12602	-0.11585	-0.11148	-0.086961	-0.057094	-0.018978	5.7016
905.55	0.00025712	-0.026473	-0.076631	-0.18184	-0.29576	-0.38065	-0.54522	-0.72284	-0.9172	-1.4296	-1.7818	-1.9295	-2.0621	-1.9777	-0.76415	0.26704	0.77844	0.81055	0.68186	0.35945	0.13456	-0.0018324	-0.069624	-0.10947	-0.11796	-0.14219	-0.11052	-0.076791	-0.035777	-0.00090323	5.3062
907.47	0.030205	0.0055071	-0.087445	-0.17068	-0.28768	-0.38437	-0.52182	-0.71793	-0.87368	-1.2136	-1.4225	-2.0567	-2.1249	-1.8819	-0.59894	0.50391	0.80803	0.78712	0.67314	0.34462	0.13846	-0.011415	-0.10846	-0.13372	-0.12165	-0.13363	-0.11762	-0.096704	-0.034003	0.0089262	4.9667
907.04	0.03878	-0.00087625	-0.085797	-0.18569	-0.30459	-0.38184	-0.51173	-0.69293	-0.86104	-1.2674	-1.4793	-1.7161	-1.9493	-1.7744	-0.57192	0.33698	0.84895	0.76939	0.63868	0.28056	0.089965	-0.034956	-0.11183	-0.14308	-0.15246	-0.1436	-0.10871	-0.076664	-0.014507	0.0081101	4.5438
907.36	0.019939	-0.016842	-0.090834	-0.18812	-0.28027	-0.37085	-0.53062	-0.67918	-0.82731	-1.1871	-1.3571	-1.7243	-1.7133	-1.4321	-0.26269	0.57433	0.8419	0.74832	0.60046	0.2743	0.079054	-0.057602	-0.12673	-0.15823	-0.14216	-0.14768	-0.11845	-0.07046	-0.02468	0.025305	4.2163
907.04	0.046484	0.0023175	-0.096776	-0.18569	-0.26546	-0.36645	-0.4998	-0.66253	-0.80639	-1.072	-1.1797	-1.5585	-1.5878	-1.4076	-0.2355	0.64491	0.85149	0.71781	0.55054	0.23217	0.048105	-0.068954	-0.13756	-0.17095	-0.16034	-0.14608	-0.12012	-0.089797	-0.023839	0.0081101	3.8978
907.36	0.03192	0.0039122	-0.099275	-0.19558	-0.2961	-0.36994	-0.48691	-0.63865	-0.76534	-1.0983	-1.3571	-1.5054	-1.4191	-1.1155	-0.12635	0.77662	0.85203	0.68318	0.53013	0.18987	0.017962	-0.095073	-0.1624	-0.16583	-0.16975	-0.15429	-0.14617	-0.085905	-0.010261	0.024485	3.5579
907.47	0.04304	-0.012847	-0.12121	-0.19805	-0.28675	-0.34729	-0.47095	-0.64617	-0.73917	-1.036	-1.0856	-1.3302	-1.503	-0.99874	0.019093	0.8293	0.85531	0.65959	0.49935	0.1661	-0.0029624	-0.11423	-0.18063	-0.18945	-0.17761	-0.16088	-0.12333	-0.094387	-0.019587	0.026118	3.2939
906.61	0.046506	-0.023245	-0.10527	-0.20404	-0.29261	-0.33675	-0.46424	-0.60791	-0.7162	-1.0104	-1.0492	-1.3227	-1.2267	-0.94132	0.028203	0.67162	0.85189	0.63848	0.44481	0.13369	-0.033117	-0.13265	-0.17499	-0.19554	-0.16279	-0.1693	-0.13161	-0.084429	0.0050074	0.013851	2.9692
906.4	0.029385	-0.028047	-0.082477	-0.18167	-0.27404	-0.35222	-0.46514	-0.60214	-0.718	-0.89506	-1.0119	-1.2792	-1.1177	-0.80808	0.2921	0.74223	0.858	0.60331	0.4174	0.10467	-0.078364	-0.16758	-0.20575	-0.19558	-0.18334	-0.17761	-0.13409	-0.099911	-0.021309	0.035167	2.6823
907.15	0.032784	0.0055091	-0.089165	-0.1865	-0.26263	-0.32931	-0.44091	-0.59657	-0.70925	-0.77889	-0.91751	-0.96287	-1.0999	-0.67406	0.32822	0.68883	0.86659	0.56028	0.38956	0.074672	-0.086671	-0.16047	-0.22135	-0.20978	-0.18792	-0.17829	-0.12745	-0.092878	-0.0026292	0.040053	2.456
908	0.040449	-0.0096507	-0.093301	-0.18881	-0.26239	-0.34347	-0.44605	-0.56564	-0.69555	-0.83139	-1.0569	-1.0057	-0.93929	-0.40699	0.35517	0.83758	0.83962	0.53987	0.34477	0.036809	-0.11586	-0.18906	-0.22446	-0.21887	-0.17908	-0.18555	-0.13222	-0.09742	0.0041544	0.03265	2.2191
908.43	0.041286	-0.028781	-0.10844	-0.17464	-0.26878	-0.34692	-0.43949	-0.55525	-0.6374	-0.83986	-0.76667	-0.9178	-0.89686	-0.35686	0.355	1.0129	0.83163	0.50076	0.32523	0.01483	-0.11079	-0.19941	-0.2343	-0.22214	-0.1971	-0.16649	-0.15007	-0.085032	-0.0060121	0.021185	1.9883
909.28	0.03783	-0.0096372	-0.10665	-0.18275	-0.27875	-0.32222	-0.4256	-0.51935	-0.66365	-0.94538	-0.86867	-0.97809	-0.76182	-0.36485	0.36373	0.77498	0.81063	0.46418	0.27007	-0.021168	-0.15244	-0.22531	-0.24567	-0.24552	-0.20636	-0.18776	-0.14668	-0.084182	0.015149	0.033423	1.762
910.24	0.025847	-0.023949	-0.12169	-0.19	-0.24782	-0.33631	-0.41643	-0.53395	-0.58981	-0.79395	-0.78379	-0.95088	-0.69398	-0.19834	0.50833	0.97581	0.80136	0.42762	0.24963	-0.030791	-0.17314	-0.23116	-0.26195	-0.24021	-0.19907	-0.17521	-0.14652	-0.087172	0.019361	0.046445	1.5933
911.09	0.047982	-0.010414	-0.099711	-0.20387	-0.25964	-0.32158	-0.39704	-0.51916	-0.61767	-0.86395	-0.76443	-0.73202	-0.67658	-0.12347	0.48973	0.87854	0.77623	0.39028	0.2011	-0.071929	-0.19631	-0.2483	-0.27409	-0.2568	-0.22322	-0.18821	-0.15207	-0.071709	0.0066744	0.031725	1.4201
910.88	0.017305	-0.031884	-0.11571	-0.18904	-0.26156	-0.32977	-0.40189	-0.5218	-0.59589	-0.81992	-0.81121	-0.80195	-0.50927	-0.2314	0.56229	0.76487	0.72679	0.35433	0.14961	-0.1105	-0.23304	-0.28221	-0.2659	-0.2577	-0.20757	-0.18661	-0.14886	-0.051726	-0.0026185	0.031732	1.2271
912.16	0.040264	-0.028663	-0.096234	-0.18878	-0.25934	-0.30591	-0.41398	-0.51183	-0.58938	-0.73047	-0.63319	-0.80955	-0.55036	-0.23936	0.61576	0.95626	0.73081	0.32954	0.11562	-0.12696	-0.23271	-0.28095	-0.28945	-0.27666	-0.2159	-0.18224	-0.14297	-0.076234	-0.0059907	0.048793	1.0949
912.69	0.029181	-0.012777	-0.091142	-0.19032	-0.24345	-0.30483	-0.38924	-0.50649	-0.57768	-0.76534	-0.75378	-0.70463	-0.59183	-0.056987	0.52503	0.75459	0.71275	0.29247	0.086622	-0.1505	-0.25754	-0.28685	-0.29341	-0.26894	-0.22361	-0.20102	-0.1437	-0.073886	0.00075908	0.041437	0.95357
913.97	0.047831	-0.0072102	-0.10107	-0.17687	-0.24773	-0.3026	-0.37685	-0.48986	-0.54774	-0.71138	-0.59478	-0.6428	-0.44079	-0.015555	0.53332	0.92817	0.68158	0.24806	0.059213	-0.17386	-0.25303	-0.29683	-0.29712	-0.26102	-0.22408	-0.18926	-0.16373	-0.076083	-8.1877e-005	0.026747	0.88973
914.5	0.033371	-0.0095821	-0.091799	-0.19652	-0.25221	-0.29166	-0.37427	-0.47282	-0.55065	-0.80785	-0.56657	-0.64243	-0.30708	0.017536	0.59615	0.84037	0.64265	0.21291	0.0086475	-0.21565	-0.27696	-0.3226	-0.31834	-0.28768	-0.22786	-0.19488	-0.14827	-0.06991	-0.012707	0.029167	0.77269
915.25	0.035039	-0.023026	-0.096745	-0.17416	-0.24092	-0.29501	-0.38105	-0.49001	-0.54535	-0.7896	-0.65891	-0.67662	-0.2485	0.11664	0.67676	0.77865	0.61952	0.19749	-0.010594	-0.20239	-0.30992	-0.32838	-0.3148	-0.27321	-0.22221	-0.19718	-0.14249	-0.087462	0.0015989	0.048628	0.73164
917.06	0.040049	-0.023771	-0.10909	-0.18777	-0.24782	-0.2989	-0.38738	-0.46732	-0.53056	-0.58602	-0.53721	-0.59733	-0.21474	0.025743	0.77437	0.88154	0.61663	0.17472	-0.032969	-0.21156	-0.30351	-0.31825	-0.31746	-0.28354	-0.23503	-0.17718	-0.12043	-0.084232	-0.01267	0.025037	0.69972
917.91	0.023093	-0.014281	-0.11399	-0.17857	-0.25587	-0.30041	-0.34852	-0.51613	-0.52282	-0.66446	-0.68473	-0.52754	-0.27271	0.19042	0.68379	0.75899	0.60854	0.17008	-0.032938	-0.24093	-0.3115	-0.33346	-0.31552	-0.26908	-0.22624	-0.19906	-0.14288	-0.088734	0.0091385	0.032298	0.69516
918.97	0.039121	-0.022146	-0.093853	-0.18	-0.25006	-0.29381	-0.38657	-0.49386	-0.51416	-0.5848	-0.59154	-0.5615	-0.34708	0.31361	0.71888	0.87101	0.60034	0.16006	-0.0329	-0.22589	-0.31279	-0.32791	-0.33318	-0.27794	-0.22364	-0.13929	-0.14111	-0.077955	0.0041048	0.035493	0.72252
919.61	0.034027	-0.020553	-0.11378	-0.18806	-0.24989	-0.3061	-0.39415	-0.47519	-0.51702	-0.60192	-0.44338	-0.47473	-0.25561	0.23118	0.61077	0.88777	0.58742	0.14924	-0.059997	-0.24656	-0.32331	-0.33026	-0.3264	-0.28608	-0.21648	-0.19787	-0.14503	-0.072568	0.003264	0.033853	0.7362
920.04	0.028948	-0.0418	-0.10374	-0.16261	-0.2415	-0.28812	-0.38221	-0.45248	-0.50231	-0.52284	-0.59085	-0.56948	-0.20576	0.26396	0.79872	0.78326	0.56467	0.13757	-0.055982	-0.25338	-0.32068	-0.34472	-0.31725	-0.27179	-0.22416	-0.18882	-0.13692	-0.078627	0.010789	0.033032	0.70732
919.72	0.026426	-0.036301	-0.1271	-0.18968	-0.237	-0.30428	-0.40038	-0.4693	-0.50168	-0.6544	-0.5726	-0.41423	-0.27217	0.32159	0.80797	0.86163	0.58319	0.12602	-0.052013	-0.2474	-0.31749	-0.32162	-0.33372	-0.27522	-0.2289	-0.19948	-0.11686	-0.094655	-0.016816	0.022541	0.72404
919.72	0.020515	-0.015042	-0.10294	-0.18313	-0.27099	-0.30964	-0.38156	-0.4793	-0.49846	-0.62812	-0.62798	-0.32786	-0.24729	0.28048	0.64656	0.76619	0.59152	0.14566	-0.056799	-0.25434	-0.33483	-0.33108	-0.30999	-0.28271	-0.23046	-0.21252	-0.13536	-0.083226	0.014141	0.029003	0.72404
919.72	0.028114	-0.03709	-0.1221	-0.18068	-0.26364	-0.30339	-0.41449	-0.49512	-0.51294	-0.68067	-0.47103	-0.53515	-0.18095	0.32981	0.73624	0.77484	0.57986	0.13048	-0.056002	-0.22917	-0.30428	-0.32506	-0.31899	-0.27189	-0.22579	-0.17015	-0.13617	-0.081703	-0.0084486	0.042737	0.7362
919.08	0.012082	-0.030024	-0.13886	-0.20865	-0.27853	-0.32771	-0.39124	-0.49047	-0.52778	-0.7425	-0.5545	-0.46636	-0.17277	0.15729	0.66497	0.7754	0.5836	0.14218	-0.056041	-0.24757	-0.3078	-0.32787	-0.31921	-0.26624	-0.22128	-0.18331	-0.11372	-0.067274	0.0049395	0.019322	0.73316
918.23	0.018858	-0.046616	-0.12396	-0.21458	-0.27511	-0.32802	-0.41909	-0.47424	-0.52102	-0.60282	-0.48105	-0.45815	-0.25599	0.23978	0.66558	0.56753	0.57746	0.14321	-0.043312	-0.22694	-0.29403	-0.31267	-0.30967	-0.2523	-0.18176	-0.1794	-0.1235	-0.061994	0.014164	0.041187	0.87605
918.23	0.021395	-0.039516	-0.14733	-0.20474	-0.28707	-0.31997	-0.41988	-0.51595	-0.53311	-0.76072	-0.51804	-0.58791	-0.42213	0.23155	0.66558	0.86303	0.59665	0.15662	-0.034524	-0.21738	-0.2841	-0.31784	-0.30312	-0.25648	-0.22226	-0.16471	-0.1235	-0.081835	0.012487	0.029859	1.0493
918.65	0.023075	-0.039498	-0.12558	-0.2112	-0.28234	-0.33591	-0.39613	-0.50821	-0.54736	-0.69899	-0.70267	-0.57899	-0.2974	0.11621	0.62038	0.66282	0.61222	0.18156	-0.017742	-0.21641	-0.28893	-0.30048	-0.28331	-0.24468	-0.18946	-0.17361	-0.11136	-0.064254	0.0057806	0.036315	1.1694
918.44	0.015471	-0.041873	-0.13728	-0.21043	-0.27321	-0.34671	-0.45041	-0.51333	-0.55312	-0.63776	-0.62886	-0.54454	-0.3473	0.10801	0.71034	0.88021	0.6132	0.19591	0.00062374	-0.18692	-0.27329	-0.29797	-0.27846	-0.24307	-0.18795	-0.14835	-0.096886	-0.067321	0.0074584	0.037134	1.3973
918.55	0.033224	-0.033983	-0.12893	-0.22352	-0.28881	-0.34578	-0.40089	-0.52161	-0.5885	-0.76924	-0.63804	-0.66554	-0.39708	0.025701	0.59353	0.88878	0.64398	0.21554	0.023781	-0.18776	-0.25342	-0.27469	-0.27351	-0.24054	-0.19182	-0.14996	-0.092042	-0.044427	0.016673	0.035509	1.5721
917.48	0.027337	-0.042706	-0.15246	-0.22952	-0.30849	-0.36676	-0.45087	-0.5648	-0.5916	-0.74379	-0.74059	-0.80485	-0.43078	0.11636	0.55824	0.79415	0.65308	0.22742	0.05579	-0.16363	-0.24709	-0.27501	-0.28039	-0.22328	-0.19516	-0.14769	-0.12682	-0.048298	0.014176	0.043649	1.7832
917.48	0.027337	-0.041917	-0.14494	-0.24183	-0.29836	-0.37749	-0.47053	-0.57482	-0.61095	-0.81402	-0.72207	-0.5451	-0.38922	0.091632	0.74702	0.77675	0.67396	0.2641	0.074176	-0.13579	-0.22723	-0.24226	-0.24675	-0.21243	-0.17099	-0.13952	-0.072796	-0.048298	0.0066263	0.033932	2.0111
916.63	0.015501	-0.041165	-0.15176	-0.21413	-0.31154	-0.37426	-0.47097	-0.57201	-0.62362	-0.83234	-0.76907	-0.79692	-0.38126	-0.13096	0.59477	0.72523	0.69882	0.31629	0.11826	-0.10371	-0.2059	-0.25197	-0.23795	-0.2026	-0.17661	-0.156	-0.093848	-0.046048	0.0099919	0.029099	2.2647
917.06	0.012955	-0.054573	-0.16172	-0.22388	-0.31877	-0.3893	-0.47311	-0.59848	-0.6435	-0.84075	-0.83353	-0.86584	-0.63059	-0.023726	0.57648	0.71618	0.73275	0.34478	0.1518	-0.081903	-0.18179	-0.21564	-0.23209	-0.1883	-0.15079	-0.13713	-0.094612	-0.061308	0.0057907	0.034759	2.5016
916.42	0.022286	-0.030111	-0.14511	-0.23472	-0.3236	-0.3842	-0.4695	-0.58051	-0.67463	-0.9468	-0.79705	-0.73643	-0.58942	-0.197	0.4779	0.76024	0.76419	0.39518	0.19272	-0.045386	-0.1554	-0.19163	-0.21008	-0.18592	-0.14778	-0.12987	-0.05512	-0.034591	0.02343	0.038026	2.7688
916.52	0.012963	-0.059345	-0.15512	-0.24701	-0.32172	-0.40475	-0.49227	-0.61806	-0.68827	-0.85002	-0.92666	-0.99636	-0.70586	-0.21347	0.53185	0.95169	0.76494	0.42738	0.23432	-0.017518	-0.12224	-0.18989	-0.19198	-0.16166	-0.12591	-0.097961	-0.080945	-0.054464	0.0041141	0.042886	3.0936
