13061	4	3	91	25.6	752.5	1	4	8	0.582	128	4096	10	0	0	0	0	74.493	933.48	1.4214e+006	0.1153	0.025173	39.948	0	0	1	0	0	0	11	0	0
935.49	0.040588	-0.034699	-0.10509	-0.19852	-0.26525	-0.14318	-0.40023	-0.50099	-0.55726	-0.71897	-0.72197	-0.64042	-0.36672	0.085679	0.56654	0.84983	0.6291	0.24928	0.038265	-0.18701	-0.25991	-0.29923	-0.28777	-0.24812	-0.2135	-0.18394	-0.11886	-0.086064	0.0013174	0.017728	2.248
938.58	0.027217	-0.03227	-0.13086	-0.19787	-0.28148	-0.1567	-0.41966	-0.54179	-0.60036	-0.6222	-0.69245	-0.6891	-0.52804	-0.10794	0.66135	0.85553	0.70702	0.30443	0.10848	-0.11922	-0.20323	-0.25697	-0.25956	-0.23017	-0.19222	-0.17695	-0.11532	-0.067862	0.0021309	0.039835	2.6246
936.34	0.018162	0.00091467	-0.11726	-0.22326	-0.28125	-0.17198	-0.45224	-0.52754	-0.63972	-0.72691	-0.88455	-0.91979	-0.55374	-0.16472	0.61007	0.86611	0.75943	0.39019	0.20039	-0.058143	-0.15344	-0.23393	-0.24008	-0.20535	-0.19497	-0.14936	-0.11954	-0.065779	-0.0036138	0.020886	2.9783
934.42	0.029002	-0.034739	-0.13718	-0.22775	-0.30986	-0.17409	-0.46243	-0.57454	-0.6917	-0.73702	-0.90454	-0.82816	-0.78343	-0.37541	0.5319	0.91058	0.78805	0.46215	0.26831	0.0023739	-0.11637	-0.20903	-0.22124	-0.20331	-0.16705	-0.14244	-0.10158	-0.061416	0.0087313	0.034445	3.4032
934.53	0.014042	-0.025435	-0.14045	-0.2245	-0.29897	-0.18373	-0.4809	-0.58021	-0.70429	-0.90071	-1.0407	-0.95556	-0.87311	-0.432	0.30237	0.74823	0.81583	0.49986	0.3193	0.028847	-0.09767	-0.18108	-0.18899	-0.17624	-0.15478	-0.13441	-0.089691	-0.044163	0.0079058	0.019336	3.7658
931.87	0.032413	-0.016957	-0.1392	-0.23887	-0.32703	-0.21068	-0.50472	-0.60899	-0.75314	-0.78225	-1.1439	-1.1288	-1.1048	-0.67663	0.34748	0.78462	0.82392	0.56823	0.38554	0.085451	-0.049054	-0.14341	-0.15965	-0.17181	-0.15139	-0.12434	-0.10106	-0.054816	0.012885	0.034542	4.1435
934.21	0.024852	-0.020791	-0.14869	-0.23747	-0.3452	-0.19258	-0.52353	-0.64027	-0.79163	-0.89238	-1.3683	-1.2705	-1.1918	-0.88534	0.14356	0.79973	0.83169	0.63798	0.46152	0.14759	-0.0066633	-0.11428	-0.1383	-0.12791	-0.13799	-0.12242	-0.088138	-0.065929	0.021912	0.030477	4.5574
935.17	0.0098818	-0.039358	-0.15182	-0.26379	-0.33401	-0.21345	-0.55384	-0.67894	-0.79953	-1.081	-1.2943	-1.49	-1.4271	-1.0138	-0.024163	0.71357	0.83576	0.67068	0.4987	0.19523	0.028258	-0.079495	-0.12045	-0.13352	-0.12179	-0.10146	-0.077764	-0.04788	0.018597	0.033625	4.9894
931.98	0.023245	-0.030167	-0.15727	-0.26146	-0.34785	-0.22739	-0.56657	-0.70099	-0.83481	-1.1192	-1.3898	-1.5719	-1.4238	-1.212	-0.068486	0.47626	0.8304	0.70733	0.55393	0.23871	0.057688	-0.045833	-0.087745	-0.1052	-0.10072	-0.090547	-0.083587	-0.054058	0.0029728	0.030551	5.3456
929.31	0.020806	-0.039606	-0.15525	-0.26059	-0.37975	-0.23776	-0.58216	-0.75494	-0.90009	-1.2525	-1.476	-1.6362	-1.7234	-1.5896	-0.32607	0.50339	0.82206	0.75352	0.59577	0.29092	0.11423	-0.0025687	-0.060456	-0.098909	-0.084077	-0.07871	-0.074274	-0.030839	-0.0077839	0.029039	5.7789
930.38	0.036638	-0.033334	-0.1526	-0.25624	-0.38386	-0.25866	-0.6063	-0.78701	-0.94598	-1.4069	-1.5473	-1.7624	-2.0657	-1.6772	-0.56503	0.41704	0.81453	0.78618	0.65264	0.33176	0.14104	0.026331	-0.049062	-0.066682	-0.06553	-0.064119	-0.049538	-0.030049	0.0095959	0.034598	6.1605
928.89	0.028338	-0.036504	-0.15944	-0.28015	-0.38539	-0.22461	-0.63756	-0.79487	-0.98573	-1.4872	-1.6138	-2.0132	-2.1511	-2.0543	-0.73465	0.33179	0.78532	0.806	0.6908	0.38814	0.19685	0.058719	-0.018345	-0.044518	-0.057166	-0.061803	-0.04006	-0.021801	-0.012757	0.026651	6.5844
928.36	0.032536	-0.031844	-0.17521	-0.27464	-0.41382	-0.24861	-0.65812	-0.84402	-1.0229	-1.5574	-1.8617	-2.0229	-2.3906	-2.2591	-0.96605	0.23744	0.73543	0.8321	0.73228	0.42017	0.22805	0.077493	0.0051573	-0.028042	-0.036396	-0.038426	-0.031316	-0.010491	0.012931	0.028269	6.9538
928.36	0.015809	-0.051348	-0.15541	-0.27545	-0.41291	-0.27249	-0.64724	-0.85309	-1.0532	-1.6095	-1.9166	-2.1513	-2.7028	-2.536	-1.2059	0.18586	0.67272	0.82945	0.76547	0.45799	0.26404	0.12263	0.022996	-0.011535	-0.034856	-0.036005	-0.025738	-0.018793	0.017078	0.025067	7.3335
928.04	0.019997	-0.031075	-0.16619	-0.29177	-0.39849	-0.26462	-0.67078	-0.88393	-1.103	-1.7142	-2.1003	-2.4088	-2.8024	-2.9605	-1.3485	0.013939	0.61846	0.83504	0.79577	0.4848	0.29195	0.14312	0.049771	0.014052	-0.027929	-0.024712	-0.014588	-0.0074731	0.017911	0.036285	7.6437
925.69	0.0125	-0.049931	-0.15751	-0.29739	-0.42505	-0.29366	-0.70676	-0.91844	-1.1514	-1.675	-2.1973	-2.5007	-2.8919	-3.0578	-1.6638	-0.22741	0.55796	0.84957	0.80649	0.53258	0.32878	0.16826	0.065346	0.014087	-0.0032752	-0.0077725	-0.017023	-0.0021947	0.014633	0.025943	8.0172
925.59	0.031794	-0.046027	-0.16249	-0.27546	-0.42967	-0.28217	-0.72399	-0.94752	-1.1803	-1.7971	-2.1975	-2.5954	-3.3042	-3.2787	-1.762	-0.29641	0.50505	0.84878	0.82561	0.56627	0.34359	0.18963	0.090565	0.036436	0.0083152	-0.0077734	-0.0090317	0.00083298	0.014634	0.017918	8.3347
921.97	0.014232	-0.057989	-0.16313	-0.30104	-0.41852	-0.29218	-0.73231	-0.97617	-1.2178	-1.909	-2.2246	-2.9072	-3.3917	-3.5294	-2.1178	-0.3928	0.41978	0.84321	0.85112	0.59446	0.37541	0.2204	0.11378	0.049875	0.021536	0.0011391	0.0085872	0.0046371	0.018029	0.016378	8.6536
921.75	0.01845	-0.055646	-0.164	-0.31499	-0.44796	-0.29314	-0.74108	-0.97723	-1.2414	-1.8744	-2.3909	-2.8561	-3.5248	-3.768	-2.0914	-0.54007	0.35256	0.85142	0.83461	0.60239	0.40269	0.23503	0.11462	0.051549	0.026198	0.010896	0.0029694	0.0091998	0.014695	0.0325	8.9574
921.22	0.016774	-0.033665	-0.17158	-0.3119	-0.43721	-0.31291	-0.74777	-1.0252	-1.2814	-1.9367	-2.4384	-3.1251	-3.6262	-3.9836	-2.4418	-0.78294	0.30369	0.84389	0.85818	0.63133	0.41776	0.25319	0.13512	0.071538	0.036306	0.0092757	0.011806	0.026697	0.020551	0.034939	9.2354
921.86	0.0041286	-0.038355	-0.17395	-0.30842	-0.45707	-0.32872	-0.7942	-1.0419	-1.3191	-1.9965	-2.492	-3.166	-3.9133	-4.2433	-2.6817	-0.91224	0.21705	0.83618	0.86316	0.64387	0.443	0.27446	0.13421	0.074812	0.040935	0.023903	0.021427	0.0031169	0.020537	0.037332	9.5103
920.69	0.024374	-0.040764	-0.1825	-0.30145	-0.45765	-0.31487	-0.79756	-1.0416	-1.3191	-2.0428	-2.6058	-3.2477	-4.0591	-4.2651	-2.7209	-0.96542	0.14078	0.81496	0.84833	0.66116	0.45016	0.29112	0.15891	0.086555	0.055749	0.022306	0.021455	0.016821	0.013038	0.030926	9.7625
919.62	0.0041386	-0.045537	-0.17688	-0.31981	-0.46921	-0.32595	-0.78044	-1.0653	-1.3665	-2.124	-2.6458	-3.286	-4.1053	-4.7304	-2.9573	-1.1227	0.074293	0.80519	0.86446	0.68536	0.48784	0.30178	0.17382	0.10249	0.072145	0.038631	0.027111	0.0099841	0.025606	0.022881	10.009
915.9	0.0066973	-0.062327	-0.14916	-0.317	-0.45174	-0.31114	-0.81276	-1.0897	-1.3955	-2.1503	-2.9254	-3.308	-4.3968	-4.9643	-3.0954	-1.2057	0.017716	0.80309	0.87038	0.70122	0.50226	0.32028	0.19754	0.11712	0.074002	0.041244	0.02803	0.029914	0.0080666	0.022974	10.232
916.22	0.014323	-0.049658	-0.15245	-0.31854	-0.4811	-0.3397	-0.83373	-1.0952	-1.4241	-2.1144	-2.7761	-3.3416	-4.3703	-5.0286	-3.2923	-1.4231	-0.051691	0.7849	0.85647	0.70533	0.50623	0.32707	0.2024	0.11457	0.065388	0.033049	0.044977	0.012313	0.0021861	0.021345	10.415
917.71	0.0007615	-0.059049	-0.16306	-0.3213	-0.47663	-0.33468	-0.83787	-1.1026	-1.4306	-2.1109	-2.9474	-3.4746	-4.6042	-5.1357	-3.3499	-1.4381	-0.095853	0.79167	0.87106	0.70679	0.52775	0.33171	0.19387	0.13359	0.06918	0.042795	0.035229	0.027564	0.012244	0.026168	10.573
918.77	-0.0051551	-0.050308	-0.1637	-0.32584	-0.4724	-0.32089	-0.83298	-1.1222	-1.458	-2.3013	-2.9532	-3.462	-4.5574	-5.3437	-3.5973	-1.6276	-0.17162	0.75591	0.85808	0.719	0.52714	0.35886	0.22478	0.12926	0.072991	0.048455	0.040826	0.026771	0.0055285	0.0075377	10.787
919.09	0.0024507	-0.046352	-0.16948	-0.31017	-0.46396	-0.33507	-0.82955	-1.1284	-1.4792	-2.2041	-3.0076	-3.5645	-4.7384	-5.4981	-3.6858	-1.5749	-0.20407	0.74314	0.87693	0.73004	0.53191	0.35358	0.20586	0.12755	0.086975	0.047622	0.049665	0.016087	0.013061	0.0059192	10.916
914.62	-0.0068755	-0.051329	-0.16528	-0.31992	-0.46161	-0.33671	-0.86673	-1.139	-1.4921	-2.3382	-3.0966	-3.4343	-4.7115	-5.4507	-3.8211	-1.6699	-0.22433	0.75216	0.85636	0.72576	0.5395	0.36741	0.21428	0.14325	0.090527	0.05687	0.043439	0.027657	0.0072354	0.010821	11.047
912.81	-0.011143	-0.052224	-0.15722	-0.32715	-0.47456	-0.35087	-0.83368	-1.1547	-1.4934	-2.2899	-2.9818	-3.6673	-4.6707	-5.6023	-3.8648	-1.7256	-0.27849	0.73387	0.86449	0.74468	0.56636	0.3742	0.21965	0.14605	0.087574	0.065193	0.041902	0.010059	0.021582	0.013285	11.142
913.87	-0.016229	-0.055333	-0.17715	-0.32841	-0.50452	-0.35135	-0.8698	-1.134	-1.5127	-2.2784	-3.1828	-3.5674	-4.8906	-5.8274	-3.8603	-1.9244	-0.32763	0.7402	0.84823	0.74556	0.55905	0.36165	0.23587	0.1484	0.086688	0.065937	0.04833	0.017712	0.021556	0.012457	11.229
914.62	-0.0085741	-0.03945	-0.14518	-0.33638	-0.47639	-0.36273	-0.88092	-1.1733	-1.5301	-2.2325	-3.0873	-3.7556	-4.97	-5.8144	-4.1097	-1.888	-0.38265	0.72165	0.85075	0.75804	0.57686	0.38816	0.25049	0.15079	0.10382	0.052772	0.050717	0.024594	0.016492	0.023819	11.332
915.58	-0.028919	-0.054438	-0.17264	-0.31958	-0.48513	-0.33187	-0.87685	-1.1646	-1.5212	-2.3006	-3.1026	-3.769	-5.0481	-5.9486	-4.1144	-1.8686	-0.40065	0.72	0.86107	0.75463	0.57211	0.40157	0.24612	0.16988	0.10528	0.058446	0.046623	0.026098	0.0047093	0.015679	11.404
914.94	-0.018756	-0.043395	-0.1602	-0.3486	-0.49193	-0.34377	-0.86091	-1.1955	-1.5312	-2.4078	-3.1512	-3.8411	-5.1017	-6.1181	-4.2524	-2.0007	-0.44531	0.70346	0.85045	0.7726	0.58745	0.40963	0.25205	0.1633	0.093623	0.061763	0.058786	0.023819	0.0080751	0.0035096	11.443
910.57	-0.016287	-0.049966	-0.14835	-0.33539	-0.44511	-0.34993	-0.87533	-1.176	-1.5499	-2.4636	-3.1663	-3.7549	-5.0089	-6.0395	-4.2729	-2.0629	-0.4382	0.70863	0.8642	0.77982	0.58693	0.40638	0.24334	0.16324	0.088574	0.054653	0.058254	0.014699	0.01403	0.004342	11.448
910.35	-0.013731	-0.057137	-0.14165	-0.31149	-0.45078	-0.36083	-0.85098	-1.167	-1.5535	-2.3226	-3.1018	-3.7645	-5.2111	-6.1323	-4.301	-1.9932	-0.44419	0.7088	0.84587	0.77912	0.58874	0.4004	0.25249	0.17254	0.10981	0.081008	0.044453	0.027016	0.0030434	0.005976	11.499
912.49	-0.016253	-0.059386	-0.1472	-0.34706	-0.44788	-0.35009	-0.86954	-1.1484	-1.5653	-2.3349	-3.1504	-3.8775	-5.2407	-6.2008	-4.3	-2.0323	-0.46582	0.71164	0.86158	0.77905	0.58237	0.40293	0.2453	0.16542	0.096225	0.065216	0.049215	0.017739	-0.0045527	0.015732	11.478
913.87	-0.016229	-0.059296	-0.14446	-0.32018	-0.48511	-0.35046	-0.88401	-1.1659	-1.5233	-2.3313	-3.062	-3.8282	-5.2411	-6.1335	-4.3296	-2.003	-0.45757	0.70248	0.85064	0.78486	0.59561	0.40232	0.24081	0.15678	0.10469	0.061016	0.050759	0.019247	0.0089261	0.016523	11.481
915.04	-0.022996	-0.052095	-0.17358	-0.31812	-0.46879	-0.3509	-0.86554	-1.1652	-1.552	-2.4164	-3.188	-3.8233	-5.2428	-6.1422	-4.2069	-2.1487	-0.49215	0.70517	0.85516	0.78123	0.58406	0.39403	0.24626	0.16244	0.097522	0.065034	0.049884	0.039897	-0.002859	0.0026977	11.471
914.19	-0.023866	-0.061653	-0.14944	-0.32336	-0.45813	-0.35841	-0.84346	-1.1772	-1.5559	-2.3041	-3.1166	-3.7226	-5.2143	-6.1727	-4.2559	-2.1158	-0.47668	0.70852	0.84633	0.77672	0.58377	0.39093	0.24978	0.17014	0.092916	0.077391	0.061262	0.018473	0.015657	0.0075755	11.457
909.82	-0.017154	-0.05717	-0.16363	-0.31664	-0.46219	-0.33578	-0.85861	-1.1854	-1.526	-2.3063	-3.1223	-3.8103	-5.1806	-6.1275	-4.2401	-2.0032	-0.45792	0.7047	0.85523	0.76905	0.57573	0.3902	0.24602	0.15916	0.098865	0.083529	0.042039	0.025492	0.0098128	-0.00055472	11.463
911.42	-0.029902	-0.041972	-0.15241	-0.31443	-0.45674	-0.3523	-0.8302	-1.1514	-1.5257	-2.3022	-2.977	-3.7862	-5.113	-6.1085	-4.1874	-2.0435	-0.44451	0.71337	0.85293	0.75457	0.57472	0.38518	0.25219	0.16561	0.094769	0.060356	0.057389	0.018529	-0.0054035	0.0067822	11.461
910.25	-0.019705	-0.043618	-0.16692	-0.29085	-0.44898	-0.3257	-0.83048	-1.147	-1.4903	-2.2256	-3.2327	-3.6777	-5.0441	-6.1164	-4.0388	-1.9233	-0.38785	0.73052	0.85564	0.7608	0.57963	0.37351	0.25169	0.15067	0.082319	0.060434	0.037142	0.02933	0.020799	0.0067925	11.376
913.13	-0.011989	-0.044272	-0.14793	-0.28829	-0.44756	-0.34355	-0.8634	-1.1232	-1.4953	-2.2626	-3.018	-3.6226	-4.8946	-5.8156	-3.9538	-1.8124	-0.3237	0.7471	0.85615	0.75666	0.56616	0.3758	0.22452	0.15356	0.082841	0.061887	0.044318	0.023866	0.0030342	0.0010738	11.186
914.19	-0.0034816	-0.033924	-0.13184	-0.32254	-0.4378	-0.31621	-0.82453	-1.1177	-1.4895	-2.1543	-2.8937	-3.6444	-4.7387	-5.6351	-3.6785	-1.6182	-0.2412	0.76419	0.86238	0.74006	0.54224	0.34855	0.21438	0.13829	0.070228	0.045419	0.032937	0.016941	0.020709	0.0067632	11.003
915.58	-0.0060207	-0.033873	-0.15507	-0.29656	-0.45467	-0.33367	-0.8351	-1.1093	-1.4719	-2.2478	-2.9357	-3.5435	-4.6649	-5.3459	-3.6189	-1.5548	-0.18477	0.75586	0.85787	0.70408	0.51985	0.33939	0.22063	0.12386	0.06856	0.046168	0.039352	0.0062008	0.02488	0.0043182	10.827
913.44	-0.017086	-0.025229	-0.15794	-0.32527	-0.46498	-0.33265	-0.84652	-1.1161	-1.4381	-2.1648	-2.8031	-3.4387	-4.5005	-5.2176	-3.4648	-1.3313	-0.10888	0.78817	0.8687	0.72057	0.52273	0.33845	0.19313	0.10653	0.067153	0.046276	0.036203	0.0069819	0.021566	0.011648	10.579
914.62	-0.0043284	-0.028364	-0.17198	-0.31498	-0.45792	-0.33491	-0.81389	-1.0762	-1.4104	-2.118	-2.7717	-3.3995	-4.3029	-5.12	-3.253	-1.2947	-0.079422	0.79973	0.86037	0.70481	0.51957	0.32505	0.18794	0.10556	0.059247	0.036383	0.010275	0.01157	0.015649	0.011633	10.362
913.02	-0.0026361	-0.04428	-0.14292	-0.30069	-0.45965	-0.32111	-0.79399	-1.0487	-1.3918	-2.0688	-2.73	-3.3185	-4.1767	-4.9717	-3.1232	-1.1309	0.0018295	0.81372	0.87875	0.69906	0.49719	0.30916	0.17838	0.10406	0.043682	0.02906	0.014343	-0.0022252	0.013992	0.0067703	10.167
914.08	0.0092592	-0.038681	-0.16705	-0.28881	-0.48592	-0.29919	-0.78123	-1.0676	-1.378	-2.0752	-2.7268	-3.5405	-4.1218	-4.635	-2.8849	-1.1121	0.064687	0.81546	0.86408	0.6834	0.47252	0.29063	0.16829	0.08802	0.040502	0.015907	0.011898	0.0085094	0.023234	0.015705	9.8878
917.71	0.0041472	-0.042474	-0.16723	-0.28357	-0.44349	-0.31947	-0.78915	-1.0508	-1.3532	-2.0144	-2.6883	-3.1197	-4.0307	-4.4272	-2.7837	-0.94246	0.12871	0.83729	0.86467	0.67027	0.45493	0.26536	0.1586	0.070142	0.012283	0.011761	0.0013711	-0.0075572	0.0055349	0.017261	9.6115
916.85	0.0083864	-0.032245	-0.15736	-0.29286	-0.42639	-0.32962	-0.76786	-1.0217	-1.3109	-1.8581	-2.626	-3.2093	-3.8515	-4.2664	-2.4175	-0.89111	0.21239	0.83806	0.86227	0.65087	0.43797	0.25526	0.15218	0.066865	0.028678	0.0044165	-0.0083097	0.010777	0.0088986	0.024573	9.3592
917.17	0.0058419	-0.019598	-0.16733	-0.30343	-0.44006	-0.33129	-0.71962	-0.99547	-1.2806	-1.9277	-2.3936	-2.9743	-3.6506	-4.0754	-2.3267	-0.71678	0.29251	0.85478	0.84038	0.62628	0.42043	0.24827	0.13407	0.042619	0.01853	-0.0053931	-0.017987	-0.0045073	-0.0028523	0.015652	9.0344
917.71	0.013454	-0.034581	-0.15471	-0.29915	-0.42875	-0.31143	-0.72785	-0.98321	-1.2404	-1.751	-2.3089	-2.9726	-3.4905	-3.8094	-2.1096	-0.53375	0.36079	0.84623	0.84309	0.60505	0.3937	0.22831	0.098723	0.042592	-0.00096535	-0.0062062	-0.017977	-0.009848	0.0021826	0.014025	8.7307
917.07	0.021084	-0.039344	-0.15398	-0.27556	-0.41431	-0.3018	-0.71734	-0.96635	-1.2243	-1.8225	-2.1994	-2.7408	-3.31	-3.5152	-1.9133	-0.27307	0.44959	0.86651	0.83888	0.58284	0.37162	0.19312	0.099613	0.021737	-0.00096603	-0.0062105	-0.03251	-0.011384	0.018125	0.022135	8.4088
918.67	0.0075235	-0.01878	-0.15538	-0.29229	-0.40531	-0.28787	-0.70039	-0.90629	-1.1779	-1.7492	-2.1679	-2.5804	-3.105	-3.254	-1.7932	-0.28128	0.51219	0.84981	0.82863	0.55751	0.33047	0.19365	0.078136	0.0016849	-0.017316	-0.033938	-0.017151	-0.022805	0.016419	0.017243	8.0671
920.8	0.020999	-0.038399	-0.16084	-0.27036	-0.41172	-0.28096	-0.68389	-0.90919	-1.1406	-1.6402	-2.1168	-2.3674	-3.1143	-3.1479	-1.6458	-0.15929	0.56259	0.85141	0.80521	0.53022	0.32393	0.16056	0.081224	-0.0024783	-0.027373	-0.029789	-0.023539	-0.0090559	0.021394	0.028501	7.7435
923.67	0.027656	-0.022597	-0.17942	-0.27277	-0.38939	-0.26143	-0.67473	-0.88562	-1.1034	-1.574	-2.0458	-2.4718	-2.8156	-2.9826	-1.3192	-0.0032655	0.62056	0.86831	0.78841	0.49746	0.29415	0.13182	0.031263	-0.019059	-0.040452	-0.040244	-0.038686	-0.026473	0.0071645	0.016347	7.3638
921.43	0.026883	-0.043876	-0.14493	-0.25465	-0.38025	-0.2772	-0.64741	-0.85036	-1.0668	-1.6041	-1.8941	-2.1502	-2.69	-2.5878	-1.2955	0.031351	0.67527	0.86419	0.78316	0.47788	0.27097	0.1124	0.023987	-0.022431	-0.042101	-0.042782	-0.035567	-0.021977	0.020546	0.026062	6.981
923.56	0.026821	-0.034363	-0.12967	-0.25406	-0.40042	-0.27123	-0.64904	-0.82766	-1.013	-1.5742	-1.8162	-2.0936	-2.4361	-2.2708	-0.98893	0.28186	0.73593	0.85242	0.75117	0.44481	0.23088	0.091591	0.010075	-0.046436	-0.060593	-0.068651	-0.053109	-0.02572	0.015498	0.038069	6.6238
921.12	0.015933	-0.028949	-0.15413	-0.24901	-0.35837	-0.24878	-0.59048	-0.8074	-0.98762	-1.4735	-1.7565	-1.875	-2.2107	-2.1701	-0.72295	0.3086	0.75785	0.83508	0.72609	0.41134	0.21005	0.060933	-0.0054261	-0.068185	-0.075507	-0.078598	-0.070116	-0.02807	0.0096925	0.010746	6.2438
924.2	0.045285	-0.010828	-0.1387	-0.24981	-0.36174	-0.23197	-0.60333	-0.79061	-0.9539	-1.3553	-1.5945	-1.757	-2.0548	-1.8357	-0.50635	0.44573	0.81583	0.79854	0.68636	0.37715	0.16581	0.041051	-0.038801	-0.078733	-0.072932	-0.076713	-0.062677	-0.043139	0.020485	0.030807	5.8622
926.55	0.032599	-0.039725	-0.13669	-0.24837	-0.36539	-0.20037	-0.58468	-0.74893	-0.90678	-1.2388	-1.4529	-1.7354	-1.9096	-1.5618	-0.49616	0.4963	0.827	0.76906	0.65375	0.30557	0.12687	0.0085182	-0.067137	-0.10086	-0.10054	-0.10483	-0.06172	-0.032442	0.0021586	0.027522	5.4986
928.36	0.033371	-0.035747	-0.12983	-0.24221	-0.35102	-0.19202	-0.56878	-0.71115	-0.85958	-1.1149	-1.2946	-1.6379	-1.8648	-1.461	-0.3264	0.57269	0.84436	0.73926	0.60112	0.2895	0.09554	-0.025568	-0.088897	-0.12294	-0.099572	-0.10947	-0.083913	-0.057288	0.00049903	0.040272	5.1092
928.78	0.029178	-0.042748	-0.12894	-0.23318	-0.32539	-0.20077	-0.53047	-0.69186	-0.82334	-1.1318	-1.3397	-1.4746	-1.5191	-1.1103	-0.13977	0.63256	0.84068	0.69473	0.54161	0.22923	0.044804	-0.068976	-0.11479	-0.14103	-0.12109	-0.11426	-0.093434	-0.054998	0.0062985	0.025856	4.7014
928.89	0.035862	-0.02091	-0.12315	-0.24045	-0.31807	-0.17954	-0.52575	-0.67033	-0.75953	-1.0883	-1.0836	-1.1666	-1.3547	-1.0044	0.020078	0.83869	0.848	0.64871	0.49575	0.17593	0.00065504	-0.090249	-0.12774	-0.14844	-0.12338	-0.1207	-0.08944	-0.051975	-0.015243	0.03465	4.3133
927.61	0.035075	-0.037337	-0.1068	-0.22049	-0.3258	-0.15324	-0.52103	-0.6407	-0.7231	-1.0116	-1.1034	-1.2795	-1.1592	-0.79382	0.2335	0.77103	0.84752	0.60889	0.44108	0.13918	-0.032908	-0.12106	-0.16525	-0.16268	-0.13666	-0.13703	-0.11349	-0.062622	0.01543	0.022684	3.9023
928.46	0.036714	-0.02248	-0.12816	-0.20489	-0.30912	-0.16902	-0.4988	-0.6071	-0.69773	-0.99333	-0.99267	-1.0816	-1.2403	-0.56511	0.20663	0.84767	0.84922	0.55706	0.39249	0.084904	-0.075407	-0.15842	-0.18942	-0.20132	-0.16889	-0.15627	-0.11339	-0.078413	-0.0036476	0.025865	3.5488
932.72	0.03738	-0.03325	-0.12265	-0.21121	-0.30046	-0.1304	-0.454	-0.56737	-0.6882	-0.90245	-0.91529	-0.90631	-0.77669	-0.48958	0.39136	0.8609	0.81741	0.51139	0.32778	0.040027	-0.11089	-0.17719	-0.21357	-0.21847	-0.16429	-0.1636	-0.12159	-0.061526	0.0013213	0.020967	3.1847
933.04	0.035702	-0.017713	-0.10865	-0.21034	-0.28949	-0.15499	-0.45152	-0.54501	-0.65704	-0.88487	-0.84218	-0.88048	-0.67833	-0.25443	0.41777	0.84351	0.78593	0.43644	0.26635	-0.020715	-0.14503	-0.20595	-0.22479	-0.21839	-0.19183	-0.17559	-0.13741	-0.074274	-0.016823	0.044848	2.7263
933.04	0.03154	-0.035568	-0.10783	-0.18936	-0.27228	-0.13916	-0.43761	-0.53433	-0.62771	-0.76401	-0.69656	-0.8379	-0.63745	-0.076157	0.48848	0.87773	0.74324	0.37046	0.18223	-0.066902	-0.19223	-0.2373	-0.25706	-0.23974	-0.20869	-0.18201	-0.15247	-0.092298	-0.0036297	0.019367	2.3604
935.17	0.037282	-0.021545	-0.11004	-0.19778	-0.26534	-0.14147	-0.40345	-0.51264	-0.58277	-0.65029	-0.67682	-0.62364	-0.48103	0.037198	0.61965	0.90985	0.70386	0.31344	0.11671	-0.12051	-0.23483	-0.26974	-0.28465	-0.25476	-0.20592	-0.19763	-0.14184	-0.094334	-0.011026	0.0225	1.9883
936.34	0.0306	-0.028479	-0.10826	-0.17985	-0.25688	-0.13341	-0.37752	-0.49645	-0.53305	-0.74411	-0.60342	-0.63134	-0.28493	0.25515	0.68935	0.82348	0.63834	0.221	0.045279	-0.17064	-0.27347	-0.30825	-0.306	-0.28472	-0.23698	-0.21979	-0.14404	-0.09272	0.0013162	0.039137	1.5797
936.55	0.029763	-0.014554	-0.083699	-0.16454	-0.24059	-0.11672	-0.37205	-0.47261	-0.50528	-0.70094	-0.47636	-0.47005	-0.11386	0.23895	0.6892	0.8233	0.57521	0.13944	-0.04323	-0.24133	-0.31638	-0.3352	-0.33567	-0.30019	-0.24991	-0.20934	-0.15348	-0.086713	-0.015118	0.028815	1.1815
938.04	0.0322	-0.022251	-0.093366	-0.16909	-0.22579	-0.10954	-0.34378	-0.44491	-0.47372	-0.59679	-0.36695	-0.39308	-0.15432	0.52873	0.63534	0.83049	0.50978	0.070092	-0.12761	-0.2971	-0.35392	-0.37681	-0.36482	-0.30788	-0.25562	-0.22578	-0.15324	-0.10002	-0.0093513	0.0057996	0.79245
937.19	0.022287	-0.016861	-0.082825	-0.16041	-0.2269	-0.10788	-0.32639	-0.40117	-0.44573	-0.4856	-0.39447	-0.3765	-0.016109	0.40013	0.89114	0.76315	0.42686	-0.0086706	-0.20443	-0.35697	-0.3988	-0.43284	-0.36596	-0.34495	-0.26882	-0.22359	-0.16443	-0.10684	-0.006074	0.012939	0.44735
939.32	0.027196	-0.023763	-0.077742	-0.16165	-0.20659	-0.082298	-0.31029	-0.39456	-0.41558	-0.39874	-0.41168	-0.3249	0.16256	0.4797	0.80132	0.61699	0.34433	-0.11351	-0.28596	-0.41563	-0.44075	-0.43943	-0.39959	-0.3458	-0.24233	-0.23665	-0.18296	-0.10735	0.0021324	0.018447	0.061098
938.58	0.020601	-0.014521	-0.090048	-0.14012	-0.18065	-0.079739	-0.29978	-0.34671	-0.37177	-0.36474	-0.28533	-0.22361	0.2277	0.51231	0.8283	0.60896	0.24012	-0.18619	-0.37138	-0.47038	-0.48721	-0.46421	-0.42396	-0.36158	-0.273	-0.24083	-0.18468	-0.10743	0.0095122	0.010545	-0.33285
939.43	0.023888	-0.021447	-0.077733	-0.13118	-0.19128	-0.051707	-0.27494	-0.32519	-0.33757	-0.27009	-0.26701	-0.020464	0.25185	0.60843	0.78364	0.54895	0.14041	-0.27864	-0.45849	-0.51243	-0.528	-0.50083	-0.44201	-0.38246	-0.27275	-0.25337	-0.19632	-0.12822	-0.0068798	0.024771	-0.63561
938.79	0.031349	-0.013747	-0.067994	-0.12406	-0.18961	-0.066606	-0.2636	-0.30256	-0.29446	-0.32176	-0.20386	-0.0035477	0.27641	0.67327	0.88083	0.57484	0.014021	-0.41086	-0.56819	-0.59863	-0.58174	-0.54412	-0.46155	-0.39496	-0.2897	-0.26233	-0.19488	-0.11487	-0.025738	0.008959	-1.0008
939.96	0.037916	0.00091115	-0.065465	-0.10548	-0.17139	-0.040325	-0.23105	-0.27692	-0.27363	-0.25279	-0.20362	0.089415	0.34909	0.56786	0.91483	0.48072	-0.098473	-0.4968	-0.6541	-0.64883	-0.61899	-0.58046	-0.47459	-0.41484	-0.31293	-0.28034	-0.19936	-0.11696	0.0086799	0.027129	-1.3326
944.32	0.027875	-0.022871	-0.073274	-0.12014	-0.16344	-0.06361	-0.23609	-0.26023	-0.252	-0.22605	-0.067786	0.089001	0.42825	0.78941	0.67478	0.33483	-0.24405	-0.60837	-0.75672	-0.72696	-0.67242	-0.59787	-0.54653	-0.42915	-0.32587	-0.28778	-0.20236	-0.11865	0.014344	0.016775	-1.6508
941.13	0.024668	-0.00063122	-0.061313	-0.11655	-0.16489	-0.022831	-0.22157	-0.25623	-0.21669	-0.14123	-0.12216	0.21592	0.55127	0.72782	0.791	0.20878	-0.33768	-0.69591	-0.8419	-0.75995	-0.70697	-0.60914	-0.52839	-0.44363	-0.3323	-0.2792	-0.20855	-0.1198	-0.015863	0.016832	-1.9218
940.17	0.028825	-0.0067928	-0.0573	-0.10706	-0.15068	-0.032459	-0.20492	-0.23448	-0.19724	-0.11566	0.040305	0.22459	0.55182	0.68031	0.80936	0.039225	-0.44151	-0.7979	-0.92858	-0.81335	-0.74323	-0.66106	-0.55455	-0.45386	-0.32959	-0.28666	-0.21191	-0.12215	-0.032246	0.016849	-2.1807
940.92	0.016423	0.00013943	-0.076796	-0.11418	-0.15865	-0.03854	-0.19172	-0.20743	-0.17978	-0.064204	0.067349	0.29194	0.63246	0.76816	0.82626	-0.071068	-0.54945	-0.8784	-0.99255	-0.86105	-0.77815	-0.69668	-0.55651	-0.47141	-0.34986	-0.31431	-0.22982	-0.12206	-0.0093227	0.014466	-2.4519
940.07	0.023872	-0.0067935	-0.068716	-0.087054	-0.13991	0.0024632	-0.17962	-0.19621	-0.15634	-0.15851	0.1487	0.29221	0.53566	0.88144	0.62521	-0.028678	-0.68442	-0.96913	-1.0621	-0.92295	-0.82409	-0.70404	-0.57463	-0.46858	-0.36311	-0.32177	-0.22924	-0.12739	-0.0044192	0.015271	-2.6956
941.87	0.031245	-0.0021678	-0.044997	-0.086887	-0.1217	-0.020201	-0.16779	-0.17468	-0.11755	-0.055575	0.022177	0.2832	0.6156	0.76738	0.5627	-0.19808	-0.80104	-1.0588	-1.1543	-0.9627	-0.82815	-0.7455	-0.5967	-0.48639	-0.37608	-0.31558	-0.22645	-0.13904	-0.014214	0.012875	-2.9272
943.79	0.03365	0.0039754	-0.057893	-0.10904	-0.12593	-0.0071115	-0.16668	-0.16215	-0.11418	-0.11522	0.29207	0.36679	0.70326	0.902	0.57906	-0.25689	-0.86273	-1.1271	-1.2017	-0.99287	-0.87072	-0.74985	-0.60267	-0.50894	-0.37835	-0.31255	-0.24167	-0.15213	-0.015817	0.023869	-3.1634
941.02	0.032098	0.0039871	-0.063762	-0.097364	-0.14067	0.0059495	-0.16181	-0.16263	-0.095646	-0.072752	0.18462	0.3932	0.53512	0.86449	0.52817	-0.36789	-0.98495	-1.2133	-1.2879	-1.0297	-0.92654	-0.78146	-0.62444	-0.52754	-0.37946	-0.33338	-0.24159	-0.13172	-0.030583	0.029467	-3.3722
939.53	0.030496	-0.0037141	-0.05897	-0.075887	-0.11571	-0.01064	-0.12522	-0.14739	-0.089498	-0.072867	0.19396	0.53757	0.60091	0.73712	0.53776	-0.50435	-1.0738	-1.2824	-1.3492	-1.0832	-0.9563	-0.80543	-0.64546	-0.53571	-0.39529	-0.3395	-0.24985	-0.12597	-0.028994	0.024769	-3.5307
942.41	0.026285	0.0062884	-0.064481	-0.089233	-0.11177	0.0033292	-0.14091	-0.13556	-0.068813	-0.038459	0.13031	0.33363	0.64764	0.69473	0.38734	-0.59598	-1.1705	-1.3595	-1.3973	-1.0985	-0.96466	-0.81556	-0.64908	-0.53733	-0.40319	-0.34323	-0.26165	-0.13822	-0.016656	0.016809	-3.706
940.81	0.037059	0.0024491	-0.050747	-0.075782	-0.11106	0.0024612	-0.13041	-0.12195	-0.056348	-0.12414	0.23884	0.35953	0.69737	0.80038	0.45814	-0.61394	-1.2433	-1.4055	-1.455	-1.1156	-0.96146	-0.83375	-0.64298	-0.53906	-0.39779	-0.33665	-0.24558	-0.1459	-0.011778	0.019998	-3.8447
943.58	0.037771	-0.0060026	-0.050598	-0.081943	-0.1179	0.010284	-0.12468	-0.1151	-0.049127	-0.046943	0.25612	0.48475	0.63876	0.76599	0.4131	-0.78975	-1.2908	-1.4527	-1.4748	-1.1428	-0.98037	-0.83214	-0.66902	-0.55047	-0.408	-0.35472	-0.24642	-0.11949	-0.012558	0.030174	-4.0139
942.83	0.033684	-0.0052381	-0.053076	-0.089992	-0.094694	0.019868	-0.12478	-0.11194	-0.02955	0.021361	0.28335	0.52727	0.72825	0.75057	0.35219	-0.87503	-1.3828	-1.5122	-1.525	-1.1852	-1.0126	-0.8328	-0.68312	-0.55903	-0.40604	-0.36136	-0.25368	-0.14485	-0.026444	0.011285	-4.1222
941.34	0.032087	-0.0075548	-0.049905	-0.074141	-0.10472	0.00159	-0.12728	-0.10154	-0.028026	0.05562	0.33792	0.56184	0.70509	0.75174	0.26513	-0.84251	-1.4583	-1.5826	-1.5843	-1.2193	-1.0125	-0.85512	-0.6882	-0.54852	-0.40213	-0.33885	-0.24308	-0.13391	-0.021582	0.014461	-4.2213
938.47	0.026395	-0.021469	-0.05414	-0.068754	-0.11404	0.026083	-0.11306	-0.082254	-0.017074	-0.081528	0.33894	0.40274	0.68286	0.72989	0.35383	-0.87909	-1.5019	-1.6224	-1.6251	-1.2213	-1.0229	-0.86111	-0.68549	-0.55836	-0.40183	-0.34707	-0.25171	-0.13955	-0.021648	0.027172	-4.3006
939	0.025552	-0.022229	-0.045951	-0.057493	-0.10408	0.017327	-0.11147	-0.087103	-0.023366	0.090085	0.29356	0.52095	0.75557	0.68116	0.29213	-0.84461	-1.5459	-1.6407	-1.6453	-1.2342	-1.0191	-0.87493	-0.69953	-0.58007	-0.42141	-0.35166	-0.23187	-0.1432	-0.020815	0.01608	-4.3692
938.58	0.035492	-0.00063293	-0.044338	-0.071953	-0.086119	0.0015947	-0.1046	-0.091225	-0.0068243	0.030035	0.41129	0.45347	0.71529	0.70564	0.35379	-0.9045	-1.5842	-1.6624	-1.6577	-1.2569	-1.0414	-0.8905	-0.69985	-0.56156	-0.41017	-0.35501	-0.25247	-0.13207	-0.022463	0.020045	-4.418
939	0.04209	0.0055389	-0.047581	-0.067112	-0.086981	0.012957	-0.10455	-0.081392	-0.0076101	-0.021435	0.4111	0.41097	0.73122	0.76168	0.15161	-0.98908	-1.6071	-1.7028	-1.6828	-1.2673	-1.0636	-0.88757	-0.70114	-0.55723	-0.4077	-0.34448	-0.24053	-0.1335	-0.020815	0.025575	-4.4623
940.49	0.037071	0.00013949	-0.044248	-0.064605	-0.10122	0.0085714	-0.11205	-0.083707	-0.010746	0.03855	0.41948	0.47788	0.73006	0.75242	0.16013	-0.93661	-1.6307	-1.6975	-1.6926	-1.2925	-1.0312	-0.90129	-0.70483	-0.56612	-0.42226	-0.33357	-0.25274	-0.14446	-0.024056	0.019213	-4.476
941.24	0.03539	-0.016018	-0.048282	-0.07575	-0.076898	0.034728	-0.10124	-0.08771	0.0049844	-0.0042782	0.33794	0.51971	0.63225	0.80807	0.30897	-1.1054	-1.6815	-1.7371	-1.7068	-1.283	-1.049	-0.88294	-0.70987	-0.56811	-0.43941	-0.37312	-0.24704	-0.13542	-0.018313	0.014463	-4.4958
940.17	0.017261	0.0016794	-0.038559	-0.068629	-0.085973	0.010323	-0.097517	-0.070698	0.0010563	0.021422	0.36542	0.54565	0.77088	0.74464	0.25668	-1.0388	-1.6842	-1.7434	-1.7158	-1.2853	-1.0324	-0.89823	-0.70186	-0.56387	-0.41176	-0.3576	-0.24417	-0.13781	-0.038796	0.011317	-4.4806
938.47	0.025566	-0.00063301	-0.03618	-0.070357	-0.097834	0.0077174	-0.10154	-0.078989	-0.0060372	-0.012869	0.37515	0.65668	0.63411	0.69765	0.23958	-1.0662	-1.6505	-1.723	-1.7072	-1.2978	-1.0537	-0.88975	-0.71757	-0.56734	-0.41022	-0.33988	-0.25644	-0.13134	-0.022466	0.019255	-4.476
937.83	0.032207	-0.0044942	-0.038655	-0.069604	-0.098803	0.0085957	-0.11699	-0.074959	0.005001	0.0043068	0.31202	0.50465	0.7728	0.77874	0.22215	-0.99881	-1.6377	-1.6979	-1.6857	-1.2877	-1.0576	-0.89036	-0.70201	-0.57181	-0.43185	-0.36169	-0.2574	-0.15309	-0.024943	0.03353	-4.4714
939.21	0.034641	-0.0083441	-0.050018	-0.077516	-0.091459	0.016451	-0.10222	-0.087083	-0.0044579	-0.030018	0.34772	0.56311	0.81226	0.70516	0.30086	-1.0229	-1.6728	-1.7181	-1.7121	-1.2892	-1.0488	-0.89241	-0.70819	-0.57749	-0.42741	-0.32684	-0.26096	-0.1372	-0.011796	0.012911	-4.4684
940.17	0.026347	-0.013727	-0.043449	-0.079038	-0.11114	-0.0010275	-0.099052	-0.091884	-0.0091736	0.072831	0.3022	0.5034	0.68163	0.73662	0.20406	-1.1406	-1.6426	-1.705	-1.6885	-1.2844	-1.0493	-0.89992	-0.70186	-0.57039	-0.41784	-0.35601	-0.23709	-0.12961	-0.001963	0.020011	-4.479
940.28	0.037903	0.0032218	-0.039369	-0.075827	-0.11023	-0.012376	-0.11668	-0.097577	-0.011533	-0.012844	0.19381	0.50334	0.68155	0.78477	0.23912	-0.95379	-1.5895	-1.6551	-1.6625	-1.2495	-1.0201	-0.87206	-0.68497	-0.56381	-0.39497	-0.34162	-0.25201	-0.1512	-0.024062	0.022378	-4.3403
938.58	0.03301	-0.00063293	-0.058215	-0.10323	-0.098724	0.0094647	-0.12304	-0.094488	-0.029684	0.090126	0.47464	0.4704	0.74781	0.75397	0.28348	-0.82798	-1.5254	-1.6117	-1.6148	-1.2288	-1.0123	-0.85848	-0.69424	-0.5281	-0.3934	-0.35741	-0.25247	-0.14924	-0.030664	0.010545	-4.2137
935.7	0.027302	-0.016888	-0.058393	-0.090677	-0.097219	0.019141	-0.13652	-0.1087	-0.043216	-0.038735	0.21291	0.41242	0.7175	0.7078	0.29316	-0.7964	-1.4474	-1.5667	-1.5797	-1.2164	-0.99511	-0.85267	-0.67384	-0.54282	-0.41296	-0.33288	-0.24059	-0.12274	-0.0060868	0.029635	-4.02
935.28	0.032295	-0.011475	-0.055962	-0.0875	-0.12437	-0.005422	-0.14275	-0.11858	-0.043236	-0.021521	0.33104	0.38714	0.68519	0.87788	0.26684	-0.74558	-1.3629	-1.5042	-1.5224	-1.1845	-0.99394	-0.83615	-0.67415	-0.52996	-0.39097	-0.32822	-0.22884	-0.12729	-0.00032857	0.011376	-3.8081
936.23	0.018164	-0.0037272	-0.051813	-0.10349	-0.12785	-0.0080469	-0.14184	-0.12418	-0.069267	0.021512	0.18556	0.4546	0.85559	0.78008	0.39872	-0.67663	-1.2838	-1.436	-1.4676	-1.1415	-0.97265	-0.826	-0.64854	-0.5376	-0.3814	-0.3447	-0.23808	-0.14811	-0.011014	0.020888	-3.6343
938.58	0.034665	0.002455	-0.059846	-0.10243	-0.12663	-0.0019049	-0.15378	-0.14101	-0.073036	-0.081519	0.14893	0.30114	0.59338	0.77812	0.45045	-0.6154	-1.2136	-1.3843	-1.4194	-1.1123	-0.94029	-0.80456	-0.65013	-0.51177	-0.36826	-0.33186	-0.23513	-0.11938	-0.020824	0.031919	-3.4225
939.21	0.025546	0.0024533	-0.067147	-0.093545	-0.13644	-0.035989	-0.16903	-0.16131	-0.096618	-0.17582	0.23924	0.38552	0.58488	0.77759	0.45892	-0.48754	-1.1296	-1.3205	-1.3692	-1.0767	-0.93156	-0.77118	-0.62564	-0.51061	-0.36953	-0.33004	-0.22236	-0.1178	-0.023268	0.022403	-3.2396
938.04	0.0322	0.003228	-0.052531	-0.10008	-0.14112	-0.010657	-0.17847	-0.17621	-0.11724	-0.030056	0.22143	0.32671	0.65878	0.86723	0.55622	-0.47114	-0.99869	-1.2285	-1.2857	-1.0338	-0.91087	-0.76625	-0.61358	-0.50634	-0.37762	-0.31926	-0.22659	-0.11571	-0.0011475	0.024018	-2.9302
937.94	0.033032	-0.0014037	-0.068055	-0.10491	-0.14293	-0.028161	-0.18541	-0.18358	-0.13697	-0.15029	-0.032037	0.30135	0.63446	0.8512	0.68818	-0.25847	-0.83218	-1.086	-1.174	-0.97099	-0.85025	-0.73093	-0.59519	-0.49497	-0.36241	-0.30252	-0.22109	-0.13365	-0.00032764	0.024811	-2.6986
939	0.028861	-0.0098877	-0.066347	-0.12323	-0.14817	-0.02638	-0.19442	-0.1948	-0.15652	-0.15012	0.14886	0.25025	0.60938	0.7375	0.61712	-0.096712	-0.71701	-0.99907	-1.1016	-0.93505	-0.81856	-0.71073	-0.57207	-0.46422	-0.35286	-0.31415	-0.21296	-0.13425	-0.019175	0.023993	-2.4777
937.94	0.013164	-0.019938	-0.06969	-0.11454	-0.15194	-0.053538	-0.21771	-0.21136	-0.18115	-0.30487	0.08566	0.1743	0.50435	0.83509	0.75854	-0.15638	-0.58877	-0.92407	-1.0082	-0.86974	-0.78548	-0.66854	-0.55988	-0.44841	-0.34639	-0.29453	-0.21636	-0.1202	-0.016735	0.012136	-2.1442
937.09	0.029746	-0.0060442	-0.077111	-0.12187	-0.17192	-0.046582	-0.22021	-0.23444	-0.20105	-0.1934	0.031364	0.31857	0.48851	0.82777	0.68881	0.022316	-0.48139	-0.82855	-0.93007	-0.81347	-0.73595	-0.65396	-0.54673	-0.44636	-0.3177	-0.2804	-0.17629	-0.12256	-0.012645	0.030383	-1.8396
938.79	0.015633	-0.019147	-0.062281	-0.12807	-0.17431	-0.076224	-0.23134	-0.24544	-0.22905	-0.2617	-0.1496	0.13184	0.55263	0.79406	0.73148	0.098788	-0.38503	-0.73699	-0.86978	-0.77885	-0.72572	-0.63003	-0.52089	-0.43087	-0.32475	-0.28628	-0.19173	-0.11039	0.0029513	0.035077	-1.5595
936.45	0.022305	-0.00063437	-0.070618	-0.14205	-0.17925	-0.077292	-0.25117	-0.28696	-0.25886	-0.23655	-0.10462	-0.0035566	0.47256	0.78798	0.74211	0.26948	-0.25837	-0.62576	-0.78267	-0.72199	-0.67158	-0.59868	-0.50933	-0.40413	-0.30417	-0.25338	-0.18589	-0.098696	0.0029586	0.02247	-1.2291
938.47	0.024739	-0.023783	-0.086793	-0.13372	-0.19868	-0.060506	-0.24756	-0.29042	-0.27722	-0.22746	-0.022958	0.1742	0.36589	0.67349	0.94265	0.28589	-0.10924	-0.51333	-0.67155	-0.63285	-0.60945	-0.5561	-0.47294	-0.39999	-0.29818	-0.24485	-0.17918	-0.10446	-0.0052478	0.019255	-0.90494
938.36	0.029706	-0.025332	-0.090886	-0.15058	-0.17709	-0.064886	-0.27602	-0.31005	-0.30011	-0.36482	-0.24922	-0.045885	0.19525	0.6655	0.81092	0.46454	-0.010466	-0.42242	-0.59033	-0.59465	-0.58201	-0.54015	-0.48101	-0.37309	-0.27916	-0.25686	-0.16974	-0.095507	-0.0077088	0.027175	-0.55953
937.94	0.03386	-0.013759	-0.081125	-0.14423	-0.21501	-0.093796	-0.28922	-0.32979	-0.31918	-0.3564	-0.33985	0.030323	0.28479	0.64162	0.88163	0.47324	0.097347	-0.32984	-0.50458	-0.54643	-0.55798	-0.49993	-0.42907	-0.35448	-0.27242	-0.2362	-0.15562	-0.082102	-0.015917	0.038279	-0.20355
937.83	0.028068	-0.0037208	-0.083585	-0.16512	-0.22674	-0.11481	-0.32463	-0.35515	-0.36102	-0.42515	-0.21313	-0.096736	0.26042	0.71427	0.7762	0.5584	0.18558	-0.24848	-0.42407	-0.48352	-0.49975	-0.47385	-0.41627	-0.31857	-0.24576	-0.23862	-0.16432	-0.094067	0.0029543	0.028776	0.15539
938.68	0.028042	-0.019921	-0.086773	-0.17218	-0.23554	-0.10247	-0.3228	-0.39238	-0.39695	-0.42476	-0.33054	-0.27434	0.073294	0.53643	0.86337	0.6344	0.27682	-0.14245	-0.32836	-0.43632	-0.44752	-0.43215	-0.39826	-0.32808	-0.24401	-0.21445	-0.14919	-0.09025	-0.0044257	0.037456	0.56289
938.26	0.028884	-0.012983	-0.087629	-0.16584	-0.22574	-0.10339	-0.35292	-0.41297	-0.42867	-0.43355	-0.45737	-0.20674	-0.024215	0.47219	0.80221	0.6517	0.37983	-0.054151	-0.25189	-0.36932	-0.41778	-0.41718	-0.37758	-0.3119	-0.23498	-0.20576	-0.15399	-0.08357	-0.00032752	0.037473	0.88061
938.68	0.032178	-0.023779	-0.10473	-0.17218	-0.22474	-0.1252	-0.34739	-0.43073	-0.45764	-0.47625	-0.52049	-0.36743	-0.040462	0.28674	0.84579	0.74492	0.47678	0.042936	-0.14941	-0.30795	-0.37471	-0.3715	-0.34693	-0.30523	-0.21506	-0.20408	-0.13501	-0.082785	0.0095111	0.034289	1.2423
936.98	0.02975	-0.016094	-0.10247	-0.18455	-0.24589	-0.11229	-0.37804	-0.4446	-0.50032	-0.64045	-0.6574	-0.41049	-0.17891	0.31147	0.73289	0.74626	0.55205	0.11397	-0.081572	-0.27188	-0.31461	-0.34433	-0.32668	-0.28861	-0.20782	-0.17165	-0.13446	-0.078449	-0.0068978	0.020079	1.6268
