12941	4	3	91	26.5	760	1	8	8	0.233	128	4096	10	0	0	0	0	29.824	955.16	1.4394e+006	0.11606	0.0099974	40.27	0	0	1	0	0	0	11	0	0
956.11	0.019118	0.0069859	-0.1487	-0.27177	-0.37272	-0.40388	-0.63524	-0.89767	-1.0562	-1.5503	-1.9666	-2.2427	-2.5097	-2.564	-1.1086	0.26176	0.7052	0.866	0.77246	0.4602	0.26247	0.12136	0.010975	-0.014391	-0.015694	-0.01958	-0.028087	0.0018766	0.043254	0.039913	7.1429
952.92	0.029775	-0.018073	-0.16367	-0.28848	-0.41741	-0.43193	-0.66613	-0.94811	-1.0985	-1.6823	-2.0445	-2.4003	-2.7502	-2.7313	-1.4412	0.011398	0.64405	0.88009	0.80507	0.50194	0.31117	0.17902	0.042608	3.3694e-005	-0.0074913	-0.025151	-0.025852	0.0062952	0.03936	0.044725	7.5242
951.65	0.01268	0.016151	-0.16147	-0.28095	-0.40022	-0.41526	-0.69582	-0.97756	-1.1591	-1.93	-2.1722	-2.5537	-3.1546	-3.1798	-1.6165	-0.072447	0.55717	0.86403	0.83004	0.54957	0.33712	0.20335	0.076678	0.026598	0.018054	-0.007072	-0.015003	0.0092487	0.04103	0.043222	7.9023
954.41	0.021593	-0.00059188	-0.16261	-0.30065	-0.3902	-0.36332	-0.71195	-0.98917	-1.1937	-1.7472	-2.2371	-2.7461	-3.2414	-3.4716	-1.9229	-0.30636	0.47528	0.87356	0.85223	0.57056	0.38149	0.22927	0.085131	0.051406	0.021	0.013367	-0.0025567	0.0084881	0.03688	0.04232	8.3151
949.63	0.024972	-0.0028817	-0.16504	-0.27363	-0.41886	-0.45418	-0.7125	-1.0046	-1.2278	-1.7221	-2.2483	-3.0025	-3.4746	-3.728	-2.2192	-0.44237	0.38087	0.88229	0.88124	0.61377	0.4218	0.25208	0.10855	0.067799	0.03165	0.0086976	0.012232	0.025503	0.045171	0.039402	8.6914
949.94	-0.00037634	-0.016606	-0.18515	-0.29413	-0.43651	-0.4739	-0.73124	-1.0567	-1.2827	-1.9335	-2.471	-3.0433	-3.6982	-4.0928	-2.3574	-0.68584	0.28719	0.86557	0.87477	0.64129	0.43924	0.27946	0.13228	0.08552	0.051215	0.018163	0.016122	0.030658	0.041914	0.029221	9.1251
947.82	0.0061776	-0.0036523	-0.15404	-0.28924	-0.42055	-0.41781	-0.7793	-1.064	-1.2988	-1.9888	-2.6199	-3.1256	-3.8674	-4.4211	-2.6933	-0.88104	0.19245	0.845	0.87596	0.66546	0.46907	0.31096	0.15243	0.09622	0.064913	0.037179	0.034892	0.034422	0.045254	0.05202	9.5208
948.03	0.017644	-0.0051786	-0.15805	-0.29235	-0.4267	-0.41252	-0.78673	-1.0904	-1.3508	-1.9713	-2.6373	-3.3511	-4.2286	-4.747	-3.0581	-1.066	0.068771	0.82663	0.87963	0.6914	0.48819	0.32673	0.16987	0.1164	0.076972	0.041126	0.02786	0.010763	0.036317	0.029281	9.9104
948.03	0.0053576	-0.016639	-0.17098	-0.32649	-0.41957	-0.4636	-0.80423	-1.1389	-1.3945	-2.1923	-2.8343	-3.2924	-4.4217	-4.9464	-3.293	-1.4196	-0.039517	0.80758	0.87112	0.69056	0.50501	0.34675	0.18257	0.12287	0.079988	0.04666	0.041125	0.032197	0.044434	0.026145	10.332
946.33	0.0061873	-0.018965	-0.15671	-0.31196	-0.43282	-0.45403	-0.79653	-1.145	-1.4486	-2.1707	-2.983	-3.5334	-4.5586	-5.4347	-3.4732	-1.5486	-0.16507	0.79775	0.86881	0.73566	0.54524	0.36993	0.22267	0.14171	0.10281	0.068919	0.056052	0.045583	0.036382	0.027764	10.748
945.69	-0.0061254	-0.021276	-0.16249	-0.30979	-0.47511	-0.48731	-0.82452	-1.1619	-1.4856	-2.1806	-3.0748	-3.561	-4.973	-5.7821	-3.9378	-1.8872	-0.29723	0.74361	0.87172	0.737	0.56889	0.40279	0.23635	0.16205	0.10439	0.068964	0.050615	0.037463	0.022573	0.01914	11.107
945.05	-0.014344	-0.044281	-0.18206	-0.31557	-0.44414	-0.45551	-0.85255	-1.2073	-1.5234	-2.2077	-3.1397	-3.7903	-5.1217	-6.21	-4.2023	-2.1587	-0.47821	0.71892	0.85136	0.78309	0.59579	0.41478	0.2612	0.18648	0.11884	0.097559	0.050651	0.040456	0.029104	0.012076	11.546
943.88	-0.02012	-0.030524	-0.14819	-0.3351	-0.45722	-0.4439	-0.84979	-1.2129	-1.5527	-2.3384	-3.3236	-3.9549	-5.4189	-6.49	-4.4871	-2.3981	-0.59811	0.67286	0.85319	0.7866	0.62147	0.44713	0.27189	0.19564	0.13414	0.091328	0.057767	0.050154	0.019357	0.012879	11.911
940.58	-0.021843	-0.025241	-0.16582	-0.30427	-0.45972	-0.44458	-0.87117	-1.2432	-1.5817	-2.4751	-3.3804	-4.0026	-5.7136	-6.8906	-4.8711	-2.695	-0.7232	0.63769	0.84058	0.81396	0.62526	0.46299	0.28886	0.20529	0.14526	0.10599	0.067407	0.065976	0.021061	0.020033	12.256
942.39	-0.037455	-0.058239	-0.17119	-0.33563	-0.45077	-0.48553	-0.86644	-1.2595	-1.6211	-2.2823	-3.3649	-4.1551	-5.8807	-6.9736	-4.9843	-2.7576	-0.81611	0.62863	0.83119	0.8251	0.6571	0.46965	0.30747	0.21953	0.16016	0.10022	0.069633	0.052466	0.026736	0.0081673	12.569
940.8	-0.033392	-0.04525	-0.16171	-0.297	-0.4704	-0.48374	-0.88707	-1.2787	-1.6506	-2.5259	-3.533	-4.1283	-6.1177	-7.1863	-5.2295	-3.1355	-0.93558	0.57822	0.81778	0.83244	0.66386	0.49146	0.31359	0.23293	0.16347	0.11393	0.076827	0.05181	0.027597	0.0081812	12.899
940.05	-0.056546	-0.063007	-0.16591	-0.30764	-0.47976	-0.50246	-0.90849	-1.3107	-1.6495	-2.6907	-3.5268	-4.3851	-6.4471	-7.5459	-5.4968	-3.0446	-1.0423	0.54811	0.81765	0.84414	0.68135	0.52465	0.31865	0.23148	0.18262	0.122	0.083973	0.055578	0.021072	0.015303	13.173
939.31	-0.069818	-0.066912	-0.1587	-0.31911	-0.44685	-0.495	-0.88464	-1.2979	-1.6642	-2.6328	-3.6833	-4.5746	-6.574	-7.9865	-5.9139	-3.4208	-1.2038	0.49961	0.79565	0.85415	0.68998	0.52423	0.33653	0.23738	0.18048	0.11731	0.083251	0.056367	0.021088	-0.0060422	13.476
936.54	-0.056758	-0.064015	-0.15917	-0.2879	-0.42382	-0.50522	-0.92037	-1.305	-1.6936	-2.546	-3.7758	-4.5882	-6.8622	-8.2281	-6.0987	-3.5076	-1.3055	0.4634	0.77607	0.85582	0.71229	0.52662	0.34878	0.26344	0.18484	0.12085	0.091397	0.052793	0.0096465	0.0034594	13.729
940.69	-0.092002	-0.097611	-0.17964	-0.29623	-0.43272	-0.48729	-0.89254	-1.2927	-1.7365	-2.5776	-3.8584	-4.627	-6.913	-8.1998	-6.1857	-3.7551	-1.3779	0.43867	0.75471	0.86138	0.70753	0.53354	0.35844	0.25169	0.18174	0.13147	0.081557	0.048835	0.00306	-0.027361	13.986
939.41	-0.090473	-0.080011	-0.16765	-0.30224	-0.43511	-0.53513	-0.8999	-1.3654	-1.7388	-2.5811	-3.9179	-4.7094	-6.8899	-8.3961	-6.2995	-3.8282	-1.4597	0.40082	0.74403	0.84726	0.72223	0.54605	0.36453	0.25937	0.18199	0.13484	0.087179	0.054123	0.0030641	-0.032142	14.254
938.99	-0.1054	-0.10704	-0.17915	-0.29196	-0.43261	-0.48817	-0.90491	-1.3277	-1.7546	-2.505	-3.8654	-4.6692	-7.088	-8.7139	-6.5746	-4.0509	-1.5893	0.36691	0.72406	0.86294	0.74116	0.55051	0.36871	0.26193	0.18359	0.13171	0.084068	0.0437	-0.014964	-0.032157	14.451
935.69	-0.12071	-0.1229	-0.20025	-0.30023	-0.39982	-0.5013	-0.88267	-1.3193	-1.7782	-2.686	-3.7973	-4.8046	-7.2841	-8.68	-6.589	-4.0737	-1.5965	0.35767	0.72112	0.86257	0.73566	0.55921	0.36277	0.27923	0.19112	0.13298	0.098595	0.052842	-0.007614	-0.05371	14.621
936.43	-0.13388	-0.11507	-0.19846	-0.3024	-0.45635	-0.49915	-0.88505	-1.315	-1.7744	-2.7441	-3.9031	-4.7923	-7.262	-8.7942	-6.6542	-4.0875	-1.6092	0.35301	0.71898	0.87126	0.73264	0.56721	0.38498	0.28065	0.20624	0.13607	0.086667	0.054297	-0.01747	-0.051287	14.823
933.24	-0.15514	-0.13254	-0.2057	-0.3236	-0.44342	-0.49206	-0.89426	-1.3186	-1.7868	-2.7276	-3.9802	-4.8172	-7.4177	-8.9296	-6.8184	-4.187	-1.6943	0.33311	0.701	0.87082	0.74491	0.56915	0.38388	0.28571	0.21615	0.13734	0.10361	0.04472	-0.021654	-0.036337	14.992
937.82	-0.17094	-0.18132	-0.24555	-0.35252	-0.41783	-0.4774	-0.85836	-1.3057	-1.7426	-2.6713	-3.9608	-4.853	-7.658	-9.1923	-6.8731	-4.4389	-1.7677	0.31398	0.70306	0.87423	0.73642	0.56974	0.38201	0.27043	0.19297	0.14466	0.086539	0.051973	-0.043702	-0.066264	15.129
934.41	-0.20979	-0.19903	-0.27104	-0.34333	-0.43201	-0.45542	-0.85609	-1.2875	-1.7442	-2.6294	-3.8934	-4.9132	-7.4247	-8.975	-6.9687	-4.344	-1.7635	0.29491	0.70562	0.87486	0.74235	0.58536	0.38824	0.29027	0.20822	0.14519	0.090022	0.055912	-0.047155	-0.068891	15.277
936.01	-0.22021	-0.22655	-0.29677	-0.38376	-0.45385	-0.46517	-0.85386	-1.2787	-1.6882	-2.5905	-3.8233	-4.8878	-7.5343	-9.0324	-7.0802	-4.3963	-1.799	0.28564	0.70128	0.88189	0.75894	0.57676	0.3924	0.29633	0.20175	0.12252	0.086706	0.014645	-0.040498	-0.079093	15.38
933.88	-0.2706	-0.23715	-0.37456	-0.38463	-0.55079	-0.53391	-0.85117	-1.193	-1.6382	-2.605	-3.8593	-4.8394	-7.2901	-8.8263	-6.9374	-4.2611	-1.6882	0.32409	0.70759	0.87621	0.72895	0.56876	0.37395	0.27321	0.18613	0.12682	0.082152	0.027433	-0.066958	-0.10791	15.471
935.05	-0.35413	-0.37782	-0.4806	-0.54838	-0.61968	-0.54816	-0.80768	-1.1514	-1.5151	-2.4122	-3.5638	-4.587	-6.9547	-8.5161	-6.5229	-3.9058	-1.5804	0.36494	0.73103	0.87682	0.74834	0.57397	0.37992	0.27287	0.19507	0.12185	0.075718	0.0056651	-0.086626	-0.14672	15.525
930.58	-0.36418	-0.33605	-0.40058	-0.61977	-0.72436	-0.6787	-0.91154	-1.1545	-1.4612	-2.1555	-3.3711	-4.2932	-6.3324	-7.8096	-5.8364	-3.5558	-1.3328	0.43902	0.76686	0.86988	0.72501	0.55803	0.37285	0.26348	0.17295	0.12002	0.041101	-0.010119	-0.10276	-0.16419	15.603
936.11	-0.49225	-0.50196	-0.63064	-0.793	-0.95296	-0.79306	-0.96162	-1.155	-1.1056	-1.5748	-2.571	-3.4362	-5.0891	-6.3177	-4.6741	-2.8613	-0.88133	0.5776	0.82109	0.8511	0.7045	0.52517	0.34169	0.24637	0.14442	0.072071	0.028215	-0.044493	-0.16051	-0.23068	15.63
931.11	-0.48405	-0.47121	-0.66776	-0.77382	-0.81378	-0.72856	-0.98228	-0.9407	-0.99396	-1.3064	-2.2383	-2.8063	-4.0597	-5.0607	-3.8223	-2.2253	-0.53391	0.67239	0.85701	0.84539	0.67893	0.50082	0.31443	0.20655	0.11294	0.053947	-0.0018266	-0.08537	-0.1903	-0.26863	15.662
933.98	-0.55905	-0.59926	-0.65751	-0.74323	-0.78776	-0.6437	-0.86265	-0.80328	-0.99882	-1.4404	-1.9587	-2.4064	-3.5083	-4.0252	-3.1924	-1.646	-0.25174	0.72657	0.87087	0.79408	0.62074	0.45356	0.28686	0.17639	0.073533	0.015264	-0.046971	-0.13687	-0.27376	-0.31553	15.668
937.82	-0.49549	-0.4941	-0.5911	-0.69605	-0.72417	-0.62095	-0.77069	-0.81797	-0.85274	-1.3486	-1.8601	-2.1763	-3.2987	-3.8394	-2.8276	-1.3585	-0.1053	0.76648	0.89625	0.78488	0.59472	0.44243	0.25921	0.14136	0.070944	1.6679e-005	-0.060979	-0.13258	-0.2792	-0.32058	15.685
925.04	-0.53759	-0.5385	-0.615	-0.65684	-0.63918	-0.56652	-0.68387	-0.71995	-0.75415	-1.3324	-1.8583	-2.1205	-3.2123	-3.7372	-2.6527	-1.2306	-0.064516	0.7957	0.8999	0.7776	0.59554	0.42461	0.23837	0.13006	0.056459	-0.012947	-0.077017	-0.14426	-0.29304	-0.34669	15.659
937.28	-0.56536	-0.52065	-0.64947	-0.70769	-0.68402	-0.55824	-0.66109	-0.68112	-0.66853	-0.97127	-1.6347	-2.1183	-3.0809	-3.7206	-2.6004	-1.2656	-0.0080908	0.78969	0.86311	0.75382	0.57318	0.40388	0.23446	0.1349	0.045804	-0.015177	-0.075221	-0.13938	-0.26622	-0.34771	15.659
927.92	-0.50999	-0.49312	-0.67501	-0.72862	-0.70185	-0.58334	-0.6561	-0.71441	-0.68644	-1.146	-1.8342	-2.1396	-3.186	-3.8722	-2.7244	-1.2095	-0.051105	0.78705	0.89079	0.75197	0.56915	0.40966	0.23115	0.1181	0.040869	-0.026637	-0.080764	-0.14381	-0.26477	-0.3256	15.671
936.33	-0.55516	-0.52892	-0.62068	-0.66259	-0.63418	-0.51761	-0.72031	-0.68836	-0.69687	-1.1099	-1.8631	-2.1459	-3.027	-3.9263	-2.6912	-1.2157	-0.031828	0.78173	0.85381	0.72647	0.55917	0.38993	0.21219	0.12686	0.027516	-0.025597	-0.083989	-0.16646	-0.28704	-0.35204	15.658
927.7	-0.54526	-0.52681	-0.61984	-0.66469	-0.68744	-0.58701	-0.69668	-0.73853	-0.82855	-1.155	-1.8713	-2.2857	-3.3018	-4.028	-2.8318	-1.184	-0.046163	0.79165	0.88862	0.74784	0.56928	0.39356	0.22876	0.12226	0.048589	-0.020179	-0.074402	-0.14384	-0.2698	-0.33609	15.527
930.47	-0.4752	-0.49255	-0.58094	-0.60204	-0.64725	-0.53145	-0.6636	-0.82113	-0.82529	-1.3766	-1.8657	-2.4411	-3.5215	-4.0891	-3.1158	-1.2319	-0.10531	0.77871	0.87889	0.76363	0.5733	0.41023	0.22566	0.12683	0.055363	-0.024148	-0.067822	-0.13287	-0.24171	-0.30474	15.368
924.72	-0.45633	-0.48464	-0.56385	-0.59357	-0.5133	-0.45931	-0.67085	-0.81299	-0.99122	-1.5158	-2.1436	-2.5765	-3.7661	-4.4334	-3.1709	-1.3777	-0.14739	0.76314	0.88118	0.77701	0.57522	0.4162	0.22462	0.12762	0.064214	-0.0032247	-0.061043	-0.12612	-0.24321	-0.27771	15.129
934.41	-0.41088	-0.40598	-0.51618	-0.52056	-0.55952	-0.45894	-0.61063	-0.96771	-1.1132	-1.6811	-2.394	-3.0429	-4.2903	-5.0428	-3.5529	-1.7648	-0.27048	0.75522	0.88303	0.78176	0.58632	0.41358	0.24485	0.14188	0.071969	0.010444	-0.042199	-0.083568	-0.18139	-0.23031	14.941
928.87	-0.34311	-0.37098	-0.4574	-0.54392	-0.55285	-0.46167	-0.74472	-0.94544	-1.1461	-1.7258	-2.6094	-3.0696	-4.3158	-4.967	-3.7871	-1.7324	-0.33808	0.7341	0.88513	0.79673	0.6029	0.43818	0.26899	0.15014	0.085489	0.03229	-0.01776	-0.057664	-0.14437	-0.17089	14.738
925.89	-0.36602	-0.35418	-0.44646	-0.50014	-0.54094	-0.48976	-0.73232	-0.8856	-1.1162	-1.5313	-2.2234	-2.8392	-4.0249	-4.6238	-3.3361	-1.5569	-0.21091	0.76306	0.87689	0.7631	0.58597	0.40884	0.25197	0.15642	0.095807	0.041299	-0.01462	-0.065416	-0.15647	-0.20996	14.512
925.47	-0.35696	-0.37234	-0.48558	-0.5443	-0.60693	-0.5228	-0.75837	-0.96796	-1.1359	-1.6452	-2.3345	-2.7719	-3.7383	-4.5605	-3.2396	-1.5663	-0.19611	0.7572	0.85986	0.75828	0.59281	0.42954	0.23826	0.15566	0.090439	0.029171	-0.01383	-0.063933	-0.15903	-0.21648	14.351
924.3	-0.35489	-0.33285	-0.4348	-0.51241	-0.57935	-0.48794	-0.69613	-0.95509	-1.143	-1.7692	-2.3099	-2.6551	-3.9246	-4.5663	-3.3419	-1.5596	-0.19553	0.75727	0.87285	0.77219	0.58699	0.42666	0.24345	0.15752	0.10139	0.03245	-0.0090427	-0.067046	-0.15674	-0.19022	14.154
926.85	-0.34218	-0.3335	-0.42286	-0.51424	-0.52397	-0.42017	-0.67787	-0.93593	-1.2092	-1.7383	-2.5326	-2.9477	-4.21	-4.8147	-3.4128	-1.6673	-0.25698	0.7109	0.86095	0.75628	0.58127	0.41695	0.2371	0.14882	0.084131	0.031554	-0.0058268	-0.067618	-0.1397	-0.18088	13.915
927.81	-0.29664	-0.32378	-0.38857	-0.53724	-0.52252	-0.45247	-0.6484	-0.99194	-1.271	-1.858	-2.6215	-3.2615	-4.5263	-5.1846	-3.6937	-1.7774	-0.31865	0.72521	0.87034	0.75894	0.59049	0.41482	0.23929	0.1594	0.08019	0.035559	-0.0082131	-0.047912	-0.10306	-0.14466	13.682
922.8	-0.19307	-0.21566	-0.30184	-0.41046	-0.43379	-0.4398	-0.69725	-1.0712	-1.3436	-1.9205	-2.7646	-3.2533	-4.617	-5.4175	-3.9103	-1.8475	-0.36354	0.72914	0.88221	0.76911	0.61756	0.42221	0.252	0.16856	0.098453	0.058491	0.02301	-0.012482	-0.075268	-0.1084	13.414
924.93	-0.14981	-0.19637	-0.26388	-0.33871	-0.42	-0.44678	-0.72372	-1.0787	-1.3333	-2.0554	-2.7674	-3.4348	-4.73	-5.5522	-3.9548	-1.9986	-0.39252	0.73279	0.8667	0.78201	0.5989	0.42038	0.25305	0.17812	0.11215	0.060787	0.030955	-0.00033312	-0.049301	-0.079237	13.075
919.93	-0.14556	-0.15414	-0.23367	-0.33074	-0.44249	-0.49382	-0.79273	-1.1787	-1.4122	-2.0666	-2.9394	-3.2894	-4.7806	-5.5906	-3.9315	-1.914	-0.39883	0.73053	0.86823	0.79927	0.61454	0.43642	0.26343	0.18491	0.12053	0.067636	0.035144	0.015661	-0.03786	-0.067552	12.803
922.91	-0.11817	-0.10263	-0.20053	-0.34516	-0.48409	-0.50112	-0.88082	-1.1267	-1.3779	-2.025	-2.8286	-3.3218	-4.8313	-5.7528	-4.0886	-1.83	-0.38924	0.72728	0.86463	0.77767	0.60844	0.43501	0.25768	0.17436	0.11239	0.059297	0.032625	0.00042497	-0.029399	-0.052039	12.473
919.72	-0.13378	-0.13606	-0.24288	-0.28825	-0.38563	-0.40826	-0.90427	-1.1273	-1.4036	-1.997	-2.6815	-3.2902	-4.4998	-5.2549	-3.6993	-1.7843	-0.2873	0.76372	0.87959	0.77517	0.58413	0.41159	0.23484	0.15997	0.10189	0.059503	0.010216	0.00042645	-0.028664	-0.058682	12.167
926.11	-0.11692	-0.12026	-0.27512	-0.40656	-0.45049	-0.47369	-0.80691	-1.0715	-1.3372	-2.0615	-2.6722	-3.4905	-4.6582	-5.3737	-3.7005	-1.6083	-0.22741	0.78238	0.88144	0.75861	0.5678	0.40619	0.23729	0.16796	0.094239	0.055047	0.019731	0.018584	-0.027637	-0.029395	11.822
926.74	-0.10176	-0.085794	-0.13605	-0.23652	-0.37176	-0.41313	-0.73476	-1.103	-1.3802	-2.2339	-2.8261	-3.4538	-4.548	-5.3537	-3.5822	-1.5297	-0.17517	0.78981	0.87767	0.73915	0.55594	0.38287	0.22331	0.14139	0.085685	0.050965	0.025307	0.0094986	-0.032599	-0.037393	11.466
924.93	-0.028928	-0.044461	-0.19016	-0.27849	-0.39167	-0.41483	-0.75725	-1.1275	-1.4013	-2.1686	-2.8959	-3.3918	-4.5651	-5.4541	-3.6071	-1.5586	-0.15646	0.80733	0.87542	0.73369	0.54225	0.37422	0.22457	0.15492	0.093586	0.061598	0.042152	0.030728	0.033065	0.019569	11.078
924.83	0.0046513	0.0048726	-0.12971	-0.28585	-0.40817	-0.42464	-0.77449	-1.1095	-1.3911	-2.134	-2.7402	-3.3063	-4.5244	-5.3158	-3.3132	-1.2999	-0.063701	0.81186	0.89059	0.72169	0.5497	0.37341	0.21564	0.13341	0.08122	0.064847	0.037359	0.026187	0.02974	0.027605	10.744
925.57	0.027298	0.00017325	-0.13954	-0.30188	-0.41879	-0.40301	-0.78322	-1.1334	-1.3748	-2.0453	-2.8022	-3.338	-4.5207	-5.1563	-3.3551	-1.3506	-0.047924	0.8183	0.88908	0.70904	0.52465	0.36029	0.19595	0.12336	0.091201	0.044552	0.028536	0.017837	0.037198	0.018752	10.362
927.49	0.02222	-0.0021685	-0.16485	-0.29233	-0.42795	-0.42873	-0.7676	-1.0897	-1.348	-1.9803	-2.6133	-3.3225	-4.2071	-4.7299	-3.0103	-1.0724	0.071119	0.82635	0.88725	0.69295	0.48181	0.31948	0.16957	0.12394	0.073278	0.036379	0.024488	0.037442	0.037952	0.033134	9.9965
931.96	0.017114	0.0094971	-0.14844	-0.26993	-0.40414	-0.39409	-0.75309	-1.0837	-1.3209	-1.9362	-2.4732	-3.2725	-3.8023	-4.4071	-2.6772	-0.81039	0.20477	0.8629	0.88692	0.67164	0.46075	0.30267	0.16149	0.097857	0.056809	0.028968	0.015639	0.022226	0.046851	0.038555	9.6099
930.68	0.0096283	-0.00761	-0.16182	-0.27839	-0.41559	-0.40521	-0.7239	-1.021	-1.2846	-1.9388	-2.3215	-3.2002	-3.6682	-4.1532	-2.4416	-0.61428	0.29725	0.87643	0.88578	0.64427	0.43691	0.2827	0.12774	0.085643	0.048433	0.0040425	0.012481	0.022256	0.041127	0.04739	9.2459
935.15	0.018715	-0.0029262	-0.14958	-0.29637	-0.42625	-0.41293	-0.7081	-1.0177	-1.2412	-1.8262	-2.2922	-3.0235	-3.4386	-3.7695	-2.2095	-0.44067	0.39168	0.87663	0.86821	0.59511	0.41452	0.26105	0.11989	0.060657	0.021432	0.015243	-0.015268	0.013159	0.022828	0.041603	8.835
933.13	0.0087698	0.0094852	-0.14497	-0.28169	-0.38914	-0.39887	-0.69726	-0.97971	-1.2035	-1.8302	-2.2335	-2.7917	-3.2417	-3.5508	-2.0551	-0.34755	0.45739	0.87237	0.85123	0.58613	0.38205	0.22603	0.097558	0.039442	0.023778	0.0032292	-0.0073723	0.0041757	0.039371	0.029749	8.4571
935.47	0.015389	-0.016862	-0.16754	-0.28098	-0.40262	-0.40489	-0.67393	-0.95105	-1.134	-1.7395	-2.0463	-2.5724	-3.0379	-3.1944	-1.7414	-0.099294	0.54714	0.85615	0.82479	0.5386	0.3535	0.20011	0.070763	0.027061	0.00078059	-0.0095964	-0.020008	0.014653	0.031046	0.042381	8.0883
934.84	0.02952	-0.0052517	-0.17913	-0.27715	-0.3821	-0.37707	-0.67285	-0.93777	-1.1055	-1.6545	-1.9751	-2.5147	-2.8442	-3.1319	-1.5309	-0.039606	0.62374	0.87956	0.81123	0.51763	0.32612	0.17402	0.057121	0.00085185	0.00078113	-0.023234	-0.012899	-0.0055765	0.026128	0.04241	7.689
941.97	0.019405	-0.004442	-0.14524	-0.25348	-0.35678	-0.3594	-0.63943	-0.90383	-1.0626	-1.6505	-1.897	-2.2764	-2.7903	-2.6828	-1.388	0.079317	0.66293	0.86942	0.80353	0.4866	0.28738	0.15004	0.035913	-0.0097249	-0.013653	-0.027035	-0.020655	-0.022643	0.032467	0.040512	7.2791
944.63	0.0045539	-0.013632	-0.15051	-0.25914	-0.35668	-0.37142	-0.61777	-0.87047	-0.99148	-1.4668	-1.8287	-2.2195	-2.4675	-2.3631	-1.0959	0.15512	0.71784	0.87132	0.77487	0.45397	0.26567	0.11948	0.018281	-0.02673	-0.034058	-0.046001	-0.041743	-0.020355	0.022599	0.017589	6.9008
943.35	0.025139	-0.014417	-0.15234	-0.25789	-0.34999	-0.35713	-0.60408	-0.85865	-0.96851	-1.5542	-1.8402	-2.0288	-2.3577	-2.0938	-1.01	0.18071	0.76916	0.8316	0.7347	0.40044	0.20646	0.096177	-0.010421	-0.048694	-0.044718	-0.058775	-0.04572	-0.018154	0.0030513	0.034151	6.4966
947.82	0.025837	-0.0090013	-0.14273	-0.25985	-0.34834	-0.34852	-0.58602	-0.79398	-0.93038	-1.4194	-1.6345	-1.8684	-2.081	-1.9324	-0.61363	0.46611	0.81565	0.83028	0.7057	0.38256	0.20628	0.076535	-0.015931	-0.063014	-0.051299	-0.067195	-0.046286	-0.016588	0.043631	0.052805	6.0939
943.14	0.030906	0.00093753	-0.13694	-0.2356	-0.33753	-0.37462	-0.56216	-0.79467	-0.90441	-1.3667	-1.4535	-1.8103	-1.9296	-1.7175	-0.51174	0.55304	0.84081	0.81525	0.67576	0.33369	0.14934	0.03164	-0.063898	-0.077136	-0.077339	-0.082626	-0.049653	-0.034502	0.020186	0.029432	5.7001
951.11	0.039628	-0.0036397	-0.14707	-0.23758	-0.30982	-0.33092	-0.56503	-0.73565	-0.84315	-1.2536	-1.3967	-1.7033	-1.753	-1.5044	-0.35137	0.70782	0.84746	0.75749	0.5922	0.26964	0.10258	-0.013518	-0.087103	-0.092599	-0.092482	-0.088237	-0.078015	-0.03274	0.024063	0.041684	5.3016
948.77	0.03809	0.028414	-0.14097	-0.22071	-0.30257	-0.31443	-0.52993	-0.73585	-0.80079	-1.0784	-1.239	-1.5484	-1.2991	-1.1336	-0.11752	0.82733	0.87861	0.73168	0.56273	0.23161	0.071617	-0.020218	-0.095252	-0.10575	-0.101	-0.096354	-0.080547	-0.046115	0.041966	0.03474	4.9303
952.71	0.035487	0.013852	-0.13717	-0.20795	-0.28802	-0.32261	-0.50125	-0.69984	-0.76098	-1.1416	-1.225	-1.3669	-1.3738	-0.97814	0.064761	0.60612	0.86373	0.69591	0.52115	0.20217	0.017919	-0.048352	-0.12251	-0.13104	-0.1111	-0.1109	-0.075556	-0.023859	0.046639	0.042395	4.5013
953.45	0.025685	-0.010466	-0.12983	-0.22516	-0.3002	-0.33613	-0.49027	-0.66474	-0.7503	-1.1491	-1.1439	-1.2492	-1.1727	-0.72363	0.099309	0.77305	0.85341	0.64199	0.46304	0.14343	-0.0075807	-0.095586	-0.15084	-0.14781	-0.12076	-0.11396	-0.087136	-0.041478	0.015933	0.048596	4.1601
953.24	0.021618	0.00016822	-0.12584	-0.20231	-0.28874	-0.2854	-0.46011	-0.64239	-0.7008	-0.87051	-0.96595	-1.1745	-1.117	-0.81104	0.15125	0.75647	0.85762	0.60856	0.43005	0.11918	-0.037855	-0.10722	-0.16745	-0.17276	-0.1418	-0.12499	-0.09802	-0.044426	0.023201	0.060296	3.7992
953.77	0.027306	0.0032054	-0.11694	-0.20614	-0.26821	-0.31622	-0.43339	-0.6099	-0.70584	-0.9207	-0.92091	-1.1322	-0.94842	-0.4618	0.22898	0.83972	0.83706	0.55228	0.36829	0.045483	-0.07605	-0.14944	-0.19656	-0.16945	-0.15822	-0.13514	-0.10495	-0.05028	0.015928	0.045464	3.4487
956.22	0.01749	-0.013467	-0.12144	-0.19774	-0.26487	-0.25447	-0.42926	-0.59312	-0.65607	-0.83411	-0.89193	-0.90498	-0.89016	-0.40528	0.4009	0.90435	0.81008	0.48906	0.29064	0.019497	-0.10762	-0.178	-0.21101	-0.19786	-0.16604	-0.15517	-0.13253	-0.049418	0.014278	0.041462	3.1407
956.01	0.025618	0.01229	-0.12788	-0.20409	-0.25786	-0.26912	-0.42332	-0.58203	-0.62913	-0.72476	-0.85658	-0.81379	-0.58719	-0.20766	0.55629	0.89619	0.79424	0.4325	0.23316	-0.038933	-0.14974	-0.20203	-0.24019	-0.21553	-0.17431	-0.16383	-0.13179	-0.059691	0.011865	0.043803	2.7688
957.49	0.040176	0.013027	-0.11328	-0.19512	-0.24863	-0.28242	-0.40007	-0.55472	-0.59183	-0.78253	-0.7577	-0.82083	-0.61017	-0.10469	0.50373	0.77812	0.7642	0.36924	0.17687	-0.077211	-0.19868	-0.2397	-0.26576	-0.2296	-0.19346	-0.17766	-0.1254	-0.065454	0.023098	0.028992	2.4834
961.64	0.019814	-0.011883	-0.10881	-0.18175	-0.22559	-0.26925	-0.39534	-0.55392	-0.56005	-0.75403	-0.72794	-0.75119	-0.47271	0.084447	0.57018	0.79137	0.72346	0.33266	0.14178	-0.1026	-0.21519	-0.23702	-0.27401	-0.2326	-0.19188	-0.18703	-0.13024	-0.065172	0.0037946	0.018822	2.1948
956.01	0.028053	0.01229	-0.10304	-0.17889	-0.23223	-0.24852	-0.36976	-0.53716	-0.54013	-0.69106	-0.58124	-0.58113	-0.24413	-0.017866	0.5649	0.93793	0.68685	0.27194	0.072031	-0.16164	-0.24903	-0.28474	-0.30161	-0.2556	-0.2192	-0.19754	-0.13411	-0.072152	0.0175	0.035255	1.8713
960.9	0.029527	0.02504	-0.11607	-0.1725	-0.21609	-0.26946	-0.35211	-0.50971	-0.50659	-0.69592	-0.56945	-0.64432	-0.29052	0.10812	0.63928	0.8335	0.62834	0.2082	-9.0351e-005	-0.20151	-0.28886	-0.29234	-0.32279	-0.27982	-0.20989	-0.18093	-0.15113	-0.06741	0.016612	0.026569	1.6617
961.11	0.029522	0.01147	-0.10568	-0.16149	-0.20638	-0.25574	-0.33628	-0.49604	-0.48107	-0.54491	-0.62233	-0.49539	-0.19522	0.19461	0.7078	0.76689	0.57958	0.15605	-0.046646	-0.23551	-0.31724	-0.33259	-0.33838	-0.28215	-0.21878	-0.18947	-0.13417	-0.067395	0.030218	0.032749	1.3988
963.34	0.035095	0.0091891	-0.10146	-0.17597	-0.20853	-0.24577	-0.35197	-0.47024	-0.45462	-0.43496	-0.52392	-0.37056	-0.10767	0.29618	0.80032	0.78169	0.52734	0.093488	-0.10212	-0.28633	-0.35355	-0.34495	-0.33057	-0.28388	-0.24723	-0.20693	-0.14921	-0.078149	0.01657	0.034985	1.1451
963.66	0.026219	-0.011858	-0.095861	-0.15091	-0.20495	-0.24143	-0.34587	-0.47008	-0.44218	-0.65214	-0.55899	-0.48584	-0.1393	0.33532	0.63745	0.69034	0.51604	0.075572	-0.12112	-0.30362	-0.36052	-0.35961	-0.35858	-0.30366	-0.24789	-0.19519	-0.13381	-0.098483	0.010175	0.038058	0.93381
962.07	0.031106	-0.0028444	-0.091242	-0.16211	-0.19036	-0.19234	-0.32545	-0.44538	-0.40754	-0.40204	-0.40987	-0.39581	0.011098	0.43804	0.78424	0.73295	0.4492	0.010854	-0.17697	-0.32984	-0.40374	-0.37006	-0.37482	-0.31213	-0.22302	-0.22356	-0.1448	-0.076797	0.012591	0.036577	0.71188
960.9	0.03276	0.0061963	-0.077799	-0.14273	-0.18795	-0.21223	-0.30408	-0.41961	-0.40881	-0.41092	-0.47224	-0.28058	0.011111	0.42283	0.75087	0.64251	0.38437	-0.049783	-0.24513	-0.37592	-0.3987	-0.39685	-0.39173	-0.31968	-0.24413	-0.21759	-0.15113	-0.081265	0.01581	0.04822	0.58418
967.06	0.022113	0.020386	-0.093939	-0.15038	-0.17278	-0.22021	-0.27529	-0.42882	-0.38325	-0.49159	-0.3902	-0.24593	-0.052051	0.40451	0.83137	0.55586	0.33201	-0.090208	-0.29211	-0.40076	-0.42914	-0.41476	-0.39157	-0.33903	-0.24554	-0.20458	-0.1823	-0.090167	0.00059061	0.02179	0.35459
965.68	0.040637	0.030917	-0.080587	-0.14124	-0.16777	-0.23242	-0.29585	-0.41436	-0.37461	-0.40055	-0.36438	-0.12289	0.14533	0.46773	0.77279	0.6145	0.32218	-0.10309	-0.3024	-0.41951	-0.44076	-0.41863	-0.39836	-0.34269	-0.26218	-0.20254	-0.14196	-0.085216	0.016526	0.046443	0.19949
964.51	0.029416	0.0061731	-0.082273	-0.14063	-0.16009	-0.23186	-0.30294	-0.4093	-0.37046	-0.40103	-0.16234	-0.22187	0.20086	0.54665	0.80791	0.68145	0.27173	-0.15257	-0.34536	-0.45229	-0.47279	-0.43963	-0.40665	-0.35423	-0.2447	-0.2362	-0.16054	-0.089678	0.022133	0.042645	0.055016
967.49	0.037353	0.01439	-0.093106	-0.13942	-0.16397	-0.24132	-0.29157	-0.39458	-0.34485	-0.39978	-0.30226	-0.27866	0.20814	0.62312	0.67756	0.60512	0.23605	-0.20046	-0.37311	-0.47812	-0.49331	-0.44808	-0.41318	-0.35393	-0.25874	-0.2347	-0.16004	-0.081435	0.02286	0.044052	-0.057532
964.83	0.031821	0.024186	-0.074306	-0.1281	-0.17405	-0.23008	-0.27742	-0.38535	-0.32586	-0.27566	-0.3647	-0.1477	0.22451	0.63268	1.0043	0.45789	0.18827	-0.2393	-0.42127	-0.50756	-0.49782	-0.46325	-0.42758	-0.35331	-0.26167	-0.22991	-0.17505	-0.075123	0.014151	0.038781	-0.17617
968.55	0.042121	0.0039038	-0.081138	-0.13461	-0.17077	-0.18004	-0.2771	-0.36646	-0.32079	-0.4742	-0.24934	-0.12252	0.20002	0.63025	0.75345	0.48911	0.18043	-0.25025	-0.4295	-0.51055	-0.51551	-0.46555	-0.43526	-0.36936	-0.2422	-0.23831	-0.17285	-0.078452	0.018864	0.043235	-0.23854
968.97	0.034891	0.0091357	-0.061337	-0.12756	-0.15325	-0.21723	-0.2606	-0.37579	-0.31073	-0.42411	-0.32809	0.016898	0.2393	0.49733	0.77865	0.48889	0.12658	-0.29673	-0.46413	-0.53009	-0.52468	-0.47433	-0.4172	-0.36287	-0.25243	-0.21501	-0.17889	-0.080587	0.01647	0.048584	-0.31612
968.34	0.038923	0.031578	-0.087487	-0.14163	-0.15946	-0.225	-0.24737	-0.36813	-0.30635	-0.18316	-0.19677	0.041505	0.34973	0.63039	0.85581	0.49745	0.099768	-0.32151	-0.49928	-0.54528	-0.53209	-0.4877	-0.43847	-0.39792	-0.26959	-0.25694	-0.19123	-0.094389	0.023635	0.055522	-0.3648
968.66	0.038107	0.012877	-0.087458	-0.11983	-0.15156	-0.22493	-0.27558	-0.36642	-0.30777	-0.233	-0.25807	-0.18811	0.16851	0.56773	0.73634	0.57968	0.1377	-0.29598	-0.47261	-0.53439	-0.52486	-0.48673	-0.43288	-0.3535	-0.25325	-0.2468	-0.18429	-0.089294	0.022038	0.049368	-0.40587
966.85	0.031756	0.023388	-0.064641	-0.12472	-0.17456	-0.18969	-0.26267	-0.36235	-0.29152	-0.28343	-0.22342	-0.15561	0.20827	0.76429	0.75477	0.47347	0.11498	-0.3203	-0.47805	-0.54611	-0.54862	-0.486	-0.45471	-0.37556	-0.25743	-0.23873	-0.17163	-0.092361	0.022079	0.052532	-0.45608
967.38	0.038961	0.0084011	-0.068566	-0.12777	-0.16835	-0.20317	-0.25954	-0.3582	-0.29212	-0.39983	-0.24964	-0.040554	0.21602	0.82639	0.86519	0.44843	0.095904	-0.32097	-0.48309	-0.55571	-0.55145	-0.48737	-0.43501	-0.37218	-0.26246	-0.23937	-0.1723	-0.077098	0.0093389	0.037911	-0.45912
967.06	0.022113	0.00016581	-0.08681	-0.13326	-0.15355	-0.21936	-0.26261	-0.35435	-0.3014	-0.34165	-0.14434	-0.12271	0.14512	0.81883	0.72903	0.4651	0.078508	-0.33721	-0.50752	-0.56167	-0.55556	-0.49162	-0.47407	-0.37627	-0.26624	-0.24488	-0.1693	-0.091615	0.0077514	0.0264	-0.42109
970.36	0.03164	0.023303	-0.080989	-0.11962	-0.16174	-0.20424	-0.24537	-0.35236	-0.308	-0.31561	-0.1526	0.082359	0.38044	0.6057	0.72656	0.66089	0.09561	-0.32676	-0.5058	-0.54085	-0.52472	-0.48424	-0.46548	-0.3592	-0.27271	-0.24559	-0.18168	-0.085527	0.0053457	0.046984	-0.39979
969.19	0.046901	0.012868	-0.077925	-0.12131	-0.16194	-0.18162	-0.25459	-0.36543	-0.30913	-0.27442	-0.20537	-0.040478	0.21562	0.61424	0.81253	0.50526	0.10837	-0.32885	-0.48976	-0.54727	-0.55121	-0.48564	-0.45517	-0.38414	-0.23245	-0.23816	-0.17503	-0.093583	0.030761	0.039375	-0.41348
967.59	0.023705	0.015135	-0.10418	-0.14563	-0.17967	-0.21415	-0.27067	-0.3787	-0.31729	-0.31651	-0.29345	-0.12264	0.17657	0.72463	0.80534	0.40711	0.1133	-0.30903	-0.48147	-0.54239	-0.54427	-0.49298	-0.47615	-0.3436	-0.25353	-0.25017	-0.18144	-0.088668	0.018883	0.041743	-0.41804
968.55	0.032501	0.0061474	-0.084302	-0.12761	-0.16117	-0.18428	-0.27189	-0.37991	-0.32767	-0.39103	-0.17043	-0.11432	0.16067	0.66148	0.81307	0.53031	0.17172	-0.25194	-0.43783	-0.50561	-0.51002	-0.46474	-0.44303	-0.38834	-0.24737	-0.2445	-0.16522	-0.079175	0.015685	0.034799	-0.37241
965.89	0.026159	0.023411	-0.091673	-0.14121	-0.17386	-0.21623	-0.2801	-0.39285	-0.34925	-0.52553	-0.25881	-0.089965	0.16899	0.56935	0.82384	0.54829	0.22375	-0.21694	-0.39498	-0.47973	-0.49413	-0.448	-0.43256	-0.34975	-0.24583	-0.23509	-0.15954	-0.078668	0.011744	0.048739	-0.17769
969.51	0.03407	0.0098774	-0.072366	-0.15388	-0.17931	-0.20949	-0.29245	-0.39692	-0.3571	-0.50696	-0.3104	-0.22892	0.15263	0.54387	0.75272	0.66147	0.25532	-0.17465	-0.3519	-0.46395	-0.46252	-0.44307	-0.43328	-0.32948	-0.24492	-0.23808	-0.17726	-0.085602	0.022814	0.047025	-0.014948
966.96	0.024525	0.017392	-0.093949	-0.1465	-0.18416	-0.20665	-0.31933	-0.4146	-0.38253	-0.40002	-0.37269	-0.17202	0.074155	0.47491	0.86558	0.61372	0.3368	-0.1072	-0.29518	-0.42061	-0.44725	-0.42543	-0.40406	-0.33431	-0.21967	-0.217	-0.15019	-0.085828	0.0069553	0.015644	0.17212
969.4	0.027665	0.0068901	-0.10241	-0.15856	-0.18195	-0.22984	-0.29471	-0.42146	-0.38233	-0.36576	-0.49436	-0.22074	0.042499	0.41133	0.85489	0.59569	0.35176	-0.078983	-0.27627	-0.39897	-0.43751	-0.41213	-0.39217	-0.33742	-0.23461	-0.21336	-0.1666	-0.076213	0.014878	0.044731	0.35764
965.89	0.035806	0.0031652	-0.10992	-0.15446	-0.19398	-0.23832	-0.33461	-0.44282	-0.39367	-0.45882	-0.47859	-0.33669	-0.028422	0.47543	0.88363	0.59785	0.38952	-0.035079	-0.23019	-0.36571	-0.41472	-0.40544	-0.38269	-0.33072	-0.2251	-0.21259	-0.15112	-0.07359	0.030866	0.027969	0.56594
968.12	0.027702	0.0076455	-0.09621	-0.15955	-0.19702	-0.25727	-0.32937	-0.44339	-0.41493	-0.53265	-0.37224	-0.27028	0.050429	0.48995	0.8475	0.79432	0.44165	0.0082435	-0.17587	-0.34179	-0.38004	-0.38408	-0.36625	-0.30226	-0.21571	-0.209	-0.14236	-0.060391	0.017281	0.034046	0.7134
966.11	0.027763	0.0024152	-0.10355	-0.15131	-0.20356	-0.23827	-0.35246	-0.47524	-0.44719	-0.61714	-0.52242	-0.3695	-0.11526	0.49881	0.72976	0.7464	0.50839	0.066033	-0.13068	-0.29872	-0.3604	-0.34806	-0.35378	-0.29813	-0.22727	-0.20944	-0.13271	-0.075023	0.010945	0.032579	0.93533
967.49	0.032537	0.023373	-0.10103	-0.16043	-0.22336	-0.2549	-0.36239	-0.49673	-0.46337	-0.6329	-0.44269	-0.43466	-0.18605	0.33399	0.67756	0.77834	0.533	0.094787	-0.10244	-0.27355	-0.33869	-0.32713	-0.35171	-0.2985	-0.20551	-0.19752	-0.1264	-0.078538	0.015702	0.038675	1.1648
967.59	0.022903	0.012891	-0.091512	-0.18375	-0.21285	-0.26929	-0.35266	-0.51014	-0.48855	-0.60787	-0.58306	-0.47567	-0.099322	0.37302	0.80534	0.92669	0.58757	0.15246	-0.040269	-0.24548	-0.3002	-0.30829	-0.31822	-0.25175	-0.19513	-0.19517	-0.12868	-0.055356	0.03081	0.048653	1.4262
965.04	0.03825	0.02043	-0.10287	-0.17721	-0.22305	-0.30232	-0.38722	-0.50831	-0.51131	-0.70129	-0.567	-0.52631	-0.30507	0.15466	0.64508	0.82992	0.64867	0.23537	0.032594	-0.18659	-0.2703	-0.28289	-0.31438	-0.26035	-0.17268	-0.18326	-0.10832	-0.060584	0.01893	0.045703	1.6997
967.59	0.023705	-0.00058239	-0.11764	-0.16664	-0.23294	-0.33122	-0.38396	-0.53547	-0.54513	-0.74106	-0.7849	-0.70553	-0.32791	0.005791	0.58371	0.84423	0.68813	0.26444	0.089362	-0.15146	-0.23977	-0.25763	-0.30111	-0.25175	-0.19587	-0.18665	-0.11874	-0.060424	0.0157	0.042512	1.9503
965.57	0.031796	-0.0043334	-0.12265	-0.17166	-0.23517	-0.28346	-0.37804	-0.53183	-0.5616	-0.81769	-0.7074	-0.73991	-0.3997	-0.049006	0.58493	0.90387	0.7332	0.33895	0.14804	-0.11045	-0.20016	-0.23851	-0.26822	-0.22054	-0.17702	-0.16065	-0.10366	-0.057649	0.026094	0.051833	2.2738
963.02	0.022206	0.013704	-0.12138	-0.20182	-0.25598	-0.32001	-0.41125	-0.60007	-0.61916	-0.7864	-0.81508	-0.77486	-0.62252	-0.19829	0.54367	0.86482	0.76061	0.40974	0.19642	-0.063509	-0.17861	-0.2219	-0.25017	-0.21556	-0.17527	-0.15407	-0.10394	-0.052709	0.0077839	0.038083	2.5486
965.36	0.022956	0.01067	-0.11236	-0.19197	-0.24923	-0.32433	-0.42744	-0.58988	-0.63989	-0.81787	-0.84828	-0.93756	-0.66841	-0.29962	0.39711	0.78005	0.79685	0.43426	0.24229	-0.034422	-0.14042	-0.18451	-0.23553	-0.19995	-0.16595	-0.14594	-0.11748	-0.040967	0.023708	0.041069	2.8599
966.64	0.043009	0.0016636	-0.10983	-0.19328	-0.26464	-0.32645	-0.43956	-0.58197	-0.65512	-0.82512	-0.93501	-0.98564	-0.88057	-0.26795	0.46485	0.84508	0.82037	0.49652	0.30648	0.026716	-0.10646	-0.16054	-0.20017	-0.17433	-0.14723	-0.13722	-0.10814	-0.022066	0.026863	0.037172	3.2347
965.57	0.018126	0.0069174	-0.10837	-0.20206	-0.28243	-0.34551	-0.46693	-0.62704	-0.72096	-0.92613	-1.0504	-1.069	-0.92104	-0.59711	0.29451	0.85426	0.84111	0.55573	0.36531	0.076336	-0.04838	-0.13697	-0.18636	-0.15945	-0.14888	-0.12883	-0.10596	-0.053293	0.033266	0.049526	3.5625
965.36	0.044673	-0.0043372	-0.13379	-0.21069	-0.29825	-0.3694	-0.47002	-0.67242	-0.70503	-0.9764	-1.2177	-1.1844	-1.0872	-0.69121	0.26042	0.90403	0.87066	0.62132	0.42694	0.12182	-0.028726	-0.10014	-0.16925	-0.15472	-0.11927	-0.11877	-0.098323	-0.043145	0.032477	0.053384	3.9266
961.64	0.036771	0.0046861	-0.13829	-0.21307	-0.2994	-0.38107	-0.50034	-0.68538	-0.7493	-0.94667	-1.143	-1.2799	-1.1865	-0.95334	0.1928	0.87435	0.86686	0.67409	0.4835	0.15963	0.02486	-0.073394	-0.14172	-0.13859	-0.11676	-0.1013	-0.081009	-0.034568	0.044607	0.03891	4.2284
961.96	0.01981	-0.008869	-0.1478	-0.24195	-0.30018	-0.38948	-0.51817	-0.71461	-0.78904	-1.139	-1.2662	-1.4941	-1.3447	-1.0237	-0.013032	0.65838	0.86976	0.69434	0.52986	0.21102	0.053269	-0.04049	-0.1182	-0.11784	-0.094413	-0.098929	-0.070215	-0.041841	0.038191	0.029629	4.6075
962.38	0.018186	0.0016709	-0.13738	-0.24732	-0.33166	-0.32363	-0.54342	-0.74455	-0.82405	-1.1803	-1.3891	-1.6008	-1.6453	-1.2825	-0.12442	0.65809	0.8439	0.75118	0.59212	0.26067	0.095064	-0.013359	-0.10407	-0.10027	-0.089169	-0.078637	-0.067878	-0.04182	0.036576	0.041196	4.9955
960.68	0.02711	-0.0081258	-0.14401	-0.23678	-0.32609	-0.33702	-0.5549	-0.74347	-0.8594	-1.1153	-1.3297	-1.7442	-1.7276	-1.5681	-0.4509	0.65925	0.84459	0.77302	0.64051	0.30433	0.12685	0.030241	-0.079185	-0.073334	-0.069225	-0.073316	-0.060297	-0.0346	0.015013	0.03895	5.3304
961.43	0.019818	0.0016726	-0.12955	-0.24834	-0.34517	-0.35469	-0.57022	-0.80107	-0.90644	-1.3155	-1.5142	-1.7594	-1.8453	-1.7242	-0.57922	0.61725	0.8288	0.78779	0.6507	0.30659	0.15518	0.026104	-0.061898	-0.075668	-0.072147	-0.077936	-0.053324	-0.029473	0.030208	0.042782	5.7243
959.73	0.026327	0.0084681	-0.13856	-0.24173	-0.35283	-0.3519	-0.57799	-0.82484	-0.93426	-1.3934	-1.6849	-1.9032	-2.1187	-1.9163	-0.70056	0.43538	0.80233	0.82511	0.70764	0.38197	0.19502	0.07229	-0.028283	-0.048661	-0.045446	-0.053866	-0.057274	-0.014193	0.035071	0.026602	6.1151
959.41	0.032001	-0.0013433	-0.15538	-0.25985	-0.34942	-0.38281	-0.60074	-0.86344	-0.99857	-1.4694	-1.7829	-1.9866	-2.2705	-2.177	-0.92429	0.45215	0.76108	0.84933	0.72776	0.40954	0.22754	0.091269	-0.013384	-0.038296	-0.038752	-0.039043	-0.047268	-0.01931	0.025459	0.036678	6.4497
