13301	5	3	91	25.8	746	1	13	8	1.165	128	4096	10	0	0	0	0	149.12	918.49	1.4026e+006	0.11487	0.050563	39.811	0	0	1	0	0	0	11	0	0
858.02	0.0093223	-0.0236	-0.16765	-0.32345	-0.46926	-0.60802	-0.81025	-1.0613	-1.3508	-2.1021	-2.5939	-3.4603	-4.0318	-4.6247	-2.8356	-0.98013	0.11954	0.8596	0.88546	0.69842	0.48124	0.31003	0.18188	0.12293	0.079442	0.050925	0.035715	0.042728	0.04531	0.043004	10.102
854.07	0.0039102	-0.038974	-0.18636	-0.31526	-0.47242	-0.60698	-0.83089	-1.0985	-1.3805	-2.0458	-2.7749	-3.3182	-4.2827	-4.7878	-3.0998	-1.1996	0.020524	0.82802	0.89815	0.72221	0.51103	0.32721	0.20299	0.12619	0.085674	0.041507	0.043676	0.045388	0.04552	0.037115	10.529
854.07	-0.010637	-0.036429	-0.16125	-0.30556	-0.48033	-0.60122	-0.80809	-1.1406	-1.4515	-2.159	-2.8047	-3.3461	-4.5149	-5.0976	-3.3123	-1.4705	-0.09788	0.80784	0.89643	0.74183	0.54481	0.36794	0.2312	0.154	0.11163	0.087138	0.063598	0.054412	0.04462	0.034505	10.897
857.27	-0.0024446	-0.034604	-0.18477	-0.33252	-0.49431	-0.60089	-0.85723	-1.1596	-1.5108	-2.3013	-2.9032	-3.5374	-4.7649	-5.396	-3.6848	-1.5209	-0.20029	0.77513	0.88196	0.7614	0.57024	0.3887	0.24877	0.16594	0.11539	0.083315	0.06854	0.053392	0.03368	0.039575	11.308
858.45	0.015649	-0.032026	-0.15418	-0.32943	-0.51135	-0.64596	-0.86446	-1.1732	-1.5311	-2.3263	-3.0377	-3.7454	-4.9183	-5.917	-4.0544	-1.9186	-0.36333	0.74347	0.8628	0.77802	0.60218	0.40199	0.26772	0.17463	0.13023	0.11027	0.060688	0.063113	0.03274	0.02394	11.74
858.34	-0.01963	-0.043845	-0.18811	-0.32509	-0.47696	-0.64126	-0.84524	-1.1858	-1.5468	-2.2139	-2.9985	-3.8754	-5.2122	-6.2349	-4.4008	-2.1791	-0.49815	0.70244	0.85437	0.80601	0.61818	0.43612	0.29582	0.20947	0.13941	0.11639	0.08052	0.060672	0.030054	0.033466	12.134
856.95	-0.018756	-0.048985	-0.16339	-0.32825	-0.50337	-0.63655	-0.87523	-1.2128	-1.6011	-2.3867	-3.3403	-3.9559	-5.6657	-6.5714	-4.841	-2.4713	-0.68401	0.65473	0.85318	0.80359	0.62539	0.45251	0.30772	0.21517	0.15383	0.10871	0.084105	0.067313	0.029203	0.021382	12.504
855.67	-0.025135	-0.047365	-0.17885	-0.35513	-0.51399	-0.62216	-0.90098	-1.263	-1.6329	-2.3244	-3.4247	-4.166	-5.8524	-6.9789	-5.0218	-2.6989	-0.84083	0.61734	0.83217	0.82438	0.65472	0.47906	0.33457	0.2334	0.17077	0.13252	0.094605	0.073964	0.027449	0.021414	12.923
854.81	-0.03061	-0.049955	-0.16917	-0.35813	-0.52341	-0.66695	-0.94913	-1.2804	-1.6822	-2.5246	-3.5175	-4.3189	-6.0813	-7.4634	-5.4224	-2.9256	-1.0191	0.57187	0.81327	0.85601	0.68381	0.50175	0.34723	0.24976	0.17513	0.13879	0.10509	0.092072	0.037377	0.026649	13.349
854.6	-0.046064	-0.068611	-0.16832	-0.34501	-0.51266	-0.67864	-0.95021	-1.3022	-1.7449	-2.7137	-3.6277	-4.478	-6.4577	-7.6511	-5.7712	-3.4306	-1.1978	0.49037	0.79201	0.85623	0.70708	0.5102	0.36493	0.26686	0.19024	0.13444	0.11377	0.056019	0.035587	0.0066591	13.763
855.45	-0.059634	-0.067697	-0.16367	-0.3297	-0.50919	-0.67509	-0.9383	-1.3448	-1.7414	-2.6451	-3.7729	-4.5014	-6.8703	-8.2002	-6.1125	-3.6791	-1.356	0.43135	0.76721	0.85911	0.72235	0.54758	0.37953	0.29704	0.21011	0.16672	0.12057	0.077259	0.034652	0.014472	14.145
855.45	-0.072341	-0.098177	-0.20039	-0.3341	-0.52696	-0.68948	-0.98889	-1.36	-1.8314	-2.6075	-3.7531	-4.8171	-7.111	-8.4654	-6.45	-3.819	-1.5458	0.38913	0.73035	0.8703	0.73833	0.55406	0.39712	0.29256	0.21346	0.16672	0.1249	0.073163	0.022057	0.012734	14.601
856.2	-0.082253	-0.10063	-0.19664	-0.33821	-0.48999	-0.72531	-0.96612	-1.3642	-1.8548	-2.7839	-4.0473	-4.8778	-7.3988	-8.8994	-6.7622	-4.3003	-1.7449	0.30059	0.69287	0.87793	0.74389	0.57296	0.4214	0.30126	0.22914	0.17183	0.12133	0.076374	0.019341	0.018797	14.999
856.52	-0.10126	-0.10905	-0.19209	-0.35829	-0.52828	-0.66849	-1.0163	-1.3672	-1.8775	-2.8769	-4.1251	-4.978	-7.7344	-9.2757	-7.27	-4.5689	-1.9536	0.23627	0.66178	0.87667	0.77198	0.58752	0.42124	0.32082	0.22989	0.17089	0.13942	0.086163	0.022929	-0.0072341	15.398
857.8	-0.12102	-0.10635	-0.17305	-0.33407	-0.50976	-0.69046	-1.0333	-1.3956	-1.8617	-2.7693	-4.2081	-5.2113	-7.8829	-9.5703	-7.4418	-4.8691	-2.1096	0.18807	0.62573	0.88094	0.77703	0.60877	0.45308	0.33374	0.23789	0.1785	0.13491	0.099101	0.020203	-0.0054903	15.79
858.55	-0.12453	-0.1265	-0.21216	-0.36183	-0.52408	-0.67265	-0.97272	-1.3854	-1.9264	-2.9452	-4.1351	-5.4196	-8.3202	-9.9406	-7.858	-5.1902	-2.2925	0.10282	0.58674	0.86902	0.77812	0.611	0.44304	0.33077	0.25767	0.19929	0.15461	0.089222	-0.0058069	-0.020198	16.164
858.23	-0.15082	-0.16706	-0.23545	-0.36109	-0.52723	-0.68246	-1.0067	-1.394	-1.9599	-2.9744	-4.3247	-5.5605	-8.6699	-10.314	-8.2838	-5.5641	-2.4996	0.020601	0.56046	0.8898	0.79699	0.62873	0.46074	0.35142	0.2636	0.21072	0.15639	0.074559	0.0076384	-0.023669	16.501
853.85	-0.15796	-0.21202	-0.23127	-0.3982	-0.52795	-0.68308	-1.0178	-1.4478	-1.9604	-2.8765	-4.4662	-5.5238	-9.17	-10.721	-8.5871	-5.845	-2.6936	-0.0562	0.51266	0.88969	0.81798	0.65048	0.46575	0.35323	0.28338	0.21443	0.15719	0.085611	0.00046982	-0.022919	16.931
850	-0.18516	-0.19935	-0.25936	-0.39204	-0.52239	-0.69197	-1.0037	-1.4931	-2.005	-2.9464	-4.5264	-5.8853	-9.2743	-11.286	-9.0335	-6.2188	-2.9068	-0.11439	0.46837	0.88433	0.82615	0.6497	0.48823	0.37646	0.27794	0.20747	0.15703	0.082701	-0.013107	-0.037883	17.259
844.66	-0.22678	-0.23319	-0.3	-0.37758	-0.5327	-0.67302	-1.057	-1.4663	-2.044	-2.9936	-4.7963	-5.979	-9.6309	-11.554	-9.2664	-6.6833	-3.0966	-0.1948	0.45744	0.90504	0.83407	0.68377	0.5029	0.38791	0.27292	0.20434	0.15627	0.098158	-0.021389	-0.048678	17.586
843.59	-0.26205	-0.27985	-0.32853	-0.41108	-0.58045	-0.70793	-0.97715	-1.4654	-2.0115	-3.0547	-4.5809	-6.0148	-9.7065	-11.73	-9.6692	-6.7958	-3.2604	-0.25149	0.42759	0.90146	0.84953	0.67245	0.51782	0.40293	0.2792	0.22237	0.14858	0.080838	-0.022329	-0.080448	17.896
843.48	-0.2989	-0.28504	-0.37399	-0.46824	-0.59956	-0.72554	-1.0149	-1.4529	-1.9889	-3.0073	-4.7325	-6.138	-9.9699	-12.198	-10.032	-7.0427	-3.4207	-0.33229	0.38417	0.9082	0.85684	0.70441	0.52681	0.39753	0.29026	0.22062	0.16789	0.068387	-0.048791	-0.090147	18.187
844.13	-0.33363	-0.34403	-0.39186	-0.48305	-0.63814	-0.73277	-1.0252	-1.4254	-1.9445	-3.0337	-4.6484	-6.2086	-9.881	-12.162	-10.083	-7.2453	-3.5097	-0.35732	0.35433	0.89427	0.86608	0.70106	0.52106	0.40086	0.29258	0.22845	0.15725	0.069163	-0.045106	-0.10416	18.478
843.38	-0.36799	-0.35893	-0.42218	-0.52632	-0.66776	-0.83464	-1.1082	-1.4385	-1.9155	-2.9504	-4.6626	-6.2235	-9.9169	-12.361	-10.082	-7.318	-3.5973	-0.39462	0.34594	0.90547	0.87676	0.69887	0.5474	0.41212	0.29963	0.22954	0.15563	0.073381	-0.062485	-0.11659	18.77
841.13	-0.32743	-0.3685	-0.45883	-0.62706	-0.79512	-0.9325	-1.233	-1.5016	-1.8828	-2.8817	-4.7054	-6.0607	-9.9615	-12.421	-10.472	-7.5368	-3.6679	-0.41227	0.35559	0.91643	0.89174	0.73082	0.5417	0.4287	0.29872	0.22837	0.1622	0.068579	-0.056247	-0.11955	19.013
835.78	-0.44287	-0.48178	-0.53418	-0.61936	-0.9286	-1.1535	-1.5015	-1.6789	-2.0037	-2.9194	-4.451	-5.5482	-8.8024	-11.632	-9.2958	-7.2317	-3.3541	-0.30883	0.4193	0.96048	0.91016	0.75536	0.56588	0.43786	0.32374	0.24417	0.15439	0.073209	-0.066733	-0.13009	19.222
833.22	-0.40975	-0.43198	-0.65076	-0.80827	-1.1718	-1.3591	-1.6731	-1.8606	-2.096	-2.4837	-3.7309	-4.4785	-7.017	-9.889	-7.9485	-6.3153	-2.8642	-0.15216	0.5051	0.97877	0.91843	0.75484	0.57395	0.41806	0.31787	0.23953	0.16641	0.064182	-0.088181	-0.13228	19.436
832.04	-0.44766	-0.53443	-0.7548	-1.0338	-1.338	-1.5533	-1.8116	-2.0538	-2.1621	-2.2645	-3.3178	-3.7211	-5.5419	-7.7676	-6.0565	-5.0486	-2.1814	0.041968	0.63012	0.98303	0.92703	0.73785	0.56571	0.41957	0.29683	0.23447	0.15242	0.036482	-0.12623	-0.19051	19.637
825.94	-0.59292	-0.61116	-1.0359	-1.3741	-1.5504	-1.7984	-1.9778	-2.1636	-2.2005	-2.135	-2.6535	-2.7483	-3.5051	-5.2254	-3.9743	-3.8395	-1.4332	0.30464	0.74489	1.0077	0.89986	0.72703	0.54346	0.41525	0.29729	0.19173	0.12309	0.011301	-0.15604	-0.2198	19.78
816.1	-0.76467	-0.8546	-1.1601	-1.3602	-1.7058	-1.8583	-1.9044	-2.0499	-1.9514	-1.8844	-1.9571	-2.032	-2.4913	-3.9266	-2.8802	-2.8884	-0.9567	0.47629	0.83927	1.011	0.89769	0.7077	0.5288	0.38271	0.25267	0.16649	0.081968	-0.040078	-0.23053	-0.3226	19.936
807.96	-0.82811	-0.95195	-1.3595	-1.5546	-1.6487	-1.7317	-1.7335	-1.9065	-1.7174	-1.5843	-1.5144	-1.8853	-2.0349	-2.8152	-2.3682	-2.1965	-0.56998	0.62738	0.914	1.0054	0.86726	0.66883	0.47357	0.3183	0.20122	0.10881	0.010458	-0.12114	-0.33857	-0.42976	20.072
804.53	-1.0131	-1.0712	-1.4024	-1.5687	-1.6589	-1.6718	-1.5876	-1.4918	-1.4406	-1.4209	-1.2676	-1.291	-1.3799	-1.3237	-1.3532	-1.3627	-0.16771	0.75555	0.95436	0.96804	0.81338	0.61173	0.42226	0.27013	0.11851	0.020774	-0.085132	-0.23401	-0.51601	-0.63384	20.201
803.46	-1.0946	-1.1123	-1.2603	-1.435	-1.5023	-1.4104	-1.3635	-1.325	-1.2602	-1.2323	-1.0896	-1.2631	-1.154	-1.1749	-1.3345	-0.85796	-0.030625	0.8015	0.9538	0.9296	0.76815	0.55448	0.38535	0.22377	0.079497	-0.019309	-0.12023	-0.29014	-0.57991	-0.69295	20.358
809.99	-0.84904	-0.97013	-1.2889	-1.3138	-1.2743	-1.3271	-1.2732	-1.2822	-1.2948	-1.2025	-1.0284	-1.2235	-1.2671	-1.2681	-1.2626	-0.87075	0.097307	0.84773	0.96694	0.90437	0.72821	0.52268	0.35622	0.18035	0.07709	-0.021003	-0.13936	-0.27222	-0.49923	-0.56995	20.48
820.81	-0.96556	-1.0394	-1.0759	-1.1571	-1.1761	-1.1656	-1.2494	-1.2615	-1.1426	-1.1474	-0.82864	-1.1977	-1.1017	-1.1593	-1.3665	-0.52871	0.15016	0.85957	0.95509	0.85551	0.70659	0.48785	0.3286	0.18077	0.041218	-0.036249	-0.13482	-0.28059	-0.53484	-0.64662	20.628
839.53	-0.90333	-0.95153	-1.0392	-1.1357	-1.1731	-1.1865	-1.1082	-1.0655	-1.1074	-1.1026	-0.96189	-1.171	-1.2043	-1.2145	-1.1985	-0.4979	0.1751	0.84627	0.93205	0.86209	0.6854	0.47509	0.32038	0.15211	0.040299	-0.047938	-0.14503	-0.26432	-0.49633	-0.5676	20.682
861.65	-0.87744	-0.87582	-1.0481	-1.076	-1.091	-1.0913	-1.1065	-1.0239	-0.98108	-0.93407	-1.0653	-1.0211	-0.94325	-1.0604	-1.0912	-0.50365	0.21862	0.85788	0.92855	0.82051	0.64225	0.45738	0.29643	0.14998	0.021001	-0.058015	-0.15333	-0.25916	-0.47734	-0.55733	20.702
873.18	-0.88363	-0.90324	-0.99824	-1.0842	-1.062	-1.09	-1.0266	-0.97968	-0.94779	-0.82026	-0.84701	-0.88934	-0.73863	-0.87326	-0.96343	-0.41474	0.27627	0.86347	0.90453	0.80419	0.61376	0.4106	0.26924	0.11904	0.01581	-0.069265	-0.17503	-0.29104	-0.52303	-0.59167	20.705
874.57	-0.84139	-0.8604	-0.93972	-0.98264	-0.99466	-0.98507	-0.9582	-0.91593	-0.87354	-0.81896	-0.70003	-0.88793	-0.87699	-0.8373	-0.99018	-0.23158	0.33627	0.86492	0.91483	0.78649	0.59716	0.40904	0.25332	0.12411	-0.0062966	-0.082865	-0.17644	-0.29058	-0.50988	-0.57798	20.721
865.92	-0.80137	-0.85812	-0.97742	-1.0046	-0.98996	-0.94846	-0.91363	-0.90119	-0.84296	-0.85505	-0.6874	-0.86928	-1.1059	-0.81949	-0.97151	-0.25233	0.37591	0.86881	0.91634	0.79066	0.61277	0.41769	0.25324	0.11296	-0.007185	-0.082828	-0.1688	-0.304	-0.49098	-0.57174	20.73
851.82	-0.89029	-0.86212	-0.9954	-0.97531	-0.96171	-0.89285	-0.91775	-0.88103	-0.87255	-0.9543	-0.76856	-0.9676	-0.95414	-0.85968	-1.1425	-0.24714	0.39202	0.90344	0.95046	0.78313	0.60419	0.39583	0.23181	0.10584	-0.027456	-0.092118	-0.19331	-0.31479	-0.52079	-0.62046	20.727
840.92	-0.88983	-0.8957	-0.94635	-0.92977	-0.92394	-0.89564	-0.88419	-0.85419	-0.83283	-0.83257	-0.59677	-0.74399	-0.79417	-0.8888	-1.02	-0.24086	0.41351	0.92979	0.95319	0.80658	0.61925	0.41413	0.23929	0.1063	-0.035468	-0.096877	-0.19406	-0.32887	-0.51839	-0.61614	20.718
833.43	-0.85963	-0.85334	-0.94566	-0.92728	-0.91601	-0.88104	-0.85752	-0.85543	-0.81191	-0.83039	-0.66327	-0.82692	-0.89283	-0.67	-0.89064	-0.20471	0.43285	0.93913	0.96439	0.78988	0.60477	0.40077	0.23421	0.10174	-0.026347	-0.10314	-0.21089	-0.32678	-0.53967	-0.61186	20.721
829.9	-0.82118	-0.82642	-0.89614	-0.92488	-0.88326	-0.86698	-0.85422	-0.84245	-0.80823	-0.7757	-0.72746	-0.84	-0.80473	-0.85506	-0.94411	-0.26328	0.48269	0.94213	0.97291	0.78555	0.59453	0.3758	0.22432	0.086479	-0.039386	-0.11803	-0.21001	-0.32564	-0.53269	-0.60551	20.709
831.08	-0.80694	-0.80172	-0.85616	-0.87104	-0.85659	-0.85588	-0.81743	-0.83573	-0.82044	-0.7746	-0.64472	-0.78146	-0.72098	-0.83564	-0.87331	-0.13805	0.50597	0.94376	0.95123	0.77676	0.59004	0.37716	0.21314	0.078982	-0.041912	-0.11696	-0.20704	-0.32181	-0.5236	-0.57247	20.702
834.82	-0.76984	-0.75909	-0.80827	-0.82836	-0.82238	-0.79403	-0.81722	-0.79803	-0.76536	-0.76146	-0.67235	-0.87311	-0.52589	-0.7685	-0.78047	-0.0036231	0.53766	0.9474	0.94697	0.75607	0.57738	0.36979	0.19415	0.061193	-0.06657	-0.12093	-0.21408	-0.33631	-0.51849	-0.59393	20.621
839.1	-0.7326	-0.76471	-0.79684	-0.84028	-0.81013	-0.81737	-0.77265	-0.75013	-0.75176	-0.69998	-0.64865	-0.75507	-0.65046	-0.88172	-0.65855	0.034435	0.5687	0.94061	0.94651	0.75602	0.56087	0.35942	0.19585	0.028013	-0.065379	-0.13728	-0.21564	-0.33126	-0.51493	-0.5732	20.473
841.77	-0.71921	-0.76056	-0.76792	-0.79022	-0.75737	-0.74359	-0.75306	-0.74684	-0.71246	-0.60207	-0.52555	-0.71493	-0.72993	-0.66337	-0.61727	0.13862	0.58055	0.94347	0.94699	0.74793	0.54375	0.34983	0.19075	0.063418	-0.050724	-0.12438	-0.21583	-0.33437	-0.50232	-0.55637	20.283
842.31	-0.7335	-0.7403	-0.76379	-0.75933	-0.75589	-0.75092	-0.72347	-0.71726	-0.67775	-0.72601	-0.62603	-0.76162	-0.62082	-0.65397	-0.67562	0.043791	0.60382	0.94775	0.95161	0.74177	0.54791	0.3374	0.17991	0.0561	-0.059186	-0.12697	-0.20691	-0.325	-0.4819	-0.55602	20.089
840.06	-0.73546	-0.73452	-0.75945	-0.74703	-0.7398	-0.71286	-0.68162	-0.71097	-0.68221	-0.74713	-0.68836	-0.59345	-0.74051	-0.7187	-0.68723	-0.060603	0.63736	0.94051	0.94455	0.7314	0.52406	0.31571	0.17233	0.046221	-0.061898	-0.1398	-0.20923	-0.31837	-0.47586	-0.53805	19.858
832.58	-0.72062	-0.7159	-0.72579	-0.73476	-0.70078	-0.68181	-0.69035	-0.71184	-0.68301	-0.67646	-0.56196	-0.68464	-0.68304	-0.70701	-0.54485	0.12098	0.65597	0.95587	0.95657	0.72264	0.5379	0.3252	0.17297	0.057677	-0.071904	-0.13386	-0.19778	-0.30945	-0.48292	-0.53307	19.634
827.01	-0.65881	-0.66817	-0.69825	-0.6951	-0.68813	-0.6715	-0.68016	-0.69625	-0.67687	-0.67125	-0.58626	-0.66043	-0.67842	-0.73004	-0.71803	0.17968	0.65946	0.97123	0.95414	0.72364	0.52774	0.33121	0.16867	0.040464	-0.078442	-0.14654	-0.20895	-0.3183	-0.46476	-0.5106	19.4
823.05	-0.65349	-0.62739	-0.69416	-0.68198	-0.67912	-0.69568	-0.68957	-0.69867	-0.64597	-0.60598	-0.65101	-0.60571	-0.71875	-0.64171	-0.5311	0.16116	0.70359	0.96294	0.95605	0.72518	0.50353	0.3184	0.15211	0.017388	-0.076212	-0.13722	-0.21175	-0.32324	-0.4511	-0.46792	19.096
826.91	-0.61946	-0.62621	-0.64924	-0.67243	-0.68413	-0.66961	-0.65496	-0.63797	-0.62238	-0.64212	-0.64797	-0.62211	-0.60471	-0.73929	-0.50867	0.27621	0.70494	0.98029	0.95781	0.70829	0.50761	0.30257	0.16505	0.0275	-0.074128	-0.13115	-0.2045	-0.30055	-0.42481	-0.48102	18.87
834.82	-0.64149	-0.64283	-0.66878	-0.66786	-0.64222	-0.63671	-0.60555	-0.6411	-0.62446	-0.52025	-0.65198	-0.51153	-0.58984	-0.65079	-0.39518	0.12065	0.74047	0.96116	0.92676	0.69393	0.4837	0.29023	0.13824	0.018062	-0.076852	-0.15055	-0.19636	-0.3019	-0.44382	-0.48446	18.56
844.55	-0.59456	-0.62513	-0.67831	-0.64234	-0.62681	-0.62062	-0.58833	-0.59924	-0.57872	-0.48564	-0.61432	-0.65613	-0.39339	-0.72384	-0.46874	0.23264	0.7265	0.94328	0.90305	0.65286	0.44485	0.26723	0.11882	0.0078743	-0.092057	-0.15237	-0.22563	-0.29344	-0.41593	-0.46657	18.264
854.28	-0.58961	-0.59682	-0.63471	-0.59714	-0.58901	-0.56359	-0.56727	-0.60408	-0.56953	-0.58383	-0.49799	-0.52778	-0.59427	-0.65365	-0.42479	0.30474	0.75589	0.92678	0.88418	0.63142	0.43446	0.25585	0.11131	-0.012841	-0.10189	-0.17432	-0.21181	-0.32373	-0.43461	-0.47691	17.899
862.61	-0.58751	-0.59274	-0.57974	-0.58788	-0.58136	-0.59716	-0.57685	-0.59824	-0.59062	-0.58754	-0.46363	-0.58714	-0.562	-0.64734	-0.35376	0.34805	0.75214	0.91212	0.86544	0.59479	0.42586	0.22863	0.075325	-0.021598	-0.10091	-0.17263	-0.21919	-0.31654	-0.41882	-0.46886	17.627
866.88	-0.54342	-0.53467	-0.56892	-0.60322	-0.58922	-0.58286	-0.56568	-0.58823	-0.57576	-0.60322	-0.38298	-0.70338	-0.51523	-0.74008	-0.52327	0.51203	0.73164	0.89626	0.85271	0.58725	0.40186	0.21474	0.075823	-0.030331	-0.12351	-0.17092	-0.23518	-0.28831	-0.39368	-0.44941	17.273
865.71	-0.55582	-0.5697	-0.60598	-0.59708	-0.5666	-0.57038	-0.59144	-0.55185	-0.55945	-0.49237	-0.40311	-0.70433	-0.66571	-0.71488	-0.34297	0.43899	0.77069	0.90316	0.84625	0.58068	0.38837	0.20224	0.0681	-0.03745	-0.11955	-0.18154	-0.22952	-0.30489	-0.4111	-0.44744	16.928
862.51	-0.54438	-0.54831	-0.5727	-0.59668	-0.5834	-0.56012	-0.53343	-0.53792	-0.55638	-0.55959	-0.49324	-0.62407	-0.49131	-0.8315	-0.47812	0.44062	0.75579	0.89986	0.85704	0.57543	0.37397	0.17732	0.064862	-0.039368	-0.12	-0.17005	-0.23895	-0.29708	-0.39389	-0.43015	16.546
858.45	-0.52705	-0.54415	-0.57719	-0.56004	-0.54383	-0.54939	-0.53764	-0.54492	-0.51679	-0.70298	-0.55491	-0.59926	-0.68022	-0.89708	-0.3843	0.47059	0.78792	0.90029	0.83546	0.56886	0.35716	0.16987	0.044123	-0.055616	-0.1239	-0.1857	-0.24697	-0.30747	-0.41278	-0.42786	16.222
857.48	-0.50229	-0.4983	-0.52423	-0.53522	-0.5336	-0.53469	-0.49114	-0.55626	-0.53548	-0.60983	-0.58524	-0.47949	-0.54756	-0.93335	-0.38473	0.53626	0.79327	0.88502	0.82442	0.53413	0.33985	0.16453	0.047685	-0.064613	-0.13655	-0.17804	-0.22309	-0.29555	-0.37735	-0.40321	15.823
856.52	-0.49469	-0.48533	-0.50514	-0.50506	-0.4898	-0.50845	-0.56579	-0.50858	-0.49376	-0.51647	-0.42727	-0.64696	-0.5838	-0.92557	-0.28887	0.59276	0.79774	0.89848	0.8125	0.53752	0.33668	0.1601	0.032799	-0.069158	-0.13336	-0.17299	-0.23025	-0.27462	-0.3643	-0.39238	15.452
853.1	-0.47119	-0.472	-0.50537	-0.50973	-0.52743	-0.52877	-0.49873	-0.51511	-0.50701	-0.48078	-0.54843	-0.56575	-0.55038	-0.81407	-0.16434	0.53902	0.82428	0.88476	0.81318	0.52378	0.31311	0.13942	0.015283	-0.071231	-0.12635	-0.19389	-0.23118	-0.28475	-0.36125	-0.40702	15.028
842.95	-0.51279	-0.48713	-0.4951	-0.47836	-0.47464	-0.45627	-0.46795	-0.47314	-0.5061	-0.48657	-0.53487	-0.80815	-0.71987	-0.97635	-0.17612	0.46978	0.81785	0.88276	0.80731	0.51115	0.32138	0.13641	0.012788	-0.079361	-0.14314	-0.17488	-0.22694	-0.27072	-0.35464	-0.38284	14.646
836.53	-0.48238	-0.47442	-0.48791	-0.46764	-0.46818	-0.48135	-0.47326	-0.48044	-0.50645	-0.57697	-0.54913	-0.73839	-1.0263	-1.0561	-0.39437	0.46383	0.83786	0.88462	0.82052	0.51412	0.29752	0.12989	0.0047884	-0.080885	-0.13826	-0.19235	-0.21718	-0.27531	-0.34081	-0.36712	14.254
833.86	-0.44016	-0.42817	-0.44813	-0.43664	-0.44029	-0.46321	-0.42548	-0.47463	-0.4708	-0.65609	-0.76476	-1.0075	-1.057	-1.1049	-0.34617	0.42704	0.8185	0.88943	0.81259	0.51002	0.29119	0.13031	0.0075104	-0.068281	-0.13698	-0.18668	-0.20546	-0.26191	-0.2976	-0.33622	13.864
833.86	-0.38895	-0.39082	-0.41046	-0.40775	-0.3724	-0.35788	-0.36147	-0.48106	-0.47524	-0.55949	-0.79529	-1.1599	-1.1851	-1.3225	-0.60334	0.44619	0.80288	0.88155	0.81171	0.50619	0.28391	0.12367	0.013829	-0.065525	-0.12669	-0.15881	-0.19659	-0.22494	-0.29668	-0.31751	13.515
833.22	-0.3585	-0.37721	-0.37492	-0.29785	-0.31995	-0.25767	-0.38079	-0.46396	-0.51379	-0.66626	-0.78574	-1.2943	-1.4881	-1.5322	-0.6137	0.52315	0.7943	0.89602	0.81674	0.48839	0.30144	0.12756	0.0048057	-0.056381	-0.11735	-0.15174	-0.19141	-0.22763	-0.28028	-0.29457	13.128
833.97	-0.32186	-0.29003	-0.24322	-0.25065	-0.27711	-0.32732	-0.36662	-0.4075	-0.39179	-0.70429	-1.2534	-1.5217	-1.7337	-1.9025	-0.83071	0.32173	0.76419	0.90211	0.81689	0.51378	0.29935	0.1284	0.027369	-0.063678	-0.10438	-0.13902	-0.16995	-0.19718	-0.24128	-0.25867	12.764
838.35	-0.16736	-0.15461	-0.20356	-0.2242	-0.26861	-0.32561	-0.25974	-0.41634	-0.54064	-0.96003	-1.3481	-1.8454	-2.2341	-2.1901	-0.89523	0.21534	0.7008	0.87683	0.82136	0.52252	0.31499	0.14376	0.036202	-0.039587	-0.082499	-0.10969	-0.14876	-0.15018	-0.17117	-0.18641	12.366
848.08	-0.18009	-0.18102	-0.194	-0.19145	-0.15194	-0.2367	-0.28908	-0.46215	-0.69321	-1.158	-1.4428	-2.0303	-2.3703	-2.5751	-1.1378	0.1564	0.67379	0.90742	0.83529	0.54005	0.34451	0.15982	0.05709	-0.032809	-0.067217	-0.070432	-0.10606	-0.10962	-0.15287	-0.12908	11.998
858.45	-0.13359	-0.13411	-0.11402	-0.18037	-0.24263	-0.26731	-0.34188	-0.56902	-0.80635	-1.1815	-1.7122	-2.2001	-2.6704	-2.7113	-1.2874	-0.068597	0.61925	0.88499	0.82094	0.55119	0.33593	0.15882	0.057278	-0.021704	-0.051408	-0.084422	-0.10133	-0.1034	-0.1071	-0.10935	11.597
865.6	-0.061626	-0.077781	-0.13343	-0.19453	-0.23867	-0.26415	-0.40988	-0.64486	-0.88942	-1.3672	-1.6784	-2.1452	-2.6924	-2.8199	-1.515	-0.077244	0.6097	0.89474	0.84804	0.56323	0.3542	0.19313	0.079414	0.011224	-0.03115	-0.056883	-0.060322	-0.056406	-0.056434	-0.0475	11.166
869.87	-0.073818	-0.10321	-0.12837	-0.14685	-0.22779	-0.28928	-0.45595	-0.73064	-0.92928	-1.4716	-1.7483	-2.3812	-2.7669	-2.7539	-1.5455	-0.040188	0.58469	0.89318	0.86074	0.56505	0.36207	0.194	0.079024	0.030545	-0.025243	-0.043681	-0.054073	-0.042434	-0.042002	-0.054101	10.814
872.65	-0.042442	-0.055574	-0.13148	-0.16708	-0.24449	-0.3288	-0.52806	-0.75992	-0.96787	-1.5592	-1.7914	-2.4556	-2.8367	-2.9357	-1.5973	-0.049183	0.56703	0.88281	0.8538	0.56326	0.37136	0.19157	0.08136	0.0243	-0.026801	-0.033237	-0.042032	-0.049528	-0.01365	-0.033495	10.4
872.22	-0.00062323	-0.020725	-0.086744	-0.14473	-0.24558	-0.33743	-0.52005	-0.77083	-0.99548	-1.4769	-2.0064	-2.393	-2.7682	-2.9458	-1.494	-0.16815	0.56204	0.88701	0.85675	0.56902	0.36632	0.1971	0.09262	0.026949	-0.013693	-0.025519	-0.026785	-0.02786	-0.0048341	-0.0053995	10.006
864.53	0.0074551	0.020141	-0.089289	-0.16691	-0.26633	-0.37936	-0.57306	-0.7963	-1.0386	-1.6484	-1.9162	-2.3132	-2.9428	-3.042	-1.6313	-0.14197	0.56083	0.87876	0.86606	0.57039	0.35903	0.1952	0.089089	0.033392	-0.0096772	-0.011009	-0.021033	-0.032971	0.0066948	0.018616	9.6401
853.32	0.044861	0.019557	-0.059937	-0.17704	-0.29855	-0.41128	-0.59158	-0.8328	-1.0704	-1.6606	-2.0509	-2.6322	-2.9368	-3.1174	-1.7204	-0.022238	0.56012	0.898	0.85252	0.57041	0.37354	0.18942	0.09026	0.040115	-0.0064534	-0.017301	-0.016976	-0.0022003	0.027525	0.032793	9.2988
842.84	0.025152	0.0069093	-0.094314	-0.19353	-0.32732	-0.44659	-0.60578	-0.85951	-1.0732	-1.5188	-1.8648	-2.3068	-2.919	-3.1382	-1.5755	-0.050922	0.59708	0.91598	0.86398	0.57655	0.35926	0.20303	0.097633	0.034251	0.00025642	-0.004179	-0.0066528	0.011073	0.036998	0.048185	8.9136
839.85	0.042806	0.022456	-0.09921	-0.21483	-0.35968	-0.44329	-0.62769	-0.84616	-1.1061	-1.6489	-1.9827	-2.5326	-2.8386	-2.8974	-1.3748	-0.089128	0.61563	0.8997	0.86619	0.57385	0.35693	0.19246	0.081849	0.0088318	-0.0040018	-0.021148	-0.027818	0.01028	0.033463	0.059858	8.5917
844.77	0.045315	0.017183	-0.098634	-0.23141	-0.34859	-0.43391	-0.60525	-0.83126	-1.0559	-1.5725	-2.0415	-2.3203	-2.813	-2.9342	-1.4157	-0.12639	0.62111	0.90126	0.84552	0.55445	0.33687	0.18198	0.074243	0.022383	-0.007365	-0.021913	-0.02065	-0.011346	0.043288	0.048075	8.2334
852.89	0.041244	-0.0050607	-0.10668	-0.23979	-0.33833	-0.44902	-0.6367	-0.8422	-1.0527	-1.5481	-1.8628	-2.4286	-2.7862	-2.8176	-1.4602	0.052599	0.64035	0.88979	0.8194	0.51081	0.31942	0.158	0.06118	0.0051023	-0.023228	-0.022583	-0.011778	-0.015347	0.032049	0.045874	7.8872
858.98	0.04366	0.023642	-0.097	-0.2416	-0.34183	-0.45253	-0.62127	-0.81483	-1.0341	-1.6121	-1.9286	-2.2912	-2.5001	-2.7624	-1.229	0.12654	0.64116	0.87393	0.82384	0.50811	0.30213	0.13939	0.061622	0.0059592	-0.023063	-0.021551	-0.017723	-0.0021858	0.037196	0.065444	7.5937
861.12	0.045357	0.01181	-0.119	-0.22701	-0.33706	-0.44283	-0.60967	-0.82971	-1.0324	-1.5239	-1.9337	-2.1379	-2.7419	-2.6941	-1.293	0.10769	0.67604	0.86127	0.8218	0.51798	0.30579	0.1519	0.040491	-0.016299	-0.020514	-0.043255	-0.012525	-0.0029921	0.042466	0.059242	7.2745
860.37	0.046299	-0.0008068	-0.10753	-0.24908	-0.33932	-0.44989	-0.61356	-0.81262	-1.0161	-1.441	-1.8466	-2.2229	-2.4695	-2.5471	-1.0353	0.24693	0.70245	0.8811	0.79182	0.47947	0.28575	0.11435	0.033526	-0.01364	-0.027183	-0.023257	-0.021135	-0.0070692	0.038032	0.066203	7.0218
860.37	0.031857	0.0067701	-0.11821	-0.23683	-0.33441	-0.42604	-0.59847	-0.79837	-0.99286	-1.4223	-1.6985	-2.1305	-2.4428	-2.2395	-1.0257	0.35822	0.74342	0.86679	0.77818	0.46092	0.27693	0.10516	0.028278	-0.022544	-0.034666	-0.034582	-0.026293	-0.021727	0.027299	0.047205	6.757
856.84	0.046489	0.012715	-0.092773	-0.23342	-0.35452	-0.43641	-0.59925	-0.77573	-0.98745	-1.3999	-1.7353	-2.1393	-2.168	-2.284	-0.93367	0.26656	0.75631	0.86844	0.76768	0.44605	0.25945	0.087133	0.01873	-0.034261	-0.046495	-0.049594	-0.041081	-0.0046448	0.037289	0.046531	6.483
846.58	0.046136	0.0017468	-0.095707	-0.21402	-0.35382	-0.42522	-0.58351	-0.77789	-0.96883	-1.5216	-1.5858	-1.94	-2.2754	-1.9813	-0.80859	0.34521	0.78267	0.86927	0.76486	0.43072	0.2312	0.085386	-0.0014941	-0.042823	-0.03185	-0.03603	-0.030218	-0.00056171	0.036834	0.061138	6.2286
838.24	0.054931	0.022499	-0.10214	-0.23231	-0.34928	-0.43728	-0.57554	-0.77832	-0.96435	-1.3637	-1.5509	-1.9404	-2.1888	-1.9469	-0.70841	0.51048	0.82701	0.86911	0.76984	0.42453	0.22807	0.082465	0.011064	-0.044161	-0.043259	-0.037282	-0.039343	-0.0022398	0.042707	0.045792	6.0212
834.93	0.0319	0.0078417	-0.11356	-0.2179	-0.34966	-0.43411	-0.59079	-0.7603	-0.93805	-1.3113	-1.5265	-1.9291	-2.1245	-1.8369	-0.56306	0.46472	0.8514	0.85388	0.74039	0.40136	0.20351	0.067639	-0.024053	-0.059018	-0.066561	-0.055383	-0.039501	-0.013159	0.046563	0.053981	5.8167
839.31	0.058561	0.0086649	-0.095622	-0.22753	-0.32266	-0.42206	-0.56794	-0.75542	-0.91199	-1.2852	-1.5692	-1.7581	-2.0043	-1.7552	-0.48149	0.53835	0.86795	0.84746	0.71555	0.39261	0.1934	0.063517	-0.013165	-0.054145	-0.047466	-0.051522	-0.034006	-0.00056657	0.05182	0.07052	5.6304
843.48	0.063795	0.008622	-0.10787	-0.22729	-0.32006	-0.39759	-0.56171	-0.73261	-0.8838	-1.1738	-1.4708	-1.7211	-1.913	-1.648	-0.45956	0.5641	0.8791	0.83549	0.70592	0.3708	0.18524	0.039768	-0.030948	-0.053877	-0.070127	-0.07348	-0.047872	-0.018009	0.046091	0.066646	5.435
852.46	0.059478	0.018726	-0.11032	-0.22667	-0.33156	-0.38377	-0.53803	-0.7231	-0.8797	-1.2371	-1.5051	-1.7123	-1.7408	-1.5064	-0.37733	0.56749	0.87433	0.80261	0.67526	0.32852	0.14231	0.020797	-0.040335	-0.08836	-0.076939	-0.060399	-0.044764	-0.013709	0.044703	0.070303	5.2986
860.58	0.062528	0.015185	-0.099491	-0.23153	-0.32745	-0.40686	-0.54217	-0.70915	-0.85507	-1.2254	-1.2146	-1.567	-1.7953	-1.4395	-0.39292	0.70123	0.86786	0.81507	0.66633	0.31985	0.1498	0.024276	-0.042579	-0.058148	-0.069564	-0.066796	-0.04692	-0.020094	0.055013	0.060143	5.1713
869.13	0.047618	0.0092005	-0.10645	-0.205	-0.31743	-0.41797	-0.5302	-0.69601	-0.82623	-1.1114	-1.3004	-1.5516	-1.5582	-1.2601	-0.24672	0.65763	0.86726	0.77967	0.64543	0.30477	0.1291	0.0022026	-0.058615	-0.078734	-0.072996	-0.059241	-0.049864	-0.035214	0.046503	0.048438	5.0607
875.21	0.040188	-0.010724	-0.11008	-0.20787	-0.31908	-0.38693	-0.54052	-0.68592	-0.81457	-1.1589	-1.2816	-1.5408	-1.5909	-1.2859	-0.15077	0.73511	0.86036	0.75737	0.60826	0.29991	0.11692	-0.0086534	-0.063368	-0.085187	-0.073305	-0.06996	-0.049517	-0.017356	0.021559	0.052347	4.9667
876.92	0.042767	0.013248	-0.11424	-0.21348	-0.30497	-0.41332	-0.52631	-0.66099	-0.79358	-0.93618	-1.2695	-1.4653	-1.4661	-1.2834	-0.1975	0.62448	0.85344	0.7587	0.60958	0.2784	0.10111	-0.018557	-0.061529	-0.092011	-0.081319	-0.084353	-0.054483	-0.025313	0.048722	0.07512	4.8591
874.14	0.051785	0.0066619	-0.10934	-0.21932	-0.32817	-0.36956	-0.52551	-0.66397	-0.80033	-1.0221	-1.0986	-1.4245	-1.4097	-1.2183	-0.13208	0.69949	0.85177	0.73294	0.58131	0.26468	0.096217	-0.038515	-0.081528	-0.09318	-0.095486	-0.081192	-0.072427	-0.02379	0.034791	0.04221	4.7878
870.19	0.03953	0.01252	-0.11776	-0.23156	-0.33452	-0.39293	-0.52375	-0.66787	-0.78866	-1.0915	-1.2207	-1.4675	-1.3284	-1.1282	-0.1232	0.80356	0.85828	0.72211	0.5477	0.23745	0.072222	-0.048685	-0.078439	-0.10329	-0.0877	-0.092755	-0.065955	-0.02712	0.021683	0.051794	4.7636
864.86	0.042468	-0.0083386	-0.12203	-0.22168	-0.32974	-0.4058	-0.53199	-0.67464	-0.80465	-1.1076	-1.1301	-1.4765	-1.4424	-1.074	-0.12397	0.7716	0.85738	0.72563	0.56296	0.226	0.077057	-0.056301	-0.081534	-0.1181	-0.10974	-0.081196	-0.079193	-0.034578	0.027158	0.052974	4.7105
863.04	0.041656	-0.0016446	-0.11519	-0.23348	-0.32358	-0.42092	-0.5306	-0.66541	-0.8012	-0.9979	-1.2013	-1.3232	-1.472	-1.085	-0.11468	0.72698	0.86628	0.71764	0.55564	0.22092	0.056102	-0.05367	-0.10089	-0.12101	-0.096716	-0.1135	-0.080218	-0.034651	0.022756	0.050502	4.659
861.44	0.043535	0.0050779	-0.11718	-0.22693	-0.32811	-0.40931	-0.52572	-0.68355	-0.78122	-1.0559	-1.1641	-1.298	-1.3508	-1.0695	-0.095732	0.74686	0.87234	0.71326	0.55582	0.22226	0.063258	-0.039083	-0.1037	-0.10612	-0.091914	-0.10066	-0.079509	-0.039595	0.034412	0.046283	4.6651
860.69	0.04989	-0.0092216	-0.12796	-0.24199	-0.34017	-0.39441	-0.53121	-0.67435	-0.79135	-1.1036	-1.1059	-1.4283	-1.3697	-1.0792	-0.095815	0.86805	0.85974	0.72246	0.55375	0.22802	0.065958	-0.051977	-0.089799	-0.12579	-0.11692	-0.09291	-0.070121	-0.034746	0.046063	0.043733	4.6681
863.47	0.043433	-0.020937	-0.13199	-0.22029	-0.33712	-0.41595	-0.54955	-0.68017	-0.79652	-1.0067	-1.0631	-1.4237	-1.4094	-0.9444	-0.028645	0.83753	0.84988	0.69923	0.54008	0.21619	0.051676	-0.046317	-0.10956	-0.11119	-0.090868	-0.10824	-0.075895	-0.041937	0.018289	0.034129	4.6711
864.75	0.0308	-0.020904	-0.12116	-0.2426	-0.32685	-0.41724	-0.52705	-0.68359	-0.7808	-1.2381	-1.1302	-1.2746	-1.425	-1.0304	-0.1049	0.71633	0.85837	0.70198	0.54436	0.21403	0.044575	-0.055392	-0.10766	-0.11545	-0.099833	-0.10201	-0.068937	-0.030532	0.027161	0.060712	4.6939
862.08	0.034498	0.012638	-0.12864	-0.24247	-0.33472	-0.4071	-0.52868	-0.66171	-0.79609	-0.98967	-1.1534	-1.4905	-1.3586	-1.0248	-0.038253	0.70928	0.84325	0.71654	0.54009	0.2295	0.058807	-0.061066	-0.10275	-0.12381	-0.10263	-0.090152	-0.08803	-0.042818	0.010282	0.053145	4.6893
860.48	0.028245	-0.011749	-0.1182	-0.21843	-0.31178	-0.41645	-0.54307	-0.68164	-0.79069	-1.0851	-1.0569	-1.4379	-1.3257	-1.0004	-0.086259	0.83118	0.85996	0.71596	0.55474	0.22344	0.070386	-0.048316	-0.090697	-0.10623	-0.098666	-0.085965	-0.064981	-0.029056	0.030871	0.051516	4.6984
860.26	0.038179	-0.010911	-0.14227	-0.22811	-0.33838	-0.43086	-0.53985	-0.69428	-0.80809	-0.9824	-1.225	-1.466	-1.397	-1.1588	-0.038334	0.75717	0.87442	0.72187	0.55402	0.23926	0.068639	-0.032703	-0.089844	-0.10715	-0.089545	-0.092085	-0.055538	-0.020917	0.037141	0.058439	4.6893
862.29	0.038991	-0.0016461	-0.13661	-0.24154	-0.34052	-0.41557	-0.54026	-0.68553	-0.80275	-1.1669	-1.163	-1.3704	-1.3936	-0.97197	-0.12433	0.77389	0.87236	0.74492	0.58164	0.23962	0.088733	-0.020704	-0.083523	-0.082022	-0.086016	-0.087523	-0.054548	-0.025744	0.040624	0.056576	4.8136
862.61	0.051578	-0.0033254	-0.12679	-0.23447	-0.3404	-0.40875	-0.55009	-0.71992	-0.82132	-0.98906	-1.1625	-1.4712	-1.4992	-1.182	-0.03823	0.68109	0.86404	0.73798	0.58483	0.25711	0.093982	-0.027113	-0.070402	-0.094425	-0.081009	-0.067507	-0.051097	-0.018423	0.031688	0.061725	4.95
860.8	0.036354	0.0025605	-0.13685	-0.24634	-0.34798	-0.44967	-0.55712	-0.71876	-0.84626	-1.0847	-1.3426	-1.4466	-1.5999	-1.2811	-0.16287	0.57128	0.85697	0.7567	0.59799	0.27713	0.088887	-0.0060441	-0.061807	-0.080385	-0.065393	-0.069392	-0.050346	-0.017647	0.040695	0.065306	5.1319
857.16	0.041942	-0.021935	-0.11598	-0.24474	-0.35242	-0.40944	-0.57967	-0.72092	-0.88005	-1.0987	-1.3185	-1.5639	-1.5444	-1.3835	-0.34637	0.76922	0.85345	0.78864	0.63133	0.29226	0.13533	0.0096143	-0.041871	-0.070893	-0.073179	-0.051325	-0.054012	-0.010365	0.05613	0.036981	5.3228
857.59	0.029244	0.011014	-0.15254	-0.25603	-0.36505	-0.45039	-0.59704	-0.75361	-0.90722	-1.2015	-1.4367	-1.7577	-1.8104	-1.4357	-0.31736	0.62926	0.8566	0.79111	0.65839	0.33399	0.14235	0.036347	-0.04536	-0.054778	-0.056464	-0.071398	-0.045358	-0.017713	0.032772	0.057754	5.5183
861.12	0.034536	-0.022675	-0.13858	-0.22789	-0.35276	-0.42948	-0.5946	-0.7532	-0.90007	-1.3182	-1.5294	-1.7412	-1.8916	-1.5089	-0.37354	0.65447	0.83618	0.81075	0.6821	0.35116	0.16998	0.024261	-0.018077	-0.055443	-0.053739	-0.058921	-0.030565	-0.026591	0.022807	0.072186	5.8213
865.5	0.022698	-0.025072	-0.14584	-0.25978	-0.34902	-0.43964	-0.60492	-0.76797	-0.94766	-1.1719	-1.3941	-1.7783	-1.8556	-1.8594	-0.40024	0.52207	0.83107	0.81993	0.6778	0.36506	0.19457	0.062511	-0.0066785	-0.055163	-0.040245	-0.0465	-0.036396	-0.0070274	0.02447	0.054651	6.0515
866.56	0.039696	-0.0058146	-0.15185	-0.24817	-0.35834	-0.44952	-0.61833	-0.77145	-0.96271	-1.3378	-1.5002	-1.8586	-2.0733	-1.7437	-0.68526	0.48461	0.7991	0.82934	0.71844	0.38763	0.20484	0.081594	-0.0014596	-0.033877	-0.034418	-0.030011	-0.03379	-0.0078269	0.045751	0.054583	6.2847
869.23	0.026173	-0.024961	-0.14257	-0.26646	-0.3728	-0.49818	-0.62887	-0.79993	-0.97763	-1.4263	-1.7301	-2.0723	-2.0757	-2.1123	-0.76856	0.39131	0.76756	0.84568	0.74324	0.43143	0.22431	0.074975	0.018463	-0.031128	-0.022791	-0.024745	-0.040496	0.0059015	0.031447	0.049287	6.6056
869.87	0.029724	-0.042429	-0.16536	-0.2853	-0.40944	-0.46856	-0.62841	-0.83985	-1.0024	-1.5549	-1.6116	-1.9612	-2.3109	-2.1281	-0.87228	0.23504	0.73881	0.83467	0.75956	0.44212	0.22938	0.10946	0.02191	-0.010852	-0.020307	-0.030758	-0.017501	-0.017463	0.021691	0.026188	6.8675
872.33	0.025191	-0.024873	-0.16577	-0.28881	-0.39182	-0.52182	-0.66798	-0.86383	-1.0556	-1.4213	-1.9186	-2.156	-2.3482	-2.3995	-1.0495	0.28015	0.71039	0.86432	0.78601	0.47747	0.27226	0.12275	0.043421	-0.0073066	-0.0030333	-0.011771	-0.0047311	0.0074862	0.033099	0.045705	7.1838
872.44	0.0064981	-0.027361	-0.15785	-0.30431	-0.38983	-0.49636	-0.69022	-0.8769	-1.0911	-1.7073	-1.8794	-2.4106	-2.5227	-2.5378	-1.3519	0.12459	0.66025	0.86986	0.80609	0.48839	0.30617	0.13996	0.058947	0.03221	-0.006312	-0.015203	-0.014058	0.0026674	0.040152	0.057622	7.5287
871.8	0.023424	-0.02572	-0.16324	-0.30539	-0.4221	-0.5325	-0.699	-0.91269	-1.1173	-1.6808	-1.9782	-2.3669	-2.8395	-2.9213	-1.5042	-0.085862	0.6001	0.85355	0.81257	0.51438	0.31423	0.16727	0.06935	0.022568	-0.0030352	-0.0066194	-0.0081298	-0.00054546	0.051657	0.041472	7.863
873.61	0.022487	-0.0323	-0.16904	-0.30648	-0.40478	-0.53515	-0.71158	-0.93623	-1.1599	-1.6312	-2.1102	-2.5074	-2.9733	-3.1575	-1.6238	-0.11309	0.53659	0.86493	0.82852	0.54894	0.34835	0.18955	0.097641	0.043568	0.014166	0.017417	-0.0081129	0.0018621	0.027768	0.028628	8.1956
873.08	0.0056044	-0.031489	-0.18757	-0.30753	-0.4331	-0.5477	-0.7335	-0.94733	-1.2174	-1.8168	-2.0726	-2.6545	-3.1935	-3.4452	-1.7287	-0.3508	0.45531	0.85511	0.8433	0.57303	0.38248	0.21683	0.1046	0.035698	0.041208	0.020003	0.0062874	0.015506	0.030426	0.040559	8.5388
869.66	0.013661	-0.033278	-0.15483	-0.31999	-0.42994	-0.53569	-0.75048	-0.97924	-1.2349	-1.8517	-2.1393	-2.802	-3.3025	-3.6587	-2.039	-0.43478	0.3972	0.85092	0.84071	0.59088	0.40494	0.22587	0.12059	0.068433	0.026566	0.021802	0.0063137	0.0099281	0.038511	0.043282	8.9105
863.89	0.0074606	-0.012541	-0.16828	-0.3108	-0.45139	-0.57822	-0.75298	-0.98755	-1.2825	-1.92	-2.4386	-3.0689	-3.5718	-3.9194	-2.3104	-0.65015	0.31915	0.85851	0.8684	0.62439	0.42435	0.26033	0.1423	0.078643	0.039162	0.025419	0.020057	0.0067502	0.0093723	0.017769	9.2565
859.84	0.021041	-0.034501	-0.16373	-0.32277	-0.47121	-0.58096	-0.79428	-1.0466	-1.3282	-1.9197	-2.4304	-3.3236	-3.7483	-4.1841	-2.6858	-0.69962	0.21195	0.8511	0.88615	0.65518	0.47316	0.28822	0.16837	0.10396	0.060976	0.051689	0.025314	0.035305	0.031791	0.024767	9.6477
