% Time() Angle(deg) Cn Ct Cm
0	-1.969	-0.23878	0.0097175	-0.014685
0.05	-1.628	-0.2138	0.0054208	-0.016645
0.1	-1.3144	-0.18854	0.0030128	-0.018101
0.15	-0.9993	-0.15127	-8.4454e-05	-0.019431
0.2	-0.65691	-0.12254	-0.0019276	-0.021396
0.25	-0.2857	-0.086679	-0.0022949	-0.02165
0.29	0.080869	-0.061332	-0.0016663	-0.018203
0.34	0.47927	-0.014626	-0.005341	-0.020842
0.39	0.78789	0.027064	-0.0048776	-0.022216
0.44	1.2104	0.04746	-0.0062827	-0.016297
0.49	1.5964	0.090809	-0.0064962	-0.019353
0.54	1.9837	0.12359	-0.0046434	-0.018345
0.59	2.3847	0.16048	-0.0063096	-0.018827
0.64	2.7855	0.20928	-0.0033922	-0.01817
0.69	3.1907	0.24536	-3.0866e-05	-0.018056
0.74	3.5716	0.28857	0.0003269	-0.021701
0.79	3.9599	0.33505	0.0035098	-0.021489
0.83	4.3512	0.34588	0.0034381	-0.018818
0.88	4.7848	0.39711	0.0085764	-0.018197
0.93	5.1471	0.431	0.013545	-0.017835
0.98	5.544	0.47293	0.016672	-0.017588
1.03	5.9651	0.52796	0.022828	-0.019221
1.08	6.3074	0.56676	0.030227	-0.017591
1.13	6.7404	0.60786	0.03554	-0.016846
1.18	7.1232	0.65882	0.04337	-0.015796
1.23	7.4788	0.68293	0.047691	-0.01402
1.28	7.8675	0.72329	0.054087	-0.015985
1.33	8.2077	0.76102	0.064501	-0.013903
1.37	8.5327	0.7926	0.071221	-0.014111
1.42	8.8561	0.83073	0.080363	-0.012868
1.47	9.1855	0.86552	0.089738	-0.01152
1.52	9.5088	0.89386	0.094311	-0.013662
1.57	9.8123	0.92582	0.10448	-0.0092577
1.62	10.052	0.94911	0.11172	-0.011923
1.67	10.327	0.97632	0.12078	-0.005465
1.72	10.537	1.0118	0.12937	-0.009432
1.77	10.781	1.0176	0.13728	-0.0030728
1.82	10.974	1.0398	0.14582	-0.0027577
1.87	11.107	1.0671	0.15364	-0.0017894
1.91	11.276	1.0711	0.15771	-0.00080227
1.96	11.397	1.0928	0.16354	-0.0017013
2.01	11.492	1.1023	0.16833	7.7458e-05
2.06	11.564	1.121	0.17146	-0.00073145
2.11	11.614	1.1329	0.17797	0.0034305
2.16	11.645	1.1203	0.18052	0.0070811
2.21	11.659	1.1381	0.18359	0.00618
2.26	11.686	1.1442	0.1877	0.0058717
2.31	11.673	1.1411	0.18722	0.0083749
2.36	11.676	1.1524	0.19027	0.0062113
2.41	11.665	1.1496	0.19054	0.0081323
2.45	11.689	1.1509	0.1908	0.006409
2.5	11.659	1.1591	0.19428	0.0091178
2.55	11.659	1.151	0.19465	0.012674
2.6	11.683	1.1499	0.19491	0.011135
2.65	11.493	1.1425	0.19504	0.0129
2.7	11.339	1.1112	0.18987	0.015967
2.75	11.231	1.1223	0.19077	0.018718
2.8	11.006	1.0876	0.18418	0.019546
2.85	10.851	1.0707	0.17615	0.01549
2.9	10.603	1.0471	0.17406	0.019719
2.95	10.39	1.0343	0.1668	0.020594
2.99	10.181	1.016	0.1592	0.016203
3.04	9.9195	0.98892	0.15559	0.021243
3.09	9.6371	0.96567	0.14558	0.01772
3.14	9.3774	0.94538	0.13912	0.019057
3.19	9.0511	0.91681	0.13304	0.01913
3.24	8.7126	0.88251	0.12402	0.017836
3.29	8.3997	0.85488	0.11716	0.018295
3.34	8.0112	0.82935	0.11142	0.023021
3.39	7.7178	0.80393	0.10223	0.017874
3.44	7.332	0.77058	0.098231	0.021963
3.49	6.9492	0.73331	0.08638	0.019777
3.53	6.5814	0.70504	0.080706	0.017032
3.58	6.1908	0.67778	0.072775	0.018972
3.63	5.8152	0.6304	0.061053	0.01822
3.68	5.4622	0.59905	0.058074	0.017791
3.73	5.0804	0.56412	0.050943	0.016836
3.78	4.6833	0.52756	0.042032	0.014617
3.83	4.2784	0.4864	0.038044	0.016789
3.88	3.8507	0.44858	0.031375	0.015141
3.93	3.4866	0.4089	0.027346	0.012849
3.98	3.039	0.35879	0.020927	0.014767
4.03	2.6155	0.31411	0.015136	0.0162
4.07	2.2343	0.28927	0.012259	0.012802
4.12	1.8334	0.2287	0.0070833	0.014477
4.17	1.4642	0.2021	0.0030757	0.012802
4.22	1.0204	0.1581	0.00090619	0.012184
4.27	0.63739	0.1137	-0.0014326	0.012837
4.32	0.24663	0.078313	-0.0029814	0.012645
4.37	-0.11685	0.0447	-0.0048798	0.0086155
4.42	-0.5002	-0.0030679	-0.0078811	0.011693
4.47	-0.83951	-0.033023	-0.0072941	0.0096437
4.52	-1.1804	-0.062411	-0.0046391	0.0088947
4.57	-1.4986	-0.099765	-0.0047016	0.0099461
4.61	-1.7726	-0.13027	-0.0027208	0.010299
4.66	-2.0833	-0.16551	-0.004921	0.0063694
4.71	-2.362	-0.19487	-0.00054532	0.0074752
4.76	-2.6377	-0.23237	-0.0021326	0.0039504
4.81	-2.8967	-0.2509	0.00080487	0.0058806
4.86	-3.0857	-0.27215	0.0016874	0.0030105
4.91	-3.3173	-0.29289	0.00617	0.0048414
4.96	-3.517	-0.30508	0.0069217	0.00016699
5.01	-3.677	-0.32814	0.00948	0.0013197
5.06	-3.831	-0.3535	0.011393	0.0021075
5.11	-3.9697	-0.35749	0.012923	0.00033561
5.15	-4.0749	-0.37641	0.013256	0.00026588
5.2	-4.1603	-0.39338	0.014813	-0.00034326
5.25	-4.2427	-0.39558	0.018144	-0.0018572
5.3	-4.2823	-0.39216	0.019043	-0.0024649
5.35	-4.3159	-0.3987	0.020377	-0.0022241
5.4	-4.3052	-0.40565	0.022949	-0.001222
5.45	-4.3296	-0.41905	0.020627	-0.0017197
5.5	-4.2823	-0.4056	0.021236	-0.0019837
5.55	-4.2762	-0.41888	0.021178	-0.0025939
5.6	-4.3265	-0.422	0.02122	-0.0027642
5.65	-4.296	-0.41845	0.022415	-0.0061
5.69	-4.293	-0.41092	0.023589	-0.0046887
5.74	-4.2167	-0.41348	0.024042	-0.0070404
5.79	-4.0322	-0.41038	0.023421	-0.0083275
5.84	-3.9408	-0.40328	0.021866	-0.0067693
5.89	-3.735	-0.38808	0.018217	-0.011241
5.94	-3.6008	-0.37518	0.020007	-0.0093009
5.99	-3.4103	-0.36589	0.018003	-0.011593
6.04	-3.2015	-0.33393	0.017597	-0.011135
6.09	-2.9592	-0.31337	0.016423	-0.01287
6.14	-2.7245	-0.30051	0.010793	-0.01326
6.19	-2.4671	-0.27907	0.010528	-0.01455
6.23	-2.2295	-0.253	0.01013	-0.014718
