13771	6	3	91	22.6	748	1	13	8	2.912	128	4096	10	0	0	0	0	372.72	959.19	1.4552e+006	0.11723	0.12451	40.411	0	0	1	0	0	0	11	0	0
912.38	0.038534	-0.0027766	-0.18443	-0.30011	-0.3854	-0.49829	-0.65332	-0.84647	-1.0303	-1.1767	-1.5472	-1.8576	-2.3436	-2.0283	-0.77379	0.46305	0.75103	0.88124	0.78883	0.49125	0.29781	0.16272	0.0844	0.046235	0.047288	0.032069	0.032921	0.048169	0.077986	0.066925	7.4879
904.17	0.01398	-0.015619	-0.17509	-0.31032	-0.42441	-0.51643	-0.68876	-0.87618	-1.106	-1.3744	-1.6739	-2.0589	-2.3817	-2.4314	-1.0727	0.41431	0.71549	0.88742	0.81059	0.50366	0.32067	0.18519	0.079339	0.045806	0.025569	0.027388	0.024219	0.033882	0.042948	0.053561	7.8448
895.53	0.019318	-0.040841	-0.17934	-0.31248	-0.44454	-0.55899	-0.74211	-0.92056	-1.1406	-1.4416	-1.9271	-2.132	-2.5835	-2.4886	-1.1383	0.36482	0.67448	0.90515	0.83315	0.53881	0.34496	0.20287	0.10448	0.048814	0.045782	0.02263	0.031888	0.041252	0.041641	0.047443	8.1367
887.54	0.035239	-0.010199	-0.16283	-0.31699	-0.45902	-0.5779	-0.73011	-0.94958	-1.1842	-1.5726	-1.9158	-2.2139	-2.7529	-2.9369	-1.3344	0.098372	0.63653	0.91238	0.8514	0.56704	0.3763	0.22786	0.12154	0.069972	0.059895	0.051545	0.051347	0.051888	0.058493	0.053729	8.5025
881.88	0.015216	-0.043116	-0.20905	-0.34036	-0.45046	-0.57509	-0.77323	-0.98173	-1.2346	-1.6192	-1.9858	-2.4803	-2.8051	-3.1015	-1.4926	0.080897	0.5633	0.91171	0.88348	0.59511	0.40024	0.24008	0.14024	0.10343	0.072444	0.057824	0.038256	0.048247	0.071956	0.059127	8.8305
877.18	0.019722	-0.019402	-0.15864	-0.32073	-0.4731	-0.58378	-0.78724	-0.99746	-1.2513	-1.6187	-2.1126	-2.4936	-3.0462	-3.2646	-1.8673	-0.14611	0.52352	0.92876	0.90326	0.62923	0.4474	0.28644	0.18132	0.12145	0.10382	0.080347	0.075569	0.078062	0.067077	0.070455	9.2293
875.8	0.014433	-0.029357	-0.2	-0.34359	-0.45649	-0.58096	-0.77613	-1.0349	-1.2998	-1.6949	-2.1935	-2.9057	-3.3123	-3.6583	-1.8891	-0.16457	0.44475	0.93023	0.91809	0.67943	0.46459	0.29411	0.20567	0.13302	0.11215	0.089034	0.084979	0.063783	0.06279	0.056996	9.613
875.05	0.01977	-0.032693	-0.19492	-0.34904	-0.49357	-0.60584	-0.81883	-1.0454	-1.3558	-1.8068	-2.2827	-3.008	-3.5418	-3.886	-2.0698	-0.31973	0.37158	0.91977	0.93564	0.69096	0.49709	0.33774	0.21703	0.14977	0.11715	0.10538	0.077443	0.087861	0.054049	0.06978	10.054
876.01	0.028612	-0.027696	-0.19296	-0.35124	-0.46699	-0.60424	-0.81628	-1.0819	-1.3729	-1.8048	-2.2318	-3.1045	-3.7904	-4.1407	-2.4065	-0.56535	0.24437	0.89159	0.91787	0.70569	0.52082	0.35	0.23398	0.17146	0.12273	0.10612	0.086649	0.05737	0.068923	0.051891	10.407
877.18	0.01087	-0.01775	-0.18746	-0.36192	-0.50393	-0.62308	-0.86124	-1.1075	-1.3972	-1.8299	-2.3449	-3.1275	-3.9853	-4.4023	-2.7417	-0.72835	0.13749	0.88478	0.93085	0.74659	0.54349	0.36306	0.25598	0.1922	0.13154	0.11367	0.10677	0.086049	0.080236	0.066221	10.82
878.89	0.019684	0.00041365	-0.19669	-0.37406	-0.51833	-0.6116	-0.8571	-1.1333	-1.4265	-1.9547	-2.5046	-3.2208	-4.2292	-4.8153	-2.8865	-0.96302	0.045695	0.84757	0.9232	0.76058	0.57095	0.40014	0.26662	0.19095	0.15488	0.12197	0.10573	0.082694	0.070448	0.073701	11.213
881.35	0.0081773	-0.048074	-0.1944	-0.35082	-0.49388	-0.64156	-0.86453	-1.1466	-1.4922	-2.0498	-2.6904	-3.275	-4.3905	-5.1278	-3.309	-1.2773	-0.08656	0.81727	0.91564	0.76751	0.58314	0.41876	0.27185	0.21215	0.17799	0.13184	0.11047	0.11109	0.083351	0.063379	11.594
884.12	0.016055	-0.024165	-0.18859	-0.35738	-0.51336	-0.63305	-0.87732	-1.1803	-1.5268	-2.1435	-2.8548	-3.3725	-4.6097	-5.4025	-3.5598	-1.4718	-0.20847	0.79335	0.90613	0.80482	0.60966	0.44338	0.30676	0.22535	0.17015	0.14838	0.13271	0.093299	0.087441	0.069064	12.007
886.47	0.0063775	-0.037174	-0.19241	-0.36577	-0.49198	-0.64897	-0.89453	-1.1927	-1.5612	-2.0288	-2.8855	-3.5786	-4.7351	-5.772	-3.8667	-1.639	-0.34619	0.76718	0.90373	0.81439	0.6286	0.4654	0.33396	0.23512	0.19875	0.16236	0.13653	0.092261	0.071584	0.057146	12.425
888.18	0.0019932	-0.050149	-0.18945	-0.34219	-0.55763	-0.6662	-0.90336	-1.2318	-1.5807	-2.1791	-2.9947	-3.688	-5.1211	-6.0843	-4.0728	-1.9952	-0.46542	0.73798	0.88795	0.83619	0.64791	0.4832	0.35366	0.25106	0.20642	0.17217	0.1371	0.12128	0.087042	0.057036	12.843
890.2	0.0098394	-0.032951	-0.1787	-0.35409	-0.52789	-0.64256	-0.91751	-1.2247	-1.6328	-2.3461	-3.0451	-3.6528	-5.3493	-6.3762	-4.4712	-2.2237	-0.62013	0.68466	0.86286	0.85132	0.68482	0.50875	0.36723	0.2875	0.22523	0.19536	0.18001	0.14147	0.096352	0.081111	13.239
891.7	-0.015429	-0.032896	-0.18527	-0.34674	-0.51753	-0.67278	-0.94671	-1.2544	-1.6864	-2.3783	-3.3353	-4.0209	-5.5799	-6.8488	-4.8152	-2.4169	-0.79522	0.63657	0.85648	0.85258	0.69389	0.52209	0.38941	0.30162	0.23368	0.1883	0.16477	0.12394	0.072889	0.06181	13.67
892.44	0.004594	-0.02881	-0.18426	-0.35489	-0.54171	-0.66302	-0.97986	-1.2834	-1.7165	-2.3402	-3.4657	-4.0442	-6.0367	-7.309	-5.1624	-2.8799	-0.9817	0.57073	0.82371	0.88763	0.71203	0.55	0.40595	0.29707	0.25352	0.19402	0.17541	0.13247	0.078003	0.061759	14.087
892.55	-0.024114	-0.035299	-0.16964	-0.35991	-0.5407	-0.71904	-0.91833	-1.3082	-1.7553	-2.3128	-3.5414	-4.2751	-6.2069	-7.6978	-5.6145	-3.2193	-1.1618	0.53848	0.80471	0.88753	0.75449	0.55968	0.42446	0.32451	0.24307	0.22087	0.17871	0.14031	0.078855	0.055092	14.5
892.98	-0.016277	-0.064478	-0.16613	-0.37069	-0.54612	-0.72237	-0.98008	-1.353	-1.7892	-2.5553	-3.6252	-4.4688	-6.7249	-8.0497	-6.1198	-3.468	-1.3732	0.45549	0.76407	0.89872	0.76008	0.58952	0.45039	0.34837	0.283	0.24762	0.19436	0.15044	0.07968	0.060059	14.954
891.7	-0.025009	-0.056448	-0.1741	-0.36869	-0.53932	-0.71052	-1.0316	-1.355	-1.8159	-2.6131	-3.7923	-4.7335	-7.0596	-8.4428	-6.4801	-3.9026	-1.5478	0.39631	0.7553	0.91164	0.77735	0.61785	0.4696	0.36176	0.29624	0.23705	0.19713	0.13966	0.079794	0.040145	15.354
889.46	-0.030308	-0.055778	-0.18229	-0.36878	-0.54258	-0.74738	-1.0367	-1.4083	-1.877	-2.6016	-3.8687	-4.7097	-7.2575	-8.9061	-6.8302	-4.0111	-1.7843	0.31517	0.70525	0.91394	0.80321	0.63986	0.47333	0.37817	0.30101	0.24692	0.21509	0.15734	0.080859	0.066144	15.752
887.11	-0.04702	-0.073887	-0.175	-0.36721	-0.53449	-0.70217	-1.0443	-1.3931	-1.9237	-2.6085	-4.013	-5.0714	-7.8441	-9.3387	-7.3504	-4.5704	-2.0438	0.22718	0.66246	0.92266	0.80962	0.62996	0.48561	0.38349	0.31228	0.25264	0.21149	0.15381	0.077604	0.057104	16.158
884.12	-0.048936	-0.068401	-0.19812	-0.36078	-0.56305	-0.7426	-1.0576	-1.4706	-1.9243	-2.6811	-4.3435	-5.0886	-8.1122	-9.909	-7.7017	-5.0191	-2.2604	0.1481	0.61741	0.92487	0.83297	0.65892	0.52471	0.40039	0.30768	0.27129	0.22811	0.15274	0.076125	0.044692	16.522
881.24	-0.06231	-0.085064	-0.21355	-0.39442	-0.56777	-0.73479	-1.0553	-1.4919	-1.9701	-2.7995	-4.3962	-5.3035	-8.8831	-10.336	-8.148	-5.3978	-2.4721	0.045195	0.58197	0.93152	0.8581	0.69158	0.52643	0.41647	0.3379	0.27728	0.22885	0.15165	0.068516	0.04231	16.947
877.29	-0.088259	-0.10196	-0.19093	-0.34729	-0.56648	-0.74277	-1.0905	-1.4899	-2.0329	-2.9223	-4.3192	-5.4904	-9.0187	-10.813	-8.5607	-5.8678	-2.7172	-0.029453	0.5478	0.94117	0.85936	0.70912	0.54681	0.42708	0.33942	0.29733	0.23578	0.16991	0.082858	0.039112	17.321
874.73	-0.068989	-0.094803	-0.19762	-0.37584	-0.53626	-0.76653	-1.1259	-1.5442	-2.071	-3.0045	-4.5454	-5.7426	-9.2892	-11.364	-9.0855	-6.0401	-2.9407	-0.11118	0.49909	0.93298	0.88271	0.71571	0.55014	0.44322	0.34859	0.28534	0.23309	0.15678	0.064628	0.03243	17.648
870.99	-0.11208	-0.13595	-0.20111	-0.37227	-0.53759	-0.76511	-1.0777	-1.5648	-2.1376	-2.8879	-4.6527	-5.9313	-9.6093	-11.699	-9.4086	-6.4325	-3.204	-0.18516	0.45829	0.94614	0.8865	0.72968	0.5741	0.45216	0.34927	0.29345	0.23919	0.1647	0.076388	0.026599	17.994
867.15	-0.10183	-0.13071	-0.21525	-0.38781	-0.55459	-0.73915	-1.1324	-1.6018	-2.2043	-3.0865	-4.6733	-5.9668	-10.004	-12.134	-9.9924	-6.912	-3.4187	-0.29011	0.41887	0.94849	0.90006	0.74841	0.5888	0.46035	0.36731	0.30858	0.23257	0.16704	0.063416	0.016434	18.337
864.59	-0.11829	-0.12607	-0.24159	-0.38635	-0.566	-0.74989	-1.1257	-1.5791	-2.1808	-3.0584	-4.8344	-6.205	-9.9452	-12.625	-10.251	-7.2555	-3.6663	-0.37452	0.36157	0.93469	0.908	0.75429	0.59403	0.47678	0.36592	0.3017	0.25294	0.1724	0.062716	0.005311	18.643
861.27	-0.13678	-0.15851	-0.23451	-0.41056	-0.58878	-0.75468	-1.1317	-1.611	-2.2047	-3.2105	-4.9122	-6.5424	-10.063	-12.981	-10.712	-7.5614	-3.8663	-0.46268	0.32549	0.93365	0.92912	0.79299	0.60855	0.49373	0.37646	0.31504	0.2668	0.18039	0.056701	0.032074	18.935
857.43	-0.15279	-0.16345	-0.23735	-0.35095	-0.56186	-0.77721	-1.088	-1.5816	-2.2715	-3.1027	-5.1422	-6.5996	-10.304	-13.383	-11.125	-8.1165	-4.1026	-0.54422	0.28589	0.94342	0.93152	0.78272	0.62444	0.49773	0.38399	0.31295	0.24901	0.1624	0.053366	0.0070891	19.194
854.86	-0.16778	-0.18173	-0.25509	-0.39955	-0.57541	-0.84195	-1.0997	-1.6481	-2.2524	-3.2063	-5.1477	-6.6565	-10.353	-13.777	-11.41	-8.3089	-4.2681	-0.60826	0.24212	0.92198	0.93431	0.80264	0.62632	0.50012	0.37677	0.3174	0.26533	0.16535	0.046323	0.013194	19.493
853.48	-0.16077	-0.19391	-0.25191	-0.41078	-0.57733	-0.75003	-1.1412	-1.614	-2.159	-3.1926	-5.0765	-6.7418	-10.361	-13.994	-11.699	-8.4627	-4.4124	-0.6785	0.2047	0.94686	0.95007	0.80858	0.6485	0.5135	0.39834	0.33197	0.2597	0.16397	0.045499	-0.0085494	19.683
854.54	-0.18601	-0.19451	-0.28746	-0.40586	-0.57958	-0.75678	-1.1634	-1.5636	-2.2905	-3.1038	-5.2589	-6.6962	-10.544	-14.207	-11.8	-8.9003	-4.553	-0.72664	0.17354	0.92606	0.95688	0.80572	0.65386	0.53079	0.40538	0.33857	0.26111	0.18427	0.048142	0.012329	19.93
857.43	-0.17362	-0.20991	-0.30257	-0.39923	-0.60226	-0.79348	-1.1385	-1.5673	-2.2672	-3.0651	-5.2214	-6.6552	-10.509	-14.423	-12.03	-8.889	-4.669	-0.7778	0.12848	0.93877	0.95189	0.81684	0.65342	0.51113	0.41235	0.33131	0.26972	0.17302	0.053366	-0.00851	20.156
859.46	-0.22018	-0.25829	-0.2876	-0.42018	-0.62935	-0.78492	-1.1509	-1.6126	-2.218	-3.0954	-5.2288	-6.7226	-10.83	-14.345	-12.251	-9.1373	-4.7757	-0.82945	0.12561	0.93655	0.95141	0.81859	0.66939	0.52508	0.40805	0.33402	0.24584	0.17099	0.020112	-0.018863	20.313
864.16	-0.23246	-0.23928	-0.28337	-0.47626	-0.59073	-0.74361	-1.143	-1.6419	-2.253	-3.0879	-5.2397	-6.8056	-10.727	-14.652	-12.461	-9.2723	-4.8446	-0.86388	0.085885	0.92315	0.97172	0.82786	0.65704	0.52489	0.41245	0.34347	0.27275	0.17492	0.016441	-0.010162	20.494
868.86	-0.23478	-0.23465	-0.34004	-0.47455	-0.60698	-0.77832	-1.2563	-1.7495	-2.1361	-3.0712	-5.0159	-6.8145	-10.537	-14.416	-12.393	-9.2497	-4.9101	-0.90456	0.070224	0.91173	0.935	0.81974	0.66475	0.51587	0.41187	0.32092	0.2551	0.16833	0.042036	-0.015239	20.6
872.49	-0.24003	-0.27601	-0.37813	-0.45963	-0.58509	-0.7732	-1.1982	-1.8159	-2.2501	-2.883	-4.8296	-6.4675	-10.38	-14.356	-12.351	-9.1746	-4.8879	-0.88198	0.070773	0.92988	0.95983	0.8408	0.6732	0.5348	0.41016	0.34363	0.26676	0.16923	0.026867	-0.026246	20.764
875.48	-0.29066	-0.31643	-0.37159	-0.44001	-0.62363	-0.80525	-1.3078	-1.9174	-2.2932	-2.6339	-4.5706	-6.4363	-9.8737	-14.238	-11.989	-9.3256	-4.8642	-0.88459	0.077232	0.92033	0.97477	0.828	0.66746	0.5391	0.41447	0.34845	0.26669	0.16465	0.021501	-0.027853	20.875
877.83	-0.29253	-0.31394	-0.39067	-0.4637	-0.54688	-0.82087	-1.5031	-1.9227	-2.4556	-2.7095	-4.3553	-5.8761	-9.7083	-13.942	-11.872	-9.2279	-4.7726	-0.85978	0.095408	0.93787	0.97994	0.8483	0.68025	0.52719	0.4101	0.33727	0.24997	0.14984	0.018813	-0.04386	20.948
877.93	-0.30665	-0.35762	-0.38539	-0.4585	-0.49484	-0.75251	-1.4347	-2.268	-2.5041	-2.6266	-3.8905	-5.6945	-9.1685	-13.148	-11.42	-8.6087	-4.6193	-0.80078	0.13968	0.95502	0.98588	0.86171	0.67931	0.53498	0.41005	0.33296	0.25246	0.13466	0.0030323	-0.065859	21.004
875.9	-0.36232	-0.38408	-0.35392	-0.34784	-0.56544	-0.90607	-1.8473	-2.3774	-2.4694	-2.5591	-4.0934	-5.7711	-8.8588	-12.419	-11.06	-8.4191	-4.3834	-0.70236	0.19444	0.97272	0.98209	0.85197	0.67487	0.52834	0.39549	0.3055	0.23616	0.12857	-0.030344	-0.10164	21.036
874.62	-0.36285	-0.38051	-0.3229	-0.40171	-0.53149	-0.95995	-2.085	-2.6068	-2.4333	-3.2443	-3.8081	-5.2437	-7.4591	-10.336	-9.313	-7.3	-3.859	-0.5307	0.30291	1.0052	1.0035	0.86497	0.66983	0.537	0.40506	0.3068	0.23143	0.10953	-0.040948	-0.10349	21.072
872.06	-0.32919	-0.32515	-0.32649	-0.40893	-0.65902	-1.2875	-2.0622	-2.4739	-2.9604	-2.986	-3.6635	-4.6397	-6.6063	-8.9537	-8.2243	-6.6168	-3.4346	-0.36095	0.398	1.0154	1.0047	0.85391	0.67784	0.52452	0.39067	0.30942	0.21684	0.10504	-0.049009	-0.10975	21.042
867.47	-0.32735	-0.32269	-0.32292	-0.44928	-0.79303	-1.5394	-2.3874	-2.6407	-2.8192	-3.0575	-3.8199	-4.6276	-4.9883	-6.3864	-6.9558	-5.5019	-2.9255	-0.15185	0.49059	1.0429	1.0118	0.84202	0.67883	0.52377	0.38202	0.29983	0.22737	0.096706	-0.036851	-0.13003	21.042
863.62	-0.31712	-0.29059	-0.33234	-0.56894	-0.94234	-1.9321	-2.368	-2.5575	-2.5833	-3.3416	-2.9914	-3.5261	-4.4895	-5.7496	-6.1368	-4.9442	-2.4994	-0.024216	0.58195	1.0531	0.99694	0.84852	0.66442	0.50836	0.37627	0.29335	0.21039	0.1085	-0.065528	-0.11943	21.015
858.82	-0.2529	-0.26607	-0.38237	-0.71324	-1.5153	-2.1991	-2.356	-2.695	-2.8709	-2.7788	-2.6324	-3.0094	-3.3157	-4.3996	-5.0476	-4.0148	-2.046	0.12761	0.6467	1.0599	1.0069	0.83485	0.65937	0.49871	0.3892	0.30721	0.22449	0.1091	-0.04439	-0.078572	21.042
854.76	-0.24683	-0.26479	-0.46037	-0.89539	-1.8497	-2.3574	-2.3132	-2.49	-2.7529	-2.5847	-2.327	-2.9493	-3.4831	-3.7129	-4.3479	-3.511	-1.7608	0.23578	0.71156	1.0705	1.0064	0.82587	0.64929	0.4975	0.37013	0.28675	0.20045	0.093227	-0.027496	-0.067644	21.041
850.91	-0.29631	-0.33408	-0.61371	-1.3081	-1.9683	-2.3777	-2.3288	-2.277	-2.4011	-2.4544	-2.3974	-2.2905	-2.7907	-2.6013	-3.437	-3.0486	-1.397	0.36804	0.77598	1.0707	0.98952	0.8361	0.64338	0.48984	0.35163	0.28629	0.19875	0.09694	-0.046612	-0.10026	21.06
847.38	-0.30671	-0.41411	-0.85494	-1.6094	-2.1979	-2.377	-2.1359	-2.2377	-2.1273	-1.9608	-2.3071	-2.3376	-2.3973	-2.2731	-3.0912	-2.6657	-1.2165	0.4364	0.81211	1.0695	0.98827	0.80133	0.62741	0.47561	0.34296	0.27244	0.16378	0.097344	-0.060425	-0.1033	21.026
844.07	-0.39898	-0.50669	-1.1515	-1.8966	-2.2596	-2.2959	-1.9042	-2.1911	-2.1892	-1.8635	-1.783	-2.0173	-1.6567	-2.0133	-2.8395	-2.194	-0.97624	0.53536	0.87526	1.0926	0.98225	0.8026	0.62363	0.45569	0.3299	0.24687	0.16268	0.052067	-0.089838	-0.13716	20.866
840.54	-0.52259	-0.72767	-1.5008	-2.0291	-2.0891	-2.2225	-1.8787	-2.0836	-2.1605	-1.6893	-1.538	-1.5627	-1.5185	-1.5001	-2.5374	-1.8614	-0.73698	0.62746	0.91471	1.1	0.97011	0.77775	0.57699	0.41112	0.28789	0.19798	0.11319	0.001436	-0.16254	-0.21552	20.648
837.01	-0.72981	-0.95139	-1.6298	-2.0142	-1.9939	-1.9337	-2.0124	-1.7739	-1.855	-1.3885	-1.4734	-1.5029	-1.8894	-1.3438	-2.2131	-1.5356	-0.57717	0.68894	0.93084	1.0379	0.93247	0.73001	0.52996	0.36526	0.23783	0.15404	0.060633	-0.064695	-0.22758	-0.29455	20.537
834.13	-0.91944	-1.1414	-1.776	-1.958	-1.9806	-1.9011	-1.6502	-1.4907	-1.574	-1.6154	-1.3462	-1.2224	-1.9142	-1.4119	-2.0032	-1.3783	-0.40557	0.72085	0.95692	1.0281	0.86924	0.67566	0.47404	0.29029	0.16491	0.07012	-0.026076	-0.17665	-0.38428	-0.47283	20.353
830.7	-1.1457	-1.2769	-1.7335	-1.8619	-1.7955	-1.6777	-1.5076	-1.3761	-1.3454	-1.2924	-1.1882	-1.1031	-1.2885	-1.3086	-1.5052	-1.0285	-0.19974	0.77915	0.98029	0.97666	0.81432	0.59564	0.40531	0.21494	0.060547	-0.038759	-0.14107	-0.32668	-0.61283	-0.76099	20.035
827.17	-1.7645	-1.3909	-1.6909	-1.7652	-1.6039	-1.5549	-1.4705	-1.3264	-1.2518	-1.0057	-0.71078	-0.69488	-1.1926	-0.99425	-1.352	-0.64696	0.0077997	0.85095	0.98448	0.95671	0.76546	0.56185	0.34608	0.15936	0.0071947	-0.096003	-0.23647	-0.43989	-0.85825	-1.0705	19.849
824.5	-2.2166	-1.6826	-1.6174	-1.7244	-1.6553	-1.5549	-1.4131	-1.1959	-1.0818	-0.82336	-0.72338	-0.82238	-0.92821	-1.0158	-1.1464	-0.36838	0.16578	0.91046	0.99479	0.90755	0.72558	0.49654	0.30064	0.11435	-0.043964	-0.1454	-0.29018	-0.50591	-0.9945	-1.275	19.665
823.32	-2.2433	-1.8751	-1.3629	-1.6967	-1.6381	-1.5452	-1.3205	-1.179	-1.0519	-0.87346	-0.75535	-0.75602	-0.88322	-0.73259	-0.98772	-0.31074	0.29164	0.9317	0.98997	0.88558	0.67866	0.46748	0.27913	0.076358	-0.061402	-0.16837	-0.29599	-0.49812	-0.97069	-1.1929	19.405
823.64	-1.7777	-1.5674	-1.3865	-1.5114	-1.5934	-1.5197	-1.2561	-1.1172	-0.96709	-0.69709	-0.61072	-0.57249	-0.79953	-0.63133	-0.86718	-0.068416	0.36222	0.93134	0.98424	0.8426	0.62308	0.42026	0.22601	0.049355	-0.10393	-0.18741	-0.30665	-0.48176	-0.86847	-1.0454	19.141
824.6	-1.3698	-1.317	-1.1647	-1.3006	-1.4009	-1.3586	-1.2022	-1.0889	-1.0171	-0.75489	-0.73359	-0.70669	-0.83561	-0.68561	-1.0162	-0.087681	0.38317	0.93025	0.95463	0.80678	0.62051	0.38046	0.20201	0.017708	-0.11335	-0.20082	-0.32154	-0.4829	-0.8012	-0.96394	18.941
828.88	-1.0292	-1.0027	-1.1097	-1.2194	-1.2826	-1.1932	-1.1864	-1.0667	-1.0404	-0.84815	-0.75028	-0.74137	-0.81288	-0.828	-0.9612	-0.14498	0.40522	0.91653	0.94527	0.80165	0.57608	0.35369	0.1819	0.024089	-0.09637	-0.19888	-0.29132	-0.4263	-0.70422	-0.7779	18.676
836.16	-0.80763	-0.79299	-0.88292	-1.0927	-1.0885	-1.0611	-1.0881	-1.0748	-1.0986	-0.86005	-0.69299	-0.82041	-0.68722	-0.74847	-1.012	0.056722	0.4356	0.93605	0.96776	0.78227	0.57561	0.37141	0.18752	0.030293	-0.084411	-0.16847	-0.23482	-0.37147	-0.55545	-0.61652	18.437
845.89	-0.6992	-0.67684	-0.87638	-1.0133	-1.1149	-1.0663	-1.0517	-1.0072	-1.0396	-0.7835	-0.62478	-0.73585	-0.94983	-0.87392	-0.98086	0.11266	0.44689	0.94372	0.95662	0.75346	0.57437	0.35873	0.17379	0.031755	-0.063146	-0.14704	-0.20325	-0.32247	-0.46081	-0.50314	18.123
858.82	-0.61544	-0.59075	-0.81145	-0.87626	-0.97713	-1.055	-1.0149	-0.96973	-1.1342	-0.8655	-0.93176	-0.90976	-0.98882	-0.91358	-0.80285	-0.12135	0.45622	0.93333	0.94564	0.75327	0.55335	0.3432	0.17556	0.031276	-0.059697	-0.12912	-0.2045	-0.27355	-0.40549	-0.43933	17.85
872.7	-0.58608	-0.56393	-0.72743	-0.85715	-0.92964	-0.95925	-0.92682	-0.94026	-1.2281	-0.9348	-0.7418	-0.81338	-0.89442	-1.0637	-0.86567	0.072626	0.47003	0.9213	0.93311	0.74403	0.53932	0.33502	0.1719	0.036924	-0.069402	-0.13308	-0.18768	-0.27482	-0.38052	-0.43064	17.507
888.28	-0.5251	-0.59317	-0.65775	-0.81838	-0.94948	-0.92394	-0.90407	-1.0799	-1.1033	-0.93653	-0.93911	-0.98691	-1.0161	-0.90031	-0.81335	0.062356	0.48076	0.91254	0.92831	0.72469	0.52473	0.32113	0.16635	0.047489	-0.060937	-0.12568	-0.19272	-0.24003	-0.36172	-0.4005	17.172
902.04	-0.51881	-0.53515	-0.67829	-0.79839	-0.94998	-0.89984	-0.93105	-1.0821	-0.98638	-0.9401	-0.793	-0.76049	-1.0344	-0.89496	-0.80095	0.0083351	0.49126	0.89862	0.89382	0.69417	0.49064	0.2952	0.15463	0.022982	-0.063181	-0.10881	-0.17666	-0.24569	-0.33402	-0.38122	16.832
916.21	-0.48028	-0.5324	-0.60592	-0.87395	-0.87903	-0.85098	-0.91193	-1.0035	-0.95093	-0.82885	-0.85487	-1.0175	-0.96017	-1.1699	-0.76155	0.095293	0.51209	0.89816	0.896	0.6904	0.48719	0.29063	0.13909	0.023464	-0.05908	-0.13085	-0.17716	-0.23959	-0.31878	-0.33558	16.425
927.72	-0.45758	-0.53985	-0.63888	-0.77792	-0.83534	-0.8537	-0.97837	-0.88368	-0.88332	-0.79254	-0.79851	-0.65383	-0.86605	-0.88649	-0.70765	0.16292	0.5462	0.89852	0.89359	0.66119	0.4656	0.27851	0.13574	0.020695	-0.078393	-0.10983	-0.17655	-0.2404	-0.31151	-0.35785	16.092
935.49	-0.5235	-0.54775	-0.65322	-0.77467	-0.7986	-0.87205	-0.8862	-0.8403	-0.86728	-0.63956	-0.66478	-0.87767	-0.80178	-0.96802	-0.81639	0.25542	0.5646	0.88316	0.87362	0.65144	0.44793	0.25675	0.10726	0.0041443	-0.083858	-0.12895	-0.18221	-0.25413	-0.33113	-0.37156	15.694
937.93	-0.52462	-0.54633	-0.67439	-0.73574	-0.7821	-0.79276	-0.81545	-0.78992	-0.81217	-0.5005	-0.47293	-0.57048	-0.79969	-0.90102	-0.61202	0.31431	0.62193	0.89398	0.85961	0.63272	0.42814	0.24175	0.10859	0.0025007	-0.084401	-0.13261	-0.18173	-0.22732	-0.30237	-0.33336	15.318
936.13	-0.50988	-0.48935	-0.6716	-0.71947	-0.73848	-0.74168	-0.74846	-0.77999	-0.74736	-0.53588	-0.5827	-0.58006	-0.75235	-0.9189	-0.42818	0.40867	0.66978	0.88694	0.84717	0.60752	0.4095	0.20759	0.083866	-0.027775	-0.088386	-0.15048	-0.1884	-0.23749	-0.2972	-0.32686	14.921
931.87	-0.49054	-0.52501	-0.56121	-0.69367	-0.69289	-0.76621	-0.73717	-0.72436	-0.79523	-0.47782	-0.53071	-0.63386	-0.35473	-0.70404	-0.36817	0.4705	0.69669	0.88923	0.83845	0.58631	0.38366	0.20005	0.076172	-0.043523	-0.10721	-0.15519	-0.18133	-0.2288	-0.30847	-0.30762	14.523
923.78	-0.46626	-0.49433	-0.55618	-0.65493	-0.64682	-0.68762	-0.69678	-0.73568	-0.67406	-0.48201	-0.4526	-0.57922	-0.63031	-0.81661	-0.30892	0.50054	0.73264	0.88281	0.82753	0.56294	0.35825	0.19153	0.045875	-0.062149	-0.12905	-0.17277	-0.20293	-0.24598	-0.32533	-0.35616	14.084
911.52	-0.44782	-0.50971	-0.55945	-0.59685	-0.64068	-0.67165	-0.67687	-0.68001	-0.63523	-0.53268	-0.35622	-0.49986	-0.71409	-0.71147	-0.14114	0.59482	0.77107	0.88477	0.83704	0.54249	0.33808	0.16201	0.036583	-0.072229	-0.14021	-0.18414	-0.20891	-0.27081	-0.31957	-0.36584	13.647
898.63	-0.47585	-0.49769	-0.55896	-0.63054	-0.62543	-0.6886	-0.61034	-0.67101	-0.62048	-0.4955	-0.55034	-0.51588	-0.58852	-0.84787	-0.26249	0.63	0.79748	0.88376	0.81477	0.51209	0.30237	0.12298	0.0052773	-0.1031	-0.1653	-0.21264	-0.23414	-0.28249	-0.33786	-0.36199	13.238
888.07	-0.4614	-0.49382	-0.54749	-0.57871	-0.61288	-0.59973	-0.60704	-0.60912	-0.55954	-0.41069	-0.43257	-0.66512	-0.85318	-0.78985	-0.25633	0.54763	0.82594	0.88503	0.78977	0.502	0.28202	0.093275	-0.026869	-0.12676	-0.18096	-0.22529	-0.26108	-0.27165	-0.33235	-0.37215	12.803
877.82	-0.46325	-0.4872	-0.56697	-0.53916	-0.58731	-0.57027	-0.56154	-0.61535	-0.54163	-0.47054	-0.3312	-0.62765	-0.8892	-0.97132	-0.19355	0.69947	0.83471	0.88133	0.78227	0.47786	0.25071	0.077249	-0.039187	-0.12737	-0.19285	-0.22963	-0.25064	-0.27322	-0.30992	-0.3528	12.394
868.22	-0.46211	-0.47508	-0.5203	-0.51825	-0.52957	-0.54916	-0.45644	-0.55863	-0.45901	-0.42937	-0.64783	-0.79012	-1.1538	-1.1737	-0.31917	0.64288	0.83688	0.87974	0.75207	0.44271	0.24474	0.043496	-0.058694	-0.16054	-0.21887	-0.23476	-0.27983	-0.29723	-0.34881	-0.3644	11.997
859.99	-0.46382	-0.46362	-0.44777	-0.45318	-0.50123	-0.44465	-0.48345	-0.43302	-0.4135	-0.18994	-0.48617	-0.80692	-1.2269	-1.2464	-0.41813	0.77893	0.85291	0.8786	0.76949	0.43117	0.20823	0.061384	-0.07326	-0.17366	-0.21514	-0.26053	-0.2739	-0.29029	-0.34141	-0.36875	11.591
855.83	-0.43614	-0.44979	-0.41683	-0.42724	-0.44443	-0.4564	-0.4108	-0.39484	-0.3308	-0.51087	-0.63738	-0.94079	-1.322	-1.1111	-0.30451	0.80136	0.87138	0.88192	0.75095	0.42487	0.20924	0.034887	-0.062183	-0.16108	-0.20867	-0.23115	-0.24584	-0.27861	-0.3134	-0.3445	11.182
855.29	-0.4001	-0.40689	-0.3723	-0.41695	-0.43285	-0.39047	-0.32842	-0.25535	-0.26873	-0.30401	-0.87605	-1.155	-1.3228	-1.2798	-0.38186	0.6526	0.85759	0.8556	0.74542	0.39528	0.18096	0.0044029	-0.094785	-0.16207	-0.21214	-0.23655	-0.26503	-0.28206	-0.2992	-0.323	10.814
856.47	-0.32068	-0.30147	-0.34317	-0.38122	-0.35629	-0.30655	-0.26565	-0.21386	-0.30637	-0.58572	-0.95416	-1.1349	-1.3121	-1.3133	-0.25614	0.82871	0.88683	0.85155	0.72813	0.37703	0.17185	0.0062423	-0.081471	-0.17885	-0.20935	-0.25198	-0.2448	-0.26613	-0.27722	-0.28005	10.389
859.57	-0.30055	-0.30965	-0.34728	-0.35883	-0.2626	-0.21664	-0.19925	-0.22022	-0.37154	-0.63048	-0.91121	-1.2879	-1.3518	-1.2646	-0.20725	0.77931	0.87294	0.85135	0.71867	0.36825	0.16328	-0.014938	-0.099567	-0.17998	-0.20526	-0.23887	-0.24391	-0.24315	-0.261	-0.25657	10.075
866.94	-0.29979	-0.30451	-0.29837	-0.30021	-0.17947	-0.1845	-0.18674	-0.24309	-0.4247	-0.79235	-0.91325	-1.1486	-1.3579	-1.28	-0.22451	0.68985	0.89379	0.84222	0.69311	0.33658	0.13649	-0.0020424	-0.11782	-0.17845	-0.20847	-0.22214	-0.24355	-0.23866	-0.24991	-0.25096	9.7051
877.18	-0.24583	-0.23078	-0.22152	-0.18772	-0.13114	-0.13649	-0.16318	-0.26732	-0.49143	-0.60863	-0.99938	-1.2258	-1.4203	-1.0496	-0.21249	0.89105	0.87724	0.82115	0.67999	0.3281	0.12883	-0.024554	-0.11473	-0.18074	-0.19951	-0.2298	-0.21624	-0.22789	-0.22856	-0.22346	9.3683
889.14	-0.15869	-0.15029	-0.15737	-0.11408	-0.11797	-0.13558	-0.12691	-0.28182	-0.52726	-0.79975	-1.0528	-1.1021	-1.3325	-1.214	0.022267	0.83418	0.87062	0.82119	0.66013	0.32638	0.12625	-0.036674	-0.10726	-0.174	-0.20246	-0.20563	-0.21251	-0.20276	-0.19607	-0.18452	9.0329
901.61	-0.08674	-0.12331	-0.054924	-0.11167	-0.13977	-0.15646	-0.15955	-0.35015	-0.57083	-0.79761	-0.90638	-1.1397	-1.4071	-1.1302	0.021959	0.92886	0.86876	0.79617	0.65099	0.30859	0.11692	-0.028274	-0.1208	-0.16734	-0.18379	-0.20445	-0.19562	-0.18829	-0.14897	-0.14901	8.6839
914.08	-0.043084	-0.054274	-0.082671	-0.065681	-0.13232	-0.12739	-0.21182	-0.40991	-0.58975	-0.72505	-0.83829	-1.1937	-1.2294	-1.0238	0.021659	0.93364	0.86026	0.78351	0.62847	0.28954	0.098709	-0.032213	-0.11339	-0.1659	-0.17659	-0.18526	-0.18566	-0.15889	-0.12168	-0.10308	8.3665
924.31	-0.039247	-0.027032	-0.07927	-0.10323	-0.12628	-0.12331	-0.23367	-0.43604	-0.61604	-0.72574	-0.84738	-1.2492	-1.3148	-1.1842	-0.01427	0.95786	0.86567	0.7633	0.61675	0.28029	0.11158	-0.04469	-0.11702	-0.16157	-0.17154	-0.15808	-0.15479	-0.13515	-0.074546	-0.066573	8.111
931.55	-0.035608	-0.050925	-0.03589	-0.09354	-0.11351	-0.12324	-0.27211	-0.44581	-0.62952	-0.73738	-0.95017	-1.3163	-1.3128	-1.0695	0.10979	0.9761	0.85072	0.74944	0.60487	0.26526	0.094414	-0.044342	-0.10723	-0.13729	-0.1395	-0.15122	-0.12421	-0.11981	-0.047532	-0.029367	7.7873
934.42	0.013528	-0.0089143	-0.048897	-0.081168	-0.081511	-0.13867	-0.29983	-0.48707	-0.645	-0.8127	-0.87456	-1.2272	-1.2761	-1.0096	-0.05824	0.87061	0.85794	0.74098	0.5881	0.2653	0.081933	-0.045052	-0.10931	-0.15245	-0.14136	-0.15236	-0.12462	-0.10144	-0.048209	-0.046769	7.4773
934.74	0.0085404	0.0089118	-0.070189	-0.057787	-0.09233	-0.1957	-0.33445	-0.51231	-0.63291	-0.6487	-0.91061	-1.1163	-1.137	-0.86365	0.18882	0.91301	0.8683	0.75214	0.59261	0.25667	0.08353	-0.052649	-0.10364	-0.13354	-0.13672	-0.13627	-0.10479	-0.078921	-0.008676	0.0017331	7.1883
931.44	-0.0022668	-0.012829	-0.059745	-0.051527	-0.12713	-0.20345	-0.36274	-0.50919	-0.66375	-0.88449	-0.95939	-1.1714	-1.1656	-0.86671	0.038972	0.89054	0.86562	0.72837	0.57974	0.2413	0.06915	-0.054534	-0.11775	-0.14718	-0.14028	-0.13997	-0.11707	-0.072429	-0.03845	-0.022989	6.9205
925.69	0.0077855	-0.023863	-0.011287	-0.06323	-0.14344	-0.23663	-0.37979	-0.53636	-0.65109	-0.68115	-1.0479	-1.1015	-1.2552	-0.88843	0.12831	0.82712	0.85279	0.71871	0.5675	0.22556	0.067118	-0.06085	-0.11685	-0.13982	-0.14347	-0.1376	-0.1226	-0.066067	-0.027881	-0.0030647	6.6329
917.81	0.0036215	0.012232	0.0028049	-0.084278	-0.17321	-0.25387	-0.38305	-0.53595	-0.68005	-0.83618	-0.99215	-1.1109	-1.2244	-0.96195	0.039551	0.97332	0.88265	0.74187	0.57237	0.24054	0.072659	-0.04845	-0.11703	-0.14269	-0.12989	-0.13062	-0.10753	-0.073505	-0.01806	-0.00066371	6.3876
910.67	0.053103	0.033007	-0.0030619	-0.091549	-0.19312	-0.27388	-0.40348	-0.55446	-0.69188	-0.92236	-0.96263	-1.2505	-1.2424	-0.91138	0.10326	0.8758	0.87526	0.73417	0.57041	0.24418	0.076564	-0.04883	-0.11795	-0.14465	-0.14348	-0.12835	-0.10675	-0.066388	-0.010596	0.013201	6.165
902.25	0.065646	0.047762	-0.018374	-0.1166	-0.1968	-0.30828	-0.40565	-0.55623	-0.69096	-0.72563	-0.99043	-1.0949	-1.0765	-0.75229	0.17734	0.97242	0.90636	0.73738	0.56435	0.23142	0.059606	-0.044905	-0.1057	-0.14939	-0.12341	-0.12872	-0.11102	-0.05924	0.015747	0.0405	5.9227
893.72	0.079306	0.04903	-0.0074053	-0.12108	-0.2138	-0.29469	-0.42485	-0.55726	-0.68845	-0.67848	-0.87638	-1.052	-1.1721	-0.70026	0.1698	1.0978	0.92187	0.73523	0.57138	0.23095	0.056775	-0.050642	-0.11092	-0.12424	-0.11979	-0.10647	-0.092215	-0.046476	0.015035	0.058347	5.7637
885.29	0.090585	0.055223	-0.039495	-0.12563	-0.2187	-0.31511	-0.43053	-0.5842	-0.69751	-0.73044	-1.0861	-1.1607	-1.1229	-0.77525	0.23664	0.9009	0.9142	0.73667	0.57019	0.24757	0.051311	-0.051124	-0.10773	-0.12197	-0.10073	-0.10917	-0.080557	-0.023964	0.025608	0.065614	5.5562
876.44	0.093271	0.07644	-0.041643	-0.14322	-0.24887	-0.32579	-0.42912	-0.5866	-0.713	-0.79295	-0.88398	-1.1362	-1.1517	-0.80033	0.34255	1.1559	0.92956	0.74599	0.56089	0.23277	0.064826	-0.055249	-0.10538	-0.1232	-0.096036	-0.097449	-0.068709	-0.025007	0.060111	0.06543	5.4274
868.11	0.075385	0.050476	-0.060575	-0.15673	-0.24834	-0.31095	-0.45567	-0.58958	-0.7224	-0.73561	-0.85334	-1.1196	-1.1539	-0.74705	0.18432	1.0474	0.93936	0.73423	0.5612	0.22857	0.047954	-0.051224	-0.090784	-0.11467	-0.078007	-0.092341	-0.061699	-0.022825	0.059802	0.072904	5.2956
860.74	0.069714	0.048384	-0.075334	-0.16682	-0.26617	-0.35557	-0.48303	-0.62222	-0.75093	-0.84486	-0.9889	-1.0369	-1.1107	-0.71831	0.37754	1.0471	0.94295	0.75864	0.55834	0.24073	0.0713	-0.04799	-0.10118	-0.12366	-0.10444	-0.075717	-0.075121	-0.033604	0.03975	0.061443	5.2107
854.76	0.068386	0.037707	-0.074965	-0.19969	-0.26507	-0.33694	-0.4746	-0.62031	-0.75445	-0.72826	-0.85672	-1.2301	-1.0292	-0.84717	0.26439	1.0918	0.95044	0.74186	0.57082	0.22934	0.062918	-0.0585	-0.10277	-0.11557	-0.10349	-0.087645	-0.070453	-0.017443	0.068837	0.094036	5.1046
849.74	0.087064	0.051568	-0.086227	-0.18581	-0.28951	-0.35245	-0.48844	-0.63659	-0.75891	-0.86527	-0.9717	-1.0784	-1.0981	-0.69203	0.20771	0.97616	0.975	0.75687	0.57593	0.23539	0.065971	-0.034652	-0.078573	-0.11355	-0.092321	-0.082871	-0.062163	-0.011774	0.070149	0.098963	5.0773
847.06	0.082757	0.037195	-0.10911	-0.19084	-0.27247	-0.371	-0.48402	-0.64765	-0.78489	-0.82045	-0.95473	-1.2225	-1.2817	-0.86379	0.24732	1.243	0.97988	0.76313	0.59073	0.24273	0.076038	-0.048765	-0.098371	-0.10215	-0.082478	-0.0734	-0.046638	-0.010984	0.069463	0.086119	5.047
847.38	0.07906	0.026069	-0.096411	-0.19876	-0.28333	-0.3699	-0.51362	-0.65373	-0.8038	-0.85818	-0.95437	-1.2595	-1.1192	-0.69395	0.2375	1.0542	0.96324	0.7551	0.58791	0.23133	0.055398	-0.052477	-0.089452	-0.093066	-0.088356	-0.069835	-0.047493	-0.020904	0.052183	0.089595	4.991
849.2	0.083464	0.036249	-0.095303	-0.201	-0.30263	-0.37683	-0.51762	-0.66316	-0.78727	-0.86582	-0.93232	-1.0697	-1.1168	-0.79929	0.38267	1.0708	0.95847	0.77281	0.59097	0.25716	0.076741	-0.038399	-0.083942	-0.10009	-0.083114	-0.05733	-0.050876	-0.015908	0.057507	0.099902	5.0258
852.41	0.071308	0.0072234	-0.10573	-0.22674	-0.29951	-0.4072	-0.5309	-0.66426	-0.80774	-0.87201	-0.85908	-1.2241	-1.1573	-0.76967	0.26511	1.2072	0.95217	0.77857	0.59219	0.25431	0.073781	-0.028051	-0.083626	-0.097013	-0.081961	-0.086128	-0.049817	0.0014129	0.048263	0.077735	5.0137
857.32	0.070899	0.016474	-0.092614	-0.20349	-0.30173	-0.39529	-0.52702	-0.66134	-0.7824	-0.81063	-1.1018	-1.2449	-1.2485	-0.82699	0.13855	0.9396	0.95118	0.76549	0.58281	0.26123	0.076901	-0.038958	-0.094561	-0.1036	-0.10318	-0.077768	-0.055572	-0.012488	0.043497	0.066889	5.0167
865.33	0.063063	0.020506	-0.097954	-0.19725	-0.28722	-0.37645	-0.51964	-0.65964	-0.76148	-0.89621	-0.91494	-1.2517	-1.1665	-0.85428	0.23258	1.0969	0.94148	0.7622	0.59521	0.27357	0.084963	-0.019407	-0.071937	-0.076972	-0.066687	-0.057127	-0.041378	-0.0083231	0.05021	0.077432	5.0258
873.34	0.072266	0.038562	-0.081264	-0.20234	-0.2991	-0.40871	-0.51653	-0.67202	-0.78584	-0.96177	-1.1496	-1.2403	-1.3042	-0.96766	0.18322	1.0594	0.93812	0.76837	0.59312	0.25918	0.09027	-0.017419	-0.072141	-0.088547	-0.066894	-0.056603	-0.046082	-0.0026304	0.047106	0.07672	5.0228
882.31	0.08385	0.015188	-0.090859	-0.19772	-0.29223	-0.37572	-0.51209	-0.6539	-0.77534	-0.80594	-0.89734	-1.2727	-1.291	-0.90641	0.27483	0.87681	0.9364	0.75684	0.59041	0.27283	0.08419	-0.014553	-0.067994	-0.080699	-0.04838	-0.064522	-0.029681	0.012485	0.085875	0.09447	5.0091
892.12	0.077705	0.035315	-0.080413	-0.19049	-0.28144	-0.36607	-0.48948	-0.6364	-0.77344	-0.92348	-1.0112	-1.1785	-1.2255	-0.87101	0.16086	0.91189	0.93383	0.78164	0.59296	0.27341	0.10369	-0.008189	-0.049527	-0.068647	-0.051055	-0.04113	-0.03599	0.023344	0.055602	0.069275	5.0334
902.89	0.06904	0.032488	-0.095577	-0.21239	-0.31364	-0.3817	-0.50202	-0.65342	-0.7888	-0.85893	-1.112	-1.3668	-1.3038	-1.0197	0.049334	0.97173	0.90232	0.76868	0.60376	0.2834	0.1033	0.012052	-0.05394	-0.059345	-0.055991	-0.037319	-0.010979	0.016857	0.072839	0.094782	5.0364
913.23	0.077612	0.020225	-0.10037	-0.20504	-0.30176	-0.39536	-0.50739	-0.65609	-0.77339	-0.88449	-1.0901	-1.2731	-1.2974	-1.0496	-0.041539	0.96946	0.89379	0.75368	0.59934	0.27757	0.11294	0.0049873	-0.045911	-0.06035	-0.06084	-0.044283	-0.019765	0.010529	0.079597	0.085576	5.1516
922.39	0.062529	0.021593	-0.10601	-0.2128	-0.30793	-0.37007	-0.51408	-0.66785	-0.78495	-0.78837	-0.91358	-1.2604	-1.268	-1.0555	0.15558	1.029	0.89155	0.77823	0.6077	0.30164	0.14145	0.022941	-0.026685	-0.04397	-0.031544	-0.024343	-0.010747	0.0035878	0.08715	0.093585	5.3304
930.06	0.073703	0.014406	-0.12161	-0.23289	-0.30812	-0.38997	-0.53233	-0.67881	-0.79678	-0.98973	-1.0886	-1.25	-1.2329	-1.0387	0.092225	1.0034	0.88832	0.77447	0.62871	0.31116	0.14437	0.029552	-0.01918	-0.029603	-0.022056	-0.011249	-0.0003171	0.016365	0.078986	0.083228	5.4531
936.44	0.065737	0.024364	-0.10361	-0.22729	-0.32045	-0.38819	-0.53255	-0.65291	-0.80635	-0.94858	-1.0449	-1.3348	-1.477	-1.0801	-0.10216	0.85169	0.88144	0.76305	0.64009	0.32012	0.16366	0.058903	-0.015834	-0.018767	-0.0081577	-0.010371	0.0067943	0.022987	0.073516	0.094561	5.644
940.49	0.078663	0.012707	-0.09094	-0.2111	-0.30649	-0.39001	-0.52643	-0.68921	-0.81705	-0.99589	-1.1307	-1.3629	-1.5274	-1.1317	-0.03157	0.80561	0.8801	0.79904	0.66386	0.36117	0.18717	0.073784	0.012245	-0.00076571	0.00024273	-0.003155	0.0099129	0.03928	0.088747	0.087043	5.8273
941.45	0.059613	0.022696	-0.10875	-0.23567	-0.33042	-0.421	-0.54504	-0.71373	-0.84058	-0.98631	-1.301	-1.429	-1.6474	-1.4758	-0.11915	0.7624	0.85642	0.80782	0.66162	0.3608	0.1886	0.082108	0.022627	0.0081877	0.01088	0.01675	0.022476	0.037751	0.097646	0.091691	6.0833
939.74	0.059721	-0.0019255	-0.12607	-0.24731	-0.3499	-0.42438	-0.56675	-0.72725	-0.87674	-1.0738	-1.3395	-1.5077	-1.7802	-1.4463	-0.30367	0.70435	0.85145	0.81714	0.68702	0.38608	0.20187	0.094037	0.02347	-0.0048418	0.0025279	-0.007943	-0.001889	0.028872	0.064249	0.080786	6.2604
935.91	0.031759	0.010446	-0.14541	-0.24672	-0.37209	-0.45243	-0.59142	-0.75397	-0.91906	-1.0352	-1.3359	-1.4714	-1.6653	-1.5411	-0.25203	0.60489	0.83447	0.84066	0.70551	0.39022	0.22703	0.10372	0.036435	0.00086991	0.0078864	0.010443	0.019446	0.042467	0.069446	0.068418	6.5209
930.48	0.049467	0.012066	-0.13967	-0.2611	-0.36246	-0.47712	-0.60882	-0.77236	-0.93794	-1.1797	-1.4806	-1.7361	-1.9865	-1.7207	-0.53714	0.6256	0.81546	0.85174	0.73248	0.42766	0.25039	0.12132	0.047971	0.023104	0.017159	0.0056707	0.01956	0.038196	0.066545	0.083189	6.7797
921.75	0.049094	-0.0066794	-0.13435	-0.27093	-0.38881	-0.47007	-0.64198	-0.80129	-0.96528	-1.3395	-1.5314	-1.7267	-1.997	-1.9011	-0.45275	0.5276	0.81321	0.87139	0.75215	0.46115	0.27419	0.13019	0.066394	0.043271	0.029736	0.031743	0.046232	0.027155	0.077193	0.074305	7.0476
912.91	0.048719	-0.0043638	-0.14656	-0.28427	-0.38147	-0.48451	-0.63792	-0.83591	-0.99327	-1.2289	-1.5463	-1.8478	-2.15	-1.9526	-0.68301	0.52399	0.78752	0.88342	0.7739	0.48048	0.28599	0.1557	0.076105	0.042851	0.033941	0.034513	0.023987	0.040467	0.053494	0.054678	7.3335
