12122	1	3	91	28.5	757	1	10	10	1.747	128	4096	10	0	0	0	0	223.61	991.65	1.4513e+006	0.11849	0.073178	41.25	0	0	1	0	0	0	11	0	0
952.99	0.042174	-0.03046	-0.14355	-0.24874	-0.32874	-0.40956	-0.51656	-0.65185	-0.74727	-0.87176	-1.0924	-1.0019	2.6484	-0.71637	0.23748	0.74866	0.8383	0.60148	0.41867	0.1306	-0.010787	-0.082955	-0.12377	-0.12359	-0.089435	-0.079225	-0.050738	-0.01294	0.040392	0.04985	4.7666
943.73	0.032715	-0.023852	-0.15632	-0.25836	-0.33733	-0.41793	-0.52697	-0.68828	-0.81182	-0.8547	-1.1211	-1.2306	2.6743	-0.79549	0.038814	0.85746	0.85626	0.66392	0.49506	0.18177	0.038993	-0.050253	-0.096272	-0.091521	-0.080459	-0.061736	-0.037911	-0.015294	0.039973	0.052703	5.2365
927.77	0.022397	-0.020358	-0.15818	-0.2555	-0.35498	-0.43927	-0.58346	-0.73564	-0.83138	-1.1299	-1.4973	-1.56	2.6792	-1.1759	-0.21833	0.66578	0.85365	0.71516	0.56683	0.24167	0.09123	-0.020437	-0.068719	-0.067497	-0.06334	-0.053913	-0.050523	-0.013293	0.035684	0.032788	5.6683
916.05	0.027768	-0.01113	-0.17442	-0.2711	-0.37243	-0.49417	-0.59958	-0.7601	-0.90581	-1.2498	-1.5072	-1.6493	2.6386	-1.3807	-0.32016	0.50007	0.86206	0.77	0.63894	0.30661	0.12887	0.030229	-0.043304	-0.045779	-0.039165	-0.039057	-0.015636	0.0064258	0.036981	0.05835	6.165
902.94	0.031611	-0.020116	-0.15829	-0.28671	-0.38252	-0.50317	-0.63624	-0.8178	-0.97385	-1.1342	-1.5385	-1.8228	2.7614	-1.652	-0.37047	0.6399	0.85846	0.83572	0.70833	0.37647	0.19381	0.070952	0.0010834	-0.014202	-0.0032948	-0.013064	-0.011764	0.015057	0.055414	0.064957	6.7101
897.93	0.022277	-0.021841	-0.16429	-0.29585	-0.395	-0.5334	-0.65907	-0.86758	-1.023	-1.4276	-1.9726	-1.948	2.6069	-2.0148	-0.81343	0.37684	0.82826	0.84495	0.7425	0.40968	0.21773	0.10657	0.012827	-0.00062961	-0.0025156	-0.0072957	0.0021768	0.0096782	0.047153	0.046289	7.1898
893.03	0.037181	-0.013851	-0.15576	-0.28736	-0.4161	-0.53817	-0.6845	-0.88864	-1.0857	-1.5887	-1.9835	-2.0121	2.886	-2.1275	-0.8456	0.26273	0.80279	0.8928	0.79422	0.46644	0.2776	0.15231	0.044928	0.038829	0.0231	0.0052554	0.020414	0.025423	0.055168	0.069837	7.6981
893.35	0.019784	-0.036546	-0.18572	-0.31759	-0.41879	-0.56646	-0.7222	-0.94664	-1.1367	-1.7054	-2.1349	-2.4826	2.7568	-2.7361	-1.113	0.16438	0.72875	0.88697	0.81939	0.51004	0.303	0.1735	0.065134	0.037958	0.04631	0.0094474	0.022891	0.030121	0.050842	0.051516	8.2531
895.48	0.030141	-0.022711	-0.18271	-0.31179	-0.43666	-0.55961	-0.74142	-0.97262	-1.186	-1.7013	-2.3004	-2.5299	2.7758	-3.025	-1.5156	-0.049897	0.63889	0.90685	0.86904	0.56052	0.35824	0.21812	0.10953	0.080642	0.059776	0.045412	0.031922	0.030049	0.048142	0.057201	8.7897
901.24	0.029086	-0.021761	-0.16879	-0.30813	-0.43762	-0.5697	-0.74709	-1.0013	-1.2203	-1.6994	-2.3611	-2.7341	2.775	-3.3748	-1.7988	-0.27981	0.55491	0.89468	0.86431	0.60209	0.40398	0.25182	0.13305	0.10138	0.074476	0.063418	0.05224	0.055515	0.044418	0.067553	9.3124
909.98	0.027954	-0.035081	-0.19158	-0.33329	-0.45106	-0.57956	-0.77875	-1.0379	-1.2728	-1.7804	-2.4878	-2.8126	2.7735	-3.708	-1.99	-0.38236	0.4115	0.89601	0.88744	0.64981	0.44183	0.29111	0.17727	0.12314	0.10441	0.071045	0.063122	0.065761	0.051603	0.063639	9.8697
917.33	0.015034	-0.029275	-0.18671	-0.34867	-0.4631	-0.59997	-0.78351	-1.048	-1.3191	-2.0384	-2.5789	-3.2663	2.6432	-4.1315	-2.5135	-0.66638	0.27625	0.87362	0.88273	0.65591	0.46726	0.31636	0.18241	0.1163	0.10436	0.083547	0.052131	0.038499	0.048672	0.049361	10.396
928.51	0.020706	-0.038283	-0.18116	-0.3161	-0.46572	-0.60954	-0.81214	-1.061	-1.3486	-2.0485	-2.8222	-3.3639	2.595	-4.5215	-2.9096	-0.98494	0.14751	0.83304	0.87842	0.68669	0.49925	0.3398	0.21102	0.14378	0.11928	0.1003	0.077	0.067468	0.062176	0.047965	10.941
933.09	0.012283	-0.040423	-0.17452	-0.32584	-0.46977	-0.59599	-0.81047	-1.0919	-1.3975	-1.978	-2.7446	-3.3644	2.762	-4.8882	-3.0544	-1.2367	-0.0322	0.81664	0.87096	0.72351	0.54482	0.37796	0.25113	0.18741	0.13862	0.11507	0.093273	0.097176	0.055272	0.053304	11.457
938.62	0.013866	-0.046358	-0.17594	-0.33435	-0.47781	-0.60385	-0.85103	-1.1246	-1.4665	-2.1724	-2.9999	-3.5307	2.6076	-5.4071	-3.7306	-1.6545	-0.1928	0.76722	0.86583	0.7371	0.56506	0.38669	0.26007	0.18794	0.15152	0.12716	0.094299	0.071219	0.054946	0.026075	11.998
938.94	0.015514	-0.027057	-0.16854	-0.32301	-0.46864	-0.63511	-0.85074	-1.1463	-1.4873	-2.2317	-3.0983	-3.5465	2.6798	-5.7595	-4.0016	-1.7559	-0.3396	0.73374	0.87803	0.7751	0.61421	0.4514	0.29366	0.22949	0.18194	0.14388	0.1179	0.085375	0.07214	0.060094	12.5
936.39	-0.010978	-0.049564	-0.20663	-0.32148	-0.49699	-0.64561	-0.88002	-1.2124	-1.5664	-2.2894	-3.3788	-3.8276	2.4672	-6.3969	-4.5674	-2.3062	-0.58025	0.64019	0.83499	0.79341	0.61994	0.47121	0.30169	0.23584	0.18702	0.13947	0.12138	0.080368	0.047682	0.031692	13.042
930.11	-0.017732	-0.047561	-0.18002	-0.34793	-0.50943	-0.66762	-0.90379	-1.2725	-1.6438	-2.4001	-3.4747	-3.9901	2.4839	-6.814	-4.9175	-2.8022	-0.79091	0.60128	0.8288	0.82193	0.65841	0.50924	0.34905	0.27285	0.21366	0.15895	0.12539	0.077899	0.052967	0.034302	13.546
923.19	-0.02291	-0.060469	-0.18054	-0.34728	-0.52423	-0.70019	-0.94651	-1.3152	-1.7082	-2.61	-3.7491	-4.2007	2.6347	-7.4711	-5.4814	-3.0134	-1.0325	0.52932	0.80403	0.84884	0.69461	0.53533	0.36634	0.27656	0.22688	0.16095	0.13674	0.096698	0.045031	0.040193	14.066
917.01	-0.031532	-0.052978	-0.19512	-0.36439	-0.5204	-0.69416	-0.97019	-1.3249	-1.7302	-2.5837	-3.8576	-4.4802	2.6109	-7.9172	-5.9321	-3.5298	-1.3051	0.4389	0.75985	0.86674	0.72578	0.56481	0.39097	0.311	0.23855	0.18002	0.15219	0.10117	0.060438	0.034792	14.574
910.72	-0.053916	-0.087541	-0.19816	-0.3512	-0.53791	-0.70436	-0.98322	-1.3971	-1.8022	-2.8403	-4.192	-4.8426	2.5954	-8.5945	-6.5073	-4.0448	-1.569	0.36081	0.72885	0.86746	0.74413	0.56871	0.41433	0.31988	0.2347	0.19196	0.1378	0.091868	0.048179	0.011373	15.047
911.79	-0.056408	-0.096178	-0.20717	-0.37473	-0.55303	-0.70624	-1.0098	-1.4098	-1.8594	-2.8812	-4.2523	-4.985	2.5924	-9.1317	-7.0153	-4.504	-1.7773	0.26766	0.67893	0.86995	0.74826	0.58799	0.42623	0.31867	0.24854	0.19091	0.14819	0.10559	0.04306	0.012991	15.465
910.62	-0.070124	-0.10426	-0.19481	-0.36778	-0.52219	-0.72338	-1.0269	-1.4469	-1.8967	-2.6637	-4.3323	-5.2968	2.6543	-9.6416	-7.4048	-4.7639	-2.0193	0.2022	0.64758	0.88597	0.77591	0.61479	0.44497	0.34347	0.26536	0.20679	0.16788	0.10342	0.035511	0.025245	15.887
915.94	-0.093452	-0.12342	-0.20288	-0.3566	-0.54868	-0.74964	-1.039	-1.4686	-1.9535	-2.8769	-4.4184	-5.3787	2.6056	-9.9982	-7.7489	-5.1806	-2.2593	0.10872	0.59497	0.88169	0.783	0.61898	0.45635	0.3557	0.26694	0.22523	0.16529	0.10817	0.029422	0.0015743	16.275
919.03	-0.10835	-0.12694	-0.20303	-0.34393	-0.53672	-0.74176	-1.0293	-1.4687	-1.9493	-2.911	-4.5052	-5.5248	2.6715	-10.376	-8.1626	-5.5192	-2.4685	0.028867	0.54348	0.88046	0.78615	0.641	0.46874	0.36867	0.28161	0.21876	0.16634	0.10857	0.025976	-0.013791	16.647
922.87	-0.11294	-0.13976	-0.24038	-0.35148	-0.55005	-0.7369	-1.0672	-1.5041	-1.9749	-3.0473	-4.7165	-5.7171	2.4868	-10.751	-8.7096	-5.9286	-2.6965	-0.080654	0.49512	0.86902	0.79852	0.63747	0.47903	0.37627	0.27966	0.20892	0.16405	0.10357	0.0058536	-0.008098	17.057
925.1	-0.13366	-0.15821	-0.22986	-0.36771	-0.54872	-0.7014	-1.0568	-1.4814	-1.9765	-3.127	-4.6867	-5.832	2.5468	-11.043	-8.8133	-6.1127	-2.8788	-0.1337	0.45904	0.86865	0.81465	0.66414	0.49007	0.39607	0.2844	0.23596	0.18364	0.10483	0.024139	-0.016914	17.381
925.53	-0.12856	-0.13857	-0.23803	-0.37324	-0.54482	-0.67802	-1.0259	-1.4807	-2.0308	-2.995	-4.7121	-5.8294	2.5868	-11.34	-9.237	-6.4634	-3.0538	-0.21257	0.43347	0.87428	0.82002	0.67579	0.49879	0.40499	0.29431	0.24476	0.17796	0.10554	0.016646	-0.024933	17.708
925.53	-0.14869	-0.18396	-0.24217	-0.35534	-0.52473	-0.71704	-1.0314	-1.4567	-2.0308	-2.9167	-4.7946	-5.9667	2.5539	-11.716	-9.5133	-6.7565	-3.2624	-0.27908	0.39305	0.89411	0.84299	0.69715	0.51831	0.42651	0.31982	0.25204	0.19155	0.10781	0.030782	-0.0080747	18.001
920.95	-0.184	-0.19746	-0.2833	-0.39716	-0.5356	-0.72239	-1.0373	-1.4532	-2.0489	-3.1149	-5.132	-6.0999	2.4672	-12.177	-10.044	-7.1714	-3.4341	-0.35712	0.34323	0.8613	0.83234	0.70148	0.51517	0.40783	0.30743	0.224	0.17965	0.098457	-0.0049956	-0.038774	18.283
917.22	-0.20845	-0.23537	-0.29364	-0.39549	-0.5562	-0.71996	-1.0297	-1.4449	-2.0476	-3.2505	-4.9677	-6.2113	2.394	-12.531	-10.193	-7.4616	-3.6051	-0.4069	0.31184	0.88742	0.84483	0.70088	0.54599	0.42703	0.31959	0.25351	0.19167	0.11414	-0.01005	-0.048651	18.623
908.59	-0.23436	-0.23761	-0.30739	-0.46138	-0.55033	-0.71866	-1.0728	-1.4586	-2.0776	-3.1395	-5.0616	-6.3752	2.5679	-12.875	-10.544	-7.673	-3.7465	-0.45864	0.28897	0.89234	0.86623	0.72581	0.54869	0.44289	0.32735	0.25592	0.19024	0.097481	-0.010146	-0.05402	18.788
903.26	-0.24004	-0.28953	-0.34652	-0.46077	-0.58257	-0.78833	-1.0904	-1.4952	-2.0563	-3.381	-5.1855	-6.5095	2.6506	-13.135	-10.944	-7.8066	-3.8983	-0.50679	0.26793	0.88877	0.85368	0.72922	0.55859	0.43533	0.338	0.25245	0.18891	0.10039	-0.016169	-0.052693	19.059
893.67	-0.29214	-0.30155	-0.3631	-0.44803	-0.62665	-0.80782	-1.0569	-1.4598	-2.013	-3.0838	-5.2126	-6.455	2.6961	-13.301	-11.015	-8.1494	-4.0431	-0.54621	0.24701	0.89831	0.88664	0.74767	0.57133	0.45629	0.33682	0.26355	0.19342	0.10538	-0.024954	-0.067393	19.156
887.69	-0.3151	-0.34111	-0.38799	-0.55026	-0.66704	-0.81695	-1.1607	-1.5292	-2.0923	-3.0864	-5.0851	-6.74	2.594	-13.485	-11.396	-8.2672	-4.1134	-0.59427	0.24454	0.89537	0.87807	0.75003	0.55991	0.44555	0.33667	0.26026	0.18472	0.085568	-0.038993	-0.10049	19.342
881.72	-0.33573	-0.34671	-0.43754	-0.57789	-0.7051	-0.87462	-1.2593	-1.6082	-2.0235	-2.9977	-5.2159	-6.5244	2.6721	-13.576	-11.137	-8.4318	-4.1456	-0.59923	0.2462	0.92587	0.90813	0.76677	0.58846	0.45552	0.34869	0.25437	0.18932	0.087736	-0.050603	-0.086844	19.478
878.84	-0.33153	-0.39811	-0.44856	-0.53953	-0.76606	-0.97183	-1.3931	-1.6736	-1.9703	-2.9342	-4.8658	-6.4283	2.7243	-13.44	-11.286	-8.1235	-4.1331	-0.56104	0.27121	0.92981	0.91802	0.77738	0.59039	0.46312	0.33925	0.26885	0.18826	0.09281	-0.04639	-0.12264	19.532
878.73	-0.39077	-0.39899	-0.40328	-0.54217	-0.81231	-1.0093	-1.7167	-1.9545	-2.0859	-2.6687	-4.4702	-6.0585	2.7246	-12.813	-10.827	-7.9428	-3.9304	-0.49665	0.32049	0.95717	0.93628	0.79367	0.60331	0.46579	0.33766	0.2595	0.17818	0.08006	-0.077045	-0.13956	19.614
879.48	-0.3825	-0.40853	-0.48046	-0.50233	-0.91154	-1.4051	-1.8817	-1.986	-2.1725	-2.8954	-4.0899	-5.5656	2.5835	-11.453	-9.6738	-7.31	-3.4785	-0.3385	0.41363	0.9609	0.93462	0.78131	0.57455	0.45494	0.32518	0.24394	0.16541	0.063262	-0.083106	-0.15803	19.683
883.43	-0.36408	-0.37637	-0.38205	-0.65857	-1.3293	-1.6785	-1.8888	-1.8522	-1.971	-2.7093	-4.0524	-4.8034	2.5374	-9.5361	-8.0435	-6.1842	-2.8507	-0.15766	0.52719	0.99274	0.95021	0.77692	0.57454	0.43816	0.32615	0.25642	0.16802	0.057426	-0.084475	-0.13714	19.707
883.11	-0.28333	-0.29859	-0.44552	-0.87957	-1.5489	-1.8037	-1.7294	-2.0585	-2.2699	-3.1116	-3.5346	-4.1395	2.6334	-7.074	-6.468	-5.1021	-2.2662	0.065362	0.62789	1.0067	0.9368	0.779	0.58072	0.447	0.32465	0.25058	0.16306	0.074111	-0.06098	-0.11363	19.701
884.71	-0.38287	-0.36436	-0.54603	-1.1392	-1.5451	-1.4358	-1.8518	-1.9448	-2.5117	-2.9421	-3.4226	-3.0366	2.7493	-5.5913	-4.9647	-4.0826	-1.6706	0.28142	0.742	1.0129	0.93082	0.74988	0.56861	0.45485	0.31598	0.24758	0.16527	0.057344	-0.065218	-0.13862	19.821
879.37	-0.43993	-0.53789	-0.87605	-1.307	-1.4997	-1.7964	-1.7072	-2.1178	-2.2089	-2.2454	-2.2943	-2.5582	2.7833	-4.2755	-3.316	-3.0183	-1.1214	0.46235	0.84159	1.0345	0.92265	0.74904	0.55494	0.42102	0.31058	0.22011	0.13431	0.035379	-0.11812	-0.18086	19.724
874.14	-0.65397	-0.74244	-1.139	-1.7041	-1.8132	-1.825	-1.8849	-2.0314	-1.9115	-2.0654	-2.3469	-2.4554	2.6604	-2.9691	-2.732	-2.5434	-0.77582	0.56559	0.87683	1.0124	0.88473	0.7101	0.50659	0.37446	0.24779	0.15969	0.090252	-0.049378	-0.22623	-0.31539	19.704
863.36	-0.96253	-1.0369	-1.3972	-1.5867	-1.6597	-1.6595	-1.596	-1.9228	-1.83	-1.8019	-1.5402	-1.5844	2.8261	-2.2006	-2.0019	-1.9004	-0.42702	0.68009	0.92602	1.0084	0.85972	0.67684	0.47892	0.33122	0.19953	0.1044	0.0031204	-0.13359	-0.39306	-0.50522	19.795
854.38	-1.2416	-1.2903	-1.4657	-1.4985	-1.5604	-1.6558	-1.6255	-1.6946	-1.6068	-1.538	-1.3874	-1.3779	2.8737	-1.8698	-1.5885	-1.416	-0.1607	0.77658	0.96665	0.99566	0.81365	0.63119	0.43108	0.27552	0.13465	0.016019	-0.068716	-0.23997	-0.56471	-0.69923	19.691
843.8	-1.2839	-1.291	-1.4595	-1.5245	-1.4678	-1.4499	-1.4578	-1.4898	-1.3104	-1.2805	-1.3444	-1.301	2.8826	-1.4094	-1.4521	-1.0933	0.017054	0.84371	0.9979	0.95234	0.76176	0.57351	0.36691	0.22086	0.07022	-0.025526	-0.13095	-0.3144	-0.64293	-0.80134	19.676
837.38	-1.188	-1.262	-1.4204	-1.5056	-1.3902	-1.3591	-1.2821	-1.2331	-1.1164	-1.3096	-1.2939	-1.1877	2.8591	-1.2847	-1.3746	-0.88247	0.17271	0.88743	0.98978	0.89102	0.70683	0.49576	0.3068	0.13656	0.0092605	-0.087477	-0.19733	-0.36618	-0.66899	-0.79328	19.539
835.99	-1.1213	-1.1991	-1.3192	-1.3685	-1.2511	-1.2141	-1.1462	-1.1234	-1.1864	-1.2443	-1.1335	-1.1516	2.9095	-1.0608	-1.3176	-0.57848	0.28664	0.90559	0.99493	0.86005	0.66623	0.44551	0.26139	0.11479	-0.021525	-0.119	-0.22421	-0.37265	-0.64893	-0.76172	19.442
841.02	-0.95485	-0.95339	-1.1419	-1.2333	-1.0919	-1.0526	-0.99782	-1.0939	-1.1124	-1.1698	-0.98541	-1.1636	2.9737	-0.91962	-1.1235	-0.25239	0.35688	0.92946	0.99073	0.83688	0.63335	0.43062	0.25535	0.097706	-0.034155	-0.13878	-0.21583	-0.3571	-0.60662	-0.70681	19.24
857.69	-0.90551	-0.99312	-1.0438	-1.039	-0.92681	-0.92305	-1.0692	-1.1378	-1.0701	-1.1377	-1.0059	-1.0762	2.8003	-1.0163	-1.1208	-0.34053	0.41694	0.92479	0.97403	0.79735	0.60599	0.39459	0.21528	0.075262	-0.020981	-0.11075	-0.19438	-0.31829	-0.53023	-0.61857	19.048
881.82	-0.78475	-0.85342	-0.93095	-0.88853	-0.93211	-0.94154	-1.0596	-1.0024	-1.0718	-0.97865	-0.95908	-1.0738	2.8621	-0.85992	-1.1463	-0.19547	0.44723	0.91717	0.96319	0.76195	0.58166	0.37842	0.19829	0.089712	-0.039061	-0.11621	-0.19829	-0.29925	-0.47296	-0.57974	18.824
914.56	-0.65988	-0.78803	-0.82978	-0.80159	-0.9006	-0.96079	-1.0035	-1.0018	-0.95987	-0.90839	-1.0083	-1.044	2.6596	-1.0937	-0.86176	-0.19721	0.45384	0.87806	0.90786	0.73381	0.53012	0.34585	0.18708	0.053832	-0.037665	-0.11779	-0.18149	-0.28624	-0.46108	-0.49887	18.565
940.43	-0.62438	-0.6231	-0.72955	-0.83796	-0.87761	-0.94221	-0.96136	-0.98722	-0.87288	-0.80632	-0.88124	-0.75344	2.6431	-0.81436	-0.86437	-0.16633	0.49594	0.8766	0.8938	0.71447	0.51472	0.34474	0.17153	0.064568	-0.03815	-0.10658	-0.16234	-0.26719	-0.39357	-0.44643	18.268
966.91	-0.53823	-0.58956	-0.66362	-0.86328	-0.94883	-0.95461	-0.87387	-0.88809	-0.82526	-0.84254	-0.83078	-0.92997	2.5865	-0.83898	-0.76394	-0.0132	0.51009	0.87296	0.8716	0.66602	0.49356	0.31649	0.15827	0.046163	-0.050419	-0.11684	-0.17702	-0.25987	-0.37961	-0.40808	17.883
978.92	-0.55463	-0.59639	-0.74079	-0.83808	-0.84656	-0.88589	-0.816	-0.81615	-0.75166	-0.79107	-0.72516	-0.68325	2.547	-0.82869	-0.67873	0.035879	0.54766	0.85723	0.86241	0.67415	0.47587	0.30373	0.14556	0.03777	-0.045417	-0.11311	-0.16956	-0.25024	-0.34901	-0.39017	17.58
980.62	-0.63681	-0.67807	-0.78325	-0.79978	-0.82528	-0.83915	-0.80282	-0.75067	-0.70735	-0.69935	-0.86245	-0.78738	2.4571	-0.91206	-0.77007	-0.021164	0.57718	0.84402	0.84296	0.61765	0.44097	0.26772	0.11	0.001766	-0.083265	-0.14348	-0.19567	-0.26696	-0.38529	-0.43647	17.202
974.99	-0.66597	-0.71319	-0.77913	-0.79514	-0.78671	-0.7758	-0.68613	-0.68193	-0.65756	-0.62903	-0.81519	-0.6534	2.4321	-0.79326	-0.53766	0.04422	0.62215	0.83964	0.83955	0.60239	0.41548	0.23926	0.093649	-0.010795	-0.097685	-0.15584	-0.2097	-0.30084	-0.4404	-0.49843	16.863
956.07	-0.6962	-0.69321	-0.73685	-0.77229	-0.70506	-0.67525	-0.66275	-0.65776	-0.62724	-0.67519	-0.68919	-0.69958	2.6079	-0.84849	-0.41889	0.22872	0.67213	0.8511	0.83008	0.60095	0.39193	0.21918	0.070308	-0.043863	-0.11458	-0.18636	-0.25022	-0.33098	-0.47326	-0.5114	16.41
938.62	-0.64627	-0.66597	-0.7179	-0.66716	-0.66955	-0.66594	-0.65124	-0.69693	-0.63811	-0.66197	-0.77439	-0.62795	2.567	-0.87231	-0.4882	0.30948	0.70013	0.87566	0.83379	0.57641	0.38708	0.2022	0.050763	-0.063451	-0.13043	-0.18743	-0.2462	-0.33041	-0.44598	-0.48449	16.081
914.13	-0.58289	-0.61647	-0.63405	-0.62822	-0.64682	-0.62721	-0.63871	-0.7156	-0.62769	-0.63566	-0.69296	-0.7925	2.6274	-0.82126	-0.63661	0.30907	0.72727	0.89194	0.83927	0.54908	0.36339	0.18426	0.046359	-0.067664	-0.1394	-0.19409	-0.25846	-0.31627	-0.42678	-0.45846	15.662
896.44	-0.61952	-0.62621	-0.60982	-0.60451	-0.62754	-0.64142	-0.67063	-0.63315	-0.64503	-0.78298	-0.74452	-0.75497	2.7048	-0.87963	-0.60318	0.35076	0.76469	0.90497	0.8452	0.54478	0.35193	0.15703	0.024604	-0.092931	-0.15651	-0.20712	-0.27181	-0.32564	-0.43091	-0.46917	15.261
881.08	-0.58801	-0.58534	-0.56915	-0.586	-0.57998	-0.61068	-0.61847	-0.63462	-0.60338	-0.65951	-0.74785	-0.65094	2.7173	-0.8349	-0.41712	0.50178	0.7989	0.91236	0.84329	0.54341	0.3348	0.15976	0.0087999	-0.089333	-0.15924	-0.20903	-0.27151	-0.32336	-0.40699	-0.44615	14.849
875.95	-0.52763	-0.55817	-0.56111	-0.56966	-0.56022	-0.57489	-0.6048	-0.62434	-0.58664	-0.52543	-0.52928	-0.7545	2.7855	-1.0124	-0.42897	0.45919	0.80182	0.88583	0.82477	0.51653	0.30121	0.11917	-0.016068	-0.10997	-0.17977	-0.22822	-0.26888	-0.32366	-0.3918	-0.41992	14.381
878.62	-0.48715	-0.4724	-0.54981	-0.54052	-0.51332	-0.53765	-0.52662	-0.60675	-0.54865	-0.47799	-0.64364	-0.65276	2.7944	-0.9577	-0.36196	0.5032	0.83426	0.9037	0.81476	0.50406	0.28388	0.11431	-0.01602	-0.10441	-0.16945	-0.22838	-0.2689	-0.30911	-0.37747	-0.40765	13.93
887.69	-0.4743	-0.45207	-0.50018	-0.50023	-0.47761	-0.49702	-0.51799	-0.49871	-0.52554	-0.60923	-0.54142	-0.84295	2.6112	-1.1779	-0.40471	0.39917	0.81711	0.86303	0.7742	0.46115	0.24163	0.074841	-0.047231	-0.14477	-0.179	-0.23955	-0.26782	-0.32174	-0.38228	-0.38256	13.47
901.98	-0.43837	-0.43126	-0.43365	-0.47311	-0.46443	-0.46457	-0.44102	-0.52394	-0.41387	-0.50133	-0.65523	-0.89124	2.7474	-1.1257	-0.43487	0.48133	0.8135	0.84662	0.75869	0.44146	0.22601	0.065767	-0.054828	-0.14077	-0.1841	-0.22496	-0.25374	-0.28013	-0.33357	-0.35837	13.018
912.11	-0.41137	-0.41456	-0.428	-0.44145	-0.40739	-0.39552	-0.38551	-0.37197	-0.34601	-0.38096	-0.75966	-1.012	2.7587	-1.4199	-0.40293	0.44972	0.81371	0.83542	0.72131	0.42431	0.21185	0.060701	-0.056696	-0.13837	-0.17656	-0.2126	-0.24443	-0.2824	-0.33155	-0.33322	12.515
922.87	-0.38723	-0.39168	-0.38316	-0.35637	-0.33031	-0.32153	-0.30052	-0.32032	-0.27544	-0.51619	-0.96244	-1.069	2.5447	-1.4033	-0.47866	0.34071	0.80422	0.81501	0.71449	0.40812	0.1995	0.057423	-0.066638	-0.1351	-0.17838	-0.21581	-0.20952	-0.2662	-0.30767	-0.31565	12.052
926.17	-0.34141	-0.34023	-0.32224	-0.27626	-0.25797	-0.2681	-0.22314	-0.26045	-0.32478	-0.61001	-1.069	-1.151	2.7415	-1.3657	-0.32556	0.5463	0.7964	0.80324	0.69848	0.38512	0.17748	0.029046	-0.067213	-0.12882	-0.16848	-0.20533	-0.22235	-0.24634	-0.2883	-0.30329	11.552
928.73	-0.26774	-0.28081	-0.24051	-0.23174	-0.20085	-0.20549	-0.17981	-0.26963	-0.37408	-0.73842	-1.2581	-1.4814	2.7093	-1.5654	-0.52005	0.49325	0.78513	0.7975	0.67761	0.35485	0.16472	0.026413	-0.076753	-0.15322	-0.18342	-0.20557	-0.21935	-0.22604	-0.26016	-0.27205	11.066
923.61	-0.21878	-0.22041	-0.18129	-0.16538	-0.18733	-0.20752	-0.15035	-0.26283	-0.45705	-0.93437	-1.2559	-1.4724	2.7326	-1.5741	-0.48721	0.53917	0.8127	0.81791	0.69486	0.38273	0.18701	0.018852	-0.069843	-0.1242	-0.14416	-0.17344	-0.18692	-0.18709	-0.19911	-0.19311	10.587
918.5	-0.20901	-0.15856	-0.13392	-0.17121	-0.16445	-0.13807	-0.18574	-0.36021	-0.57396	-1.1237	-1.4015	-1.6536	2.5983	-1.5664	-0.66052	0.49004	0.80722	0.80995	0.7139	0.37009	0.174	0.031871	-0.07433	-0.10988	-0.14263	-0.1638	-0.16541	-0.16143	-0.15079	-0.16588	10.123
907.95	-0.10625	-0.071058	-0.096664	-0.076205	-0.13193	-0.12702	-0.21967	-0.44624	-0.65478	-1.19	-1.3243	-1.699	2.8049	-1.5929	-0.60461	0.67152	0.83684	0.84377	0.73189	0.38318	0.20362	0.04095	-0.047836	-0.10357	-0.13798	-0.13598	-0.15185	-0.13629	-0.12203	-0.11707	9.6613
897.51	-0.065957	-0.067848	-0.084129	-0.13999	-0.1297	-0.14862	-0.30741	-0.54106	-0.72587	-1.3205	-1.6803	-1.7099	2.6166	-1.7546	-0.71273	0.42149	0.8389	0.83896	0.72896	0.38408	0.18314	0.032617	-0.076069	-0.099649	-0.13561	-0.13422	-0.12806	-0.1246	-0.07715	-0.080351	9.1734
887.69	0.021658	0.012992	-0.1144	-0.10847	-0.13589	-0.19557	-0.3628	-0.58243	-0.7514	-1.2353	-1.4788	-1.7915	2.8002	-1.74	-0.65557	0.57896	0.86285	0.8695	0.74694	0.39912	0.20228	0.049902	-0.048928	-0.088668	-0.11132	-0.1222	-0.10948	-0.099143	-0.031188	-0.032693	8.7141
878.62	-0.03026	-0.034685	-0.052805	-0.10017	-0.11902	-0.22375	-0.40021	-0.62332	-0.79368	-1.0464	-1.4555	-1.6925	2.8638	-1.8268	-0.5403	0.51228	0.8796	0.87287	0.73962	0.39416	0.1914	0.052216	-0.045148	-0.087838	-0.10189	-0.11408	-0.09966	-0.065077	-0.030637	-0.019499	8.2002
877.02	-0.00021294	-0.022362	-0.026695	-0.096058	-0.15874	-0.27938	-0.42067	-0.62795	-0.78163	-1.1953	-1.5356	-1.7318	2.7908	-1.6232	-0.59772	0.57691	0.88645	0.86136	0.72759	0.36849	0.17617	0.029772	-0.063254	-0.09324	-0.10126	-0.098051	-0.08972	-0.069189	-0.010511	-0.01191	7.6966
876.6	0.039648	0.023896	-0.017094	-0.10469	-0.18388	-0.31603	-0.47354	-0.65273	-0.78454	-1.2234	-1.5169	-1.6058	2.7834	-1.4429	-0.42866	0.66821	0.89824	0.84024	0.70117	0.34318	0.1468	0.011746	-0.079601	-0.11164	-0.10947	-0.12973	-0.098202	-0.070821	-0.015782	0.0067309	7.1596
884.81	0.051566	0.0425	-0.035118	-0.12669	-0.2156	-0.32423	-0.4455	-0.63194	-0.78729	-1.212	-1.3877	-1.6267	2.6972	-1.5235	-0.44331	0.54479	0.90029	0.80646	0.66812	0.31203	0.13084	0.0018069	-0.068653	-0.10974	-0.10926	-0.11159	-0.10649	-0.066997	-0.007809	0.019264	6.701
895.16	0.0848	0.056573	-0.038992	-0.1412	-0.19139	-0.31223	-0.43229	-0.62293	-0.76248	-0.94608	-1.3527	-1.4216	2.7854	-1.3454	-0.0051573	0.67221	0.90529	0.79347	0.63418	0.31199	0.10134	-0.013231	-0.085518	-0.12387	-0.092813	-0.10611	-0.08129	-0.049783	0.021508	0.051411	6.1756
913.07	0.075481	0.061809	-0.042422	-0.1541	-0.24316	-0.307	-0.44119	-0.60148	-0.73538	-1.0157	-1.3633	-1.472	2.5971	-1.2031	-0.068286	0.74641	0.89089	0.75544	0.61773	0.25518	0.07939	-0.034621	-0.12011	-0.12144	-0.11919	-0.11634	-0.085367	-0.044203	0.011818	0.051218	5.7001
929.15	0.090053	0.049826	-0.064775	-0.14657	-0.21167	-0.29462	-0.42113	-0.57046	-0.68363	-0.86812	-1.0565	-1.3012	2.667	-1.0602	0.039423	0.69054	0.88371	0.72822	0.57467	0.24904	0.069028	-0.036575	-0.11398	-0.12182	-0.10789	-0.09497	-0.075131	-0.032126	0.027348	0.073521	5.2228
943.94	0.069723	0.01682	-0.062135	-0.15862	-0.23969	-0.30218	-0.41988	-0.56801	-0.68546	-0.99958	-1.2648	-1.3481	2.5929	-1.0116	0.038806	0.65437	0.84714	0.67333	0.50039	0.19272	0.018068	-0.084587	-0.12735	-0.15643	-0.13272	-0.11254	-0.1006	-0.039787	0.029366	0.058987	4.7818
956.18	0.075327	0.021907	-0.06054	-0.14872	-0.22955	-0.30346	-0.41376	-0.55514	-0.64419	-0.9194	-1.0443	-1.2229	2.5358	-0.79305	0.21945	0.93811	0.84912	0.63897	0.46637	0.16105	0.013073	-0.085984	-0.13123	-0.15923	-0.13177	-0.1205	-0.095445	-0.051736	0.043478	0.073774	4.33
961.17	0.066857	0.011244	-0.078558	-0.15422	-0.21957	-0.27541	-0.41386	-0.53392	-0.62853	-0.89786	-1.0831	-1.1008	2.5544	-0.61589	0.19256	0.89172	0.83992	0.59978	0.43266	0.13862	-0.021756	-0.11022	-0.14543	-0.14805	-0.13778	-0.11442	-0.10572	-0.053654	0.044852	0.054065	3.9372
963.62	0.050572	0.031509	-0.061663	-0.1757	-0.23392	-0.31986	-0.4158	-0.527	-0.63538	-0.71169	-1.0451	-0.93315	2.5875	-0.62217	0.38036	0.72383	0.84098	0.57781	0.39578	0.10597	-0.056374	-0.12389	-0.15678	-0.1755	-0.13595	-0.13979	-0.10546	-0.062972	0.03196	0.056242	3.52
959.9	0.068565	0.017293	-0.086642	-0.15677	-0.23658	-0.3134	-0.39112	-0.52345	-0.57619	-0.75639	-0.94299	-0.87057	2.5498	-0.45131	0.3045	0.78483	0.82987	0.52874	0.34841	0.051513	-0.082699	-0.15649	-0.19816	-0.18655	-0.15436	-0.1497	-0.088909	-0.047157	0.053728	0.062651	3.1407
954.79	0.058359	0.015869	-0.072663	-0.15288	-0.2228	-0.29273	-0.38112	-0.49335	-0.57462	-0.71826	-0.88578	-1.0749	2.5395	-0.29535	0.40115	0.72215	0.7982	0.46623	0.30111	0.01334	-0.10621	-0.18549	-0.2142	-0.20279	-0.17841	-0.156	-0.13278	-0.062087	0.025003	0.045867	2.7475
944.9	0.057325	0.026768	-0.056399	-0.14412	-0.21709	-0.2845	-0.3729	-0.50582	-0.53131	-0.63201	-0.85013	-0.7835	2.6952	-0.14643	0.57121	0.76349	0.78709	0.43984	0.24293	-0.01439	-0.14911	-0.20333	-0.21166	-0.21546	-0.18103	-0.16715	-0.1232	-0.064219	0.019564	0.05185	2.3847
939.48	0.046084	0.0091905	-0.097497	-0.14896	-0.24173	-0.29138	-0.37428	-0.49161	-0.56981	-0.71282	-0.91831	-0.80494	2.5403	-0.10701	0.43404	0.69146	0.76718	0.38209	0.1928	-0.08158	-0.17826	-0.2348	-0.26416	-0.23219	-0.21405	-0.17609	-0.14439	-0.080254	0.013943	0.037124	2.0642
932.24	0.058104	0.017809	-0.062916	-0.14124	-0.20916	-0.25578	-0.35089	-0.47488	-0.53932	-0.64924	-0.68861	-0.64077	2.7482	0.0056794	0.69399	0.9622	0.75012	0.36305	0.16125	-0.094198	-0.20163	-0.25613	-0.27106	-0.2455	-0.20958	-0.16862	-0.14075	-0.080877	0.013225	0.050963	1.7544
928.41	0.039945	-0.0031809	-0.090408	-0.15074	-0.24188	-0.3037	-0.3702	-0.47602	-0.53836	-0.70398	-0.84694	-0.72042	2.5624	-0.067578	0.68796	0.65673	0.69546	0.28321	0.087652	-0.13327	-0.25318	-0.28785	-0.29407	-0.26797	-0.21507	-0.19434	-0.15169	-0.086493	-0.0032971	0.042369	1.4551
924.68	0.043465	0.022653	-0.087458	-0.13995	-0.20813	-0.28362	-0.34361	-0.48622	-0.51332	-0.59357	-0.65751	-0.49138	2.5892	0.14472	0.77993	0.76293	0.66263	0.24263	0.039616	-0.18127	-0.28458	-0.29243	-0.30665	-0.27319	-0.21052	-0.22997	-0.1163	-0.093662	0.017495	0.043342	1.1512
921.27	0.046154	-0.0087101	-0.087782	-0.14782	-0.22082	-0.28199	-0.34175	-0.44312	-0.47989	-0.63947	-0.54931	-0.51045	2.7313	0.27657	0.78281	0.83505	0.63099	0.19452	-0.010398	-0.20273	-0.29058	-0.32956	-0.32903	-0.27836	-0.21673	-0.1934	-0.14805	-0.080317	-0.0016529	0.054793	0.88973
919.35	0.060608	0.0062392	-0.063798	-0.15468	-0.22404	-0.27455	-0.34482	-0.43487	-0.47284	-0.53567	-0.5043	-0.45966	2.8033	0.17847	0.81136	0.94096	0.58314	0.16993	-0.055098	-0.24395	-0.33331	-0.35519	-0.32071	-0.28728	-0.24286	-0.19625	-0.1395	-0.06829	0.019269	0.039553	0.65107
917.33	0.059049	0.018886	-0.078972	-0.1263	-0.1969	-0.25189	-0.31649	-0.44585	-0.45372	-0.68613	-0.44059	-0.38274	2.5684	0.36843	0.75022	0.85604	0.52429	0.072768	-0.11679	-0.29321	-0.35888	-0.37494	-0.36655	-0.30378	-0.24729	-0.21221	-0.15594	-0.092884	0.0084058	0.046931	0.41693
920.31	0.04114	0.011743	-0.075385	-0.15288	-0.22105	-0.24929	-0.32095	-0.4236	-0.42975	-0.65765	-0.5868	-0.47646	2.6678	0.38365	0.68504	0.68852	0.49263	0.045774	-0.14511	-0.3044	-0.37752	-0.39091	-0.34982	-0.32694	-0.23716	-0.16836	-0.16106	-0.093346	0.0067072	0.034668	0.23294
919.99	0.061408	0.023555	-0.090402	-0.13085	-0.18714	-0.23242	-0.31087	-0.39626	-0.40818	-0.47401	-0.44856	-0.25212	2.677	0.4906	0.73907	0.81018	0.46032	0.0083155	-0.18024	-0.34007	-0.40076	-0.39706	-0.37449	-0.32538	-0.24113	-0.21322	-0.13297	-0.062913	0.020928	0.042756	0.058056
926.49	0.062656	0.0046285	-0.079844	-0.12343	-0.18309	-0.24674	-0.31647	-0.39762	-0.39574	-0.48807	-0.51875	-0.32752	2.65	0.4627	0.7784	0.61501	0.40665	-0.041355	-0.22885	-0.36352	-0.425	-0.4011	-0.37836	-0.32476	-0.22478	-0.20121	-0.14801	-0.091966	0.022443	0.044059	-0.060575
925.64	0.066067	0.029672	-0.072468	-0.098331	-0.18144	-0.23899	-0.28872	-0.3864	-0.37932	-0.3841	-0.34494	-0.13044	2.8008	0.6183	0.83259	0.73628	0.39378	-0.051149	-0.23936	-0.37852	-0.40488	-0.40574	-0.3657	-0.31181	-0.23116	-0.17872	-0.14815	-0.079938	0.021633	0.057746	-0.21116
926.6	0.050078	0.0061919	-0.06826	-0.12423	-0.19037	-0.23874	-0.28997	-0.37277	-0.38052	-0.46195	-0.55533	-0.24175	2.6332	0.46264	0.80502	0.56328	0.35038	-0.091845	-0.28424	-0.40396	-0.44134	-0.42495	-0.38075	-0.32885	-0.23787	-0.21817	-0.16556	-0.076831	0.01995	0.052874	-0.25679
921.59	0.060461	0.018799	-0.059487	-0.12735	-0.17307	-0.24538	-0.27668	-0.36732	-0.37456	-0.32461	-0.45699	-0.16549	2.722	0.46516	0.97942	0.61828	0.34148	-0.11016	-0.28737	-0.40096	-0.4528	-0.42125	-0.39262	-0.32482	-0.23295	-0.20716	-0.13595	-0.055197	0.028409	0.067676	-0.34198
917.76	0.05733	0.020455	-0.056397	-0.11804	-0.18208	-0.20795	-0.28098	-0.35382	-0.35598	-0.39617	-0.3201	-0.13156	2.75	0.54123	0.91161	0.73391	0.31703	-0.12314	-0.31175	-0.42176	-0.44394	-0.41526	-0.38524	-0.33619	-0.23315	-0.21619	-0.13652	-0.07528	0.021818	0.058241	-0.38153
914.13	0.060954	0.014991	-0.067515	-0.12098	-0.16986	-0.22224	-0.29472	-0.3502	-0.33877	-0.40657	-0.31211	-0.10601	2.7693	0.68398	0.91522	0.70188	0.31074	-0.14697	-0.33465	-0.44352	-0.45816	-0.43507	-0.37853	-0.31993	-0.20591	-0.19819	-0.14111	-0.055648	0.034533	0.071477	-0.41196
911.04	0.066275	0.011066	-0.058495	-0.128	-0.17693	-0.232	-0.29176	-0.35391	-0.34804	-0.44331	-0.48093	-0.14997	2.7536	0.52032	0.69201	0.72179	0.27227	-0.15738	-0.34867	-0.4529	-0.47805	-0.44262	-0.41535	-0.32942	-0.24743	-0.22025	-0.15783	-0.091218	0.016911	0.046438	-0.45912
915.31	0.051544	0.014181	-0.063243	-0.11836	-0.18164	-0.22285	-0.28252	-0.34389	-0.34238	-0.47644	-0.48796	-0.20133	2.7491	0.49313	0.64375	0.5266	0.2685	-0.16382	-0.35266	-0.45603	-0.47002	-0.44747	-0.3945	-0.33877	-0.22986	-0.20776	-0.14255	-0.070888	0.022719	0.051093	-0.43174
915.09	0.071922	0.034762	-0.057398	-0.12496	-0.17984	-0.23008	-0.27707	-0.34983	-0.33761	-0.30932	-0.26537	-0.14931	2.7247	0.72456	0.77007	0.57907	0.26102	-0.18449	-0.35915	-0.45875	-0.47344	-0.43807	-0.40939	-0.32043	-0.21741	-0.20044	-0.11994	-0.06325	0.03702	0.070589	-0.41957
922.66	0.048608	0.010927	-0.078516	-0.12965	-0.18386	-0.23887	-0.27636	-0.34447	-0.34286	-0.42026	-0.48409	-0.15669	2.7189	0.69405	0.81741	0.52241	0.24975	-0.19633	-0.37608	-0.45153	-0.48026	-0.45162	-0.40196	-0.34852	-0.21951	-0.22073	-0.14622	-0.09083	0.042553	0.060348	-0.41348
926.06	0.068552	0.039826	-0.055062	-0.10967	-0.15672	-0.21229	-0.26911	-0.33741	-0.30645	-0.38393	-0.39978	-0.096069	2.6924	0.74865	0.8411	0.56358	0.22897	-0.19738	-0.36203	-0.474	-0.4703	-0.43459	-0.41105	-0.31167	-0.23646	-0.19807	-0.1353	-0.082929	0.046552	0.06173	-0.4363
932.24	0.052274	0.016255	-0.067026	-0.11944	-0.16293	-0.23553	-0.27352	-0.34997	-0.34013	-0.35546	-0.51555	-0.23177	2.6173	0.54094	0.78243	0.60268	0.2102	-0.21192	-0.39818	-0.47856	-0.48021	-0.45037	-0.39621	-0.31782	-0.21725	-0.19434	-0.12329	-0.070353	0.036339	0.056542	-0.40131
936.39	0.068627	0.014635	-0.077365	-0.11006	-0.17575	-0.23273	-0.28232	-0.34924	-0.33546	-0.42271	-0.16865	-0.12894	2.6301	0.58698	0.85826	0.65965	0.23381	-0.20046	-0.37762	-0.45343	-0.46592	-0.41882	-0.36954	-0.30087	-0.20559	-0.18788	-0.118	-0.061811	0.033712	0.070573	-0.40283
941.18	0.060027	0.0161	-0.068831	-0.1111	-0.16498	-0.22457	-0.27245	-0.33851	-0.33061	-0.36919	-0.31216	-0.1114	2.6005	0.68038	0.78377	0.53758	0.25379	-0.16717	-0.3414	-0.43586	-0.45548	-0.41165	-0.37805	-0.28957	-0.21291	-0.18135	-0.13234	-0.060007	0.067064	0.050476	-0.31003
945.75	0.06959	0.032104	-0.062826	-0.12569	-0.1615	-0.24345	-0.2902	-0.34416	-0.34857	-0.33334	-0.43634	-0.19485	2.7412	0.58117	0.90209	0.68687	0.27605	-0.14987	-0.32579	-0.41181	-0.42116	-0.39377	-0.35075	-0.30113	-0.19146	-0.18443	-0.11371	-0.054529	0.050466	0.070658	-0.15792
945.75	0.044959	0.0037689	-0.09118	-0.13444	-0.20706	-0.25473	-0.28868	-0.36846	-0.35404	-0.4611	-0.45429	-0.094053	2.5396	0.58117	0.76255	0.58562	0.29873	-0.13512	-0.3064	-0.39578	-0.42518	-0.40464	-0.36429	-0.27035	-0.18011	-0.18364	-0.12309	-0.055271	0.03826	0.044734	0.051972
948.09	0.045665	0.006815	-0.086106	-0.14126	-0.20299	-0.27228	-0.31459	-0.38856	-0.38438	-0.42598	-0.48004	-0.21951	2.485	0.54784	0.76067	0.58417	0.31254	-0.11747	-0.27702	-0.39901	-0.41692	-0.4003	-0.35306	-0.29473	-0.19174	-0.18477	-0.11499	-0.049221	0.049528	0.059514	0.27096
942.03	0.059973	0.012241	-0.072835	-0.13258	-0.2025	-0.24877	-0.31585	-0.39919	-0.39942	-0.42018	-0.31187	-0.21249	2.7034	0.58346	0.74805	0.74888	0.37067	-0.055486	-0.24143	-0.36854	-0.39058	-0.37854	-0.34335	-0.29256	-0.19222	-0.15891	-0.1173	-0.062183	0.028607	0.049643	0.52641
938.73	0.032889	-0.0085481	-0.10247	-0.17634	-0.22662	-0.26713	-0.34615	-0.41937	-0.42604	-0.37874	-0.54815	-0.32325	2.7129	0.37612	0.80338	0.60699	0.43481	-0.00584	-0.19696	-0.32053	-0.37254	-0.3546	-0.33173	-0.26911	-0.17689	-0.18821	-0.11771	-0.051953	0.025431	0.068812	0.73772
932.13	0.038951	-0.001615	-0.11799	-0.1784	-0.23819	-0.33331	-0.35634	-0.44453	-0.45287	-0.5456	-0.51561	-0.34257	2.7321	0.45177	0.7029	0.82532	0.50528	0.064566	-0.12989	-0.29369	-0.34748	-0.34354	-0.31793	-0.26361	-0.19502	-0.17024	-0.11934	-0.052321	0.033866	0.058141	1.0311
929.04	0.034903	-0.021111	-0.11343	-0.20006	-0.27082	-0.32734	-0.41575	-0.47157	-0.50932	-0.56476	-0.60871	-0.58312	2.7084	0.22542	0.69638	0.76795	0.55314	0.11691	-0.086895	-0.24828	-0.32575	-0.34127	-0.31169	-0.27933	-0.18181	-0.16355	-0.11973	-0.05551	0.014927	0.062333	1.411
928.94	0.031563	-0.014877	-0.11345	-0.19603	-0.2754	-0.33445	-0.44297	-0.50626	-0.52531	-0.7816	-0.72761	-0.47201	2.7087	0.20103	0.67869	0.76804	0.59362	0.15492	-0.026105	-0.23113	-0.3029	-0.31152	-0.30362	-0.22988	-0.16798	-0.13533	-0.095058	-0.054008	0.023213	0.046344	1.7589
934.58	0.023063	-0.031835	-0.13653	-0.19726	-0.26379	-0.33682	-0.42563	-0.50894	-0.54192	-0.64761	-0.68688	-0.46067	2.7087	0.23219	0.56869	0.87441	0.6466	0.21371	0.027424	-0.18618	-0.25719	-0.28426	-0.27118	-0.21866	-0.16849	-0.15616	-0.11744	-0.064928	0.014839	0.045268	2.1128
944.58	0.029396	-0.013095	-0.1213	-0.21032	-0.28336	-0.3376	-0.44938	-0.54329	-0.58788	-0.55547	-0.66162	-0.49785	2.6719	0.18168	0.72857	1.0003	0.69409	0.27227	0.098575	-0.12592	-0.21267	-0.24191	-0.25397	-0.21796	-0.18034	-0.13706	-0.099749	-0.047178	0.03016	0.061307	2.4955
953.09	0.013655	-0.019817	-0.15639	-0.22423	-0.28171	-0.35009	-0.46655	-0.59471	-0.6261	-0.77026	-0.86954	-0.76843	2.488	-0.09757	0.61821	0.77366	0.70959	0.31549	0.1431	-0.090461	-0.19165	-0.23975	-0.25012	-0.20718	-0.15321	-0.13347	-0.098858	-0.059256	0.020201	0.029578	2.8553
962.13	0.013527	-0.029418	-0.16129	-0.22056	-0.29927	-0.38605	-0.45093	-0.55568	-0.63329	-0.76302	-1.0467	-0.72819	2.5043	-0.33238	0.51812	0.70006	0.74672	0.37736	0.19894	-0.036528	-0.15907	-0.19147	-0.20865	-0.16701	-0.13988	-0.12132	-0.085626	-0.036123	0.043209	0.038566	3.3152
963.72	0.032036	-0.02486	-0.14592	-0.22332	-0.30842	-0.37519	-0.47712	-0.55635	-0.64452	-0.77011	-0.87757	-0.94129	2.7692	-0.30829	0.39743	0.79826	0.77729	0.46361	0.27548	0.020668	-0.097343	-0.15997	-0.17394	-0.16276	-0.11812	-0.087674	-0.071669	-0.023703	0.022375	0.036962	3.699
963.3	0.018347	-0.029382	-0.14519	-0.24061	-0.32346	-0.40603	-0.48108	-0.61306	-0.7001	-0.8039	-1.0983	-1.0984	2.6437	-0.4811	0.26918	0.7572	0.8158	0.51068	0.33652	0.058786	-0.067431	-0.13378	-0.1748	-0.15647	-0.11001	-0.095493	-0.051732	-0.030259	0.032771	0.059344	4.151
953.62	0.035631	-0.025883	-0.14747	-0.24068	-0.31877	-0.39982	-0.49882	-0.65302	-0.74134	-0.99789	-0.91358	-1.1179	2.7026	-0.62869	0.22868	0.89878	0.83934	0.58214	0.40531	0.11127	-0.020336	-0.09202	-0.13158	-0.12271	-0.10812	-0.088602	-0.066996	-0.011461	0.026646	0.029562	4.5316
