11992	1	3	91	25.8	757	1	10	10	0.233	128	4096	10	0	0	0	0	29.824	1003.5	1.4769e+006	0.11919	0.0097458	41.31	0	0	1	0	0	0	11	0	0
931.27	0.029015	0.014326	-0.16466	-0.2543	-0.39241	-0.56805	-0.71796	-1.0057	-1.2369	-1.7344	-2.1748	-2.8899	-5.1261	-3.7782	-2.1448	-0.57826	0.32809	0.88344	0.88672	0.64873	0.44448	0.29577	0.15521	0.097599	0.063117	0.040899	0.035652	0.044663	0.069364	0.054397	9.0934
934.14	0.018122	0.018935	-0.15021	-0.30026	-0.39572	-0.57333	-0.75358	-1.0698	-1.3068	-1.8411	-2.3227	-3.0256	-5.1185	-4.3655	-2.6415	-0.73878	0.16306	0.85788	0.88163	0.68945	0.47888	0.33718	0.17326	0.11698	0.081301	0.052807	0.052175	0.040776	0.037846	0.046277	9.5797
926.8	0.022454	0.010487	-0.15884	-0.31482	-0.42347	-0.57611	-0.76422	-1.0882	-1.3666	-1.8036	-2.5518	-3.1096	-5.2331	-4.7917	-2.8849	-0.96853	0.043663	0.85051	0.88941	0.72333	0.51791	0.36545	0.20956	0.13362	0.091978	0.064547	0.056579	0.053197	0.040637	0.05546	10.084
933.5	0.008152	0.013517	-0.1339	-0.28837	-0.40776	-0.57285	-0.80432	-1.1067	-1.4083	-1.8769	-2.579	-3.2063	-5.2282	-4.9921	-3.1911	-1.2864	-0.076471	0.80483	0.87752	0.73267	0.5272	0.38315	0.2137	0.15728	0.11124	0.072915	0.070439	0.055818	0.064251	0.033572	10.547
926.69	0.014915	-0.012959	-0.14481	-0.31079	-0.43264	-0.5992	-0.79389	-1.157	-1.449	-2.0732	-2.7537	-3.4013	-5.3407	-5.4694	-3.6684	-1.6145	-0.2556	0.75671	0.87606	0.75872	0.57123	0.42095	0.23964	0.17414	0.12441	0.09448	0.072553	0.065302	0.045623	0.045846	11.054
930.95	0.01151	-0.011342	-0.14332	-0.28754	-0.41977	-0.56648	-0.84294	-1.178	-1.4837	-2.1243	-2.8597	-3.5991	-5.2753	-5.753	-3.9972	-1.7528	-0.40503	0.73033	0.88151	0.77839	0.61429	0.43092	0.26846	0.19968	0.14381	0.10129	0.082552	0.07855	0.052027	0.037655	11.578
924.99	-0.021992	-0.024727	-0.13265	-0.27719	-0.45719	-0.57901	-0.88268	-1.213	-1.5565	-2.199	-3.0525	-3.7597	-5.1939	-6.3295	-4.3885	-2.299	-0.58489	0.69954	0.8626	0.80498	0.62564	0.46532	0.29867	0.21753	0.14783	0.11005	0.10068	0.067693	0.040717	0.041112	12.034
925.52	-0.02953	-0.027842	-0.15244	-0.2998	-0.42497	-0.62302	-0.85334	-1.2412	-1.5827	-2.2151	-3.326	-3.9206	-5.331	-6.7833	-4.7513	-2.5219	-0.78487	0.62375	0.83913	0.81918	0.65236	0.49068	0.30907	0.22485	0.16011	0.11403	0.096626	0.065384	0.057323	0.029848	12.533
922.33	-0.022055	-0.026368	-0.15463	-0.27391	-0.39346	-0.62874	-0.89774	-1.2721	-1.6259	-2.2665	-3.2639	-4.1495	-5.4073	-7.1757	-5.3401	-2.9114	-1.0227	0.56094	0.81976	0.84711	0.68837	0.52496	0.33952	0.25554	0.18393	0.14124	0.10979	0.064092	0.036662	0.017063	13.013
920.51	-0.039812	-0.050025	-0.13829	-0.28835	-0.45115	-0.62195	-0.8854	-1.2929	-1.7288	-2.4372	-3.5378	-4.2008	-5.3268	-7.7072	-5.6284	-3.3419	-1.1811	0.51568	0.79588	0.85137	0.7021	0.55692	0.35982	0.26436	0.18895	0.13908	0.11403	0.087815	0.035899	0.0082169	13.506
919.45	-0.077861	-0.079227	-0.15261	-0.29523	-0.44248	-0.63517	-0.8825	-1.3752	-1.7195	-2.3611	-3.6527	-4.4476	-5.5072	-8.1601	-6.0565	-3.8318	-1.4483	0.42432	0.74574	0.87145	0.71861	0.56788	0.38152	0.29716	0.20162	0.14413	0.11496	0.070388	0.029243	0.0025698	14.01
919.34	-0.1049	-0.094993	-0.1518	-0.26825	-0.44529	-0.57364	-0.90536	-1.3387	-1.7616	-2.5367	-3.607	-4.595	-5.3917	-8.4818	-6.5057	-3.9711	-1.5893	0.38062	0.74503	0.86982	0.74842	0.58859	0.38893	0.30136	0.21254	0.16371	0.13027	0.081828	0.03092	-0.018442	14.506
917.75	-0.11185	-0.12594	-0.19714	-0.27855	-0.40187	-0.60952	-0.881	-1.3444	-1.7743	-2.6025	-3.8261	-4.7848	-5.5174	-8.9167	-6.6878	-4.265	-1.7423	0.3142	0.69837	0.8809	0.75469	0.58703	0.40109	0.30773	0.21602	0.16563	0.12243	0.070518	0.0041421	-0.020903	14.951
919.45	-0.13951	-0.14067	-0.21427	-0.31979	-0.42502	-0.59678	-0.85583	-1.3094	-1.6986	-2.5802	-3.8375	-4.7759	-5.4492	-9.2127	-7.1867	-4.4394	-1.9241	0.25917	0.68671	0.88621	0.77311	0.61948	0.40608	0.33799	0.22651	0.1694	0.13025	0.052859	0.0016249	-0.047532	15.384
918.81	-0.20383	-0.20935	-0.26195	-0.32657	-0.41244	-0.56325	-0.85093	-1.317	-1.7642	-2.6083	-3.8678	-5.004	-5.5609	-9.2602	-7.3174	-4.6596	-2.0413	0.19502	0.66084	0.88509	0.78026	0.61475	0.41783	0.32822	0.23601	0.16625	0.11504	0.050609	-0.010938	-0.05646	15.769
913.06	-0.26464	-0.28364	-0.31898	-0.38633	-0.48074	-0.60186	-0.81364	-1.2573	-1.7307	-2.5188	-3.8643	-4.905	-5.5875	-9.5504	-7.3093	-4.7938	-2.0953	0.19086	0.64171	0.90203	0.80181	0.64547	0.44355	0.33532	0.2422	0.17222	0.11496	0.053997	-0.037976	-0.073904	16.168
914.34	-0.32881	-0.3078	-0.3864	-0.50599	-0.64549	-0.82096	-0.91741	-1.2128	-1.5196	-2.4096	-3.7382	-4.5593	-5.5714	-9.0823	-7.2359	-4.6475	-2.001	0.21752	0.6753	0.89902	0.79405	0.65754	0.4347	0.33737	0.23638	0.16871	0.12694	0.042427	-0.065698	-0.11118	16.506
907.3	-0.41095	-0.48261	-0.60134	-0.61195	-0.71848	-0.90242	-1.1018	-1.3633	-1.7499	-2.2951	-3.0278	-3.8242	-5.5893	-6.3695	-5.1194	-3.3026	-1.3233	0.44629	0.77917	0.91654	0.79351	0.6147	0.42811	0.3231	0.21063	0.14688	0.08715	0.0049132	-0.11116	-0.18574	16.854
905.49	-0.6313	-0.68354	-0.80137	-0.85758	-1.1296	-1.2152	-1.1454	-1.333	-1.554	-1.4635	-1.9461	-2.0949	-5.6342	-3.0342	-2.7159	-1.6611	-0.35719	0.71369	0.89738	0.89811	0.72214	0.55306	0.37078	0.25437	0.15812	0.085932	0.013792	-0.072462	-0.22441	-0.28704	17.145
907.73	-0.68277	-0.73771	-0.85762	-0.97653	-0.99182	-1.1335	-1.1497	-1.2132	-1.0441	-0.86535	-0.97773	-1.1009	-5.5615	-1.7857	-1.4826	-0.64599	0.15177	0.84757	0.92426	0.82908	0.6551	0.48724	0.30186	0.18791	0.078938	0.014713	-0.049813	-0.1433	-0.3417	-0.43612	17.456
908.58	-0.69495	-0.73383	-0.89223	-0.92342	-0.96206	-0.94541	-0.88671	-0.95576	-0.93317	-0.78476	-0.77121	-0.9075	-5.6486	-0.83543	-0.89121	0.0045577	0.47541	0.92628	0.94357	0.76594	0.58596	0.42064	0.24027	0.13292	0.033994	-0.043866	-0.11165	-0.22183	-0.38288	-0.45534	17.745
911.78	-0.69251	-0.73761	-0.82357	-0.80626	-0.83172	-0.87098	-0.7863	-0.79444	-0.70758	-0.5258	-0.59155	-0.52098	-5.5368	-0.60031	-0.51723	0.15335	0.63591	0.94914	0.93544	0.72124	0.54143	0.3758	0.19485	0.084563	-0.0069188	-0.088099	-0.164	-0.25717	-0.4288	-0.50019	18.003
906.66	-0.67587	-0.67547	-0.75724	-0.75601	-0.73763	-0.75005	-0.72392	-0.74823	-0.6928	-0.52877	-0.46377	-0.60278	-5.6017	-0.56203	-0.45646	0.34785	0.67499	0.94816	0.94881	0.72355	0.52103	0.36658	0.18267	0.084194	-0.018791	-0.094382	-0.16737	-0.26017	-0.41	-0.48089	18.291
910.82	-0.68216	-0.68431	-0.73107	-0.72447	-0.69715	-0.73942	-0.7127	-0.73472	-0.64335	-0.51752	-0.34046	-0.49536	-5.4505	-0.59265	-0.37289	0.38131	0.67527	0.96095	0.94367	0.71411	0.52532	0.35449	0.18183	0.079605	-0.014779	-0.098065	-0.16173	-0.27129	-0.43009	-0.49419	18.523
905.49	-0.6836	-0.70674	-0.74722	-0.73205	-0.677	-0.67941	-0.62689	-0.6849	-0.63651	-0.51167	-0.41749	-0.49828	-5.5584	-0.66294	-0.46617	0.2778	0.67671	0.95664	0.94679	0.72801	0.52841	0.36618	0.19204	0.076689	-0.021974	-0.089538	-0.15533	-0.24658	-0.43007	-0.49874	18.759
904.42	-0.64835	-0.64511	-0.69982	-0.67965	-0.65724	-0.69019	-0.65474	-0.72467	-0.64626	-0.52118	-0.50247	-0.66573	-5.5228	-0.52162	-0.43024	0.25167	0.67327	0.9623	0.95115	0.72799	0.5198	0.36924	0.20309	0.097109	-0.0085558	-0.091302	-0.15961	-0.2399	-0.4025	-0.45168	18.902
901.65	-0.65465	-0.65432	-0.69517	-0.66755	-0.59928	-0.62586	-0.61996	-0.67846	-0.59491	-0.34411	-0.41927	-0.38588	-5.506	-0.55676	-0.34009	0.3144	0.70083	0.95889	0.95082	0.72845	0.5315	0.36511	0.19453	0.085511	-0.014929	-0.089919	-0.15599	-0.26395	-0.42764	-0.4951	19.086
904.21	-0.69402	-0.68211	-0.72116	-0.69147	-0.6658	-0.7067	-0.63256	-0.69264	-0.62187	-0.42331	-0.44624	-0.37599	-5.4482	-0.52174	-0.3209	0.47236	0.68529	0.96162	0.95949	0.7414	0.55352	0.37807	0.19565	0.091201	0.0025164	-0.06397	-0.13919	-0.25623	-0.42473	-0.48877	19.23
900.27	-0.67291	-0.64246	-0.69709	-0.70202	-0.67998	-0.71435	-0.66177	-0.72206	-0.6402	-0.55937	-0.55196	-0.51882	-5.6246	-0.6164	-0.35893	0.11984	0.68829	0.97587	0.96614	0.7544	0.55341	0.40608	0.21323	0.10437	0.0088828	-0.082566	-0.13898	-0.24334	-0.41718	-0.49503	19.328
894.08	-0.66454	-0.63151	-0.68049	-0.68415	-0.65539	-0.67706	-0.6486	-0.73305	-0.65953	-0.48217	-0.59377	-0.42467	-5.5355	-0.56992	-0.50901	0.14745	0.66478	0.97802	0.96298	0.75694	0.55894	0.3965	0.20797	0.10766	0.013745	-0.0714	-0.14573	-0.24032	-0.40113	-0.47353	19.435
893.02	-0.68881	-0.67525	-0.71819	-0.68918	-0.64293	-0.68155	-0.63161	-0.68846	-0.62055	-0.50979	-0.35675	-0.48746	-5.4994	-0.52828	-0.40803	0.35317	0.67501	0.97276	0.96741	0.7489	0.57321	0.39344	0.2099	0.10092	-0.0086667	-0.084075	-0.14922	-0.25787	-0.44729	-0.50072	19.541
891.2	-0.64403	-0.64005	-0.67753	-0.64919	-0.61579	-0.6378	-0.62237	-0.6847	-0.64754	-0.40238	-0.35747	-0.55083	-5.4593	-0.46997	-0.49214	0.41657	0.67294	0.97105	0.96856	0.74685	0.55989	0.39069	0.2061	0.097689	-0.0062764	-0.074995	-0.16446	-0.26547	-0.42488	-0.50841	19.584
890.88	-0.70091	-0.67443	-0.71217	-0.70857	-0.64352	-0.67028	-0.62583	-0.68495	-0.60044	-0.52006	-0.33855	-0.44403	-5.5383	-0.53803	-0.51084	0.24653	0.67834	0.99351	0.97796	0.76861	0.57288	0.40414	0.22054	0.11578	0.014596	-0.061563	-0.14542	-0.25219	-0.41726	-0.50692	19.608
880.96	-0.65857	-0.65243	-0.69063	-0.64563	-0.61336	-0.65453	-0.62469	-0.68049	-0.59881	-0.40705	-0.45802	-0.44002	-5.6353	-0.39819	-0.40426	0.14965	0.68598	0.987	0.97233	0.75644	0.56812	0.39792	0.21534	0.11622	0.0082645	-0.074166	-0.14202	-0.24549	-0.40624	-0.47384	19.602
878.93	-0.65037	-0.64157	-0.69396	-0.65654	-0.62727	-0.65418	-0.62614	-0.67334	-0.5741	-0.44465	-0.31417	-0.39586	-5.7871	-0.43351	-0.38641	0.33159	0.68844	0.97714	0.97457	0.74819	0.55734	0.38895	0.20556	0.09644	-0.0031076	-0.070927	-0.15413	-0.26678	-0.41418	-0.47239	19.602
888	-0.63498	-0.61055	-0.6748	-0.66086	-0.62182	-0.63178	-0.59213	-0.66388	-0.59239	-0.30405	-0.36834	-0.4097	-5.6937	-0.41205	-0.29889	0.24733	0.67968	0.9764	0.96627	0.76032	0.56105	0.401	0.20346	0.098041	0.0017558	-0.079486	-0.14756	-0.25775	-0.40735	-0.46757	19.581
874.88	-0.6525	-0.60233	-0.65865	-0.65098	-0.63115	-0.64314	-0.58205	-0.66683	-0.58352	-0.36386	-0.4321	-0.44308	-5.6919	-0.45281	-0.39763	0.26017	0.70301	0.99387	0.98663	0.76626	0.56947	0.4034	0.21339	0.11002	0.010775	-0.068685	-0.13625	-0.25521	-0.41082	-0.48138	19.596
877.12	-0.63844	-0.63464	-0.67531	-0.6785	-0.64784	-0.66489	-0.64716	-0.69395	-0.60987	-0.56496	-0.36321	-0.58684	-5.5295	-0.4689	-0.38721	0.33227	0.67763	0.99694	0.98077	0.76794	0.58014	0.40417	0.23344	0.10537	0.011564	-0.0668	-0.14349	-0.23378	-0.39924	-0.45728	19.602
870.39	-0.60412	-0.6254	-0.63916	-0.65261	-0.6276	-0.6804	-0.63394	-0.66762	-0.60948	-0.25467	-0.43433	-0.57313	-5.6599	-0.47253	-0.23859	0.27984	0.69431	0.99804	0.97654	0.75829	0.5663	0.37823	0.21017	0.098266	-0.0047823	-0.079371	-0.1565	-0.24284	-0.37315	-0.43776	19.522
878.08	-0.61652	-0.6158	-0.66497	-0.63575	-0.60864	-0.62957	-0.60128	-0.66265	-0.57887	-0.50013	-0.27579	-0.28768	-5.7406	-0.52864	-0.39618	0.4319	0.71528	0.97435	0.96382	0.72983	0.54924	0.37852	0.19204	0.080829	-0.0088141	-0.079529	-0.14417	-0.25268	-0.39705	-0.47708	19.379
874.24	-0.6512	-0.6417	-0.70645	-0.65921	-0.64321	-0.6314	-0.5965	-0.68747	-0.60172	-0.46547	-0.32556	-0.41615	-5.6874	-0.36667	-0.43565	0.38814	0.7009	0.973	0.97141	0.73578	0.54036	0.37656	0.19805	0.10046	-0.0072159	-0.06702	-0.14058	-0.25059	-0.40408	-0.47663	19.126
870.29	-0.6149	-0.61882	-0.62339	-0.64231	-0.58884	-0.64559	-0.63401	-0.67475	-0.61805	-0.44907	-0.38561	-0.41804	-5.6255	-0.48127	-0.16281	0.37157	0.72697	0.98685	0.95054	0.72445	0.52448	0.36555	0.19895	0.089474	-0.0023171	-0.076797	-0.15226	-0.2332	-0.39265	-0.44379	18.878
870.82	-0.59223	-0.57186	-0.60893	-0.60129	-0.58072	-0.6056	-0.57813	-0.66906	-0.58029	-0.44879	-0.41462	-0.46338	-5.771	-0.507	-0.46578	0.33468	0.73708	0.96739	0.95754	0.71576	0.52329	0.36442	0.18413	0.085901	-0.017101	-0.085357	-0.14368	-0.24594	-0.37473	-0.43669	18.67
869.33	-0.5995	-0.58368	-0.67784	-0.64388	-0.58949	-0.5972	-0.57166	-0.64817	-0.61704	-0.31984	-0.52276	-0.40937	-5.7019	-0.60355	-0.23888	0.28936	0.73394	0.98038	0.95412	0.73076	0.52856	0.36232	0.19571	0.073712	-0.0039658	-0.086365	-0.14903	-0.23991	-0.39043	-0.4289	18.425
872.74	-0.56068	-0.55152	-0.6111	-0.6129	-0.58525	-0.62966	-0.57769	-0.65705	-0.58665	-0.36475	-0.36503	-0.39867	-5.6272	-0.53188	-0.30411	0.35225	0.75565	0.98031	0.94786	0.69681	0.50648	0.34369	0.1613	0.078688	-0.012965	-0.080016	-0.13234	-0.22693	-0.36598	-0.43318	18.168
868.47	-0.63585	-0.63679	-0.69615	-0.66965	-0.61829	-0.64032	-0.56641	-0.64087	-0.55801	-0.32016	-0.46461	-0.40977	-5.7514	-0.49097	-0.28661	0.34478	0.75407	0.97473	0.95421	0.69656	0.5046	0.33991	0.15863	0.071137	-0.030324	-0.10889	-0.14577	-0.25548	-0.38993	-0.46268	17.923
864.95	-0.61959	-0.63938	-0.69455	-0.68717	-0.62276	-0.63154	-0.59957	-0.6426	-0.59706	-0.47978	-0.40761	-0.47571	-5.7572	-0.61534	-0.22103	0.4938	0.77574	0.96637	0.93266	0.68556	0.49173	0.34221	0.17233	0.078512	-0.0089479	-0.092869	-0.13439	-0.22249	-0.38173	-0.42763	17.652
864.41	-0.58315	-0.56186	-0.63738	-0.61271	-0.57525	-0.63383	-0.59911	-0.66338	-0.58545	-0.35893	-0.28999	-0.476	-5.7167	-0.65071	-0.31658	0.48488	0.77356	0.97646	0.93154	0.69244	0.48501	0.33145	0.16024	0.060834	-0.021365	-0.080787	-0.13961	-0.22668	-0.35793	-0.42188	17.337
860.46	-0.56327	-0.54845	-0.62517	-0.62777	-0.58476	-0.62434	-0.60018	-0.63526	-0.58384	-0.42611	-0.39985	-0.37664	-5.6809	-0.70642	-0.2126	0.50566	0.7967	0.98476	0.93326	0.67244	0.47399	0.31367	0.15048	0.041527	-0.022293	-0.098578	-0.14541	-0.23098	-0.36136	-0.41777	17.013
864.52	-0.60553	-0.60535	-0.6373	-0.63179	-0.58984	-0.59957	-0.57317	-0.64646	-0.54773	-0.34958	-0.34887	-0.54028	-5.6366	-0.61565	-0.30701	0.51251	0.78056	0.96969	0.91276	0.65266	0.45947	0.30214	0.14891	0.051081	-0.025498	-0.092047	-0.16098	-0.23881	-0.37391	-0.433	16.718
861.85	-0.57497	-0.58706	-0.60549	-0.61104	-0.60147	-0.66429	-0.63771	-0.65469	-0.61638	-0.3974	-0.42877	-0.48665	-5.7779	-0.75792	-0.27923	0.5141	0.79187	0.95651	0.91814	0.66117	0.46266	0.30307	0.14151	0.055683	-0.018938	-0.078418	-0.13573	-0.2241	-0.34113	-0.40762	16.335
863.99	-0.54479	-0.54369	-0.59247	-0.59646	-0.5902	-0.58759	-0.58354	-0.68588	-0.60629	-0.49897	-0.54564	-0.50384	-5.5783	-0.8523	-0.31674	0.47588	0.75267	0.96269	0.90483	0.65307	0.45185	0.29958	0.1307	0.04313	-0.022202	-0.077357	-0.13625	-0.1903	-0.32515	-0.38339	15.994
867.4	-0.5516	-0.54322	-0.66168	-0.5863	-0.60833	-0.61934	-0.62614	-0.64784	-0.6312	-0.39485	-0.34771	-0.54763	-5.7322	-0.87509	-0.39155	0.3636	0.77178	0.94943	0.91142	0.64314	0.45532	0.30205	0.13886	0.079172	-0.022939	-0.071004	-0.11695	-0.2049	-0.31145	-0.3716	15.569
860.89	-0.50797	-0.48339	-0.52163	-0.59598	-0.58742	-0.62212	-0.6158	-0.70525	-0.72105	-0.49141	-0.64626	-0.88395	-5.5895	-1.1276	-0.81604	0.34782	0.68863	0.9509	0.90724	0.63595	0.46759	0.30525	0.15128	0.069983	-0.0023424	-0.06893	-0.11096	-0.1861	-0.31202	-0.36923	15.144
861.64	-0.46247	-0.46952	-0.53096	-0.55877	-0.62613	-0.7359	-0.74585	-0.93848	-0.83032	-0.74338	-0.85265	-0.79099	-5.8502	-1.1442	-0.9302	0.2549	0.64269	0.94817	0.94305	0.68726	0.48569	0.32609	0.17736	0.085039	0.021732	-0.029729	-0.075661	-0.13308	-0.25102	-0.29217	14.747
860.78	-0.37904	-0.42624	-0.56797	-0.63016	-0.6778	-0.66606	-0.67453	-0.88067	-0.84404	-0.72541	-0.80416	-1.2717	-5.7319	-1.5405	-1.1036	0.1717	0.58636	0.94625	0.94058	0.68424	0.51528	0.34754	0.18278	0.096694	0.034219	-0.0018969	-0.043935	-0.10309	-0.19852	-0.24412	14.315
863.88	-0.41902	-0.46747	-0.5553	-0.61309	-0.69102	-0.70358	-0.71719	-0.85623	-0.73911	-0.76008	-1.0372	-1.2303	-5.8438	-1.8501	-1.1665	0.060243	0.55056	0.94001	0.93636	0.68179	0.48706	0.33348	0.17603	0.093687	0.031612	-0.013169	-0.044634	-0.094609	-0.20493	-0.24668	13.841
859.29	-0.42036	-0.44552	-0.56985	-0.60848	-0.65243	-0.71212	-0.76215	-0.76541	-0.82571	-0.79227	-1.0032	-1.2276	-5.7597	-1.9215	-1.2975	0.041983	0.51249	0.9393	0.94051	0.70029	0.49762	0.34907	0.16909	0.10845	0.033446	-0.0071338	-0.032819	-0.091038	-0.16483	-0.22898	13.385
860.14	-0.34592	-0.33983	-0.46597	-0.53087	-0.48871	-0.57017	-0.60963	-0.77623	-0.83091	-1.1474	-1.4563	-1.6882	-5.816	-2.4998	-1.4592	-0.05084	0.46032	0.91451	0.92167	0.66805	0.483	0.32574	0.17329	0.1119	0.038401	-0.005385	-0.038809	-0.083615	-0.1602	-0.21148	12.935
860.35	-0.27454	-0.29428	-0.43736	-0.47037	-0.51805	-0.69979	-0.68241	-0.74665	-0.87026	-0.84747	-1.4955	-1.6324	-5.9476	-2.5343	-1.5355	-0.16213	0.44863	0.91047	0.89757	0.69386	0.48553	0.33577	0.18112	0.10476	0.061669	0.0085546	-0.016441	-0.072192	-0.12438	-0.15356	12.459
874.02	-0.27557	-0.26896	-0.34374	-0.35277	-0.37364	-0.46157	-0.5232	-0.78494	-0.90151	-1.0554	-1.5206	-1.8431	-5.6364	-2.6158	-1.6908	-0.30569	0.42496	0.89623	0.89024	0.64922	0.46577	0.32057	0.17312	0.10312	0.045157	0.0032755	-0.022107	-0.047011	-0.11803	-0.15286	11.971
862.92	-0.12705	-0.10456	-0.20345	-0.27619	-0.39901	-0.575	-0.68707	-0.89003	-0.98941	-1.3303	-1.6288	-2.1614	-5.815	-3.1926	-2.028	-0.39286	0.33366	0.90205	0.9119	0.69457	0.4964	0.34943	0.18408	0.10622	0.063973	0.023294	0.011901	-0.0078271	-0.049992	-0.069588	11.508
870.39	-0.0064225	0.0095035	-0.11985	-0.20723	-0.35772	-0.45689	-0.64139	-0.9352	-1.2036	-1.6336	-2.1709	-3.019	-5.765	-4.3465	-2.7402	-0.87542	0.11251	0.85941	0.9066	0.72986	0.51483	0.36187	0.20498	0.13171	0.095473	0.046343	0.033047	0.024441	0.0052527	0.0027163	11.027
861.85	0.021443	0.01464	-0.12014	-0.23111	-0.34558	-0.48333	-0.69461	-1.0209	-1.273	-1.6965	-2.4288	-3.1319	-5.9284	-4.5826	-2.6908	-0.96742	0.070952	0.86412	0.91729	0.75006	0.54548	0.36271	0.21924	0.14102	0.099739	0.059847	0.040242	0.053141	0.041912	0.051882	10.525
872.21	0.044335	0.051002	-0.11169	-0.24304	-0.34051	-0.51711	-0.67975	-1.0202	-1.2545	-1.7133	-2.3611	-3.0674	-5.8055	-4.2681	-2.4508	-0.71805	0.15531	0.8708	0.9106	0.70638	0.51288	0.35205	0.19937	0.13407	0.098554	0.072025	0.05164	0.042869	0.058178	0.066599	10.055
870.93	0.034592	0.0094977	-0.10482	-0.2434	-0.3672	-0.51316	-0.69731	-1.0085	-1.2538	-1.8268	-2.2085	-3.081	-5.7703	-3.9358	-2.5491	-0.61832	0.23823	0.8881	0.90268	0.6836	0.47702	0.32806	0.17979	0.1158	0.078988	0.042871	0.037275	0.045346	0.051196	0.047075	9.5797
873.49	0.023824	0.01859	-0.1431	-0.25647	-0.36129	-0.52199	-0.70352	-1.0073	-1.2214	-1.7108	-2.0757	-2.9174	-5.9192	-3.6906	-2.0129	-0.32414	0.3647	0.8902	0.90086	0.65144	0.45562	0.31171	0.14135	0.091778	0.064019	0.040173	0.029544	0.025158	0.068666	0.046937	9.0631
877.44	0.05292	0.028413	-0.10928	-0.25103	-0.36833	-0.50094	-0.68227	-0.94952	-1.1585	-1.6113	-1.9695	-2.7051	-5.797	-3.5103	-1.9568	-0.16808	0.45212	0.90771	0.88009	0.61486	0.42848	0.27606	0.14671	0.080888	0.041719	0.037429	0.031097	0.041815	0.066602	0.061121	8.6083
879.47	0.032491	0.026699	-0.12645	-0.2436	-0.34634	-0.49138	-0.65528	-0.92904	-1.1281	-1.5984	-1.9361	-2.3556	-5.801	-3.1068	-1.5584	-0.040637	0.56084	0.89348	0.86639	0.57624	0.38604	0.23856	0.096734	0.06502	0.030237	0.0041086	0.022611	0.023394	0.065572	0.061826	8.1004
882.77	0.042923	0.023316	-0.13205	-0.23502	-0.35366	-0.48117	-0.65037	-0.90993	-1.0585	-1.5559	-1.8326	-2.1218	-5.641	-2.6498	-1.2256	0.086076	0.64726	0.89106	0.82492	0.52526	0.33384	0.20094	0.066528	0.026591	0.0058182	-0.0094911	-0.0017764	0.025687	0.053997	0.059912	7.6119
884.7	0.041955	0.0036193	-0.13609	-0.23621	-0.32328	-0.46714	-0.61309	-0.86293	-1.0119	-1.3522	-1.6655	-1.9825	-5.8012	-2.2253	-0.99919	0.26628	0.72812	0.88263	0.79742	0.48444	0.28334	0.15939	0.033199	0.010948	-0.01279	-0.036579	-0.0017726	0.0066219	0.054747	0.062301	7.0778
888	0.054914	0.019918	-0.12092	-0.23872	-0.30781	-0.44044	-0.57588	-0.83211	-0.96396	-1.32	-1.5445	-1.8141	-5.7108	-2.0042	-0.66109	0.59781	0.79184	0.86086	0.74489	0.4359	0.24123	0.13298	0.023752	-0.02878	-0.021602	-0.026315	-0.014262	-0.00050363	0.044145	0.056211	6.6374
892.48	0.052028	0.030369	-0.10658	-0.24258	-0.32236	-0.44374	-0.56572	-0.79445	-0.92348	-1.187	-1.4606	-1.6893	-5.6394	-1.7145	-0.4822	0.57694	0.83164	0.84458	0.71567	0.38811	0.19493	0.091558	-0.0025133	-0.036362	-0.038323	-0.042138	-0.019165	0.01677	0.047372	0.058426	6.1272
895.58	0.037976	0.011663	-0.11049	-0.21905	-0.3052	-0.41563	-0.55088	-0.75407	-0.85916	-1.003	-1.247	-1.4795	-5.7136	-1.4132	-0.2411	0.54819	0.85785	0.80592	0.66897	0.34221	0.14847	0.062105	-0.042847	-0.062755	-0.048574	-0.067934	-0.033967	-0.010671	0.054082	0.04329	5.644
899.41	0.045584	0.0043664	-0.12365	-0.20389	-0.30202	-0.39196	-0.51244	-0.72956	-0.7938	-0.83753	-1.0434	-1.376	-5.6638	-1.1802	-0.029155	0.88304	0.8559	0.77145	0.62534	0.28929	0.13095	0.010849	-0.062752	-0.074412	-0.073019	-0.063479	-0.051918	-0.019975	0.046152	0.048888	5.1819
899.31	0.04386	0.02611	-0.11429	-0.21647	-0.28233	-0.38926	-0.49486	-0.68449	-0.7577	-0.73016	-0.92079	-1.1377	-5.6221	-0.81882	0.20011	0.90977	0.87218	0.72316	0.55609	0.22454	0.071858	-0.026076	-0.093728	-0.099125	-0.088138	-0.10099	-0.062619	-0.014522	0.052147	0.047242	4.7045
903.36	0.047962	0.0051471	-0.10784	-0.20633	-0.27545	-0.37571	-0.47428	-0.66785	-0.74611	-0.73579	-0.98246	-1.1765	-5.5969	-0.73145	0.30877	1.0028	0.85894	0.68267	0.50082	0.18113	0.032868	-0.056594	-0.11247	-0.11225	-0.1107	-0.090579	-0.060699	-0.008252	0.04595	0.049498	4.2906
906.98	0.056333	0.032279	-0.11163	-0.19057	-0.25944	-0.35791	-0.43501	-0.63393	-0.68114	-0.77727	-0.75384	-0.92661	-5.6838	-0.3951	0.41667	1.0252	0.8724	0.59577	0.41632	0.12234	-0.025033	-0.086012	-0.14356	-0.13799	-0.11894	-0.11005	-0.080033	-0.024443	0.047464	0.050938	3.8871
906.56	0.047794	0.019511	-0.11084	-0.17239	-0.24558	-0.35265	-0.43283	-0.60212	-0.63494	-0.66212	-0.6137	-0.85695	-5.7033	-0.32024	0.47145	1.0257	0.85507	0.55983	0.39144	0.084544	-0.051849	-0.12181	-0.18182	-0.16594	-0.15686	-0.12498	-0.087416	-0.036048	0.032206	0.059158	3.4593
913.16	0.044898	0.029681	-0.10752	-0.18928	-0.25306	-0.32763	-0.40837	-0.56085	-0.62468	-0.56912	-0.64645	-0.67677	-5.5785	-0.069553	0.68481	0.9746	0.83043	0.50275	0.30185	0.035866	-0.093053	-0.14951	-0.20276	-0.18236	-0.14241	-0.12572	-0.094076	-0.039625	0.045457	0.064427	3.0921
912.84	0.056822	0.018583	-0.096647	-0.17945	-0.21612	-0.32504	-0.3935	-0.54929	-0.59653	-0.53401	-0.46993	-0.51168	-5.5304	0.029833	0.60373	0.9837	0.80134	0.43818	0.24651	-0.014827	-0.13634	-0.18594	-0.23747	-0.2076	-0.15108	-0.13726	-0.1014	-0.051921	0.041259	0.065263	2.7157
915.72	0.032052	0.030387	-0.098018	-0.16573	-0.22375	-0.32223	-0.38675	-0.51494	-0.5575	-0.60271	-0.57974	-0.48404	-5.4463	0.15358	0.6829	0.98061	0.76787	0.40095	0.19447	-0.067069	-0.17655	-0.20694	-0.23508	-0.20193	-0.17013	-0.14747	-0.10674	-0.034158	0.036926	0.050452	2.3786
918.49	0.040408	0.020047	-0.10022	-0.16277	-0.21755	-0.30338	-0.36909	-0.53841	-0.52924	-0.47812	-0.44856	-0.50853	-5.6209	0.20249	0.71675	0.90813	0.72051	0.32646	0.13	-0.10423	-0.21322	-0.23128	-0.25076	-0.22801	-0.18286	-0.16579	-0.11447	-0.053891	0.031788	0.045447	2.0369
916.15	0.043054	0.031164	-0.077902	-0.14758	-0.20243	-0.27728	-0.32674	-0.50383	-0.49829	-0.40901	-0.38483	-0.38844	-5.5937	0.24428	0.82661	0.91918	0.66549	0.26099	0.05667	-0.15153	-0.23697	-0.26208	-0.28262	-0.23612	-0.19348	-0.18257	-0.1293	-0.061677	0.018429	0.049619	1.762
922.01	0.044467	0.018399	-0.087379	-0.1646	-0.19931	-0.27641	-0.33874	-0.50146	-0.47025	-0.48503	-0.29949	-0.29121	-5.4919	0.43133	0.91977	0.99989	0.61556	0.19346	-0.0025607	-0.2051	-0.29476	-0.28529	-0.29471	-0.26287	-0.18449	-0.17653	-0.12046	-0.050644	0.042517	0.046079	1.4733
922.64	0.037703	0.012107	-0.085657	-0.15715	-0.19368	-0.27711	-0.32366	-0.45212	-0.44025	-0.49344	-0.27165	-0.21351	-5.4055	0.47199	0.85656	0.85214	0.57362	0.14706	-0.050261	-0.24474	-0.31267	-0.3048	-0.31408	-0.25937	-0.21692	-0.19185	-0.12759	-0.059725	0.035816	0.053294	1.1831
923.82	0.051943	0.023851	-0.093013	-0.1325	-0.19069	-0.25721	-0.31466	-0.46233	-0.43169	-0.41433	-0.25293	-0.092862	-5.4977	0.65143	0.89118	0.94608	0.53308	0.082012	-0.10657	-0.28849	-0.34515	-0.33352	-0.33405	-0.27645	-0.20116	-0.18187	-0.13864	-0.071784	0.029939	0.047598	0.93229
926.16	0.052651	0.012058	-0.081197	-0.12973	-0.1747	-0.23795	-0.30997	-0.42807	-0.39385	-0.30022	-0.12396	-0.084055	-5.4756	0.64164	0.90673	0.84891	0.46473	0.017107	-0.16808	-0.31706	-0.37543	-0.36938	-0.35353	-0.28899	-0.24158	-0.19274	-0.13669	-0.072359	0.024878	0.053092	0.7134
923.92	0.039332	0.023063	-0.091343	-0.13249	-0.16963	-0.23586	-0.30135	-0.42413	-0.36918	-0.26607	-0.24374	-0.067056	-5.2907	0.65955	1.1142	0.91144	0.41777	-0.012171	-0.21056	-0.33769	-0.39607	-0.3814	-0.36253	-0.30793	-0.22204	-0.20537	-0.13302	-0.059639	0.015776	0.054025	0.55225
930.84	0.047381	0.023669	-0.093133	-0.12018	-0.15203	-0.23499	-0.27432	-0.40123	-0.35293	-0.27274	-0.10508	-0.058013	-5.4152	0.68712	0.96418	0.83607	0.33153	-0.10467	-0.26967	-0.39433	-0.42657	-0.39046	-0.38733	-0.31716	-0.22807	-0.20546	-0.13759	-0.076512	0.0479	0.060009	0.30441
928.5	0.039975	0.02763	-0.082642	-0.11238	-0.15332	-0.24088	-0.28977	-0.41132	-0.34505	-0.16934	-0.13278	0.061598	-5.585	0.697	0.97551	0.71787	0.32494	-0.12438	-0.29642	-0.41166	-0.44318	-0.40592	-0.39641	-0.33447	-0.24945	-0.20678	-0.1467	-0.073686	0.036418	0.063361	0.12649
932.33	0.036478	0.041499	-0.077371	-0.1426	-0.14907	-0.23901	-0.27078	-0.38415	-0.3357	-0.22912	-0.095792	0.14655	-5.3248	0.69414	1.0953	0.72345	0.24965	-0.18198	-0.36601	-0.45448	-0.47068	-0.43055	-0.40689	-0.33638	-0.23385	-0.22522	-0.13975	-0.06737	0.029666	0.051147	-0.0058193
931.48	0.048182	0.036094	-0.070863	-0.12495	-0.15737	-0.22601	-0.27103	-0.37052	-0.32091	-0.21202	-0.09588	0.0017057	-5.3624	0.76781	0.92811	0.80124	0.25728	-0.17686	-0.37343	-0.46089	-0.47764	-0.43009	-0.41454	-0.34573	-0.24558	-0.20451	-0.14464	-0.068185	0.044563	0.067944	-0.13358
931.59	0.038174	0.024429	-0.0725	-0.12251	-0.14375	-0.21189	-0.2679	-0.36883	-0.31691	-0.22064	-0.022954	0.078454	-5.3781	0.78396	0.91915	0.79257	0.18489	-0.23852	-0.41355	-0.50624	-0.49796	-0.45381	-0.41611	-0.35227	-0.24939	-0.21816	-0.16448	-0.074947	0.023907	0.048794	-0.23549
934.78	0.039704	0.032092	-0.055861	-0.12048	-0.15049	-0.23487	-0.26776	-0.35528	-0.30395	-0.31467	-0.041051	0.12918	-5.319	0.83791	1.066	0.65327	0.16459	-0.24121	-0.42469	-0.48402	-0.49788	-0.44718	-0.42113	-0.34533	-0.24471	-0.22303	-0.16946	-0.061946	0.034528	0.045449	-0.31612
934.14	0.055526	0.035991	-0.076402	-0.098807	-0.15149	-0.19286	-0.26485	-0.36126	-0.29624	-0.25454	0.031636	0.027214	-5.2736	0.8061	0.89017	0.79893	0.14993	-0.26862	-0.44304	-0.5134	-0.5096	-0.45595	-0.43914	-0.32916	-0.23722	-0.23602	-0.16403	-0.077741	0.046084	0.049457	-0.35263
936.91	0.04293	0.033566	-0.063094	-0.11057	-0.16818	-0.20806	-0.2556	-0.35202	-0.29379	-0.11623	-0.068167	0.14583	-5.2906	0.88441	0.90514	0.66031	0.11351	-0.29586	-0.47696	-0.5238	-0.50729	-0.45629	-0.42499	-0.36253	-0.25484	-0.23292	-0.15407	-0.061058	0.021307	0.053277	-0.42565
935.74	0.042152	0.030512	-0.054167	-0.095419	-0.14672	-0.232	-0.2382	-0.35164	-0.28467	-0.090547	0.058808	0.13753	-5.3217	0.94206	1.0209	0.5929	0.11693	-0.30851	-0.47285	-0.52702	-0.53714	-0.46193	-0.44563	-0.35808	-0.25669	-0.2244	-0.15268	-0.074613	0.028734	0.046198	-0.44695
938.83	0.042014	0.03427	-0.0597	-0.10232	-0.14084	-0.22075	-0.24586	-0.35538	-0.27428	-0.16747	-0.08609	0.20476	-5.2879	0.94703	0.95599	0.66746	0.13205	-0.29875	-0.45411	-0.51679	-0.52567	-0.46547	-0.43294	-0.34711	-0.24442	-0.21089	-0.1577	-0.072128	0.030278	0.061082	-0.43934
940.42	0.057632	0.041143	-0.066116	-0.13497	-0.11813	-0.21776	-0.25158	-0.3393	-0.2864	-0.072975	0.022417	0.17907	-5.2303	0.91325	1.1824	0.82755	0.12205	-0.30785	-0.46738	-0.521	-0.51912	-0.46636	-0.43941	-0.33267	-0.24933	-0.22249	-0.15664	-0.057104	0.045777	0.063349	-0.41196
938.83	0.04946	0.040441	-0.064596	-0.10473	-0.13724	-0.21725	-0.24433	-0.35375	-0.30107	-0.24468	-0.022777	0.052464	-5.1823	0.74571	0.76272	0.70146	0.15327	-0.2769	-0.45645	-0.52188	-0.51515	-0.45284	-0.43054	-0.38791	-0.26118	-0.22845	-0.14588	-0.072128	0.03192	0.053959	-0.42261
940.1	0.060954	0.034223	-0.059618	-0.10459	-0.1784	-0.21346	-0.24937	-0.35979	-0.292	-0.22722	0.0043358	0.21293	-5.2321	0.84119	0.8231	0.70901	0.15958	-0.25731	-0.43321	-0.51354	-0.51445	-0.45979	-0.42355	-0.31811	-0.25474	-0.21619	-0.14882	-0.07054	0.042518	0.057047	-0.43478
939.78	0.05354	0.024986	-0.05638	-0.10702	-0.14249	-0.20917	-0.25482	-0.36317	-0.30942	-0.15015	-0.013724	0.12849	-5.1689	0.8254	0.93747	0.69224	0.20529	-0.2146	-0.39979	-0.48484	-0.48715	-0.45153	-0.39646	-0.34349	-0.24721	-0.22423	-0.14809	-0.078766	0.039256	0.056277	-0.37393
940.32	0.038646	0.031135	-0.06368	-0.12698	-0.13253	-0.23698	-0.26925	-0.37763	-0.32655	-0.16721	-0.11306	0.043937	-5.312	0.69628	0.98079	0.71731	0.25487	-0.20138	-0.35588	-0.45571	-0.47799	-0.42353	-0.40504	-0.34085	-0.23262	-0.21773	-0.1362	-0.067544	0.017955	0.062565	-0.20964
941.81	0.041059	0.025701	-0.082289	-0.12198	-0.15564	-0.25491	-0.26576	-0.40144	-0.33861	-0.29523	-0.3022	0.13664	-5.2307	0.71927	0.97924	0.72465	0.30327	-0.14529	-0.32572	-0.42279	-0.45144	-0.40942	-0.39241	-0.30778	-0.1996	-0.2142	-0.13756	-0.059997	0.017928	0.050634	0.024597
940	0.045267	0.035767	-0.074297	-0.13262	-0.16583	-0.25889	-0.28622	-0.40954	-0.36287	-0.19298	-0.15824	0.052398	-5.2002	0.66435	0.9548	0.80246	0.34868	-0.094046	-0.28655	-0.40662	-0.44584	-0.39759	-0.38276	-0.29777	-0.22966	-0.20983	-0.13074	-0.070548	0.036791	0.063377	0.19949
942.23	0.033623	0.018772	-0.071681	-0.11953	-0.16185	-0.27832	-0.30238	-0.40369	-0.37928	-0.22671	-0.21195	-0.057311	-5.1879	0.75905	1.0488	0.82596	0.44624	0.00636	-0.19791	-0.35145	-0.39482	-0.37315	-0.36667	-0.30357	-0.22304	-0.21093	-0.132	-0.061456	0.035071	0.058494	0.42758
939.57	0.056031	0.028075	-0.086561	-0.13268	-0.1677	-0.25377	-0.30708	-0.44479	-0.39768	-0.35594	-0.25774	-0.19277	-5.2756	0.68879	0.97281	0.92173	0.46299	0.015989	-0.17895	-0.33121	-0.36442	-0.3498	-0.35649	-0.28731	-0.2054	-0.186	-0.1119	-0.06163	0.044178	0.066571	0.63891
942.44	0.064099	0.034905	-0.069226	-0.13547	-0.20395	-0.26171	-0.32145	-0.454	-0.42002	-0.38904	-0.2209	-0.091027	-5.3324	0.49416	0.96984	0.89353	0.50548	0.073422	-0.12003	-0.29379	-0.33672	-0.32105	-0.33783	-0.26692	-0.20705	-0.18225	-0.10921	-0.054752	0.048943	0.061636	0.90493
943.51	0.059089	0.017211	-0.092695	-0.1417	-0.17148	-0.26489	-0.33026	-0.47542	-0.45326	-0.30323	-0.26568	-0.29299	-5.1081	0.46156	0.99494	0.85022	0.5723	0.14816	-0.053813	-0.23172	-0.31219	-0.31231	-0.3215	-0.26419	-0.20985	-0.17569	-0.12163	-0.062115	0.039101	0.067867	1.1663
941.17	0.050163	0.019564	-0.090485	-0.15245	-0.2159	-0.29259	-0.34334	-0.46927	-0.46303	-0.4666	-0.3746	-0.32747	-5.2019	0.40647	0.9098	0.9541	0.64536	0.22527	0.022431	-0.18905	-0.27343	-0.27696	-0.2959	-0.24287	-0.19517	-0.17613	-0.10778	-0.057804	0.037564	0.04672	1.4429
944.04	0.031091	0.029475	-0.086151	-0.15039	-0.19913	-0.29517	-0.35376	-0.52221	-0.50629	-0.31158	-0.43642	-0.38538	-5.3799	0.29313	0.85462	0.91738	0.69776	0.27676	0.088407	-0.14114	-0.22997	-0.24429	-0.29261	-0.24862	-0.19003	-0.16289	-0.10667	-0.049462	0.026852	0.063893	1.7468
940.21	0.065077	0.028056	-0.093834	-0.16702	-0.2332	-0.29201	-0.37744	-0.52842	-0.54297	-0.5099	-0.54657	-0.53058	-5.1504	0.0772	0.77038	1.006	0.73972	0.33725	0.13324	-0.10267	-0.19376	-0.23099	-0.25938	-0.22519	-0.17711	-0.16594	-0.10317	-0.039975	0.031873	0.045978	2.0658
944.57	0.047514	0.027926	-0.093403	-0.17501	-0.22407	-0.32977	-0.36425	-0.5568	-0.57336	-0.50755	-0.56203	-0.48607	-5.1185	0.020816	0.77555	1.0267	0.7801	0.38523	0.18931	-0.064176	-0.17919	-0.19727	-0.23826	-0.20144	-0.17175	-0.15724	-0.08703	-0.04721	0.038241	0.053631	2.3953
942.87	0.044306	0.017222	-0.10657	-0.17773	-0.23792	-0.34865	-0.40468	-0.5708	-0.62932	-0.56828	-0.68013	-0.61333	-5.1277	0.012855	0.7157	0.9439	0.82376	0.46253	0.26667	-0.0025052	-0.13361	-0.18253	-0.22272	-0.19205	-0.15234	-0.14242	-0.11465	-0.053983	0.045658	0.052152	2.7263
941.91	0.052593	0.042615	-0.09692	-0.17551	-0.25879	-0.34987	-0.42883	-0.60473	-0.65352	-0.65436	-0.65377	-0.84166	-5.3111	-0.17979	0.55007	1.0719	0.84656	0.52488	0.33703	0.041549	-0.075702	-0.13823	-0.19737	-0.15402	-0.14186	-0.12029	-0.073924	-0.0466	0.05224	0.072714	3.1725
941.59	0.055087	0.0095551	-0.10916	-0.19795	-0.25529	-0.35609	-0.43587	-0.62934	-0.6451	-0.74013	-0.69006	-0.84194	-5.2157	-0.34044	0.47142	1.174	0.86393	0.57997	0.38232	0.092416	-0.043468	-0.11308	-0.17586	-0.15488	-0.11912	-0.11157	-0.077091	-0.027266	0.048172	0.054589	3.5458
939.25	0.050262	0.024229	-0.10453	-0.19684	-0.27932	-0.38407	-0.46997	-0.64315	-0.70579	-0.8792	-0.88163	-0.9878	-5.1881	-0.42178	0.43747	0.95604	0.88811	0.63735	0.44575	0.13853	-0.0023437	-0.085581	-0.12981	-0.1259	-0.11104	-0.10547	-0.078072	-0.020619	0.049109	0.049188	3.9342
940	0.047745	0.005718	-0.10364	-0.2063	-0.28898	-0.39512	-0.48264	-0.66953	-0.7312	-0.73282	-0.91707	-1.2236	-5.2895	-0.68685	0.3494	1.0062	0.87518	0.6971	0.51251	0.1919	0.044513	-0.051865	-0.1169	-0.1038	-0.088889	-0.086251	-0.058333	-0.015383	0.04334	0.052312	4.3057
937.87	0.041229	0.021176	-0.09897	-0.19392	-0.27432	-0.40039	-0.50758	-0.69066	-0.78176	-0.70014	-0.96443	-1.1332	-5.2852	-0.8819	0.21827	0.85533	0.86083	0.73019	0.55669	0.2553	0.079429	-0.016574	-0.10191	-0.099951	-0.070025	-0.071263	-0.052156	-0.023638	0.040158	0.065898	4.753
939.47	0.047772	-0.0019883	-0.12979	-0.23205	-0.31613	-0.4032	-0.52361	-0.73678	-0.81824	-0.97331	-1.0622	-1.4273	-5.2843	-1.2908	-0.080591	0.93883	0.87567	0.76477	0.61196	0.2846	0.12052	0.032271	-0.060878	-0.085103	-0.077519	-0.06875	-0.034743	-0.0064425	0.042546	0.062623	5.1925
939.89	0.033706	0.011884	-0.12158	-0.23275	-0.31239	-0.41787	-0.5579	-0.78291	-0.86824	-1.0071	-1.2063	-1.4689	-5.1115	-1.4109	-0.20341	0.70066	0.85164	0.81508	0.66319	0.34561	0.15763	0.042352	-0.038426	-0.049199	-0.053133	-0.067921	-0.034727	0.0025061	0.040068	0.048366	5.5986
934.36	0.034737	0.027455	-0.12558	-0.23251	-0.32871	-0.43967	-0.58282	-0.80477	-0.91376	-1.1424	-1.4497	-1.6561	-5.2969	-1.7186	-0.45177	0.61085	0.83045	0.83396	0.70872	0.39207	0.19432	0.087453	-0.026568	-0.035552	-0.034309	-0.060302	-0.022264	-0.00048007	0.03619	0.058194	6.0696
937.34	0.041254	0.018096	-0.13662	-0.25266	-0.32586	-0.45141	-0.58712	-0.84471	-0.96295	-1.2161	-1.4995	-1.8119	-5.3614	-1.9148	-0.60871	0.61743	0.79757	0.85495	0.76751	0.4419	0.23988	0.12092	-0.0031957	-0.018275	-0.020465	-0.033725	-0.025352	-0.0087	0.035254	0.051666	6.5436
934.25	0.045544	-0.0051015	-0.13625	-0.24785	-0.34141	-0.48102	-0.62843	-0.88194	-1.0231	-1.2891	-1.6862	-1.9539	-5.3873	-2.3015	-0.89323	0.26925	0.73132	0.89205	0.80066	0.49291	0.29757	0.16533	0.045137	0.0046253	-0.0029236	-0.0057596	-0.0032614	0.02052	0.044431	0.050247	7.0128
932.97	0.030626	0.028273	-0.13726	-0.26271	-0.34912	-0.4764	-0.63702	-0.89875	-1.0824	-1.4895	-1.8978	-2.1439	-5.3293	-2.5396	-1.1508	0.21831	0.66663	0.89854	0.83242	0.53122	0.32321	0.20539	0.074243	0.03091	0.013172	-0.0049646	0.0030773	0.018295	0.05274	0.067836	7.4939
936.17	0.041306	0.014251	-0.14989	-0.27066	-0.3732	-0.52124	-0.66027	-0.94151	-1.123	-1.536	-1.9004	-2.4166	-5.417	-3.1205	-1.6226	-0.080807	0.54242	0.8797	0.86249	0.56691	0.37564	0.22158	0.082835	0.059446	0.026114	0.015068	0.012551	0.020479	0.067358	0.047763	7.9582
929.67	0.043264	0.002664	-0.12786	-0.25312	-0.37308	-0.52312	-0.69514	-0.97858	-1.181	-1.6161	-1.9594	-2.5018	-5.3892	-3.3212	-1.7404	-0.18439	0.47534	0.89026	0.87325	0.5992	0.40195	0.25375	0.11823	0.078816	0.038606	0.022427	0.021392	0.04474	0.071137	0.068877	8.4511
