13231	5	3	91	25	746	1	5	8	1.165	128	4096	10	0	0	0	0	149.12	965.05	1.4427e+006	0.11774	0.049394	40.753	0	0	1	0	0	0	11	0	0
943.25	0.041884	-0.0164	-0.10492	-0.17868	-0.25278	-0.28968	-0.40579	-0.45811	-0.49842	-0.4625	-0.4449	-0.36886	-0.034762	0.40381	0.90535	0.96248	0.59715	0.17436	-0.031213	-0.21557	-0.28024	-0.31273	-0.28454	-0.25105	-0.19462	-0.17	-0.108	-0.051272	0.043485	0.053407	2.0278
943.15	0.05259	-0.010259	-0.12118	-0.18827	-0.24474	-0.29493	-0.3913	-0.49472	-0.5424	-0.5138	-0.37292	-0.411	-0.18034	0.41187	0.78302	0.97103	0.67195	0.26054	0.06522	-0.15044	-0.23518	-0.2633	-0.27579	-0.21371	-0.18099	-0.15333	-0.095462	-0.051278	0.050833	0.051837	2.3968
943.25	0.035299	-0.0041138	-0.11385	-0.19384	-0.26084	-0.33841	-0.42719	-0.52065	-0.5792	-0.47958	-0.4719	-0.50359	-0.24501	0.27556	0.80043	1.0471	0.72548	0.34057	0.13364	-0.10051	-0.19249	-0.24147	-0.23586	-0.20151	-0.16505	-0.12233	-0.085254	-0.041615	0.054905	0.047893	2.7627
942.3	0.044399	-0.0033513	-0.11722	-0.20442	-0.28442	-0.33353	-0.44141	-0.55695	-0.62611	-0.70232	-0.57151	-0.62212	-0.49616	0.075277	0.73996	1.2091	0.77499	0.41496	0.22019	-0.043022	-0.15319	-0.20899	-0.22412	-0.19439	-0.15535	-0.11688	-0.07278	-0.033476	0.034544	0.041633	3.2105
943.36	0.032001	-0.0041133	-0.10897	-0.21456	-0.29037	-0.38188	-0.46308	-0.58394	-0.67559	-0.67591	-0.59785	-0.68879	-0.60072	-0.10914	0.52929	0.94543	0.82203	0.47975	0.28059	0.01455	-0.10392	-0.16769	-0.19354	-0.17144	-0.13698	-0.13979	-0.06956	-0.032697	0.025534	0.058127	3.6323
943.89	0.048436	-0.015622	-0.13894	-0.22561	-0.29737	-0.36862	-0.47581	-0.57549	-0.74732	-0.68405	-0.74146	-0.80622	-0.65696	-0.26928	0.4591	1.1901	0.84754	0.54035	0.35192	0.070344	-0.050764	-0.12738	-0.15675	-0.14293	-0.12553	-0.1024	-0.060899	-0.01486	0.053238	0.054156	4.0601
942.51	0.043564	0.00049254	-0.12858	-0.22833	-0.30408	-0.37961	-0.50253	-0.62023	-0.74371	-0.78762	-0.83264	-1.1614	-0.94114	-0.37396	0.43352	1.0818	0.87073	0.61169	0.43104	0.12802	-0.0041067	-0.099884	-0.1434	-0.12526	-0.11206	-0.10255	-0.066483	-0.017857	0.036986	0.048719	4.4149
941.13	0.046929	-0.01182	-0.13283	-0.23587	-0.34493	-0.40633	-0.51706	-0.63091	-0.80533	-0.91716	-0.83387	-1.0618	-0.99117	-0.6396	0.25888	1.1342	0.87853	0.6562	0.49013	0.17485	0.035422	-0.070623	-0.11882	-0.1116	-0.09854	-0.082787	-0.062651	-0.014904	0.047671	0.055106	4.894
939.74	0.039561	-0.018773	-0.14689	-0.23381	-0.31846	-0.40431	-0.53777	-0.66608	-0.81832	-0.84994	-0.99774	-1.3085	-1.1549	-0.77732	0.25049	1.0934	0.86351	0.70433	0.53847	0.22096	0.070221	-0.035388	-0.088558	-0.082421	-0.077374	-0.065364	-0.05172	-0.0082162	0.032183	0.060723	5.2562
937.72	0.042131	-0.010318	-0.13658	-0.25358	-0.35069	-0.43144	-0.55662	-0.72225	-0.8335	-1.118	-1.1538	-1.3367	-1.377	-1.0047	0.066324	0.90006	0.87191	0.74611	0.585	0.26825	0.10033	-0.011011	-0.064667	-0.071977	-0.065337	-0.054314	-0.036844	0.0014807	0.024046	0.049759	5.6971
937.08	0.048788	-0.0080062	-0.12768	-0.26179	-0.35544	-0.43349	-0.5901	-0.74237	-0.8767	-0.9641	-1.1727	-1.38	-1.557	-1.1829	-0.14486	0.84105	0.86678	0.78429	0.64332	0.31271	0.14092	0.021888	-0.051859	-0.045865	-0.047827	-0.047955	-0.024236	-0.010483	0.04213	0.057722	6.0893
936.97	0.045479	0.00049545	-0.13588	-0.25298	-0.36359	-0.45369	-0.59094	-0.75226	-0.93444	-1.0072	-1.2635	-1.5667	-1.777	-1.4574	-0.33853	0.7049	0.84562	0.81153	0.67471	0.35108	0.17579	0.051429	-0.015714	-0.040145	-0.027221	-0.039161	-0.023449	0.017934	0.050346	0.056935	6.4845
936.34	0.037217	-0.0087857	-0.14742	-0.26199	-0.37828	-0.47065	-0.6183	-0.81414	-0.96194	-1.2315	-1.4004	-1.729	-1.933	-1.6441	-0.52375	0.70538	0.8012	0.8454	0.73314	0.40501	0.21646	0.078487	0.0051778	-0.0082645	-0.024184	-0.02398	-0.022676	-0.0067502	0.061063	0.03555	6.8781
936.12	0.039714	-0.020394	-0.15155	-0.27572	-0.37566	-0.4883	-0.65157	-0.83315	-1.0199	-1.3351	-1.5458	-1.8991	-2.1779	-2.0806	-0.62078	0.56061	0.76619	0.87102	0.7623	0.44602	0.27491	0.12749	0.03091	0.00483	-0.0043238	0.0048351	-0.0045036	0.011961	0.034774	0.061751	7.3199
936.76	0.044661	0.0035865	-0.14981	-0.27553	-0.38713	-0.48796	-0.65805	-0.83831	-1.05	-1.3514	-1.7623	-1.8554	-2.3637	-2.3616	-0.91089	0.34726	0.7166	0.8862	0.79231	0.49002	0.30634	0.14345	0.054995	0.031814	0.016295	0.013632	0.014454	0.026914	0.041321	0.060122	7.7087
936.12	0.026442	-0.016525	-0.16219	-0.291	-0.39732	-0.51635	-0.66004	-0.89289	-1.1044	-1.4039	-1.8815	-2.1027	-2.569	-2.6944	-1.2199	0.21961	0.6508	0.87804	0.81088	0.52019	0.32926	0.1748	0.067094	0.032654	0.016306	0.011241	0.016833	0.0082191	0.039705	0.05699	8.114
935.38	0.028124	-0.00027758	-0.15904	-0.29687	-0.41028	-0.5115	-0.69989	-0.92227	-1.1369	-1.4653	-1.8285	-2.3762	-2.7749	-2.9471	-1.3884	0.17714	0.58088	0.88137	0.84211	0.56497	0.3628	0.22143	0.086462	0.062166	0.032377	0.025672	0.023175	0.029951	0.052902	0.053061	8.501
934.31	0.049765	-0.010356	-0.13872	-0.28029	-0.41527	-0.51208	-0.72925	-0.94874	-1.1849	-1.5532	-2.0669	-2.4894	-3.1862	-3.2175	-1.54	-0.019121	0.51758	0.89116	0.85798	0.59294	0.40629	0.24115	0.11234	0.071257	0.050787	0.023294	0.036662	0.037485	0.053783	0.06505	8.8546
932.72	0.032366	-0.013481	-0.15374	-0.2848	-0.42232	-0.55432	-0.74828	-0.96433	-1.2282	-1.6681	-2.2161	-2.6469	-3.2652	-3.3121	-1.8521	-0.31008	0.42155	0.86804	0.86889	0.61792	0.41676	0.23817	0.1311	0.082057	0.057774	0.036994	0.026415	0.021772	0.061302	0.05162	9.1976
931.12	0.018247	-0.01428	-0.15318	-0.2958	-0.44392	-0.5491	-0.75267	-0.99396	-1.2478	-1.6969	-2.1013	-2.805	-3.4756	-3.6832	-2.0325	-0.32774	0.34657	0.87394	0.86565	0.64383	0.44683	0.28358	0.16608	0.10112	0.070934	0.054766	0.039172	0.042882	0.052316	0.068466	9.5405
931.23	0.023246	-0.022835	-0.16633	-0.30546	-0.43661	-0.54463	-0.76187	-1.0325	-1.2882	-1.8351	-2.3199	-2.8986	-3.5735	-3.9913	-2.2625	-0.55907	0.27907	0.86767	0.87264	0.67203	0.47614	0.30053	0.179	0.11921	0.084751	0.062808	0.047906	0.045134	0.058093	0.050905	9.8591
929.95	0.019939	-0.017413	-0.15091	-0.31964	-0.43721	-0.56657	-0.76292	-1.0512	-1.3329	-1.8117	-2.4053	-2.988	-3.9229	-4.3057	-2.647	-0.66283	0.17978	0.86003	0.87936	0.68755	0.49802	0.31455	0.19786	0.1136	0.080252	0.052418	0.061496	0.048963	0.049899	0.049378	10.19
928.67	0.027492	-0.0065183	-0.14452	-0.29739	-0.42416	-0.56027	-0.80203	-1.0716	-1.365	-1.7881	-2.436	-3.2145	-3.8954	-4.4663	-2.7306	-0.88717	0.078553	0.84707	0.894	0.70912	0.51833	0.33883	0.20948	0.14099	0.10347	0.073471	0.061581	0.060349	0.05411	0.055845	10.478
926.12	0.014153	-0.0081025	-0.15898	-0.34698	-0.46274	-0.58841	-0.8128	-1.0639	-1.4031	-1.8192	-2.3877	-3.0689	-4.145	-4.7888	-2.9429	-1.0189	-0.011397	0.82814	0.89409	0.72917	0.55174	0.37135	0.22144	0.13889	0.10993	0.081767	0.064946	0.058244	0.05426	0.049583	10.765
923.45	0.0074672	-0.0073405	-0.17603	-0.317	-0.47963	-0.58744	-0.79562	-1.1018	-1.4208	-1.9727	-2.6521	-3.224	-4.413	-5.0155	-3.3444	-1.3675	-0.10435	0.80031	0.89111	0.73387	0.54264	0.36728	0.23104	0.1675	0.11257	0.07551	0.071541	0.054619	0.036915	0.046506	10.992
923.99	0.036035	-0.015958	-0.14773	-0.31682	-0.45741	-0.61464	-0.81702	-1.1235	-1.4712	-1.9977	-2.8895	-3.2737	-4.4765	-5.3972	-3.4317	-1.3494	-0.20213	0.79718	0.8898	0.76367	0.58671	0.39445	0.25372	0.18565	0.12335	0.097367	0.073902	0.056861	0.061048	0.047284	11.25
925.58	0.016678	-0.012017	-0.14914	-0.30001	-0.4411	-0.58697	-0.83431	-1.1373	-1.4879	-2.0204	-2.8295	-3.3968	-4.6583	-5.4205	-3.4971	-1.4678	-0.26468	0.76122	0.88747	0.77873	0.59308	0.4083	0.25979	0.18946	0.13627	0.10934	0.085765	0.066607	0.060943	0.051216	11.481
924.94	0.012492	-0.028471	-0.14013	-0.32626	-0.43592	-0.58117	-0.86296	-1.1455	-1.4785	-2.2134	-2.8406	-3.528	-4.7687	-5.7921	-3.9721	-1.7018	-0.37006	0.75464	0.87619	0.7672	0.60498	0.40516	0.2795	0.19042	0.12322	0.1078	0.069827	0.052258	0.046008	0.035185	11.701
924.41	0.0015798	-0.02692	-0.1601	-0.30527	-0.4444	-0.60281	-0.85019	-1.1528	-1.5266	-2.1101	-2.8147	-3.6331	-4.9942	-6.0326	-4.1082	-1.8668	-0.42497	0.72844	0.86479	0.79267	0.61519	0.42336	0.27559	0.20296	0.12793	0.1184	0.092276	0.063658	0.052696	0.037615	11.888
925.48	-0.0009392	-0.022976	-0.13591	-0.30492	-0.4448	-0.603	-0.86558	-1.2012	-1.5544	-2.2295	-2.9032	-3.526	-5.0874	-6.0584	-4.255	-1.9595	-0.52216	0.71164	0.87172	0.80211	0.63089	0.44337	0.28015	0.20521	0.1502	0.11664	0.10176	0.068128	0.04432	0.034362	12.04
924.84	0.004098	-0.035523	-0.15671	-0.32711	-0.46156	-0.61674	-0.8771	-1.1887	-1.5898	-2.2484	-3.0246	-3.8118	-5.2229	-6.3487	-4.4541	-2.0903	-0.5979	0.68816	0.86677	0.79834	0.63625	0.42829	0.29011	0.21281	0.13638	0.10943	0.089032	0.064387	0.045184	0.037598	12.2
923.45	-0.0017816	-0.032438	-0.14201	-0.31619	-0.47689	-0.60255	-0.8581	-1.1864	-1.5602	-2.1995	-2.9831	-3.6369	-5.3794	-6.3909	-4.5412	-2.1539	-0.64028	0.65542	0.85616	0.81164	0.65036	0.46575	0.29543	0.21728	0.14433	0.12907	0.09237	0.065242	0.039417	0.036046	12.333
921.75	-0.0034704	-0.0089247	-0.13563	-0.32249	-0.4576	-0.61257	-0.88864	-1.2044	-1.5992	-2.1598	-3.09	-3.8246	-5.4555	-6.698	-4.7196	-2.2704	-0.70795	0.66019	0.85058	0.82872	0.6598	0.46661	0.31068	0.21934	0.16167	0.12362	0.087726	0.065363	0.03615	0.042561	12.413
920.9	0.00074313	-0.022303	-0.14989	-0.3236	-0.48188	-0.61492	-0.89025	-1.213	-1.6175	-2.2931	-3.2219	-3.8713	-5.6593	-6.6467	-4.7777	-2.5498	-0.73024	0.63317	0.83623	0.81303	0.63732	0.46962	0.30198	0.21539	0.14939	0.11234	0.094234	0.061618	0.02699	0.032111	12.513
919.09	-0.016152	-0.031017	-0.14936	-0.32096	-0.4626	-0.63489	-0.89593	-1.2095	-1.6167	-2.3414	-3.1266	-3.9913	-5.6871	-6.7832	-4.7871	-2.4941	-0.78086	0.63085	0.83868	0.83547	0.65676	0.47743	0.31404	0.23581	0.16447	0.12153	0.082346	0.059453	0.051326	0.037835	12.614
918.02	-0.017016	-0.019218	-0.13785	-0.29346	-0.46958	-0.64009	-0.87732	-1.2426	-1.6218	-2.2915	-3.1858	-3.7796	-5.7269	-6.8735	-4.8196	-2.7056	-0.83017	0.62085	0.83645	0.84861	0.67572	0.48746	0.31932	0.22357	0.15609	0.12004	0.092918	0.067154	0.04384	0.028166	12.663
916.21	-0.00010007	-0.031903	-0.14481	-0.29732	-0.47328	-0.61179	-0.90267	-1.2493	-1.6339	-2.4191	-3.3033	-4.0732	-5.8714	-6.9943	-4.9372	-2.7109	-0.85522	0.61581	0.8221	0.83025	0.66379	0.47634	0.30517	0.2215	0.16498	0.10883	0.080182	0.05811	0.027128	0.025788	12.712
916.1	-0.014511	-0.036652	-0.15653	-0.29161	-0.46503	-0.61186	-0.91301	-1.2043	-1.647	-2.3314	-3.1832	-4.0043	-5.8971	-6.9786	-4.9287	-2.5893	-0.86034	0.62305	0.84701	0.85038	0.67547	0.49107	0.32163	0.22738	0.15642	0.12029	0.093111	0.061177	0.035533	0.036335	12.733
917.49	-0.031415	-0.025543	-0.14127	-0.31332	-0.44131	-0.60647	-0.90613	-1.2125	-1.6582	-2.3367	-3.1413	-3.9117	-5.8217	-6.9928	-4.9572	-2.5854	-0.86238	0.6069	0.83614	0.84388	0.66452	0.48602	0.32443	0.22287	0.16242	0.12338	0.082489	0.056501	0.037995	0.03628	12.753
918.13	-0.026317	-0.038938	-0.13282	-0.30818	-0.45573	-0.64002	-0.88508	-1.2408	-1.645	-2.2912	-3.3426	-4.0127	-5.9505	-7.0291	-5.0346	-2.7227	-0.8818	0.59664	0.82997	0.81809	0.67233	0.48654	0.31191	0.22688	0.14672	0.1184	0.086462	0.048066	0.027911	0.0071226	12.761
919.51	-0.022056	-0.059356	-0.14262	-0.31345	-0.47709	-0.60335	-0.86649	-1.2148	-1.6328	-2.279	-3.3468	-4.024	-5.7591	-6.9939	-4.8118	-2.6578	-0.89131	0.60824	0.8335	0.8455	0.66719	0.48237	0.3319	0.2357	0.15506	0.11577	0.090354	0.057901	0.0354	0.02812	12.748
921.75	-0.016106	-0.044283	-0.14643	-0.28247	-0.4246	-0.61791	-0.85969	-1.2143	-1.6241	-2.2298	-3.2926	-3.9625	-5.8279	-6.9195	-4.7643	-2.634	-0.88	0.60676	0.82273	0.83911	0.66475	0.47605	0.31639	0.21934	0.14847	0.11549	0.092542	0.060041	0.030306	0.015155	12.735
919.51	-0.015301	-0.038879	-0.13929	-0.30526	-0.44953	-0.60424	-0.89159	-1.2115	-1.6256	-2.3403	-3.3283	-4.1276	-5.8172	-6.9692	-4.9822	-2.7099	-0.90964	0.59039	0.83111	0.83421	0.66719	0.47721	0.31307	0.22821	0.14572	0.11903	0.098399	0.05409	0.029542	0.014383	12.72
917.7	-0.0060242	-0.032641	-0.13372	-0.29848	-0.46515	-0.60811	-0.88942	-1.193	-1.6143	-2.2659	-3.1221	-3.928	-5.6458	-6.8511	-5.019	-2.6717	-0.87971	0.60854	0.84634	0.82195	0.6652	0.49193	0.31615	0.22281	0.14601	0.11028	0.088921	0.061832	0.028764	0.022508	12.721
917.6	0.0041287	-0.020806	-0.14375	-0.2616	-0.44954	-0.59029	-0.87301	-1.2415	-1.6266	-2.1784	-3.1225	-3.9545	-5.8958	-6.8849	-4.9028	-2.646	-0.83974	0.5952	0.84963	0.84726	0.65948	0.48424	0.31291	0.22117	0.14681	0.10866	0.079257	0.067185	0.04554	0.02494	12.718
914.51	-0.012837	-0.035131	-0.13586	-0.30446	-0.44829	-0.58421	-0.88937	-1.1837	-1.6313	-2.4764	-3.2259	-4.1155	-5.7656	-6.9743	-5.0997	-2.5153	-0.84509	0.61606	0.83967	0.80649	0.65838	0.46339	0.30244	0.21689	0.12619	0.092638	0.05849	0.045959	0.02634	0.0055252	12.715
912.38	-0.0077605	-0.028068	-0.11015	-0.2829	-0.44286	-0.56938	-0.86615	-1.2025	-1.5945	-2.2085	-3.1031	-4.0119	-5.6453	-6.7005	-4.7048	-2.3987	-0.76897	0.63279	0.85128	0.82324	0.64744	0.45494	0.29655	0.22327	0.14843	0.10518	0.079707	0.038385	0.028087	0.016125	12.569
912.59	-0.0086107	-0.039174	-0.11432	-0.27871	-0.44183	-0.58454	-0.87385	-1.1812	-1.5836	-2.1727	-3.0186	-3.8543	-5.3264	-6.6658	-4.5681	-2.2495	-0.69659	0.66952	0.85671	0.80556	0.64812	0.44097	0.3006	0.1972	0.12959	0.11501	0.081312	0.053734	0.031453	0.025077	12.376
914.61	-0.006893	-0.045422	-0.13836	-0.25752	-0.45286	-0.58863	-0.86009	-1.1811	-1.5599	-2.2295	-3.012	-3.8892	-5.4981	-6.4692	-4.4498	-2.2096	-0.61715	0.66983	0.86604	0.80553	0.62676	0.45123	0.28101	0.19592	0.1207	0.092629	0.062527	0.022203	0.017923	0.025833	12.164
915.89	-0.0051888	-0.016101	-0.11558	-0.27853	-0.43285	-0.60484	-0.82424	-1.1719	-1.5496	-2.0857	-2.9521	-3.6669	-5.1906	-6.1548	-4.3085	-2.1281	-0.54937	0.72536	0.87604	0.8105	0.62589	0.43248	0.28555	0.19314	0.11506	0.09168	0.063249	0.049715	0.037223	0.023363	11.942
915.68	-0.00094925	-0.016894	-0.12314	-0.28435	-0.44772	-0.57898	-0.82995	-1.1463	-1.5258	-2.1126	-2.8693	-3.4596	-5.1835	-6.0984	-4.1024	-2.0153	-0.48006	0.72015	0.88185	0.80459	0.60945	0.4248	0.27986	0.16809	0.11509	0.080245	0.066493	0.041309	0.027986	0.015256	11.736
916.53	-0.014504	-0.027943	-0.10881	-0.26766	-0.42979	-0.5865	-0.8457	-1.1235	-1.505	-2.1897	-2.8852	-3.7251	-5.0538	-5.9855	-4.1705	-1.9351	-0.42862	0.73471	0.88023	0.78555	0.59562	0.39766	0.25496	0.17462	0.097035	0.060543	0.042217	0.029039	0.027122	0.018484	11.474
918.23	0.0049726	-0.016058	-0.13448	-0.29093	-0.42807	-0.55413	-0.83863	-1.1114	-1.4965	-1.9576	-2.8984	-3.4586	-4.7787	-5.5545	-3.6868	-1.636	-0.32604	0.7548	0.88339	0.78323	0.5879	0.40295	0.25531	0.15927	0.10075	0.068593	0.049389	0.038903	0.026233	0.039489	11.214
920.37	0.00074356	-0.0050041	-0.11752	-0.27472	-0.41239	-0.56533	-0.80926	-1.0955	-1.4432	-2.1281	-2.578	-3.2953	-4.6433	-5.4513	-3.6155	-1.5021	-0.24121	0.77891	0.88533	0.76581	0.56014	0.38742	0.23263	0.14143	0.084973	0.057036	0.038021	0.033485	0.03286	0.036167	10.97
919.41	0.0058103	-0.024703	-0.13514	-0.28237	-0.40638	-0.56056	-0.79677	-1.1233	-1.4472	-2.0164	-2.7284	-3.4197	-4.5901	-5.309	-3.5026	-1.3909	-0.19063	0.80026	0.88227	0.75011	0.54338	0.35772	0.20586	0.13491	0.076504	0.053019	0.025186	0.0060834	0.011969	0.016002	10.653
917.7	0.0049755	-0.0010732	-0.11452	-0.25911	-0.42831	-0.56071	-0.76367	-1.0394	-1.4055	-1.9236	-2.5484	-3.175	-4.3077	-4.981	-3.2575	-1.1847	-0.087471	0.80711	0.8911	0.72542	0.52949	0.34718	0.21034	0.13349	0.068852	0.040868	0.034909	0.032054	0.043856	0.041939	10.313
919.83	0.030289	0.0036555	-0.12758	-0.27242	-0.40619	-0.53175	-0.79248	-1.0486	-1.3645	-1.7265	-2.5518	-3.1158	-4.2397	-4.7476	-3.0168	-1.0258	0.024336	0.84718	0.89621	0.72027	0.51506	0.33434	0.19021	0.10819	0.067915	0.035068	0.03161	0.03198	0.033716	0.040226	10.034
921.11	0.019288	-0.024657	-0.12408	-0.24835	-0.38453	-0.51942	-0.75693	-1.038	-1.3232	-1.864	-2.539	-3.1719	-3.9688	-4.6507	-2.8336	-0.85979	0.080861	0.84155	0.88541	0.69155	0.48137	0.29439	0.18423	0.098893	0.054619	0.017933	0.015502	0.01368	0.021973	0.023232	9.7126
920.68	0.04291	-0.011297	-0.13745	-0.27381	-0.39481	-0.52591	-0.74161	-0.99607	-1.3182	-1.8124	-2.4018	-2.9663	-3.9458	-4.4147	-2.7184	-0.85152	0.15329	0.85977	0.89299	0.68493	0.46839	0.3014	0.16061	0.079799	0.036001	0.021197	0.015509	0.0091191	0.032014	0.041803	9.3774
922.18	0.026842	-0.0034244	-0.11978	-0.25296	-0.38867	-0.51259	-0.73807	-0.99363	-1.2759	-1.7483	-2.2506	-3.0648	-3.6582	-4.0469	-2.5709	-0.5213	0.24027	0.86995	0.91223	0.65527	0.45693	0.28548	0.1432	0.07801	0.0468	0.021976	0.02511	0.013662	0.046147	0.044153	8.9982
923.24	0.025971	-0.012834	-0.13624	-0.26245	-0.37358	-0.53423	-0.7419	-0.97837	-1.2464	-1.6852	-2.1744	-2.9408	-3.5466	-3.9521	-2.2017	-0.41698	0.32298	0.88051	0.8786	0.63549	0.42597	0.24233	0.1251	0.051366	0.0087862	-0.0056493	-0.012581	-0.0015331	0.01859	0.025592	8.6567
923.24	0.022607	0.0099159	-0.11632	-0.26	-0.38456	-0.504	-0.69503	-0.92361	-1.1895	-1.6329	-2.0641	-2.7774	-3.2492	-3.5836	-1.9337	-0.23546	0.41675	0.8974	0.87542	0.60784	0.40788	0.23462	0.1194	0.048877	0.013435	0.0008444	-0.0037671	0.016684	0.049429	0.03203	8.2818
923.88	0.051168	0.0075585	-0.1237	-0.25575	-0.36692	-0.47433	-0.68909	-0.90555	-1.1679	-1.5882	-1.9248	-2.4401	-2.9415	-3.1883	-1.8252	-0.053886	0.50685	0.88701	0.87164	0.59187	0.3739	0.21135	0.10139	0.037232	-0.0043811	-0.014568	-0.0085679	-0.0038062	0.026903	0.035226	7.9144
923.13	0.037749	-0.0026352	-0.13459	-0.25025	-0.38643	-0.50584	-0.67245	-0.89135	-1.124	-1.572	-1.9999	-2.3733	-2.8777	-3.0271	-1.5765	-0.053929	0.56203	0.88239	0.84056	0.55949	0.3487	0.17212	0.072116	0.0040685	-0.020655	-0.024323	-0.027008	-0.0053265	0.021925	0.037667	7.5348
923.67	0.048656	0.00050259	-0.1312	-0.2444	-0.37341	-0.478	-0.64864	-0.86263	-1.0897	-1.4403	-1.6954	-2.2773	-2.777	-2.8044	-1.272	0.28305	0.64713	0.88188	0.83293	0.53066	0.3189	0.16003	0.042737	0.00074709	-0.019096	-0.015383	-0.019783	-0.012153	0.032743	0.044887	7.1353
926.76	0.05352	-0.0080954	-0.10679	-0.23303	-0.34845	-0.464	-0.66594	-0.83	-1.0501	-1.3399	-1.6806	-2.1325	-2.5044	-2.3953	-1.0186	0.34239	0.6954	0.88337	0.8072	0.49531	0.2867	0.12623	0.04097	-0.014961	-0.020575	-0.045253	-0.018919	-0.0030387	0.029311	0.051952	6.7252
927.07	0.053501	0.0075325	-0.13485	-0.24512	-0.32828	-0.44171	-0.60969	-0.82806	-1.0338	-1.3742	-1.7166	-1.9604	-2.3637	-2.3048	-0.87594	0.34227	0.72822	0.86182	0.77449	0.45296	0.26694	0.11168	0.006041	-0.045534	-0.041399	-0.05979	-0.044449	-0.0098392	0.025151	0.045522	6.3346
928.57	0.051744	0.0043992	-0.10988	-0.23581	-0.34323	-0.44719	-0.60095	-0.78383	-0.96282	-1.1811	-1.4578	-1.752	-1.9902	-1.9998	-0.53701	0.58236	0.78563	0.85955	0.74401	0.42989	0.22645	0.078292	-0.0077497	-0.052059	-0.058279	-0.061308	-0.044377	-0.016616	0.033399	0.056652	5.9333
931.55	0.044911	0.0098275	-0.11364	-0.21971	-0.31945	-0.42373	-0.56186	-0.74267	-0.92162	-1.2292	-1.3164	-1.7464	-1.8774	-1.7012	-0.46445	0.65758	0.80367	0.84094	0.72274	0.39767	0.1923	0.055123	-0.014996	-0.061762	-0.071144	-0.067549	-0.050588	-0.019571	0.036597	0.03972	5.538
932.93	0.033192	-0.011148	-0.10772	-0.22584	-0.32985	-0.40814	-0.56644	-0.72678	-0.89091	-1.1152	-1.3418	-1.7097	-1.703	-1.6177	-0.41957	0.72505	0.82383	0.8045	0.67134	0.32608	0.14887	0.015207	-0.047249	-0.089592	-0.09634	-0.078694	-0.073511	-0.032311	0.046441	0.038069	5.1668
933.25	0.05731	0.0082583	-0.11918	-0.21689	-0.30166	-0.38426	-0.5276	-0.71422	-0.84939	-1.0198	-1.1139	-1.4368	-1.637	-1.3012	-0.14546	0.8445	0.86377	0.76816	0.64675	0.3063	0.11872	-4.9163e-005	-0.07143	-0.095307	-0.097839	-0.090712	-0.060801	-0.041309	0.019213	0.06433	4.7712
935.17	0.044737	-0.0010532	-0.10828	-0.20678	-0.30737	-0.38961	-0.52575	-0.65869	-0.80809	-0.76796	-1.1388	-1.3829	-1.3808	-1.0075	0.048876	0.98785	0.87511	0.7464	0.59444	0.25789	0.084368	-0.041482	-0.079332	-0.11068	-0.10299	-0.10175	-0.082828	-0.040477	0.055379	0.060224	4.3573
935.17	0.044737	0.0066918	-0.099273	-0.20759	-0.29924	-0.38347	-0.51804	-0.63985	-0.76141	-1.0005	-1.157	-1.2809	-1.3156	-0.95898	0.13706	0.85132	0.86364	0.70251	0.53483	0.22034	0.051888	-0.065156	-0.11475	-0.1328	-0.12747	-0.11537	-0.09232	-0.04797	0.025758	0.049895	3.9857
932.82	0.053172	0.0082621	-0.092132	-0.20246	-0.27825	-0.35979	-0.46908	-0.62174	-0.72843	-0.82171	-0.90501	-1.1479	-1.139	-0.6696	0.16393	0.93044	0.85924	0.66996	0.50157	0.17812	0.0056185	-0.093292	-0.14166	-0.15366	-0.14389	-0.12209	-0.10365	-0.04884	0.042322	0.058783	3.5549
932.29	0.061534	0.0067124	-0.09054	-0.16947	-0.29654	-0.33799	-0.45775	-0.58265	-0.68123	-0.69258	-0.79622	-1.0122	-0.976	-0.36183	0.45597	1.0594	0.86549	0.61223	0.446	0.12515	-0.027775	-0.11964	-0.17	-0.16279	-0.13783	-0.1302	-0.10213	-0.052628	0.033265	0.049253	3.1695
934.31	0.03813	-0.0002779	-0.10264	-0.19972	-0.26153	-0.34955	-0.44441	-0.57237	-0.68451	-0.72555	-0.79449	-0.891	-0.92492	-0.40151	0.37553	0.98021	0.85049	0.55995	0.37437	0.058254	-0.068352	-0.16339	-0.19945	-0.19442	-0.17658	-0.15077	-0.12328	-0.066763	0.015895	0.036423	2.7824
936.23	0.052978	0.012099	-0.084431	-0.176	-0.24114	-0.31465	-0.43425	-0.53274	-0.63807	-0.58642	-0.58427	-0.711	-0.55642	-0.25534	0.64785	1.1572	0.83402	0.51672	0.32111	0.034266	-0.091733	-0.18163	-0.21351	-0.20138	-0.18156	-0.15527	-0.11039	-0.044172	0.011755	0.057775	2.3938
939.21	0.049505	0.0051215	-0.068664	-0.16101	-0.24037	-0.30054	-0.41291	-0.50332	-0.62187	-0.57598	-0.54626	-0.69184	-0.43285	-0.021079	0.6985	1.0431	0.81261	0.46177	0.25449	-0.02532	-0.14804	-0.21894	-0.22726	-0.21624	-0.18556	-0.16754	-0.11713	-0.051493	0.028105	0.066293	1.9837
942.19	0.0477	0.013562	-0.071701	-0.16529	-0.23423	-0.30481	-0.37716	-0.50254	-0.60105	-0.60836	-0.56255	-0.61376	-0.43148	-0.037068	0.7488	0.90426	0.76939	0.38713	0.17973	-0.077754	-0.19028	-0.25601	-0.2569	-0.23914	-0.20471	-0.17656	-0.13325	-0.055791	0.017398	0.057409	1.6298
942.72	0.058381	0.02354	-0.075723	-0.14524	-0.21259	-0.28113	-0.36547	-0.45106	-0.52067	-0.51403	-0.35507	-0.39434	-0.22087	0.27572	0.85336	0.97994	0.69988	0.29374	0.10804	-0.13951	-0.24012	-0.27097	-0.28151	-0.24876	-0.22432	-0.18043	-0.12376	-0.052044	0.028815	0.047131	1.2256
944.53	0.052513	0.018128	-0.079633	-0.13779	-0.19787	-0.24236	-0.3327	-0.43803	-0.50871	-0.4107	-0.31842	-0.33472	-0.026644	0.31523	1.0002	1.0034	0.64744	0.24017	0.034064	-0.18148	-0.26378	-0.30142	-0.30089	-0.27099	-0.22086	-0.18008	-0.13918	-0.055653	0.029575	0.055695	0.87149
945.81	0.052442	0.0035522	-0.068995	-0.14556	-0.20385	-0.25678	-0.33835	-0.44959	-0.46109	-0.45272	-0.36289	-0.29226	0.054036	0.34677	0.8157	1.0189	0.59229	0.1574	-0.041211	-0.24114	-0.31962	-0.34031	-0.34744	-0.29087	-0.2493	-0.22263	-0.15073	-0.082992	0.018143	0.034409	0.55529
944.74	0.0599	0.0066239	-0.058532	-0.1266	-0.17993	-0.22666	-0.31277	-0.38116	-0.4295	-0.27418	-0.18353	-0.24216	0.054097	0.52321	0.98248	1.0876	0.52403	0.093281	-0.11735	-0.28365	-0.33365	-0.36915	-0.33907	-0.31147	-0.23671	-0.1967	-0.13602	-0.090502	0.018164	0.034448	0.20861
942.72	0.04685	0.014321	-0.058657	-0.11091	-0.17674	-0.2315	-0.28208	-0.35516	-0.38883	-0.28333	-0.20193	-0.11627	0.22412	0.66066	1.1158	0.92915	0.43414	0.0055381	-0.1884	-0.33505	-0.38511	-0.39678	-0.36614	-0.32352	-0.25998	-0.20826	-0.16221	-0.075086	0.01902	0.050283	-0.12598
942.08	0.058419	0.018944	-0.081467	-0.11578	-0.17416	-0.22033	-0.30294	-0.36679	-0.36082	-0.29207	-0.084886	-0.17537	0.27283	0.66111	0.95024	0.81965	0.32872	-0.10686	-0.28274	-0.40389	-0.43776	-0.42894	-0.39995	-0.34651	-0.25712	-0.21317	-0.15918	-0.080343	0.011682	0.047953	-0.43174
942.08	0.046058	0.020482	-0.050565	-0.10539	-0.16071	-0.20552	-0.28762	-0.32288	-0.33491	-0.12962	-0.10294	0.077573	0.37	0.87779	1.029	0.80272	0.21812	-0.18876	-0.37851	-0.46488	-0.47887	-0.47427	-0.41273	-0.35383	-0.24877	-0.23624	-0.16624	-0.093731	0.0035136	0.04322	-0.72995
943.57	0.050097	0.032732	-0.042366	-0.089268	-0.13628	-0.20955	-0.25965	-0.31181	-0.30459	-0.095273	0.11322	0.16165	0.45025	0.77226	1.1148	0.77608	0.17068	-0.25196	-0.43622	-0.49798	-0.51513	-0.48022	-0.44878	-0.35246	-0.25899	-0.23349	-0.16441	-0.081702	0.014926	0.067562	-1.0343
945.27	0.042615	0.018114	-0.068224	-0.11379	-0.14229	-0.20135	-0.25308	-0.29747	-0.28839	-0.14622	0.023188	0.0437	0.36067	0.70687	0.91213	0.60583	0.066637	-0.34182	-0.51924	-0.55196	-0.55919	-0.52118	-0.44717	-0.38991	-0.27138	-0.24496	-0.1829	-0.08452	0.0051306	0.047791	-1.2931
946.02	0.058997	0.018865	-0.061692	-0.096994	-0.152	-0.18037	-0.22163	-0.2778	-0.2561	-0.1461	0.094972	0.29558	0.47327	0.97005	1.0422	0.5463	-0.0087295	-0.42485	-0.58396	-0.60214	-0.59327	-0.53916	-0.47069	-0.38556	-0.29763	-0.25982	-0.17416	-0.086676	0.021394	0.058748	-1.5823
947.51	0.048251	0.02113	-0.046233	-0.10002	-0.13214	-0.19135	-0.23879	-0.26685	-0.24086	-0.043866	0.20237	0.22803	0.53694	1.0084	1.0231	0.62967	-0.10493	-0.49695	-0.64497	-0.6332	-0.60276	-0.56251	-0.46439	-0.3898	-0.29188	-0.25466	-0.1895	-0.10577	0.0099919	0.048463	-1.7909
948.89	0.046545	0.024914	-0.05989	-0.095906	-0.15778	-0.17723	-0.21715	-0.25435	-0.21946	-0.17961	0.0051953	0.33653	0.48791	0.95913	0.87389	0.39327	-0.20328	-0.581	-0.7252	-0.70124	-0.6667	-0.58503	-0.56049	-0.41669	-0.31407	-0.28351	-0.18454	-0.10266	-0.0021884	0.0249	-2.0223
948.04	0.056416	0.012714	-0.059136	-0.086465	-0.14098	-0.16786	-0.22115	-0.23034	-0.18844	0.024141	0.22913	0.37035	0.68145	1.0557	1.0052	0.38521	-0.27296	-0.63607	-0.76918	-0.73217	-0.6729	-0.60223	-0.47684	-0.42029	-0.3234	-0.27823	-0.18315	-0.10423	0.029466	0.054704	-2.231
948.89	0.048181	0.018045	-0.050202	-0.081628	-0.1275	-0.16512	-0.18751	-0.21318	-0.18671	0.083524	0.19314	0.42863	0.6969	0.95913	0.91734	0.42692	-0.38171	-0.71508	-0.85275	-0.77441	-0.70831	-0.63669	-0.5716	-0.43283	-0.32462	-0.27562	-0.19858	-0.12186	0.018896	0.03273	-2.429
949	0.043266	0.010411	-0.055847	-0.097482	-0.1355	-0.15472	-0.18977	-0.20993	-0.15863	-0.0013654	0.2289	0.31138	0.66469	1.1343	0.85642	0.18298	-0.46805	-0.80495	-0.92222	-0.82225	-0.74744	-0.64995	-0.55885	-0.44247	-0.33137	-0.28269	-0.20791	-0.10191	0.0051104	0.03899	-2.5844
946.98	0.058118	0.017317	-0.045451	-0.077023	-0.11169	-0.14985	-0.18485	-0.18287	-0.14803	0.12623	0.35491	0.41271	0.73859	1.001	0.9279	0.22552	-0.54267	-0.86388	-0.96911	-0.85687	-0.76668	-0.67054	-0.5505	-0.44099	-0.34114	-0.27934	-0.19898	-0.11027	0.0075594	0.050843	-2.7474
946.87	0.066324	0.023436	-0.034127	-0.084981	-0.10814	-0.13686	-0.16201	-0.17803	-0.13085	0.14327	0.35495	0.49664	0.81923	1.0171	0.9193	0.11597	-0.64629	-0.9342	-1.0397	-0.87804	-0.7836	-0.69901	-0.54897	-0.44832	-0.32607	-0.27541	-0.18963	-0.093257	0.023001	0.043002	-2.9028
947.51	0.058084	0.012721	-0.056743	-0.073802	-0.11342	-0.1463	-0.17865	-0.16579	-0.12921	-0.060859	0.30093	0.40409	0.68183	0.8249	0.87516	-0.060976	-0.72429	-0.99854	-1.0994	-0.92461	-0.84398	-0.70522	-0.56449	-0.47066	-0.36435	-0.30687	-0.20902	-0.12204	0.0018701	0.04611	-3.0537
947.3	0.050721	0.030309	-0.045435	-0.066667	-0.097387	-0.12381	-0.15433	-0.16501	-0.10346	0.18571	0.38168	0.58027	0.83495	1.0486	0.86664	-0.044134	-0.78996	-1.0586	-1.1399	-0.93662	-0.81772	-0.71289	-0.57177	-0.45297	-0.33121	-0.29111	-0.21297	-0.10801	0.013242	0.053179	-3.1573
948.04	0.045768	0.022645	-0.04863	-0.074554	-0.096418	-0.12024	-0.1504	-0.16003	-0.10026	0.12609	0.38138	0.61335	0.73776	1.0956	0.84857	-0.12828	-0.84833	-1.0906	-1.1792	-0.94935	-0.84912	-0.71483	-0.58958	-0.48575	-0.34075	-0.298	-0.19798	-0.0961	0.0181	0.046085	-3.2411
948.36	0.038383	0.012709	-0.036497	-0.072943	-0.1053	-0.12713	-0.15339	-0.13656	-0.086184	0.15153	0.27382	0.47076	0.87424	0.8959	0.75262	-0.17873	-0.93529	-1.1595	-1.2276	-0.98353	-0.87926	-0.73877	-0.58779	-0.47347	-0.33611	-0.30264	-0.21819	-0.094589	0.0043013	0.034316	-3.296
948.57	0.049017	0.040956	-0.045374	-0.073719	-0.10082	-0.13056	-0.13359	-0.14218	-0.086165	0.27038	0.39908	0.70511	0.84188	0.99932	0.8568	-0.24599	-0.93265	-1.1688	-1.2451	-1.0001	-0.87266	-0.7261	-0.58766	-0.47578	-0.33981	-0.30178	-0.20566	-0.096784	0.0091683	0.042142	-3.3676
950.49	0.052184	0.03173	-0.0477	-0.074362	-0.090837	-0.11216	-0.14319	-0.1427	-0.078984	0.10034	0.38933	0.62849	0.80808	1.0053	0.82035	-0.2371	-0.93884	-1.1724	-1.2449	-0.99476	-0.88448	-0.73628	-0.58886	-0.47966	-0.34816	-0.29408	-0.18657	-0.11133	0.019675	0.04831	-3.3767
952.51	0.047183	0.016455	-0.042772	-0.087639	-0.11193	-0.11882	-0.1497	-0.14159	-0.083479	0.091675	0.34395	0.56878	0.79836	0.93168	0.72337	-0.14444	-0.95454	-1.1769	-1.2546	-1.0094	-0.85231	-0.75049	-0.60262	-0.47864	-0.35943	-0.30526	-0.21957	-0.12728	0.022056	0.034167	-3.3966
951.02	0.04889	0.049228	-0.042839	-0.07907	-0.097892	-0.11469	-0.1378	-0.12892	-0.081274	0.26968	0.40698	0.44437	1.0081	1.0047	0.92397	-0.13628	-0.96328	-1.1804	-1.2527	-1.0085	-0.84726	-0.75666	-0.60515	-0.47376	-0.36752	-0.2884	-0.21991	-0.08401	0.006717	0.049064	-3.4027
949.42	0.044883	0.013456	-0.034843	-0.070482	-0.081148	-0.11056	-0.14031	-0.12914	-0.086088	0.10045	0.40766	0.59573	0.90538	1.0223	0.80389	-0.20375	-0.9875	-1.2023	-1.2834	-1.0253	-0.88387	-0.75376	-0.60141	-0.4923	-0.35608	-0.30467	-0.21561	-0.098912	0.02618	0.046018	-3.4316
948.47	0.054753	0.028742	-0.042954	-0.074521	-0.10885	-0.11154	-0.14273	-0.14785	-0.072133	0.22795	0.38121	0.47906	0.7133	1.0154	0.71774	-0.17871	-1.0289	-1.2347	-1.2978	-1.0533	-0.928	-0.75953	-0.61709	-0.50168	-0.3504	-0.3034	-0.22207	-0.1064	0.0067351	0.055464	-3.4118
946.87	0.059765	0.019613	-0.035746	-0.087367	-0.1126	-0.11953	-0.1384	-0.14243	-0.083976	0.066698	0.51638	0.63927	0.83533	1.1129	0.72767	-0.19587	-1.025	-1.2359	-1.2907	-1.0584	-0.89347	-0.75663	-0.61336	-0.47664	-0.36308	-0.30707	-0.19353	-0.1125	0.028688	0.037509	-3.4042
946.34	0.041747	-0.0033369	-0.043051	-0.073893	-0.10731	-0.12133	-0.14153	-0.14818	-0.076205	0.21994	0.57947	0.52212	0.94058	1.0336	0.64093	-0.15381	-1.0531	-1.2548	-1.3077	-1.0396	-0.89157	-0.77878	-0.61132	-0.47934	-0.36329	-0.29378	-0.21397	-0.097754	0.032771	0.043026	-3.3844
945.7	0.030281	0.0096804	-0.041461	-0.082699	-0.11274	-0.1162	-0.1462	-0.14342	-0.084861	-0.0098829	0.39132	0.60645	0.86862	0.97837	0.51053	-0.20455	-1.0457	-1.24	-1.3132	-1.0546	-0.90341	-0.77847	-0.6189	-0.49991	-0.35219	-0.31459	-0.2102	-0.12005	0.00594	0.038342	-3.3767
944.53	0.056624	0.034998	-0.060166	-0.081206	-0.098565	-0.11722	-0.14638	-0.14846	-0.071653	0.1095	0.44573	0.582	0.82126	1.1397	0.7906	-0.13722	-1.0113	-1.2259	-1.2784	-1.0162	-0.88765	-0.75013	-0.60452	-0.47863	-0.33748	-0.27927	-0.20811	-0.092747	0.024687	0.054907	-3.3676
945.06	0.04509	0.028846	-0.05446	-0.085144	-0.087781	-0.1406	-0.15393	-0.14919	-0.087266	0.16911	0.43652	0.6321	0.96605	1.003	0.85125	-0.23002	-0.96773	-1.187	-1.2683	-1.003	-0.86626	-0.74302	-0.58268	-0.48242	-0.33653	-0.29259	-0.2213	-0.10011	0.027931	0.051732	-3.264
946.44	0.045845	0.018857	-0.064902	-0.07309	-0.11354	-0.14993	-0.1659	-0.17083	-0.10668	0.041194	0.22054	0.43813	0.78736	1.0016	0.73671	-0.1032	-0.91047	-1.1549	-1.2177	-0.96528	-0.88505	-0.73692	-0.59057	-0.46633	-0.32924	-0.30008	-0.20925	-0.11033	0.01488	0.054796	-3.0796
946.23	0.036828	0.02575	-0.03739	-0.074697	-0.13232	-0.14737	-0.17737	-0.17168	-0.11843	0.058235	0.30136	0.43822	0.90843	0.96983	0.90249	0.023282	-0.82809	-1.0736	-1.1706	-0.95369	-0.80099	-0.71954	-0.57082	-0.45024	-0.35123	-0.28986	-0.18897	-0.094802	0.019764	0.043817	-2.8906
948.25	0.057222	0.026459	-0.056699	-0.095971	-0.11778	-0.14619	-0.18383	-0.1705	-0.11974	0.21101	0.42608	0.49591	0.7939	1.0554	0.92667	0.048498	-0.76977	-1.0419	-1.1171	-0.918	-0.80168	-0.68465	-0.55611	-0.44524	-0.33087	-0.28212	-0.17921	-0.11825	0.040009	0.060178	-2.688
951.02	0.039092	0.0058191	-0.058146	-0.097275	-0.14587	-0.1682	-0.18633	-0.19095	-0.14429	0.091818	0.22842	0.50284	0.74345	0.9411	0.79389	-0.060751	-0.7047	-0.99313	-1.0822	-0.91197	-0.79616	-0.67684	-0.56082	-0.44637	-0.33367	-0.28997	-0.18724	-0.10538	0.035845	0.052188	-2.4777
950.7	0.046456	0.009631	-0.05736	-0.096517	-0.11926	-0.1579	-0.19171	-0.20713	-0.1529	0.066429	0.27314	0.47794	0.81593	1.013	0.94162	0.18265	-0.61146	-0.90799	-1.0085	-0.85772	-0.76288	-0.66625	-0.52697	-0.40703	-0.2909	-0.25538	-0.17797	-0.092882	0.023717	0.046735	-2.2462
947.4	0.033504	0.019602	-0.03896	-0.099235	-0.14732	-0.17058	-0.20227	-0.21917	-0.1667	-0.018363	0.33683	0.34546	0.70604	1.0165	0.98844	0.16645	-0.51008	-0.84357	-0.9648	-0.84891	-0.73748	-0.63268	-0.52403	-0.42462	-0.30022	-0.26023	-0.17937	-0.08433	0.026238	0.037488	-2.0025
946.23	0.049138	0.010441	-0.064107	-0.096176	-0.15108	-0.18033	-0.21777	-0.2324	-0.19271	-0.069449	0.22957	0.35427	0.6908	1.0897	0.98093	0.30161	-0.42003	-0.76567	-0.8846	-0.78417	-0.71351	-0.61258	-0.51036	-0.40733	-0.27942	-0.26055	-0.17724	-0.10221	0.026268	0.073652	-1.7285
944.32	0.041837	0.032704	-0.044766	-0.10992	-0.15944	-0.20764	-0.22432	-0.24829	-0.21504	-0.043998	0.26599	0.48959	0.60336	0.90774	0.86938	0.36137	-0.31703	-0.67682	-0.81649	-0.74943	-0.68681	-0.5887	-0.48031	-0.38706	-0.28756	-0.24997	-0.16507	-0.077185	0.032027	0.036822	-1.4666
943.36	0.044348	0.011239	-0.066739	-0.13078	-0.16497	-0.19045	-0.24825	-0.26559	-0.21839	-0.035509	0.24826	0.27956	0.61205	0.98079	0.86154	0.54784	-0.24751	-0.60616	-0.74345	-0.70704	-0.64163	-0.5608	-0.4784	-0.36959	-0.28482	-0.23592	-0.16602	-0.095833	0.033692	0.070728	-1.1378
941.44	0.03949	0.004339	-0.08315	-0.12545	-0.15813	-0.21002	-0.26254	-0.2881	-0.2652	-0.07837	0.11348	0.23795	0.52417	0.76596	0.94212	0.46419	-0.12188	-0.50974	-0.67795	-0.64745	-0.60664	-0.54178	-0.48817	-0.36546	-0.27173	-0.23481	-0.16636	-0.090074	0.012507	0.052721	-0.84255
941.76	0.048545	0.018182	-0.064411	-0.14219	-0.18589	-0.21518	-0.27777	-0.3059	-0.28318	-0.1211	0.11344	0.34752	0.54021	1.0226	1.0381	0.5996	-0.019345	-0.42154	-0.58504	-0.59215	-0.56692	-0.51473	-0.43525	-0.32141	-0.24201	-0.22996	-0.16237	-0.068467	0.058261	0.064538	-0.51693
942.3	0.040279	0.0027987	-0.078195	-0.14211	-0.1822	-0.22464	-0.29139	-0.31711	-0.31992	-0.095402	0.032285	0.077572	0.62085	0.79736	1.0113	0.7517	0.076603	-0.32635	-0.51699	-0.54439	-0.52711	-0.49094	-0.44459	-0.33667	-0.25023	-0.21789	-0.15129	-0.066197	0.022296	0.058193	-0.17465
943.47	0.041874	0.012007	-0.10084	-0.12917	-0.20884	-0.23654	-0.29791	-0.37194	-0.34775	-0.20626	-0.030756	0.077459	0.26435	0.69221	0.94884	0.67465	0.17395	-0.26504	-0.42694	-0.49381	-0.48783	-0.44759	-0.39218	-0.32976	-0.2484	-0.2065	-0.14875	-0.076513	0.018188	0.058119	0.18885
942.4	0.053456	0.0051042	-0.076561	-0.1365	-0.21266	-0.26207	-0.31738	-0.36098	-0.37562	-0.20649	-0.0037743	0.085987	0.45081	0.89355	1.0024	0.71776	0.26763	-0.16169	-0.34024	-0.44271	-0.45776	-0.43551	-0.38783	-0.30005	-0.2244	-0.20117	-0.14028	-0.061728	0.043524	0.06607	0.54617
944.1	0.046781	0.0089301	-0.090218	-0.13865	-0.19796	-0.27029	-0.32368	-0.38467	-0.4008	-0.23172	-0.17465	-0.048796	0.35305	0.61166	1.1229	0.79255	0.34586	-0.074459	-0.26427	-0.37598	-0.41591	-0.40122	-0.36481	-0.30195	-0.20581	-0.17937	-0.11809	-0.05939	0.018992	0.059654	0.85629
947.08	0.045814	-0.0040972	-0.093979	-0.15729	-0.23391	-0.25384	-0.34475	-0.41015	-0.43547	-0.38408	-0.1472	-0.19961	0.11034	0.56183	0.89296	0.84904	0.44427	0.0072466	-0.17282	-0.33351	-0.37291	-0.37241	-0.34697	-0.28805	-0.20441	-0.19305	-0.11069	-0.061423	0.029496	0.039854	1.2256
948.36	0.041658	0.0081267	-0.089814	-0.15073	-0.22825	-0.28638	-0.37318	-0.44111	-0.46843	-0.29864	-0.21864	-0.13234	0.021708	0.57701	1.1266	1.0919	0.53011	0.092058	-0.10917	-0.26237	-0.32357	-0.32438	-0.31952	-0.25616	-0.17396	-0.16513	-0.11678	-0.060602	0.027021	0.063305	1.5888
