12002	1	3	91	27	757	1	10	4	0.582	128	4096	10	0	0	0	0	74.493	976.2	1.4492e+006	0.11756	0.024632	40.825	0	0	1	0	0	0	11	0	0
951.99	0.020782	-0.010179	-0.16229	-0.32048	-0.42979	-0.57799	-0.76034	-1.0175	-1.2574	-1.8376	-2.4784	-2.9719	-1.7868	-3.8083	-2.1889	-0.53583	0.36867	0.86935	0.87016	0.61619	0.41285	0.2524	0.13402	0.081361	0.035705	0.018139	0.003342	0.020845	0.052882	0.045191	8.8803
952.2	0.017516	-0.02539	-0.16466	-0.30144	-0.43058	-0.552	-0.75335	-1.0245	-1.2773	-1.9641	-2.4333	-3.138	-1.8104	-4.0298	-2.3963	-0.6698	0.32273	0.87347	0.86457	0.63449	0.43987	0.25567	0.13558	0.068471	0.042456	0.025219	-0.00054277	0.027465	0.035092	0.04518	9.0888
951.78	0.019972	-0.024639	-0.176	-0.29604	-0.44675	-0.56518	-0.76354	-1.0386	-1.3019	-1.8972	-2.4968	-3.273	-1.8994	-4.2222	-2.562	-0.63656	0.25526	0.86092	0.8796	0.64651	0.44885	0.26658	0.15382	0.07816	0.037967	0.016569	0.0041211	0.023796	0.044001	0.049103	9.2897
951.03	0.012639	-0.023896	-0.16567	-0.30656	-0.44444	-0.56821	-0.77475	-1.0612	-1.3193	-1.9919	-2.6148	-3.2672	-1.8688	-4.2494	-2.7635	-0.93075	0.21679	0.86591	0.88492	0.6596	0.44361	0.30753	0.16423	0.097553	0.059805	0.01737	0.028238	0.024551	0.036752	0.044455	9.4831
949.65	0.011023	-0.010966	-0.15623	-0.30383	-0.46555	-0.59324	-0.7812	-1.066	-1.3508	-2.122	-2.6544	-3.3723	-1.8153	-4.5103	-2.9325	-0.88168	0.14531	0.85075	0.88389	0.66981	0.47144	0.283	0.1724	0.099311	0.053867	0.031602	0.010361	0.027539	0.040858	0.036694	9.7005
947.31	0.0020339	-0.017874	-0.18735	-0.303	-0.4337	-0.57738	-0.78541	-1.0694	-1.3503	-2.0762	-2.8133	-3.4226	-1.9083	-4.6491	-2.9485	-1.145	0.090676	0.83552	0.89227	0.69926	0.49906	0.30957	0.1768	0.1222	0.071367	0.041173	0.014292	0.013551	0.057206	0.028942	9.8863
948.37	0.0053048	-0.0086898	-0.17098	-0.29789	-0.43766	-0.58019	-0.77464	-1.0949	-1.3636	-2.1164	-2.7206	-3.3099	-1.9464	-4.7954	-3.1626	-0.98385	0.063915	0.85016	0.91757	0.70184	0.51451	0.3259	0.1893	0.11964	0.070531	0.054561	0.040018	0.037179	0.035233	0.025776	10.09
948.48	0.0036678	-0.007161	-0.15158	-0.29151	-0.46434	-0.58965	-0.77912	-1.1125	-1.3907	-2.0907	-2.7293	-3.2425	-1.914	-4.9224	-3.2666	-1.2193	0.02756	0.82757	0.89272	0.70092	0.50245	0.35004	0.19404	0.12851	0.07882	0.051393	0.046254	0.02905	0.036851	0.024991	10.291
949.01	-0.0020615	-0.015553	-0.17087	-0.31832	-0.44627	-0.59364	-0.79844	-1.0933	-1.4203	-2.1489	-3.0141	-3.3913	-1.8969	-5.1029	-3.4994	-1.4121	-0.063678	0.81759	0.89453	0.71483	0.52297	0.34151	0.20345	0.13247	0.084805	0.056103	0.036094	0.029034	0.033589	0.035154	10.473
946.24	-0.021761	-0.016365	-0.17541	-0.31209	-0.43865	-0.61533	-0.83202	-1.1338	-1.4409	-2.0871	-3.0229	-3.3928	-1.854	-5.4374	-3.4573	-1.5427	-0.1092	0.79916	0.89017	0.7574	0.53975	0.37343	0.22154	0.13853	0.10244	0.059435	0.057311	0.038745	0.036938	0.030547	10.664
944.76	0.0028608	-0.012557	-0.14893	-0.33329	-0.46081	-0.62672	-0.85242	-1.1323	-1.4722	-2.1927	-3.0007	-3.6841	-1.8489	-5.654	-3.6723	-1.5705	-0.17668	0.78739	0.89158	0.75606	0.55908	0.37569	0.22269	0.13388	0.089729	0.055563	0.051135	0.04474	0.039442	0.029807	10.916
945.71	-0.0111	-0.029392	-0.16903	-0.32022	-0.47017	-0.60439	-0.85613	-1.1303	-1.498	-2.3182	-2.9618	-3.7223	-1.9116	-5.7442	-3.8081	-1.6448	-0.21296	0.79527	0.89222	0.76035	0.56976	0.37531	0.24157	0.14428	0.094931	0.067392	0.051084	0.053586	0.028823	0.017991	11.045
943.9	-0.0053629	-0.024844	-0.16043	-0.31366	-0.45495	-0.6099	-0.8402	-1.1642	-1.5001	-2.2629	-3.1294	-3.6285	-1.9071	-5.6831	-3.9465	-1.9101	-0.31238	0.75418	0.88927	0.76519	0.5789	0.39948	0.23565	0.16566	0.10042	0.075464	0.055883	0.043295	0.04926	0.019601	11.252
945.29	-0.01439	-0.033237	-0.17154	-0.31718	-0.44088	-0.62898	-0.86262	-1.1714	-1.5332	-2.3193	-3.2326	-3.8248	-1.9447	-5.9627	-3.9756	-1.9748	-0.36461	0.74527	0.86779	0.76829	0.57885	0.40057	0.25203	0.16542	0.11465	0.072975	0.052672	0.043231	0.042674	0.037651	11.455
944.65	-0.020977	-0.035559	-0.16679	-0.33014	-0.45996	-0.6155	-0.88229	-1.1892	-1.5365	-2.3294	-3.2437	-3.8527	-1.8976	-6.0788	-4.1442	-1.9677	-0.39892	0.731	0.8808	0.78655	0.60175	0.42177	0.26096	0.18256	0.11245	0.080164	0.061321	0.052904	0.041887	0.015652	11.644
940.61	-0.0070318	-0.030321	-0.16018	-0.34117	-0.46284	-0.62774	-0.86998	-1.1959	-1.573	-2.425	-3.1223	-3.8101	-1.7598	-6.2657	-4.618	-2.1204	-0.51547	0.70709	0.86432	0.77042	0.60272	0.4261	0.27729	0.18497	0.11066	0.076523	0.060012	0.044937	0.02898	0.02283	11.853
942.31	-0.029269	-0.034109	-0.17371	-0.33176	-0.49697	-0.6388	-0.88066	-1.2466	-1.5953	-2.3694	-3.3239	-3.9212	-1.9023	-6.4951	-4.5834	-2.3791	-0.58202	0.67706	0.86587	0.8046	0.62984	0.44296	0.28478	0.20496	0.13171	0.10104	0.067755	0.047085	0.034642	0.031461	12.054
942.2	-0.018559	-0.04872	-0.17942	-0.31422	-0.44232	-0.62581	-0.88305	-1.246	-1.6057	-2.4295	-3.2792	-4.0566	-1.8944	-6.6001	-4.8027	-2.4132	-0.67315	0.64926	0.86519	0.803	0.62507	0.44972	0.28321	0.20905	0.13476	0.099462	0.065406	0.04263	0.010963	0.014116	12.218
942.41	-0.014434	-0.032569	-0.15662	-0.29898	-0.45926	-0.64831	-0.89816	-1.2384	-1.5991	-2.4545	-3.4046	-4.0051	-1.894	-6.8152	-4.9504	-2.5736	-0.73072	0.63431	0.83619	0.80535	0.6346	0.45214	0.28315	0.19031	0.13018	0.10262	0.074813	0.038903	0.024023	0.01096	12.358
943.27	-0.023476	-0.04636	-0.17678	-0.33462	-0.46064	-0.6338	-0.87441	-1.2657	-1.6086	-2.4267	-3.4285	-4.0857	-1.9893	-6.8732	-5.1383	-2.8505	-0.82671	0.6085	0.84244	0.82155	0.65496	0.46262	0.29486	0.221	0.1384	0.096966	0.074746	0.053725	0.045213	0.017251	12.51
942.2	-0.034216	-0.0541	-0.16153	-0.31023	-0.4782	-0.64585	-0.89301	-1.2582	-1.6081	-2.4124	-3.5045	-4.2083	-1.8944	-6.9933	-5.1091	-2.8875	-0.87643	0.60309	0.82782	0.82078	0.64039	0.45643	0.31117	0.21474	0.14691	0.10423	0.072474	0.049322	0.028931	0.020426	12.661
939.86	-0.029345	-0.046528	-0.15215	-0.32302	-0.47669	-0.62475	-0.90521	-1.2556	-1.6554	-2.4269	-3.3325	-4.2442	-1.9884	-7.1636	-5.2183	-2.8693	-0.90307	0.57577	0.8213	0.82707	0.65895	0.47103	0.30554	0.21609	0.15184	0.11087	0.074228	0.054664	0.029819	0.022849	12.813
939.97	-0.047515	-0.045753	-0.15866	-0.32538	-0.48473	-0.64825	-0.88592	-1.253	-1.6898	-2.4524	-3.4948	-4.1845	-1.9313	-7.4523	-5.3494	-3.0812	-0.9861	0.57483	0.81808	0.84141	0.67342	0.49453	0.32312	0.22829	0.16247	0.10847	0.075793	0.048694	0.021629	0.01415	12.922
940.5	-0.051615	-0.048037	-0.15857	-0.3396	-0.49523	-0.6636	-0.9299	-1.2694	-1.6873	-2.5366	-3.6734	-4.2751	-1.9465	-7.4963	-5.4954	-3.1897	-1.0434	0.54658	0.81918	0.83839	0.66738	0.49678	0.33255	0.24038	0.15858	0.10681	0.07575	0.050902	0.024891	0.0015027	13
939.97	-0.040907	-0.064244	-0.15702	-0.31497	-0.46945	-0.63254	-0.89897	-1.266	-1.6929	-2.4952	-3.6393	-4.3536	-1.9476	-7.6051	-5.4898	-3.1321	-1.0725	0.54252	0.79623	0.84481	0.68069	0.49201	0.32873	0.23155	0.17617	0.12441	0.089173	0.052421	0.021632	0.0022936	13.104
941.67	-0.044129	-0.076434	-0.17952	-0.3216	-0.43629	-0.6558	-0.9341	-1.2873	-1.7119	-2.4822	-3.5155	-4.4722	-1.9117	-7.6476	-5.5061	-3.0332	-1.0844	0.5398	0.79791	0.84667	0.67946	0.50204	0.33693	0.23927	0.16522	0.11543	0.083513	0.047117	0.0068822	0.003078	13.236
938.9	-0.049222	-0.062775	-0.14904	-0.32735	-0.45648	-0.65336	-0.90382	-1.2585	-1.709	-2.5409	-3.7067	-4.4262	-1.8442	-7.646	-5.5487	-3.3142	-1.1137	0.53352	0.80104	0.84152	0.68631	0.49846	0.34193	0.24079	0.16266	0.11897	0.075879	0.056959	0.014278	0.007834	13.345
940.07	-0.046682	-0.064238	-0.15945	-0.29492	-0.46939	-0.65342	-0.92265	-1.3083	-1.699	-2.5378	-3.6931	-4.4967	-1.9636	-7.7329	-5.7611	-3.2676	-1.1482	0.52063	0.7938	0.83367	0.67899	0.49616	0.34391	0.25435	0.16474	0.11802	0.094672	0.057634	0.02163	0.0062444	13.47
940.39	-0.057401	-0.081929	-0.15695	-0.31563	-0.45396	-0.62876	-0.90009	-1.2508	-1.7221	-2.5797	-3.5293	-4.4867	-1.9386	-7.8268	-5.7767	-3.2835	-1.1714	0.49863	0.78105	0.84782	0.69007	0.50608	0.34059	0.24448	0.1662	0.12834	0.069467	0.047181	0.0060722	-0.007979	13.483
937.41	-0.058412	-0.065193	-0.16481	-0.32306	-0.48064	-0.59748	-0.90064	-1.2866	-1.7291	-2.5879	-3.6221	-4.5518	-1.9936	-7.9888	-5.7599	-3.362	-1.2054	0.49059	0.78119	0.85732	0.70846	0.51444	0.34087	0.23219	0.17436	0.12715	0.094152	0.050321	0.0011656	-0.0087966	13.539
939.01	-0.072369	-0.082822	-0.17514	-0.30086	-0.47442	-0.65154	-0.9091	-1.2877	-1.7096	-2.6436	-3.6611	-4.4511	-2.0145	-7.7659	-5.8467	-3.3053	-1.2017	0.49063	0.79939	0.84397	0.69109	0.51609	0.34189	0.25382	0.1634	0.11576	0.091628	0.045012	0.017554	-0.011948	13.569
938.69	-0.068258	-0.068192	-0.16295	-0.30658	-0.47458	-0.66138	-0.90019	-1.298	-1.7086	-2.5415	-3.8071	-4.4864	-1.9583	-7.8651	-5.919	-3.4509	-1.2258	0.47942	0.79028	0.85106	0.68808	0.507	0.3396	0.24166	0.16879	0.11341	0.086932	0.034578	0.0069025	-0.010368	13.61
939.33	-0.057466	-0.083566	-0.16366	-0.31599	-0.45897	-0.61374	-0.93259	-1.2857	-1.7232	-2.6084	-3.6599	-4.6694	-2.0463	-7.9081	-5.9325	-3.4061	-1.238	0.46774	0.79052	0.84538	0.69974	0.50581	0.34498	0.25047	0.16639	0.13966	0.082935	0.056933	0.012634	0.0094146	13.676
937.52	-0.067516	-0.065959	-0.17133	-0.30696	-0.45445	-0.64294	-0.91054	-1.2751	-1.725	-2.5275	-3.685	-4.4751	-1.9933	-8.0282	-5.8208	-3.5319	-1.2281	0.49228	0.78423	0.86574	0.70271	0.51438	0.34886	0.24605	0.16595	0.12474	0.093353	0.056294	0.0069127	-0.012759	13.659
936.77	-0.094093	-0.075288	-0.17228	-0.30801	-0.46112	-0.64696	-0.87277	-1.3063	-1.7137	-2.6585	-3.8149	-4.4701	-2.0031	-8.0588	-6.0984	-3.6965	-1.2741	0.47953	0.79033	0.86472	0.70084	0.52238	0.3411	0.24788	0.16761	0.10404	0.074473	0.039883	0.01431	-0.015147	13.671
936.88	-0.076678	-0.07296	-0.15264	-0.31842	-0.45656	-0.62761	-0.91116	-1.2947	-1.7317	-2.598	-3.751	-4.5375	-2.0354	-8.0659	-5.9744	-3.4747	-1.2657	0.50225	0.79729	0.86633	0.69509	0.50967	0.33945	0.22986	0.17293	0.10803	0.087099	0.056333	-0.0004756	-0.019906	13.694
938.8	-0.057498	-0.07821	-0.17109	-0.29933	-0.42143	-0.6272	-0.89624	-1.3117	-1.7203	-2.4897	-3.6981	-4.5705	-2.0069	-7.977	-5.9534	-3.4166	-1.2738	0.47063	0.77847	0.86626	0.70014	0.50862	0.33475	0.23674	0.17792	0.12697	0.084557	0.046514	0.00034618	-0.0056181	13.732
939.65	-0.064884	-0.073517	-0.1636	-0.30386	-0.46061	-0.59868	-0.91616	-1.2909	-1.751	-2.6761	-3.7942	-4.6425	-1.932	-8.1629	-5.8778	-3.5069	-1.2677	0.49029	0.77386	0.84764	0.68657	0.50985	0.34887	0.23734	0.16786	0.11568	0.080545	0.054676	-0.0053899	-0.0016601	13.706
937.84	-0.080739	-0.085243	-0.15983	-0.29161	-0.44979	-0.63922	-0.90331	-1.2656	-1.7283	-2.5181	-3.8558	-4.6091	-1.952	-8.1061	-5.9507	-3.6328	-1.2595	0.49474	0.79726	0.86374	0.69438	0.50746	0.35115	0.25332	0.1781	0.11671	0.068866	0.051046	0.0028084	-0.0080008	13.688
937.63	-0.063367	-0.081399	-0.16314	-0.29569	-0.49855	-0.62098	-0.91506	-1.2847	-1.7406	-2.6217	-3.7661	-4.5508	-2.0501	-8.0515	-5.9785	-3.5229	-1.2582	0.47384	0.78414	0.84266	0.70182	0.50589	0.33918	0.24194	0.16517	0.12313	0.075982	0.0533	0.0069119	-0.0064186	13.71
936.46	-0.064275	-0.079953	-0.16907	-0.32821	-0.46308	-0.64455	-0.91312	-1.2691	-1.7348	-2.6422	-3.5986	-4.5565	-2.1504	-8.1423	-6.0652	-3.4592	-1.2532	0.47794	0.79217	0.84457	0.69702	0.52425	0.34282	0.25042	0.15774	0.12888	0.072919	0.036906	0.0093845	-0.018327	13.695
939.86	-0.067348	-0.077353	-0.16764	-0.29499	-0.4641	-0.61077	-0.88832	-1.2751	-1.7286	-2.6326	-3.6939	-4.5907	-1.9803	-7.9921	-5.9379	-3.557	-1.2413	0.48669	0.78618	0.8483	0.69369	0.52067	0.35359	0.24218	0.16402	0.11008	0.080527	0.059882	0.012627	-0.021423	13.698
938.8	-0.073212	-0.062011	-0.15722	-0.27928	-0.44753	-0.63245	-0.91852	-1.2994	-1.7187	-2.6099	-3.7705	-4.579	-2.0556	-7.8884	-5.971	-3.4506	-1.2403	0.49249	0.78941	0.84246	0.70337	0.5002	0.33235	0.23429	0.15887	0.10222	0.074312	0.033827	0.0060825	-0.0048286	13.704
939.01	-0.076504	-0.075879	-0.17269	-0.31129	-0.46272	-0.62619	-0.90833	-1.2755	-1.7025	-2.6007	-3.6792	-4.6879	-2.0714	-8.0557	-5.9345	-3.5772	-1.2498	0.47489	0.77439	0.86097	0.69189	0.50598	0.33147	0.2375	0.16112	0.11097	0.072721	0.032327	-0.0021142	-0.010365	13.724
935.82	-0.065149	-0.073818	-0.18146	-0.30269	-0.43902	-0.64587	-0.89833	-1.3044	-1.6965	-2.4805	-3.5919	-4.3644	-2.0051	-7.8651	-5.8843	-3.4786	-1.1968	0.48177	0.78252	0.83235	0.68614	0.50349	0.33341	0.23913	0.1502	0.11295	0.066643	0.026447	-0.0037651	-0.020722	13.652
939.33	-0.06656	-0.061976	-0.1449	-0.30317	-0.45177	-0.59452	-0.89497	-1.2905	-1.7098	-2.5484	-3.6418	-4.2127	-1.9408	-7.7874	-5.7569	-3.2787	-1.1523	0.5158	0.78584	0.83773	0.66902	0.4915	0.33296	0.22356	0.14736	0.092585	0.072696	0.036793	0.0028039	-0.015898	13.555
941.56	-0.066402	-0.051829	-0.15757	-0.29925	-0.44711	-0.60618	-0.89361	-1.2606	-1.6736	-2.5509	-3.6602	-4.2956	-1.9929	-7.6404	-5.5418	-3.2709	-1.0992	0.51109	0.80033	0.84507	0.66905	0.49789	0.31218	0.21977	0.14245	0.086794	0.068594	0.038938	-0.00047324	-0.013494	13.429
939.65	-0.054141	-0.080454	-0.18154	-0.29746	-0.4795	-0.60654	-0.88085	-1.2567	-1.673	-2.4361	-3.6134	-4.2958	-2.1106	-7.5755	-5.4829	-3.2096	-1.0598	0.52698	0.79182	0.83405	0.66556	0.48376	0.30481	0.2031	0.13969	0.098934	0.066372	0.033051	0.002803	-0.010358	13.257
936.67	-0.044365	-0.055966	-0.15104	-0.28956	-0.45847	-0.60234	-0.88442	-1.2918	-1.6594	-2.547	-3.5977	-4.1993	-2.0522	-7.4221	-5.4122	-2.9813	-0.97976	0.56108	0.81078	0.82563	0.66363	0.47601	0.31623	0.20783	0.13708	0.099249	0.058684	0.032408	-0.00047571	-0.021496	13.129
939.54	-0.056627	-0.06119	-0.1677	-0.29268	-0.43278	-0.62845	-0.88939	-1.2234	-1.6307	-2.5221	-3.5867	-4.2541	-1.9485	-7.1821	-5.2465	-2.9212	-0.94741	0.58645	0.82314	0.82141	0.6519	0.47624	0.31125	0.2072	0.12677	0.085386	0.055357	0.027089	0.017544	-0.0095685	13.01
941.24	-0.041676	-0.055694	-0.15437	-0.29295	-0.43649	-0.62034	-0.89545	-1.2008	-1.6521	-2.5346	-3.499	-4.2042	-2.0341	-7.2253	-5.1231	-2.9329	-0.88628	0.57405	0.81151	0.8089	0.64669	0.46614	0.2947	0.1938	0.12274	0.091599	0.060757	0.032251	0.0093367	0.014131	12.892
939.86	-0.024386	-0.04807	-0.13911	-0.28217	-0.46231	-0.60204	-0.88756	-1.2597	-1.6223	-2.5212	-3.3596	-4.2019	-2.0939	-6.9625	-5.1306	-2.5891	-0.81096	0.60372	0.83534	0.82198	0.63875	0.45168	0.29914	0.19735	0.13662	0.094127	0.058485	0.041244	0.017538	-0.0056117	12.751
939.75	-0.040916	-0.033433	-0.1644	-0.30143	-0.47135	-0.61172	-0.87921	-1.2084	-1.6217	-2.3415	-3.4685	-4.0671	-1.9237	-6.9632	-4.982	-2.6828	-0.79393	0.61776	0.82841	0.80763	0.63397	0.44668	0.29196	0.19981	0.12674	0.090949	0.054556	0.038266	0.024911	-0.004032	12.574
939.22	-0.031844	-0.04656	-0.17102	-0.30801	-0.47252	-0.60769	-0.86282	-1.2246	-1.6045	-2.5572	-3.38	-4.0779	-2.0466	-6.766	-4.8443	-2.6588	-0.73565	0.64083	0.84685	0.79535	0.63353	0.4503	0.2801	0.19503	0.11996	0.088605	0.055376	0.035304	0.024104	0.0086235	12.435
941.14	-0.026004	-0.027226	-0.16579	-0.31298	-0.4536	-0.6239	-0.85723	-1.1896	-1.5957	-2.3808	-3.3822	-3.8501	-2.0586	-6.5594	-4.6592	-2.4668	-0.64705	0.64563	0.84824	0.80305	0.61206	0.44435	0.28193	0.19219	0.11819	0.079665	0.061551	0.027043	0.013428	0.00071114	12.269
941.14	-0.0078539	-0.034151	-0.14299	-0.29538	-0.45809	-0.60733	-0.86183	-1.1733	-1.5651	-2.3295	-3.2649	-3.8586	-2.0019	-6.5273	-4.5803	-2.3057	-0.59658	0.67006	0.84902	0.78694	0.59996	0.42502	0.27234	0.17428	0.11515	0.086833	0.046615	0.037467	0.0068861	0.00071114	12.104
943.9	-0.02017	-0.042493	-0.15069	-0.2993	-0.45227	-0.58902	-0.85243	-1.1885	-1.5597	-2.2885	-3.3003	-3.8557	-2.0283	-6.396	-4.4358	-2.2736	-0.56075	0.67418	0.85352	0.79225	0.59579	0.41708	0.26277	0.17296	0.12391	0.062759	0.053532	0.034387	0.022355	0.010156	11.906
942.1	-0.030099	-0.043343	-0.14935	-0.29588	-0.45403	-0.62675	-0.83875	-1.1941	-1.5226	-2.3186	-3.1444	-3.88	-2.0403	-6.2157	-4.2955	-2.1255	-0.47237	0.71817	0.8684	0.78021	0.59371	0.41284	0.27126	0.16923	0.1082	0.06447	0.041071	0.02776	0.022398	0.006231	11.721
941.99	-0.021036	-0.02797	-0.16564	-0.27914	-0.4496	-0.61201	-0.82736	-1.1893	-1.5307	-2.1991	-3.1087	-3.7117	-2.0648	-6.1361	-4.2172	-1.9987	-0.42525	0.72522	0.86538	0.77353	0.5833	0.39778	0.23853	0.15786	0.10442	0.067661	0.041075	0.019579	0.016682	-0.0032326	11.556
946.24	-0.011915	-0.032437	-0.16165	-0.32084	-0.44401	-0.59971	-0.85413	-1.1524	-1.5105	-2.2148	-3.0947	-3.737	-2.0556	-5.9168	-4.0065	-1.9644	-0.35452	0.73063	0.86847	0.76499	0.58469	0.38847	0.23427	0.14582	0.10849	0.061019	0.047145	0.025415	0.014167	0.020339	11.377
942.84	-0.0086628	-0.024872	-0.15492	-0.29166	-0.46085	-0.59404	-0.82585	-1.1509	-1.4963	-2.2997	-3.0969	-3.6157	-2.0144	-5.7778	-3.9597	-1.7937	-0.30624	0.75416	0.86771	0.74828	0.56586	0.37729	0.2431	0.13497	0.080808	0.052496	0.043392	0.027738	0.020749	0.014107	11.17
941.03	-0.0012543	-0.038004	-0.15766	-0.30102	-0.46353	-0.61263	-0.80904	-1.1457	-1.4725	-2.2955	-3.0757	-3.5636	-2.0913	-5.6202	-3.8884	-1.7463	-0.24658	0.76783	0.88575	0.75905	0.54919	0.36793	0.22677	0.13767	0.086285	0.042243	0.03247	0.026301	0.020789	0.019661	11.002
944.12	-0.0028957	-0.047085	-0.16364	-0.31518	-0.43606	-0.6028	-0.80487	-1.1225	-1.4598	-2.1686	-2.9937	-3.6697	-1.9552	-5.4576	-3.6311	-1.5631	-0.19628	0.78271	0.87741	0.74051	0.55061	0.34998	0.21726	0.13154	0.081457	0.056394	0.030796	0.032894	0.030501	0.028253	10.82
943.16	0.0053357	-0.017952	-0.15324	-0.31311	-0.46159	-0.56773	-0.79651	-1.1066	-1.4323	-2.1366	-2.8977	-3.4545	-2.127	-5.2548	-3.4774	-1.4547	-0.11119	0.79394	0.88531	0.7328	0.52702	0.35034	0.2079	0.1268	0.076231	0.043736	0.030041	0.026242	0.031349	0.022769	10.593
945.5	0.0036809	-0.020206	-0.15124	-0.28765	-0.42469	-0.59063	-0.81132	-1.0828	-1.4131	-2.208	-2.8367	-3.3535	-1.9684	-5.1058	-3.399	-1.4089	-0.058242	0.81715	0.87536	0.71748	0.50724	0.34111	0.21058	0.12081	0.073015	0.034909	0.021362	0.043222	0.032083	0.032142	10.389
944.76	-0.011934	-0.026354	-0.18623	-0.31019	-0.44202	-0.58849	-0.79288	-1.0934	-1.4017	-2.0563	-2.758	-3.3646	-2.075	-4.9178	-3.1922	-1.2748	0.013073	0.81345	0.88148	0.71298	0.49157	0.3238	0.18524	0.10226	0.069288	0.029385	0.023728	0.011362	0.020707	0.019583	10.227
945.39	0.015178	-0.020975	-0.15045	-0.29485	-0.42742	-0.58723	-0.82438	-1.0935	-1.3812	-1.9952	-2.6753	-3.3959	-2.0171	-5.0184	-3.033	-1.1389	0.032513	0.82419	0.8677	0.69561	0.49525	0.30602	0.18034	0.090842	0.059406	0.034913	0.014321	0.02099	0.019878	0.031358	10.061
946.78	0.020898	-0.0018191	-0.15185	-0.28806	-0.45	-0.58984	-0.80109	-1.0805	-1.3604	-2.1029	-2.6266	-3.2819	-1.998	-4.7476	-2.9589	-1.0951	0.084252	0.84466	0.88347	0.68532	0.48009	0.3039	0.17849	0.097183	0.058564	0.03961	0.0088302	0.025401	0.03204	0.036021	9.8515
947.2	0.0036727	-0.013289	-0.15502	-0.2919	-0.43374	-0.57744	-0.77408	-1.0768	-1.3176	-2.0425	-2.5895	-3.3139	-1.9488	-4.49	-2.9053	-0.94295	0.14083	0.83735	0.88618	0.66564	0.46464	0.29458	0.1641	0.088242	0.044946	0.018231	0.0057023	0.0031971	0.029588	0.02973	9.6296
946.99	0.011054	-0.012526	-0.15829	-0.29753	-0.42581	-0.5663	-0.76283	-1.0228	-1.3413	-1.9919	-2.4915	-3.1889	-2.1345	-4.3713	-2.636	-0.82518	0.19668	0.84361	0.87088	0.66242	0.45833	0.27962	0.1554	0.076128	0.047975	0.026149	0.0096105	0.0024569	0.02472	0.032874	9.4861
947.63	0.011046	-0.018633	-0.16546	-0.29813	-0.4389	-0.57112	-0.73187	-1.0319	-1.3178	-1.999	-2.3733	-3.1616	-1.9882	-4.137	-2.5123	-0.74883	0.26527	0.8517	0.86565	0.64008	0.43479	0.27859	0.14179	0.071227	0.029075	0.0055693	0.008042	0.0054142	0.023891	0.029717	9.2686
948.9	0.021669	-0.014791	-0.15474	-0.27948	-0.42762	-0.55651	-0.74152	-1.0111	-1.2731	-1.9879	-2.4238	-3.0987	-2.0177	-3.9004	-2.422	-0.57962	0.33031	0.87131	0.87608	0.61062	0.4206	0.25072	0.13922	0.065478	0.038834	0.0047709	0.0017945	0.020913	0.033591	0.042987	9.0511
949.65	0.023287	-0.016304	-0.14655	-0.30066	-0.40415	-0.56212	-0.74018	-0.99175	-1.255	-1.8082	-2.4577	-3.0712	-1.9197	-3.8256	-2.1162	-0.60437	0.36555	0.85767	0.85608	0.6177	0.40827	0.23804	0.12722	0.050099	0.035038	0.0016091	-0.0052188	0.0098288	0.035186	0.043736	8.8607
947.95	0.020871	-0.01939	-0.15409	-0.28691	-0.41647	-0.54408	-0.74151	-0.99191	-1.2432	-1.8199	-2.3008	-2.951	-1.907	-3.665	-2.0765	-0.42026	0.40904	0.87999	0.87155	0.61966	0.40901	0.2368	0.11712	0.033216	0.014729	-0.00075855	-0.023177	0.023892	0.025508	0.031274	8.6688
949.97	0.033905	-0.017061	-0.15295	-0.29977	-0.40313	-0.52824	-0.72551	-0.95835	-1.2102	-1.8161	-2.2334	-2.8695	-1.9913	-3.5856	-1.9852	-0.27653	0.44607	0.86948	0.84422	0.5839	0.38256	0.20799	0.10895	0.032341	0.013192	-0.010223	-0.0067752	0.0098255	0.027073	0.035119	8.4844
951.24	0.014267	-0.019323	-0.15275	-0.29146	-0.40525	-0.52667	-0.70937	-0.95465	-1.1868	-1.6273	-2.0429	-2.59	-2.0047	-3.4298	-1.8785	-0.20905	0.47849	0.86917	0.8454	0.57472	0.36288	0.20272	0.10643	0.036324	0.0033995	-0.014937	-0.0052101	0.0068661	0.02461	0.036634	8.2924
951.78	0.027313	-0.012463	-0.15669	-0.28496	-0.39171	-0.51947	-0.7014	-0.94365	-1.1667	-1.7195	-2.0596	-2.7305	-1.9074	-3.2293	-1.7648	-0.20056	0.52894	0.873	0.83799	0.55847	0.3555	0.19098	0.088973	0.018594	-0.0033664	-0.00863	-0.025416	0.010544	0.02864	0.036612	8.0943
951.14	0.033047	-0.016278	-0.15518	-0.26537	-0.41241	-0.51637	-0.68974	-0.92173	-1.1216	-1.6868	-2.0521	-2.6237	-1.9648	-3.0486	-1.6533	-0.11679	0.5599	0.86323	0.83778	0.55213	0.34296	0.17199	0.071622	0.018608	-0.012393	-0.019667	-0.015321	0.0039216	0.031893	0.048354	7.8977
952.41	0.024849	0.01188	-0.15095	-0.28793	-0.40387	-0.52947	-0.70093	-0.90923	-1.1279	-1.7184	-1.9869	-2.5452	-1.818	-2.8937	-1.6337	0.00067592	0.60339	0.87586	0.82433	0.52123	0.32337	0.17176	0.060463	0.0089295	-0.019135	-0.019641	-0.015301	0.011272	0.043971	0.04673	7.7057
950.39	0.024905	-0.0071466	-0.14563	-0.27667	-0.39939	-0.50295	-0.66144	-0.89988	-1.1279	-1.7051	-2.1073	-2.2831	-1.9423	-2.8442	-1.4289	-0.074885	0.62241	0.86649	0.81297	0.49966	0.30888	0.15715	0.047917	-0.0095908	-0.018422	-0.033877	-0.018448	-0.0056604	0.024632	0.030413	7.5075
952.52	0.016694	-0.0071306	-0.15093	-0.27052	-0.38076	-0.51045	-0.67056	-0.91315	-1.0982	-1.4983	-1.9511	-2.4281	-1.8579	-2.7426	-1.2439	0.084459	0.65319	0.87318	0.81115	0.4952	0.30579	0.12857	0.04386	0.0024946	-0.020634	-0.025146	-0.04326	-0.0012349	0.032656	0.035025	7.3517
952.63	0.026475	-0.021576	-0.16137	-0.28629	-0.37451	-0.51987	-0.6667	-0.88088	-1.081	-1.5996	-1.933	-2.2861	-1.9137	-2.6788	-1.2091	0.15985	0.67805	0.87653	0.79566	0.48258	0.28424	0.12275	0.035165	-0.020023	-0.025887	-0.029864	-0.026171	-0.01521	0.015687	0.03892	7.1792
953.58	0.035404	-0.0033257	-0.15719	-0.27416	-0.37768	-0.46426	-0.6562	-0.87116	-1.0497	-1.5727	-1.8509	-2.2588	-1.9917	-2.6999	-1.1733	0.22662	0.70789	0.86446	0.78179	0.46117	0.27201	0.12179	0.022497	-0.022414	-0.037113	-0.036121	-0.026922	-0.0078475	0.028585	0.030312	7.0234
954.65	0.021539	-0.00028756	-0.14899	-0.28253	-0.37725	-0.47492	-0.63507	-0.85253	-1.0276	-1.5118	-1.9378	-2.248	-1.8377	-2.3484	-1.1029	0.25982	0.71995	0.86349	0.78168	0.46233	0.26932	0.1142	0.034301	-0.018377	-0.027331	-0.035296	-0.037739	-0.0071052	0.029358	0.041172	6.8705
954.43	0.028866	-0.01167	-0.14582	-0.26682	-0.36317	-0.49738	-0.63824	-0.84389	-1.0325	-1.5037	-1.7069	-2.0487	-1.8621	-2.2302	-0.88711	0.31003	0.7466	0.86025	0.76572	0.45073	0.24312	0.10263	0.013014	-0.042461	-0.029586	-0.041586	-0.04705	-0.021788	0.017271	0.045075	6.7343
954.54	0.013407	-0.026844	-0.15302	-0.2802	-0.35694	-0.47927	-0.62079	-0.83016	-1.0099	-1.3939	-1.8224	-1.9903	-1.9578	-2.1903	-0.7747	0.33508	0.76417	0.83951	0.74104	0.43061	0.22241	0.088537	0.010647	-0.038444	-0.033328	-0.051002	-0.04472	-0.019585	0.041456	0.056745	6.6404
954.65	0.024794	-0.009391	-0.12973	-0.27386	-0.36486	-0.4775	-0.62827	-0.83247	-0.99425	-1.419	-1.6977	-1.9235	-1.8058	-2.1821	-0.82644	0.39358	0.78174	0.86349	0.7471	0.41802	0.23034	0.077759	0.0090679	-0.050476	-0.052057	-0.049427	-0.04239	-0.016648	0.014043	0.025606	6.5087
956.77	0.02717	-0.013911	-0.12064	-0.26145	-0.35875	-0.47043	-0.62085	-0.809	-0.9874	-1.3654	-1.7294	-1.9939	-1.9054	-2.1062	-0.8246	0.38436	0.77279	0.84013	0.73241	0.39457	0.20205	0.070149	-0.0058995	-0.049562	-0.051941	-0.061067	-0.047708	-0.028328	0.042967	0.041858	6.4013
957.94	0.04416	-0.0063361	-0.15808	-0.2407	-0.36184	-0.457	-0.63364	-0.80242	-0.97384	-1.431	-1.6652	-2.1324	-1.9588	-2.0089	-0.77195	0.48386	0.78785	0.8391	0.73305	0.39493	0.19705	0.057681	-0.023966	-0.048704	-0.053371	-0.053168	-0.050739	-0.020978	0.033274	0.04801	6.3028
956.77	0.038533	-0.0086135	-0.12144	-0.25358	-0.37023	-0.45585	-0.60049	-0.80019	-0.95879	-1.2475	-1.614	-1.8694	-1.8576	-1.9165	-0.71254	0.43441	0.80482	0.82211	0.70635	0.37789	0.18935	0.061057	-0.023207	-0.059173	-0.057174	-0.054801	-0.036883	-0.022468	0.026075	0.028657	6.2105
956.03	0.019883	-0.0055901	-0.14477	-0.25299	-0.35196	-0.47595	-0.60171	-0.80002	-0.94251	-1.3917	-1.6863	-1.7877	-1.8032	-1.8943	-0.72171	0.50151	0.81988	0.8279	0.7161	0.37819	0.18156	0.05449	-0.020865	-0.066431	-0.075922	-0.059547	-0.056257	-0.026151	0.024487	0.030231	6.1151
957.73	0.019037	-0.0070918	-0.14931	-0.24625	-0.34251	-0.45453	-0.60818	-0.7946	-0.9447	-1.3892	-1.5947	-1.9339	-1.8637	-1.7567	-0.55682	0.53396	0.82242	0.81872	0.70104	0.35585	0.1741	0.049438	-0.031831	-0.067913	-0.074293	-0.071961	-0.056157	-0.020983	0.030068	0.035609	6.053
958.26	0.022267	-0.0048203	-0.15882	-0.24062	-0.33703	-0.44315	-0.59504	-0.79096	-0.92951	-1.4053	-1.5318	-1.709	-1.8786	-1.7163	-0.65118	0.51699	0.83235	0.80798	0.69913	0.35065	0.17876	0.032908	-0.030241	-0.064678	-0.076491	-0.082089	-0.052266	-0.022433	0.037277	0.03404	5.9818
957.73	0.036062	0.0034939	-0.15651	-0.2604	-0.33634	-0.44853	-0.57881	-0.7914	-0.94316	-1.2294	-1.373	-1.8592	-1.9672	-1.6936	-0.47932	0.61727	0.82002	0.80415	0.68037	0.35668	0.1741	0.044484	-0.037332	-0.071113	-0.065331	-0.068831	-0.058475	-0.037811	0.022033	0.034834	5.9258
958.37	0.019024	-0.0025524	-0.14841	-0.2508	-0.3511	-0.4568	-0.57993	-0.77648	-0.92014	-1.195	-1.4961	-1.7005	-1.8226	-1.7161	-0.44457	0.57525	0.84346	0.80276	0.6692	0.33979	0.15101	0.037029	-0.038878	-0.06387	-0.057825	-0.071913	-0.062295	-0.032666	0.031653	0.040236	5.8909
960.28	0.031115	-0.010845	-0.13615	-0.2409	-0.34512	-0.46358	-0.59079	-0.77334	-0.91215	-1.1591	-1.5727	-1.8295	-1.8031	-1.6733	-0.55534	0.44944	0.81704	0.80543	0.68238	0.34826	0.15229	0.034485	-0.047424	-0.074115	-0.072606	-0.084258	-0.061401	-0.03698	0.025179	0.044025	5.8137
960.6	0.02383	-0.02366	-0.14887	-0.24082	-0.34325	-0.46514	-0.57557	-0.77946	-0.92724	-1.209	-1.4661	-1.6635	-1.9534	-1.7829	-0.47789	0.5822	0.83113	0.78978	0.66993	0.34814	0.14354	0.027066	-0.056811	-0.093231	-0.062158	-0.073307	-0.049828	-0.024567	0.028376	0.03009	5.797
959.33	0.028717	0.0049986	-0.1299	-0.25055	-0.34194	-0.45292	-0.58762	-0.77012	-0.8984	-1.2778	-1.5035	-1.6408	-1.8288	-1.5174	-0.42694	0.59131	0.83942	0.78313	0.65706	0.32282	0.13028	0.011441	-0.048255	-0.081377	-0.075661	-0.078091	-0.071488	-0.030444	0.038843	0.040196	5.7455
958.47	0.026312	-0.019932	-0.13161	-0.25313	-0.33784	-0.46788	-0.59341	-0.77559	-0.8938	-1.2117	-1.5669	-1.6754	-1.8702	-1.5266	-0.53057	0.58349	0.84336	0.78383	0.65076	0.31894	0.13039	0.018877	-0.045157	-0.075055	-0.075728	-0.082852	-0.055342	-0.018773	0.030848	0.027055	5.7213
959.33	0.027908	-0.0025498	-0.15226	-0.24349	-0.34811	-0.43495	-0.58386	-0.77171	-0.87758	-1.1854	-1.4061	-1.5911	-1.8924	-1.4228	-0.29798	0.65785	0.84022	0.76345	0.63259	0.29786	0.12078	0.007319	-0.056102	-0.079779	-0.068205	-0.079654	-0.067632	-0.034825	0.033226	0.044071	5.7304
958.47	0.028743	-0.0010416	-0.13321	-0.24763	-0.35371	-0.42592	-0.57234	-0.75561	-0.90229	-1.1612	-1.3897	-1.7832	-1.7588	-1.566	-0.33267	0.62512	0.83217	0.77098	0.64157	0.32227	0.1399	0.0065025	-0.040445	-0.072655	-0.076474	-0.07816	-0.056886	-0.025353	0.02362	0.042557	5.7046
962.3	0.036699	-0.012327	-0.13666	-0.26777	-0.36196	-0.45408	-0.5888	-0.74863	-0.90639	-1.2989	-1.4635	-1.6935	-1.8707	-1.662	-0.46848	0.42361	0.82966	0.779	0.64588	0.3185	0.14565	0.017159	-0.050453	-0.077941	-0.084345	-0.076293	-0.062808	-0.023795	0.033923	0.034668	5.7152
958.26	0.023077	-0.0078447	-0.13484	-0.24298	-0.35379	-0.43629	-0.59429	-0.76297	-0.90094	-1.1951	-1.3811	-1.7421	-1.9502	-1.5033	-0.40159	0.57532	0.82836	0.77286	0.63942	0.30985	0.13359	0.0089796	-0.049094	-0.07667	-0.080969	-0.074268	-0.072338	-0.034133	0.038082	0.039467	5.688
958.9	0.015775	-0.019924	-0.14354	-0.24124	-0.3465	-0.45911	-0.58938	-0.76726	-0.89031	-1.2699	-1.3979	-1.7161	-1.7978	-1.5654	-0.34111	0.58323	0.84698	0.78091	0.65659	0.31796	0.14063	0.018042	-0.060051	-0.073423	-0.081661	-0.081252	-0.059174	-0.028994	0.01398	0.03634	5.747
959.33	0.019005	-0.013874	-0.14348	-0.24584	-0.34018	-0.44522	-0.58085	-0.75654	-0.89532	-1.3281	-1.5123	-1.6326	-1.789	-1.4464	-0.46993	0.60793	0.8474	0.77115	0.641	0.312	0.13582	0.023806	-0.051394	-0.076585	-0.074916	-0.072622	-0.052208	-0.018026	0.036434	0.031678	5.7743
959.11	0.016582	-0.004816	-0.13552	-0.2616	-0.34114	-0.44446	-0.59301	-0.76549	-0.8986	-1.3116	-1.4861	-1.666	-1.8212	-1.5965	-0.36684	0.65798	0.83321	0.76876	0.65262	0.31207	0.1303	0.013917	-0.057683	-0.075005	-0.077915	-0.083579	-0.059161	-0.047254	0.016384	0.028585	5.7122
960.07	0.023844	0.0027328	-0.13937	-0.26996	-0.36016	-0.45172	-0.58266	-0.77111	-0.88923	-1.1845	-1.4227	-1.7223	-1.8353	-1.469	-0.46097	0.53265	0.84196	0.78851	0.66114	0.31592	0.13017	0.014726	-0.06625	-0.070142	-0.086032	-0.078812	-0.056792	-0.03042	0.032399	0.032426	5.7304
960.81	0.027865	-0.0063171	-0.14804	-0.24703	-0.33438	-0.4488	-0.58671	-0.75058	-0.90471	-1.1752	-1.3509	-1.7375	-1.8259	-1.5858	-0.44344	0.6236	0.83652	0.79473	0.64993	0.33976	0.14904	0.015537	-0.037996	-0.062911	-0.057677	-0.061589	-0.049048	-0.014351	0.033175	0.047096	5.7561
960.81	0.028673	0.0042375	-0.14883	-0.25408	-0.36692	-0.47529	-0.57695	-0.77929	-0.91857	-1.3596	-1.5188	-1.7706	-1.9133	-1.6331	-0.56363	0.44087	0.82935	0.79388	0.67437	0.32813	0.14035	0.027884	-0.042697	-0.068492	-0.071077	-0.07251	-0.041348	-0.021646	0.034777	0.040134	5.7243
958.79	0.031163	-0.011617	-0.15953	-0.26875	-0.36505	-0.46858	-0.60148	-0.78173	-0.93979	-1.2869	-1.5486	-1.7412	-1.8457	-1.7627	-0.47879	0.52504	0.82311	0.79897	0.68497	0.33215	0.16678	0.040312	-0.03258	-0.062245	-0.069735	-0.075009	-0.052237	-0.015112	0.015586	0.022397	5.8334
960.39	0.023836	-0.0085811	-0.14172	-0.25968	-0.35212	-0.4396	-0.60875	-0.80037	-0.93207	-1.3686	-1.5637	-1.8293	-1.8188	-1.6416	-0.51235	0.61557	0.82413	0.80278	0.6907	0.36401	0.17441	0.047655	-0.028608	-0.046187	-0.056213	-0.055374	-0.038284	-0.015817	0.031586	0.045567	5.9985
958.69	0.036026	-0.028993	-0.15715	-0.26407	-0.36949	-0.47377	-0.61735	-0.80659	-0.94684	-1.4046	-1.6374	-1.9816	-1.8459	-1.9679	-0.62508	0.3919	0.80721	0.8179	0.69805	0.37797	0.18343	0.040318	-0.024732	-0.058255	-0.05109	-0.060163	-0.047613	-0.02023	0.022814	0.042548	6.1166
959.43	0.030333	-0.01614	-0.16023	-0.26386	-0.37713	-0.48367	-0.60184	-0.81794	-0.98235	-1.3448	-1.6184	-1.9553	-1.9478	-1.99	-0.78794	0.42488	0.8018	0.82582	0.7235	0.39099	0.19754	0.062535	-0.017653	-0.049428	-0.063724	-0.0484	-0.042949	-0.024597	0.03643	0.028577	6.2468
958.79	0.035212	-0.0017963	-0.14435	-0.26561	-0.35359	-0.47543	-0.61277	-0.83127	-0.99921	-1.4549	-1.646	-1.8903	-1.8536	-2.0229	-0.72825	0.41683	0.78875	0.84264	0.72857	0.40706	0.21034	0.07495	-0.0090287	-0.039073	-0.046609	-0.050777	-0.04452	-0.0056136	0.031639	0.043319	6.377
958.16	0.027942	-0.010112	-0.15404	-0.27835	-0.37764	-0.4886	-0.63952	-0.84142	-0.99447	-1.582	-1.78	-2.1237	-2.0141	-2.253	-1.0214	0.32551	0.76208	0.82692	0.74131	0.40067	0.22078	0.087378	-0.005891	-0.027904	-0.057837	-0.043771	-0.035285	-0.024629	0.036479	0.03094	6.539
958.37	0.031177	-0.0063304	-0.15721	-0.28615	-0.39078	-0.47736	-0.64615	-0.84523	-1.0213	-1.5312	-1.824	-2.0901	-1.9022	-2.1579	-0.90069	0.38373	0.77311	0.83359	0.7488	0.4214	0.23103	0.098085	0.0011783	-0.021501	-0.038421	-0.044543	-0.036821	-0.018775	0.034866	0.034811	6.6692
958.58	0.030359	-0.00028638	-0.14918	-0.26017	-0.37747	-0.49266	-0.63548	-0.83785	-1.0264	-1.5645	-1.7793	-2.0813	-1.8302	-2.2442	-0.90049	0.29205	0.74656	0.85738	0.76317	0.44295	0.25237	0.10054	0.025521	-0.0191	-0.033188	-0.038279	-0.027551	-0.01073	0.034858	0.026277	6.8493
959.86	0.023849	-0.0055679	-0.15696	-0.27472	-0.37521	-0.50655	-0.64665	-0.86387	-1.0397	-1.6379	-1.9273	-2.2358	-1.8754	-2.4145	-1.0969	0.25841	0.72242	0.85282	0.76063	0.44735	0.25916	0.11111	0.026272	-0.01668	-0.029419	-0.038228	-0.028286	-0.0070652	0.041223	0.050237	6.9855
956.14	0.025565	-0.019981	-0.18001	-0.29232	-0.39257	-0.4965	-0.66803	-0.87204	-1.0608	-1.5685	-1.9082	-2.2196	-1.8907	-2.4555	-1.0322	0.21769	0.69719	0.85871	0.77049	0.45994	0.26255	0.11899	0.033459	-0.011937	-0.017564	-0.028186	-0.030716	0.0039011	0.024484	0.053542	7.1308
956.99	0.037712	-0.016179	-0.16144	-0.28971	-0.41871	-0.5115	-0.67648	-0.87687	-1.0714	-1.6344	-1.8887	-2.2508	-1.8492	-2.5718	-1.1347	0.2175	0.68777	0.86481	0.79817	0.47954	0.28453	0.14284	0.029497	-0.011126	-0.021286	-0.028161	-0.022187	-0.0085514	0.020442	0.043401	7.2957
956.88	0.0020136	-0.024507	-0.16306	-0.28423	-0.40022	-0.51155	-0.67429	-0.91299	-1.1087	-1.6262	-1.9244	-2.3341	-1.8175	-2.7933	-1.3934	0.009024	0.65662	0.85891	0.80592	0.49211	0.30123	0.14369	0.046806	0.0040821	-0.021288	-0.020332	-0.017549	0.0016996	0.034115	0.021665	7.4909
956.24	0.023126	-0.019979	-0.15195	-0.2978	-0.39165	-0.5282	-0.6936	-0.92963	-1.1303	-1.7115	-2.1211	-2.427	-1.8985	-2.89	-1.4202	-0.066102	0.63302	0.85089	0.8149	0.52415	0.3189	0.1628	0.049987	0.015303	0.0011376	-0.026617	-0.018335	-0.0019625	0.033333	0.043435	7.5998
955.6	0.023955	-0.011656	-0.17129	-0.29564	-0.39456	-0.53285	-0.69331	-0.93827	-1.1403	-1.6283	-2.0336	-2.4868	-1.8279	-3.0423	-1.6024	-0.0076888	0.58695	0.87551	0.83233	0.53452	0.33977	0.18111	0.064198	0.016116	-0.0093403	-0.018006	-0.013702	0.0097676	0.029328	0.047352	7.8025
954.86	0.014216	-0.013182	-0.1634	-0.29824	-0.4223	-0.52639	-0.7014	-0.92937	-1.1668	-1.8321	-2.302	-2.497	-1.7495	-3.1239	-1.6036	-0.066198	0.57456	0.87361	0.8253	0.55416	0.33606	0.19699	0.076073	0.019337	-0.0056015	-0.0093866	-0.0082892	0.011243	0.031769	0.054391	7.996
954.33	0.0036453	-0.01319	-0.15948	-0.29998	-0.41811	-0.52754	-0.71842	-0.96681	-1.1799	-1.6643	-2.1431	-2.6316	-1.7584	-3.2999	-1.7601	-0.27527	0.50745	0.8698	0.84113	0.55949	0.35375	0.20373	0.086368	0.031389	0.01613	-0.0062507	-0.0013163	-0.0063723	0.045495	0.041186	8.1548
954.22	0.013411	-0.035202	-0.14745	-0.29528	-0.41904	-0.54911	-0.71018	-0.9605	-1.2032	-1.6645	-2.2768	-2.8483	-1.7586	-3.5221	-1.9072	-0.36731	0.47379	0.89398	0.86044	0.58129	0.38642	0.20789	0.10058	0.049859	0.028874	-0.00311	0.0056603	0.021532	0.036629	0.048199	8.3589
954.65	0.019099	-0.016218	-0.17708	-0.30619	-0.42859	-0.52995	-0.72649	-0.98094	-1.2322	-1.7312	-2.1869	-2.7972	-1.9176	-3.6076	-1.9496	-0.29191	0.44629	0.87639	0.85391	0.59274	0.39022	0.2285	0.091071	0.049033	0.023615	0.014948	-0.0020919	-0.010041	0.031776	0.040393	8.569
953.48	0.024009	-0.019278	-0.17007	-0.31525	-0.43177	-0.56073	-0.74175	-1.0087	-1.2352	-1.8009	-2.3499	-2.8839	-1.928	-3.7151	-1.9606	-0.51825	0.40827	0.8766	0.86034	0.6102	0.40584	0.23459	0.12039	0.056326	0.026646	0.011824	0.0064402	0.015668	0.026165	0.037327	8.7458
