13641	5	3	91	26.8	747	1	16	8	2.33	128	4096	10	0	0	0	0	298.24	935.26	1.4103e+006	0.11584	0.10011	40.213	0	0	1	0	0	0	11	0	0
851.93	0.03077	0.011359	-0.14356	-0.3249	-0.44862	-0.58528	-0.80734	-1.0825	-1.3645	-2.0876	-2.7123	-3.3132	-4.068	-4.859	-2.9688	-1.1091	0.047571	0.86061	0.91598	0.75551	0.57167	0.40849	0.28185	0.21314	0.17315	0.13365	0.1197	0.12438	0.089731	0.085296	11.023
870.09	0.04173	0.015283	-0.13088	-0.29736	-0.44412	-0.55137	-0.75236	-1.059	-1.37	-2.0255	-2.6264	-3.2897	-4.2899	-4.9227	-3.3049	-1.2877	-0.05908	0.81529	0.89518	0.74525	0.57545	0.41723	0.27684	0.21926	0.17529	0.14894	0.1257	0.1089	0.097589	0.083515	11.388
883.22	0.039349	0.012596	-0.11332	-0.29379	-0.42604	-0.57477	-0.77955	-1.0936	-1.3672	-2.0228	-2.6931	-3.3937	-4.4161	-5.1149	-3.3865	-1.4312	-0.16056	0.78459	0.88436	0.77121	0.59269	0.43073	0.29318	0.23855	0.20346	0.15098	0.13221	0.12156	0.094395	0.10246	11.781
891.65	0.023302	0.007604	-0.15177	-0.2775	-0.43243	-0.56013	-0.80454	-1.1056	-1.38	-2.0579	-2.8391	-3.3795	-4.6224	-5.4142	-3.78	-1.7846	-0.28964	0.7339	0.87436	0.78451	0.60156	0.44971	0.3056	0.25692	0.19993	0.16131	0.14756	0.11962	0.097819	0.088995	12.119
896.34	0.01885	-0.0029405	-0.14243	-0.30208	-0.44997	-0.57735	-0.80515	-1.0879	-1.4405	-2.1639	-2.9853	-3.3795	-4.845	-5.7738	-4.0363	-1.9712	-0.41376	0.69526	0.84195	0.79198	0.62552	0.48529	0.34431	0.26583	0.21325	0.17218	0.16164	0.12213	0.085286	0.08024	12.545
894.42	0.01455	-0.0069949	-0.13417	-0.30357	-0.46699	-0.60061	-0.79721	-1.1279	-1.4692	-2.1055	-3.0011	-3.6443	-5.043	-6.1159	-4.2939	-2.0914	-0.54742	0.67014	0.83638	0.80706	0.65658	0.49783	0.35851	0.27582	0.22011	0.17673	0.16281	0.12787	0.073424	0.05549	12.923
886.21	0.0085522	-0.020138	-0.12936	-0.29535	-0.48753	-0.60896	-0.86401	-1.1764	-1.5296	-2.2523	-3.1727	-3.8663	-5.2963	-6.3517	-4.6501	-2.516	-0.72106	0.61892	0.83006	0.83075	0.67295	0.51582	0.36184	0.29221	0.23425	0.18852	0.15681	0.12194	0.095814	0.071933	13.411
873.94	-0.015317	-0.040309	-0.14871	-0.34773	-0.476	-0.65508	-0.91905	-1.2358	-1.6061	-2.4314	-3.3241	-4.0297	-5.7372	-6.8562	-5.0741	-2.7887	-0.90125	0.56751	0.8157	0.85429	0.69717	0.52035	0.37209	0.29719	0.23181	0.20146	0.17848	0.12285	0.086592	0.055092	13.805
859.84	0.0042984	-0.038443	-0.18233	-0.33767	-0.50641	-0.65914	-0.92993	-1.281	-1.6703	-2.4712	-3.5267	-4.2343	-6.1417	-7.5752	-5.5601	-3.1779	-1.1112	0.52812	0.78812	0.8618	0.73598	0.55095	0.41058	0.30474	0.23811	0.20999	0.17969	0.14687	0.075484	0.063771	14.263
842.53	-0.01773	-0.034076	-0.19153	-0.34729	-0.51682	-0.69704	-0.98071	-1.3447	-1.7862	-2.5698	-3.6698	-4.623	-6.6391	-8.0719	-5.9876	-3.4421	-1.3168	0.45616	0.79039	0.90034	0.7493	0.59606	0.42169	0.331	0.25913	0.21964	0.17284	0.13492	0.07064	0.047447	14.655
827.77	-0.067762	-0.070556	-0.18199	-0.39258	-0.55257	-0.72731	-1.0269	-1.4149	-1.8556	-2.8687	-4.1147	-4.8974	-7.2827	-8.572	-6.7121	-4.0819	-1.567	0.39588	0.76461	0.90579	0.77825	0.59618	0.44376	0.36282	0.26202	0.21541	0.18129	0.11531	0.078409	0.035725	15.093
815.03	-0.063105	-0.090319	-0.20458	-0.40149	-0.56846	-0.76184	-1.0572	-1.4709	-1.9019	-2.8838	-4.179	-5.0909	-7.6585	-9.1234	-7.0801	-4.4003	-1.8227	0.31042	0.71716	0.92484	0.80718	0.61714	0.45624	0.35157	0.27665	0.21142	0.1696	0.12571	0.056026	0.02261	15.542
808.29	-0.069396	-0.1072	-0.1987	-0.41322	-0.57634	-0.76211	-1.0901	-1.5267	-1.9946	-2.9776	-4.1929	-5.3791	-8.1093	-9.8917	-7.5984	-4.9405	-2.0815	0.21856	0.67232	0.93256	0.83083	0.63207	0.47215	0.36683	0.28869	0.241	0.18474	0.1389	0.037454	0.01912	15.962
809.04	-0.098122	-0.12053	-0.22598	-0.40539	-0.56537	-0.77155	-1.0935	-1.5367	-2.0239	-3.0645	-4.5039	-5.3642	-8.5449	-10.331	-8.0399	-5.291	-2.2803	0.13212	0.62002	0.9169	0.79909	0.66765	0.48846	0.36554	0.29726	0.23615	0.19371	0.12318	0.035516	0.0099201	16.336
814.39	-0.12513	-0.12507	-0.24048	-0.4055	-0.599	-0.76144	-1.1138	-1.5623	-2.0723	-3.1136	-4.4951	-5.6704	-8.9195	-10.681	-8.5339	-5.7952	-2.5429	0.021389	0.58262	0.90891	0.81714	0.66132	0.50743	0.3923	0.30321	0.2392	0.19698	0.13441	0.040009	0.0043804	16.806
824.45	-0.11983	-0.13233	-0.26078	-0.3969	-0.59067	-0.75414	-1.0932	-1.5395	-2.0605	-3.0463	-4.5742	-5.9191	-9.079	-10.972	-8.7599	-5.9181	-2.7451	-0.045578	0.52124	0.9104	0.82652	0.6638	0.51037	0.40703	0.31252	0.25264	0.17932	0.14127	0.043255	-0.010994	17.196
837.93	-0.13181	-0.14576	-0.23464	-0.38782	-0.59125	-0.76355	-1.1092	-1.5596	-2.1174	-3.0646	-4.6121	-5.8524	-9.4791	-11.202	-9.1308	-6.2134	-2.9386	-0.14378	0.46821	0.88814	0.83044	0.68237	0.51474	0.41419	0.31347	0.25126	0.20381	0.1206	0.039804	-0.0046099	17.619
850.12	-0.14088	-0.15219	-0.24299	-0.37872	-0.56886	-0.76226	-1.106	-1.5219	-2.094	-3.1343	-4.7457	-5.7778	-9.6213	-11.53	-9.3201	-6.5655	-3.129	-0.22766	0.42094	0.88479	0.83372	0.69212	0.5233	0.41997	0.32412	0.27234	0.20785	0.12629	0.018413	-0.0097882	18.01
861.87	-0.16778	-0.17197	-0.23701	-0.4015	-0.56208	-0.7433	-1.1018	-1.5207	-2.0921	-3.1851	-4.7007	-5.9847	-9.7822	-11.794	-9.6523	-6.8834	-3.353	-0.33313	0.34541	0.86625	0.83909	0.70286	0.54498	0.43024	0.328	0.26515	0.20845	0.14652	0.028876	-0.021724	18.452
871.16	-0.18115	-0.19674	-0.26175	-0.39549	-0.56094	-0.73726	-1.0934	-1.5247	-2.0451	-3.1881	-4.7188	-6.2765	-9.7479	-12.189	-10.042	-7.2313	-3.6066	-0.44264	0.271	0.84418	0.8406	0.68266	0.53658	0.43973	0.33764	0.27093	0.19603	0.12968	0.030333	-0.014669	18.84
876.61	-0.18534	-0.19634	-0.2776	-0.40248	-0.54107	-0.74672	-1.0594	-1.5275	-2.0738	-3.0672	-4.8735	-6.2013	-9.9658	-12.51	-10.356	-7.6871	-3.8166	-0.54477	0.23083	0.84622	0.82758	0.70368	0.54011	0.44836	0.3486	0.27266	0.21338	0.13207	0.031903	-0.011188	19.246
880.02	-0.19785	-0.19887	-0.28784	-0.4223	-0.54185	-0.75968	-1.1209	-1.5259	-2.0952	-3.1651	-4.816	-6.1772	-9.9704	-12.831	-10.793	-7.8387	-3.9864	-0.61354	0.17826	0.8248	0.84163	0.72701	0.5671	0.46054	0.34806	0.30482	0.23357	0.1427	0.023907	-0.027186	19.637
877.67	-0.22404	-0.23736	-0.29821	-0.42343	-0.54715	-0.74675	-1.0926	-1.537	-2.1353	-3.1828	-5.0708	-6.3024	-10.084	-13.158	-11.189	-8.3415	-4.2676	-0.73208	0.12525	0.83883	0.85426	0.74967	0.57548	0.47312	0.37262	0.30136	0.246	0.14309	0.024849	-0.034878	20.018
867.85	-0.25073	-0.26008	-0.32454	-0.45165	-0.60105	-0.72304	-1.1166	-1.5817	-2.1672	-3.0889	-4.9521	-6.6208	-10.058	-13.656	-11.753	-8.7578	-4.5693	-0.81698	0.081021	0.84281	0.88405	0.75816	0.61148	0.51026	0.3892	0.31427	0.23259	0.15601	0.02247	-0.02928	20.415
853.86	-0.28394	-0.29997	-0.37562	-0.46963	-0.58913	-0.85698	-1.1611	-1.6731	-2.1178	-3.0451	-5.2719	-6.8689	-10.24	-14.234	-12.051	-9.2938	-4.8173	-0.92266	0.023935	0.85101	0.88787	0.7678	0.6171	0.50516	0.39474	0.31855	0.23986	0.16267	0.027345	-0.03237	20.761
836.22	-0.315	-0.34007	-0.40461	-0.45703	-0.68643	-0.8407	-1.2762	-1.7662	-2.2208	-3.1864	-5.1597	-6.7763	-10.931	-14.868	-12.897	-9.5662	-5.0967	-1.0295	-0.031701	0.86705	0.93475	0.81993	0.64901	0.52315	0.41248	0.34588	0.275	0.15353	0.010438	-0.041939	21.159
813.96	-0.35414	-0.3556	-0.37803	-0.53333	-0.68029	-0.90806	-1.4263	-1.9387	-2.4134	-3.2538	-5.186	-7.1275	-10.976	-15.451	-13.128	-10.063	-5.3283	-1.096	-0.037073	0.89174	0.95378	0.85692	0.67508	0.55345	0.42815	0.35902	0.28434	0.17581	0.014503	-0.0513	21.492
793.82	-0.35432	-0.40659	-0.4378	-0.54876	-0.67626	-0.95488	-1.5406	-2.3102	-2.5696	-3.0116	-5.0181	-7.1282	-10.967	-15.596	-13.493	-10.56	-5.5252	-1.1403	-0.036166	0.9405	1.0028	0.89659	0.73393	0.60803	0.46424	0.37002	0.27105	0.15555	0.014871	-0.069448	21.791
776.56	-0.44318	-0.48091	-0.46233	-0.57647	-0.72067	-0.91268	-1.8544	-2.6763	-3.0116	-3.203	-4.8235	-6.6524	-10.582	-15.563	-13.697	-10.702	-5.6697	-1.1551	-0.032248	0.96552	1.0408	0.93077	0.75218	0.60576	0.48469	0.3821	0.28088	0.15991	-0.0085794	-0.077689	22.115
760.58	-0.45148	-0.46722	-0.52946	-0.50644	-0.63694	-0.84445	-2.4491	-3.2462	-3.2471	-3.4398	-4.2215	-6.3431	-10.002	-14.478	-13.172	-10.224	-5.4142	-1.052	0.053875	1.0488	1.1266	0.994	0.7769	0.63863	0.4883	0.41477	0.30527	0.15406	-0.037089	-0.11449	22.349
750.81	-0.51216	-0.54275	-0.48738	-0.43182	-0.56082	-1.0621	-3.0803	-3.266	-3.5623	-4.257	-4.5705	-5.6639	-7.3384	-10.085	-9.4324	-8.2417	-4.3214	-0.6754	0.2656	1.1209	1.1493	0.99641	0.79203	0.64388	0.49179	0.40519	0.29249	0.15886	-0.050897	-0.12588	22.635
745.43	-0.48356	-0.49322	-0.384	-0.46725	-0.90606	-2.1488	-2.9332	-3.1395	-3.7477	-4.4498	-4.1705	-4.6071	-4.7208	-4.9244	-5.9045	-5.7746	-3.035	-0.21668	0.50564	1.1525	1.1433	0.99298	0.81793	0.6588	0.50973	0.39001	0.28865	0.16377	-0.061587	-0.1507	22.895
743.5	-0.40963	-0.38346	-0.32318	-0.54844	-1.4505	-2.3874	-3.2551	-3.2095	-3.246	-3.898	-3.6789	-3.9994	-3.8201	-4.1136	-5.4428	-5.0705	-2.5978	-0.05054	0.60068	1.1652	1.1483	1.0019	0.80892	0.65536	0.51105	0.41119	0.29636	0.14911	-0.046223	-0.1401	23.061
748.34	-0.3302	-0.32291	-0.40299	-0.93719	-2.1593	-2.9358	-3.1262	-3.0567	-2.798	-3.2916	-3.1672	-3.6551	-3.8158	-3.3091	-3.8537	-3.8433	-2.0527	0.13297	0.68796	1.179	1.1541	0.97011	0.78559	0.62656	0.49533	0.40753	0.29543	0.16126	-0.033585	-0.10842	23.223
758.21	-0.31156	-0.37124	-0.58264	-1.5891	-2.6962	-3.1433	-2.957	-2.4672	-2.3605	-3.1743	-2.7115	-2.7275	-3.2832	-2.3486	-3.4119	-3.2986	-1.6744	0.25681	0.73897	1.1678	1.1261	0.9533	0.78528	0.62143	0.47661	0.39333	0.2789	0.16101	-0.032131	-0.10015	23.394
768.84	-0.35573	-0.4556	-0.92634	-2.0547	-2.9721	-3.1137	-2.6685	-2.4062	-2.1653	-2.6904	-2.2323	-2.4005	-2.1763	-2.1785	-3.2038	-2.9105	-1.43	0.33654	0.79077	1.1299	1.0828	0.92676	0.75778	0.59988	0.45235	0.37034	0.25773	0.1442	-0.036691	-0.11229	23.481
780	-0.51291	-0.64408	-1.3688	-2.5648	-3.0596	-2.8934	-2.3058	-2.2971	-2.1561	-2.1666	-1.7323	-1.7144	-1.5976	-1.5464	-2.3332	-2.2754	-1.0609	0.46222	0.83871	1.1372	1.0567	0.90843	0.71799	0.56184	0.42846	0.3295	0.23412	0.093628	-0.10523	-0.17927	23.618
791.47	-0.71738	-0.90104	-1.7033	-2.7464	-2.8658	-2.4823	-1.9288	-1.8496	-1.7407	-1.5042	-1.3424	-1.3082	-1.3914	-1.2661	-2.0806	-1.819	-0.80931	0.525	0.87289	1.0945	1.0404	0.85131	0.66954	0.52659	0.38339	0.29063	0.17932	0.023215	-0.19899	-0.30059	23.706
797.15	-0.97916	-1.1299	-2.0554	-2.7202	-2.7192	-2.3029	-1.7757	-1.6057	-1.4573	-1.3217	-1.0984	-1.2291	-1.7068	-1.295	-1.7657	-1.7059	-0.55079	0.60673	0.92004	1.0817	0.98914	0.81449	0.61567	0.47094	0.30349	0.21523	0.086161	-0.064853	-0.3443	-0.47368	23.748
796.29	-1.2932	-1.394	-2.0634	-2.5757	-2.4091	-1.9735	-1.5929	-1.3313	-1.1318	-0.97917	-0.96101	-0.94109	-0.82738	-0.8881	-1.2187	-1.1766	-0.30027	0.7249	0.9413	1.0448	0.91582	0.74487	0.56245	0.38967	0.2122	0.088397	-0.02988	-0.23828	-0.62686	-0.81663	23.769
792.75	-2.5449	-2.069	-1.9605	-2.326	-2.1417	-1.7534	-1.3234	-1.1111	-0.91759	-0.90226	-0.67609	-0.77497	-0.94652	-0.75855	-0.96401	-0.87981	-0.069677	0.79854	0.98806	1.0324	0.89884	0.69034	0.49849	0.29863	0.1148	-0.02371	-0.19519	-0.4612	-1.0645	-1.3404	23.818
786.43	-4.1549	-3.7102	-1.7454	-2.0662	-1.8935	-1.5212	-1.1011	-0.97882	-0.7086	-0.6125	-0.37918	-0.52868	-0.62438	-0.39934	-0.73055	-0.57231	0.12947	0.88011	1.024	0.99501	0.8491	0.64059	0.4288	0.24551	0.064793	-0.075361	-0.27484	-0.58698	-1.3226	-1.765	23.834
779.78	-5.1343	-4.848	-1.7907	-1.8782	-1.603	-1.3016	-0.98378	-0.92625	-0.65582	-0.58673	-0.48045	-0.60448	-0.76664	-0.56756	-0.81081	-0.36228	0.22587	0.91288	1.0224	0.97279	0.82517	0.60448	0.39674	0.21322	0.01765	-0.10484	-0.28667	-0.59558	-1.3536	-1.7991	23.906
774.85	-4.3443	-4.3732	-1.3364	-1.6094	-1.4082	-1.1721	-0.98074	-0.95885	-0.73638	-0.69442	-0.81226	-0.58783	-0.92902	-0.83463	-1.0289	-0.56026	0.2105	0.89009	0.98912	0.93779	0.76476	0.56547	0.38858	0.18491	0.015914	-0.13065	-0.28754	-0.5858	-1.2758	-1.6389	23.985
772.92	-2.8523	-2.5185	-1.7154	-1.4878	-1.3133	-1.2154	-1.0569	-0.99791	-0.94497	-0.86288	-0.84725	-1.0518	-0.70439	-0.95408	-1.1702	-0.55134	0.12083	0.85939	0.95648	0.91432	0.73131	0.52084	0.33891	0.15663	-0.0053295	-0.13195	-0.30644	-0.54828	-1.1416	-1.3883	24.022
773.77	-1.7764	-1.6246	-1.5788	-1.5815	-1.3392	-1.2798	-1.12	-1.2097	-1.1122	-0.95562	-0.85728	-0.99928	-1.1275	-0.98234	-1.1795	-0.57137	0.068218	0.83616	0.95447	0.90402	0.74718	0.53764	0.32784	0.19012	0.024256	-0.096934	-0.22962	-0.47885	-0.86787	-1.0603	24.037
778.82	-1.3482	-1.4457	-1.3306	-1.2282	-1.2741	-1.2441	-1.2267	-1.4035	-1.2864	-1.1253	-1.1134	-1.2886	-1.5511	-1.1604	-1.5955	-0.75211	0.0058046	0.81388	0.95583	0.90842	0.76087	0.55142	0.35857	0.23119	0.078283	-0.032794	-0.14549	-0.33719	-0.67057	-0.82445	24.066
788.79	-1.0525	-1.0473	-0.99033	-1.1926	-1.2794	-1.3231	-1.3721	-1.4528	-1.3611	-1.2846	-1.1531	-1.3327	-1.3187	-1.4716	-1.9622	-1.0765	-0.085566	0.80672	0.95025	0.94347	0.80035	0.60058	0.42084	0.26226	0.12082	0.031279	-0.075182	-0.22811	-0.51673	-0.62753	24.072
803.47	-0.81587	-0.87496	-0.8416	-1.1211	-1.2224	-1.4226	-1.5571	-1.514	-1.4449	-1.5318	-1.354	-1.4863	-1.6079	-1.4353	-1.8134	-1.1561	-0.18126	0.77257	0.9338	0.961	0.7999	0.62799	0.44969	0.28702	0.18538	0.07175	-0.013037	-0.1533	-0.38565	-0.47272	24.134
822.53	-0.76864	-0.81594	-0.9227	-1.1144	-1.268	-1.3976	-1.6745	-1.5795	-1.5068	-1.3005	-1.4672	-1.4616	-1.4037	-1.3745	-1.8315	-1.3137	-0.23108	0.74169	0.93624	0.95716	0.80906	0.63939	0.453	0.32602	0.20021	0.096511	0.0079522	-0.1276	-0.3262	-0.39944	24.044
846.59	-0.76422	-0.7859	-0.92723	-1.1894	-1.4306	-1.6041	-1.6482	-1.5898	-1.4334	-1.4348	-1.255	-1.4294	-1.499	-1.3444	-1.799	-1.2104	-0.26252	0.7051	0.90876	0.92619	0.79772	0.62496	0.44012	0.32127	0.17509	0.11059	0.012968	-0.11818	-0.30693	-0.40827	24.068
872.66	-0.64975	-0.78733	-0.98469	-1.285	-1.5321	-1.6634	-1.5717	-1.4993	-1.3897	-1.2812	-1.2953	-1.2775	-1.3668	-1.2695	-1.783	-1.1559	-0.25819	0.70096	0.87574	0.91955	0.78173	0.6081	0.43129	0.29763	0.17806	0.09612	0.022755	-0.096983	-0.28717	-0.37054	24.022
893.04	-0.62883	-0.79126	-1.1372	-1.4504	-1.5511	-1.5235	-1.4106	-1.3741	-1.3257	-1.1888	-1.1136	-1.1861	-1.515	-1.2406	-1.6777	-1.1385	-0.22742	0.71162	0.86889	0.90393	0.77919	0.59245	0.43999	0.29941	0.18681	0.095606	0.01975	-0.086921	-0.28148	-0.35043	23.816
909.14	-0.72531	-0.81469	-1.2342	-1.5389	-1.5413	-1.4125	-1.2952	-1.2655	-1.2225	-1.1677	-1.1126	-1.1825	-1.6056	-1.1937	-1.5573	-1.0832	-0.19559	0.70083	0.86964	0.89494	0.75704	0.59675	0.41067	0.29243	0.17485	0.085669	0.010451	-0.10619	-0.29766	-0.3712	23.57
921.39	-0.90022	-0.95399	-1.375	-1.5422	-1.441	-1.3421	-1.1911	-1.1489	-1.1099	-1.0211	-1.0609	-1.0806	-1.2945	-1.0547	-1.5724	-0.92154	-0.13894	0.71913	0.85091	0.85533	0.73297	0.55449	0.39214	0.25362	0.13681	0.056061	-0.029033	-0.16334	-0.3672	-0.46545	23.272
922.24	-1.0248	-1.0191	-1.3994	-1.4575	-1.2775	-1.2162	-1.1861	-1.0864	-1.0158	-0.96772	-0.78372	-0.96762	-1.1858	-0.93896	-1.3831	-0.61783	-0.028327	0.74694	0.86922	0.83723	0.71335	0.5171	0.35423	0.21849	0.081622	0.00074835	-0.10201	-0.23081	-0.50036	-0.62776	22.992
912.01	-1.4297	-1.2282	-1.3958	-1.374	-1.2344	-1.1074	-1.1187	-1.0456	-0.92577	-0.85493	-0.76457	-0.87394	-0.92311	-0.85001	-1.2992	-0.60726	0.079718	0.77692	0.87494	0.82125	0.67056	0.49342	0.31446	0.16214	0.016659	-0.074844	-0.18589	-0.32713	-0.64689	-0.8124	22.668
896.24	-1.609	-1.54	-1.3007	-1.3251	-1.1647	-1.1251	-1.0169	-0.93839	-0.8719	-0.74415	-0.6075	-0.79183	-1.0074	-0.66253	-1.046	-0.43986	0.16233	0.79334	0.88298	0.7983	0.63068	0.43947	0.27464	0.11456	-0.020556	-0.13052	-0.23704	-0.42671	-0.78707	-0.96348	22.303
873.3	-1.6922	-1.4502	-1.1471	-1.2668	-1.1759	-1.1067	-0.9858	-0.91216	-0.85499	-0.78214	-0.69152	-0.91269	-1.13	-0.74054	-1.0262	-0.38745	0.24204	0.81418	0.89693	0.77906	0.6116	0.39759	0.22755	0.075462	-0.055496	-0.15283	-0.28647	-0.48446	-0.87647	-1.0594	22.067
843.17	-1.4386	-1.2555	-1.1727	-1.2362	-1.1618	-1.1132	-0.94233	-0.91931	-0.86623	-0.69546	-0.62558	-0.86052	-0.8266	-0.91045	-1.1216	-0.30665	0.31701	0.87832	0.91245	0.78419	0.61544	0.41274	0.22676	0.065438	-0.054934	-0.15029	-0.27302	-0.44359	-0.79006	-0.96773	21.709
813.21	-1.3093	-1.1557	-1.0896	-1.1679	-1.1028	-1.1138	-0.99921	-0.90984	-0.88086	-0.9588	-0.90969	-0.94105	-0.92272	-0.91611	-1.2237	-0.24925	0.34282	0.89654	0.93794	0.79345	0.61663	0.42016	0.24066	0.078213	-0.052561	-0.13831	-0.25942	-0.40737	-0.68952	-0.83069	21.44
785.89	-0.92896	-0.92862	-0.97545	-1.0639	-1.0336	-1.1076	-1.0101	-1.0126	-0.98585	-0.97164	-0.86568	-0.94344	-1.0615	-0.96719	-1.2138	-0.31885	0.36644	0.94024	1.0079	0.85454	0.64966	0.4398	0.26148	0.11603	-0.027994	-0.12023	-0.20537	-0.36804	-0.58326	-0.68656	21.157
762.62	-0.80357	-0.8506	-0.98011	-0.97097	-0.98426	-1.0488	-1.1052	-1.0425	-1.0489	-1.0858	-1.0814	-1.1285	-1.0539	-1.1058	-1.24	-0.48556	0.37863	0.98832	1.0358	0.88586	0.67746	0.46359	0.26848	0.12157	-0.016655	-0.11211	-0.20096	-0.32782	-0.51125	-0.55845	20.865
749.95	-0.63803	-0.63222	-0.84344	-1.0044	-1.0302	-1.0994	-1.1268	-1.1296	-1.0893	-1.0182	-0.99775	-1.0628	-1.1226	-1.1245	-1.14	-0.22772	0.41261	1.0061	1.0405	0.87209	0.67979	0.45561	0.27502	0.10831	0.0059531	-0.078029	-0.18068	-0.27917	-0.47269	-0.49854	20.543
748.66	-0.67232	-0.68458	-0.90526	-1.0001	-1.1313	-1.1495	-1.1634	-1.1377	-1.108	-1.0738	-0.86337	-0.92672	-1.1755	-1.0658	-1.175	-0.2814	0.42662	0.99907	1.0531	0.88745	0.69212	0.48069	0.27046	0.11259	-0.0045473	-0.087171	-0.15925	-0.27122	-0.43547	-0.49146	20.246
757.46	-0.67065	-0.70053	-0.88463	-1.0432	-1.175	-1.1644	-1.1299	-1.1346	-1.0434	-1.0506	-0.90937	-0.96837	-1.0913	-0.85378	-1.1832	-0.30973	0.44088	1.0015	1.0573	0.87397	0.65801	0.45109	0.24744	0.13151	-0.0016614	-0.081212	-0.15643	-0.26622	-0.41619	-0.4877	19.861
778.6	-0.7402	-0.77081	-0.88816	-1.0989	-1.1127	-1.158	-1.0566	-1.0221	-0.95992	-0.90832	-0.9174	-1.1461	-0.90494	-0.9277	-0.98152	-0.21933	0.46138	0.99649	1.0249	0.84922	0.61771	0.40939	0.23783	0.09448	-0.012639	-0.096333	-0.18069	-0.27969	-0.4296	-0.48305	19.532
804.97	-0.71499	-0.75186	-0.92569	-1.0789	-1.0437	-1.062	-0.97182	-0.90869	-0.92021	-0.85855	-0.69748	-0.85201	-0.79952	-0.96306	-0.83667	0.065436	0.50147	0.96079	0.96487	0.79463	0.58616	0.38714	0.21133	0.048558	-0.043324	-0.11087	-0.18672	-0.28533	-0.46428	-0.49307	19.152
828.62	-0.70864	-0.75749	-0.92145	-1.0217	-0.98029	-0.9435	-0.86225	-0.86426	-0.81269	-0.78544	-0.61608	-0.73184	-0.82269	-0.80783	-0.90237	0.15025	0.56389	0.92246	0.93644	0.72476	0.53643	0.33792	0.14807	0.02036	-0.085247	-0.14931	-0.21263	-0.31946	-0.4566	-0.52383	18.768
847.98	-0.77121	-0.78803	-0.93294	-0.9327	-0.84631	-0.84066	-0.8077	-0.77948	-0.72522	-0.52053	-0.64207	-0.64018	-0.66902	-0.80721	-0.64834	0.024476	0.57993	0.91012	0.92112	0.68939	0.5018	0.29011	0.1296	0.0045361	-0.099326	-0.16799	-0.25053	-0.33366	-0.48157	-0.54955	18.348
858.67	-0.75618	-0.82968	-0.88564	-0.8457	-0.82102	-0.78909	-0.73213	-0.70643	-0.66708	-0.65478	-0.66375	-0.74321	-0.58962	-0.62989	-0.60185	0.10781	0.62714	0.90166	0.88317	0.64178	0.4478	0.25519	0.11922	0.0089416	-0.10059	-0.15979	-0.24913	-0.33685	-0.48633	-0.55742	17.926
859.41	-0.75282	-0.70929	-0.83049	-0.82394	-0.77114	-0.71868	-0.65932	-0.65323	-0.62863	-0.64482	-0.55449	-0.78879	-0.61574	-0.69971	-0.56293	0.23771	0.67027	0.90088	0.87813	0.63751	0.42179	0.24393	0.086711	-0.016919	-0.10383	-0.18146	-0.25236	-0.35368	-0.49755	-0.56644	17.486
856.21	-0.72752	-0.70771	-0.76292	-0.73823	-0.69212	-0.65714	-0.60114	-0.65299	-0.61111	-0.60021	-0.54663	-0.70824	-0.6804	-0.8083	-0.42055	0.35046	0.71126	0.89179	0.84458	0.59422	0.40031	0.19774	0.050991	-0.073353	-0.14682	-0.2084	-0.28355	-0.35582	-0.51469	-0.5729	17.04
851.08	-0.70545	-0.70006	-0.7171	-0.67104	-0.63771	-0.5878	-0.61747	-0.61011	-0.58089	-0.71739	-0.36037	-0.58184	-0.59488	-0.72432	-0.48123	0.41821	0.74525	0.90006	0.86088	0.57061	0.38131	0.198	0.029187	-0.073795	-0.16956	-0.21406	-0.27222	-0.3415	-0.48433	-0.53009	16.596
847.55	-0.59387	-0.57309	-0.65501	-0.60723	-0.5965	-0.61252	-0.58941	-0.56474	-0.54315	-0.57782	-0.52216	-0.57489	-0.64236	-0.80762	-0.35673	0.40113	0.761	0.90477	0.83936	0.5598	0.34795	0.16991	0.026644	-0.064159	-0.14917	-0.2229	-0.27684	-0.34292	-0.43369	-0.48583	16.168
844.45	-0.56295	-0.55889	-0.58756	-0.59519	-0.58768	-0.57394	-0.51556	-0.53869	-0.53376	-0.45594	-0.4738	-0.68988	-0.63567	-0.89117	-0.47525	0.41206	0.78466	0.8974	0.84592	0.56564	0.34114	0.17053	0.0312	-0.063488	-0.1387	-0.19355	-0.24719	-0.32177	-0.41523	-0.44274	15.746
839.11	-0.51286	-0.51843	-0.54565	-0.56221	-0.5592	-0.52478	-0.5197	-0.55947	-0.52129	-0.49724	-0.5173	-0.67533	-0.60337	-1.005	-0.26204	0.47174	0.81979	0.90703	0.83994	0.55878	0.35326	0.16031	0.034088	-0.074848	-0.13192	-0.17513	-0.23554	-0.28123	-0.38578	-0.39952	15.365
829.59	-0.47476	-0.47375	-0.52513	-0.51512	-0.49025	-0.47638	-0.4735	-0.52618	-0.4916	-0.50294	-0.56417	-0.58734	-0.82176	-1.0256	-0.31475	0.49638	0.8569	0.91843	0.83809	0.54307	0.33901	0.16787	0.026314	-0.068319	-0.13429	-0.18346	-0.20703	-0.27686	-0.35125	-0.39694	14.93
816.75	-0.47462	-0.49893	-0.509	-0.49465	-0.46485	-0.45875	-0.4783	-0.46879	-0.46129	-0.44181	-0.62504	-0.97588	-0.99344	-1.1158	-0.4005	0.49442	0.8563	0.94493	0.86384	0.54183	0.34899	0.16373	0.032258	-0.064702	-0.12239	-0.18727	-0.23203	-0.27864	-0.34641	-0.37225	14.55
799.29	-0.45292	-0.47177	-0.47986	-0.432	-0.43166	-0.46671	-0.43912	-0.43111	-0.40842	-0.43132	-0.7768	-0.96738	-1.0342	-1.1969	-0.30606	0.5851	0.88843	0.97275	0.89096	0.55167	0.33286	0.14257	0.025428	-0.054614	-0.12954	-0.18104	-0.21396	-0.26544	-0.32701	-0.35993	14.181
782.68	-0.4556	-0.4568	-0.43131	-0.4354	-0.41491	-0.44306	-0.37656	-0.40502	-0.43316	-0.5125	-0.91263	-1.1503	-1.329	-1.5894	-0.40738	0.54655	0.9112	0.98501	0.87145	0.56134	0.3341	0.15368	0.0096176	-0.091989	-0.14508	-0.19063	-0.21377	-0.27734	-0.36542	-0.36947	13.82
770.56	-0.40935	-0.41981	-0.41026	-0.41001	-0.42363	-0.38291	-0.34692	-0.4094	-0.42749	-0.49966	-0.75066	-1.2509	-1.5281	-1.4868	-0.53152	0.59655	0.91658	0.96961	0.88801	0.52978	0.32556	0.12429	-0.015629	-0.089461	-0.15758	-0.19752	-0.21713	-0.26988	-0.32423	-0.34828	13.443
763.8	-0.40078	-0.37042	-0.39383	-0.38407	-0.36764	-0.31645	-0.3566	-0.41704	-0.43612	-0.68337	-1.1242	-1.4491	-1.6015	-1.6188	-0.54704	0.45554	0.90965	0.98249	0.88627	0.52402	0.3016	0.11918	-0.017739	-0.095268	-0.1777	-0.21595	-0.24424	-0.26952	-0.30392	-0.32899	13.08
763.15	-0.35024	-0.34796	-0.34598	-0.30056	-0.28602	-0.35436	-0.38241	-0.40033	-0.30949	-0.65228	-1.2141	-1.3879	-1.7528	-1.7885	-0.688	0.47686	0.9315	0.9844	0.87452	0.5276	0.28096	0.10788	-0.024658	-0.10137	-0.16004	-0.20336	-0.21633	-0.24862	-0.27494	-0.29422	12.721
768.95	-0.34155	-0.33403	-0.31348	-0.312	-0.29265	-0.325	-0.32419	-0.23292	-0.36489	-0.62642	-1.205	-1.4188	-1.9975	-1.8734	-0.51117	0.51478	0.91551	0.95349	0.84313	0.5091	0.26798	0.075192	-0.043071	-0.14245	-0.16069	-0.2106	-0.2224	-0.26407	-0.29689	-0.26398	12.339
779.14	-0.26533	-0.28597	-0.26513	-0.26541	-0.28882	-0.27545	-0.14685	-0.25347	-0.42183	-0.81464	-1.2328	-1.5633	-1.8245	-1.8877	-0.67389	0.69241	0.9055	0.95472	0.84152	0.49015	0.26837	0.078265	-0.045406	-0.12486	-0.16961	-0.1915	-0.21189	-0.23993	-0.27029	-0.26434	11.991
793.29	-0.23417	-0.22701	-0.23529	-0.28914	-0.19207	-0.13706	-0.19878	-0.24219	-0.47679	-0.97273	-1.2001	-1.5555	-1.8016	-1.7778	-0.74501	0.54927	0.87776	0.947	0.82003	0.45424	0.24731	0.066903	-0.046495	-0.11973	-0.16298	-0.19091	-0.21091	-0.19413	-0.20629	-0.23153	11.636
812.68	-0.18176	-0.18505	-0.175	-0.16924	-0.19061	-0.13884	-0.19138	-0.28637	-0.52459	-0.98917	-1.2237	-1.577	-1.7305	-1.7354	-0.74754	0.43797	0.8719	0.9143	0.79686	0.45519	0.21805	0.055577	-0.041681	-0.10933	-0.14325	-0.16976	-0.17675	-0.17226	-0.17864	-0.18578	11.258
837.4	-0.14024	-0.13375	-0.19088	-0.11121	-0.10425	-0.16317	-0.15989	-0.35751	-0.58243	-0.8253	-1.4208	-1.521	-1.898	-1.8828	-0.35121	0.4727	0.85074	0.87555	0.75144	0.4408	0.21524	0.065267	-0.041349	-0.092384	-0.10998	-0.14327	-0.14415	-0.15127	-0.14304	-0.12351	10.935
865.61	-0.11144	-0.13357	-0.090842	-0.098021	-0.14478	-0.14931	-0.18967	-0.42109	-0.60276	-1.0404	-1.2372	-1.5999	-1.9066	-1.7079	-0.59703	0.5587	0.81151	0.84512	0.73542	0.41076	0.21261	0.071362	-0.034783	-0.083176	-0.113	-0.12475	-0.12235	-0.14068	-0.1046	-0.10832	10.569
894.85	-0.086111	-0.070934	-0.09044	-0.12931	-0.13627	-0.1215	-0.23264	-0.45014	-0.64755	-1.1774	-1.2157	-1.663	-1.7164	-1.6859	-0.60517	0.54045	0.79441	0.83493	0.7204	0.3902	0.21924	0.057542	-0.019346	-0.070185	-0.10691	-0.10476	-0.11918	-0.095359	-0.079683	-0.089008	10.229
920.86	-0.0626	-0.090951	-0.048785	-0.11176	-0.095725	-0.13055	-0.26053	-0.4757	-0.6389	-0.98668	-1.3566	-1.5988	-1.7011	-1.4494	-0.48061	0.32585	0.79444	0.80244	0.71281	0.39478	0.20233	0.06708	-0.029427	-0.059883	-0.079039	-0.097729	-0.092518	-0.082014	-0.054871	-0.039697	9.9089
940.02	-0.050585	-0.02823	-0.083651	-0.072645	-0.072198	-0.15583	-0.29742	-0.49289	-0.66917	-0.94086	-1.2477	-1.507	-1.6989	-1.6048	-0.37428	0.44657	0.75542	0.78521	0.67721	0.39692	0.19901	0.067396	-0.023222	-0.072519	-0.066775	-0.093345	-0.094568	-0.078849	-0.038196	-0.025451	9.6145
949.49	-0.0026492	-0.02871	-0.061839	-0.063199	-0.096396	-0.16465	-0.3142	-0.51138	-0.66327	-1.0078	-1.1458	-1.6091	-1.7141	-1.5968	-0.60509	0.61861	0.75353	0.78343	0.68436	0.37951	0.20822	0.061725	-0.015062	-0.060498	-0.079669	-0.072681	-0.077262	-0.050019	-0.013502	-0.010328	9.3305
948.21	-0.0026527	-0.010418	-0.033642	-0.069636	-0.10009	-0.19604	-0.35266	-0.53146	-0.69771	-1.1876	-1.3354	-1.5945	-1.6199	-1.6867	-0.5885	0.40062	0.75536	0.79054	0.67522	0.37329	0.2013	0.066813	0.00397	-0.051692	-0.066199	-0.070407	-0.054739	-0.022007	-0.0029708	-0.0040752	9.042
936.61	-0.010146	-0.026013	-0.032424	-0.080142	-0.16899	-0.26332	-0.39938	-0.57157	-0.73005	-1.0131	-1.5514	-1.6058	-1.7213	-1.6672	-0.55177	0.34592	0.77126	0.80471	0.69455	0.39325	0.19812	0.07946	0.0080369	-0.040064	-0.044871	-0.070479	-0.061737	-0.043974	-0.010401	0.00063593	8.7806
917.45	-0.03067	0.0026532	-0.034772	-0.099865	-0.18081	-0.2894	-0.43602	-0.62193	-0.77111	-1.0869	-1.2691	-1.7433	-1.8404	-1.7844	-0.52732	0.45755	0.7715	0.80274	0.70186	0.39799	0.21633	0.075085	-0.0082033	-0.037559	-0.045031	-0.064599	-0.058994	-0.044893	-0.013133	0.0046993	8.5902
893.46	0.02934	0.020558	-0.047708	-0.12024	-0.22066	-0.29625	-0.46629	-0.65577	-0.81085	-1.3415	-1.2747	-1.7901	-1.9496	-1.7223	-0.61533	0.58592	0.79392	0.82888	0.73466	0.39974	0.23233	0.095687	0.00084359	-0.033422	-0.058246	-0.046201	-0.058921	-0.03747	0.0054619	-0.005156	8.4088
867.53	0.042746	0.027016	-0.04472	-0.15073	-0.22336	-0.34484	-0.48272	-0.68685	-0.84361	-1.2609	-1.3421	-1.6879	-2.0167	-1.9045	-0.78585	0.47467	0.82031	0.85082	0.73802	0.41813	0.23578	0.092167	0.0078097	-0.038839	-0.056689	-0.057087	-0.032541	-0.025668	0.02159	0.0041121	8.2032
842.64	0.029266	0.023517	-0.059678	-0.16769	-0.27609	-0.36185	-0.50041	-0.71806	-0.89224	-1.3842	-1.6236	-1.8509	-1.9948	-1.9877	-0.65245	0.33715	0.83636	0.89252	0.76156	0.43332	0.24274	0.099583	0.016974	-0.033621	-0.045632	-0.068557	-0.04316	-0.014784	0.013099	0.043031	8.0384
821.78	0.030955	0.033809	-0.074245	-0.20034	-0.29749	-0.4	-0.56577	-0.77823	-0.9473	-1.5369	-1.6648	-2.0622	-2.2496	-2.1578	-0.68907	0.45255	0.83149	0.87422	0.75322	0.43267	0.22672	0.091525	-0.010076	-0.028882	-0.049402	-0.062088	-0.049658	-0.010897	0.026539	0.049547	7.925
805.93	0.057577	0.019196	-0.091865	-0.22203	-0.30858	-0.42416	-0.59658	-0.81064	-0.97143	-1.4172	-1.4763	-2.221	-2.2276	-2.2189	-0.91755	0.59018	0.83167	0.90057	0.79443	0.44316	0.25568	0.092344	-4.1752e-008	-0.037052	-0.05481	-0.042849	-0.052471	-0.031978	0.033745	0.041302	7.8221
793.07	0.042845	-0.006976	-0.14262	-0.24651	-0.36046	-0.43932	-0.60989	-0.82089	-1.017	-1.5621	-1.6609	-2.1268	-2.2733	-2.1691	-0.83882	0.49912	0.85772	0.92449	0.81008	0.44933	0.25408	0.09085	-0.01044	-0.042486	-0.074638	-0.069061	-0.057985	-0.021894	0.0090626	0.039161	7.7011
787.07	0.016533	0.014134	-0.10185	-0.23978	-0.35569	-0.47395	-0.60904	-0.85051	-1.0257	-1.574	-1.8569	-1.9815	-2.2907	-2.2625	-0.93953	0.40153	0.86523	0.92841	0.81999	0.45175	0.24251	0.10963	0.02678	-0.028208	-0.041583	-0.047686	-0.033046	0.0055391	0.036508	0.047013	7.5968
786.54	0.048136	0.018751	-0.11653	-0.24281	-0.33982	-0.46071	-0.60029	-0.84427	-1.0123	-1.2986	-1.6855	-2.1142	-2.4668	-2.2544	-0.90871	0.31046	0.83757	0.92695	0.82054	0.47032	0.25523	0.095626	0.00095828	-0.040888	-0.029789	-0.061059	-0.038714	-0.014948	0.043383	0.069714	7.5408
791.47	0.039008	0.0012446	-0.15743	-0.25462	-0.36226	-0.46614	-0.63482	-0.84579	-1.0294	-1.5551	-1.7286	-2.2215	-2.5959	-2.3455	-0.93432	0.4094	0.82558	0.91703	0.81914	0.47545	0.26803	0.10902	0.019972	-0.028049	-0.028702	-0.030377	-0.035669	-0.00068898	0.040196	0.051445	7.4924
800.58	0.042443	-0.0060065	-0.14798	-0.263	-0.37397	-0.46801	-0.6267	-0.85339	-1.0251	-1.5776	-1.815	-2.097	-2.2711	-2.2999	-1.037	0.38477	0.8248	0.91787	0.80157	0.47204	0.26308	0.11963	0.012223	-0.03156	-0.045349	-0.039393	-0.019553	0.0071952	0.049351	0.061068	7.4621
814.39	0.035049	0.028781	-0.10032	-0.23543	-0.35829	-0.48527	-0.62935	-0.82856	-1.0231	-1.4223	-1.8468	-2.0419	-2.2888	-2.3444	-0.87763	0.20189	0.79387	0.9023	0.79428	0.46599	0.25582	0.11177	0.016639	-0.030084	-0.041945	-0.047928	-0.03739	-0.0041126	0.052293	0.073718	7.4228
830.55	0.031563	0.009035	-0.12788	-0.26167	-0.34216	-0.46001	-0.64055	-0.84196	-1.0005	-1.4431	-1.7291	-2.1743	-2.382	-2.3898	-0.92012	0.26522	0.77105	0.86893	0.77883	0.46077	0.25542	0.11055	0.009969	-0.030421	-0.036822	-0.035264	-0.028647	0.0069355	0.038304	0.055286	7.4258
844.56	0.039312	0.0063138	-0.12576	-0.24663	-0.3595	-0.4621	-0.60431	-0.85339	-0.9892	-1.4764	-1.6702	-2.0912	-2.2702	-2.0995	-0.90486	0.3742	0.76098	0.86521	0.77546	0.46163	0.25567	0.10123	0.016044	-0.00996	-0.015887	-0.027579	-0.020286	0.0043312	0.064092	0.061408	7.4546
857.28	0.053222	0.013823	-0.10781	-0.23946	-0.34234	-0.43418	-0.61301	-0.8175	-0.97625	-1.3511	-1.685	-1.9953	-2.3967	-2.1919	-0.92032	0.29416	0.75684	0.86961	0.77765	0.46409	0.27934	0.1274	0.038635	-0.0035567	-0.029	-0.026296	-0.01826	-0.002273	0.048778	0.059629	7.4576
865.07	0.058128	0.024583	-0.10329	-0.24252	-0.3539	-0.44355	-0.59498	-0.81367	-0.99054	-1.5438	-1.7091	-1.9957	-2.2428	-2.2857	-1.0073	0.33765	0.74736	0.86747	0.77403	0.46821	0.27595	0.13813	0.044377	0.0053316	-0.014683	-0.0095976	0.0032842	0.026908	0.062572	0.077988	7.4591
866.68	0.058916	0.019523	-0.10045	-0.25337	-0.35422	-0.45978	-0.62301	-0.82189	-0.99895	-1.3922	-1.6766	-2.2395	-2.3971	-2.3077	-0.98646	0.15286	0.73183	0.8706	0.7726	0.48023	0.27193	0.12237	0.050376	0.0097441	-0.0031017	-0.010446	-0.0078193	0.022817	0.068672	0.070127	7.4516
864.75	0.050067	0.013703	-0.12371	-0.24261	-0.34817	-0.44372	-0.62105	-0.82638	-0.99005	-1.414	-1.6803	-2.1526	-2.376	-2.2166	-1.1317	0.3101	0.71486	0.86874	0.79637	0.48315	0.30854	0.14275	0.064415	0.04077	0.022532	0.0242	0.019539	0.051228	0.078614	0.069425	7.4606
860.16	0.059362	0.0087239	-0.12437	-0.24216	-0.36083	-0.4499	-0.62772	-0.82633	-1.0323	-1.5433	-1.7584	-2.1918	-2.4152	-2.5713	-1.1569	0.26536	0.70799	0.8915	0.80233	0.50335	0.31901	0.17477	0.086636	0.047224	0.013504	0.025199	0.029106	0.042542	0.072772	0.071524	7.4742
852.9	0.048942	0.025784	-0.11735	-0.2654	-0.37481	-0.45758	-0.61785	-0.84865	-1.0307	-1.5092	-1.634	-2.0615	-2.409	-2.6375	-1.2151	0.34247	0.7248	0.90006	0.81776	0.52355	0.33331	0.20036	0.10414	0.061997	0.048004	0.042988	0.038897	0.05194	0.050836	0.07126	7.5544
843.7	0.0596	0.020912	-0.11953	-0.25402	-0.37989	-0.47814	-0.64082	-0.86516	-1.0612	-1.4397	-1.994	-2.2534	-2.616	-2.6931	-1.0427	0.13811	0.71816	0.91863	0.83884	0.56141	0.35404	0.20442	0.11241	0.071753	0.051071	0.042567	0.024414	0.050014	0.082399	0.09053	7.7344
836.01	0.056432	0.017638	-0.11055	-0.26716	-0.40259	-0.49629	-0.70194	-0.90978	-1.0922	-1.53	-2.0123	-2.4262	-2.7678	-2.7541	-1.4469	0.063007	0.67529	0.90843	0.86675	0.56276	0.37183	0.20725	0.11255	0.0715	0.060097	0.064476	0.045875	0.060532	0.084998	0.091364	7.9008
826.91	0.052359	0.021337	-0.14234	-0.29559	-0.40089	-0.51266	-0.70268	-0.91237	-1.1177	-1.7222	-1.8907	-2.5105	-2.8905	-2.8666	-1.4827	0.23741	0.6577	0.93033	0.88337	0.5979	0.40714	0.24108	0.1329	0.087106	0.071999	0.061558	0.056221	0.065437	0.08314	0.077991	8.1397
816.75	0.045406	0.0038683	-0.14505	-0.27899	-0.38622	-0.52105	-0.70524	-0.94905	-1.1624	-1.714	-2.1949	-2.4931	-3.0479	-3.1893	-1.6022	-0.18954	0.61993	0.93287	0.89168	0.6161	0.41407	0.25473	0.14746	0.09851	0.081653	0.054986	0.069603	0.059387	0.070986	0.076235	8.3513
807.32	0.044011	0.019163	-0.15054	-0.28877	-0.41899	-0.57899	-0.73849	-0.98006	-1.2053	-1.7839	-2.3678	-2.719	-3.1402	-3.3295	-1.6924	-0.19175	0.5949	0.9468	0.92752	0.65393	0.41984	0.27142	0.14918	0.10346	0.071088	0.052841	0.048423	0.051401	0.084207	0.076205	8.5811
798.54	0.044495	0.010304	-0.15028	-0.30798	-0.43312	-0.55863	-0.76919	-0.97933	-1.2232	-1.7935	-2.245	-2.8981	-3.2607	-3.5271	-1.9795	-0.2938	0.52757	0.96544	0.94324	0.67012	0.44348	0.28728	0.15459	0.11611	0.1077	0.072193	0.076748	0.064251	0.088021	0.098442	8.8682
790.61	0.059674	0.01224	-0.14209	-0.31297	-0.45564	-0.56631	-0.77417	-1.0579	-1.315	-1.7707	-2.3105	-2.9975	-3.5249	-4.0023	-2.1141	-0.34723	0.47763	0.95748	0.94064	0.67684	0.48059	0.28716	0.17233	0.10467	0.091591	0.094721	0.059739	0.066667	0.081119	0.075935	9.1493
788.79	0.034218	0.0021665	-0.15991	-0.30988	-0.47276	-0.55097	-0.77322	-1.0818	-1.3124	-1.9382	-2.4342	-2.9742	-3.7555	-3.9733	-2.2758	-0.49978	0.42337	0.9472	0.95118	0.70977	0.50673	0.32892	0.19849	0.13502	0.11084	0.091137	0.079573	0.069486	0.070574	0.069515	9.4106
792.65	0.036988	0.0048974	-0.16879	-0.33496	-0.45553	-0.63631	-0.79584	-1.0891	-1.3629	-2.1625	-2.6045	-3.08	-3.9008	-4.0397	-2.5874	-0.6383	0.34592	0.93845	0.96413	0.71638	0.50043	0.34228	0.23076	0.1566	0.11843	0.082185	0.092253	0.077988	0.09159	0.076677	9.7202
802.72	0.050068	-0.005087	-0.15713	-0.30075	-0.48139	-0.59458	-0.78316	-1.0821	-1.3532	-1.9948	-2.7093	-3.4768	-3.9848	-4.4035	-2.7501	-0.73965	0.26523	0.93179	0.96392	0.74218	0.53956	0.35178	0.23725	0.18613	0.13209	0.10916	0.097545	0.078755	0.10386	0.080342	10.084
819.96	0.031024	0.0047359	-0.14448	-0.32472	-0.44345	-0.58809	-0.81243	-1.0743	-1.3816	-1.9824	-2.6213	-3.4231	-3.9755	-4.5875	-2.6822	-0.87982	0.18024	0.90219	0.92307	0.74215	0.54025	0.37621	0.2497	0.171	0.15286	0.12698	0.097301	0.089919	0.078216	0.08409	10.41
841.14	0.051475	0.023559	-0.14085	-0.30849	-0.42324	-0.58401	-0.77911	-1.0755	-1.36	-1.9229	-2.636	-3.3935	-4.0567	-4.7236	-2.8696	-1.0284	0.11285	0.86385	0.90855	0.75857	0.56366	0.39587	0.25594	0.20404	0.15922	0.13447	0.11508	0.097652	0.087224	0.081973	10.768
