12682	4	3	91	23.5	760	1	6	10	2.33	128	4096	10	0	0	0	0	298.24	953.5	1.4568e+006	0.11595	0.10057	40.033	0	0	1	0	0	0	11	0	0
962.95	0.01961	-0.033829	-0.1176	-0.20563	-0.2495	-0.41862	-0.33873	-0.37863	-0.37012	-0.38879	-0.25183	0.0074282	0.20453	0.6617	0.85685	0.48666	0.10478	-0.32086	-0.4764	-0.53563	-0.52134	-0.48507	-0.42382	-0.31838	-0.22708	-0.20357	-0.13293	-0.056102	0.028513	0.030308	0.076306
962.53	0.013973	-0.033094	-0.1097	-0.1893	-0.28297	-0.43672	-0.36661	-0.40507	-0.40103	-0.47264	-0.2784	-0.11636	0.022356	0.65415	0.76296	0.51173	0.21944	-0.22549	-0.40421	-0.47368	-0.48292	-0.43354	-0.3763	-0.30021	-0.21826	-0.19432	-0.13222	-0.061952	0.0045422	0.040356	0.52336
962	0.014788	-0.053438	-0.13922	-0.19566	-0.24185	-0.43952	-0.3938	-0.42918	-0.43893	-0.45617	-0.33152	-0.33112	-0.0093589	0.63094	0.80627	0.71111	0.30159	-0.13091	-0.30608	-0.41339	-0.41846	-0.42309	-0.37807	-0.28047	-0.20649	-0.1843	-0.11768	-0.074369	0.020544	0.0342	0.93229
961.78	0.022057	-0.025589	-0.14244	-0.20588	-0.299	-0.44986	-0.40214	-0.47389	-0.47903	-0.52326	-0.44637	-0.34772	-0.025213	0.45814	0.82359	0.72787	0.4068	-0.043883	-0.21539	-0.34129	-0.38144	-0.37632	-0.34998	-0.29009	-0.19389	-0.1781	-0.11155	-0.061999	0.0061451	0.045795	1.4049
961.04	0.014802	-0.047462	-0.14574	-0.21387	-0.30275	-0.45277	-0.41521	-0.4886	-0.51789	-0.64101	-0.43788	-0.47195	-0.12839	0.39555	0.75556	0.74503	0.50676	0.079929	-0.12091	-0.26931	-0.3288	-0.33383	-0.30796	-0.26321	-0.16873	-0.15952	-0.1101	-0.047465	0.0021469	0.055882	1.9078
960.83	0.016421	-0.045965	-0.15135	-0.2241	-0.32041	-0.45116	-0.43331	-0.51183	-0.5565	-0.62439	-0.66777	-0.4142	-0.27926	0.20678	0.74715	0.77011	0.59937	0.18161	-0.02704	-0.20542	-0.27592	-0.29358	-0.27982	-0.23217	-0.16356	-0.15488	-0.084711	-0.051121	0.014962	0.031149	2.3907
961.25	0.021261	-0.040671	-0.14889	-0.23027	-0.30708	-0.45523	-0.45338	-0.54349	-0.60782	-0.61573	-0.60563	-0.68671	-0.35055	0.05726	0.72965	0.87769	0.66605	0.26094	0.064542	-0.14306	-0.22682	-0.26383	-0.25307	-0.21693	-0.15902	-0.13454	-0.09237	-0.045997	0.026964	0.041956	2.8538
961.15	0.022072	-0.057253	-0.15449	-0.26475	-0.32734	-0.48773	-0.45643	-0.57144	-0.64329	-0.81693	-0.77355	-0.74464	-0.60452	-0.0056564	0.55813	0.8944	0.71554	0.33527	0.14163	-0.086616	-0.18971	-0.23014	-0.23274	-0.2034	-0.1449	-0.13845	-0.084683	-0.040899	0.023763	0.052011	3.3789
961.36	0.0010667	-0.056487	-0.16322	-0.24747	-0.3343	-0.52263	-0.50134	-0.60638	-0.68856	-0.84189	-0.80871	-0.78578	-0.62819	-0.1944	0.4293	0.8859	0.76559	0.40948	0.22781	-0.03679	-0.1249	-0.19307	-0.20137	-0.17466	-0.13371	-0.12829	-0.068504	-0.025582	0.039767	0.038861	3.8538
961.04	0.013186	-0.044449	-0.15291	-0.25695	-0.35815	-0.50914	-0.51052	-0.68151	-0.74498	-0.86731	-0.94152	-1.001	-0.86649	-0.38327	0.3093	0.8945	0.81287	0.49332	0.29506	0.027137	-0.08385	-0.15858	-0.1748	-0.15001	-0.10399	-0.10883	-0.066988	-0.024133	0.030172	0.037328	4.3345
959.87	0.013202	-0.06412	-0.16667	-0.27608	-0.34538	-0.52429	-0.5457	-0.64723	-0.77055	-0.88514	-0.88075	-1.1429	-0.93112	-0.48613	0.2925	1.0286	0.83382	0.55122	0.36954	0.084538	-0.037275	-0.1217	-0.15463	-0.12066	-0.10635	-0.09257	-0.042406	-0.031463	0.02139	0.042017	4.8621
959.23	0.0083533	-0.035473	-0.18515	-0.2849	-0.37115	-0.53662	-0.56336	-0.66443	-0.8397	-0.95291	-1.1823	-1.3093	-1.1226	-0.83323	0.1981	0.78802	0.84316	0.62175	0.4432	0.14616	0.010989	-0.089634	-0.10215	-0.10796	-0.076593	-0.066848	-0.03395	-0.0059167	0.022207	0.041271	5.3471
958.28	0.006742	-0.064227	-0.18613	-0.29304	-0.37241	-0.55515	-0.59102	-0.73065	-0.83591	-1.1052	-1.3075	-1.4349	-1.2908	-0.97609	-0.025466	0.72219	0.85599	0.67462	0.511	0.21293	0.056961	-0.036092	-0.07712	-0.08169	-0.054278	-0.050491	-0.030124	-0.0081165	0.015002	0.047516	5.8849
956.15	0.018126	-0.04922	-0.20578	-0.3055	-0.40063	-0.5787	-0.63457	-0.76753	-0.90199	-1.0992	-1.4525	-1.463	-1.6128	-1.1997	-0.13766	0.69876	0.83306	0.7302	0.57888	0.27266	0.10791	-0.0072282	-0.063908	-0.059435	-0.046917	-0.046685	-0.030964	-0.012531	0.036765	0.047618	6.374
954.66	0.0083933	-0.057642	-0.18202	-0.31307	-0.43577	-0.58132	-0.64387	-0.7936	-0.96539	-1.1178	-1.5171	-1.7066	-1.7831	-1.5421	-0.31067	0.62462	0.83997	0.76402	0.62972	0.32491	0.15263	0.039974	-0.017488	-0.039466	-0.024515	-0.037337	-0.022489	0.0065329	0.032792	0.040689	6.8766
954.45	0.014091	-0.072072	-0.18287	-0.31709	-0.40577	-0.59865	-0.65989	-0.83632	-1.0075	-1.4219	-1.6242	-1.9234	-1.9433	-1.8909	-0.6564	0.47425	0.81287	0.81493	0.68673	0.3693	0.18608	0.073948	0.0030125	-0.014592	-0.015527	-0.022426	-0.020168	0.0050669	0.020706	0.039142	7.3714
952.96	0.026336	-0.050904	-0.18556	-0.31442	-0.42857	-0.59356	-0.68665	-0.86336	-1.0424	-1.348	-1.698	-2.0097	-2.3385	-2.1002	-0.82185	0.38289	0.75545	0.83688	0.73091	0.42933	0.2541	0.10891	0.044882	0.014326	0.0069649	-0.0020137	-1.586e-005	0.0013975	0.032042	0.041542	7.8856
952.64	0.014933	-0.049403	-0.20975	-0.3327	-0.45178	-0.61961	-0.70656	-0.89822	-1.1103	-1.729	-1.9481	-2.1438	-2.6115	-2.4897	-1.0299	0.1317	0.71952	0.86128	0.76889	0.48141	0.28607	0.14796	0.076503	0.019157	0.020483	0.0066408	0.017846	0.019051	0.031247	0.043115	8.3906
952.21	0.014124	-0.064637	-0.20019	-0.32653	-0.48747	-0.59661	-0.74778	-0.93322	-1.1707	-1.7043	-1.9936	-2.4784	-2.7409	-2.737	-1.4201	0.10661	0.62651	0.85735	0.79696	0.51348	0.33006	0.18124	0.082862	0.036059	0.024247	0.013726	0.024846	0.022003	0.044998	0.041575	8.8728
950.51	-0.0038213	-0.060941	-0.20538	-0.33186	-0.4679	-0.61495	-0.76505	-0.98164	-1.1969	-1.7328	-2.1758	-2.5665	-3.171	-3.1873	-1.6309	-0.19545	0.55912	0.87702	0.83543	0.56561	0.3674	0.20569	0.1131	0.074814	0.058153	0.031099	0.024114	0.028678	0.049128	0.043212	9.3653
949.34	0.0027151	-0.051862	-0.22178	-0.32831	-0.48895	-0.62263	-0.77511	-1.0208	-1.2646	-1.8113	-2.1606	-2.829	-3.3758	-3.5496	-1.9891	-0.347	0.45652	0.86513	0.85268	0.59405	0.40625	0.25758	0.15447	0.084591	0.069526	0.05324	0.056094	0.038309	0.033788	0.034656	9.8425
948.7	-0.0046482	-0.064112	-0.20093	-0.36582	-0.48839	-0.65419	-0.80452	-1.0635	-1.3146	-2.0333	-2.5022	-3.1575	-3.6836	-3.9982	-2.3295	-0.59117	0.3583	0.86658	0.87027	0.64997	0.44093	0.28943	0.18552	0.1121	0.082389	0.056437	0.050673	0.039073	0.037865	0.036245	10.329
947.11	-0.010395	-0.05275	-0.21745	-0.34577	-0.50973	-0.64403	-0.81502	-1.0547	-1.3613	-2.0707	-2.623	-3.2383	-3.7864	-4.2205	-2.5163	-0.81125	0.24	0.84464	0.87638	0.65948	0.47295	0.2966	0.18424	0.13251	0.10443	0.062863	0.059351	0.045796	0.040365	0.041013	10.82
947	0.0060028	-0.043579	-0.18916	-0.35853	-0.48926	-0.67097	-0.82882	-1.071	-1.3951	-2.105	-2.6681	-3.4064	-4.109	-4.6361	-2.8737	-1.0473	0.091982	0.8456	0.8819	0.69074	0.50668	0.32919	0.22719	0.14466	0.10444	0.093735	0.068731	0.056901	0.041184	0.026896	11.232
947.32	-0.0013766	-0.055794	-0.19961	-0.35205	-0.50248	-0.69414	-0.86813	-1.1135	-1.4438	-2.1298	-2.7748	-3.3046	-4.3733	-4.9857	-3.3254	-1.2912	-0.037443	0.81759	0.87231	0.73768	0.54178	0.37582	0.24062	0.17535	0.12328	0.09924	0.082765	0.03765	0.037107	0.044143	11.691
946.58	-0.014501	-0.074203	-0.19814	-0.3738	-0.51359	-0.67994	-0.89014	-1.1492	-1.4957	-2.3357	-2.9474	-3.6177	-4.6588	-5.2772	-3.6766	-1.5368	-0.17021	0.77921	0.88772	0.74585	0.56948	0.38197	0.25433	0.17791	0.13622	0.10328	0.077359	0.065068	0.05421	0.037898	12.104
947.53	-0.0095711	-0.064191	-0.20037	-0.38057	-0.50593	-0.70264	-0.90523	-1.2079	-1.5411	-2.2313	-3.0967	-3.7482	-4.9036	-5.8144	-3.9079	-1.9395	-0.34872	0.73425	0.86128	0.76026	0.59615	0.39827	0.27711	0.20846	0.1376	0.10317	0.081968	0.056129	0.033849	0.037075	12.483
946.68	-0.0079386	-0.048181	-0.19165	-0.37217	-0.53138	-0.69634	-0.93271	-1.1993	-1.5987	-2.412	-3.252	-3.8103	-5.335	-6.3467	-4.4167	-2.1941	-0.48903	0.70022	0.84888	0.7896	0.60792	0.43955	0.3028	0.20055	0.16492	0.11435	0.090636	0.070243	0.034693	0.036324	12.849
945.3	-0.016164	-0.039058	-0.18058	-0.35678	-0.53037	-0.69823	-0.92644	-1.2002	-1.6269	-2.3815	-3.3825	-3.9756	-5.4397	-6.5879	-4.6064	-2.3746	-0.6413	0.66651	0.84547	0.79329	0.62889	0.44522	0.32235	0.23813	0.16138	0.12799	0.10251	0.074793	0.040444	0.020655	13.196
944.13	-0.01783	-0.060588	-0.19298	-0.37716	-0.5176	-0.68779	-0.97266	-1.2561	-1.6673	-2.4015	-3.5396	-4.1067	-5.7776	-6.9645	-4.9266	-2.6565	-0.79546	0.61778	0.83719	0.834	0.64736	0.46838	0.3379	0.23842	0.17597	0.12577	0.1042	0.073402	0.052718	0.030912	13.566
942.64	-0.025271	-0.053766	-0.20304	-0.36578	-0.54441	-0.715	-0.94818	-1.2922	-1.7154	-2.5505	-3.7254	-4.3154	-6.1589	-7.4005	-5.2843	-2.957	-0.96333	0.55519	0.81595	0.85394	0.67497	0.48842	0.34482	0.24611	0.18991	0.1371	0.11849	0.071288	0.030761	0.017563	13.861
940.3	-0.026986	-0.074699	-0.19539	-0.34988	-0.5233	-0.68361	-0.95284	-1.2864	-1.7465	-2.574	-3.7437	-4.4529	-6.4339	-7.8049	-5.5957	-3.2189	-1.1246	0.52515	0.79926	0.8374	0.69361	0.50309	0.35849	0.26139	0.18581	0.15179	0.12272	0.084878	0.043113	0.035781	14.147
939.13	-0.034459	-0.065536	-0.20543	-0.33428	-0.52306	-0.7133	-0.95864	-1.3288	-1.7825	-2.7573	-3.7664	-4.5938	-6.6449	-8.0722	-5.831	-3.5459	-1.2565	0.47861	0.77604	0.85629	0.70741	0.51887	0.37737	0.27395	0.18985	0.16155	0.10633	0.076778	0.048084	0.023165	14.439
938.17	-0.03284	-0.07564	-0.20155	-0.38276	-0.54971	-0.72191	-0.99037	-1.3612	-1.8135	-2.6399	-3.9785	-4.717	-6.8631	-8.3867	-6.1623	-3.6941	-1.4277	0.42397	0.74712	0.86992	0.71704	0.53963	0.38177	0.28158	0.19996	0.15373	0.123	0.07312	0.029267	0.010519	14.673
936.47	-0.056946	-0.079644	-0.17738	-0.36899	-0.53176	-0.71533	-1.003	-1.371	-1.8326	-2.7996	-4.0038	-4.8274	-7.2584	-8.6522	-6.4993	-4.0246	-1.5382	0.36689	0.7336	0.87747	0.73212	0.55327	0.40015	0.29436	0.21331	0.15801	0.13191	0.07026	0.024389	0.020059	14.879
935.62	-0.031269	-0.08591	-0.19064	-0.36772	-0.55392	-0.73265	-0.99307	-1.3674	-1.8651	-2.8366	-4.071	-4.8912	-7.4199	-8.9187	-6.5934	-4.1477	-1.6707	0.34003	0.72094	0.89106	0.73848	0.56476	0.39729	0.29381	0.20662	0.16296	0.13836	0.081559	0.031816	0.021664	15.117
934.45	-0.059561	-0.10229	-0.19908	-0.35448	-0.52568	-0.73005	-1.0213	-1.3855	-1.8912	-2.8056	-4.0761	-5.0163	-7.7148	-9.1402	-7.0253	-4.4518	-1.822	0.28863	0.68259	0.87851	0.74834	0.56801	0.41471	0.30074	0.22219	0.17279	0.13378	0.068913	0.038443	0.0065849	15.285
932.74	-0.062999	-0.087727	-0.19041	-0.36724	-0.54475	-0.70763	-0.99149	-1.411	-1.874	-2.923	-4.2201	-5.034	-7.8107	-9.4163	-7.2061	-4.6567	-1.8853	0.2434	0.67362	0.89038	0.7611	0.58261	0.4203	0.28733	0.22719	0.16025	0.12213	0.095332	0.024488	0.020933	15.434
931.89	-0.058891	-0.11035	-0.20373	-0.34738	-0.53891	-0.73558	-1.0009	-1.3844	-1.9345	-3.0035	-4.2968	-5.192	-8.1207	-9.5953	-7.4959	-4.7809	-2.0144	0.22248	0.65692	0.88434	0.75935	0.58569	0.41907	0.30567	0.2251	0.16764	0.1278	0.073614	0.017905	-0.0069513	15.54
932	-0.070547	-0.11577	-0.19302	-0.35945	-0.51346	-0.71964	-1.0519	-1.3924	-1.9216	-2.9254	-4.3146	-5.3363	-8.0624	-9.6347	-7.5128	-4.866	-2.075	0.19163	0.66156	0.87825	0.7723	0.58392	0.4263	0.32537	0.22047	0.16842	0.14207	0.056313	0.018726	0.0058039	15.63
931.04	-0.079794	-0.087108	-0.19569	-0.35497	-0.51943	-0.69658	-1.0305	-1.3971	-1.9069	-2.9457	-4.1366	-5.2906	-8.3329	-9.8233	-7.7508	-4.9309	-2.1298	0.1645	0.64806	0.88687	0.77147	0.59302	0.41784	0.31007	0.21532	0.16618	0.12156	0.072176	0.017093	0.0018204	15.682
931.89	-0.078889	-0.12123	-0.18647	-0.34172	-0.54616	-0.71268	-1.0179	-1.3844	-1.9424	-2.8393	-4.3697	-5.4051	-8.2352	-9.9116	-7.8057	-4.9521	-2.1846	0.16699	0.63488	0.88178	0.77321	0.58993	0.4215	0.30896	0.21589	0.15798	0.12542	0.069855	0.010472	-0.012534	15.724
932.74	-0.092968	-0.12267	-0.19287	-0.33818	-0.52573	-0.68299	-1.0448	-1.3905	-1.9597	-2.9748	-4.2383	-5.4002	-8.3586	-9.9674	-7.8339	-4.9562	-2.213	0.1246	0.62329	0.87413	0.77576	0.59194	0.43483	0.31608	0.22259	0.16587	0.11896	0.060777	0.018711	-0.0069465	15.755
931.36	-0.084769	-0.12596	-0.18575	-0.33141	-0.50655	-0.67695	-1.0177	-1.3901	-1.957	-2.9706	-4.3996	-5.3997	-8.502	-10.047	-7.819	-5.1092	-2.2352	0.13007	0.62579	0.89256	0.77365	0.60215	0.43225	0.31325	0.22062	0.17015	0.12549	0.064629	0.0096521	-0.010146	15.757
930.61	-0.11237	-0.12684	-0.19907	-0.33168	-0.5006	-0.68367	-1.0069	-1.397	-1.9689	-2.947	-4.321	-5.4382	-8.4432	-10.145	-7.9405	-5.1476	-2.2748	0.12135	0.59003	0.8727	0.77916	0.58394	0.42127	0.30609	0.21695	0.16625	0.12241	0.049621	-0.0010903	-0.036502	15.733
929.44	-0.12755	-0.15272	-0.21993	-0.35234	-0.49487	-0.69778	-0.98881	-1.3385	-1.938	-3.0027	-4.3812	-5.4621	-8.4949	-10.182	-7.8884	-5.3773	-2.3164	0.095009	0.59156	0.86864	0.76789	0.58808	0.43071	0.30236	0.2103	0.16727	0.12256	0.054961	-0.0085439	-0.026155	15.736
927.42	-0.12532	-0.13977	-0.20224	-0.35879	-0.49868	-0.68514	-1.0003	-1.3894	-1.9701	-2.9311	-4.3176	-5.534	-8.5792	-10.286	-7.9945	-5.346	-2.3438	0.087251	0.60235	0.88173	0.78103	0.5996	0.4284	0.31293	0.2177	0.1644	0.12682	0.051301	-0.01105	-0.027013	15.722
927.31	-0.12031	-0.13198	-0.21217	-0.35072	-0.49327	-0.66663	-0.97319	-1.4061	-1.9504	-2.8446	-4.4554	-5.4661	-8.5967	-10.303	-8.0043	-5.3552	-2.3342	0.11824	0.61349	0.90592	0.78931	0.60649	0.44631	0.31379	0.22313	0.17493	0.13561	0.067176	-0.0093929	-0.024614	15.739
927.74	-0.12193	-0.13816	-0.21868	-0.31567	-0.49031	-0.66632	-0.96341	-1.3641	-1.9049	-2.8693	-4.371	-5.4464	-8.4859	-10.249	-7.9651	-5.456	-2.3306	0.11642	0.60056	0.8969	0.77421	0.59683	0.44286	0.29548	0.20144	0.15223	0.10126	0.065636	-0.018514	-0.028606	15.758
928.27	-0.14193	-0.14121	-0.21443	-0.34062	-0.47274	-0.6739	-0.93567	-1.4038	-1.9014	-2.8763	-4.3502	-5.5802	-8.4563	-10.097	-7.9339	-5.1864	-2.2765	0.13669	0.60732	0.88521	0.77295	0.59308	0.42071	0.30027	0.20672	0.13922	0.092433	0.054274	-0.013527	-0.038995	15.733
930.19	-0.099901	-0.13702	-0.23046	-0.31726	-0.48902	-0.66721	-0.91513	-1.3317	-1.8792	-2.7838	-4.2043	-5.1845	-8.3815	-9.9867	-7.7845	-5.047	-2.1705	0.15759	0.63525	0.89283	0.77789	0.57911	0.41903	0.28647	0.19783	0.15102	0.089857	0.044369	-0.014328	-0.032525	15.546
932.85	-0.15122	-0.18865	-0.21009	-0.3091	-0.45049	-0.66795	-0.91948	-1.3378	-1.8627	-2.8277	-4.2469	-5.3059	-8.0469	-9.8447	-7.5236	-4.9214	-2.0731	0.17561	0.63737	0.86633	0.74962	0.55627	0.40251	0.27169	0.1827	0.12729	0.080084	0.017203	-0.045634	-0.046769	15.392
933.49	-0.15528	-0.17921	-0.21323	-0.32179	-0.46648	-0.65255	-0.89258	-1.2753	-1.8083	-2.7136	-4.0803	-5.1661	-8.0332	-9.4816	-7.3506	-4.7556	-2.0126	0.19484	0.64086	0.87086	0.73202	0.55335	0.37562	0.25673	0.16112	0.095092	0.064179	0.012686	-0.044779	-0.061859	15.169
933.91	-0.13692	-0.17215	-0.23446	-0.33373	-0.4355	-0.60918	-0.90221	-1.2837	-1.7877	-2.6778	-4.0057	-4.9681	-7.9316	-9.3073	-7.1088	-4.5911	-1.9288	0.24749	0.66256	0.86363	0.72518	0.53785	0.36981	0.24513	0.16947	0.093443	0.053851	-0.0030747	-0.060414	-0.075356	14.981
934.02	-0.13856	-0.16437	-0.23034	-0.31596	-0.42912	-0.59944	-0.8496	-1.3074	-1.7645	-2.85	-4.0143	-5.0781	-7.653	-9.1282	-7.0197	-4.283	-1.7654	0.28437	0.70097	0.86439	0.7251	0.53864	0.3609	0.24428	0.14342	0.099049	0.057805	-0.0038256	-0.047226	-0.048301	14.711
933.06	-0.15701	-0.19404	-0.22154	-0.28644	-0.42231	-0.6159	-0.83733	-1.2586	-1.7521	-2.7666	-3.9456	-4.879	-7.3748	-8.7891	-6.7705	-4.1762	-1.649	0.33569	0.71662	0.8533	0.71201	0.51801	0.33465	0.23386	0.1359	0.089513	0.053109	-0.0090849	-0.050573	-0.069055	14.454
931.78	-0.1514	-0.16788	-0.22925	-0.29814	-0.42108	-0.59824	-0.85009	-1.2225	-1.7346	-2.6926	-3.8872	-4.809	-7.2294	-8.5659	-6.4346	-3.9335	-1.546	0.36874	0.73571	0.84591	0.69669	0.49411	0.33107	0.21609	0.13225	0.069527	0.03889	-0.024138	-0.050642	-0.063568	14.172
930.93	-0.13402	-0.16259	-0.20641	-0.30892	-0.41239	-0.56881	-0.82995	-1.2171	-1.7012	-2.6691	-3.7813	-4.7366	-6.982	-8.2814	-6.1747	-3.7485	-1.4198	0.42463	0.75136	0.83982	0.69325	0.48691	0.33056	0.20641	0.11316	0.067979	0.029388	-0.0068474	-0.062261	-0.071607	13.858
929.87	-0.14419	-0.15732	-0.17946	-0.28985	-0.40196	-0.55886	-0.79445	-1.174	-1.7032	-2.6462	-3.7309	-4.5797	-6.8013	-8.1038	-6.0576	-3.5211	-1.3036	0.47013	0.77036	0.8322	0.68097	0.47387	0.30504	0.18605	0.10175	0.055162	0.019874	-0.022681	-0.054884	-0.077282	13.548
929.97	-0.14084	-0.1464	-0.17862	-0.28901	-0.37556	-0.54027	-0.8246	-1.1763	-1.6131	-2.5679	-3.6757	-4.4767	-6.5381	-7.7777	-5.7465	-3.3319	-1.1371	0.51597	0.79788	0.83468	0.6564	0.46276	0.29772	0.19262	0.091739	0.042261	0.031805	-0.028706	-0.048258	-0.060496	13.164
929.98	-0.11913	-0.14017	-0.19344	-0.26877	-0.36466	-0.58969	-0.80987	-1.1409	-1.5964	-2.412	-3.3744	-4.2973	-6.3002	-7.4607	-5.374	-3.0402	-1.0003	0.56717	0.82706	0.83296	0.64987	0.4449	0.27829	0.17038	0.080203	0.047903	0.0039637	-0.021171	-0.055706	-0.058099	12.828
929.66	-0.13086	-0.14645	-0.1828	-0.24295	-0.36751	-0.57135	-0.78765	-1.1182	-1.5977	-2.3002	-3.4394	-4.1364	-5.8922	-7.2111	-5.1807	-2.8094	-0.86718	0.61592	0.81551	0.81436	0.63947	0.40848	0.2881	0.14489	0.077922	0.041471	0.0047589	-0.032485	-0.05324	-0.086091	12.447
930.29	-0.1291	-0.14323	-0.17197	-0.24683	-0.39632	-0.56832	-0.74834	-1.1216	-1.5481	-2.5064	-3.2819	-4.0226	-5.675	-6.8161	-4.7782	-2.6359	-0.72494	0.63227	0.83703	0.79493	0.5974	0.39885	0.24745	0.13573	0.058649	0.022913	-0.0079658	-0.032463	-0.063957	-0.078845	12.055
931.57	-0.11392	-0.12438	-0.17996	-0.257	-0.36494	-0.54375	-0.78758	-1.1077	-1.5103	-2.2955	-3.1954	-3.9148	-5.4707	-6.612	-4.7097	-2.2811	-0.59319	0.67898	0.85242	0.78699	0.58273	0.37709	0.23095	0.12486	0.038606	0.0083991	-0.018282	-0.05348	-0.045697	-0.066772	11.653
932.32	-0.10883	-0.13748	-0.12968	-0.24872	-0.35196	-0.57677	-0.756	-1.0435	-1.4559	-2.2677	-2.9834	-3.8094	-5.2127	-6.1445	-4.3609	-2.0139	-0.45877	0.69429	0.85252	0.74699	0.55294	0.35813	0.19928	0.09764	0.024765	0.00035356	-0.026996	-0.054188	-0.052263	-0.063531	11.219
932.53	-0.083831	-0.078427	-0.15184	-0.24866	-0.34463	-0.55991	-0.75892	-1.0499	-1.4342	-2.1722	-3.0555	-3.6637	-4.9662	-5.9242	-3.9708	-1.9364	-0.33708	0.74078	0.86019	0.75281	0.5463	0.33345	0.20246	0.085293	0.028595	-0.0060755	-0.022228	-0.030131	-0.052251	-0.057143	10.84
934.02	-0.06624	-0.08683	-0.13683	-0.23618	-0.32508	-0.54583	-0.7191	-1.0137	-1.397	-2.117	-2.9961	-3.4622	-4.7622	-5.5667	-3.7172	-1.583	-0.20038	0.78529	0.87295	0.73452	0.51372	0.30414	0.17635	0.085977	0.020891	-0.011683	-0.039619	-0.059342	-0.03569	-0.049097	10.375
935.08	-0.052046	-0.058848	-0.13258	-0.21256	-0.33827	-0.54521	-0.72754	-1.0159	-1.3511	-1.9595	-2.7747	-3.2969	-4.4877	-5.2531	-3.3513	-1.3081	-0.074801	0.81074	0.87039	0.69016	0.49771	0.27504	0.15924	0.044096	-0.010494	-0.024492	-0.045112	-0.06227	-0.044703	-0.037917	9.9844
936.26	-0.052812	-0.071926	-0.13487	-0.21069	-0.35319	-0.55505	-0.69196	-0.99086	-1.3257	-1.9915	-2.7078	-3.2588	-4.2865	-4.9154	-2.9947	-1.2213	0.061126	0.81849	0.86147	0.66543	0.45167	0.26794	0.1293	0.033403	-0.016592	-0.059683	-0.060859	-0.051716	-0.056154	-0.034696	9.5042
937.75	-0.037824	-0.047097	-0.11096	-0.19109	-0.3292	-0.55592	-0.67548	-0.96396	-1.2692	-1.8767	-2.6129	-3.2452	-3.9869	-4.6254	-2.8053	-0.92147	0.16233	0.84432	0.86245	0.64565	0.42665	0.24138	0.10822	0.0096582	-0.02877	-0.057191	-0.062341	-0.056116	-0.030625	-0.038601	9.0088
939.24	-0.029497	-0.030828	-0.10263	-0.22284	-0.34667	-0.53057	-0.66904	-0.92491	-1.2435	-1.7193	-2.4822	-3.2739	-3.8263	-4.1915	-2.4672	-0.64812	0.27382	0.85435	0.8642	0.61828	0.40172	0.20227	0.089617	-0.012381	-0.03634	-0.071464	-0.06933	-0.067965	-0.028939	-0.027465	8.5312
940.62	0.014299	-0.036943	-0.086188	-0.20971	-0.34077	-0.54375	-0.67112	-0.90726	-1.2158	-1.9223	-2.298	-3.1086	-3.6017	-3.8156	-2.0865	-0.53687	0.39559	0.86007	0.85357	0.58004	0.35673	0.16582	0.046273	-0.026209	-0.053014	-0.075342	-0.082599	-0.064884	-0.035439	-0.010837	8.0248
941.04	0.012641	-0.030769	-0.090219	-0.20482	-0.34061	-0.53391	-0.62636	-0.89627	-1.1515	-1.6989	-2.1706	-2.702	-3.2678	-3.364	-1.919	-0.17198	0.48497	0.86666	0.84228	0.5501	0.33075	0.15314	0.034252	-0.027826	-0.078833	-0.092829	-0.079418	-0.067834	-0.018252	-0.016359	7.5363
939.98	0.015134	-0.012312	-0.092766	-0.21626	-0.31673	-0.52229	-0.6171	-0.8492	-1.104	-1.7008	-2.0467	-2.4347	-3.0605	-3.1828	-1.6492	-0.07877	0.56539	0.87026	0.82372	0.52186	0.30042	0.12219	0.011069	-0.050678	-0.084248	-0.088948	-0.091313	-0.065674	-0.0010795	0.0081261	7.0128
940.3	0.021734	-0.014618	-0.10251	-0.20898	-0.331	-0.53172	-0.61459	-0.8375	-1.0698	-1.7773	-2.055	-2.4	-2.9946	-3.0048	-1.4294	-0.0023701	0.63526	0.85862	0.80472	0.46397	0.25994	0.099448	-0.0097495	-0.08488	-0.088784	-0.10167	-0.093642	-0.076829	-0.0076273	0.011284	6.4891
940.51	0.026682	-0.018466	-0.077237	-0.20813	-0.32284	-0.51152	-0.60448	-0.79414	-1.0428	-1.5371	-1.9101	-2.1292	-2.6858	-2.5138	-1.2449	0.20975	0.69295	0.85406	0.77568	0.44859	0.21709	0.066636	-0.023353	-0.083233	-0.097129	-0.1128	-0.095981	-0.070108	-0.0051692	0.015232	5.9833
940.73	0.044837	-0.0069127	-0.10409	-0.21049	-0.32995	-0.50704	-0.58671	-0.7565	-0.97497	-1.6395	-1.8464	-2.2554	-2.5311	-2.1918	-0.98159	0.37088	0.75143	0.83118	0.74587	0.39165	0.18556	0.035521	-0.062556	-0.10602	-0.11611	-0.11836	-0.10382	-0.064132	-0.0027138	0.0089091	5.4319
941.36	0.056352	0.012326	-0.095071	-0.20155	-0.31267	-0.48926	-0.55183	-0.74785	-0.92166	-1.5015	-1.5565	-1.9417	-2.181	-1.9493	-0.70054	0.42151	0.80138	0.81666	0.70407	0.37358	0.15882	0.0018992	-0.081704	-0.11652	-0.12591	-0.12703	-0.099038	-0.064834	0.0021917	0.034161	4.9622
942.53	0.032393	-0.0053634	-0.092515	-0.20449	-0.31408	-0.49475	-0.55038	-0.70953	-0.88912	-1.3544	-1.4825	-1.7285	-1.9841	-1.6501	-0.60342	0.70039	0.84265	0.78865	0.66662	0.31131	0.1135	-0.030822	-0.11275	-0.13995	-0.14245	-0.13324	-0.10912	-0.091516	-0.013323	0.021505	4.4195
943.28	0.034014	0.0069265	-0.11437	-0.19635	-0.29591	-0.50132	-0.51631	-0.67404	-0.83508	-1.0459	-1.3733	-1.7272	-1.6995	-1.4725	-0.14828	0.73367	0.84118	0.77237	0.61944	0.26623	0.083627	-0.066841	-0.12064	-0.16177	-0.15144	-0.14981	-0.13099	-0.0751	-0.01576	0.031728	3.9599
943.7	0.043049	-0.023776	-0.1062	-0.18829	-0.28772	-0.47587	-0.49085	-0.65669	-0.80492	-0.9686	-1.3457	-1.4823	-1.5128	-1.2475	-0.078302	0.68262	0.84891	0.7207	0.54143	0.20353	0.025653	-0.094461	-0.14531	-0.17793	-0.16577	-0.15531	-0.14034	-0.084721	-0.021461	0.024628	3.4775
944.13	0.041386	0.0030853	-0.10778	-0.189	-0.2858	-0.47739	-0.47535	-0.61663	-0.75205	-0.96816	-1.2372	-1.2629	-1.2779	-0.99071	-0.043326	0.86826	0.85665	0.68473	0.50234	0.16033	-0.011356	-0.13462	-0.16837	-0.18759	-0.18009	-0.15682	-0.12852	-0.086908	0.0029999	0.014386	2.9327
944.24	0.04138	-0.013791	-0.10533	-0.18818	-0.27235	-0.45561	-0.46919	-0.59709	-0.71906	-0.98511	-1.1112	-1.2543	-1.2131	-0.78242	0.13138	0.809	0.85898	0.61598	0.42771	0.1003	-0.058803	-0.17061	-0.21299	-0.21597	-0.19901	-0.18141	-0.14731	-0.092836	-0.0051488	0.018319	2.4682
945.3	0.054476	0.0038472	-0.077656	-0.16966	-0.24791	-0.43599	-0.42594	-0.57535	-0.67834	-0.77098	-0.98415	-1.1353	-0.94547	-0.60559	0.56748	0.90095	0.84748	0.57447	0.36049	0.058825	-0.10613	-0.20388	-0.23186	-0.25057	-0.20711	-0.17724	-0.1495	-0.08606	0.0054402	0.028515	1.9792
946.15	0.036373	0.0069055	-0.097829	-0.1695	-0.25304	-0.45815	-0.41259	-0.51653	-0.69415	-0.69366	-0.89352	-0.79002	-0.84788	-0.41327	0.44492	0.917	0.82567	0.49848	0.29195	-0.010392	-0.15339	-0.23462	-0.24677	-0.26654	-0.22128	-0.20322	-0.1564	-0.092648	-0.0092059	0.02535	1.5052
947	0.041259	-0.016808	-0.092887	-0.15902	-0.24478	-0.44994	-0.38785	-0.49665	-0.66697	-0.72707	-0.80305	-0.86481	-0.56522	-0.15742	0.55776	0.87405	0.80065	0.41135	0.20493	-0.069369	-0.20537	-0.2653	-0.29503	-0.27763	-0.2309	-0.22124	-0.16016	-0.095523	-0.01326	0.035527	1.0235
948.49	0.051017	0.01147	-0.095166	-0.16194	-0.23104	-0.41635	-0.37888	-0.46679	-0.58636	-0.63251	-0.77492	-0.69595	-0.63672	-0.045595	0.52208	0.88109	0.72509	0.32503	0.118	-0.12984	-0.25469	-0.2999	-0.31441	-0.29981	-0.24864	-0.23275	-0.17317	-0.11237	-0.0099956	0.029204	0.62979
950.09	0.056653	0.00077732	-0.076459	-0.1482	-0.21197	-0.4122	-0.35926	-0.44101	-0.52697	-0.65687	-0.74681	-0.61117	-0.31452	0.002246	0.66011	0.87123	0.665	0.25191	0.042139	-0.17246	-0.28303	-0.33851	-0.33369	-0.31624	-0.25199	-0.22999	-0.1869	-0.10702	-0.010788	0.036192	0.15387
951.58	0.04106	0.0015383	-0.069898	-0.13452	-0.21075	-0.42104	-0.32687	-0.42261	-0.48417	-0.62199	-0.60286	-0.45996	-0.20983	0.24058	0.66774	0.72728	0.60922	0.16526	-0.036552	-0.24934	-0.33765	-0.37288	-0.36085	-0.33748	-0.2794	-0.25168	-0.18194	-0.11716	-0.0067287	0.016616	-0.27809
953.17	0.043436	-0.00074405	-0.077015	-0.11613	-0.19533	-0.40225	-0.30286	-0.38413	-0.45542	-0.48573	-0.4415	-0.34251	-0.18548	0.35917	0.81374	0.80142	0.52139	0.084032	-0.11883	-0.29749	-0.39285	-0.40544	-0.38868	-0.3554	-0.28644	-0.25834	-0.19483	-0.12137	-0.014791	0.022823	-0.67669
955.51	0.036827	-0.0030164	-0.080835	-0.13239	-0.18159	-0.38151	-0.29231	-0.37838	-0.41481	-0.45084	-0.34266	-0.20865	-0.033356	0.45323	0.78585	0.71593	0.44715	-0.023556	-0.21143	-0.36775	-0.43639	-0.43755	-0.41372	-0.37778	-0.29098	-0.26947	-0.20829	-0.13721	-0.016363	0.026656	-1.0693
957.96	0.049703	0.0053091	-0.063035	-0.12263	-0.16701	-0.36168	-0.26822	-0.33742	-0.36201	-0.45809	-0.24429	-0.19155	0.10207	0.57835	0.84409	0.72243	0.35164	-0.10404	-0.30277	-0.42346	-0.46699	-0.46532	-0.43153	-0.39201	-0.2977	-0.26722	-0.19077	-0.12296	-0.011503	0.037448	-1.4559
959.34	0.050441	-0.010554	-0.061346	-0.11147	-0.16941	-0.36886	-0.26934	-0.32336	-0.33913	-0.39025	-0.27049	-0.11674	0.070122	0.54598	0.81708	0.60493	0.2577	-0.18689	-0.37421	-0.48857	-0.5146	-0.50009	-0.45994	-0.39544	-0.31964	-0.25824	-0.22134	-0.13447	0.0061607	0.031971	-1.7848
960.51	0.043104	-0.00073837	-0.069248	-0.1082	-0.16657	-0.37867	-0.26226	-0.31579	-0.31561	-0.29753	-0.27016	-0.066991	0.23681	0.70275	0.85043	0.56266	0.16567	-0.28323	-0.45318	-0.54945	-0.55034	-0.52829	-0.46643	-0.39576	-0.32297	-0.28914	-0.20104	-0.11461	0.01016	0.031159	-2.132
960.72	0.041479	0.0037854	-0.05807	-0.11444	-0.16829	-0.36235	-0.24268	-0.28302	-0.28859	-0.26393	-0.1552	0.040516	0.35584	0.61603	0.81591	0.55422	0.047608	-0.39253	-0.55386	-0.59751	-0.60239	-0.56357	-0.5008	-0.43395	-0.31397	-0.29765	-0.21024	-0.12625	-0.013071	0.022644	-2.4412
960.61	0.035016	0.010571	-0.054088	-0.10035	-0.13664	-0.35385	-0.24421	-0.24477	-0.25627	-0.2472	-0.11986	-0.025628	0.34	0.79712	0.73014	0.40476	-0.061648	-0.47545	-0.62417	-0.65158	-0.63328	-0.58915	-0.51339	-0.41964	-0.32666	-0.29223	-0.2249	-0.13429	-0.0082667	0.048172	-2.7581
959.98	0.030996	0.0090696	-0.048537	-0.10904	-0.14905	-0.34638	-0.23009	-0.24893	-0.24873	-0.1047	-0.049164	-0.075298	0.50708	0.75039	0.86809	0.34682	-0.1822	-0.5647	-0.73385	-0.71352	-0.67642	-0.63402	-0.53412	-0.4287	-0.32986	-0.27134	-0.21888	-0.13292	-0.0050644	0.025759	-3.0354
960.51	0.047955	0.0068022	-0.047713	-0.10506	-0.14721	-0.33508	-0.21195	-0.24082	-0.21625	-0.25561	0.01273	0.15631	0.49091	0.79719	0.79892	0.33003	-0.28499	-0.65839	-0.8037	-0.76464	-0.71399	-0.64025	-0.58712	-0.43644	-0.33935	-0.30396	-0.20721	-0.12701	0.0045518	0.031932	-3.2975
960.19	0.043118	0.00076914	-0.049326	-0.094119	-0.1411	-0.33349	-0.18122	-0.20659	-0.19089	-0.12985	0.11885	0.18118	0.46724	0.85259	0.67035	0.21378	-0.3888	-0.75264	-0.89258	-0.81393	-0.74903	-0.66846	-0.54419	-0.4677	-0.35139	-0.31577	-0.23501	-0.14019	-0.0042623	0.02111	-3.4956
960.29	0.029368	0.0068037	-0.062881	-0.072161	-0.12261	-0.31635	-0.17444	-0.19779	-0.16622	-0.19693	0.065809	0.17289	0.61811	0.79737	0.82487	0.055851	-0.4845	-0.83034	-0.95359	-0.8637	-0.77425	-0.69556	-0.60057	-0.45967	-0.35135	-0.30481	-0.22112	-0.13798	-0.018686	0.037357	-3.7045
961.68	0.040629	0.0082994	-0.041281	-0.084581	-0.10749	-0.32785	-0.17794	-0.19989	-0.15213	-0.087776	0.10986	0.24699	0.59342	0.81981	0.72933	0.0059763	-0.58736	-0.90768	-1.0308	-0.88819	-0.80709	-0.72252	-0.60362	-0.4853	-0.36051	-0.31528	-0.2208	-0.13123	-0.0074578	0.031121	-3.9148
962.63	0.039783	0.010548	-0.05477	-0.098572	-0.1425	-0.3352	-0.17701	-0.179	-0.13892	0.0043522	0.074448	0.31274	0.67207	0.79545	0.58297	0.022557	-0.67114	-0.98437	-1.0801	-0.913	-0.83468	-0.72016	-0.6038	-0.50312	-0.38021	-0.33988	-0.2421	-0.15366	-0.017042	0.029548	-4.0826
963.48	0.024435	0.0015192	-0.042795	-0.080515	-0.12132	-0.32297	-0.16713	-0.1701	-0.13035	-0.12105	0.10082	0.3537	0.66356	0.89674	0.70228	-0.19282	-0.78664	-1.0559	-1.156	-0.96521	-0.87336	-0.75974	-0.61343	-0.49711	-0.36058	-0.31391	-0.23574	-0.10553	0.013323	0.039546	-4.1786
964.55	0.045339	-0.015753	-0.045924	-0.092134	-0.11856	-0.32772	-0.15498	-0.16276	-0.099525	0.071162	0.21516	0.36978	0.59956	0.80954	0.62456	-0.20088	-0.8374	-1.0939	-1.1935	-0.99558	-0.86846	-0.75316	-0.61041	-0.49418	-0.3676	-0.32833	-0.22551	-0.11776	-0.0058393	0.026407	-4.2991
965.72	0.02679	0.0045154	-0.057769	-0.085785	-0.12017	-0.31713	-0.15106	-0.14828	-0.10553	-0.045711	0.1094	0.41868	0.58303	0.76942	0.58963	-0.35765	-0.9062	-1.1648	-1.2308	-1.0192	-0.88156	-0.75307	-0.60577	-0.48565	-0.359	-0.31784	-0.22447	-0.13431	-0.0018486	0.030991	-4.3296
966.25	0.031598	-0.012726	-0.055357	-0.096645	-0.11136	-0.33309	-0.15247	-0.1482	-0.094756	-0.13738	0.24115	0.48423	0.70902	0.83941	0.62346	-0.28312	-0.97706	-1.2109	-1.2719	-1.026	-0.89915	-0.75593	-0.61323	-0.50679	-0.37139	-0.32387	-0.22588	-0.12335	-0.0098119	0.02636	-4.3814
966.03	0.040446	-0.014978	-0.072023	-0.094328	-0.12713	-0.31957	-0.15175	-0.15934	-0.087885	-0.05403	0.16209	0.45144	0.63022	0.94134	0.61505	-0.4484	-1.0391	-1.2672	-1.323	-1.0676	-0.91035	-0.79292	-0.62583	-0.52197	-0.38258	-0.33558	-0.2512	-0.13064	-0.0058303	0.030981	-4.4241
965.93	0.036433	1.6603e-005	-0.067274	-0.082651	-0.13501	-0.32556	-0.14878	-0.14508	-0.09402	-0.087389	0.24123	0.49262	0.70925	0.83185	0.7432	-0.39888	-1.0741	-1.3048	-1.3452	-1.0809	-0.91202	-0.78646	-0.63292	-0.52916	-0.35596	-0.32786	-0.23668	-0.13283	-0.022561	0.040214	-4.4562
966.25	0.025974	0.0030146	-0.054565	-0.098982	-0.13147	-0.30846	-0.14873	-0.13155	-0.071786	-0.020675	0.38176	0.42668	0.78005	0.76116	0.43566	-0.37397	-1.115	-1.3162	-1.3698	-1.0987	-0.94552	-0.79193	-0.63349	-0.50679	-0.39286	-0.3231	-0.20904	-0.12263	-0.012996	0.028667	-4.4241
966.46	0.039625	0.0052624	-0.05059	-0.095066	-0.11133	-0.31179	-0.14572	-0.13945	-0.079425	0.02934	0.2499	0.36905	0.70096	0.83142	0.52091	-0.44821	-1.1243	-1.3406	-1.3725	-1.077	-0.93116	-0.79503	-0.63802	-0.5154	-0.35577	-0.31217	-0.23502	-0.13203	0.0061153	0.031737	-4.4028
966.35	0.032397	-0.0082289	-0.064073	-0.094297	-0.13146	-0.32201	-0.15245	-0.14581	-0.075607	-0.012326	0.30263	0.50061	0.56687	0.83932	0.52949	-0.48129	-1.1403	-1.3501	-1.3848	-1.0879	-0.96191	-0.79921	-0.65289	-0.521	-0.37727	-0.3378	-0.22892	-0.13639	-0.00025413	0.020975	-4.4211
967.42	0.023533	-0.0082199	-0.053707	-0.087969	-0.11821	-0.32336	-0.14259	-0.14486	-0.066346	-0.087255	0.36374	0.44259	0.72392	0.85401	0.49483	-0.56325	-1.1477	-1.346	-1.397	-1.09	-0.9169	-0.80977	-0.65062	-0.53231	-0.38203	-0.31806	-0.22637	-0.13262	0.012474	0.047064	-4.4302
968.05	0.037955	0.0052537	-0.059212	-0.09491	-0.12861	-0.32993	-0.1492	-0.13131	-0.083116	-0.020636	0.12667	0.37665	0.66041	0.77537	0.44338	-0.62882	-1.1755	-1.3613	-1.4006	-1.1198	-0.96336	-0.80679	-0.63541	-0.52958	-0.37365	-0.32714	-0.2247	-0.10792	-0.015357	0.037058	-4.4074
968.59	0.032323	0.0022586	-0.078953	-0.1003	-0.12417	-0.31788	-0.15507	-0.14785	-0.076196	-0.12872	0.38961	0.40104	0.78605	0.93886	0.52827	-0.42249	-1.1598	-1.3512	-1.3907	-1.0911	-0.97381	-0.80716	-0.64128	-0.51743	-0.37714	-0.32387	-0.22916	-0.13101	0.0029242	0.043172	-4.3128
968.8	0.039529	-0.0037222	-0.051258	-0.11193	-0.13287	-0.32968	-0.17142	-0.14544	-0.097562	-0.062185	0.29309	0.40096	0.77014	0.79818	0.42601	-0.52125	-1.1485	-1.3348	-1.3919	-1.1032	-0.95243	-0.7923	-0.63648	-0.49201	-0.37779	-0.31993	-0.223	-0.11724	-0.0089907	0.023222	-4.1832
968.05	0.027529	-0.010459	-0.075831	-0.11046	-0.12773	-0.31891	-0.16634	-0.15426	-0.094579	0.0043279	0.26702	0.4587	0.76284	0.93155	0.63083	-0.51341	-1.1074	-1.3104	-1.3627	-1.0769	-0.90845	-0.77657	-0.61209	-0.50189	-0.35518	-0.3163	-0.21094	-0.11154	0.0076973	0.038592	-4.0124
967.74	0.029944	-0.026927	-0.076647	-0.11361	-0.13563	-0.34361	-0.17012	-0.15748	-0.11525	0.037621	0.25834	0.35214	0.83404	0.79124	0.53727	-0.26618	-1.0587	-1.2642	-1.3177	-1.0517	-0.89855	-0.77846	-0.60607	-0.47751	-0.36047	-0.28388	-0.20489	-0.1181	0.019627	0.030927	-3.799
967.2	0.026749	0.0045085	-0.079857	-0.11523	-0.15405	-0.33276	-0.1717	-0.17895	-0.12067	-0.0039918	0.19702	0.39339	0.61369	0.80731	0.58874	-0.25808	-0.99193	-1.2207	-1.2941	-1.0168	-0.87863	-0.75681	-0.59472	-0.48411	-0.33922	-0.29798	-0.19277	-0.11889	0.0061106	0.051685	-3.6328
966.57	0.026767	-0.00073374	-0.074363	-0.13555	-0.15853	-0.35167	-0.18226	-0.17827	-0.13376	-0.095661	0.091739	0.36901	0.63777	0.77656	0.63178	-0.26651	-0.93869	-1.1612	-1.2388	-1.0018	-0.89021	-0.74586	-0.57253	-0.48443	-0.35573	-0.2912	-0.20438	-0.097941	0.003726	0.041726	-3.392
966.35	0.032397	1.6596e-005	-0.071207	-0.11845	-0.15681	-0.35939	-0.18902	-0.20051	-0.13762	-0.07902	0.17083	0.33621	0.851	0.78455	0.59778	-0.27483	-0.84773	-1.1063	-1.1897	-0.95739	-0.84876	-0.71411	-0.57266	-0.45441	-0.32694	-0.28739	-0.18834	-0.10739	0.0093026	0.034816	-3.1878
967.42	0.029151	-0.014209	-0.099637	-0.13466	-0.16363	-0.3539	-0.21192	-0.20742	-0.16653	-0.12056	0.012639	0.40153	0.61356	0.88529	0.69092	-0.10955	-0.76206	-1.0338	-1.1429	-0.93241	-0.84312	-0.70679	-0.55491	-0.45628	-0.31845	-0.2801	-0.1782	-0.092059	0.0053158	0.037082	-2.8464
966.57	0.021144	-0.012723	-0.1029	-0.1449	-0.18126	-0.37375	-0.22554	-0.21949	-0.1927	-0.037326	0.030244	0.27861	0.6141	0.87042	0.75124	-0.051848	-0.65493	-0.96423	-1.0726	-0.89938	-0.79672	-0.68287	-0.54761	-0.4337	-0.32539	-0.27957	-0.17606	-0.10446	-0.0058271	0.036345	-2.5981
966.25	0.02758	-0.020223	-0.11324	-0.14728	-0.18307	-0.37727	-0.2398	-0.26079	-0.19812	-0.23741	-0.057628	0.15538	0.54327	0.74552	0.76857	0.047252	-0.5386	-0.87025	-0.97656	-0.83856	-0.78048	-0.67164	-0.52053	-0.42988	-0.29737	-0.25639	-0.17229	-0.08637	0.020453	0.054043	-2.234
966.78	0.029973	-0.0074751	-0.10604	-0.16511	-0.19957	-0.39574	-0.24713	-0.26778	-0.23321	-0.17063	-0.083948	0.22925	0.45617	0.706	0.74255	0.10501	-0.44638	-0.78996	-0.91533	-0.78857	-0.71721	-0.62465	-0.50233	-0.40349	-0.27575	-0.24463	-0.16301	-0.094295	0.021238	0.040947	-1.8822
966.03	0.025175	-0.020976	-0.11644	-0.15277	-0.21459	-0.3867	-0.27494	-0.29971	-0.26938	-0.20411	-0.040087	0.22119	0.51967	0.80047	0.75166	0.17119	-0.34918	-0.7039	-0.83403	-0.76605	-0.67217	-0.59075	-0.49493	-0.39032	-0.28411	-0.21921	-0.15624	-0.084937	0.018066	0.031751	-1.5229
965.5	0.030818	-0.03374	-0.099042	-0.16221	-0.22871	-0.40561	-0.29675	-0.32209	-0.28562	-0.17919	-0.12804	0.081461	0.37778	0.79308	0.82042	0.24566	-0.22559	-0.59887	-0.74256	-0.69043	-0.63322	-0.57142	-0.457	-0.36752	-0.27611	-0.22709	-0.15786	-0.097323	0.0061214	0.041772	-1.1074
965.61	0.030815	-0.029986	-0.10538	-0.17466	-0.23044	-0.39707	-0.32286	-0.33316	-0.33156	-0.39605	-0.20718	-0.025496	0.31455	0.62857	0.73491	0.40267	-0.13353	-0.50785	-0.67032	-0.65234	-0.60484	-0.55089	-0.42343	-0.36431	-0.24349	-0.23405	-0.14175	-0.075541	0.019669	0.037151	-0.73299
965.08	0.026006	-0.027001	-0.11576	-0.19192	-0.24195	-0.4228	-0.33052	-0.36113	-0.34631	-0.29612	-0.10168	-0.0749	0.35423	0.73077	0.8464	0.51038	-0.00023802	-0.40861	-0.57416	-0.57497	-0.55639	-0.50203	-0.39792	-0.32641	-0.23473	-0.20856	-0.13493	-0.071227	0.034831	0.047949	-0.2644
