% Time() Angle(deg) Cn Ct Cm
0	9.0571	0.937	0.10112	-0.012533
0.05	9.4015	0.964	0.10979	-0.011659
0.1	9.7534	0.97483	0.11871	-0.01314
0.15	10.149	1.0008	0.1212	-0.015286
0.2	10.526	1.0202	0.13409	-0.010104
0.25	10.894	1.05	0.14109	-0.012166
0.29	11.317	1.0679	0.14695	-0.013865
0.34	11.772	1.1025	0.15734	-0.016965
0.39	12.165	1.122	0.16849	-0.013667
0.44	12.565	1.1681	0.18439	-0.011075
0.49	13.029	1.2131	0.2004	-0.012063
0.54	13.519	1.258	0.21292	-0.0098873
0.59	13.954	1.3211	0.2337	-0.012554
0.64	14.368	1.377	0.24988	-0.013524
0.69	14.819	1.4219	0.27621	-0.0057798
0.74	15.246	1.4711	0.29266	-0.0046803
0.79	15.685	1.5174	0.31208	-0.0074607
0.83	16.051	1.5495	0.33067	-0.005232
0.88	16.453	1.5851	0.34417	-0.0088355
0.93	16.892	1.6036	0.35779	-0.010387
0.98	17.274	1.6326	0.37651	-0.0090401
1.03	17.654	1.6484	0.38875	-0.0080449
1.08	17.986	1.6468	0.40365	-0.0036812
1.13	18.406	1.643	0.41206	-0.0058831
1.18	18.759	1.663	0.41829	-0.012532
1.23	19.108	1.6574	0.42916	-0.016848
1.28	19.462	1.6779	0.44275	-0.01444
1.33	19.768	1.7094	0.45224	-0.018825
1.37	20.081	1.7538	0.46976	-0.024107
1.42	20.373	1.7686	0.47953	-0.026628
1.47	20.631	1.8178	0.48915	-0.035916
1.52	20.871	1.8804	0.49525	-0.045254
1.57	21.092	1.9582	0.49232	-0.05419
1.62	21.286	2.0355	0.47312	-0.063981
1.67	21.461	2.1159	0.42419	-0.07747
1.72	21.604	2.1997	0.35481	-0.080931
1.77	21.725	2.2364	0.25189	-0.11722
1.82	21.853	2.319	0.20165	-0.1549
1.87	21.946	2.4245	0.15819	-0.21044
1.91	21.974	2.4587	0.10561	-0.27739
1.96	22.082	2.4039	0.050783	-0.36019
2.01	21.994	2.3881	0.018906	-0.42189
2.06	22.024	2.2808	-0.013782	-0.44179
2.11	22.03	2.1368	-0.053295	-0.45016
2.16	22.003	1.9505	-0.075237	-0.41525
2.21	22.009	1.6844	-0.103	-0.35338
2.26	21.992	1.5392	-0.12851	-0.36399
2.31	21.997	1.4626	-0.14122	-0.37306
2.36	21.988	1.3241	-0.12238	-0.31603
2.41	22.013	1.1948	-0.096318	-0.23751
2.45	22.022	1.1442	-0.063133	-0.17538
2.5	21.916	1.1289	-0.044426	-0.15239
2.55	21.744	1.1726	-0.028968	-0.14897
2.6	21.564	1.1734	-0.020427	-0.14354
2.65	21.38	1.2136	-0.020259	-0.15812
2.7	21.174	1.1882	-0.024352	-0.16151
2.75	20.881	1.1811	-0.026956	-0.16674
2.8	20.585	1.1266	-0.041442	-0.18119
2.85	20.274	1.0562	-0.043491	-0.17412
2.9	19.867	1.0028	-0.042416	-0.16009
2.95	19.56	0.93277	-0.050425	-0.15271
2.99	19.152	0.83291	-0.060443	-0.13302
3.04	18.882	0.75651	-0.061594	-0.11186
3.09	18.49	0.74052	-0.062616	-0.10846
3.14	18.103	0.73761	-0.061694	-0.1114
3.19	17.806	0.76558	-0.050009	-0.097812
3.24	17.483	0.73826	-0.049482	-0.090132
3.29	17.154	0.71941	-0.049443	-0.080615
3.34	16.769	0.72514	-0.046033	-0.080335
3.39	16.354	0.69898	-0.048851	-0.073956
3.44	16.035	0.67233	-0.049169	-0.068925
3.49	15.652	0.62918	-0.047227	-0.064424
3.53	15.202	0.5739	-0.049642	-0.064421
3.58	14.802	0.53762	-0.047158	-0.058817
3.63	14.38	0.47998	-0.046693	-0.052382
3.68	13.912	0.41085	-0.045146	-0.040361
3.73	13.492	0.37451	-0.035855	-0.024231
3.78	13.027	0.33511	-0.025612	-0.0093013
3.83	12.619	0.28543	-0.026402	-0.0066698
3.88	12.214	0.25366	-0.021148	-0.00032818
3.93	11.792	0.23995	-0.0089121	0.0084893
3.98	11.386	0.22474	-0.00025203	0.031023
4.03	11.024	0.20906	0.0046919	0.044095
4.07	10.624	0.21595	0.017128	0.057055
4.12	10.323	0.23939	0.01709	0.061461
4.17	9.9814	0.27007	0.024497	0.060206
4.22	9.5888	0.28542	0.03107	0.061422
4.27	9.3154	0.33104	0.031642	0.048509
4.32	8.9755	0.37066	0.032013	0.04358
4.37	8.6461	0.38198	0.037216	0.046904
4.42	8.3392	0.39604	0.037409	0.042967
4.47	8.0338	0.40195	0.037931	0.041826
4.52	7.7117	0.39753	0.037126	0.040491
4.57	7.4273	0.38891	0.03155	0.034757
4.61	7.0688	0.3972	0.033275	0.029349
4.66	6.7918	0.38968	0.032508	0.026332
4.71	6.5557	0.38521	0.026465	0.015641
4.76	6.3604	0.39473	0.025907	0.011291
4.81	6.1514	0.3906	0.02499	0.0095453
4.86	5.947	0.41161	0.027496	0.0083099
4.91	5.8243	0.39821	0.02214	0.0051711
4.96	5.7289	0.43656	0.028177	0.0056849
5.01	5.6425	0.43108	0.026576	0.0033058
5.06	5.5622	0.45421	0.029095	0.00044785
5.11	5.5198	0.46337	0.029696	0.0022403
5.15	5.5001	0.46677	0.028321	0.0010985
5.2	5.441	0.48887	0.030822	-3.5978e-05
5.25	5.4304	0.51023	0.036189	-0.0026929
5.3	5.4365	0.49356	0.031093	0.0019837
5.35	5.4774	0.50795	0.027838	-0.0038371
5.4	5.4547	0.51802	0.035242	0.0017616
5.45	5.4501	0.50369	0.030614	-0.0034252
5.5	5.4592	0.50768	0.033411	0.00023735
5.55	5.494	0.52733	0.035442	-0.0022684
5.6	5.4562	0.52888	0.035167	-0.0045318
5.65	5.538	0.54536	0.03365	-0.010164
5.69	5.7501	0.56458	0.038938	-0.0078166
5.74	5.8924	0.57531	0.038823	-0.0080935
5.79	6.0954	0.58206	0.038883	-0.0094729
5.84	6.2938	0.63857	0.048837	-0.010775
5.89	6.5375	0.67329	0.055765	-0.010454
5.94	6.8251	0.71053	0.057353	-0.011878
5.99	7.1278	0.74035	0.059728	-0.016244
6.04	7.4092	0.78245	0.071765	-0.0092989
6.09	7.745	0.80228	0.075298	-0.012122
6.14	8.0701	0.85601	0.085149	-0.012115
6.19	8.4118	0.88119	0.087306	-0.014457
6.23	8.7534	0.90518	0.094862	-0.01209
