14161	6	3	91	21.7	748	1	5	8	1.557	128	4096	10	0	0	0	0	199.28	425.62	9.7317e+005	0.07809	0.10009	26.878	0	0	1	0	0	0	11	0	0
428.85	0.080136	0.03168	-0.085497	-0.11023	-0.19703	-0.26738	-0.33699	-0.42349	-0.44221	-0.24944	-0.12591	0.28787	0.33685	0.74291	1.2759	1.2312	0.55025	0.13214	-0.064582	-0.22639	-0.26737	-0.28855	-0.27588	-0.2243	-0.17349	-0.11048	-0.072764	-0.00035856	0.042242	0.076647	1.6678
429.62	0.054691	0.0232	-0.078213	-0.14507	-0.23601	-0.32423	-0.3599	-0.41917	-0.46036	-0.26773	-0.026874	0.046984	0.21198	0.77677	1.1776	1.4333	0.60099	0.17586	0.0055351	-0.18326	-0.24215	-0.26043	-0.25962	-0.17397	-0.13822	-0.10854	-0.050248	0.014322	0.076202	0.069593	2.0369
428.85	0.067462	0.031687	-0.083712	-0.15937	-0.2187	-0.29993	-0.37567	-0.47351	-0.52673	-0.080383	-0.026922	-0.11965	0.1768	0.51373	1.2566	1.3614	0.65922	0.25273	0.051726	-0.11474	-0.20717	-0.23323	-0.23902	-0.1725	-0.13012	-0.13145	-0.036538	-0.0036246	0.072744	0.1113	2.3923
428.42	0.062093	0.011427	-0.096314	-0.16481	-0.24062	-0.36346	-0.38111	-0.48293	-0.5359	-0.042847	-0.26478	-0.19393	-0.0010535	0.44367	1.0461	1.2138	0.72427	0.2913	0.12026	-0.060835	-0.19497	-0.21501	-0.21643	-0.17267	-0.11189	-0.10535	-0.043479	-0.0036283	0.027913	0.073258	2.7384
427.87	0.065803	0.023294	-0.087483	-0.16853	-0.235	-0.31021	-0.44227	-0.50682	-0.53832	-0.28764	-0.20557	-0.064225	0.070244	0.72693	0.79687	1.4392	0.75743	0.35882	0.17527	-0.027341	-0.10648	-0.17463	-0.19559	-0.12275	-0.10702	-0.0722	-0.026247	0.014381	0.067515	0.090717	3.1574
428.31	0.049419	0.018197	-0.11244	-0.19472	-0.23674	-0.35972	-0.45361	-0.5063	-0.62241	-0.1745	-0.44329	-0.39799	0.1414	0.33786	1.393	1.3445	0.78527	0.47728	0.2436	0.024856	-0.081552	-0.17446	-0.13916	-0.11011	-0.10858	-0.044128	-0.045219	0.017636	0.069245	0.068072	3.5367
428.64	0.078366	0.011428	-0.12129	-0.22267	-0.27401	-0.31923	-0.45999	-0.55418	-0.65818	-0.34351	-0.44291	-0.58301	-0.25017	0.020093	0.9494	1.3062	0.82399	0.51521	0.30159	0.052763	-0.049602	-0.12083	-0.14256	-0.10466	-0.085135	-0.068573	-0.0262	-0.00035874	0.070987	0.090555	3.9311
429.07	0.061998	0.014791	-0.10867	-0.20139	-0.30327	-0.38203	-0.44944	-0.61253	-0.70061	-0.13663	-0.95706	-0.45282	-0.48101	-0.34991	0.85231	1.0259	0.85887	0.59312	0.34915	0.10851	-0.042477	-0.10596	-0.12487	-0.099202	-0.083379	-0.044053	-0.027897	0.012708	0.085261	0.095659	4.3012
428.53	0.080197	0.04016	-0.10344	-0.21043	-0.29183	-0.34613	-0.45674	-0.5865	-0.69114	-0.51275	-0.64122	-0.56463	-0.71298	-0.015168	0.85339	1.53	0.89035	0.62835	0.43005	0.16638	0.035443	-0.052588	-0.093413	-0.08145	-0.05845	-0.044106	-0.027932	0.045429	0.085373	0.10271	4.7894
428.53	0.060266	0.014809	-0.11953	-0.20165	-0.28788	-0.39976	-0.50051	-0.65801	-0.79818	-0.3436	-0.56193	-0.84267	-0.89097	-0.26216	0.81489	1.2134	0.87247	0.67624	0.54131	0.18314	0.062022	-0.013836	-0.088143	-0.052845	-0.051774	-0.02312	-0.021027	0.032345	0.094354	0.069771	5.194
427.65	0.049495	0.026695	-0.15202	-0.24255	-0.31811	-0.40825	-0.54369	-0.64681	-0.86555	-0.3443	-0.92051	-0.97441	-0.96413	-0.65161	0.60441	1.2719	0.90471	0.71025	0.55099	0.26189	0.10832	-0.0064724	-0.054878	-0.027873	-0.028465	-0.023167	-0.0072282	0.03077	0.058554	0.071649	5.6092
427.98	0.07123	0.018211	-0.15906	-0.20718	-0.31984	-0.42328	-0.52642	-0.68033	-0.88735	-0.73927	-0.9595	-0.88088	-1.1773	-0.88077	0.16074	1.0286	0.90402	0.75766	0.58313	0.29711	0.1242	0.032334	-0.028456	-0.027851	-0.02677	-0.0249	-0.012412	0.037295	0.051317	0.082012	5.9954
427.54	0.076748	-0.0071796	-0.12697	-0.23204	-0.31819	-0.44483	-0.55564	-0.6864	-0.82943	-0.70233	-0.8413	-1.1047	-1.5888	-0.89934	0.18018	1.1416	0.87627	0.78723	0.66093	0.35155	0.16873	0.078602	-0.00031747	-0.0045843	-0.013415	-0.00038422	0.015262	0.035699	0.080169	0.083832	6.3967
427.11	0.060467	-0.00040442	-0.13786	-0.24286	-0.34423	-0.43952	-0.57816	-0.72656	-0.8961	-0.79736	-1.0807	-1.2547	-1.6083	-1.2012	0.19971	0.80643	0.86461	0.82455	0.69596	0.3818	0.22224	0.076829	0.045506	0.027694	0.01504	0.022428	0.0066153	0.034092	0.07845	0.083921	6.8297
425.91	0.062462	0.013198	-0.13645	-0.25061	-0.33529	-0.44076	-0.6018	-0.7358	-0.95594	-0.78067	-1.1635	-1.4633	-1.4695	-1.3821	0.0065794	0.77125	0.84186	0.86156	0.72203	0.43909	0.24961	0.12161	0.042098	0.016982	0.031877	0.0031351	0.029216	0.034188	0.066024	0.075437	7.2337
425.47	0.062523	0.0098085	-0.13119	-0.25794	-0.37733	-0.46051	-0.63293	-0.75997	-0.99344	-0.97079	-1.1647	-1.7262	-1.722	-1.6856	-0.34233	0.73454	0.77611	0.84701	0.75208	0.45267	0.28199	0.14403	0.065141	0.042208	0.023502	0.017229	0.046634	0.037519	0.066092	0.066781	7.6225
425.14	0.068051	0.025146	-0.10787	-0.27053	-0.35178	-0.46086	-0.60967	-0.78578	-1.0099	-0.83895	-1.1057	-1.7276	-1.9745	-1.7936	-0.36198	0.86647	0.76409	0.89207	0.80442	0.51121	0.31793	0.19064	0.081124	0.051249	0.058853	0.048973	0.048413	0.060622	0.086049	0.094792	8.0248
425.47	0.027847	-0.017429	-0.1456	-0.24556	-0.34754	-0.4933	-0.62446	-0.81399	-1.0543	-1.1412	-1.5838	-1.6889	-2.0985	-1.7922	-0.61371	0.45317	0.69687	0.89331	0.82621	0.53332	0.32661	0.24253	0.11822	0.065617	0.060485	0.01899	0.048375	0.065516	0.084179	0.084244	8.3982
424.93	0.075394	0.011528	-0.16382	-0.26182	-0.39373	-0.50939	-0.67957	-0.9178	-1.0992	-1.1806	-1.5059	-1.8032	-2.3883	-2.3994	-0.57567	0.5101	0.66171	0.91764	0.83417	0.57532	0.37528	0.23539	0.1166	0.08914	0.077395	0.068398	0.060625	0.070548	0.091527	0.087848	8.773
424.49	0.044379	0.0012983	-0.15496	-0.24081	-0.38418	-0.49444	-0.68536	-0.90791	-1.1352	-1.0679	-1.5675	-2.2355	-2.4087	-2.7937	-1.2174	0.32262	0.5884	0.90118	0.84886	0.56088	0.40071	0.2375	0.12736	0.092839	0.050517	0.07553	0.043258	0.055763	0.091621	0.080934	9.1659
424.16	0.060886	0.020081	-0.14604	-0.23744	-0.39443	-0.47741	-0.67399	-0.90139	-1.1256	-1.2587	-1.6888	-2.1436	-2.6804	-3.1167	-1.199	0.059474	0.49854	0.90187	0.88237	0.6328	0.43504	0.27683	0.17715	0.13084	0.084279	0.08089	0.06248	0.093803	0.075365	0.080996	9.4967
424.6	0.05351	-0.0038197	-0.13868	-0.2762	-0.42587	-0.52332	-0.69708	-0.94196	-1.1819	-1.1246	-1.7671	-2.4033	-2.8752	-3.1313	-1.4308	-0.12854	0.44932	0.88162	0.88837	0.64531	0.45963	0.30448	0.19292	0.13432	0.10104	0.052567	0.072868	0.082154	0.058975	0.093165	9.847
424.71	0.062639	-0.0055264	-0.14947	-0.29385	-0.43969	-0.50965	-0.73936	-0.97419	-1.2252	-1.2571	-1.9465	-2.3465	-2.9822	-3.7001	-1.7412	-0.034573	0.36622	0.92198	0.86915	0.67145	0.48812	0.29137	0.20528	0.15412	0.10438	0.1002	0.062393	0.077183	0.077079	0.072146	10.191
424.05	0.031604	-0.0021144	-0.12621	-0.28188	-0.41446	-0.54334	-0.72859	-0.93775	-1.2899	-1.5629	-1.9495	-2.8559	-3.3106	-3.6345	-2.1912	-0.37337	0.24213	0.91179	0.90681	0.67813	0.49782	0.3086	0.21269	0.12907	0.10286	0.1251	0.038069	0.085563	0.079016	0.052985	10.483
423.73	0.040793	0.026942	-0.13173	-0.30342	-0.3749	-0.5302	-0.73256	-0.99995	-1.2909	-1.393	-1.931	-2.6519	-3.2771	-3.9585	-2.115	-0.58082	0.18265	0.89118	0.87635	0.73139	0.53405	0.34989	0.22885	0.14002	0.12319	0.12166	0.093968	0.079012	0.079077	0.084591	10.768
422.63	0.064782	-0.022684	-0.13388	-0.25433	-0.42385	-0.50244	-0.75493	-0.98441	-1.2697	-1.6063	-1.8758	-3.0723	-3.5743	-3.8077	-2.5693	-0.39349	0.096113	0.86629	0.91853	0.7144	0.5498	0.3508	0.2419	0.20382	0.12012	0.10069	0.095963	0.07093	0.099309	0.0725	11.032
422.53	0.064799	-0.0055549	-0.12123	-0.33991	-0.40796	-0.54725	-0.74659	-0.98828	-1.3471	-1.5495	-2.0973	-3.4115	-3.7739	-4.6139	-2.7456	-0.5258	-0.019903	0.8568	0.8962	0.75613	0.5823	0.38457	0.22771	0.17486	0.15401	0.12377	0.090735	0.085872	0.057441	0.09538	11.291
422.09	0.061186	0.0064539	-0.12861	-0.28854	-0.40238	-0.56338	-0.79179	-1.0528	-1.3625	-1.4557	-2.2	-3.3585	-4.1391	-4.5829	-3.1197	-1.0557	-0.097976	0.81879	0.8728	0.75124	0.56491	0.42806	0.27788	0.19501	0.15925	0.093716	0.089077	0.085961	0.066621	0.072594	11.513
422.53	0.048259	0.01673	-0.12848	-0.26152	-0.41996	-0.55114	-0.77902	-1.0572	-1.4188	-1.702	-1.9365	-3.2987	-4.2071	-4.7034	-3.2141	-1.0546	-0.19397	0.77521	0.88926	0.78824	0.60746	0.42574	0.26156	0.21838	0.16248	0.11845	0.10999	0.062658	0.073834	0.065486	11.728
422.85	0.035368	-0.019249	-0.12476	-0.272	-0.41964	-0.56042	-0.804	-1.089	-1.4422	-1.5673	-2.2965	-3.5403	-4.3662	-5.0037	-3.4067	-1.1482	-0.26086	0.78237	0.91459	0.78952	0.63392	0.42168	0.28272	0.24176	0.14205	0.13254	0.099411	0.069234	0.07924	0.051379	11.926
422.63	0.020689	0.0030168	-0.12482	-0.31133	-0.40386	-0.5743	-0.80442	-1.066	-1.4412	-1.8731	-2.4383	-3.7113	-4.3143	-4.9526	-3.3304	-1.3188	-0.31718	0.72063	0.8925	0.7937	0.64323	0.46305	0.28999	0.21289	0.14889	0.11487	0.11522	0.10906	0.097486	0.074261	12.137
422.63	0.028038	-0.0055535	-0.11213	-0.29886	-0.41586	-0.56459	-0.83172	-1.0968	-1.506	-1.7015	-2.6593	-3.5985	-4.5489	-5.5072	-3.506	-1.6397	-0.44226	0.73422	0.87167	0.80881	0.63066	0.46867	0.30958	0.21289	0.15567	0.13261	0.10997	0.074245	0.048323	0.065469	12.277
422.53	0.017018	-0.0021253	-0.11941	-0.27756	-0.41996	-0.56085	-0.81145	-1.0916	-1.4924	-1.5304	-2.4992	-3.4115	-4.532	-5.7054	-3.7607	-1.6024	-0.49496	0.73247	0.84412	0.82601	0.62183	0.45007	0.32213	0.21294	0.16417	0.13796	0.088985	0.085872	0.082942	0.07428	12.446
421.87	0.031767	-0.026164	-0.097809	-0.27263	-0.41661	-0.56367	-0.80417	-1.1115	-1.4473	-1.8383	-2.6239	-3.5486	-4.521	-5.6784	-4.2357	-1.7184	-0.59742	0.70053	0.8663	0.81405	0.6822	0.48076	0.31371	0.24959	0.14069	0.14529	0.11192	0.086006	0.09037	0.035647	12.554
422.09	0.020716	-0.014135	-0.12498	-0.25109	-0.43041	-0.58477	-0.79862	-1.1018	-1.5185	-2.0472	-2.8036	-3.3585	-5.1692	-5.8188	-4.214	-1.7931	-0.6443	0.67489	0.86064	0.84956	0.64946	0.48988	0.33495	0.24583	0.17281	0.12923	0.11186	0.076	0.077561	0.060272	12.708
421.65	0.013369	0.0013071	-0.12874	-0.2942	-0.4048	-0.56786	-0.82682	-1.1339	-1.5411	-1.8584	-2.7864	-3.3432	-4.9755	-6.2551	-4.0814	-2.2113	-0.73037	0.65417	0.85979	0.86558	0.66634	0.47914	0.32102	0.21883	0.1679	0.13648	0.10847	0.076078	0.068511	0.039191	12.78
420.67	0.037396	0.0081964	-0.13269	-0.25194	-0.39972	-0.54967	-0.78932	-1.0837	-1.5412	-2.0733	-2.6314	-3.3321	-4.9327	-6.2158	-4.3263	-2.2355	-0.72661	0.63814	0.83564	0.8676	0.65526	0.49529	0.30924	0.21206	0.1734	0.13857	0.091135	0.097911	0.043064	0.042813	12.819
420.34	0.0023296	-0.019364	-0.12732	-0.28079	-0.41209	-0.60673	-0.82253	-1.1137	-1.5424	-1.8067	-2.7748	-3.6371	-5.0636	-6.2746	-4.3492	-2.1613	-0.77092	0.65621	0.84676	0.83411	0.67926	0.49756	0.33455	0.26143	0.1463	0.12085	0.085929	0.086318	0.057743	0.044616	12.887
420.12	0.028205	-0.015928	-0.13104	-0.27019	-0.41834	-0.55624	-0.81609	-1.1362	-1.5537	-1.8651	-2.655	-3.5633	-5.1933	-6.5478	-4.7049	-2.3333	-0.82785	0.61943	0.84022	0.83453	0.68323	0.49593	0.33651	0.27069	0.16511	0.16373	0.1071	0.083029	0.07609	0.039333	12.937
419.58	0.00048427	-0.031485	-0.11112	-0.26874	-0.43499	-0.56479	-0.81887	-1.1614	-1.5593	-1.7715	-2.962	-3.4922	-5.291	-6.3221	-4.711	-2.2033	-0.83075	0.6085	0.84655	0.82041	0.67507	0.48904	0.31542	0.25643	0.14998	0.11214	0.11253	0.059757	0.076189	0.030532	12.913
420.01	0.00048377	-0.024552	-0.11101	-0.25771	-0.39632	-0.52512	-0.84206	-1.1292	-1.5506	-1.9807	-2.9185	-3.5642	-5.2855	-6.3875	-4.3723	-2.201	-0.82624	0.59419	0.86489	0.87085	0.67436	0.50736	0.30076	0.25982	0.17878	0.10489	0.1177	0.066367	0.055956	0.046419	12.973
419.91	-0.01616	-0.052157	-0.12381	-0.24702	-0.38435	-0.53698	-0.82511	-1.1094	-1.5211	-1.8661	-2.6968	-3.6219	-5.087	-6.3172	-4.7269	-2.2966	-0.852	0.6178	0.83192	0.84827	0.69624	0.51314	0.34744	0.25806	0.17541	0.13882	0.086018	0.086408	0.043143	0.042891	12.973
420.12	-0.014304	-0.03834	-0.14198	-0.2451	-0.40828	-0.55234	-0.82983	-1.1599	-1.5467	-1.8268	-2.8167	-3.3742	-5.393	-6.4578	-4.4889	-2.4473	-0.81326	0.59013	0.85418	0.86303	0.69769	0.51475	0.31322	0.24698	0.17533	0.14767	0.11415	0.061346	0.017477	0.030492	12.956
420.45	-0.025374	-0.036585	-0.14187	-0.2467	-0.41199	-0.53433	-0.82575	-1.1353	-1.5736	-2.0552	-3.1578	-3.5794	-5.4251	-6.3629	-5.015	-2.3315	-0.87822	0.55843	0.81514	0.83768	0.67547	0.49743	0.32193	0.25043	0.17518	0.12082	0.13693	0.077964	0.06139	0.034001	12.967
421.11	-0.0068959	-0.033087	-0.10526	-0.23917	-0.38526	-0.51986	-0.7885	-1.1408	-1.58	-1.7269	-2.8504	-3.4607	-5.1631	-6.5864	-4.4393	-2.2332	-0.88413	0.56341	0.81213	0.85533	0.68163	0.51918	0.3268	0.24277	0.17491	0.14021	0.10158	0.071188	0.022919	0.042769	12.952
421.76	-0.0050417	-0.022734	-0.12326	-0.21917	-0.36663	-0.55019	-0.78043	-1.1154	-1.5617	-1.8197	-2.9265	-3.4176	-5.3359	-6.4686	-4.3932	-2.5892	-0.88821	0.60535	0.83348	0.86346	0.66617	0.50338	0.35306	0.22968	0.17295	0.10978	0.10142	0.069414	0.039302	0.039181	12.946
422.09	-0.021595	-0.02958	-0.13043	-0.23504	-0.37636	-0.56338	-0.80546	-1.0746	-1.5395	-1.8946	-2.884	-3.7349	-5.5125	-6.6427	-4.8393	-2.3981	-0.90386	0.60682	0.84152	0.86846	0.68005	0.48238	0.33138	0.24402	0.16434	0.12568	0.083818	0.05608	0.057504	0.051472	12.934
420.78	-0.032735	-0.057213	-0.10717	-0.2322	-0.38556	-0.51246	-0.80797	-1.0998	-1.5232	-1.9962	-3.0141	-3.7654	-5.3846	-6.5556	-4.6779	-2.159	-0.8921	0.61456	0.83891	0.81427	0.66592	0.47637	0.3181	0.22839	0.13935	0.12785	0.050672	0.051258	0.033907	0.0074891	12.92
420.34	-0.027227	-0.048656	-0.10181	-0.21095	-0.37189	-0.5169	-0.7762	-1.0845	-1.5054	-1.73	-2.7344	-3.4292	-5.2813	-6.5624	-4.3492	-2.2942	-0.8256	0.62107	0.82059	0.83411	0.6901	0.48063	0.32022	0.19947	0.1395	0.11015	0.054246	0.049645	0.015635	-0.0031096	12.774
419.03	-0.021753	-0.02461	-0.089328	-0.21161	-0.31659	-0.50676	-0.77519	-1.1062	-1.4836	-1.9277	-2.8038	-3.3261	-4.9338	-6.0597	-4.5597	-1.9395	-0.73676	0.65434	0.8459	0.84433	0.65963	0.45948	0.29967	0.22569	0.11604	0.092616	0.043822	0.041441	0.034048	0.00042499	12.584
419.14	-0.0013702	-0.069533	-0.072853	-0.23849	-0.34876	-0.46355	-0.75434	-1.0347	-1.4938	-2.0616	-2.3776	-3.2305	-5.1509	-6.2385	-4.1452	-1.7486	-0.67625	0.68943	0.87019	0.81746	0.67577	0.45371	0.2942	0.20552	0.11771	0.09974	0.079112	0.043101	0.023023	0.0039716	12.406
418.81	-0.049576	-0.02808	-0.078398	-0.23508	-0.33289	-0.50114	-0.75493	-1.0538	-1.4491	-1.6594	-2.8458	-3.4417	-4.9364	-6.0989	-4.2666	-2.1882	-0.63105	0.70368	0.84284	0.82571	0.61828	0.43141	0.28904	0.1691	0.12122	0.065819	0.043845	0.056518	0.03039	0.0057478	12.185
418.81	-0.018055	-0.028086	-0.11498	-0.17577	-0.32482	-0.50114	-0.68949	-1.0245	-1.4526	-1.6401	-2.7647	-3.0244	-4.8271	-5.8643	-3.794	-1.8833	-0.51947	0.6978	0.83584	0.79522	0.61465	0.45217	0.28904	0.16727	0.1161	0.067608	0.035014	0.048151	0.021204	0.016393	11.965
419.58	-0.0013688	-0.034936	-0.10199	-0.19339	-0.31416	-0.45719	-0.66589	-1.0391	-1.4165	-1.7716	-2.4965	-3.3218	-4.8547	-5.313	-3.905	-1.5566	-0.43088	0.70631	0.86579	0.76715	0.6081	0.45323	0.25264	0.19618	0.10907	0.071055	0.061397	0.018007	0.028501	-0.0048851	11.706
420.45	-0.001366	-0.015915	-0.09996	-0.18762	-0.3115	-0.45039	-0.6868	-1.0314	-1.3695	-1.6146	-2.3298	-3.3905	-4.5181	-5.5537	-3.6811	-1.4395	-0.36803	0.77123	0.89364	0.8206	0.61948	0.41656	0.27538	0.1739	0.10204	0.086952	0.059511	0.032966	0.024784	0.012797	11.458
421.32	-0.034535	-0.024476	-0.061568	-0.19795	-0.30885	-0.50985	-0.71448	-1.0093	-1.4053	-1.401	-2.5467	-3.4589	-4.3277	-5.5063	-3.5169	-1.4365	-0.32545	0.80275	0.86394	0.7564	0.59296	0.38191	0.26767	0.14082	0.096733	0.068983	0.022514	0.046205	0.002813	-0.010156	11.201
421.98	0.0096802	-0.026157	-0.070549	-0.19408	-0.31238	-0.43708	-0.68432	-0.96233	-1.3137	-1.9905	-2.0799	-3.4912	-4.1944	-4.9066	-3.1205	-1.2451	-0.21419	0.77816	0.87824	0.75144	0.57585	0.37008	0.21017	0.13333	0.079633	0.04934	0.018971	0.024546	0.013751	0.0074678	10.894
422.42	-0.0087117	-0.0038395	-0.068663	-0.19031	-0.28805	-0.43663	-0.68019	-0.98673	-1.2756	-1.7024	-2.1782	-3.6568	-4.0456	-4.633	-3.0783	-0.86602	-0.1378	0.7793	0.90685	0.72799	0.56807	0.37344	0.18323	0.15315	0.059233	0.061708	0.048725	0.012909	-0.022695	-0.0066136	10.588
422.74	-0.014216	-0.010686	-0.063173	-0.18304	-0.31581	-0.41688	-0.68308	-0.92978	-1.2659	-1.5487	-2.0962	-3.0903	-3.826	-4.5936	-2.8223	-0.71431	-0.065202	0.82141	0.87839	0.75197	0.54607	0.36567	0.2187	0.12947	0.076107	0.04216	0.015436	0.0095792	0.021007	0.03206	10.323
422.2	0.017031	-0.0089883	-0.099547	-0.18685	-0.31221	-0.46213	-0.69763	-0.92554	-1.2324	-1.3408	-2.0788	-3.3012	-3.7587	-4.134	-2.904	-0.94207	-0.0035895	0.84386	0.89168	0.72836	0.5054	0.3137	0.18153	0.11512	0.071123	0.031563	0.024215	0.016233	0.024681	0.0092228	10.018
422.42	0.024374	-0.00040891	-0.07773	-0.17962	-0.27605	-0.43275	-0.65287	-0.92869	-1.2388	-1.4164	-2.1179	-2.9986	-3.4678	-4.0066	-2.2582	-0.65818	0.090722	0.84925	0.87734	0.7091	0.48537	0.3229	0.15471	0.086044	0.047381	0.003161	-0.0055674	0.017882	0.00098497	0.02153	9.6809
422.63	0.017013	0.0030201	-0.032373	-0.18131	-0.27591	-0.40339	-0.63718	-0.89377	-1.2137	-1.3204	-1.9561	-3.0159	-3.1232	-4.0403	-2.0815	-0.034743	0.18312	0.88183	0.88729	0.67285	0.4977	0.26661	0.17066	0.10594	-3.2875e-005	0.026213	0.0049391	-0.0069952	0.04468	-0.0048498	9.3275
421.87	0.031767	0.0081731	-0.068752	-0.16023	-0.29043	-0.44303	-0.59901	-0.89176	-1.1773	-1.0173	-2.0401	-2.3623	-3.5627	-3.5996	-1.7138	-0.45096	0.3142	0.88343	0.87499	0.68353	0.459	0.28396	0.14599	0.048016	0.044047	-0.0146	0.0031921	0.012925	0.0247	0.025079	8.9846
421.65	0.020738	0.0047438	-0.068788	-0.18352	-0.29258	-0.42185	-0.63182	-0.8686	-1.1674	-1.3808	-1.7593	-2.307	-2.9857	-3.3325	-2.1059	-0.16731	0.33798	0.87415	0.89632	0.64414	0.42322	0.2466	0.1175	0.048041	0.0050564	-0.025277	0.017232	0.017915	0.026537	0.049764	8.6204
420.67	0.065085	0.032303	-0.054377	-0.17679	-0.33946	-0.40332	-0.62301	-0.83603	-1.1261	-1.1925	-1.7836	-2.4068	-2.902	-3.3223	-1.601	0.0030511	0.44258	0.87424	0.88795	0.63237	0.39532	0.24342	0.10883	0.04633	0.010169	-0.0075163	-0.026696	-0.01369	0.024771	0.046347	8.241
420.89	0.033685	0.059817	-0.028865	-0.19637	-0.26902	-0.41677	-0.60555	-0.81739	-1.0746	-1.2876	-1.6213	-2.2734	-2.7193	-2.7098	-1.3846	0.17367	0.51334	0.90304	0.87355	0.59791	0.38971	0.21699	0.1052	0.046306	-0.0017347	-0.014635	-0.021409	-0.00036534	0.063153	0.033966	7.9008
421.32	0.044709	0.047722	-0.08157	-0.18902	-0.27475	-0.39101	-0.59123	-0.81654	-1.0752	-1.1715	-1.3777	-1.8752	-2.807	-2.6173	-1.0504	0.34398	0.55645	0.90211	0.84479	0.59539	0.36587	0.18861	0.08186	0.0044417	-0.0051263	-0.00038989	-0.0055819	-0.0070169	0.032038	0.060382	7.5378
422.96	0.077579	0.021853	-0.068575	-0.14735	-0.29567	-0.39144	-0.60941	-0.78621	-1.0466	-1.3955	-1.6133	-2.1309	-2.4175	-2.4106	-1.2413	0.30493	0.62131	0.89085	0.86579	0.54592	0.31778	0.15237	0.05841	0.0171	-0.020324	-0.023424	-0.0073084	0.0012922	0.051926	0.056633	7.1036
423.51	0.064649	0.042345	-0.04678	-0.18093	-0.26137	-0.40837	-0.58478	-0.75083	-0.99281	-0.76609	-1.5711	-1.8093	-2.0722	-2.4075	-0.67495	0.53064	0.6784	0.90715	0.81445	0.5226	0.34068	0.1447	0.044116	-0.004628	-0.037187	-0.021625	-0.010794	-0.0069776	0.03914	0.067091	6.7267
424.16	0.070038	0.045693	-0.062965	-0.16468	-0.28886	-0.40387	-0.57197	-0.71716	-0.95814	-0.66997	-1.5487	-1.6941	-2.1948	-2.0829	-0.36282	0.58627	0.72432	0.88252	0.79763	0.48041	0.28286	0.1277	0.035173	-0.019073	-0.01521	-0.042793	-0.052638	-0.013577	0.04271	0.056473	6.3134
423.83	0.090247	0.030351	-0.050357	-0.17724	-0.26116	-0.3732	-0.51285	-0.74483	-0.93095	-1.2406	-1.029	-1.7142	-2.0526	-1.7991	-0.81068	0.73738	0.78452	0.87159	0.76537	0.4563	0.25083	0.11847	0.01744	-0.0064344	-0.054034	-0.064048	-0.057915	-0.0020152	0.040925	0.072295	5.9727
424.38	0.070002	0.020074	-0.046681	-0.18056	-0.26083	-0.35724	-0.53429	-0.67346	-0.89314	-1.0492	-1.2278	-1.7494	-1.8523	-1.6899	-0.36263	0.88686	0.79435	0.88401	0.75574	0.41434	0.23261	0.069874	0.010323	-0.0010099	-0.062393	-0.060432	-0.036923	-0.0036659	0.057193	0.0652	5.5774
424.38	0.090131	0.057619	-0.050293	-0.20185	-0.25685	-0.33984	-0.5037	-0.69874	-0.87745	-0.51776	-0.98764	-1.375	-1.4928	-1.3693	-0.071129	1.263	0.8106	0.85886	0.73154	0.38802	0.22904	0.060556	-0.03047	-0.060581	-0.084301	-0.056898	-0.029947	-0.01357	0.053568	0.082708	5.188
424.82	0.079071	0.031988	-0.07188	-0.15734	-0.25062	-0.36268	-0.46922	-0.66015	-0.83476	-0.70684	-1.0865	-1.224	-1.4554	-1.1365	0.20078	0.94227	0.85124	0.84252	0.68763	0.35944	0.15909	0.028854	-0.023355	-0.11642	-0.085897	-0.083305	-0.078677	-0.018505	0.044451	0.051142	4.7833
423.83	0.075588	0.059401	-0.048551	-0.15238	-0.27712	-0.33446	-0.47882	-0.65445	-0.77385	-0.51842	-0.88872	-1.1706	-1.4047	-1.0856	0.35688	1.0386	0.89298	0.81349	0.64076	0.31132	0.15767	0.0027993	-0.037616	-0.084159	-0.097912	-0.10649	-0.077115	-0.041694	0.04819	0.05652	4.3846
423.83	0.081085	0.052567	-0.08651	-0.16659	-0.23924	-0.36158	-0.47882	-0.60384	-0.77734	-0.46144	-0.9288	-1.2456	-1.2788	-0.87156	0.29853	1.0009	0.86948	0.78831	0.60095	0.27554	0.082413	-0.038243	-0.055373	-0.080542	-0.094536	-0.095873	-0.071882	-0.021856	0.035481	0.063531	4.013
422.74	0.092316	0.071544	-0.066799	-0.15099	-0.22986	-0.31008	-0.42205	-0.59996	-0.73735	-0.51976	-0.75044	-0.91058	-1.1197	-0.67706	0.3578	1.2867	0.8971	0.73986	0.57648	0.27059	0.070059	-0.045823	-0.08579	-0.14056	-0.10662	-0.11917	-0.073816	-0.013623	0.042853	0.070725	3.5944
423.29	0.0977	0.050921	-0.054044	-0.12235	-0.22158	-0.29417	-0.42662	-0.57204	-0.6962	-0.70939	-0.6692	-0.83434	-0.92004	-0.39043	0.53271	1.2097	0.89232	0.71951	0.55667	0.17598	0.02691	-0.066315	-0.11769	-0.12047	-0.12845	-0.13495	-0.087702	-0.026851	0.051886	0.065368	3.2014
423.94	0.082898	0.040594	-0.06661	-0.12571	-0.2033	-0.28016	-0.39023	-0.52236	-0.70211	-0.34731	-0.46787	-0.55197	-0.64877	-0.24714	0.72644	1.1701	0.89456	0.65258	0.48142	0.18135	0.003582	-0.097917	-0.12461	-0.17088	-0.13163	-0.12414	-0.12421	-0.043338	0.033654	0.05475	2.8113
425.91	0.071573	0.030203	-0.073497	-0.14103	-0.24601	-0.29814	-0.39521	-0.50916	-0.6676	-0.15658	-0.76476	-0.47483	-0.68157	-0.19278	0.74244	0.95862	0.87784	0.60717	0.43442	0.14491	-0.048138	-0.13089	-0.14171	-0.17009	-0.13438	-0.15348	-0.09411	-0.051363	0.053376	0.075437	2.453
426.67	0.084187	0.070892	-0.037454	-0.14255	-0.2119	-0.25529	-0.359	-0.49209	-0.55717	-0.32619	-0.30564	-0.49259	-0.50158	0.17971	0.81843	1.1439	0.88704	0.57914	0.38378	0.094153	-0.069407	-0.14362	-0.19967	-0.17158	-0.16767	-0.14442	-0.090476	-0.038131	0.02983	0.078779	2.0794
427.76	0.085786	0.047004	-0.048105	-0.11579	-0.18173	-0.24888	-0.34459	-0.47113	-0.57823	-0.25008	-0.44385	-0.43565	-0.23286	0.16155	0.95134	1.141	0.83821	0.50283	0.32793	0.036079	-0.079882	-0.18947	-0.20268	-0.21055	-0.2057	-0.14931	-0.10062	-0.062607	0.053145	0.047314	1.7012
427.76	0.093046	0.07748	-0.030195	-0.12282	-0.17778	-0.2508	-0.33617	-0.46397	-0.54883	-0.19358	-0.16591	-0.43565	-0.19718	0.42665	0.98988	1.4395	0.8006	0.44334	0.22333	-0.004963	-0.13847	-0.20056	-0.21324	-0.20696	-0.17894	-0.15807	-0.11791	-0.069162	0.044145	0.089004	1.4034
428.42	0.069342	0.053691	-0.046244	-0.1244	-0.15975	-0.26191	-0.33733	-0.43644	-0.529	-0.11805	-0.5423	-0.30516	-0.072261	0.10839	0.98837	0.95301	0.76719	0.38519	0.19217	-0.032895	-0.18256	-0.23532	-0.21291	-0.21559	-0.177	-0.18057	-0.11773	-0.036341	0.040487	0.078462	1.0235
428.42	0.072968	0.07229	-0.055184	-0.1244	-0.17553	-0.26383	-0.31545	-0.41677	-0.47546	-0.13684	-0.20531	-0.1383	0.10577	0.40839	1.2194	1.3069	0.72606	0.32962	0.094582	-0.10554	-0.20915	-0.24639	-0.26211	-0.23884	-0.19537	-0.17707	-0.11946	-0.075595	0.053064	0.069788	0.68452
427.98	0.10933	0.062209	-0.033758	-0.08055	-0.17177	-0.19697	-0.27364	-0.39392	-0.44829	0.051197	-0.18569	0.1214	0.33754	0.53246	1.0665	1.3642	0.65878	0.26475	0.041548	-0.16532	-0.23775	-0.30207	-0.27293	-0.26056	-0.21562	-0.18776	-0.14551	-0.057663	0.074693	0.071595	0.34699
427.44	0.074952	0.069069	-0.037387	-0.12116	-0.17792	-0.2049	-0.28749	-0.36037	-0.43329	0.12664	0.092232	0.17731	0.26663	0.60386	1.4537	1.3099	0.61481	0.20364	0.0021298	-0.20474	-0.27714	-0.30616	-0.30674	-0.26627	-0.21422	-0.20027	-0.14051	-0.056098	0.04958	0.075161	0.047411
426.45	0.05874	0.042053	-0.039272	-0.08437	-0.15454	-0.1765	-0.27293	-0.36479	-0.38051	-0.38302	-0.007135	-0.045822	0.14201	0.76485	1.341	1.2007	0.56593	0.096319	-0.054628	-0.24263	-0.28846	-0.33097	-0.33215	-0.26868	-0.22981	-0.19194	-0.11828	-0.051297	0.053305	0.068368	-0.26744
426.24	0.064235	0.043776	-0.032099	-0.075582	-0.099119	-0.19585	-0.26292	-0.32544	-0.38417	0.24039	-0.1665	0.1219	0.44629	0.96031	1.3611	0.97663	0.47634	0.061705	-0.14758	-0.30642	-0.34562	-0.36453	-0.32173	-0.29398	-0.22993	-0.19028	-0.15132	-0.061185	0.047919	0.073633	-0.5641
426.45	0.096975	0.033559	-0.021307	-0.091434	-0.12284	-0.18612	-0.24587	-0.3091	-0.34928	0.1836	-0.027074	0.010063	0.48185	0.72934	1.3604	0.9948	0.42041	8.1416e-005	-0.18019	-0.3362	-0.38818	-0.42553	-0.34627	-0.31359	-0.26503	-0.20425	-0.18073	-0.054582	0.033456	0.057914	-0.82277
426.56	0.086028	0.06921	-0.05183	-0.07376	-0.12678	-0.16684	-0.2475	-0.28926	-0.31797	0.20242	-0.046962	0.17768	0.67841	0.9064	1.5727	1.2004	0.36103	-0.090366	-0.2644	-0.38101	-0.40588	-0.40874	-0.38677	-0.32608	-0.24484	-0.19892	-0.14253	-0.054568	0.031644	0.092736	-1.0997
427.65	0.076728	0.021613	0.0020425	-0.073572	-0.10669	-0.16641	-0.23338	-0.27061	-0.3137	0.032411	0.052457	0.21435	0.60534	1.0986	1.2987	0.91737	0.27592	-0.117	-0.31004	-0.45842	-0.44391	-0.43173	-0.38931	-0.32525	-0.2576	-0.21769	-0.14735	-0.034768	0.029762	0.069913	-1.3463
428.64	0.10554	0.04522	-0.028347	-0.073403	-0.090676	-0.15645	-0.22274	-0.27714	-0.27674	0.23904	0.25041	0.58451	0.71073	0.99019	1.3535	0.89666	0.21809	-0.22972	-0.39831	-0.46668	-0.4925	-0.44734	-0.38139	-0.34953	-0.25868	-0.23643	-0.13321	-0.051036	0.038672	0.076686	-1.5762
429.4	0.089074	0.088992	-0.0086682	-0.066261	-0.090522	-0.18103	-0.21731	-0.2481	-0.25902	0.051028	0.052206	0.41696	0.5318	1.0765	1.4855	1.0251	0.12671	-0.28857	-0.46081	-0.50302	-0.52699	-0.47969	-0.38422	-0.35426	-0.29653	-0.23426	-0.15365	-0.064002	0.043983	0.06617	-1.7863
430.49	0.10508	0.063531	-0.013986	-0.059097	-0.10991	-0.15387	-0.20671	-0.22968	-0.2429	0.25671	0.091502	0.56355	0.70767	1.1791	1.5009	1.0411	0.078345	-0.3317	-0.49542	-0.52584	-0.52565	-0.49133	-0.41472	-0.36938	-0.26753	-0.21974	-0.16529	-0.06384	0.049228	0.078084	-1.9462
431.36	0.074269	0.018068	-0.017511	-0.050253	-0.12732	-0.15166	-0.21967	-0.22921	-0.2081	0.069494	0.32759	0.3046	0.68853	1.4046	1.1346	0.70599	-0.0017416	-0.38621	-0.53863	-0.58583	-0.55276	-0.48667	-0.43307	-0.33489	-0.28689	-0.21061	-0.15809	-0.05396	0.063403	0.060698	-2.1335
431.15	0.090517	0.073514	-0.012188	-0.078214	-0.094073	-0.16697	-0.18632	-0.20978	-0.22022	0.46183	0.34748	0.59952	0.91883	0.94938	1.3838	0.63231	-0.069262	-0.434	-0.59505	-0.58612	-0.56889	-0.52176	-0.44377	-0.36171	-0.27874	-0.18464	-0.15302	-0.049112	0.077716	0.071069	-2.2645
430.71	0.06537	0.06686	0.002028	-0.041593	-0.096125	-0.1214	-0.19153	-0.19755	-0.2067	0.48102	0.2295	0.5817	0.95523	1.0908	1.3278	0.66999	-0.13515	-0.48399	-0.66207	-0.62933	-0.60472	-0.55901	-0.44072	-0.40121	-0.28234	-0.24747	-0.14287	-0.060549	0.040271	0.088392	-2.4488
429.95	0.090769	0.068665	0.0038125	-0.085438	-0.11202	-0.11588	-0.16503	-0.20324	-0.17093	0.2758	0.3089	0.76749	1.0811	1.2158	1.3685	0.83828	-0.1639	-0.52685	-0.67007	-0.66201	-0.58814	-0.54345	-0.47827	-0.39836	-0.28783	-0.23222	-0.14657	-0.085106	0.031395	0.086822	-2.5356
430.05	0.065469	0.031598	0.0020311	-0.085417	-0.11003	-0.14449	-0.18176	-0.18894	-0.17605	0.27573	0.62475	0.45329	0.81477	1.0924	1.3682	0.91225	-0.23155	-0.57825	-0.72277	-0.70081	-0.6392	-0.56906	-0.4764	-0.3751	-0.27445	-0.25307	-0.18093	-0.059013	0.052862	0.066069	-2.6301
429.84	0.070922	0.078794	0.01629	-0.097715	-0.098289	-0.13119	-0.18017	-0.1819	-0.17097	0.2946	0.50653	0.58288	0.99264	1.1282	1.388	0.54142	-0.29405	-0.63392	-0.77263	-0.71044	-0.65365	-0.5767	-0.46964	-0.38776	-0.27792	-0.20264	-0.14661	-0.059043	0.036775	0.064372	-2.7352
428.96	0.085546	0.058691	0.0020363	-0.059307	-0.088642	-0.13337	-0.17382	-0.1787	-0.15235	0.35154	0.072081	0.56556	0.94131	1.1833	1.1794	0.46808	-0.32679	-0.65435	-0.81866	-0.73793	-0.69924	-0.61106	-0.46357	-0.39212	-0.27348	-0.24498	-0.17622	-0.029761	0.017117	0.061037	-2.8114
428.42	0.10741	0.057076	-0.014053	-0.073444	-0.12031	-0.12971	-0.16562	-0.17357	-0.15427	0.25796	0.44874	0.7146	0.99592	1.0436	1.3734	0.4314	-0.34509	-0.69159	-0.8197	-0.73887	-0.68418	-0.60445	-0.49227	-0.41945	-0.31223	-0.27328	-0.1799	-0.054331	0.044084	0.078462	-2.8266
428.31	0.067548	0.041871	-0.021214	-0.10158	-0.10061	-0.14699	-0.17576	-0.17182	-0.14568	0.1828	0.42904	0.62203	1.0674	1.1675	1.0849	0.59925	-0.37916	-0.68985	-0.83875	-0.75211	-0.67371	-0.61199	-0.50119	-0.41956	-0.30396	-0.24536	-0.15576	-0.070706	0.033311	0.055929	-2.8632
429.62	0.08361	0.048489	-0.038983	-0.071484	-0.11211	-0.10069	-0.13326	-0.15168	-0.15384	0.351	0.52658	0.7496	0.93987	1.0055	1.3504	0.35594	-0.39227	-0.75653	-0.86863	-0.76096	-0.69817	-0.59172	-0.52244	-0.41293	-0.27806	-0.22542	-0.13635	-0.059073	0.054706	0.078242	-2.8845
430.6	0.088826	0.051741	0.0091481	-0.074816	-0.092227	-0.1443	-0.1631	-0.15312	-0.11913	0.25665	0.62396	0.58185	1.0971	1.2315	1.1174	0.54046	-0.42875	-0.74717	-0.86324	-0.7722	-0.68424	-0.60322	-0.4723	-0.37818	-0.31065	-0.24753	-0.16353	-0.099623	0.04743	0.062533	-2.9257
431.04	0.10315	0.05673	-0.024633	-0.099188	-0.10977	-0.12321	-0.15457	-0.14052	-0.12931	0.48066	0.83999	0.67339	1.0607	1.09	1.1737	0.57692	-0.41409	-0.75023	-0.87088	-0.75475	-0.69235	-0.59894	-0.52421	-0.42045	-0.27217	-0.24902	-0.14791	-0.073511	0.017034	0.065919	-2.915
431.8	0.081386	0.033144	-0.01927	-0.083326	-0.10567	-0.13439	-0.1543	-0.17221	-0.1445	0.25594	0.28792	0.78258	1.2001	1.2631	1.0952	0.37258	-0.44707	-0.7432	-0.88803	-0.76635	-0.69816	-0.62352	-0.48319	-0.38422	-0.27997	-0.2399	-0.15279	-0.065265	0.049079	0.081287	-2.8556
431.8	0.083187	0.051597	-0.035236	-0.076353	-0.11154	-0.10588	-0.14595	-0.12253	-0.13593	0.19997	0.56323	0.74581	0.79383	1.1406	1.2098	0.53896	-0.46659	-0.76791	-0.90501	-0.79962	-0.69816	-0.62535	-0.53549	-0.35584	-0.28825	-0.22254	-0.17335	-0.058775	0.068685	0.072685	-2.8601
432.35	0.10104	0.031431	-0.013926	-0.057103	-0.080131	-0.11144	-0.14743	-0.15958	-0.12378	0.25561	0.42504	0.72651	0.93395	1.1566	0.90309	0.40907	-0.4784	-0.81061	-0.91405	-0.81522	-0.72187	-0.60994	-0.49825	-0.40146	-0.29782	-0.23787	-0.1526	-0.057081	0.031221	0.074314	-2.8525
431.58	0.05984	0.058335	-0.021054	-0.067666	-0.076352	-0.13256	-0.15438	-0.14922	-0.15314	0.592	0.72094	0.72779	1.0593	1.0711	1.0958	0.26185	-0.52008	-0.81014	-0.95986	-0.79633	-0.71435	-0.63666	-0.47297	-0.38265	-0.28674	-0.2244	-0.14601	-0.073418	0.043761	0.074439	-2.8769
430.71	0.061766	0.041637	-0.044217	-0.10975	-0.084353	-0.15761	-0.17981	-0.15841	-0.12253	0.5184	0.32809	0.56327	1.0969	1.0732	1.3852	0.41063	-0.51046	-0.81178	-0.92604	-0.8035	-0.71932	-0.6251	-0.49315	-0.3852	-0.2757	-0.23877	-0.12398	-0.062179	0.045632	0.09012	-2.8784
429.62	0.079993	0.085576	-0.028279	-0.078492	-0.10031	-0.13126	-0.15508	-0.1713	-0.14351	0.25723	0.34872	0.7496	0.90439	1.1464	1.3312	0.48597	-0.50819	-0.79665	-0.93351	-0.78139	-0.70877	-0.60276	-0.48564	-0.40936	-0.25975	-0.21146	-0.13463	-0.011772	0.042167	0.08862	-2.8053
430.05	0.079912	0.033278	-0.0015332	-0.069659	-0.1061	-0.13876	-0.17002	-0.15331	-0.14681	0.44428	0.50627	0.74884	1.0276	1.1628	1.0421	0.41122	-0.48807	-0.77675	-0.8831	-0.78431	-0.68863	-0.61134	-0.4659	-0.36619	-0.25949	-0.21996	-0.13449	-0.045979	0.08865	0.038422	-2.7124
430.38	0.079851	0.039987	-0.02467	-0.10983	-0.12958	-0.14819	-0.20676	-0.19591	-0.16045	0.55624	0.66372	0.60059	1.0091	1.1267	1.2713	0.41094	-0.40938	-0.73039	-0.85175	-0.75961	-0.67223	-0.57046	-0.4463	-0.36057	-0.24932	-0.21631	-0.13611	-0.039429	0.079641	0.06429	-2.5372
430.6	0.059976	0.041648	-0.051344	-0.087052	-0.13932	-0.1729	-0.19326	-0.20293	-0.16208	0.40629	0.30843	0.74789	0.97314	1.1613	1.5197	0.55895	-0.33445	-0.65377	-0.81896	-0.71845	-0.67189	-0.58119	-0.46531	-0.34082	-0.24587	-0.22317	-0.12573	-0.024765	0.063515	0.065986	-2.3605
430.16	0.090723	0.04169	-0.046057	-0.10464	-0.11982	-0.13491	-0.17669	-0.21561	-0.17773	0.21948	0.32851	0.60089	0.77909	1.3031	1.1186	0.70796	-0.26711	-0.6468	-0.77716	-0.69135	-0.62314	-0.52847	-0.44653	-0.34472	-0.22949	-0.21468	-0.13274	-0.029678	0.067162	0.10232	-2.1396
430.82	0.05634	0.060119	-0.045983	-0.10099	-0.1216	-0.17471	-0.1965	-0.1975	-0.2118	0.4809	0.30827	0.52627	1.1143	1.1957	1.1934	0.70688	-0.23292	-0.57151	-0.7249	-0.66622	-0.58166	-0.55153	-0.42488	-0.33709	-0.26069	-0.2074	-0.15657	-0.0068623	0.049191	0.059051	-1.8564
431.47	0.086847	0.041564	-0.067222	-0.10083	-0.15862	-0.16684	-0.20791	-0.22738	-0.22691	0.032125	0.66204	0.54387	0.74139	1.2115	1.1534	0.77982	-0.11893	-0.51357	-0.6439	-0.63007	-0.5755	-0.49205	-0.45041	-0.30462	-0.22216	-0.18797	-0.12547	-0.063695	0.052685	0.071015	-1.6143
432.13	0.083124	0.014686	-0.044072	-0.11288	-0.15838	-0.20268	-0.24932	-0.26781	-0.21458	-0.0052194	0.30734	0.61653	0.5814	1.1921	1.1708	0.66779	-0.047832	-0.43112	-0.58012	-0.58848	-0.56408	-0.49679	-0.41837	-0.32011	-0.23507	-0.21717	-0.11672	-0.040894	0.054388	0.084665	-1.3494
432.24	0.072324	0.026412	-0.054696	-0.1233	-0.17008	-0.20643	-0.24926	-0.27129	-0.25389	0.032068	0.20905	0.30399	0.65187	1.1744	1.1132	0.98149	0.021304	-0.40062	-0.52057	-0.54772	-0.53407	-0.44362	-0.41304	-0.28458	-0.20522	-0.17897	-0.10814	-0.047371	0.072175	0.086362	-1.0587
432.24	0.066934	0.031439	-0.075964	-0.11459	-0.16812	-0.17224	-0.25426	-0.28547	-0.28813	-0.0052181	0.26799	0.37749	0.70478	1.0169	1.0941	0.88919	0.065618	-0.33416	-0.46288	-0.53664	-0.49015	-0.4363	-0.37996	-0.30231	-0.21019	-0.1755	-0.10814	-0.045747	0.052595	0.082926	-0.76799
431.36	0.068869	0.023106	-0.070789	-0.13053	-0.17825	-0.22016	-0.24642	-0.31801	-0.29214	0.069494	0.091317	0.54401	0.67086	1.019	1.2302	0.68746	0.16343	-0.26252	-0.4162	-0.46558	-0.47706	-0.43718	-0.37374	-0.23543	-0.17248	-0.16022	-0.098066	-0.010104	0.031292	0.076201	-0.40283
430.27	0.054608	-0.013867	-0.035361	-0.15885	-0.20227	-0.23026	-0.2856	-0.32238	-0.33242	0.10709	0.22973	0.21305	0.84983	1.004	1.0416	1.1714	0.23507	-0.15063	-0.34566	-0.44635	-0.41121	-0.42726	-0.34845	-0.26273	-0.19785	-0.13799	-0.10003	-0.01664	0.077873	0.066036	-0.052969
429.18	0.074647	0.060348	-0.069365	-0.18907	-0.19491	-0.2538	-0.28968	-0.3232	-0.36085	0.088605	-0.16536	0.32465	0.62095	0.83041	1.371	1.2488	0.29814	-0.095549	-0.27475	-0.38055	-0.38748	-0.37123	-0.33706	-0.27947	-0.17669	-0.1331	-0.076155	-0.019949	0.063725	0.097361	0.26032
428.64	0.081991	0.031703	-0.056942	-0.1454	-0.17939	-0.26561	-0.31024	-0.36472	-0.36131	0.18266	0.091974	0.23238	0.46161	0.63749	1.3535	0.89666	0.35214	-0.045883	-0.24088	-0.34194	-0.3614	-0.36986	-0.30939	-0.27089	-0.17023	-0.149	-0.091786	-0.062479	0.069192	0.09402	0.6009
428.31	0.067548	0.02158	-0.055198	-0.12618	-0.21306	-0.24089	-0.30206	-0.35427	-0.40304	-0.19333	0.01271	0.15842	0.56879	0.99101	1.1812	1.2141	0.44184	-0.0056688	-0.18455	-0.31798	-0.33863	-0.34799	-0.30962	-0.25499	-0.16202	-0.11762	-0.065945	-0.036353	0.03511	0.078482	0.87605
428.53	0.051205	0.0063569	-0.074835	-0.14544	-0.23859	-0.28866	-0.33052	-0.40236	-0.43391	-0.042836	-0.026943	0.19539	0.58629	1.061	1.1614	1.1576	0.51492	0.095853	-0.088595	-0.25822	-0.29238	-0.31645	-0.27785	-0.22805	-0.18363	-0.11931	-0.052101	-0.0068959	0.078191	0.069771	1.2347
