12172	1	3	91	27.8	757	1	10	4	2.912	128	4096	10	0	0	0	0	372.72	964.66	1.4357e+006	0.11686	0.12382	40.638	0	0	1	0	0	0	11	0	0
951.83	0.02201	-0.031896	-0.16622	-0.29398	-0.39297	-0.50933	-0.66083	-0.83403	-1.0305	-1.4005	-1.7526	-2.0373	-3.1398	-2.1924	-0.92281	0.27165	0.75002	0.85382	0.75479	0.43101	0.24926	0.11795	0.03494	-0.012104	-0.033318	-0.027433	-0.014067	-0.0035478	0.025678	0.02765	6.6783
951.41	0.02855	-0.034194	-0.15986	-0.28778	-0.40735	-0.51215	-0.66113	-0.85534	-1.0698	-1.5959	-1.7177	-2.08	-3.1893	-2.3126	-0.94057	0.37242	0.73103	0.85075	0.75667	0.44798	0.26613	0.11551	0.039703	-0.012916	-0.020553	-0.017204	-0.018739	0.018546	0.049146	0.054995	6.8478
950.66	0.0073356	-0.044125	-0.18093	-0.3173	-0.437	-0.52464	-0.68516	-0.86971	-1.0637	-1.487	-1.7548	-2.09	-3.0875	-2.4098	-0.976	0.20483	0.72032	0.85487	0.77192	0.47016	0.27752	0.1314	0.049235	0.0056093	-0.017559	-0.021947	-0.021088	-0.0050255	0.0249	0.034717	7.0052
951.09	0.013863	-0.01669	-0.1583	-0.29975	-0.4217	-0.52958	-0.68865	-0.87738	-1.0834	-1.5795	-1.9951	-2.2226	-3.2064	-2.4962	-1.201	0.20474	0.691	0.85362	0.77928	0.47834	0.28459	0.11804	0.046045	-0.003252	-0.012289	-0.0061779	-0.012523	0.0082379	0.024889	0.041733	7.1959
951.2	0.024474	-0.02735	-0.15586	-0.30446	-0.42965	-0.51744	-0.6863	-0.89419	-1.102	-1.4946	-2.0573	-2.4813	-3.2221	-2.639	-1.1662	0.21311	0.66676	0.87424	0.77688	0.48751	0.29094	0.1546	0.058703	0.011244	-0.00025426	-0.0014493	0.0092575	0.0038166	0.032167	0.045635	7.4031
950.66	0.0057014	-0.018222	-0.18335	-0.29751	-0.437	-0.53845	-0.70868	-0.90839	-1.1275	-1.5632	-1.9781	-2.2821	-3.1758	-2.6802	-1.2623	0.078907	0.63973	0.8635	0.80124	0.5029	0.30548	0.15136	0.064278	0.019311	-0.005521	0.0040683	-0.016419	0.0045554	0.038662	0.036279	7.5665
949.71	0.021242	-0.040357	-0.1666	-0.3097	-0.43655	-0.53295	-0.72383	-0.93028	-1.1193	-1.7175	-2.0159	-2.4601	-3.2272	-2.8819	-1.3765	0.11261	0.61295	0.86264	0.80127	0.50593	0.32258	0.16067	0.077025	0.02901	0.012547	0.012754	-0.010204	0.0016089	0.045992	0.051965	7.804
950.03	0.011426	-0.035007	-0.16251	-0.31355	-0.42217	-0.53968	-0.73497	-0.92271	-1.1703	-1.5982	-2.0509	-2.2837	-3.1297	-2.9526	-1.5844	-0.16464	0.59742	0.86667	0.81644	0.5276	0.32487	0.1781	0.09443	0.038676	0.019321	-0.0077617	0.014718	0.00087123	0.016815	0.048037	7.9492
949.49	0.0032549	-0.036552	-0.17147	-0.30342	-0.43932	-0.55036	-0.72627	-0.94098	-1.1733	-1.8112	-2.07	-2.561	-3.1958	-3.0816	-1.6634	-0.18995	0.56064	0.8758	0.84317	0.5405	0.35624	0.19485	0.094482	0.051607	0.0095385	0.0048637	0.010832	0.00013414	0.028984	0.03476	8.1472
949.6	0.013066	-0.041123	-0.16903	-0.31607	-0.41702	-0.54684	-0.72846	-0.94087	-1.2066	-1.6838	-2.0876	-2.6779	-3.0348	-3.2166	-1.6111	-0.16471	0.51701	0.85928	0.82685	0.56397	0.3682	0.20482	0.10399	0.04192	0.036651	0.017491	0.01005	0.0082508	0.016014	0.034756	8.3438
949.92	0.022873	-0.021287	-0.16575	-0.29378	-0.43823	-0.54579	-0.72822	-0.96233	-1.1899	-1.8189	-2.1316	-2.585	-3.114	-3.2315	-2.0447	-0.23186	0.48297	0.85554	0.84125	0.56798	0.37367	0.21974	0.11901	0.071749	0.024592	0.022218	0.021729	0.025952	0.03464	0.026924	8.5478
949.71	0.0016199	-0.04417	-0.18515	-0.33189	-0.44812	-0.56147	-0.74737	-0.96658	-1.2252	-1.8362	-2.2662	-2.9285	-3.1469	-3.4153	-2.0017	-0.24872	0.45161	0.87129	0.85534	0.59079	0.38095	0.21646	0.11428	0.067729	0.040413	0.032483	0.018619	0.025219	0.028166	0.027712	8.7519
950.56	0.014689	-0.043369	-0.17934	-0.32051	-0.43438	-0.55751	-0.76187	-0.98103	-1.2459	-1.8176	-2.2284	-2.9593	-3.1601	-3.6747	-2.0086	-0.35763	0.42058	0.86101	0.85303	0.59195	0.40378	0.2329	0.12843	0.062834	0.03511	0.036395	0.010819	0.025934	0.029759	0.037066	8.9408
950.56	0.010604	-0.050227	-0.18095	-0.33159	-0.45749	-0.57478	-0.7725	-0.98345	-1.2622	-1.8939	-2.2999	-2.8674	-3.2082	-3.6906	-2.1388	-0.49198	0.37948	0.85669	0.86075	0.60034	0.40777	0.23373	0.14189	0.070087	0.048654	0.033243	0.01471	0.016351	0.033808	0.029249	9.1342
950.77	0.010601	-0.045645	-0.17205	-0.31727	-0.46006	-0.60314	-0.79129	-1.0074	-1.283	-1.8172	-2.2904	-2.967	-3.1433	-3.8488	-2.3118	-0.45828	0.32702	0.84873	0.85438	0.62623	0.43004	0.2553	0.15453	0.094245	0.053909	0.04348	0.031049	0.023717	0.023278	0.031588	9.3336
950.98	0.01305	-0.016692	-0.16073	-0.31799	-0.47506	-0.60646	-0.78277	-1.0225	-1.2936	-1.8338	-2.415	-2.9747	-3.1587	-4.0944	-2.32	-0.68476	0.29875	0.85372	0.86345	0.63616	0.43474	0.27354	0.16082	0.082946	0.071949	0.051352	0.034929	0.034764	0.028939	0.030798	9.5284
950.88	-0.012264	-0.046399	-0.17122	-0.31011	-0.4529	-0.60998	-0.80182	-1.0395	-1.3186	-1.8848	-2.317	-3.1671	-3.0227	-3.9915	-2.5284	-0.77715	0.24077	0.86763	0.8674	0.65217	0.44597	0.28521	0.17113	0.1039	0.062178	0.041111	0.038047	0.03403	0.044318	0.035492	9.7338
949.28	0.0098003	-0.029693	-0.17071	-0.33362	-0.45277	-0.57642	-0.81229	-1.0332	-1.3598	-1.9558	-2.5535	-3.3482	-3.2286	-4.3247	-2.5326	-0.78686	0.19276	0.83536	0.86113	0.67429	0.46911	0.28735	0.19045	0.10408	0.069818	0.071972	0.052138	0.03778	0.038718	0.051204	9.9602
948.54	0.0016219	-0.038116	-0.18699	-0.34023	-0.48252	-0.63312	-0.79315	-1.0736	-1.3866	-1.9829	-2.6629	-3.3006	-3.1668	-4.623	-2.6998	-1.0146	0.13879	0.84294	0.86799	0.69164	0.47589	0.32426	0.19139	0.12677	0.084199	0.063337	0.063098	0.03707	0.029823	0.026179	10.169
947.15	0.0073628	-0.045053	-0.18322	-0.32563	-0.46717	-0.57165	-0.81639	-1.0654	-1.3777	-2.0793	-2.7206	-3.5151	-3.2117	-4.6857	-2.9563	-0.95714	0.074285	0.84244	0.88707	0.70698	0.50865	0.31805	0.2187	0.14961	0.094893	0.080046	0.052255	0.039344	0.03393	0.029355	10.381
945.98	0.0049077	-0.040516	-0.1794	-0.33956	-0.45167	-0.60967	-0.82427	-1.0919	-1.413	-1.9967	-2.7239	-3.3011	-3.1431	-4.9392	-3.1692	-1.1186	0.0095903	0.81745	0.87576	0.71207	0.5149	0.3477	0.21578	0.1425	0.095011	0.076185	0.049974	0.043097	0.046988	0.032534	10.552
944.49	-0.0074139	-0.027542	-0.1667	-0.34488	-0.50069	-0.62106	-0.84542	-1.1098	-1.4317	-2.1705	-2.7642	-3.382	-3.2934	-5.011	-3.2528	-1.3823	-0.052853	0.81265	0.87792	0.71826	0.53581	0.34658	0.22967	0.14435	0.10349	0.092174	0.072767	0.05281	0.041357	0.045959	10.82
943.43	-0.0016611	-0.048303	-0.17501	-0.33569	-0.48513	-0.61567	-0.8846	-1.1078	-1.427	-2.1985	-2.9023	-3.4784	-3.184	-5.2811	-3.4138	-1.4177	-0.11625	0.80574	0.88047	0.73176	0.53722	0.35954	0.24668	0.1705	0.11422	0.085923	0.076771	0.055839	0.036511	0.035772	11.014
942.37	-0.0082557	-0.050663	-0.1809	-0.35444	-0.49196	-0.63727	-0.87182	-1.1335	-1.4938	-2.0557	-3.0588	-3.4571	-3.3252	-5.4235	-3.5752	-1.6395	-0.16272	0.77616	0.88302	0.74105	0.54508	0.36666	0.24137	0.16988	0.12649	0.088406	0.084708	0.04698	0.035734	0.034235	11.196
941.3	-0.0057902	-0.034561	-0.18762	-0.33405	-0.497	-0.63973	-0.90115	-1.1502	-1.4884	-2.2291	-2.9359	-3.5285	-3.2398	-5.5662	-3.8684	-1.6837	-0.23209	0.76832	0.88246	0.758	0.55941	0.37379	0.25204	0.1896	0.12208	0.10045	0.07223	0.0515	0.036593	0.032696	11.397
941.62	-0.0016643	-0.033012	-0.16233	-0.32435	-0.48068	-0.64387	-0.87251	-1.162	-1.5304	-2.2797	-3.0071	-3.5863	-3.0929	-5.7409	-3.9196	-1.8187	-0.30849	0.75673	0.87281	0.77215	0.57696	0.38962	0.26315	0.18222	0.119	0.10678	0.080846	0.056691	0.032494	0.042943	11.584
940.56	-0.019002	-0.06693	-0.19917	-0.34632	-0.48392	-0.6254	-0.84742	-1.1438	-1.5384	-2.3251	-3.182	-3.6833	-3.2505	-5.9564	-3.9767	-1.9057	-0.38703	0.73315	0.866	0.7883	0.58811	0.41949	0.27705	0.18161	0.1313	0.08698	0.091949	0.0575	0.034168	0.038251	11.784
939.39	-0.014068	-0.04157	-0.15782	-0.32993	-0.48362	-0.6454	-0.89455	-1.1876	-1.545	-2.2766	-3.1769	-3.7302	-3.2464	-6.0282	-4.2275	-2.1119	-0.45765	0.7096	0.86317	0.78503	0.59773	0.41664	0.2798	0.19652	0.13527	0.10384	0.080253	0.044145	0.032571	0.034343	11.957
938.96	-0.014901	-0.043904	-0.17666	-0.36054	-0.51804	-0.63608	-0.88881	-1.1816	-1.5827	-2.2004	-3.305	-3.8165	-3.126	-6.3208	-4.3611	-2.2064	-0.52639	0.68981	0.8495	0.78879	0.60609	0.42357	0.29195	0.19008	0.13152	0.093514	0.07556	0.056105	0.023573	0.031195	12.111
938.85	-0.0099398	-0.034651	-0.16852	-0.35096	-0.4938	-0.65539	-0.88276	-1.1973	-1.5987	-2.4065	-3.3054	-3.9353	-3.3213	-6.3779	-4.4934	-2.3511	-0.56399	0.6794	0.85741	0.79313	0.61182	0.43625	0.29198	0.20968	0.14297	0.11189	0.0866	0.047155	0.037509	0.024074	12.284
938.75	-0.0099409	-0.043914	-0.1767	-0.31331	-0.50196	-0.62136	-0.87979	-1.2047	-1.6004	-2.424	-3.2605	-3.9781	-3.2161	-6.5719	-4.6169	-2.3769	-0.64077	0.67335	0.85126	0.79662	0.62403	0.43546	0.29202	0.21297	0.14374	0.11589	0.088187	0.046413	0.015379	0.0098309	12.419
938.43	-0.014082	-0.054734	-0.16452	-0.33748	-0.50303	-0.66443	-0.9139	-1.2247	-1.6207	-2.2961	-3.1983	-3.8863	-3.1928	-6.6466	-4.6536	-2.5988	-0.67691	0.66046	0.84998	0.80794	0.62666	0.43982	0.29212	0.21468	0.15675	0.10315	0.08664	0.061363	0.033425	0.022503	12.503
937.36	-0.02818	-0.054024	-0.16225	-0.34509	-0.5018	-0.63804	-0.89571	-1.2106	-1.6281	-2.5049	-3.2925	-3.9501	-3.2859	-6.6542	-4.6853	-2.474	-0.73734	0.62969	0.83999	0.80205	0.62414	0.44453	0.31333	0.21492	0.14472	0.12406	0.088316	0.063676	0.036747	0.025699	12.706
936.83	-0.015765	-0.050963	-0.15907	-0.36297	-0.49306	-0.66469	-0.93009	-1.2497	-1.6543	-2.4719	-3.3216	-4.1134	-3.2389	-6.892	-4.9873	-2.6628	-0.79582	0.62303	0.83029	0.8255	0.65367	0.45913	0.31913	0.21586	0.15244	0.12253	0.095475	0.063712	0.022804	0.028093	12.842
936.51	-0.02489	-0.027779	-0.16076	-0.31728	-0.49233	-0.65177	-0.91192	-1.2109	-1.6698	-2.533	-3.368	-4.1911	-3.2889	-7.0558	-5.0771	-2.8257	-0.84599	0.59783	0.82666	0.81641	0.64903	0.46436	0.31441	0.22248	0.1502	0.10816	0.089978	0.051014	0.021169	0.01144	12.91
935.98	-0.021586	-0.074224	-0.19032	-0.32469	-0.51156	-0.64951	-0.91784	-1.2173	-1.6668	-2.5	-3.5332	-4.2699	-3.2989	-7.1164	-5.1505	-2.8017	-0.8874	0.58764	0.82556	0.82796	0.66319	0.47307	0.32264	0.22915	0.16022	0.11303	0.082125	0.061524	0.010492	0.0090665	13.015
935.77	-0.014953	-0.067273	-0.14288	-0.34327	-0.51258	-0.63386	-0.94425	-1.2438	-1.672	-2.5436	-3.5341	-4.3133	-3.2752	-7.2877	-5.0723	-2.8109	-0.92853	0.58778	0.81478	0.82985	0.66009	0.47149	0.32512	0.22102	0.15949	0.11225	0.076609	0.058543	0.020362	0.024154	13.098
935.77	-0.028227	-0.048698	-0.18299	-0.35694	-0.53154	-0.67071	-0.93654	-1.2389	-1.6727	-2.578	-3.5794	-4.3473	-3.3078	-7.2877	-5.416	-2.9814	-0.99649	0.55883	0.81399	0.82047	0.67227	0.48416	0.3396	0.24312	0.16178	0.13148	0.09163	0.056296	0.031875	0.017802	13.187
936.19	-0.044804	-0.051769	-0.17146	-0.34392	-0.49069	-0.65988	-0.92456	-1.2506	-1.6823	-2.508	-3.5687	-4.4132	-3.3226	-7.4458	-5.396	-3.0823	-1.0541	0.53841	0.80109	0.82777	0.68332	0.48141	0.33543	0.22746	0.16247	0.12341	0.086057	0.058516	0.020353	0.015413	13.297
936.62	-0.018254	-0.061799	-0.16156	-0.32367	-0.46972	-0.65958	-0.92029	-1.241	-1.702	-2.3951	-3.6306	-4.3264	-3.2885	-7.6443	-5.5872	-3.1321	-1.0888	0.53203	0.79211	0.84018	0.66922	0.48879	0.33126	0.229	0.16927	0.11615	0.10024	0.054749	0.034311	0.017786	13.363
937.58	-0.037283	-0.055556	-0.14342	-0.32976	-0.48636	-0.65803	-0.95089	-1.2504	-1.6711	-2.5473	-3.6993	-4.3558	-3.2282	-7.5558	-5.6959	-3.3161	-1.1229	0.51398	0.79912	0.82485	0.67016	0.47311	0.33172	0.24102	0.15918	0.12003	0.089086	0.049462	0.01704	0.0019183	13.396
938.75	-0.013251	-0.056259	-0.15712	-0.32774	-0.48125	-0.65371	-0.92742	-1.2684	-1.7116	-2.4669	-3.6223	-4.3758	-3.1998	-7.7477	-5.6361	-3.278	-1.1484	0.51596	0.7825	0.83997	0.69359	0.48178	0.33772	0.23092	0.16508	0.12547	0.083458	0.065821	0.021118	0.019329	13.476
938.11	-0.047194	-0.065561	-0.17845	-0.32717	-0.49689	-0.65241	-0.87347	-1.2693	-1.7159	-2.6832	-3.4528	-4.3788	-3.1776	-7.6724	-5.7542	-3.2802	-1.1475	0.49881	0.77756	0.82013	0.66735	0.48127	0.33795	0.23271	0.169	0.13115	0.097711	0.054662	0.0055463	0.0074613	13.476
937.47	-0.036458	-0.067924	-0.17204	-0.30972	-0.48912	-0.6476	-0.91638	-1.2603	-1.7052	-2.6765	-3.6363	-4.5343	-3.31	-7.7422	-5.7845	-3.3761	-1.199	0.48777	0.77261	0.83516	0.67915	0.48413	0.33256	0.23696	0.14699	0.12005	0.082781	0.052457	0.021147	0.0066743	13.519
937.47	-0.032319	-0.076421	-0.1606	-0.30892	-0.49092	-0.66598	-0.91945	-1.253	-1.7328	-2.496	-3.6001	-4.4495	-3.1473	-7.8389	-5.7581	-3.3931	-1.2161	0.48252	0.75461	0.84537	0.67267	0.48666	0.35023	0.23369	0.16683	0.11605	0.080417	0.062174	-0.00019594	0.0098442	13.555
937.26	-0.038952	-0.084939	-0.15083	-0.32746	-0.50275	-0.61709	-0.89273	-1.2704	-1.7206	-2.6255	-3.7006	-4.4505	-3.2456	-7.8407	-5.8562	-3.4535	-1.2172	0.48263	0.7767	0.83705	0.67525	0.50026	0.35191	0.23783	0.16	0.12007	0.078856	0.037516	-0.0034815	-0.0075931	13.551
936.94	-0.038965	-0.061777	-0.15006	-0.30106	-0.48308	-0.62957	-0.92998	-1.2586	-1.7164	-2.4802	-3.5749	-4.5538	-3.2304	-7.8192	-6.0078	-3.2843	-1.2381	0.49418	0.78714	0.83989	0.70385	0.49115	0.3456	0.2281	0.14784	0.11211	0.074934	0.044259	0.0039099	-0.0012522	13.56
937.04	-0.043933	-0.067955	-0.16885	-0.34601	-0.49475	-0.61548	-0.88216	-1.2494	-1.721	-2.5659	-3.8011	-4.3922	-3.3522	-7.899	-5.7607	-3.4458	-1.2028	0.48011	0.77296	0.83894	0.68756	0.50544	0.34556	0.24115	0.16309	0.1129	0.095453	0.058463	-0.0051223	-0.0068024	13.545
936.83	-0.052231	-0.06797	-0.16807	-0.32199	-0.48584	-0.63402	-0.90314	-1.3119	-1.7301	-2.5751	-3.6025	-4.4441	-3.3122	-7.8281	-5.9821	-3.5488	-1.2423	0.47058	0.77392	0.83487	0.67556	0.48952	0.32636	0.24203	0.15625	0.12013	0.07889	0.044264	0.012125	-0.010769	13.536
936.51	-0.062199	-0.085007	-0.14277	-0.31326	-0.47699	-0.66228	-0.90191	-1.3001	-1.7259	-2.5158	-3.7216	-4.5474	-3.2808	-7.968	-5.8521	-3.5074	-1.2354	0.48301	0.76008	0.84112	0.68714	0.49982	0.34737	0.22411	0.16394	0.12737	0.081287	0.048769	0.0014464	-0.0052189	13.536
936.62	-0.062192	-0.068757	-0.1632	-0.31804	-0.43904	-0.66046	-0.96957	-1.2885	-1.7352	-2.5843	-3.558	-4.5384	-3.4107	-7.8622	-5.8426	-3.4388	-1.2336	0.46192	0.76705	0.83165	0.67976	0.4871	0.3401	0.23963	0.15171	0.11455	0.081278	0.037542	-0.0010188	-0.015531	13.54
935.77	-0.063907	-0.087397	-0.1699	-0.30063	-0.47285	-0.59878	-0.94579	-1.2814	-1.7305	-2.6899	-3.6611	-4.5255	-3.3731	-7.8532	-5.7598	-3.3396	-1.2118	0.47287	0.76696	0.83156	0.68444	0.49346	0.3396	0.24312	0.15184	0.11946	0.082143	0.036829	0.011318	-0.01634	13.554
935.34	-0.058126	-0.064208	-0.17489	-0.32653	-0.47939	-0.6245	-0.88916	-1.2787	-1.7305	-2.5706	-3.6991	-4.4002	-3.3583	-7.9295	-5.8065	-3.3496	-1.2173	0.47659	0.77045	0.84047	0.69368	0.49875	0.35183	0.23914	0.15115	0.11791	0.09009	0.034595	0.0055627	-0.01476	13.557
934.7	-0.054843	-0.052628	-0.17501	-0.33802	-0.47158	-0.66005	-0.90134	-1.2862	-1.7166	-2.6241	-3.8742	-4.4882	-3.4014	-7.8783	-5.9163	-3.4715	-1.2566	0.47077	0.76783	0.82995	0.68847	0.49571	0.34482	0.24668	0.16273	0.1188	0.081444	0.033871	0.00062789	-0.0099988	13.545
934.38	-0.048212	-0.067372	-0.16851	-0.30189	-0.46993	-0.63129	-0.93021	-1.2448	-1.718	-2.487	-3.6665	-4.4982	-3.4678	-8.0266	-5.9448	-3.4385	-1.248	0.4885	0.77516	0.855	0.69846	0.49926	0.33608	0.22134	0.16279	0.11242	0.087807	0.036133	-0.0043153	0.0011301	13.545
933.32	-0.071563	-0.067449	-0.15885	-0.29336	-0.46323	-0.63817	-0.905	-1.2676	-1.6954	-2.6107	-3.6889	-4.3927	-3.3574	-7.9386	-5.8809	-3.4253	-1.2191	0.47587	0.77054	0.84144	0.67891	0.49814	0.31791	0.21421	0.13309	0.09408	0.083943	0.03317	0.01217	-0.014792	13.53
933.96	-0.042416	-0.071281	-0.1571	-0.29719	-0.4412	-0.61576	-0.8928	-1.2363	-1.6926	-2.6865	-3.6409	-4.5513	-3.4694	-7.7227	-5.9387	-3.3632	-1.1854	0.49664	0.78965	0.84941	0.67438	0.47579	0.33059	0.22473	0.13759	0.098027	0.076758	0.034648	-0.0034922	-0.022736	13.494
934.7	-0.05235	-0.0627	-0.14058	-0.30581	-0.43813	-0.60473	-0.91446	-1.228	-1.6525	-2.4603	-3.5108	-4.4032	-3.2871	-7.7489	-5.731	-3.3178	-1.1583	0.50326	0.77176	0.83165	0.67628	0.45595	0.32308	0.19914	0.12906	0.097949	0.058492	0.030122	-0.024071	-0.021923	13.425
935.02	-0.050673	-0.077396	-0.16757	-0.29363	-0.45244	-0.62471	-0.88329	-1.2087	-1.6852	-2.4423	-3.7094	-4.3762	-3.2697	-7.6492	-5.6321	-3.2484	-1.1169	0.52065	0.79346	0.83051	0.66631	0.46341	0.31411	0.19825	0.12672	0.081085	0.058472	0.026365	0.0030938	-0.00046054	13.272
935.66	-0.051467	-0.081987	-0.16418	-0.28217	-0.43678	-0.59709	-0.87884	-1.2104	-1.6666	-2.5869	-3.5889	-4.3648	-3.3001	-7.4824	-5.5401	-3.2717	-1.0678	0.52819	0.79605	0.82227	0.64637	0.45548	0.30102	0.19402	0.11135	0.077824	0.033921	0.028594	-0.0059534	-0.021901	13.117
934.92	-0.048185	-0.092899	-0.14956	-0.30332	-0.43442	-0.55279	-0.88417	-1.2007	-1.645	-2.5115	-3.5282	-4.3682	-3.3027	-7.4722	-5.4298	-3.0268	-1.008	0.54881	0.79904	0.82805	0.65501	0.46261	0.30287	0.18434	0.10685	0.068267	0.038696	0.010629	-0.0034886	-0.0092022	13.001
934.6	-0.051526	-0.075883	-0.16273	-0.27202	-0.43457	-0.58899	-0.8644	-1.2314	-1.6115	-2.5554	-3.4294	-4.1997	-3.2712	-7.2078	-5.3169	-2.9254	-0.95593	0.56656	0.80716	0.80613	0.64549	0.43824	0.28929	0.18687	0.10459	0.066688	0.030001	0.015881	-0.026544	-0.021924	12.893
934.7	-0.042383	-0.076647	-0.15616	-0.28407	-0.43542	-0.58717	-0.87434	-1.187	-1.6327	-2.4603	-3.4018	-4.1653	-3.23	-7.1342	-5.1222	-2.7372	-0.90008	0.57879	0.81256	0.80518	0.63729	0.44749	0.28845	0.18602	0.11605	0.077104	0.041078	0.018128	-0.0084296	-0.020333	12.724
933.85	-0.054893	-0.069738	-0.14563	-0.31576	-0.44125	-0.57276	-0.83574	-1.2201	-1.6001	-2.5488	-3.4958	-4.0585	-3.4126	-7.1731	-5.118	-2.8166	-0.85168	0.60393	0.82744	0.80763	0.63299	0.44282	0.28468	0.18127	0.10927	0.058715	0.040324	0.014394	-0.0076121	-0.013987	12.58
933.85	-0.044916	-0.068187	-0.1522	-0.30528	-0.44034	-0.60616	-0.85119	-1.1938	-1.5977	-2.3677	-3.3231	-4.1095	-3.3881	-6.9869	-5.0032	-2.7483	-0.80902	0.60744	0.82901	0.80592	0.62079	0.4208	0.2734	0.17307	0.098544	0.059519	0.041117	-0.00061355	-0.002669	-0.027513	12.425
933.53	-0.042436	-0.064332	-0.14814	-0.26507	-0.41877	-0.54306	-0.82908	-1.1869	-1.5721	-2.4116	-3.2969	-4.0514	-3.3484	-6.9488	-4.8812	-2.5953	-0.75103	0.63579	0.82773	0.79765	0.61206	0.41248	0.25736	0.15179	0.085552	0.05713	0.026073	-0.0058694	-0.024102	-0.017175	12.259
933.96	-0.060706	-0.072056	-0.1571	-0.28026	-0.42401	-0.57445	-0.83642	-1.1584	-1.5857	-2.3933	-3.35	-4.075	-3.3306	-6.7027	-4.8349	-2.654	-0.71296	0.64868	0.84306	0.79728	0.60446	0.41652	0.24838	0.14844	0.089342	0.04908	0.033983	0.0091388	-0.011732	-0.0084166	12.061
935.45	-0.013297	-0.054135	-0.14129	-0.25889	-0.42695	-0.56652	-0.83894	-1.1402	-1.5634	-2.3809	-3.3083	-3.9666	-3.3171	-6.5547	-4.5979	-2.3597	-0.64712	0.65906	0.85191	0.79431	0.60999	0.41332	0.24396	0.15885	0.088435	0.051405	0.033929	-0.0051073	-0.0075991	-0.015551	11.912
936.51	-0.033181	-0.058711	-0.15831	-0.26182	-0.43097	-0.58165	-0.82798	-1.1544	-1.5513	-2.404	-3.2502	-3.8773	-3.2401	-6.4342	-4.4606	-2.2803	-0.61285	0.67934	0.85016	0.79852	0.59957	0.40188	0.26056	0.13822	0.088333	0.050545	0.029151	0.018092	-0.0043055	-0.011567	11.736
936.73	-0.035659	-0.050194	-0.13455	-0.28265	-0.4399	-0.55961	-0.80238	-1.1452	-1.5226	-2.3432	-3.2494	-3.9019	-3.3207	-6.3278	-4.4156	-2.152	-0.54319	0.70022	0.87267	0.76767	0.57917	0.38406	0.22916	0.15863	0.08068	0.056135	0.023615	0.0031265	0.012126	-0.0075975	11.547
937.68	-0.013266	-0.041645	-0.13523	-0.28316	-0.42773	-0.59143	-0.83925	-1.113	-1.5092	-2.3151	-3.1918	-3.9487	-3.4394	-6.2569	-4.3847	-2.1498	-0.48789	0.71263	0.85692	0.77028	0.58343	0.37776	0.23696	0.13968	0.069154	0.050482	0.020435	0.0068619	-0.0067624	-0.0020446	11.35
937.9	-0.0058112	-0.036232	-0.12703	-0.29674	-0.40421	-0.58779	-0.81445	-1.1168	-1.5238	-2.1084	-2.9919	-3.6683	-3.2841	-6.0862	-4.1287	-2.0727	-0.40283	0.7221	0.85516	0.76671	0.56306	0.36756	0.21604	0.12903	0.066088	0.024901	0.029107	-0.014061	-0.019888	0.0027109	11.118
938.11	-0.012431	-0.037767	-0.13272	-0.27341	-0.41402	-0.55966	-0.8135	-1.1076	-1.4935	-2.2883	-2.9097	-3.6929	-3.3402	-5.8994	-4.1277	-1.783	-0.36354	0.73331	0.86435	0.74356	0.55969	0.34556	0.21358	0.12328	0.059212	0.028889	0.0007106	-0.0050928	-0.0010172	-0.021052	11.008
938.11	-0.012431	-0.044716	-0.13762	-0.27742	-0.43204	-0.54303	-0.81042	-1.1051	-1.458	-2.2024	-2.9188	-3.6421	-3.2345	-5.7221	-3.8991	-1.8511	-0.29086	0.74381	0.85966	0.75548	0.5516	0.35989	0.21358	0.11593	0.061499	0.040073	0.025946	-0.0028518	-0.0075776	-0.0044199	10.778
937.68	-0.028998	-0.044736	-0.14585	-0.27273	-0.44035	-0.56516	-0.79079	-1.0852	-1.446	-2.2893	-2.9382	-3.6268	-3.3499	-5.6441	-3.9185	-1.6562	-0.25586	0.77041	0.87178	0.73965	0.54132	0.33392	0.19281	0.11517	0.04627	0.013717	0.013335	0.00013583	0.0088312	-0.0060058	10.596
937.04	-0.0025022	-0.020806	-0.12306	-0.2456	-0.42712	-0.5673	-0.81442	-1.0778	-1.4423	-2.1619	-2.8768	-3.6123	-3.2789	-5.4301	-3.5515	-1.6062	-0.19799	0.77269	0.87785	0.73589	0.53683	0.34174	0.20258	0.10135	0.048591	0.016925	0.001499	-0.0043498	0.0088373	0.016986	10.4
936.73	-0.001673	-0.028545	-0.13783	-0.2722	-0.38758	-0.54121	-0.7839	-1.0495	-1.4183	-2.0337	-2.8324	-3.3337	-3.3289	-5.3754	-3.5791	-1.513	-0.13344	0.77733	0.86562	0.72848	0.51512	0.32413	0.17854	0.099747	0.029522	0.0033292	0.0015025	-0.0065956	-0.0043045	-0.006012	10.197
936.94	-0.0099601	-0.015397	-0.11572	-0.26812	-0.40733	-0.5551	-0.75293	-1.0149	-1.4125	-2.0934	-2.859	-3.4262	-3.1979	-5.0757	-3.2526	-1.3168	-0.072902	0.78679	0.88735	0.71554	0.50933	0.32237	0.17769	0.098908	0.022643	0.017726	-0.00086685	-0.011831	0.010482	0.011436	10.01
938.11	0.020677	-0.040083	-0.11067	-0.2718	-0.42123	-0.52466	-0.76968	-1.0324	-1.376	-2.0221	-2.6291	-3.405	-3.3158	-4.9404	-3.2485	-1.1961	-0.011563	0.80856	0.88546	0.69252	0.49817	0.29752	0.16223	0.080001	0.031763	0.0081166	-0.0071757	-0.011069	-0.014141	0.0019172	9.8259
938.43	0.019015	-0.0045692	-0.12451	-0.27813	-0.42919	-0.53498	-0.76634	-1.0345	-1.3621	-1.9441	-2.6644	-3.3446	-3.3228	-4.8823	-3.0717	-1.1361	0.029261	0.83453	0.875	0.68889	0.46483	0.2772	0.15255	0.060379	0.025655	0.0057177	-0.0063854	-0.012558	0.015384	0.0082501	9.6024
939.07	0.023962	-0.018447	-0.13667	-0.26431	-0.4118	-0.52238	-0.74508	-1.0338	-1.3446	-2.0114	-2.6536	-3.2746	-3.2069	-4.5811	-2.9203	-0.99088	0.079007	0.83308	0.87206	0.67142	0.46289	0.2728	0.15565	0.069313	0.018784	0.00012876	-0.01347	-0.027473	0.0088182	-0.0012493	9.4015
939.39	0.011556	-0.0068748	-0.12683	-0.26743	-0.38828	-0.52307	-0.72947	-0.97475	-1.308	-1.9764	-2.4809	-3.3412	-3.3032	-4.652	-2.77	-1.0585	0.14667	0.84154	0.87098	0.66865	0.45385	0.2584	0.14117	0.051348	0.010402	-0.015029	-0.014253	-0.011054	0.0055387	0.01457	9.1825
939.92	-0.01406	-0.0014785	-0.12024	-0.26727	-0.42222	-0.5088	-0.72523	-0.99621	-1.2891	-1.9753	-2.5337	-3.2041	-3.3095	-4.3115	-2.6281	-0.83716	0.21016	0.85329	0.88844	0.64959	0.44793	0.25068	0.12828	0.055394	0.0081131	-0.010237	-0.014245	-0.028939	0.0096285	0.014562	8.9559
940.02	0.0074186	-0.0192	-0.13245	-0.26324	-0.42487	-0.53145	-0.71977	-0.98958	-1.2772	-1.9066	-2.3528	-3.1699	-3.2604	-4.1743	-2.5576	-0.58237	0.23214	0.86367	0.886	0.64103	0.43011	0.24813	0.12666	0.055388	0.017242	0.0033175	-0.011882	-0.011792	0.010447	0.010609	8.7851
939.28	0.02561	-0.019984	-0.11543	-0.26024	-0.38652	-0.53274	-0.73033	-0.95366	-1.2703	-1.8223	-2.5355	-2.9948	-3.1493	-4.0649	-2.3489	-0.69329	0.28371	0.86348	0.87811	0.62709	0.41186	0.23233	0.12196	0.035041	-0.00102	-0.027799	-0.015043	-0.0080717	0.0014421	0.033555	8.569
938.11	0.008261	-0.033136	-0.13354	-0.2718	-0.3879	-0.53253	-0.73739	-0.96057	-1.2427	-1.9362	-2.3485	-3.151	-3.324	-3.9249	-2.4309	-0.59208	0.33388	0.86718	0.87686	0.61511	0.41237	0.22166	0.10205	0.037535	-0.0048343	-0.015051	-0.023735	-0.023021	0.01293	0.015382	8.3831
937.58	0.027314	-0.005344	-0.14505	-0.284	-0.39894	-0.51095	-0.72704	-0.93578	-1.2324	-1.9029	-2.2593	-3.0511	-3.2038	-3.7981	-2.1948	-0.45622	0.37656	0.86943	0.85623	0.60099	0.39965	0.2142	0.10452	0.016311	-0.0078868	-0.026251	-0.037953	-0.017801	-0.0010178	0.030448	8.1986
938.22	0.024812	-0.019237	-0.13924	-0.27418	-0.39777	-0.52023	-0.71501	-0.93596	-1.2378	-1.7385	-2.4026	-2.9982	-3.3236	-3.6344	-2.0438	-0.51545	0.41468	0.87671	0.85252	0.59122	0.37348	0.20057	0.096422	0.0097659	-0.010169	-0.029428	-0.033984	-0.023018	0.0047259	0.030427	8.0096
939.81	0.014029	-0.01535	-0.12189	-0.2601	-0.40159	-0.52371	-0.69384	-0.9254	-1.2027	-1.8041	-2.1094	-2.917	-3.3098	-3.4673	-1.9263	-0.26832	0.46941	0.87173	0.8581	0.56645	0.36072	0.17919	0.079437	0.0089361	-0.011674	-0.037352	-0.029991	-0.014777	0.032556	0.03591	7.8599
941.41	0.028853	-0.003014	-0.14121	-0.27884	-0.38385	-0.508	-0.70416	-0.93279	-1.2006	-1.7754	-2.1509	-2.6927	-3.3123	-3.4133	-1.8617	-0.20854	0.49547	0.87286	0.8473	0.55447	0.3472	0.17469	0.071308	0.011363	-0.028369	-0.021368	-0.02994	-0.02145	0.016971	0.025588	7.6845
943	0.025511	-0.0068485	-0.12635	-0.25842	-0.36528	-0.49669	-0.69761	-0.91902	-1.1806	-1.798	-2.1022	-2.6797	-3.1611	-3.2953	-1.7536	-0.19125	0.532	0.86268	0.83575	0.54506	0.33534	0.16936	0.072782	0.0072788	-0.028321	-0.024509	-0.031459	-0.013982	0.025918	0.044455	7.506
944.07	0.021369	-0.019883	-0.12701	-0.27327	-0.37293	-0.47961	-0.68078	-0.88552	-1.1314	-1.7107	-2.0279	-2.5673	-3.2384	-3.0913	-1.6642	-0.030437	0.56062	0.87301	0.83636	0.53938	0.33657	0.14237	0.054363	-0.023565	-0.0245	-0.038772	-0.032991	-0.010999	-0.0034564	0.03496	7.3214
945.66	0.025439	-0.022914	-0.14381	-0.27759	-0.37676	-0.49443	-0.66896	-0.87026	-1.135	-1.6396	-2.0963	-2.5378	-3.2329	-3.0302	-1.4347	-0.089441	0.58884	0.87327	0.8109	0.52075	0.30951	0.14547	0.058252	-0.014614	-0.029753	-0.042669	-0.025112	-0.013204	0.017708	0.042758	7.1217
946.62	0.024592	-0.010649	-0.14852	-0.26459	-0.39066	-0.51474	-0.65304	-0.86776	-1.1073	-1.7146	-2.0493	-2.4681	-3.141	-2.8514	-1.4942	-0.055648	0.60847	0.86112	0.81628	0.51432	0.30438	0.14032	0.047855	-0.005697	-0.045591	-0.044208	-0.046187	-0.039837	0.02338	0.040361	7.0218
946.73	0.03197	-0.014475	-0.15336	-0.26694	-0.39776	-0.48347	-0.67506	-0.85795	-1.1056	-1.6804	-2.1388	-2.3923	-3.0279	-2.875	-1.3547	0.079235	0.6343	0.87143	0.79527	0.48981	0.29392	0.11441	0.043077	-0.030782	-0.036521	-0.047371	-0.057122	-0.01911	0.0095593	0.020734	6.8751
946.2	0.026243	-0.028259	-0.13807	-0.27743	-0.37745	-0.4768	-0.66858	-0.85034	-1.0781	-1.6217	-1.9785	-2.3601	-3.2714	-2.7009	-1.3729	0.028687	0.65571	0.85804	0.78564	0.4631	0.26519	0.11865	0.027987	-0.021892	-0.042588	-0.062446	-0.043862	-0.03319	0.019325	0.039593	6.7207
946.41	0.031981	-0.010651	-0.12913	-0.26067	-0.36575	-0.4897	-0.65014	-0.84205	-1.0653	-1.5277	-1.8434	-2.2252	-3.3432	-2.5964	-1.3377	0.037108	0.67418	0.86131	0.78934	0.48155	0.26754	0.10442	0.023208	-0.023507	-0.034264	-0.052137	-0.043069	-0.033923	0.0087498	0.031733	6.6177
946.83	0.028688	-0.022886	-0.14202	-0.25578	-0.39504	-0.47388	-0.64376	-0.84086	-1.0719	-1.5696	-1.8516	-2.3333	-3.3095	-2.5793	-1.1977	0.35737	0.69087	0.85139	0.78046	0.45773	0.26341	0.095187	0.016839	-0.044534	-0.050869	-0.053698	-0.045395	-0.042789	0.016061	0.024657	6.4845
947.47	0.034403	-0.0083456	-0.1306	-0.23813	-0.36713	-0.47009	-0.65246	-0.83787	-1.0368	-1.5515	-1.8593	-2.1305	-3.1301	-2.4419	-1.075	0.14657	0.69283	0.86728	0.77684	0.45995	0.25442	0.095121	0.020005	-0.038844	-0.048571	-0.052079	-0.043024	-0.028708	0.024171	0.031697	6.3619
947.47	0.027848	-0.023636	-0.1395	-0.24687	-0.39388	-0.46836	-0.64028	-0.83544	-1.036	-1.509	-1.7069	-2.1725	-3.114	-2.3461	-1.1012	0.23923	0.71385	0.84908	0.76678	0.44647	0.24239	0.076762	0.01206	-0.042078	-0.060649	-0.044169	-0.054736	-0.032407	0.023361	0.045029	6.3028
948.86	0.027807	-0.0052805	-0.15221	-0.27031	-0.38262	-0.46768	-0.6287	-0.83019	-1.0376	-1.5323	-1.785	-2.1107	-3.1658	-2.3268	-1.0561	0.30614	0.74269	0.83228	0.76334	0.42648	0.22924	0.092484	0.0033164	-0.053319	-0.051514	-0.066221	-0.0453	-0.033836	0.016027	0.047313	6.1817
949.71	0.037593	-0.026629	-0.14239	-0.25659	-0.38139	-0.48022	-0.63649	-0.81009	-1.0102	-1.5055	-1.837	-2.0753	-3.2914	-2.253	-0.85541	0.35629	0.74121	0.82721	0.74103	0.41265	0.22583	0.073251	0.016788	-0.043592	-0.063518	-0.051956	-0.050713	-0.01536	0.0038573	0.033187	6.0954
949.81	0.024509	-0.0312	-0.1448	-0.26687	-0.37156	-0.45943	-0.66072	-0.81806	-1.0171	-1.5307	-1.7564	-2.1755	-3.1626	-2.1493	-0.86399	0.38986	0.74839	0.83576	0.73554	0.41513	0.21701	0.059923	-0.0038201	-0.054881	-0.058993	-0.058264	-0.053821	-0.021999	0.011959	0.027709	6.0484
949.92	0.02042	-0.01976	-0.13269	-0.27476	-0.37863	-0.45765	-0.64166	-0.81313	-0.99051	-1.556	-1.631	-2.0414	-3.1863	-2.0854	-0.76839	0.38981	0.75315	0.82529	0.73005	0.40164	0.2066	0.064079	-0.0014422	-0.041162	-0.066516	-0.067724	-0.055373	-0.034536	0.016009	0.033963	5.9455
950.56	0.022857	-0.02051	-0.1471	-0.26745	-0.37038	-0.48238	-0.61771	-0.79647	-0.98206	-1.4194	-1.6925	-2.0484	-3.1681	-2.259	-0.6811	0.36438	0.76795	0.83597	0.72185	0.39801	0.19927	0.05738	-0.0061915	-0.05242	-0.055937	-0.048756	-0.053779	-0.022719	0.011139	0.046445	5.9212
950.03	0.020418	-0.0045106	-0.14638	-0.27711	-0.3608	-0.46624	-0.62337	-0.79046	-0.99818	-1.4286	-1.7381	-2.0245	-3.202	-2.0613	-0.7683	0.39818	0.77645	0.84335	0.72071	0.40327	0.19938	0.064072	-0.00064867	-0.053253	-0.049946	-0.054306	-0.046801	-0.042645	0.00061776	0.030049	5.8682
949.17	0.022891	-0.02054	-0.14247	-0.25912	-0.37359	-0.47185	-0.62089	-0.79359	-0.97492	-1.2347	-1.5876	-1.9091	-3.229	-1.9835	-0.69078	0.32286	0.78118	0.80432	0.71362	0.38514	0.20116	0.059963	-0.013338	-0.056531	-0.062046	-0.055145	-0.040608	-0.033086	0.024128	0.02851	5.8182
949.49	0.029425	-0.01138	-0.14485	-0.26775	-0.36724	-0.44143	-0.626	-0.79171	-0.97926	-1.3022	-1.6854	-1.9838	-3.1958	-1.935	-0.62108	0.3984	0.78172	0.81788	0.71493	0.38921	0.20109	0.049116	-0.026811	-0.069421	-0.06504	-0.072491	-0.056177	-0.026433	0.011963	0.043367	5.8091
950.24	0.019595	-0.025852	-0.13345	-0.25486	-0.36072	-0.46095	-0.61261	-0.78545	-0.98395	-1.2249	-1.6215	-1.8317	-3.0488	-1.9653	-0.69001	0.3645	0.7932	0.81983	0.70047	0.38639	0.18655	0.054903	-0.0085702	-0.058887	-0.061977	-0.062969	-0.039783	-0.017564	0.019243	0.033951	5.7758
949.81	0.022057	-0.029676	-0.13351	-0.25894	-0.36533	-0.46807	-0.6182	-0.78177	-0.9875	-1.3696	-1.6759	-1.866	-3.1867	-1.9344	-0.64691	0.29744	0.7863	0.82107	0.70697	0.37564	0.17864	0.042442	-0.025217	-0.064559	-0.077818	-0.059053	-0.027339	-0.030851	0.034644	0.032403	5.7789
948.96	0.032714	-0.027414	-0.15219	-0.26393	-0.35141	-0.45292	-0.60279	-0.77843	-0.95642	-1.3878	-1.6684	-1.7756	-3.2618	-1.9122	-0.71703	0.28088	0.79346	0.81142	0.70605	0.37177	0.1844	0.049978	-0.019687	-0.067039	-0.063568	-0.064634	-0.055429	-0.022756	0.011158	0.037912	5.7834
949.81	0.022874	-0.025102	-0.14722	-0.25973	-0.37067	-0.48103	-0.62427	-0.7987	-0.9579	-1.3272	-1.658	-1.8493	-3.2348	-1.8787	-0.5948	0.35625	0.79679	0.80983	0.70079	0.36724	0.18264	0.054927	-0.033142	-0.062947	-0.064264	-0.072467	-0.046812	-0.035278	0.020061	0.040225	5.7864
950.03	0.02287	-0.020522	-0.13428	-0.27156	-0.39104	-0.46537	-0.62793	-0.7824	-0.96314	-1.3778	-1.5414	-1.9492	-3.1297	-1.8782	-0.60336	0.57458	0.7829	0.81743	0.69368	0.36967	0.18579	0.039935	-0.020458	-0.066157	-0.080814	-0.070872	-0.06004	-0.036745	0.0030449	0.027703	5.7804
950.24	0.026948	-0.024327	-0.13748	-0.27388	-0.36072	-0.45318	-0.61564	-0.76932	-0.9676	-1.2588	-1.5232	-1.907	-3.2414	-1.854	-0.57719	0.51565	0.81013	0.81292	0.70047	0.36707	0.18255	0.039093	-0.020453	-0.062111	-0.062731	-0.066125	-0.041339	-0.016827	0.016813	0.036297	5.8107
950.24	0.035121	-0.022041	-0.1536	-0.25566	-0.36339	-0.4549	-0.61109	-0.77255	-0.9419	-1.3775	-1.3534	-1.8819	-3.2093	-1.7585	-0.69001	0.50727	0.81013	0.7991	0.69275	0.35867	0.17856	0.029108	-0.027582	-0.049213	-0.067246	-0.053505	-0.059246	-0.035262	0.016004	0.01675	5.8091
951.3	0.033449	-0.039527	-0.14618	-0.26566	-0.37808	-0.44404	-0.61875	-0.78215	-0.95252	-1.3929	-1.4948	-1.9049	-3.1817	-1.8837	-0.65456	0.52347	0.79715	0.8077	0.69198	0.35408	0.18315	0.0324	-0.004605	-0.062042	-0.067171	-0.055022	-0.060736	-0.034486	0.02084	0.028445	5.8182
951.2	0.028556	-0.018974	-0.17036	-0.27123	-0.37546	-0.4579	-0.60668	-0.7766	-0.97207	-1.2999	-1.5485	-1.738	-3.0938	-1.86	-0.61129	0.41446	0.8069	0.81297	0.68897	0.36335	0.17359	0.031573	-0.023598	-0.081379	-0.064171	-0.062906	-0.050633	-0.031544	0.0022341	0.042511	5.7773
950.66	0.02367	-0.015938	-0.16401	-0.25633	-0.37478	-0.4737	-0.61006	-0.76978	-0.95238	-1.3853	-1.603	-1.8309	-3.264	-1.702	-0.78514	0.38112	0.80413	0.79356	0.69476	0.34256	0.16809	0.032422	-0.032321	-0.05886	-0.066464	-0.065308	-0.049882	-0.038932	0.017615	0.033153	5.8016
950.98	0.022847	-0.021264	-0.16154	-0.27841	-0.36044	-0.458	-0.60606	-0.77758	-0.95206	-1.1646	-1.4774	-1.8971	-3.1426	-1.8366	-0.52469	0.53205	0.81111	0.80538	0.68527	0.35923	0.17123	0.032411	-0.01727	-0.066897	-0.062682	-0.066073	-0.059978	-0.027129	0.0054712	0.036269	5.8046
951.62	0.031805	-0.021249	-0.15177	-0.2719	-0.38684	-0.44562	-0.62384	-0.77706	-0.95453	-1.4178	-1.5835	-1.8708	-3.3008	-1.7956	-0.62835	0.54846	0.80574	0.80225	0.67788	0.36151	0.1775	0.042361	-0.017258	-0.057192	-0.066397	-0.055003	-0.045944	-0.014593	0.036196	0.037025	5.8197
951.41	0.035894	-0.024297	-0.1518	-0.26484	-0.39669	-0.4716	-0.6164	-0.7877	-0.96952	-1.3842	-1.5481	-1.8044	-3.1653	-1.7563	-0.58514	0.50665	0.79464	0.80761	0.69345	0.36159	0.17674	0.051511	-0.010143	-0.047539	-0.055887	-0.054227	-0.056841	-0.030064	0.030543	0.047186	5.8213
951.3	0.011411	-0.025823	-0.16229	-0.28623	-0.38519	-0.49409	-0.61268	-0.8039	-0.96963	-1.3421	-1.5215	-1.9382	-3.1656	-1.9393	-0.5332	0.59897	0.78829	0.81202	0.69121	0.36666	0.17197	0.050688	-0.015683	-0.048351	-0.049126	-0.038478	-0.03274	-0.014598	0.029736	0.037037	5.8455
951.3	0.02284	-0.012118	-0.14538	-0.26408	-0.40828	-0.47597	-0.62405	-0.7749	-0.97429	-1.4521	-1.6286	-1.9466	-3.2218	-1.8837	-0.70658	0.48992	0.8044	0.81978	0.71203	0.37253	0.19113	0.058167	-0.018847	-0.037078	-0.043111	-0.043203	-0.036628	-0.02712	0.014367	0.033131	6
952.47	0.030147	-0.016666	-0.14842	-0.28983	-0.39448	-0.48055	-0.64222	-0.80773	-0.98319	-1.4419	-1.6356	-1.8608	-3.1617	-1.8258	-0.66243	0.33012	0.79697	0.81619	0.70653	0.38799	0.20843	0.067229	0.011997	-0.02577	-0.035549	-0.041576	-0.050565	-0.010902	0.02162	0.043232	6.0575
952.79	0.018728	-0.019701	-0.14354	-0.28499	-0.38636	-0.48212	-0.65033	-0.82676	-0.99451	-1.5259	-1.6974	-1.9352	-3.0966	-2.0077	-0.7401	0.39703	0.79349	0.83659	0.70553	0.39792	0.20199	0.068865	0.0096239	-0.03139	-0.037037	-0.034484	-0.024147	-0.0057507	0.024845	0.050235	6.1711
952.36	0.026073	-0.015148	-0.17015	-0.28591	-0.40694	-0.50905	-0.65516	-0.83196	-1.0082	-1.5858	-1.6179	-2.0111	-3.2342	-2.0165	-0.85302	0.38044	0.76891	0.83179	0.72664	0.40647	0.21563	0.087993	0.011208	-0.025773	-0.031046	-0.02899	-0.021051	0.0030752	0.024856	0.05026	6.3089
952.9	0.011392	-0.0387	-0.19418	-0.29049	-0.40671	-0.48981	-0.64874	-0.83793	-1.0185	-1.3652	-1.6972	-2.01	-3.2244	-2.0868	-0.80927	0.37184	0.75079	0.82875	0.72854	0.42718	0.23464	0.074666	0.015942	-0.021738	-0.028027	-0.022683	-0.041224	-0.018986	0.030495	0.040095	6.4573
951.83	0.024457	-0.021245	-0.16461	-0.2924	-0.39918	-0.5102	-0.66311	-0.84208	-1.0383	-1.4428	-1.8062	-2.1207	-3.2841	-2.2242	-0.88815	0.29681	0.74761	0.84433	0.74862	0.42934	0.23729	0.09801	0.019913	-0.0064703	-0.022798	-0.029794	-0.016399	-0.01091	0.032145	0.046383	6.6359
