% Time() Angle(deg) Cn Ct Cm
0	8.5221	0.84729	0.07462	-0.023919
0.05	8.8471	0.90392	0.08502	-0.021439
0.1	9.1961	0.92335	0.091571	-0.022509
0.15	9.539	0.97273	0.10063	-0.024241
0.2	9.9497	1.0057	0.11029	-0.021106
0.25	10.304	1.0258	0.11666	-0.020241
0.29	10.695	1.0662	0.129	-0.018893
0.34	11.065	1.1125	0.13873	-0.021953
0.39	11.427	1.1112	0.14793	-0.017936
0.44	11.825	1.1422	0.15311	-0.021725
0.49	12.236	1.1735	0.16655	-0.019364
0.54	12.589	1.2079	0.18014	-0.01729
0.59	13.012	1.2444	0.19034	-0.02006
0.64	13.435	1.2733	0.20238	-0.02154
0.69	13.805	1.3045	0.2117	-0.020502
0.74	14.29	1.3389	0.22571	-0.022756
0.79	14.715	1.3827	0.245	-0.02082
0.83	15.133	1.4276	0.26556	-0.018552
0.88	15.546	1.4458	0.27586	-0.019698
0.93	16.015	1.4949	0.29627	-0.020147
0.98	16.357	1.5159	0.31207	-0.016519
1.03	16.83	1.5582	0.33412	-0.013253
1.08	17.211	1.6099	0.35409	-0.014394
1.13	17.603	1.6316	0.37512	-0.013045
1.18	18.003	1.6601	0.39062	-0.010555
1.23	18.361	1.6924	0.4077	-0.015727
1.28	18.688	1.7559	0.43038	-0.015705
1.33	19.043	1.7591	0.44654	-0.015029
1.37	19.405	1.7872	0.46293	-0.011874
1.42	19.71	1.8309	0.47811	-0.018842
1.47	19.973	1.8554	0.49139	-0.021744
1.52	20.287	1.8669	0.5047	-0.016806
1.57	20.524	1.8961	0.51243	-0.021494
1.62	20.764	1.8768	0.51291	-0.030328
1.67	20.987	1.8985	0.51562	-0.035092
1.72	21.195	1.8879	0.51491	-0.03733
1.77	21.385	1.8804	0.50917	-0.041109
1.82	21.54	1.9068	0.49297	-0.053094
1.87	21.679	1.9105	0.48049	-0.054565
1.91	21.822	1.9806	0.45578	-0.057324
1.96	21.897	2.04	0.41744	-0.069392
2.01	21.979	2.0666	0.37498	-0.085591
2.06	22.025	2.1076	0.31085	-0.099703
2.11	22.062	2.1808	0.24417	-0.1209
2.16	22.109	2.1626	0.19245	-0.15463
2.21	22.056	2.2343	0.15059	-0.19744
2.26	22.07	2.3471	0.10696	-0.25753
2.31	22.068	2.4098	0.087757	-0.32218
2.36	22.073	2.4474	0.046815	-0.3789
2.41	22.076	2.422	0.017885	-0.4137
2.45	22.074	2.324	-0.00032622	-0.41873
2.5	21.971	2.1673	-0.037086	-0.41415
2.55	21.81	1.9768	-0.066061	-0.38792
2.6	21.671	1.7328	-0.10038	-0.36765
2.65	21.516	1.5738	-0.12456	-0.34508
2.7	21.313	1.4411	-0.12906	-0.33155
2.75	21.14	1.2674	-0.11593	-0.28101
2.8	20.965	1.1119	-0.095604	-0.21597
2.85	20.712	1.049	-0.075753	-0.1815
2.9	20.543	1.043	-0.066453	-0.16203
2.95	20.293	0.99249	-0.05763	-0.14458
2.99	20.014	0.97376	-0.047712	-0.12702
3.04	19.752	0.95742	-0.041033	-0.11865
3.09	19.507	0.94467	-0.044957	-0.12037
3.14	19.197	0.92407	-0.046431	-0.12276
3.19	18.903	0.91345	-0.046024	-0.12408
3.24	18.557	0.89933	-0.050214	-0.12485
3.29	18.175	0.87455	-0.057975	-0.13282
3.34	17.808	0.84557	-0.055697	-0.12801
3.39	17.414	0.79659	-0.059553	-0.12413
3.44	17.042	0.77757	-0.062756	-0.12335
3.49	16.59	0.73183	-0.067159	-0.11834
3.53	16.194	0.6954	-0.066569	-0.10933
3.58	15.785	0.66397	-0.064812	-0.10107
3.63	15.383	0.61305	-0.068065	-0.093753
3.68	14.96	0.58086	-0.067022	-0.081832
3.73	14.551	0.55133	-0.064662	-0.073411
3.78	14.186	0.50924	-0.065827	-0.067945
3.83	13.774	0.47058	-0.062453	-0.054488
3.88	13.391	0.43708	-0.059968	-0.053696
3.93	12.995	0.40875	-0.056935	-0.046406
3.98	12.581	0.34986	-0.05565	-0.038448
4.03	12.218	0.31503	-0.04666	-0.023767
4.07	11.862	0.25501	-0.04094	-0.015465
4.12	11.498	0.22865	-0.032088	-0.0041389
4.17	11.113	0.2074	-0.022814	0.0075354
4.22	10.751	0.18707	-0.016907	0.016001
4.27	10.403	0.14353	-0.011944	0.031438
4.32	10.058	0.1465	-0.0027079	0.042497
4.37	9.687	0.14293	-0.00022314	0.04759
4.42	9.4	0.15881	0.0048679	0.050909
4.47	9.0677	0.17112	0.0085527	0.054992
4.52	8.7579	0.19338	0.0099498	0.052455
4.57	8.4511	0.23396	0.014664	0.046968
4.61	8.1608	0.24664	0.015395	0.040311
4.66	7.8902	0.28067	0.018705	0.039345
4.71	7.627	0.30094	0.017235	0.037795
4.76	7.4137	0.31287	0.017257	0.033482
4.81	7.1626	0.3369	0.018004	0.032148
4.86	6.9734	0.35041	0.018367	0.027109
4.91	6.7706	0.37379	0.019982	0.024885
4.96	6.6208	0.39588	0.021321	0.018866
5.01	6.433	0.40778	0.022679	0.01606
5.06	6.324	0.41726	0.021489	0.015151
5.11	6.2347	0.42999	0.019467	0.0088165
5.15	6.1696	0.44058	0.023301	0.0074935
5.2	6.0908	0.4546	0.01925	0.00088741
5.25	6.0424	0.47947	0.023065	0.00062008
5.3	6.0197	0.45858	0.017585	-0.0022653
5.35	6.0348	0.48244	0.019831	-0.00060937
5.4	6.0833	0.48654	0.023163	-0.0043968
5.45	6.0394	0.4838	0.020797	-0.0059554
5.5	6.0469	0.49076	0.023723	-0.0032291
5.55	6.053	0.50896	0.028292	-0.0026126
5.6	6.056	0.50117	0.02547	-0.0053488
5.65	6.0469	0.51206	0.028221	-0.0055535
5.69	6.0394	0.5265	0.027117	-0.0099751
5.74	6.1105	0.54327	0.030397	-0.0086057
5.79	6.3104	0.55123	0.032507	-0.012255
5.84	6.4315	0.57463	0.032939	-0.011189
5.89	6.6526	0.61392	0.041174	-0.0091687
5.94	6.8539	0.62631	0.039343	-0.013527
5.99	7.0551	0.66924	0.048007	-0.014091
6.04	7.3109	0.69974	0.052032	-0.015691
6.09	7.5181	0.73715	0.059796	-0.016338
6.14	7.81	0.76547	0.063251	-0.016655
6.19	8.0656	0.80021	0.069724	-0.015819
6.23	8.3695	0.81329	0.074465	-0.014088
