12342	1	3	91	29.4	757	1	20	10	0.233	128	4096	10	0	0	0	0	29.824	953.21	1.4175e+006	0.11617	0.0099399	40.503	0	0	1	0	0	0	11	0	0
882.84	-0.76899	-0.80939	-0.85837	-0.88311	-0.85916	-0.83431	-0.81275	-0.81471	-0.77019	-0.83483	-0.6775	-0.81178	-0.76338	-0.64552	-0.98652	0.15874	0.58278	0.93386	0.94797	0.73293	0.54899	0.34989	0.1944	0.07621	-0.036393	-0.10224	-0.18846	-0.30118	-0.47357	-0.55234	19.044
889.56	-0.70208	-0.75686	-0.79677	-0.81297	-0.74153	-0.74865	-0.71904	-0.75429	-0.73027	-0.7108	-0.69148	-0.65382	-0.62042	-0.83612	-0.65456	0.12166	0.58785	0.94433	0.93916	0.73995	0.55423	0.36947	0.21239	0.085967	-0.02084	-0.082935	-0.18122	-0.29103	-0.46047	-0.52227	19.589
881.77	-0.69155	-0.71262	-0.74473	-0.75528	-0.73658	-0.7292	-0.73276	-0.74966	-0.68303	-0.7993	-0.58204	-0.74968	-0.63455	-0.83494	-0.79129	0.095582	0.6026	0.95826	0.96409	0.75916	0.56085	0.36466	0.21854	0.074563	-0.028324	-0.093867	-0.17359	-0.28009	-0.46454	-0.52015	20.111
893.72	-0.68751	-0.71525	-0.73905	-0.74434	-0.70783	-0.7268	-0.68664	-0.71478	-0.69211	-0.70749	-0.70725	-0.70411	-0.71994	-0.72225	-0.66998	-0.09321	0.55854	0.92432	0.93561	0.74633	0.56355	0.4058	0.21393	0.098428	-0.023144	-0.089258	-0.16465	-0.29359	-0.46608	-0.52317	20.657
880.92	-0.71513	-0.73798	-0.76806	-0.76541	-0.73826	-0.74668	-0.72446	-0.75126	-0.69377	-0.58976	-0.57295	-0.81355	-0.80833	-0.74992	-0.66098	-0.10362	0.54231	0.95266	0.9542	0.78617	0.57777	0.409	0.22387	0.1042	6.6271e-005	-0.088854	-0.17376	-0.31456	-0.48596	-0.54174	21.284
876.65	-0.78859	-0.78618	-0.79452	-0.78373	-0.7351	-0.76249	-0.7247	-0.7488	-0.69968	-0.73045	-0.74041	-0.61815	-0.60346	-0.65009	-0.82414	0.032401	0.52485	0.95356	0.99566	0.80911	0.63342	0.44076	0.25502	0.13006	0.0098581	-0.053379	-0.16279	-0.28572	-0.48657	-0.57319	21.641
873.02	-0.73317	-0.73138	-0.76448	-0.77578	-0.7672	-0.7525	-0.73515	-0.75191	-0.70852	-0.80731	-0.69486	-0.72992	-0.81564	-0.75671	-0.86536	-0.15029	0.50773	0.94248	0.99392	0.8207	0.63867	0.43987	0.25953	0.14815	0.013995	-0.055319	-0.15669	-0.28932	-0.46656	-0.53472	22.137
876.33	-0.74014	-0.74515	-0.77733	-0.76942	-0.75273	-0.76371	-0.73484	-0.76743	-0.72188	-0.65719	-0.69224	-0.69996	-0.69941	-0.72796	-0.84326	-0.15881	0.47259	0.95672	0.98598	0.83582	0.65618	0.46167	0.29119	0.15371	0.038428	-0.041427	-0.14259	-0.27543	-0.47094	-0.54966	22.586
867.04	-0.76419	-0.78654	-0.78477	-0.8176	-0.76274	-0.78135	-0.76101	-0.77565	-0.73303	-0.66423	-0.6017	-0.74411	-0.68051	-0.70087	-0.7857	-0.08688	0.44408	0.95276	0.99401	0.86134	0.67197	0.49671	0.31254	0.16419	0.058637	-0.044464	-0.13985	-0.26626	-0.47954	-0.55383	23.087
866.29	-0.7783	-0.78639	-0.79695	-0.81309	-0.79949	-0.78677	-0.76416	-0.78605	-0.74733	-0.72989	-0.82767	-0.68056	-0.77795	-0.80621	-0.90064	-0.28961	0.40997	0.93464	0.98471	0.8584	0.69447	0.51174	0.31368	0.18556	0.067771	-0.022875	-0.1152	-0.28671	-0.49505	-0.56718	23.603
859.03	-0.78488	-0.79557	-0.8126	-0.81471	-0.76789	-0.76762	-0.75383	-0.78199	-0.74159	-0.82983	-0.71606	-0.68632	-0.81116	-0.79543	-0.89866	-0.32924	0.38757	0.93776	0.99047	0.87959	0.71448	0.52988	0.33824	0.18713	0.073338	-0.031791	-0.12048	-0.28016	-0.49744	-0.58668	24.037
869.71	-0.79131	-0.80495	-0.81055	-0.79951	-0.78663	-0.79783	-0.77858	-0.78736	-0.7614	-0.67145	-0.69751	-0.91537	-0.68719	-0.78565	-0.72641	-0.2426	0.33172	0.92153	0.98084	0.90824	0.72753	0.55246	0.36611	0.21742	0.084773	-0.010719	-0.12156	-0.26544	-0.50903	-0.5846	24.495
856.47	-0.8244	-0.82839	-0.83918	-0.82769	-0.81951	-0.8255	-0.78809	-0.82727	-0.76799	-0.71007	-0.80742	-0.87387	-0.91155	-0.88607	-1.0651	-0.38612	0.2805	0.91948	1.0097	0.92415	0.75031	0.55362	0.36561	0.23867	0.089424	-0.011761	-0.12084	-0.26218	-0.50971	-0.59451	24.985
862.24	-0.80447	-0.82453	-0.83357	-0.83961	-0.79051	-0.82569	-0.80038	-0.81374	-0.7946	-0.82675	-0.77247	-0.997	-0.82585	-0.82755	-0.99096	-0.48534	0.26885	0.88953	0.98338	0.91612	0.75762	0.58201	0.3815	0.24774	0.09961	-0.0029886	-0.10545	-0.27587	-0.49738	-0.58708	25.357
846.1	-0.81798	-0.82741	-0.83407	-0.84317	-0.81557	-0.83271	-0.82758	-0.82835	-0.78527	-0.7378	-0.65675	-0.87519	-0.82356	-0.79866	-0.97088	-0.53234	0.24319	0.90165	0.99694	0.95622	0.79361	0.59965	0.41457	0.26242	0.12434	0.01467	-0.095218	-0.2538	-0.50323	-0.5895	25.787
851.23	-0.84133	-0.83944	-0.88755	-0.86638	-0.84143	-0.8354	-0.82513	-0.85396	-0.82747	-0.76174	-0.79245	-0.81392	-0.87236	-0.90042	-0.97472	-0.52913	0.17602	0.86825	0.99954	0.95327	0.80131	0.62669	0.41385	0.26174	0.13451	0.021625	-0.085084	-0.2498	-0.49929	-0.57198	26.097
842.25	-0.8337	-0.84753	-0.84516	-0.87294	-0.84538	-0.85015	-0.82965	-0.86033	-0.8319	-0.88462	-0.70007	-0.96406	-0.89073	-0.92796	-0.91656	-0.52528	0.14607	0.86581	0.98756	0.96249	0.80355	0.62962	0.4272	0.28545	0.1266	0.021855	-0.098288	-0.26328	-0.49822	-0.60718	26.49
842.36	-0.82069	-0.83367	-0.85051	-0.86211	-0.83725	-0.83543	-0.82526	-0.8575	-0.79842	-0.76019	-0.61933	-0.90736	-0.89967	-0.60474	-1.0731	-0.5347	0.14423	0.88616	1.0031	0.969	0.82418	0.63329	0.4459	0.28905	0.13677	0.050323	-0.087738	-0.24744	-0.48536	-0.60534	26.867
833.38	-0.87985	-0.88698	-0.91759	-0.93192	-0.89697	-0.92225	-0.87743	-0.89156	-0.84431	-0.78772	-0.83999	-0.83136	-0.81784	-0.82899	-1.0055	-0.77029	0.094302	0.85238	0.98927	0.98232	0.82942	0.66953	0.45523	0.30596	0.17086	0.040973	-0.065603	-0.25767	-0.51553	-0.6083	27.208
833.7	-0.89814	-0.90835	-0.92092	-0.92614	-0.92298	-0.91303	-0.89613	-0.91235	-0.87061	-0.88404	-0.88041	-1.0502	-0.80838	-1.0191	-1.0645	-0.85613	0.063941	0.83925	0.99065	0.99247	0.86644	0.67307	0.48395	0.31687	0.16737	0.050846	-0.060252	-0.23824	-0.53748	-0.62322	27.49
834.66	-0.90734	-0.92639	-0.90058	-0.91425	-0.88547	-0.90411	-0.89596	-0.91222	-0.86074	-1.0085	-0.7573	-0.94428	-0.82571	-0.873	-1.083	-0.77866	0.026235	0.82845	0.97633	0.99132	0.86089	0.67608	0.47437	0.32752	0.17574	0.058868	-0.050434	-0.23209	-0.53041	-0.62517	27.75
827.49	-0.86359	-0.87403	-0.92041	-0.93217	-0.93705	-0.93376	-0.89849	-0.93864	-0.87982	-1.0269	-0.78439	-0.93325	-0.98956	-0.8166	-1.202	-0.7179	0.0097956	0.8257	0.99276	0.99894	0.88303	0.71156	0.50577	0.35072	0.1764	0.088363	-0.047294	-0.21547	-0.48757	-0.59916	28.021
814.11	-0.87873	-0.87771	-0.92707	-0.93177	-0.91716	-0.93802	-0.91237	-0.94653	-0.90518	-0.88551	-0.75556	-0.77298	-1.0527	-0.96933	-1.0597	-0.80811	0.0061909	0.82919	0.98925	1.0252	0.88542	0.71937	0.50853	0.36307	0.21795	0.091655	-0.023535	-0.19836	-0.48708	-0.58437	28.291
812.51	-0.87091	-0.90797	-0.91947	-0.96882	-0.94705	-0.97725	-0.94613	-0.9814	-0.94066	-0.90709	-0.83021	-0.92115	-0.75435	-0.87818	-1.1633	-0.8097	-0.039997	0.81466	1.0002	1.0262	0.89932	0.73636	0.51695	0.36568	0.20782	0.10383	-0.025403	-0.20306	-0.48994	-0.59741	28.475
802.33	-0.94196	-0.94205	-0.96933	-0.9858	-0.98749	-1.0091	-0.96981	-0.98239	-0.9489	-0.98887	-0.77723	-0.98232	-0.84948	-0.95529	-1.0444	-0.8896	-0.059601	0.81681	0.98549	1.0422	0.90694	0.73683	0.53195	0.37795	0.2167	0.091133	-0.035866	-0.21961	-0.52397	-0.62628	28.638
814.22	-1.0026	-1.0021	-1.006	-1.0028	-0.99176	-1.0125	-0.94679	-0.99251	-0.93414	-1.0536	-0.78673	-0.93871	-1.0151	-0.91349	-1.1001	-1.0236	-0.093544	0.77061	0.97471	1.0221	0.90489	0.73773	0.51216	0.37432	0.21002	0.092561	-0.039888	-0.24394	-0.55412	-0.68923	28.925
800.19	-0.99882	-1.0215	-1.0322	-1.0402	-1.0102	-1.0313	-0.99133	-1.0128	-0.96069	-0.87073	-0.80055	-1.0941	-0.89941	-0.88225	-1.0884	-0.96179	-0.14401	0.78412	0.96247	1.057	0.93594	0.74868	0.55689	0.38279	0.23426	0.10355	-0.030416	-0.23333	-0.5321	-0.66139	29.227
808.23	-0.85151	-0.87515	-0.95942	-0.98047	-0.98761	-0.99766	-0.9788	-1.0037	-0.95114	-0.8521	-0.83461	-0.97516	-0.8999	-0.86414	-1.0878	-0.97199	-0.13595	0.77023	0.97014	1.0336	0.92006	0.73831	0.54949	0.39321	0.24078	0.12014	-0.017297	-0.20327	-0.49825	-0.60977	29.201
790.65	-0.92739	-0.94131	-1.0176	-1.0613	-1.016	-1.023	-1.0224	-1.0366	-0.9938	-1.0137	-1.0142	-1.0169	-0.91026	-0.95029	-1.0077	-1.044	-0.13897	0.78735	0.97964	1.0556	0.9309	0.75671	0.56741	0.40388	0.23618	0.11523	-0.007391	-0.18563	-0.51224	-0.61204	29.269
795.91	-0.96225	-0.93783	-0.97523	-0.98619	-0.96786	-1.0049	-0.96133	-0.96819	-0.91938	-0.92601	-0.84753	-1.0202	-0.96175	-0.887	-1.0839	-0.88676	-0.13228	0.77081	0.97963	1.0546	0.91331	0.75172	0.54665	0.41181	0.23013	0.10976	-0.012918	-0.21874	-0.52529	-0.63788	29.367
789.05	-1.0041	-0.98546	-0.98565	-1.0253	-1.0105	-1.0042	-0.95963	-0.99311	-0.95457	-0.92386	-0.80108	-0.87807	-0.93145	-0.99053	-0.92611	-0.88436	-0.11012	0.79103	0.99	1.0426	0.93087	0.75425	0.55903	0.40762	0.24664	0.14491	9.5941e-005	-0.21265	-0.52206	-0.64907	29.439
785.83	-1.0161	-1.0162	-1.0316	-1.0075	-0.98888	-0.977	-0.97182	-1.0079	-0.94247	-0.84563	-0.8584	-0.97263	-1.1682	-1.0331	-1.0768	-1.02	-0.17297	0.76503	0.95672	1.0478	0.93661	0.75734	0.56706	0.39271	0.23399	0.11212	-0.016851	-0.2153	-0.53693	-0.65835	29.407
776.72	-0.95803	-0.9666	-1.0447	-1.029	-1.0048	-1.0043	-0.98973	-1.0197	-0.97448	-1.0941	-0.81382	-0.94313	-1.0935	-0.80185	-0.9939	-0.9395	-0.15132	0.78351	1.0019	1.0684	0.96814	0.80389	0.58632	0.43382	0.26344	0.15203	0.0077168	-0.2025	-0.51549	-0.64311	29.454
779.61	-1.0252	-1.0085	-1.0506	-1.0696	-1.051	-1.0385	-1.0157	-1.0582	-1.0098	-1.152	-0.90881	-1.0008	-0.96228	-0.98314	-1.1066	-1.1919	-0.16256	0.77323	0.99446	1.0613	0.95967	0.79989	0.57352	0.4499	0.27164	0.15051	0.01338	-0.18107	-0.50271	-0.64644	29.466
774.46	-0.96382	-0.96847	-0.96069	-0.99017	-1.0176	-1.0433	-1.0028	-1.0375	-1.0127	-1.0349	-1.0355	-1.0484	-0.90958	-1.0189	-1.0607	-1.0143	-0.16858	0.77837	0.97171	1.0684	0.96115	0.77968	0.58511	0.4242	0.2679	0.1457	0.0029637	-0.19675	-0.51202	-0.61333	29.476
764.16	-1.0144	-1.0043	-0.9997	-1.0469	-1.0401	-1.053	-1.0286	-1.0505	-1.0118	-0.79584	-0.8494	-0.89625	-1.0117	-0.96344	-1.2045	-0.9967	-0.17887	0.76846	0.98769	1.0514	0.94827	0.77778	0.57625	0.41187	0.24437	0.12315	-0.018298	-0.22049	-0.52899	-0.65562	29.488
772.42	-1.0267	-1.0376	-1.0346	-1.0444	-1.0432	-1.0609	-1.0074	-1.0462	-0.98947	-0.97501	-0.91726	-0.82498	-0.96136	-0.94333	-1.0742	-1.11	-0.16307	0.74642	0.97522	1.0557	0.95189	0.78686	0.55644	0.41143	0.23157	0.1228	-0.00086107	-0.23174	-0.55422	-0.69189	29.494
777.79	-1.0965	-1.0575	-1.057	-1.0517	-1.0317	-1.0283	-1.0004	-1.0055	-0.97029	-0.92688	-0.97643	-0.99289	-1.0724	-1.0632	-1.0243	-0.97924	-0.11369	0.78138	0.97321	1.0525	0.93849	0.76619	0.55261	0.4017	0.21986	0.11617	-0.036049	-0.23735	-0.58898	-0.71101	29.435
786.37	-0.9986	-1.0109	-1.0143	-1.0259	-0.99143	-1.0014	-0.97574	-0.99357	-0.9343	-0.93725	-0.77143	-0.96187	-0.87642	-0.83048	-1.139	-0.9178	-0.11829	0.7645	0.96073	1.0299	0.91087	0.74174	0.53892	0.3827	0.22474	0.10347	-0.030012	-0.22318	-0.53461	-0.65601	29.359
758.8	-1.1556	-1.0811	-1.0653	-1.0751	-1.0375	-1.0594	-1.0178	-1.0327	-0.98872	-0.8333	-1.0345	-0.99682	-0.86807	-1.0001	-1.0065	-1.0563	-0.14985	0.78579	0.98887	1.0768	0.93996	0.79161	0.57437	0.4168	0.25458	0.10624	-0.006725	-0.23683	-0.57431	-0.70334	29.273
779.5	-0.91974	-0.96314	-1.0587	-1.0494	-1.0175	-1.0197	-1.0112	-1.02	-0.96625	-0.98683	-0.82177	-0.96013	-1.0701	-0.84749	-1.2866	-1.0795	-0.12621	0.77439	0.97107	1.0287	0.91791	0.73407	0.54656	0.38607	0.23222	0.12264	-0.010344	-0.20267	-0.51068	-0.6227	28.94
758.8	-0.96224	-0.95316	-0.98557	-1.0096	-1.0007	-0.99667	-0.98173	-1.0256	-0.99652	-1.0668	-0.88898	-1.1538	-0.94847	-1.05	-1.3	-0.89857	-0.097348	0.81067	1.0053	1.0473	0.93095	0.76869	0.56743	0.39762	0.25175	0.12599	-0.0037999	-0.18234	-0.49521	-0.60151	28.564
775.96	-0.90392	-0.9302	-0.94797	-0.96497	-0.94591	-0.97038	-0.93956	-0.96542	-0.92394	-0.87715	-0.89119	-0.98499	-0.90782	-0.978	-1.133	-0.87869	-0.03793	0.83505	0.97266	1.0169	0.89959	0.72315	0.52286	0.37598	0.22314	0.10002	-0.014205	-0.21443	-0.514	-0.62363	28.398
765.56	-0.93345	-0.98731	-0.98387	-0.99874	-0.97974	-0.94712	-0.92784	-0.94452	-0.92877	-0.96272	-0.88113	-0.92577	-0.77074	-0.94193	-1.2885	-0.77598	0.0075857	0.83353	0.99643	1.0162	0.89198	0.69993	0.51817	0.34907	0.19908	0.084741	-0.056918	-0.2265	-0.53607	-0.65443	28.242
765.34	-0.90125	-0.945	-0.98215	-0.96263	-0.96346	-0.98063	-0.93658	-0.94879	-0.8981	-1.0156	-0.79262	-0.90526	-0.98022	-0.96195	-1.1919	-0.79704	-0.010428	0.81553	0.98904	1.005	0.89521	0.71459	0.50848	0.34417	0.19259	0.081827	-0.032767	-0.24396	-0.52114	-0.63422	27.959
760.73	-0.96285	-0.95454	-0.973	-0.98133	-0.98041	-0.96608	-0.94511	-0.9757	-0.92591	-0.72529	-0.86439	-0.98383	-0.89594	-0.91809	-1.1123	-0.89629	0.0056208	0.84422	1.0085	1.0342	0.89166	0.70645	0.52146	0.36035	0.2041	0.09316	-0.045611	-0.23991	-0.54251	-0.65174	27.575
769.1	-0.9655	-0.93568	-0.97436	-0.97261	-0.95875	-0.94916	-0.93107	-0.9581	-0.89852	-0.95829	-0.92123	-0.90084	-0.95561	-0.92775	-1.2289	-0.84504	0.004564	0.81795	0.99184	1.0073	0.87899	0.69773	0.49523	0.35743	0.19351	0.084351	-0.047037	-0.23183	-0.50658	-0.63113	27.421
766.42	-0.91518	-0.95785	-0.95178	-0.96717	-0.95219	-0.9557	-0.93433	-0.96546	-0.91422	-0.98265	-0.81366	-1.0802	-0.92908	-0.93099	-1.0826	-0.66055	0.042563	0.8401	1.0058	1.0077	0.88008	0.68676	0.48911	0.34668	0.18859	0.082692	-0.038513	-0.2299	-0.51237	-0.62267	27.161
757.29	-0.85238	-0.8814	-0.90761	-0.97783	-0.97147	-0.91301	-0.94559	-0.96394	-0.91058	-0.9626	-0.74497	-0.789	-0.84964	-0.91228	-1.2154	-0.70013	0.092648	0.89574	1.0102	1.0188	0.86863	0.69086	0.49202	0.32658	0.19086	0.091603	-0.03507	-0.19751	-0.47892	-0.57033	26.968
758.15	-0.86473	-0.89091	-0.93386	-0.93006	-0.94139	-0.93905	-0.92739	-0.93859	-0.91345	-0.99338	-0.83374	-0.93481	-0.90904	-0.99101	-1.04	-0.64671	0.12791	0.87415	1.0023	0.98294	0.83058	0.6567	0.4587	0.29893	0.1397	0.049981	-0.066256	-0.22409	-0.49563	-0.57164	26.611
769.64	-0.85688	-0.8588	-0.8811	-0.88489	-0.88013	-0.87384	-0.86014	-0.88676	-0.8383	-0.7797	-0.67785	-0.9415	-0.93511	-0.88783	-1.1102	-0.52301	0.17478	0.89204	1.0054	0.96205	0.80438	0.61506	0.43327	0.28252	0.1497	0.043394	-0.093144	-0.23622	-0.50023	-0.58628	26.06
764.06	-0.87736	-0.88782	-0.8725	-0.89332	-0.88103	-0.89742	-0.87492	-0.89524	-0.84055	-0.82756	-0.64948	-0.80282	-0.72233	-0.85473	-1.0643	-0.46415	0.20513	0.89748	1.008	0.96908	0.79833	0.61023	0.41771	0.27155	0.12926	0.024092	-0.088982	-0.25813	-0.49583	-0.60612	25.763
776.61	-0.82819	-0.86974	-0.89095	-0.8624	-0.84285	-0.84063	-0.81805	-0.87288	-0.80601	-1.0009	-0.73737	-0.96373	-0.86779	-0.78248	-1.1002	-0.35389	0.23437	0.88086	1.0078	0.92362	0.78933	0.59426	0.39061	0.25532	0.10138	0.0063324	-0.10469	-0.25215	-0.50565	-0.61641	25.341
779.72	-0.82488	-0.81983	-0.83729	-0.85703	-0.84166	-0.83096	-0.81479	-0.84385	-0.80564	-0.88325	-0.65822	-0.7052	-0.835	-0.90542	-0.9266	-0.4446	0.27568	0.90577	0.98586	0.91993	0.75112	0.56654	0.38423	0.2376	0.096391	0.0082285	-0.11945	-0.25564	-0.4987	-0.58442	25.061
782.08	-0.81644	-0.84606	-0.83182	-0.83616	-0.80887	-0.79487	-0.77452	-0.8129	-0.77861	-0.7261	-0.63451	-0.764	-0.58865	-0.8157	-0.79726	-0.47387	0.31306	0.90619	0.99601	0.90797	0.74303	0.56887	0.37825	0.21435	0.09976	-0.00041984	-0.11247	-0.25397	-0.50605	-0.58455	24.482
774.03	-0.8169	-0.82866	-0.8662	-0.8536	-0.83911	-0.8201	-0.79282	-0.81937	-0.77332	-0.76487	-0.60817	-0.86431	-0.77215	-0.82417	-0.96537	-0.24166	0.34006	0.93257	0.98078	0.89782	0.71446	0.53188	0.35982	0.20569	0.079543	-0.012044	-0.12702	-0.27834	-0.50634	-0.60215	24.113
770.06	-0.74548	-0.78496	-0.8458	-0.83552	-0.79954	-0.8158	-0.79129	-0.80966	-0.76962	-0.81065	-0.66647	-0.86876	-0.76623	-0.76951	-1.0239	-0.20146	0.38559	0.94591	1.0115	0.89105	0.72011	0.54284	0.33821	0.1988	0.053016	-0.038384	-0.12191	-0.3007	-0.49496	-0.57341	23.615
780.68	-0.78408	-0.80675	-0.81368	-0.80101	-0.76702	-0.75844	-0.7371	-0.76234	-0.72883	-0.56233	-0.58125	-0.75519	-0.71671	-0.74936	-0.84094	-0.10671	0.41666	0.93935	0.98934	0.86564	0.69864	0.50101	0.32301	0.17745	0.046799	-0.041702	-0.12878	-0.28135	-0.49217	-0.56275	23.225
780.15	-0.76073	-0.76646	-0.79558	-0.79963	-0.78488	-0.76106	-0.74316	-0.76581	-0.74166	-0.74854	-0.73403	-0.67426	-0.66833	-0.77895	-0.83093	-0.2193	0.46702	0.94315	0.97591	0.83862	0.64656	0.48514	0.30393	0.154	0.047749	-0.044613	-0.13077	-0.28603	-0.49744	-0.56695	22.668
779.83	-0.7262	-0.73984	-0.76153	-0.7739	-0.73319	-0.73085	-0.73791	-0.76612	-0.71635	-0.7282	-0.62544	-0.75602	-0.73707	-0.75019	-0.84187	-0.14776	0.47508	0.93828	0.97632	0.8318	0.65949	0.45797	0.27992	0.14817	0.016584	-0.049437	-0.14695	-0.27896	-0.46705	-0.53574	22.242
787.55	-0.66978	-0.68845	-0.76184	-0.74911	-0.71742	-0.7018	-0.68764	-0.72262	-0.6849	-0.61878	-0.60853	-0.74861	-0.80732	-0.57963	-0.79173	-0.044973	0.5463	0.95618	0.97513	0.80844	0.62603	0.45247	0.26284	0.16034	0.025502	-0.058469	-0.12766	-0.26288	-0.43218	-0.51445	21.795
786.69	-0.6863	-0.70945	-0.71496	-0.71261	-0.68061	-0.69213	-0.68105	-0.70978	-0.67248	-0.63994	-0.63079	-0.57777	-0.76942	-0.71481	-0.845	-0.085596	0.56734	0.96765	0.97805	0.80324	0.61705	0.42683	0.26313	0.12545	0.017348	-0.067106	-0.13156	-0.2694	-0.44635	-0.51312	21.293
791.3	-0.6617	-0.66596	-0.67013	-0.6628	-0.63606	-0.65491	-0.6388	-0.66885	-0.63584	-0.60567	-0.49833	-0.72498	-0.73602	-0.72976	-0.56907	0.086352	0.59792	0.93609	0.97236	0.76528	0.60098	0.39637	0.23211	0.11213	-0.0053501	-0.077133	-0.16445	-0.2758	-0.43791	-0.49511	20.806
784.87	-0.63942	-0.63358	-0.67269	-0.64905	-0.63051	-0.64145	-0.61096	-0.66067	-0.60335	-0.72352	-0.51325	-0.68032	-0.65458	-0.71647	-0.63679	0.13789	0.62918	0.96781	0.9822	0.75528	0.57592	0.37241	0.20716	0.095483	-0.027264	-0.07299	-0.16863	-0.28431	-0.41209	-0.50201	20.35
790.87	-0.63849	-0.63244	-0.64046	-0.63841	-0.59795	-0.62931	-0.61088	-0.64209	-0.6287	-0.48377	-0.61671	-0.64502	-0.59176	-0.66322	-0.47554	0.18731	0.64281	0.95943	0.96361	0.75964	0.56002	0.36259	0.19892	0.077322	-0.025249	-0.094232	-0.17951	-0.29013	-0.42745	-0.47847	19.869
793.98	-0.64577	-0.67192	-0.6669	-0.64634	-0.64243	-0.63615	-0.62393	-0.63668	-0.6337	-0.68478	-0.63569	-0.79258	-0.59905	-0.76539	-0.65027	0.20666	0.67213	0.9505	0.93951	0.73355	0.53584	0.34125	0.19814	0.07316	-0.017043	-0.088201	-0.17228	-0.26693	-0.4248	-0.48876	19.397
804.15	-0.6376	-0.6337	-0.66132	-0.64097	-0.61119	-0.62606	-0.60527	-0.62958	-0.57324	-0.63605	-0.62764	-0.4862	-0.64838	-0.63347	-0.45743	0.19411	0.67887	0.93235	0.95225	0.71037	0.51206	0.34972	0.161	0.06652	-0.033726	-0.10106	-0.15814	-0.26268	-0.40795	-0.47796	18.945
799.87	-0.60316	-0.62261	-0.64571	-0.65381	-0.63136	-0.63865	-0.61122	-0.67509	-0.61701	-0.56897	-0.60977	-0.63776	-0.5851	-0.78809	-0.35677	0.28497	0.69687	0.93837	0.92159	0.7062	0.48632	0.32391	0.16374	0.039097	-0.039273	-0.10816	-0.18581	-0.27548	-0.42456	-0.47216	18.454
807.15	-0.62561	-0.65916	-0.66171	-0.65164	-0.64451	-0.64814	-0.60749	-0.65761	-0.61327	-0.54387	-0.52011	-0.83868	-0.59871	-0.79972	-0.48637	0.34171	0.72191	0.95329	0.91872	0.67609	0.48946	0.30531	0.17066	0.052982	-0.051324	-0.098831	-0.19514	-0.2808	-0.4112	-0.47802	17.967
802.55	-0.60405	-0.61602	-0.67792	-0.64694	-0.59556	-0.60481	-0.55616	-0.61938	-0.59559	-0.51687	-0.60773	-0.51687	-0.60215	-0.77604	-0.46862	0.29394	0.77855	0.95876	0.90846	0.65611	0.47996	0.30017	0.1435	0.023692	-0.065879	-0.11901	-0.16123	-0.26495	-0.38191	-0.44188	17.498
802.55	-0.56825	-0.5745	-0.63305	-0.68071	-0.64821	-0.64675	-0.64692	-0.64038	-0.5919	-0.52692	-0.72411	-0.68514	-0.57363	-0.82315	-0.36585	0.40334	0.79574	0.95671	0.90572	0.65114	0.45158	0.28637	0.13225	0.01224	-0.047162	-0.10967	-0.16491	-0.24487	-0.36945	-0.40485	17.028
809.83	-0.63122	-0.64088	-0.65574	-0.62439	-0.62986	-0.62167	-0.60815	-0.63084	-0.5473	-0.71116	-0.58131	-0.61029	-0.64383	-0.79707	-0.41349	0.42927	0.76966	0.92581	0.9021	0.61572	0.43251	0.23693	0.1041	0.02159	-0.065286	-0.11146	-0.18627	-0.25738	-0.38988	-0.44158	16.606
806.08	-0.57635	-0.58187	-0.59226	-0.57874	-0.60343	-0.63373	-0.55461	-0.60336	-0.56636	-0.60455	-0.58401	-0.5146	-0.66574	-0.80078	-0.2517	0.36195	0.81221	0.93113	0.88991	0.61165	0.40532	0.2606	0.096185	0.0045831	-0.062041	-0.11942	-0.17337	-0.25162	-0.34778	-0.38833	16.078
815.93	-0.45996	-0.4914	-0.55694	-0.61972	-0.60961	-0.66129	-0.64957	-0.68903	-0.63569	-0.5775	-0.50409	-0.88807	-0.83532	-1.032	-0.60244	0.5532	0.76109	0.91989	0.87288	0.60133	0.3995	0.24194	0.10425	0.0082815	-0.055154	-0.10695	-0.15223	-0.22282	-0.32283	-0.37362	15.584
815.72	-0.53718	-0.60341	-0.651	-0.64665	-0.5673	-0.55882	-0.61349	-0.64601	-0.71838	-0.68629	-0.79571	-0.90777	-0.75138	-1.125	-0.66327	0.41638	0.75847	0.92818	0.86142	0.59953	0.41077	0.24492	0.11719	0.016739	-0.050787	-0.10055	-0.14865	-0.20742	-0.33613	-0.37645	15.126
816.68	-0.47475	-0.47765	-0.51984	-0.55003	-0.56456	-0.59334	-0.64809	-0.64525	-0.65141	-0.62629	-0.71158	-0.75109	-0.89058	-1.2162	-0.5615	0.32795	0.74256	0.91	0.87118	0.58905	0.41122	0.24559	0.1106	0.028913	-0.055103	-0.089419	-0.15119	-0.2106	-0.29804	-0.36236	14.675
814.76	-0.43394	-0.46989	-0.5427	-0.54856	-0.54931	-0.61691	-0.63811	-0.71353	-0.70743	-0.90459	-0.98425	-1.0258	-1.4076	-1.8501	-0.96773	0.054479	0.64935	0.90812	0.87054	0.62865	0.41779	0.26656	0.11364	0.031802	-0.0447	-0.072153	-0.11341	-0.18358	-0.27135	-0.3085	14.254
819.47	-0.43334	-0.41239	-0.43207	-0.54816	-0.65854	-0.61536	-0.65909	-0.77955	-0.87038	-1.1255	-1.248	-1.4077	-1.6229	-2.1439	-1.3446	-0.043221	0.55026	0.90891	0.87896	0.65133	0.44596	0.29107	0.13319	0.057796	-0.011276	-0.050702	-0.08748	-0.16628	-0.24162	-0.28134	13.816
817.33	-0.29007	-0.33726	-0.4557	-0.55328	-0.66957	-0.66016	-0.67053	-0.83502	-0.84007	-1.227	-1.3656	-1.7613	-2.2057	-2.4548	-1.6812	-0.082406	0.45234	0.89623	0.91088	0.65401	0.48243	0.29667	0.16486	0.086068	0.014947	-0.021493	-0.065985	-0.10241	-0.17258	-0.21026	13.438
824.71	-0.33549	-0.34127	-0.42003	-0.48261	-0.50886	-0.62638	-0.6479	-0.87306	-0.87292	-1.1964	-1.621	-1.9381	-2.5004	-2.7536	-1.7061	-0.34292	0.4325	0.89119	0.88671	0.67622	0.47443	0.3084	0.18072	0.085298	0.03216	-0.013122	-0.040276	-0.085355	-0.15984	-0.20207	13.03
824.39	-0.26781	-0.24476	-0.38953	-0.51567	-0.64436	-0.69732	-0.75839	-0.9115	-1.1784	-1.4314	-1.6217	-1.9678	-2.5384	-2.8006	-1.7468	-0.47859	0.36483	0.89253	0.88795	0.67454	0.46817	0.30948	0.1881	0.094624	0.055597	0.008693	-0.029523	-0.055639	-0.10296	-0.12374	12.688
820.54	-0.22648	-0.2415	-0.48939	-0.50983	-0.53617	-0.52353	-0.74877	-1.026	-1.1091	-1.4872	-1.6396	-2.2578	-2.6525	-2.9796	-2.0766	-0.49054	0.36841	0.88372	0.89033	0.67285	0.4861	0.30226	0.17889	0.10814	0.048885	0.020606	-0.01794	-0.042236	-0.089376	-0.12433	12.333
825.89	-0.19023	-0.18644	-0.28586	-0.46187	-0.53372	-0.59269	-0.65833	-0.90985	-1.1162	-1.6336	-1.8449	-2.4451	-3.2818	-3.4454	-2.5325	-0.67099	0.23337	0.86309	0.89788	0.70037	0.4995	0.34147	0.18593	0.11207	0.044237	0.0068598	-0.014243	-0.050447	-0.1037	-0.13342	12.022
827.92	-0.14006	-0.14224	-0.25184	-0.338	-0.41095	-0.47226	-0.67327	-0.88263	-1.2395	-1.8242	-2.5173	-3.0436	-3.9094	-4.4689	-2.9347	-1.0356	0.11991	0.84907	0.89922	0.69962	0.50194	0.31293	0.18547	0.094221	0.061407	0.014992	-0.015994	-0.046091	-0.094155	-0.084628	11.734
839.58	-0.090947	-0.11525	-0.1571	-0.2553	-0.39921	-0.5273	-0.7378	-1.0127	-1.2672	-2.0099	-2.543	-3.3987	-4.1186	-4.9201	-3.3262	-1.2493	0.020605	0.82457	0.90508	0.72317	0.52301	0.34155	0.20262	0.12394	0.063111	0.037991	0.024763	0.012971	-0.03052	-0.028583	11.454
828.99	-0.028418	-0.047701	-0.13415	-0.274	-0.37169	-0.5172	-0.70633	-1.0312	-1.3467	-2.1133	-2.6984	-3.5092	-4.4104	-5.0194	-3.2792	-1.3038	-0.062305	0.83411	0.90072	0.74396	0.53793	0.37167	0.20612	0.15509	0.084624	0.049327	0.043818	0.0013014	0.009933	0.01228	11.151
839.15	-0.0040153	-0.028136	-0.138	-0.29849	-0.41955	-0.5393	-0.76568	-1.0708	-1.3675	-1.963	-2.8884	-3.4951	-4.5024	-5.274	-3.4655	-1.4877	-0.075246	0.83771	0.89855	0.73305	0.53323	0.34832	0.19465	0.13678	0.088714	0.054982	0.032709	0.020492	0.030905	0.020985	10.926
837.23	0.010813	-0.019549	-0.14107	-0.29738	-0.45786	-0.54447	-0.7795	-1.075	-1.4139	-2.1888	-2.7733	-3.4557	-4.3488	-5.2409	-3.4538	-1.3387	-0.068097	0.82296	0.89361	0.73378	0.53536	0.3529	0.21128	0.12886	0.097461	0.047946	0.038086	0.029747	0.028219	0.024585	10.644
843.86	0.008889	-0.0090971	-0.14722	-0.30129	-0.44525	-0.58396	-0.78107	-1.0802	-1.3949	-2.0188	-2.6811	-3.3156	-4.405	-5.2087	-3.153	-1.3376	-0.053038	0.81942	0.88398	0.71761	0.52216	0.35669	0.19	0.12876	0.081437	0.052011	0.043924	0.033664	0.032556	0.033195	10.466
846.1	0.010703	-0.024481	-0.1586	-0.29248	-0.4181	-0.59114	-0.8003	-1.09	-1.3728	-1.9278	-2.684	-3.4852	-4.3212	-5.0341	-3.1641	-1.3152	-0.0049079	0.82112	0.8695	0.72137	0.49834	0.33144	0.17971	0.1103	0.078685	0.037698	0.023696	0.022808	0.018827	0.030472	10.292
846.1	-0.0076528	-0.035608	-0.14773	-0.30049	-0.43808	-0.56689	-0.78325	-1.1009	-1.3694	-2.2134	-2.5836	-3.4007	-4.2401	-4.7124	-3.0569	-1.0228	0.059381	0.84247	0.88337	0.69779	0.50641	0.32958	0.17971	0.11845	0.063469	0.044785	0.018451	0.011215	0.034289	0.017301	10.105
853.58	0.012426	0.0003414	-0.14285	-0.29432	-0.39662	-0.57731	-0.78484	-1.0509	-1.3409	-1.8826	-2.6605	-3.557	-4.0599	-4.6534	-2.9238	-1.0606	0.083991	0.84855	0.88508	0.69354	0.48774	0.31094	0.1702	0.10664	0.07213	0.030344	0.030423	0.02343	0.030383	0.036298	9.9542
854.44	0.0069624	-0.020003	-0.14898	-0.29755	-0.42985	-0.56328	-0.78996	-1.0615	-1.3517	-2.0221	-2.628	-3.3768	-4.0291	-4.5602	-2.9209	-1.0969	0.11081	0.83809	0.88334	0.69005	0.48725	0.30045	0.1806	0.10833	0.061175	0.032069	0.02693	0.021764	0.033054	0.029306	9.8515
862.24	0.017705	-0.0030217	-0.15474	-0.30534	-0.4436	-0.57151	-0.73347	-1.0732	-1.3266	-1.9945	-2.6535	-3.2633	-3.9307	-4.4664	-2.7127	-0.89258	0.17289	0.84289	0.87449	0.66067	0.46259	0.29498	0.15016	0.091359	0.051499	0.021347	0.019821	0.014254	0.024722	0.033349	9.7338
861.27	0.0060044	-0.024048	-0.16025	-0.31704	-0.4176	-0.54928	-0.77951	-1.0148	-1.2997	-2.0154	-2.3804	-3.184	-3.882	-4.4889	-2.6775	-0.71754	0.16241	0.85526	0.87462	0.67809	0.47104	0.30816	0.16343	0.093241	0.059029	0.030944	0.016406	0.0093885	0.023857	0.01872	9.6507
866.72	0.025677	-0.023062	-0.15571	-0.30984	-0.4335	-0.56193	-0.75713	-1.0579	-1.3154	-1.9656	-2.4438	-3.3106	-3.9808	-4.2862	-2.8129	-0.90638	0.16669	0.84136	0.86235	0.64896	0.47158	0.28706	0.15806	0.10149	0.045456	0.018644	0.01289	0.01499	0.031697	0.019461	9.6145
872.59	0.0050372	-0.017926	-0.15905	-0.31034	-0.43833	-0.56567	-0.75038	-1.0578	-1.31	-2.0077	-2.4273	-3.3611	-4.0152	-4.37	-2.8412	-0.85455	0.1884	0.83288	0.88429	0.651	0.46232	0.29329	0.14665	0.099932	0.04269	0.03398	0.0051741	0.0092667	0.017373	0.0091114	9.5752
871.74	0.0094966	-0.015451	-0.168	-0.29942	-0.41744	-0.56905	-0.76436	-1.0325	-1.3096	-1.8988	-2.4102	-3.2642	-3.6954	-4.2876	-2.6359	-0.86455	0.19913	0.84782	0.87001	0.66353	0.46103	0.29993	0.16492	0.089485	0.037809	0.029714	0.014513	0.010081	0.016509	0.027019	9.5646
871.95	0.0077125	-0.0054801	-0.17235	-0.29676	-0.44059	-0.5755	-0.76169	-1.0437	-1.3101	-1.9261	-2.4583	-3.4547	-3.7732	-4.3993	-2.7014	-0.79111	0.17799	0.85044	0.87484	0.66978	0.46876	0.29532	0.15453	0.092975	0.044361	0.027988	0.0068739	0.025346	0.032389	0.027865	9.5797
874.2	-0.0011878	-0.0079518	-0.14123	-0.3356	-0.43173	-0.55712	-0.77623	-1.0454	-1.322	-1.9027	-2.452	-3.2187	-3.938	-4.4831	-2.6662	-0.87125	0.18192	0.85013	0.87679	0.66076	0.45887	0.30632	0.1438	0.083099	0.048339	0.023627	0.022935	0.0076475	0.022625	0.024393	9.5737
876.76	0.010329	-0.032711	-0.14432	-0.29427	-0.41312	-0.57141	-0.75011	-1.0458	-1.3173	-1.8788	-2.5127	-3.2274	-3.9004	-4.401	-2.7431	-0.90511	0.17614	0.8411	0.87507	0.65974	0.46272	0.29821	0.14853	0.092466	0.042486	0.019285	0.0051496	0.0060261	0.031334	0.029407	9.5601
883.69	0.0032159	-0.017701	-0.14925	-0.31411	-0.44239	-0.55485	-0.75075	-1.0281	-1.3119	-1.8731	-2.4929	-3.2021	-3.9475	-4.3494	-2.7495	-0.99734	0.17216	0.82428	0.86073	0.65185	0.45136	0.29766	0.15077	0.10041	0.045391	0.029312	0.0059443	0.013908	0.016286	0.020768	9.5767
878.68	-0.013555	-0.039233	-0.17364	-0.30991	-0.44203	-0.56175	-0.78623	-1.0766	-1.3321	-2.0763	-2.5072	-3.3107	-3.9961	-4.5377	-2.8685	-0.9213	0.13914	0.83085	0.86982	0.6592	0.47813	0.30206	0.15591	0.1036	0.04972	0.023507	0.023661	0.0044189	0.014625	0.017506	9.5843
884.87	-0.0099502	-0.050418	-0.17676	-0.32305	-0.4313	-0.54298	-0.77665	-1.0847	-1.3553	-2.0982	-2.5376	-3.3774	-4.1491	-4.7281	-2.9137	-1.0952	0.041195	0.81762	0.877	0.69247	0.47994	0.32586	0.16758	0.11932	0.05584	0.021649	0.018478	-0.00036371	0.019741	0.026618	9.767
882.95	-0.009093	-0.050528	-0.16413	-0.31096	-0.41023	-0.59343	-0.77181	-1.0714	-1.401	-1.9295	-2.6586	-3.4117	-4.2359	-4.9952	-3.3403	-1.1247	-0.031599	0.8101	0.87143	0.6994	0.49044	0.32299	0.19097	0.11177	0.072971	0.036975	0.026896	0.010747	0.0163	0.018261	10.022
885.61	-0.014325	-0.054464	-0.16363	-0.31513	-0.41471	-0.58052	-0.79066	-1.0838	-1.4194	-2.2056	-2.8231	-3.3655	-4.3782	-5.1253	-3.3396	-1.4097	-0.085138	0.78634	0.86466	0.71171	0.5164	0.33451	0.20314	0.12182	0.078405	0.04194	0.022639	0.0083412	0.012773	0.0056218	10.25
887.54	-0.0046708	-0.033945	-0.17019	-0.31021	-0.44714	-0.59776	-0.79707	-1.1177	-1.4196	-2.0465	-2.7787	-3.5462	-4.5921	-5.3016	-3.6762	-1.5505	-0.16696	0.7606	0.8661	0.71377	0.54352	0.35963	0.21203	0.13709	0.095158	0.05536	0.03426	0.024112	0.016215	0.015655	10.489
887.11	-0.015177	-0.038043	-0.16077	-0.30441	-0.4464	-0.59528	-0.81128	-1.1476	-1.4412	-2.22	-2.7897	-3.5837	-4.7663	-5.6792	-3.7709	-1.6232	-0.25081	0.76188	0.85907	0.75279	0.55405	0.36604	0.21383	0.14061	0.096012	0.070595	0.040947	0.024913	0.0084169	0.0081252	10.751
891.06	-0.024695	-0.048442	-0.16951	-0.32841	-0.45296	-0.61475	-0.81821	-1.1425	-1.4672	-2.2916	-3.1394	-3.55	-5.0276	-5.7473	-3.9301	-1.8399	-0.31332	0.71982	0.85527	0.74229	0.55927	0.38926	0.22978	0.15891	0.085953	0.061872	0.0499	0.0098622	0.018742	0.012259	10.958
890.2	-0.017741	-0.069642	-0.15677	-0.31435	-0.45434	-0.60888	-0.84897	-1.1875	-1.5209	-2.2576	-3.1138	-3.7765	-5.0582	-5.9652	-4.0636	-1.8955	-0.3928	0.72881	0.87586	0.76631	0.56919	0.40473	0.24014	0.15303	0.12219	0.080452	0.056596	0.034273	0.023946	0.028128	11.187
888.82	-0.012527	-0.064048	-0.1777	-0.33601	-0.46361	-0.62646	-0.86246	-1.1876	-1.5399	-2.3064	-3.09	-3.7645	-5.0746	-6.1786	-4.1905	-2.0511	-0.4322	0.71609	0.85825	0.77649	0.58289	0.41871	0.25915	0.16362	0.11916	0.072145	0.066673	0.04615	0.02485	0.025663	11.451
888.18	-0.032642	-0.056753	-0.17179	-0.30744	-0.4706	-0.63615	-0.86633	-1.2195	-1.5652	-2.3987	-3.2452	-4.0803	-5.4132	-6.4555	-4.5464	-2.2862	-0.57483	0.67502	0.83822	0.77525	0.60212	0.41011	0.25764	0.18444	0.10959	0.087386	0.055058	0.022518	0.013604	0.0072778	11.719
890.63	-0.042144	-0.047654	-0.15411	-0.29392	-0.45318	-0.6261	-0.87609	-1.2256	-1.5534	-2.4102	-3.1981	-3.8461	-5.4754	-6.4122	-4.6265	-2.3247	-0.65841	0.66026	0.85238	0.80269	0.61922	0.44361	0.27214	0.20285	0.1141	0.094719	0.069858	0.031108	0.027392	-0.008592	12.022
894.36	-0.040231	-0.071746	-0.17403	-0.32719	-0.47112	-0.59045	-0.87002	-1.2514	-1.6305	-2.4092	-3.4221	-4.2119	-5.6913	-6.9518	-4.9207	-2.77	-0.79357	0.62905	0.80946	0.80022	0.62682	0.45678	0.30299	0.202	0.14002	0.084267	0.081149	0.041949	0.017811	0.022182	12.351
891.7	-0.042093	-0.079273	-0.14963	-0.3172	-0.46779	-0.6318	-0.91306	-1.274	-1.6553	-2.5429	-3.5847	-4.465	-6.1189	-7.4135	-5.2962	-2.9304	-0.9042	0.57754	0.80365	0.81246	0.63977	0.45904	0.30474	0.20433	0.14685	0.10637	0.067285	0.035788	0.0057844	-0.012747	12.715
895.11	-0.061883	-0.083826	-0.15419	-0.30758	-0.46318	-0.62755	-0.912	-1.2666	-1.668	-2.6141	-3.5141	-4.2705	-6.266	-7.5879	-5.4787	-3.1243	-1.0762	0.52949	0.79977	0.8272	0.68568	0.49527	0.30778	0.23693	0.14629	0.11518	0.089346	0.040349	0.0083384	-0.015189	13.066
891.06	-0.080464	-0.080955	-0.17037	-0.33517	-0.44253	-0.64975	-0.91129	-1.2809	-1.7262	-2.6351	-3.6064	-4.5217	-6.6626	-7.9788	-5.9294	-3.4341	-1.2376	0.47018	0.76554	0.84529	0.6888	0.50551	0.3472	0.26036	0.17024	0.13252	0.10137	0.046821	0.0083797	-0.00024933	13.491
895.21	-0.097437	-0.11294	-0.18927	-0.32016	-0.45463	-0.63023	-0.9143	-1.3126	-1.7289	-2.6408	-3.7983	-4.6693	-6.8872	-8.3809	-6.3809	-3.8728	-1.4997	0.38272	0.72101	0.85562	0.70935	0.52083	0.35399	0.25573	0.16545	0.1294	0.089336	0.046604	0.00060198	-0.024318	13.862
893.3	-0.12894	-0.14561	-0.21797	-0.29219	-0.42061	-0.5884	-0.90497	-1.3086	-1.7393	-2.6736	-3.8445	-4.8305	-7.1667	-8.5766	-6.6254	-3.9794	-1.6007	0.33576	0.71928	0.86193	0.72618	0.54142	0.37666	0.26743	0.18022	0.13135	0.094496	0.046704	-0.018348	-0.041006	14.287
895.85	-0.1381	-0.1646	-0.24129	-0.32413	-0.44676	-0.61603	-0.91124	-1.2989	-1.7756	-2.6389	-3.9757	-4.9231	-7.3676	-8.9657	-6.9011	-4.351	-1.7731	0.29265	0.67792	0.87283	0.73936	0.57694	0.38147	0.28462	0.20046	0.14185	0.095878	0.040315	-0.025167	-0.049182	14.693
896.07	-0.1736	-0.17911	-0.27287	-0.35681	-0.47777	-0.58749	-0.87078	-1.3054	-1.7504	-2.881	-3.9558	-4.9042	-7.4339	-9.0057	-6.9639	-4.3678	-1.7821	0.28068	0.67285	0.86995	0.74173	0.55916	0.3881	0.27857	0.18605	0.14684	0.087597	0.048906	-0.027738	-0.049999	15.13
892.66	-0.21949	-0.24146	-0.29194	-0.39191	-0.53071	-0.6587	-0.86683	-1.2881	-1.7347	-2.6213	-3.9614	-5.0031	-7.8127	-9.3958	-7.2308	-4.5991	-1.9692	0.22474	0.64995	0.87775	0.75988	0.58698	0.41488	0.29594	0.19797	0.13564	0.10368	0.032608	-0.05198	-0.080986	15.563
893.62	-0.3018	-0.31576	-0.33449	-0.42602	-0.57175	-0.76179	-0.90545	-1.2121	-1.7072	-2.5554	-3.6721	-4.891	-7.4031	-9.0304	-7.0569	-4.5227	-1.9345	0.22725	0.66813	0.88484	0.77606	0.58635	0.41949	0.29991	0.20577	0.15395	0.092807	0.023164	-0.079484	-0.10917	15.989
892.55	-0.4457	-0.45571	-0.51686	-0.58255	-0.64817	-0.75443	-1.0342	-1.2075	-1.5037	-2.2787	-3.4862	-4.6299	-7.1983	-8.5838	-6.7511	-4.4566	-1.8192	0.24592	0.67714	0.87785	0.77018	0.60034	0.40312	0.28997	0.19479	0.1491	0.069708	-0.027052	-0.12958	-0.18588	16.533
887	-0.37233	-0.41039	-0.46049	-0.8289	-0.9904	-1.0941	-1.1822	-1.2963	-1.6874	-2.1749	-2.857	-3.7095	-5.386	-6.3362	-5.3149	-3.4138	-1.2795	0.42143	0.7649	0.88604	0.75616	0.58538	0.4014	0.29783	0.1944	0.13228	0.05096	-0.028012	-0.13473	-0.19291	16.929
880.39	-0.69176	-0.80095	-0.88426	-1.0301	-1.0641	-1.2366	-1.7948	-1.5741	-1.479	-1.4867	-1.5667	-1.5178	-1.7358	-2.0213	-2.0291	-1.1914	-0.11175	0.76677	0.91145	0.86822	0.7075	0.52331	0.34799	0.22958	0.13493	0.054961	-0.013361	-0.12612	-0.30095	-0.39015	17.345
888.71	-0.8172	-0.85375	-0.92426	-1.0424	-1.0978	-1.238	-1.2156	-1.0231	-0.91578	-1.0559	-0.90234	-1.0299	-1.1531	-0.89647	-1.277	-0.36313	0.34187	0.88613	0.93676	0.78556	0.60432	0.44011	0.27443	0.14467	0.049159	-0.03326	-0.11396	-0.22113	-0.42455	-0.50355	17.83
887	-0.79339	-0.81702	-0.94417	-0.96807	-1.0218	-0.95996	-0.92602	-0.92748	-0.91754	-0.98529	-0.79878	-0.95125	-0.94038	-1.0772	-1.047	-0.093917	0.45308	0.92763	0.94022	0.76638	0.58922	0.39104	0.23761	0.10263	0.00087174	-0.068811	-0.15672	-0.26896	-0.4566	-0.53383	18.364
