13781	6	3	91	22.8	748	1	14	8	2.912	128	4096	10	0	0	0	0	372.72	959.19	1.454e+006	0.11723	0.12447	40.425	0	0	1	0	0	0	11	0	0
872.91	0.033161	-0.016178	-0.17521	-0.33955	-0.45606	-0.56877	-0.73738	-0.95232	-1.1617	-1.479	-1.8506	-2.3784	-2.8689	-2.9342	-1.4229	0.1366	0.61736	0.92672	0.87575	0.59483	0.38348	0.2353	0.14082	0.08694	0.07073	0.051548	0.051361	0.054361	0.077984	0.069949	8.5221
865.55	0.012809	-0.038909	-0.19352	-0.32504	-0.46873	-0.59732	-0.78282	-1.0029	-1.2399	-1.7242	-2.0527	-2.4629	-2.9815	-3.2736	-1.6542	-0.037441	0.57747	0.92133	0.89083	0.60542	0.41482	0.25375	0.15767	0.098302	0.071332	0.071039	0.067182	0.037014	0.052865	0.053378	8.8471
858.6	0.031	-0.034164	-0.18438	-0.33381	-0.4863	-0.58972	-0.78579	-1.011	-1.2775	-1.5599	-2.1682	-2.5383	-3.3254	-3.4674	-1.8117	-0.13998	0.517	0.91827	0.90486	0.65586	0.44382	0.27514	0.16947	0.11337	0.097732	0.086451	0.051354	0.062613	0.067633	0.051213	9.1961
853.8	0.027539	-0.027568	-0.19349	-0.3401	-0.45736	-0.60843	-0.79022	-1.0499	-1.3073	-1.7668	-2.1804	-2.8317	-3.3441	-3.664	-2.0634	-0.17815	0.43198	0.93978	0.93831	0.67077	0.47122	0.30354	0.18629	0.14811	0.11587	0.099227	0.096701	0.06871	0.081533	0.068035	9.539
851.12	0.032186	-0.019145	-0.186	-0.32436	-0.49156	-0.60744	-0.80287	-1.0919	-1.3392	-1.8102	-2.2771	-3.0366	-3.5159	-4.0397	-2.157	-0.42249	0.36493	0.93309	0.93781	0.70944	0.50571	0.33051	0.22579	0.15308	0.12716	0.1013	0.091791	0.071396	0.082693	0.084835	9.9497
852.3	0.014831	-0.021668	-0.17136	-0.32126	-0.46412	-0.60757	-0.82038	-1.0814	-1.3677	-1.7794	-2.4034	-3.0231	-3.6632	-4.2736	-2.2315	-0.65598	0.27274	0.93565	0.95028	0.73468	0.54243	0.3551	0.24932	0.18163	0.14209	0.12138	0.094267	0.091029	0.079872	0.061182	10.304
854.86	0.017512	-0.019908	-0.18071	-0.34143	-0.49732	-0.5971	-0.84576	-1.0988	-1.432	-1.8965	-2.4161	-3.2928	-4.0804	-4.4023	-2.7554	-0.76605	0.16975	0.91172	0.93714	0.76422	0.56035	0.38641	0.25914	0.18646	0.14669	0.13417	0.10956	0.085018	0.056226	0.06969	10.695
857.86	0.0038746	-0.032502	-0.19436	-0.3534	-0.48869	-0.63904	-0.84281	-1.1432	-1.4287	-2.0777	-2.5957	-3.2905	-4.2262	-4.7395	-2.9189	-0.96803	0.071821	0.89036	0.94584	0.79039	0.57433	0.40811	0.29246	0.20367	0.16118	0.12933	0.10659	0.10514	0.086528	0.063383	11.065
862.02	0.0047561	-0.011342	-0.19609	-0.3386	-0.48535	-0.61881	-0.84208	-1.1208	-1.5042	-1.9275	-2.662	-3.3944	-4.3297	-5.2077	-3.2875	-1.1392	-0.037843	0.86416	0.94212	0.78194	0.60238	0.42723	0.29366	0.20446	0.16289	0.14088	0.11123	0.093252	0.080755	0.058766	11.427
868.86	0.013656	-0.023755	-0.17868	-0.3472	-0.47667	-0.62339	-0.89605	-1.1772	-1.5128	-1.9587	-2.6802	-3.3677	-4.4361	-5.393	-3.3375	-1.2405	-0.13806	0.82996	0.92289	0.79875	0.62299	0.43843	0.30175	0.23636	0.18795	0.14926	0.13079	0.11107	0.08012	0.083104	11.825
874.41	0.014456	-0.023604	-0.18105	-0.37168	-0.51423	-0.64196	-0.87139	-1.1837	-1.5328	-2.0384	-2.9933	-3.3827	-4.7307	-5.6095	-3.7974	-1.6251	-0.25021	0.7909	0.9078	0.82015	0.62511	0.46368	0.32394	0.24012	0.1884	0.15003	0.1308	0.10796	0.069931	0.057934	12.236
879.11	0.011729	-0.028422	-0.17747	-0.35085	-0.52301	-0.64226	-0.90776	-1.2201	-1.5818	-2.1649	-2.987	-3.6086	-5.0611	-6.0181	-4.0304	-1.7707	-0.40574	0.73625	0.89628	0.81849	0.64596	0.48189	0.31621	0.25626	0.2061	0.16287	0.14778	0.10659	0.057302	0.068612	12.589
882.95	-0.008547	-0.034861	-0.16454	-0.32887	-0.54466	-0.6748	-0.93322	-1.2174	-1.6051	-2.2741	-3.0509	-3.5929	-5.1687	-6.2488	-4.4052	-2.1607	-0.54454	0.70888	0.88158	0.83843	0.67411	0.4977	0.37025	0.2673	0.22546	0.19017	0.16389	0.11088	0.0832	0.068313	13.012
886.15	-0.0032584	-0.02738	-0.17865	-0.36505	-0.52744	-0.65754	-0.90624	-1.2234	-1.6402	-2.2932	-3.107	-3.813	-5.3996	-6.6272	-4.6871	-2.36	-0.69559	0.66	0.87012	0.86422	0.69395	0.53249	0.39185	0.29054	0.24079	0.20217	0.17499	0.12709	0.086371	0.075612	13.435
886.47	-0.012016	-0.044526	-0.17858	-0.36322	-0.51867	-0.69897	-0.95473	-1.2627	-1.673	-2.3014	-3.2591	-3.9819	-5.5611	-6.7954	-4.9645	-2.4942	-0.86041	0.62643	0.8425	0.87111	0.7057	0.53854	0.40105	0.31895	0.23989	0.20294	0.17743	0.12546	0.064638	0.05547	13.805
885.72	-0.0032599	-0.031481	-0.18133	-0.36863	-0.53533	-0.68473	-0.94088	-1.2698	-1.7128	-2.4307	-3.281	-3.9314	-6.0481	-7.1596	-5.2108	-2.8297	-1.0082	0.55653	0.82499	0.88986	0.7303	0.57292	0.42433	0.31922	0.27401	0.22511	0.18509	0.15405	0.086413	0.066423	14.29
885.51	-0.01466	-0.042121	-0.18829	-0.35597	-0.5345	-0.69231	-0.98102	-1.3169	-1.7417	-2.4404	-3.5311	-4.2912	-6.394	-7.7248	-5.6219	-3.1458	-1.1936	0.51587	0.81028	0.88737	0.7502	0.58199	0.44993	0.34958	0.27004	0.23194	0.18848	0.15171	0.10555	0.056371	14.715
884.76	-0.011163	-0.0397	-0.20144	-0.35797	-0.5445	-0.71702	-0.96554	-1.3682	-1.7791	-2.5517	-3.7645	-4.4833	-6.8046	-8.3039	-6.1207	-3.5724	-1.3851	0.44302	0.77863	0.90165	0.77229	0.6084	0.46307	0.3594	0.27431	0.24653	0.20369	0.15897	0.083029	0.062295	15.133
883.37	-0.02876	-0.077478	-0.17401	-0.37217	-0.53005	-0.72	-0.94746	-1.3764	-1.8648	-2.4736	-3.6935	-4.7422	-7.0657	-8.471	-6.3824	-3.7948	-1.6466	0.36845	0.74747	0.91029	0.81046	0.62546	0.47658	0.38685	0.29903	0.26389	0.20569	0.15128	0.097097	0.057346	15.546
880.92	-0.049994	-0.062074	-0.19188	-0.38602	-0.54496	-0.70058	-1.0254	-1.4089	-1.8524	-2.7274	-3.8002	-4.8275	-7.5356	-8.9666	-6.99	-4.2583	-1.8346	0.28561	0.70542	0.92279	0.81186	0.64695	0.48902	0.39402	0.31042	0.26803	0.2197	0.17	0.090378	0.045699	16.015
880.92	-0.031485	-0.062894	-0.18232	-0.35355	-0.53824	-0.74996	-1.0688	-1.4394	-1.9044	-2.5628	-4.0219	-4.9628	-7.8733	-9.5159	-7.299	-4.6569	-2.0608	0.212	0.66212	0.91917	0.84203	0.65952	0.50697	0.40184	0.31692	0.27738	0.22473	0.15887	0.079023	0.045699	16.357
879.64	-0.058012	-0.080278	-0.17387	-0.37375	-0.55151	-0.73426	-1.0154	-1.4441	-1.9846	-2.8596	-4.1629	-5.2138	-8.2663	-9.9079	-7.8628	-5.0629	-2.2902	0.1162	0.61472	0.93049	0.83462	0.68385	0.52824	0.40939	0.32632	0.28035	0.22254	0.17423	0.078263	0.040696	16.83
877.29	-0.077638	-0.088748	-0.17958	-0.38676	-0.54625	-0.74371	-1.0675	-1.5143	-2.0059	-2.8764	-4.3773	-5.4451	-8.7405	-10.426	-8.3069	-5.4494	-2.5531	0.039786	0.57623	0.93844	0.8559	0.71092	0.54939	0.43581	0.34676	0.28878	0.2459	0.17709	0.072333	0.038264	17.211
874.41	-0.077005	-0.099809	-0.19507	-0.36565	-0.56738	-0.71706	-1.0974	-1.5351	-2.0015	-2.9411	-4.45	-5.6447	-9.3188	-10.91	-8.7776	-5.9967	-2.7875	-0.071793	0.52109	0.92602	0.86393	0.70603	0.54862	0.43813	0.35936	0.29402	0.2391	0.18329	0.07785	0.025645	17.603
871.1	-0.10939	-0.10684	-0.20636	-0.37655	-0.52685	-0.75088	-1.0858	-1.4934	-2.1391	-2.9893	-4.6228	-5.7665	-9.5206	-11.428	-9.1045	-6.2943	-3.0611	-0.16064	0.47591	0.93503	0.88552	0.73413	0.5749	0.4521	0.34512	0.30374	0.24595	0.16468	0.073731	0.035978	18.003
865.97	-0.098379	-0.12252	-0.24208	-0.38573	-0.56217	-0.75058	-1.1081	-1.55	-2.0834	-3.0349	-4.6306	-6.0391	-9.7531	-11.889	-9.7298	-6.7278	-3.3428	-0.27629	0.41944	0.93135	0.89427	0.74304	0.57482	0.4884	0.37525	0.29948	0.2457	0.17132	0.072388	0.034474	18.361
858.82	-0.12542	-0.14463	-0.23161	-0.39683	-0.60522	-0.78169	-1.1627	-1.5514	-2.2291	-3.1634	-4.9559	-6.2282	-10.065	-12.525	-10.291	-7.2485	-3.5616	-0.35696	0.37937	0.92517	0.91498	0.76856	0.59539	0.48176	0.37088	0.32467	0.26239	0.17601	0.066719	0.02265	18.688
853.26	-0.14443	-0.1583	-0.20798	-0.38883	-0.58441	-0.75599	-1.1618	-1.6063	-2.2046	-3.099	-4.9285	-6.2966	-10.247	-13.191	-10.619	-7.8568	-3.8883	-0.4651	0.31565	0.92465	0.92183	0.76615	0.61779	0.50465	0.4085	0.33468	0.2641	0.18126	0.051823	0.016702	19.043
847.92	-0.13527	-0.14307	-0.23459	-0.37885	-0.55521	-0.76753	-1.1461	-1.5975	-2.2124	-3.299	-5.0597	-6.6267	-10.303	-13.39	-11.25	-8.104	-4.1531	-0.56194	0.26833	0.95212	0.9348	0.82227	0.62968	0.50241	0.40601	0.32619	0.25791	0.1981	0.071209	0.023818	19.405
842.57	-0.16193	-0.18868	-0.23699	-0.41342	-0.56575	-0.81429	-1.1423	-1.6713	-2.2808	-3.253	-5.1422	-6.5934	-10.766	-13.951	-11.605	-8.5059	-4.4131	-0.6561	0.21431	0.94585	0.95696	0.835	0.64618	0.52924	0.41962	0.35049	0.29204	0.18772	0.061614	0.010741	19.71
838.51	-0.18494	-0.17318	-0.27103	-0.40016	-0.56647	-0.81726	-1.1891	-1.641	-2.2619	-3.3264	-5.2177	-6.7864	-10.8	-14.325	-11.986	-9.0134	-4.6026	-0.72879	0.18036	0.9609	0.97065	0.84281	0.67265	0.53272	0.43189	0.35666	0.29257	0.202	0.076594	0.015225	19.973
838.83	-0.18024	-0.20075	-0.28188	-0.39013	-0.57834	-0.76802	-1.1706	-1.7061	-2.314	-3.354	-5.3271	-7.0016	-11.033	-14.671	-12.306	-9.1622	-4.7525	-0.82734	0.13132	0.94436	0.95761	0.84249	0.67508	0.5453	0.43343	0.34491	0.26864	0.1944	0.062804	0.0037035	20.287
839.79	-0.19668	-0.21431	-0.25602	-0.43898	-0.58171	-0.79451	-1.1684	-1.7224	-2.3228	-3.3405	-5.5131	-7.1354	-10.784	-14.924	-12.567	-9.4273	-4.9359	-0.87526	0.10322	0.94233	0.98182	0.84718	0.69223	0.58208	0.4389	0.36861	0.30093	0.19418	0.064564	0.00015888	20.524
843.21	-0.20325	-0.22976	-0.30222	-0.4006	-0.61943	-0.80297	-1.185	-1.6609	-2.2581	-3.2792	-5.1987	-6.9181	-10.966	-15.07	-12.809	-9.6446	-5.0894	-0.95154	0.047131	0.9281	0.97874	0.85593	0.69835	0.56609	0.44814	0.38045	0.30322	0.19921	0.061567	0.0036842	20.764
849.95	-0.20803	-0.23647	-0.33137	-0.43728	-0.59663	-0.81688	-1.2266	-1.7622	-2.3272	-2.9405	-5.4572	-7.1623	-10.816	-15.191	-12.883	-9.6808	-5.2068	-0.99325	0.02432	0.92262	0.99064	0.86589	0.70079	0.59135	0.43197	0.37743	0.29472	0.19433	0.080091	-0.0050868	20.987
856.68	-0.24265	-0.26166	-0.31536	-0.44702	-0.59687	-0.78843	-1.2615	-1.7994	-2.2571	-3.002	-5.3152	-6.9762	-10.714	-15.177	-13.061	-9.9494	-5.2723	-1.0362	-0.0024139	0.92841	0.97665	0.8637	0.70055	0.56613	0.44527	0.36747	0.3045	0.19444	0.049819	-0.00418	21.195
862.13	-0.25733	-0.26169	-0.32936	-0.47127	-0.59702	-0.69776	-1.3088	-1.8671	-2.3407	-2.955	-4.8876	-6.8769	-10.646	-15.099	-13.131	-9.905	-5.3154	-1.0801	-0.01516	0.92162	0.97929	0.86558	0.70573	0.57144	0.45324	0.36689	0.29657	0.20215	0.032544	-0.016219	21.385
866.61	-0.28198	-0.28039	-0.35241	-0.47056	-0.56273	-0.80686	-1.3744	-2.0404	-2.402	-2.8561	-4.5684	-6.5571	-10.344	-14.872	-12.72	-9.7893	-5.2525	-1.0584	-0.0083111	0.92421	0.997	0.88756	0.72466	0.58263	0.46988	0.38661	0.30442	0.18898	0.040368	-0.016135	21.54
868.75	-0.30095	-0.33806	-0.34713	-0.42262	-0.55551	-0.79731	-1.5487	-2.1835	-2.5	-2.6265	-4.6451	-6.093	-10.029	-14.583	-12.67	-9.7652	-5.2184	-1.0275	0.0052176	0.9394	1.0085	0.8781	0.71682	0.56973	0.44238	0.37789	0.28579	0.1748	0.023438	-0.035767	21.679
867.26	-0.32743	-0.34532	-0.38571	-0.44765	-0.51067	-0.82992	-1.6786	-2.4647	-2.6442	-2.8447	-4.7021	-6.0119	-9.4924	-13.109	-11.922	-9.2668	-4.9403	-0.93178	0.057667	0.95482	1.026	0.90514	0.72499	0.58132	0.45139	0.38114	0.2786	0.16541	0.00040909	-0.08209	21.822
862.34	-0.3392	-0.34729	-0.41012	-0.4406	-0.55572	-0.78611	-2.1699	-2.5169	-2.7991	-3.0757	-4.1085	-5.6224	-8.5824	-12.386	-10.832	-8.533	-4.5776	-0.79336	0.16857	1.0001	1.0548	0.91671	0.73436	0.59173	0.45147	0.37114	0.27848	0.15253	-0.0058369	-0.064464	21.897
855.08	-0.35207	-0.41546	-0.35448	-0.42233	-0.58514	-1.1211	-2.2204	-2.9164	-2.8799	-2.7721	-3.5774	-4.9269	-7.8971	-11.395	-10.047	-8.1388	-4.1963	-0.65515	0.24978	1.0319	1.0513	0.92913	0.74764	0.5887	0.44862	0.3515	0.26873	0.14728	-0.033783	-0.10325	21.979
847.6	-0.37442	-0.39178	-0.28349	-0.38343	-0.66607	-1.5784	-2.6187	-2.6421	-2.7282	-3.0912	-3.7692	-3.9676	-6.86	-8.8018	-8.0238	-6.8643	-3.5681	-0.44013	0.37488	1.0561	1.0651	0.92427	0.73293	0.59751	0.45511	0.35284	0.25626	0.12956	-0.054964	-0.11204	22.025
840.43	-0.35266	-0.35376	-0.3014	-0.42163	-1.1151	-1.7423	-2.6985	-2.5734	-3.0983	-3.2038	-3.8216	-3.803	-4.9219	-6.5199	-5.8744	-5.4035	-2.83	-0.1919	0.502	1.0812	1.0787	0.90392	0.73022	0.57343	0.43601	0.35317	0.24877	0.11566	-0.0536	-0.12891	22.062
834.02	-0.29393	-0.26964	-0.31658	-0.57831	-1.4023	-2.2546	-2.4477	-2.4527	-2.7646	-3.0546	-3.4132	-3.4322	-4.2739	-4.4489	-5.2273	-4.6891	-2.4045	-0.013266	0.5815	1.0876	1.0487	0.90992	0.71869	0.55212	0.41964	0.33252	0.23737	0.12327	-0.039251	-0.11565	22.109
828.24	-0.26411	-0.2689	-0.32804	-0.88862	-1.8549	-2.4279	-2.4857	-2.3634	-2.6053	-3.0856	-3.0371	-3.4082	-3.7235	-3.4849	-3.9991	-3.9125	-2.0318	0.12241	0.65552	1.101	1.067	0.89622	0.72552	0.56615	0.4217	0.33122	0.24439	0.11736	-0.026517	-0.10749	22.056
825.46	-0.25935	-0.29612	-0.47485	-1.3175	-2.2552	-2.5982	-2.5482	-2.6368	-2.4527	-3.0668	-2.9959	-2.5151	-2.9692	-2.5075	-3.7128	-3.2876	-1.7472	0.20735	0.69683	1.0979	1.0449	0.88104	0.70425	0.54114	0.41013	0.31509	0.23356	0.11606	-0.032199	-0.093449	22.07
823.96	-0.30129	-0.36698	-0.80951	-1.7766	-2.5762	-2.7115	-2.3883	-2.2957	-2.3934	-2.9941	-2.4964	-2.5486	-3.3911	-2.5121	-3.7797	-3.2258	-1.6407	0.25754	0.72925	1.0931	1.044	0.85961	0.67813	0.53841	0.38222	0.30202	0.21782	0.10096	-0.033191	-0.10714	22.068
822.89	-0.4536	-0.53909	-1.1206	-2.1265	-2.6206	-2.5934	-2.4913	-2.4821	-2.2167	-2.303	-2.2417	-2.3492	-2.8116	-2.2949	-3.2734	-2.813	-1.3728	0.37458	0.80775	1.111	1.0481	0.87706	0.69639	0.51955	0.36968	0.29239	0.18125	0.078954	-0.079993	-0.13437	22.073
821.18	-0.59732	-0.78188	-1.4644	-2.2676	-2.4357	-2.4098	-2.6511	-2.2326	-2.0231	-2.1901	-2.1533	-1.9962	-2.3809	-2.0971	-2.6977	-2.5273	-1.163	0.45033	0.84338	1.1124	1.0198	0.85867	0.65935	0.49358	0.34694	0.26927	0.16721	0.036454	-0.12514	-0.22061	22.076
819.15	-0.81682	-1.1048	-1.7477	-2.2236	-2.2788	-2.3176	-2.154	-2.0483	-2.235	-2.0579	-1.9306	-1.9914	-2.2006	-1.9546	-2.6037	-2.329	-0.96853	0.54664	0.89562	1.119	1.0038	0.81254	0.61504	0.43776	0.29192	0.19492	0.11073	-0.036167	-0.2457	-0.33272	22.074
817.65	-1.0614	-1.2556	-1.9008	-2.1973	-2.2096	-2.3048	-2.0027	-1.9527	-1.727	-1.8154	-1.5187	-1.5385	-2.1113	-1.5698	-2.1647	-1.6891	-0.72201	0.62997	0.93942	1.0899	0.98149	0.76375	0.56645	0.39077	0.23997	0.13111	0.0068772	-0.16564	-0.4212	-0.54687	21.971
815.51	-1.3841	-1.5138	-1.9208	-2.0387	-2.2237	-2.0934	-1.855	-1.5191	-1.7596	-1.5239	-1.1895	-1.299	-1.827	-1.2124	-1.8366	-1.3902	-0.43644	0.72925	0.97607	1.079	0.92354	0.72793	0.53563	0.32792	0.16868	0.05426	-0.085636	-0.2941	-0.65633	-0.83621	21.81
813.79	-2.0282	-1.8267	-1.7375	-2.1327	-2.0249	-1.9092	-1.5709	-1.2973	-1.4052	-1.2004	-0.83726	-0.84296	-1.1841	-1.1685	-1.3743	-1.0106	-0.19259	0.80543	0.97813	1.0175	0.86203	0.64882	0.44149	0.24294	0.065323	-0.045089	-0.18036	-0.41096	-0.87709	-1.131	21.671
813.36	-2.4331	-2.0431	-1.6348	-2.0274	-1.9355	-1.7831	-1.5415	-1.2858	-1.1621	-0.81483	-0.81681	-0.65785	-0.81902	-0.89028	-0.8984	-0.66775	0.029595	0.86439	1.0075	0.97197	0.799	0.58695	0.36028	0.17337	-0.0041155	-0.1391	-0.25231	-0.51714	-1.046	-1.3244	21.516
814.65	-2.9201	-2.3858	-1.5297	-1.8413	-1.7883	-1.5616	-1.4072	-1.1953	-0.99774	-0.9223	-0.5445	-0.72507	-0.8458	-0.6847	-0.98811	-0.51976	0.15368	0.84992	0.9717	0.91166	0.71851	0.50158	0.3015	0.10538	-0.048007	-0.17384	-0.32911	-0.55847	-1.1189	-1.398	21.313
816.79	-2.3944	-2.2447	-1.3203	-1.6273	-1.5902	-1.4178	-1.1413	-1.0919	-0.91361	-0.73252	-0.71983	-0.7718	-0.7222	-0.88655	-0.84416	-0.26438	0.2105	0.86679	0.95927	0.87214	0.69152	0.45767	0.24449	0.079783	-0.07065	-0.2055	-0.32371	-0.54157	-1.0029	-1.216	21.14
821.71	-1.8102	-1.7174	-1.1101	-1.3739	-1.3925	-1.2006	-1.051	-0.9436	-0.98826	-0.74773	-0.63283	-0.75752	-0.77357	-0.78923	-0.93947	-0.17538	0.26238	0.88557	0.96245	0.85332	0.67259	0.43664	0.24578	0.071847	-0.081541	-0.18146	-0.29477	-0.49995	-0.82462	-0.98723	20.965
830.17	-1.2624	-1.3038	-1.072	-1.2338	-1.2419	-1.1488	-0.96127	-0.98105	-0.99959	-0.78864	-0.53432	-0.89333	-1.0229	-0.96333	-1.0094	-0.21205	0.28001	0.8983	0.95176	0.82733	0.65477	0.43124	0.23058	0.082188	-0.067788	-0.15253	-0.26503	-0.42395	-0.70035	-0.80623	20.712
840.01	-0.92409	-1.0144	-1.0321	-1.1351	-1.174	-1.1295	-1.0153	-1.0945	-1.0143	-0.86571	-0.81113	-0.76937	-0.91109	-0.64604	-0.93864	-0.24758	0.33236	0.9044	0.95371	0.81573	0.62902	0.41207	0.23594	0.090346	-0.050817	-0.1329	-0.23462	-0.37394	-0.58863	-0.68445	20.543
850.16	-0.78611	-0.8566	-0.82331	-1.0357	-1.0686	-1.0928	-1.0218	-1.149	-1.0022	-0.76062	-0.67159	-0.73215	-0.86432	-0.7895	-0.91773	-0.24462	0.32749	0.90132	0.94664	0.81538	0.61704	0.39971	0.23047	0.076651	-0.033381	-0.11368	-0.19353	-0.30684	-0.48022	-0.5513	20.293
861.92	-0.62674	-0.63148	-0.79253	-0.92551	-0.99617	-1.0579	-1.0874	-1.0694	-1.0692	-0.86239	-0.57374	-0.88806	-0.91446	-0.75242	-1.1157	-0.1487	0.35503	0.89379	0.9499	0.80611	0.59717	0.40985	0.23781	0.091606	-0.02131	-0.093873	-0.16085	-0.26444	-0.44153	-0.46965	20.014
874.84	-0.61039	-0.60974	-0.7239	-0.89205	-0.96214	-1.0367	-1.0754	-1.0518	-1.0255	-0.88648	-0.75941	-0.82955	-0.97943	-0.88822	-1.0993	-0.24684	0.33139	0.88528	0.94006	0.78873	0.6005	0.4029	0.22827	0.10251	-0.016907	-0.087346	-0.17623	-0.26214	-0.39895	-0.43384	19.752
887.86	-0.57258	-0.55185	-0.73486	-0.81623	-0.96135	-1.0187	-1.0653	-1.0838	-1.0413	-0.81906	-0.62394	-0.71003	-0.85338	-0.7134	-0.96238	-0.13537	0.37313	0.88524	0.92297	0.78346	0.59768	0.40946	0.2334	0.087204	0.0026756	-0.075093	-0.15365	-0.2362	-0.35063	-0.40321	19.507
900.44	-0.56975	-0.58436	-0.74416	-0.79981	-0.85877	-0.9926	-1.0849	-1.0602	-0.97991	-0.69131	-0.62467	-0.76184	-0.79063	-0.66145	-0.97639	0.008333	0.39599	0.88198	0.92881	0.78846	0.57584	0.39144	0.23014	0.093641	0.0026382	-0.069881	-0.14493	-0.22823	-0.32436	-0.37942	19.197
912.27	-0.5947	-0.59027	-0.73283	-0.77211	-0.91803	-1.0085	-1.0756	-1.0128	-0.93963	-0.66468	-0.6724	-0.68232	-0.76366	-0.85177	-0.83716	-0.11424	0.41017	0.88134	0.91596	0.75899	0.56754	0.3751	0.22138	0.094948	-0.0044529	-0.074726	-0.13981	-0.21682	-0.34377	-0.38509	18.903
921.97	-0.57919	-0.59271	-0.66363	-0.79502	-0.98719	-1.0415	-1.04	-0.92243	-0.90728	-0.6839	-0.6469	-0.60621	-0.68117	-0.74442	-0.74786	0.068745	0.46236	0.89166	0.91428	0.73889	0.56898	0.37887	0.22232	0.088131	-0.019922	-0.076379	-0.14235	-0.2191	-0.31762	-0.348	18.557
925.8	-0.50718	-0.5793	-0.72212	-0.89986	-0.98676	-1.0204	-0.9578	-0.91447	-0.85319	-0.55927	-0.51583	-0.50932	-0.62893	-0.60249	-0.53095	0.05123	0.49851	0.90038	0.9105	0.73411	0.54038	0.36022	0.19944	0.06956	-0.01675	-0.075253	-0.14576	-0.21592	-0.32628	-0.36582	18.175
926.97	-0.52329	-0.57857	-0.78319	-0.8971	-0.94631	-0.93762	-0.88423	-0.85298	-0.80103	-0.60202	-0.57013	-0.57723	-0.74331	-0.68329	-0.59255	0.085583	0.5202	0.92847	0.90776	0.72371	0.5397	0.34015	0.1862	0.058731	-0.03756	-0.086477	-0.15036	-0.22623	-0.34496	-0.3926	17.808
924.63	-0.53805	-0.59884	-0.80589	-0.83262	-0.91672	-0.85921	-0.85449	-0.80211	-0.75825	-0.5077	-0.49811	-0.52714	-0.72046	-0.57872	-0.45136	0.17211	0.57537	0.89708	0.90689	0.71173	0.51068	0.32989	0.16225	0.03485	-0.036882	-0.10372	-0.15314	-0.24196	-0.34667	-0.38797	17.414
916.96	-0.5942	-0.6852	-0.78673	-0.87242	-0.86542	-0.83865	-0.82152	-0.72945	-0.74362	-0.51195	-0.55784	-0.52289	-0.58508	-0.50937	-0.53607	0.26058	0.61527	0.93681	0.90727	0.69941	0.50336	0.30937	0.16279	0.046839	-0.053571	-0.12175	-0.16895	-0.2608	-0.36635	-0.40986	17.042
903.32	-0.63928	-0.68031	-0.80709	-0.86809	-0.82516	-0.7668	-0.72933	-0.75827	-0.7139	-0.52859	-0.35945	-0.41646	-0.50948	-0.59238	-0.5259	0.44121	0.66782	0.93097	0.90798	0.68259	0.48237	0.30178	0.13774	0.011924	-0.071008	-0.12857	-0.1977	-0.26551	-0.3804	-0.44401	16.59
888.28	-0.62999	-0.69835	-0.81213	-0.86245	-0.80394	-0.70863	-0.73437	-0.71764	-0.65435	-0.53755	-0.44201	-0.52188	-0.55245	-0.62794	-0.33054	0.37679	0.705	0.94488	0.90519	0.67258	0.45549	0.26149	0.1155	-0.022372	-0.097976	-0.16365	-0.22604	-0.29209	-0.40504	-0.44233	16.194
873.77	-0.66179	-0.70249	-0.82825	-0.83801	-0.78344	-0.71946	-0.70777	-0.66292	-0.65845	-0.59257	-0.38132	-0.67601	-0.48306	-0.88066	-0.47761	0.43786	0.73775	0.95212	0.90847	0.64082	0.43525	0.2396	0.076932	-0.049048	-0.14135	-0.19553	-0.23148	-0.33143	-0.43554	-0.46073	15.785
860.42	-0.68379	-0.68814	-0.80905	-0.79502	-0.76122	-0.7125	-0.67013	-0.6643	-0.64975	-0.37708	-0.44647	-0.52032	-0.56148	-0.74493	-0.31248	0.47246	0.76166	0.93636	0.89102	0.61923	0.39699	0.20931	0.042256	-0.068507	-0.15768	-0.21337	-0.25571	-0.34308	-0.44945	-0.48083	15.383
848.35	-0.64958	-0.73464	-0.74832	-0.72027	-0.72226	-0.70716	-0.64312	-0.65931	-0.62324	-0.55335	-0.36272	-0.61201	-0.48855	-0.72881	-0.30721	0.73319	0.79959	0.94001	0.88987	0.59512	0.37399	0.17034	0.024223	-0.088446	-0.18606	-0.21906	-0.27766	-0.34797	-0.44769	-0.47804	14.96
839.04	-0.65586	-0.70221	-0.70365	-0.6807	-0.67286	-0.66804	-0.664	-0.63375	-0.61957	-0.52109	-0.38699	-0.49571	-0.5667	-0.7549	-0.20248	0.57012	0.82946	0.94065	0.88574	0.5846	0.34466	0.15904	0.014624	-0.10586	-0.16425	-0.22416	-0.29044	-0.34097	-0.44531	-0.47714	14.551
832.95	-0.6038	-0.67518	-0.6481	-0.67574	-0.70518	-0.64731	-0.62816	-0.57676	-0.57614	-0.43788	-0.37963	-0.45164	-0.48842	-0.68782	-0.26337	0.67011	0.85944	0.95542	0.857	0.55918	0.32074	0.11938	0.0047902	-0.11859	-0.19207	-0.2447	-0.27214	-0.34346	-0.43379	-0.48331	14.186
831.02	-0.55848	-0.6201	-0.62471	-0.64923	-0.61225	-0.57275	-0.55845	-0.55136	-0.59172	-0.46796	-0.2068	-0.49092	-0.70066	-0.76218	-0.19451	0.72928	0.87803	0.94973	0.85722	0.53646	0.33153	0.13869	-0.0060691	-0.11242	-0.18563	-0.22903	-0.28345	-0.34679	-0.4385	-0.47459	13.774
831.99	-0.59703	-0.59674	-0.61201	-0.59601	-0.57092	-0.55137	-0.49972	-0.53231	-0.51634	-0.27378	-0.36985	-0.66223	-0.58983	-0.71587	-0.23394	0.78597	0.88438	0.9506	0.85447	0.53776	0.29464	0.11477	-0.02687	-0.12518	-0.18972	-0.23778	-0.27423	-0.31101	-0.40839	-0.43743	13.391
836.37	-0.55212	-0.54252	-0.58499	-0.57848	-0.54368	-0.51903	-0.49969	-0.5112	-0.50302	-0.47459	-0.26638	-0.42132	-0.64146	-0.85674	-0.065068	0.72462	0.8889	0.9152	0.81052	0.48724	0.25678	0.092424	-0.04653	-0.15566	-0.19813	-0.24459	-0.27722	-0.30017	-0.40257	-0.41826	12.995
842.68	-0.50745	-0.49979	-0.56879	-0.5143	-0.49248	-0.47911	-0.46171	-0.44828	-0.42024	-0.2512	-0.12333	-0.69151	-0.73622	-0.83239	-0.035235	0.81386	0.89679	0.90055	0.8001	0.47033	0.24404	0.064521	-0.065833	-0.13904	-0.21786	-0.26144	-0.26987	-0.31039	-0.37125	-0.39396	12.581
851.44	-0.44842	-0.48443	-0.47836	-0.45243	-0.44473	-0.45682	-0.43663	-0.37168	-0.34467	-0.33376	-0.3614	-0.57245	-0.88988	-0.88598	-0.20923	0.8336	0.88396	0.872	0.7686	0.42706	0.2228	0.066641	-0.066039	-0.15111	-0.21142	-0.25875	-0.26101	-0.31543	-0.35568	-0.37769	12.218
863.94	-0.37812	-0.39192	-0.42	-0.42497	-0.39429	-0.41126	-0.36687	-0.30423	-0.33454	0.071983	-0.32668	-0.8584	-1.0359	-1.1794	-0.07255	0.8862	0.86762	0.87079	0.7422	0.41164	0.20815	0.031813	-0.080766	-0.15956	-0.20091	-0.23592	-0.25895	-0.2914	-0.32292	-0.33611	11.862
878.68	-0.35852	-0.36556	-0.36152	-0.38272	-0.36075	-0.33337	-0.27535	-0.22327	-0.18833	-0.20424	-0.6208	-0.71744	-1.2095	-1.022	-0.071334	0.82595	0.87487	0.84965	0.72057	0.38022	0.19084	0.033979	-0.075129	-0.16125	-0.19754	-0.22429	-0.24198	-0.27056	-0.30437	-0.31356	11.498
895.32	-0.3189	-0.32722	-0.31972	-0.32768	-0.28609	-0.24466	-0.20015	-0.19003	-0.22614	-0.3084	-0.65667	-0.97026	-1.2466	-0.97766	-0.14372	0.84625	0.85433	0.82744	0.70718	0.38206	0.19153	0.018336	-0.075413	-0.15141	-0.18588	-0.22598	-0.235	-0.24753	-0.26519	-0.26624	11.113
909.5	-0.29429	-0.32132	-0.2802	-0.29113	-0.21381	-0.18759	-0.15341	-0.14832	-0.24539	-0.49844	-0.64644	-0.97261	-1.1685	-1.0539	-0.14146	0.79796	0.85786	0.80461	0.68486	0.36909	0.15765	0.010226	-0.080859	-0.15241	-0.18534	-0.20927	-0.21995	-0.23366	-0.25767	-0.25555	10.751
922.18	-0.25236	-0.26585	-0.23813	-0.2055	-0.1559	-0.092445	-0.15678	-0.12883	-0.29336	-0.36929	-0.73885	-1.0281	-1.1938	-1.0804	-0.05903	0.77833	0.84606	0.79177	0.65238	0.3493	0.15384	-0.003634	-0.096073	-0.1553	-0.19133	-0.21696	-0.22415	-0.23045	-0.23994	-0.25526	10.403
930.48	-0.23676	-0.23546	-0.1759	-0.14461	-0.090937	-0.13485	-0.105	-0.21249	-0.34878	-0.58242	-0.84176	-1.0531	-1.2241	-1.0951	-0.18258	0.71992	0.82863	0.78382	0.63946	0.3316	0.13369	-0.018899	-0.09926	-0.17697	-0.195	-0.21502	-0.21896	-0.21559	-0.21547	-0.22823	10.058
935.81	-0.20056	-0.18923	-0.15607	-0.11081	-0.08139	-0.12619	-0.10671	-0.21046	-0.41004	-0.60492	-0.77345	-1.1235	-1.2905	-1.0727	-0.13748	0.85227	0.83129	0.75918	0.63112	0.30754	0.12157	-0.014566	-0.10191	-0.16368	-0.19083	-0.20419	-0.21377	-0.21211	-0.21013	-0.19755	9.687
934.95	-0.14593	-0.14602	-0.095575	-0.085148	-0.091407	-0.14386	-0.13304	-0.28276	-0.46185	-0.68303	-0.86496	-1.1416	-1.2999	-1.0494	-0.031757	0.86158	0.83205	0.75285	0.61287	0.29588	0.11031	-0.035723	-0.11247	-0.16547	-0.18565	-0.19395	-0.20684	-0.18533	-0.1667	-0.15562	9.4
928.35	-0.099295	-0.065923	-0.047565	-0.050887	-0.11481	-0.10332	-0.17361	-0.34254	-0.54084	-0.64449	-0.85283	-1.1839	-1.3091	-1.1139	-0.0053282	0.85051	0.85942	0.77412	0.62513	0.30314	0.12173	-0.024053	-0.10435	-0.16417	-0.1731	-0.18161	-0.17245	-0.16551	-0.13224	-0.1119	9.0677
919.73	-0.059702	-0.053941	-0.0038643	-0.064458	-0.10119	-0.077521	-0.22385	-0.40073	-0.57889	-0.77315	-0.80545	-1.1086	-1.2302	-1.0668	0.039469	0.9366	0.86165	0.77781	0.61025	0.29991	0.10306	-0.025997	-0.10124	-0.14655	-0.16073	-0.17027	-0.14109	-0.13278	-0.10336	-0.083871	8.7579
909.18	-0.062957	-0.013144	-0.010651	-0.10578	-0.087493	-0.14162	-0.25342	-0.44751	-0.61572	-0.77325	-0.96421	-1.1914	-1.3199	-1.1208	0.01271	0.84211	0.85732	0.78774	0.62944	0.29373	0.11678	-0.02282	-0.085854	-0.13898	-0.15315	-0.15989	-0.14517	-0.1112	-0.062245	-0.048067	8.4511
898.31	-0.0049437	0.018949	-0.088388	-0.071862	-0.064095	-0.1479	-0.2605	-0.47169	-0.64787	-0.72882	-0.91916	-1.25	-1.268	-1.1259	-0.051405	0.90561	0.87623	0.77991	0.6346	0.2964	0.11059	-0.038059	-0.099464	-0.13384	-0.13192	-0.13179	-0.12386	-0.092263	-0.035586	-0.03128	8.1608
885.83	0.0037523	-0.015942	-0.056769	-0.051631	-0.12795	-0.19724	-0.32849	-0.50255	-0.657	-0.91185	-0.87461	-1.2676	-1.4408	-1.0906	-0.14524	0.72018	0.90241	0.77792	0.64106	0.30328	0.12157	-0.018958	-0.087268	-0.13832	-0.13781	-0.13872	-0.13062	-0.084069	-0.030004	-0.021656	7.8902
875.48	-0.0024117	-0.011168	-0.040813	-0.068577	-0.11788	-0.19489	-0.37934	-0.52862	-0.7028	-0.88583	-1.011	-1.2917	-1.3359	-1.0344	-0.04333	1.0022	0.90958	0.79744	0.64613	0.30595	0.11434	-0.020086	-0.0883	-0.12158	-0.12392	-0.13608	-0.10597	-0.09947	-0.010143	-0.0032404	7.627
865.23	0.0047385	0.0020934	-0.01916	-0.08244	-0.14662	-0.26835	-0.39967	-0.57118	-0.73335	-0.76599	-1.023	-1.3345	-1.3076	-1.0816	-0.015244	0.94947	0.90618	0.81257	0.63428	0.29297	0.10077	-0.024893	-0.096307	-0.13188	-0.1196	-0.12903	-0.11577	-0.065015	-0.012041	-0.015303	7.4137
857.11	0.017468	0.019014	-0.045262	-0.08761	-0.17266	-0.2594	-0.42786	-0.5748	-0.75152	-0.89542	-1.112	-1.2823	-1.3556	-1.0301	0.11933	0.93053	0.92728	0.79729	0.64543	0.29854	0.11413	-0.015903	-0.10161	-0.12419	-0.12157	-0.11189	-0.10047	-0.075441	-0.013053	0.0062253	7.1626
849.41	0.031337	0.02089	0.00032472	-0.10613	-0.19014	-0.2888	-0.44362	-0.59805	-0.7383	-0.7992	-1.122	-1.3033	-1.3589	-1.1195	0.16895	0.94835	0.9465	0.82094	0.65041	0.30406	0.11606	-0.019771	-0.076832	-0.12171	-0.11425	-0.10055	-0.077863	-0.038176	0.0013231	0.018528	6.9734
843.75	0.050873	0.047643	-0.024187	-0.12558	-0.22547	-0.30728	-0.456	-0.61932	-0.77043	-0.9096	-1.1497	-1.1708	-1.4585	-1.0733	-0.1036	1.002	0.95286	0.80894	0.65304	0.29948	0.11504	0.0044632	-0.090729	-0.10164	-0.10823	-0.10566	-0.089785	-0.043417	0.020486	0.029218	6.7706
839.79	0.063133	0.05649	-0.033424	-0.13244	-0.22854	-0.31459	-0.46845	-0.6341	-0.77406	-0.95224	-1.0944	-1.3939	-1.4017	-1.0693	0.092322	0.96871	0.95278	0.83034	0.67271	0.2933	0.11196	-0.0096385	-0.077712	-0.099382	-0.083192	-0.10527	-0.05497	-0.030271	0.052655	0.056783	6.6208
837.55	0.068863	0.064425	-0.047234	-0.16066	-0.23924	-0.35366	-0.47918	-0.62299	-0.78232	-0.91633	-1.1379	-1.3597	-1.451	-1.1625	-0.055134	0.87604	0.95991	0.82081	0.657	0.3017	0.12314	-0.01061	-0.068034	-0.092331	-0.097935	-0.074233	-0.0666	-0.02533	0.034419	0.0525	6.433
835.62	0.082959	0.050706	-0.046426	-0.15112	-0.23878	-0.35644	-0.50963	-0.66018	-0.80803	-0.91842	-1.1406	-1.4008	-1.4361	-1.2285	0.14214	1.05	0.95296	0.84333	0.65851	0.31099	0.12433	-0.021044	-0.074495	-0.10813	-0.094735	-0.077993	-0.059672	-0.025392	0.046471	0.065069	6.324
836.48	0.080091	0.039398	-0.052792	-0.15006	-0.26379	-0.35018	-0.49876	-0.6421	-0.79659	-0.98491	-1.0176	-1.2759	-1.4347	-1.0374	-0.11437	1.0203	0.97854	0.83756	0.67976	0.32976	0.1351	0.014898	-0.052822	-0.093364	-0.080958	-0.071641	-0.050766	0.0031175	0.059301	0.074773	6.2347
838.83	0.088196	0.042739	-0.070908	-0.17297	-0.27816	-0.35214	-0.52316	-0.67318	-0.82346	-0.79009	-1.288	-1.3955	-1.4852	-1.2148	0.053102	0.8747	0.96849	0.82542	0.65949	0.31075	0.12476	-0.0039951	-0.057161	-0.093102	-0.072204	-0.070547	-0.047978	-0.014435	0.05363	0.073677	6.1696
842.68	0.092402	0.041687	-0.066948	-0.1838	-0.28993	-0.36514	-0.50451	-0.66374	-0.81004	-0.87252	-1.131	-1.3891	-1.3789	-1.0926	0.15074	1.0412	0.95952	0.83724	0.67824	0.32449	0.13771	0.0072823	-0.037249	-0.071766	-0.059143	-0.059551	-0.028445	0.0064204	0.081696	0.086567	6.0908
847.6	0.086369	0.034608	-0.088253	-0.19605	-0.29124	-0.37174	-0.51264	-0.65808	-0.84374	-0.98149	-1.2346	-1.3248	-1.5148	-1.2022	0.11094	0.93154	0.95667	0.82657	0.67171	0.3339	0.15125	0.019368	-0.025487	-0.055081	-0.05458	-0.040638	-0.021296	-0.0068431	0.062155	0.085188	6.0424
853.48	0.092144	0.038613	-0.080464	-0.185	-0.28824	-0.37206	-0.52094	-0.66432	-0.82146	-0.8426	-0.97741	-1.3715	-1.3882	-1.0433	0.061849	0.90643	0.96534	0.84492	0.67653	0.34095	0.14398	0.023866	-0.039422	-0.050212	-0.050852	-0.050017	-0.032418	0.014548	0.068941	0.08373	6.0197
861.49	0.083173	0.064316	-0.079716	-0.21299	-0.28066	-0.37337	-0.49517	-0.67415	-0.81726	-1.0311	-1.0965	-1.3588	-1.4107	-1.0775	0.03255	1.1388	0.95369	0.84087	0.68386	0.34334	0.17878	0.042001	-0.02595	-0.051525	-0.041247	-0.032152	-0.014941	0.0070932	0.070085	0.090712	6.0348
870.46	0.094805	0.014561	-0.084174	-0.17101	-0.28747	-0.37895	-0.51989	-0.676	-0.82498	-0.9187	-1.1632	-1.3448	-1.4663	-1.1706	-0.1478	0.90708	0.94034	0.84164	0.69451	0.36731	0.15513	0.037935	-0.021358	-0.053634	-0.030961	-0.036989	-0.013938	0.029561	0.079971	0.09234	6.0833
879.85	0.080556	0.051448	-0.082405	-0.1863	-0.29497	-0.3777	-0.49713	-0.67488	-0.82458	-0.81734	-1.035	-1.3485	-1.4333	-1.2612	-0.043115	0.87018	0.93117	0.85504	0.68543	0.36339	0.18023	0.067186	-0.0065873	-0.031294	-0.034695	-0.012742	0.012277	0.022076	0.064252	0.093888	6.0394
889.56	0.10673	0.041117	-0.075477	-0.18173	-0.27275	-0.36896	-0.50954	-0.6813	-0.80644	-0.94424	-1.1096	-1.3427	-1.5034	-1.1455	-0.13536	0.83378	0.92704	0.83187	0.70104	0.37288	0.18338	0.061121	-0.0073611	-0.03009	-0.022255	-0.026084	-0.0019955	0.025774	0.081715	0.10289	6.0469
900.23	0.076145	0.044654	-0.066925	-0.17957	-0.26858	-0.3573	-0.51712	-0.65195	-0.81825	-1.0852	-1.2002	-1.3974	-1.4602	-1.3167	-0.17956	0.83276	0.9101	0.83295	0.69436	0.372	0.19386	0.07884	0.0094496	-0.018671	-0.022785	-0.020779	0.0029609	0.034031	0.10126	0.10414	6.053
908.97	0.10531	0.055378	-0.072179	-0.17702	-0.2818	-0.38547	-0.49707	-0.68951	-0.79899	-0.87978	-1.2167	-1.3839	-1.4377	-1.2624	-0.16876	0.88623	0.89629	0.8421	0.69253	0.37633	0.19534	0.063294	0.012671	-0.019334	-0.01706	-0.0065638	0.0045594	0.038328	0.099443	0.09987	6.056
917.07	0.071361	0.035145	-0.073213	-0.19844	-0.28115	-0.39012	-0.51549	-0.66922	-0.80807	-0.95105	-1.0578	-1.5016	-1.6829	-1.342	-0.23023	0.73045	0.87752	0.83198	0.70481	0.38258	0.20272	0.087742	0.015022	-0.0099743	-0.012229	-0.0073227	-0.004356	0.032642	0.067518	0.10061	6.0469
922.82	0.070073	0.04199	-0.08936	-0.21515	-0.30138	-0.39658	-0.51541	-0.68746	-0.8391	-1.0237	-1.0604	-1.4492	-1.5484	-1.2517	-0.30029	0.82104	0.86042	0.82413	0.69088	0.36635	0.20722	0.07177	0.020636	-0.0082511	-0.016804	-0.0015905	0.015714	0.03092	0.090445	0.081465	6.0394
927.93	0.068015	0.021465	-0.092171	-0.21234	-0.33159	-0.41386	-0.54443	-0.69441	-0.85123	-0.96596	-1.3291	-1.4926	-1.6138	-1.3425	-0.23643	0.6875	0.83339	0.82755	0.69181	0.37466	0.20035	0.086715	0.024579	-0.0032516	-0.0090029	-0.016928	0.005263	0.015648	0.079994	0.075411	6.1105
930.48	0.064489	0.026075	-0.11662	-0.2247	-0.30616	-0.40743	-0.52511	-0.71391	-0.85764	-0.946	-1.2889	-1.4544	-1.7078	-1.5257	-0.31555	0.61701	0.8311	0.82704	0.68991	0.39336	0.22346	0.089026	0.026131	-0.0057145	0.0025531	0.0032542	-0.00031695	0.040455	0.078121	0.091175	6.3104
929.53	0.060378	0.01987	-0.11014	-0.21278	-0.29829	-0.40874	-0.5629	-0.71547	-0.88558	-1.0423	-1.2628	-1.567	-1.7259	-1.4704	-0.36911	0.77218	0.83031	0.83496	0.72771	0.41093	0.24902	0.11463	0.038304	0.015711	0.0048643	0.0040633	0.026744	0.03899	0.069097	0.092066	6.4315
926.76	0.070613	0.026181	-0.10386	-0.22316	-0.33839	-0.42324	-0.55991	-0.74489	-0.89621	-1.2366	-1.4499	-1.6402	-1.871	-1.7358	-0.38801	0.59365	0.83031	0.85694	0.7386	0.4423	0.25796	0.12351	0.055476	0.019064	0.018771	0.022676	0.026823	0.036081	0.079267	0.077912	6.6526
922.39	0.056636	0.0019637	-0.11598	-0.22912	-0.33816	-0.41813	-0.58367	-0.76336	-0.9221	-1.2512	-1.2082	-1.6566	-1.946	-1.6375	-0.63127	0.62242	0.80933	0.8601	0.758	0.45996	0.26823	0.1361	0.071243	0.044071	0.029715	0.025221	0.032565	0.031693	0.078807	0.071031	6.8539
917.38	0.040863	0.0098695	-0.13666	-0.25826	-0.35934	-0.46515	-0.60965	-0.78924	-0.97391	-1.2844	-1.5202	-1.8215	-2.098	-1.9513	-0.76058	0.55621	0.78869	0.86838	0.76773	0.46596	0.28211	0.15408	0.073274	0.035125	0.017404	0.030259	0.013386	0.050199	0.06162	0.083566	7.0551
910.25	0.041184	-0.0051703	-0.15961	-0.25864	-0.36402	-0.48052	-0.63424	-0.8291	-1.0189	-1.3121	-1.6068	-1.9579	-2.1396	-2.1909	-0.74843	0.55183	0.74353	0.86978	0.79228	0.48539	0.29517	0.15789	0.079637	0.032876	0.041898	0.031321	0.015118	0.039816	0.070557	0.08259	7.3109
903.42	0.043214	-0.0068119	-0.14979	-0.27309	-0.39857	-0.50504	-0.65181	-0.84468	-1.0487	-1.3755	-1.7129	-2.0167	-2.4005	-2.4083	-0.98231	0.35282	0.72201	0.88361	0.81288	0.51732	0.32009	0.18884	0.092736	0.052627	0.040632	0.024921	0.037344	0.050975	0.072796	0.064297	7.5181
897.24	0.04784	-0.00040312	-0.14912	-0.29427	-0.41639	-0.52316	-0.66996	-0.88466	-1.0791	-1.4209	-1.7531	-2.0837	-2.5446	-2.5007	-1.0534	0.26631	0.70137	0.908	0.82094	0.53867	0.34938	0.20777	0.097571	0.058115	0.044897	0.038458	0.032652	0.04586	0.077585	0.069709	7.81
892.23	0.0542	-0.019076	-0.14308	-0.30351	-0.40736	-0.52794	-0.69879	-0.92483	-1.1017	-1.5192	-1.9247	-2.229	-2.5675	-2.5826	-1.198	0.1694	0.67526	0.89838	0.84117	0.55065	0.35219	0.21514	0.12596	0.079907	0.049158	0.036154	0.046103	0.053184	0.069398	0.065104	8.0656
886.79	0.04315	0.01021	-0.15692	-0.31556	-0.40414	-0.5321	-0.70714	-0.92878	-1.1677	-1.5104	-1.8695	-2.2964	-2.7638	-2.8968	-1.3356	0.11644	0.61202	0.91222	0.85708	0.56932	0.39546	0.22538	0.114	0.067439	0.061558	0.05835	0.038044	0.045609	0.059408	0.06299	8.3695
