13831	6	3	91	21	748	1	3	8	3.496	128	4096	10	0	0	0	0	447.43	947.82	1.4567e+006	0.11653	0.15078	40.062	0	0	1	0	0	0	11	0	0
961.94	0.035176	0.00037747	-0.094582	-0.0051014	-0.20237	-0.21053	-0.23466	-0.24668	-0.18567	-0.20866	0.17267	0.33032	0.57358	0.79633	0.5707	-0.10851	-0.70846	-0.9905	-1.0907	-0.9038	-0.81042	-0.67362	-0.53799	-0.42956	-0.30476	-0.25706	-0.17567	-0.10539	-0.00046194	0.052369	-2.624
962.26	0.033552	-0.0079018	-0.093755	-0.0066634	-0.19615	-0.20875	-0.25407	-0.24899	-0.19176	-0.13327	0.066709	0.32196	0.52584	0.8039	0.65621	-0.14992	-0.60393	-0.91596	-1.0278	-0.85623	-0.75017	-0.66272	-0.52842	-0.43101	-0.29797	-0.24918	-0.17254	-0.092247	-0.01086	0.033819	-2.3559
962.37	0.034354	-0.003385	-0.079415	-0.0043174	-0.20315	-0.22323	-0.25404	-0.2617	-0.21864	-0.16673	0.040246	0.32192	0.48616	0.74097	0.81898	0.057389	-0.52028	-0.85445	-0.96065	-0.8155	-0.74141	-0.64128	-0.51507	-0.4031	-0.27936	-0.24059	-0.16329	-0.09078	-0.0036615	0.033817	-2.0482
961.41	0.013391	-0.0086631	-0.10659	0.0066394	-0.20951	-0.23796	-0.2618	-0.27551	-0.24041	-0.30094	0.031442	0.12395	0.46284	0.74958	0.71682	0.13216	-0.42597	-0.77163	-0.88607	-0.79141	-0.6995	-0.60655	-0.47878	-0.39473	-0.28559	-0.22914	-0.15345	-0.087955	0.015543	0.02844	-1.7315
960.67	0.011786	-0.024501	-0.10826	-0.0058913	-0.21495	-0.25096	-0.27251	-0.29406	-0.26678	-0.15025	-0.065743	0.074425	0.5426	0.73442	0.77749	0.14058	-0.3314	-0.68507	-0.81804	-0.74883	-0.68581	-0.60455	-0.48307	-0.39105	-0.27166	-0.23243	-0.1682	-0.10042	-0.010876	0.02537	-1.4727
960.14	0.023113	-0.029042	-0.10274	0.0019454	-0.22387	-0.26222	-0.30271	-0.31736	-0.28927	-0.1755	-0.039245	0.13238	0.41579	0.75058	0.73498	0.28192	-0.2486	-0.62817	-0.75661	-0.71267	-0.64902	-0.58842	-0.4755	-0.36653	-0.26884	-0.24193	-0.15905	-0.098289	-0.0076768	0.02693	-1.1454
959.71	0.010179	-0.026791	-0.13232	-0.0011923	-0.24598	-0.2803	-0.31862	-0.33906	-0.32486	-0.21754	-0.048123	0.099316	0.38419	0.67213	0.83842	0.2987	-0.14493	-0.54121	-0.68893	-0.65811	-0.61449	-0.55572	-0.45375	-0.35951	-0.25852	-0.23657	-0.15604	-0.07716	-0.004473	0.021523	-0.80299
959.29	-0.001959	-0.043412	-0.10922	-0.0058998	-0.26194	-0.3155	-0.33004	-0.36955	-0.36202	-0.35199	-0.21634	0.016567	0.41617	0.71972	0.83018	0.45689	-0.05076	-0.45075	-0.61047	-0.62013	-0.58073	-0.52877	-0.41942	-0.35488	-0.25043	-0.20308	-0.15379	-0.077924	0.001942	0.021533	-0.44391
958.86	0.017475	-0.043431	-0.12764	-0.0098284	-0.24884	-0.29424	-0.33846	-0.37292	-0.37067	-0.44455	-0.11901	-0.074551	0.32088	0.72792	0.72734	0.4987	0.04909	-0.37305	-0.55261	-0.55799	-0.54535	-0.49519	-0.41255	-0.33506	-0.21922	-0.19223	-0.13766	-0.064805	-0.015713	0.027741	-0.071223
958.33	0.015054	-0.032875	-0.12452	-0.018474	-0.27014	-0.30211	-0.35446	-0.39391	-0.3948	-0.48683	-0.19881	-0.091176	0.21759	0.64153	0.73636	0.58225	0.12346	-0.30388	-0.4825	-0.5075	-0.51633	-0.45504	-0.39706	-0.31606	-0.22755	-0.19312	-0.12693	-0.066302	0.0035491	0.050241	0.26488
957.69	0.017496	-0.041971	-0.1398	-0.0027659	-0.27297	-0.32031	-0.37277	-0.41817	-0.42906	-0.39464	-0.20782	-0.10782	0.26554	0.70514	0.77991	0.6993	0.21234	-0.2278	-0.39167	-0.46117	-0.47148	-0.44378	-0.39026	-0.29147	-0.21874	-0.18699	-0.11542	-0.055372	0.013998	0.037085	0.62067
956.84	0.0085857	-0.037467	-0.16154	-0.018502	-0.27939	-0.33175	-0.39722	-0.44256	-0.44567	-0.62227	-0.208	-0.33207	-0.029165	0.58722	0.82371	0.69158	0.2934	-0.15508	-0.33069	-0.41154	-0.43618	-0.41443	-0.3552	-0.28453	-0.18305	-0.17305	-0.11166	-0.055421	-0.0012697	0.030905	1.0053
955.88	0.023217	-0.069328	-0.1601	-0.012222	-0.32387	-0.35698	-0.40667	-0.47907	-0.49256	-0.57234	-0.35035	-0.31579	0.01867	0.46127	0.92806	0.75072	0.38265	-0.042747	-0.24508	-0.35685	-0.39611	-0.38506	-0.33981	-0.27118	-0.17201	-0.16382	-0.13422	-0.065007	0.0019489	0.027829	1.4171
954.82	0.013484	-0.039822	-0.15546	0.0027441	-0.32246	-0.36856	-0.42903	-0.49886	-0.52875	-0.53922	-0.5197	-0.27455	-0.061177	0.35095	0.87727	0.72649	0.46652	0.024261	-0.18236	-0.32716	-0.36394	-0.35816	-0.326	-0.25464	-0.1707	-0.16949	-0.11035	-0.057005	-0.00046539	0.035641	1.7863
953.86	0.0053567	-0.061882	-0.16687	0.001168	-0.32455	-0.38011	-0.434	-0.51783	-0.5572	-0.62421	-0.58254	-0.40804	-0.18918	0.2641	0.61012	0.67702	0.54249	0.093128	-0.11179	-0.26809	-0.31893	-0.31708	-0.29791	-0.25248	-0.16188	-0.15002	-0.080985	-0.051186	-0.016603	0.03256	2.1766
952.38	-0.0076787	-0.054374	-0.16632	-0.0035728	-0.32861	-0.39105	-0.45436	-0.53714	-0.57827	-0.69286	-0.62804	-0.57552	-0.17345	0.11368	0.69766	0.71997	0.59563	0.17343	-0.021857	-0.20818	-0.27876	-0.30097	-0.2802	-0.23679	-0.15387	-0.13845	-0.095872	-0.065982	-0.0069318	0.02637	2.5805
950.67	0.01191	-0.063614	-0.17871	-0.013871	-0.35675	-0.39693	-0.47794	-0.56228	-0.63767	-0.74492	-0.68276	-0.52641	-0.30214	0.050282	0.64685	0.92272	0.65471	0.23159	0.048315	-0.16826	-0.23773	-0.25992	-0.25378	-0.22432	-0.1391	-0.1387	-0.089039	-0.057254	-0.002896	0.030326	2.9889
948.55	-0.0019812	-0.055356	-0.17022	-0.0075544	-0.34775	-0.40128	-0.48661	-0.59908	-0.6508	-0.83151	-0.59477	-0.72858	-0.43148	-0.013379	0.63092	0.92479	0.69899	0.30826	0.11648	-0.11142	-0.20464	-0.23716	-0.23531	-0.19494	-0.13413	-0.124	-0.0908	-0.034482	0.010077	0.035874	3.432
946.74	0.0029363	-0.063879	-0.17055	-0.0083634	-0.35288	-0.42546	-0.5203	-0.61074	-0.68798	-0.79057	-0.7394	-0.77191	-0.56926	-0.069304	0.53628	0.91813	0.75535	0.36954	0.18255	-0.059376	-0.16332	-0.20504	-0.21667	-0.17346	-0.11474	-0.10207	-0.058153	-0.057492	0.0068451	0.028097	3.7901
944.82	-0.00034472	-0.068608	-0.17414	-0.0035999	-0.35628	-0.42632	-0.55265	-0.65496	-0.71835	-0.74102	-0.90268	-0.7903	-0.6915	-0.17347	0.53737	0.87777	0.79905	0.44674	0.24193	-0.0096624	-0.11784	-0.17951	-0.18604	-0.16652	-0.11498	-0.095932	-0.069235	-0.038328	0.0093026	0.032086	4.2041
943.01	0.0029495	-0.071811	-0.19234	-0.017177	-0.38832	-0.43497	-0.55142	-0.69846	-0.76131	-0.96453	-0.97644	-1.0614	-0.91929	-0.4544	0.29353	0.82866	0.82414	0.49982	0.31162	0.043635	-0.072166	-0.14212	-0.16724	-0.14084	-0.10761	-0.092937	-0.058383	-0.027998	0.015033	0.030571	4.6287
941.53	-0.0028202	-0.06654	-0.18777	-0.0092103	-0.38984	-0.46879	-0.55382	-0.65237	-0.78373	-0.8976	-1.0591	-1.004	-0.96126	-0.48726	0.31151	0.82151	0.83439	0.55292	0.36431	0.088626	-0.041632	-0.12975	-0.13793	-0.13455	-0.094108	-0.086717	-0.05376	-0.018367	0.010152	0.02983	5.0501
939.4	-0.0053065	-0.065147	-0.19961	-0.015641	-0.39432	-0.46461	-0.58118	-0.70196	-0.82882	-1.0883	-1.1248	-1.2938	-1.1177	-0.56884	0.12784	0.90829	0.85585	0.60573	0.41667	0.1364	-0.0093919	-0.095533	-0.12381	-0.11528	-0.095082	-0.083721	-0.039707	-0.015425	0.015091	0.040971	5.4047
938.23	0.017859	-0.064458	-0.18026	-0.0076375	-0.41552	-0.47569	-0.59267	-0.74122	-0.87874	-1.0553	-1.2077	-1.3038	-1.3142	-0.80321	0.23348	0.75634	0.85284	0.65373	0.4899	0.18505	0.042395	-0.05183	-0.099098	-0.088481	-0.076905	-0.062257	-0.028717	-0.026648	0.027412	0.043398	5.8107
937.8	-0.010284	-0.058308	-0.20485	-0.013259	-0.4022	-0.50741	-0.61293	-0.75626	-0.90833	-1.0386	-1.3893	-1.4569	-1.51	-1.1341	0.0049319	0.85879	0.86548	0.69866	0.53392	0.22683	0.076424	-0.033304	-0.075865	-0.069733	-0.066262	-0.054294	-0.029519	-0.019933	0.014295	0.029949	6.2438
936.95	0.014569	-0.052177	-0.19195	-0.0036316	-0.42962	-0.49123	-0.63658	-0.79374	-0.90204	-1.1341	-1.2728	-1.5261	-1.5358	-1.1836	0.0049364	0.80847	0.86136	0.72208	0.58138	0.27644	0.10567	0.013081	-0.05585	-0.046901	-0.03426	-0.030347	-0.015335	-0.0087338	0.019236	0.027597	6.6087
936.31	0.008774	-0.04757	-0.18309	-0.0060446	-0.44615	-0.524	-0.65704	-0.80492	-0.93584	-1.2983	-1.4641	-1.5525	-1.8138	-1.3943	-0.36502	0.68118	0.86359	0.77341	0.63661	0.32521	0.14954	0.029135	-0.032575	-0.038751	-0.027408	-0.024765	-0.016133	-0.0020052	0.038153	0.039518	7.0007
935.25	0.002974	-0.059243	-0.17428	-0.013296	-0.43401	-0.54742	-0.67245	-0.83041	-1.0041	-1.2395	-1.4839	-1.7836	-1.8974	-1.8405	-0.4889	0.67342	0.82689	0.81028	0.66635	0.34947	0.183	0.045233	-0.0084673	-0.028146	-0.028203	-0.0031565	-0.020898	-0.007252	0.031614	0.033208	7.382
934.61	0.0096203	-0.070131	-0.19571	0.0044134	-0.44878	-0.53549	-0.68294	-0.84983	-1.0128	-1.4213	-1.5485	-1.8614	-2.119	-1.9227	-0.64807	0.4775	0.81352	0.82928	0.71469	0.38984	0.21481	0.081642	0.015691	-0.0060323	-0.011387	-0.019998	-0.010622	0.017485	0.030811	0.041976	7.7253
933.65	-0.0011816	-0.06167	-0.20084	-0.012513	-0.45376	-0.54396	-0.69291	-0.89501	-1.0645	-1.4746	-1.732	-1.9143	-2.3826	-2.2647	-1.0463	0.31557	0.77004	0.83716	0.73349	0.42956	0.24349	0.12153	0.026187	0.0070895	0.0016236	0.012089	0.012348	0.013751	0.017656	0.042019	8.0626
932.27	0.012977	-0.039232	-0.18717	-0.014952	-0.44356	-0.53244	-0.69703	-0.89963	-1.1018	-1.4508	-1.7892	-2.0876	-2.3862	-2.5114	-0.9682	0.37597	0.72763	0.86482	0.77628	0.4867	0.29761	0.13783	0.051256	0.031754	0.0039279	0.01291	0.013157	0.010764	0.038318	0.059615	8.4073
931.52	0.020489	-0.032265	-0.18649	-0.0028436	-0.4557	-0.56547	-0.72623	-0.91104	-1.1535	-1.5904	-2.0003	-2.1489	-2.6992	-2.7082	-1.1549	0.17066	0.68874	0.86286	0.79029	0.50165	0.31742	0.15831	0.066649	0.025199	0.022361	0.0064848	0.0076102	0.00325	0.031741	0.042913	8.7337
930.78	0.014666	-0.04552	-0.19899	-0.0060805	-0.47604	-0.56151	-0.73844	-0.95045	-1.1791	-1.6868	-2.0658	-2.3725	-2.8571	-2.8484	-1.4482	0.14509	0.63003	0.87855	0.81062	0.53034	0.3397	0.18562	0.081261	0.034274	0.020073	0.010517	0.017154	0.013794	0.040859	0.039753	9.0344
930.46	-0.00035004	-0.059548	-0.19659	-0.0068927	-0.46531	-0.56523	-0.75265	-0.95984	-1.1954	-1.7567	-2.0939	-2.5356	-2.9236	-3.1582	-1.5462	-0.095039	0.58743	0.88238	0.83928	0.5554	0.36838	0.20693	0.11122	0.054048	0.036991	0.013742	0.025111	0.018316	0.03343	0.046956	9.3396
929.82	0.0088352	-0.03622	-0.17448	-0.010135	-0.46563	-0.56209	-0.74463	-0.96874	-1.2105	-1.8792	-2.1136	-2.5715	-3.0897	-3.323	-1.6449	-0.18949	0.53428	0.89005	0.85169	0.59269	0.39068	0.23003	0.12506	0.063971	0.050093	0.02826	0.025923	0.024357	0.03097	0.050981	9.5979
928.86	0.0063363	-0.057311	-0.17796	-0.013387	-0.48339	-0.59272	-0.77956	-1.0019	-1.2548	-1.8204	-2.2163	-2.6682	-3.331	-3.4078	-1.9662	-0.26702	0.4573	0.86622	0.85099	0.60017	0.38945	0.23197	0.13734	0.091257	0.055537	0.044426	0.029135	0.034189	0.031002	0.031836	9.8636
927.47	0.00048555	-0.032408	-0.18566	-0.015842	-0.47045	-0.57325	-0.77295	-1.0001	-1.2965	-1.7797	-2.2837	-2.9034	-3.5087	-3.6085	-2.2626	-0.46533	0.40511	0.86663	0.87045	0.62602	0.41623	0.25789	0.13836	0.089739	0.066415	0.037221	0.035561	0.022152	0.016943	0.041498	10.114
926.52	0.034007	-0.028532	-0.18833	-0.0061085	-0.48461	-0.60042	-0.78387	-1.0127	-1.3266	-1.938	-2.3869	-3.1036	-3.7593	-4.0202	-2.3362	-0.595	0.32367	0.87284	0.86739	0.65509	0.43879	0.27352	0.16613	0.081563	0.08115	0.051819	0.019628	0.0373	0.026098	0.046353	10.309
925.77	0.018939	-0.042637	-0.17855	-0.0093671	-0.44849	-0.58317	-0.78684	-1.045	-1.3469	-1.8091	-2.5172	-3.1834	-3.8118	-4.3828	-2.534	-0.78512	0.24863	0.86734	0.87997	0.65562	0.45965	0.28655	0.17195	0.1048	0.065763	0.055099	0.03163	0.036574	0.027781	0.03756	10.52
924.39	0.013927	-0.039567	-0.1871	-0.011824	-0.45831	-0.6018	-0.79738	-1.0498	-1.3649	-1.9076	-2.5394	-3.2912	-3.9	-4.3485	-2.5735	-0.85537	0.21502	0.85532	0.87335	0.68423	0.47102	0.31436	0.17221	0.11407	0.067411	0.034101	0.03728	0.028291	0.027822	0.036815	10.679
923.96	0.013934	-0.027044	-0.19051	-0.0020527	-0.47864	-0.59053	-0.81804	-1.0785	-1.3735	-2.0044	-2.5865	-3.2842	-4.0421	-4.6287	-2.7889	-1.0026	0.15625	0.85216	0.86899	0.69922	0.49343	0.3068	0.19347	0.11827	0.073633	0.052773	0.038099	0.029062	0.032831	0.02316	10.867
923.22	0.011422	-0.021573	-0.18485	-0.0020543	-0.47903	-0.61412	-0.81948	-1.0752	-1.3987	-2.0671	-2.6622	-3.2868	-4.0949	-4.8207	-2.8448	-1.038	0.080029	0.83595	0.884	0.70325	0.49876	0.32161	0.19852	0.11339	0.075244	0.057687	0.037327	0.026049	0.020355	0.026399	10.958
923.11	-0.0028765	-0.035698	-0.16579	-0.014286	-0.47176	-0.59018	-0.81098	-1.0803	-1.3964	-2.0761	-2.6717	-3.2356	-4.2524	-4.8623	-3.1489	-1.2283	0.030245	0.8236	0.8841	0.71457	0.51445	0.34306	0.19854	0.13166	0.088422	0.059317	0.040538	0.02833	0.026194	0.036866	11.06
922.47	0.02069	-0.046716	-0.18251	0.00039219	-0.45651	-0.57102	-0.82562	-1.0919	-1.4046	-2.191	-2.7748	-3.2722	-4.4951	-5.0705	-3.16	-1.3243	-0.019565	0.80904	0.8863	0.7315	0.52797	0.35358	0.20358	0.12677	0.085384	0.067482	0.029337	0.032147	0.029549	0.047362	11.161
922.15	0.01312	-0.025524	-0.16014	-0.011035	-0.48141	-0.581	-0.79853	-1.0898	-1.438	-2.1219	-2.7757	-3.4801	-4.5298	-5.1789	-3.34	-1.3853	-0.081883	0.80398	0.88979	0.73608	0.54627	0.35113	0.20038	0.12847	0.083862	0.067506	0.030951	0.02304	0.022048	0.036097	11.232
922.68	0.022369	-0.01609	-0.15258	-0.014292	-0.46099	-0.58957	-0.81605	-1.1008	-1.4404	-2.077	-2.6913	-3.4006	-4.6842	-5.2332	-3.5437	-1.3586	-0.12501	0.80263	0.88451	0.73911	0.55419	0.35607	0.2125	0.13421	0.077612	0.053658	0.031736	0.035937	0.022869	0.056208	11.261
924.39	0.014767	-0.041133	-0.17384	-0.0069364	-0.45831	-0.56539	-0.82547	-1.1012	-1.4473	-2.0383	-2.9619	-3.4631	-4.7663	-5.4853	-3.5728	-1.5201	-0.14384	0.78872	0.88208	0.74725	0.54084	0.35199	0.22432	0.13314	0.081337	0.053559	0.03728	0.013889	0.028656	0.023954	11.285
925.66	0.0080365	-0.044989	-0.16947	-0.0093681	-0.46315	-0.60274	-0.78927	-1.1047	-1.4549	-2.1486	-2.9486	-3.4841	-4.6774	-5.4451	-3.6302	-1.5094	-0.17923	0.78054	0.86898	0.73587	0.54748	0.33784	0.21588	0.11805	0.062682	0.051056	0.018049	0.016139	0.02529	0.026329	11.294
926.41	0.013897	-0.031662	-0.15279	-0.008547	-0.45731	-0.5739	-0.81354	-1.0972	-1.437	-2.1295	-2.9554	-3.447	-4.7477	-5.4815	-3.6184	-1.6202	-0.19893	0.78079	0.86432	0.74475	0.54048	0.35037	0.20596	0.11713	0.072667	0.048588	0.023622	0.016126	0.016131	0.030317	11.287
927.05	0.012213	-0.033202	-0.15847	0.006074	-0.44879	-0.59919	-0.79665	-1.1113	-1.4511	-2.0846	-2.9626	-3.5217	-4.8678	-5.4532	-3.7939	-1.5416	-0.19962	0.7776	0.86768	0.74338	0.53847	0.35439	0.205	0.12036	0.063358	0.037238	0.027597	0.0055335	0.01612	0.01587	11.281
926.94	-0.0053762	-0.043364	-0.15684	-0.013415	-0.46616	-0.60457	-0.83175	-1.1065	-1.4609	-2.0935	-2.8988	-3.4878	-4.6462	-5.5599	-3.8299	-1.6278	-0.21122	0.76086	0.85433	0.72711	0.5328	0.34505	0.20909	0.1088	0.063365	0.038049	0.017224	0.0032661	0.0036692	0.008659	11.296
927.79	-0.0036984	-0.047228	-0.14926	-0.0036675	-0.46027	-0.60401	-0.82477	-1.0873	-1.4747	-2.1524	-2.951	-3.5703	-4.7735	-5.677	-3.7197	-1.6607	-0.25644	0.75751	0.85038	0.73074	0.53722	0.34473	0.20809	0.11861	0.080269	0.044477	0.02837	0.018368	0.0094734	0.024666	11.288
928.43	-0.0053675	-0.037054	-0.13843	-0.0093402	-0.45449	-0.57442	-0.80789	-1.1261	-1.4769	-2.2203	-2.7935	-3.5763	-4.7702	-5.5835	-3.8415	-1.5565	-0.24389	0.77025	0.87587	0.76462	0.54994	0.36068	0.21767	0.12265	0.085605	0.039604	0.026758	0.025903	0.011952	0.017446	11.291
928.65	0.019716	-0.044844	-0.1417	-0.015822	-0.42618	-0.57606	-0.80615	-1.0657	-1.4518	-2.055	-2.8203	-3.5242	-4.802	-5.6311	-3.8229	-1.6335	-0.23146	0.76742	0.8812	0.75413	0.55308	0.35889	0.21519	0.12758	0.072494	0.046051	0.02516	0.014578	0.019408	0.031843	11.264
928.33	0.00634	-0.043299	-0.15908	0.0028225	-0.43179	-0.55769	-0.81497	-1.1081	-1.434	-2.2726	-2.9585	-3.4484	-4.9186	-5.5516	-3.7975	-1.7372	-0.21998	0.76592	0.86886	0.74923	0.53119	0.35391	0.20634	0.11854	0.057879	0.039609	0.028354	0.012318	0.0036654	0.027052	11.199
929.28	0.0071685	-0.025328	-0.12511	-0.0012314	-0.43043	-0.56683	-0.80559	-1.0756	-1.4389	-2.2616	-2.992	-3.5303	-4.8315	-5.5866	-3.8025	-1.7354	-0.21068	0.78103	0.87349	0.73987	0.53636	0.35269	0.18183	0.111	0.052431	0.026664	0.021161	0.0025042	0.0020047	0.027025	11.071
929.71	-0.0036907	-0.019085	-0.14318	-0.011755	-0.43296	-0.57098	-0.79514	-1.0694	-1.4597	-2.0873	-2.9632	-3.5458	-4.698	-5.6003	-3.6144	-1.6659	-0.21801	0.77449	0.86599	0.74297	0.53775	0.34572	0.18822	0.106	0.044714	0.021813	0.005236	-0.0072952	-0.0087568	0.0094304	10.961
931.41	0.022159	-0.018273	-0.12318	-0.0060764	-0.43943	-0.5858	-0.7751	-1.0781	-1.4189	-2.2305	-2.9669	-3.3261	-4.7631	-5.452	-3.6344	-1.5772	-0.18306	0.77748	0.87149	0.73732	0.52453	0.34425	0.19031	0.095117	0.040793	0.0064855	-0.002715	-0.021577	0.014393	0.026962	10.873
933.01	0.012967	-0.019019	-0.15417	-0.006066	-0.42509	-0.54873	-0.80083	-1.0451	-1.4292	-2.2439	-2.9163	-3.4992	-4.6487	-5.3374	-3.6636	-1.4804	-0.15154	0.77967	0.87865	0.70613	0.51713	0.32755	0.18111	0.086743	0.026159	0.0048688	0.0020476	-0.014029	0.0028226	0.0046201	10.615
934.71	0.0054664	-0.029832	-0.12766	-0.023773	-0.41076	-0.55915	-0.76851	-1.0325	-1.421	-2.0934	-2.7657	-3.5183	-4.5913	-5.449	-3.4716	-1.3752	-0.14553	0.78176	0.87391	0.71679	0.51131	0.30242	0.16547	0.087405	0.029936	-0.0071682	-0.012995	-0.015502	0.0019931	0.028459	10.455
935.99	0.014584	-0.026696	-0.1234	-0.0060467	-0.39575	-0.53733	-0.73432	-1.0434	-1.3709	-2.1421	-2.8617	-3.3947	-4.7072	-5.1588	-3.5814	-1.4075	-0.090494	0.79297	0.86644	0.70729	0.50331	0.30201	0.1564	0.077465	0.013847	0.0032512	-0.0066546	-0.019225	-0.0037647	0.012544	10.259
937.27	0.011251	-0.028977	-0.1453	-0.010055	-0.41595	-0.54536	-0.76795	-1.0264	-1.3524	-2.0275	-2.6585	-3.3223	-4.3916	-4.9905	-3.1629	-1.2693	-0.045414	0.7989	0.86996	0.69441	0.49614	0.27967	0.14655	0.073271	0.025276	-0.0071487	-0.025589	-0.031907	0.0019877	0.0077698	9.9738
938.55	0.01289	-0.030483	-0.13857	-0.0052286	-0.39648	-0.53587	-0.73386	-1.0381	-1.3711	-1.9561	-2.6549	-3.3685	-4.2475	-4.8467	-3.062	-1.2506	-0.0061705	0.80918	0.86174	0.68581	0.45987	0.26581	0.12711	0.050316	0.0016151	-0.023908	-0.026342	-0.035597	-0.0029334	0.00063377	9.773
940.04	0.0095647	-0.02273	-0.14732	-0.0068209	-0.38326	-0.51931	-0.74574	-1.0193	-1.3437	-2.0472	-2.7591	-3.1519	-4.2164	-4.8069	-2.9694	-1.1892	0.059854	0.80528	0.84789	0.66435	0.44056	0.24352	0.1277	0.034753	-0.0075172	-0.018289	-0.03181	-0.031813	-0.020941	0.010907	9.5314
941.1	-0.0052953	-0.034247	-0.14471	-0.020412	-0.38462	-0.53616	-0.74183	-0.97992	-1.3281	-2.0278	-2.4311	-3.1653	-4.0738	-4.6327	-2.8871	-0.90801	0.14119	0.82007	0.85239	0.65172	0.43764	0.255	0.10196	0.026571	-0.020429	-0.036584	-0.032561	-0.050392	-0.025005	0.0045804	9.2626
942.38	0.012838	-0.02882	-0.125	-0.0084022	-0.38679	-0.52586	-0.70103	-0.97208	-1.2909	-1.9823	-2.4999	-3.1694	-3.9065	-4.3778	-2.7257	-0.79669	0.17596	0.82157	0.84189	0.62459	0.41046	0.22193	0.090644	0.011904	-0.02799	-0.046077	-0.047432	-0.043631	-0.02742	0.010093	8.9831
942.38	0.009541	-0.021904	-0.12175	-0.0020126	-0.385	-0.51192	-0.72246	-0.96802	-1.2721	-1.931	-2.581	-3.2284	-3.8336	-4.3136	-2.4631	-0.72049	0.24831	0.8538	0.84267	0.61697	0.42254	0.21019	0.083454	0.0029597	-0.040134	-0.055621	-0.053712	-0.05181	-0.014355	0.011669	8.696
943.01	0.0029479	-0.019585	-0.14197	-0.013186	-0.37668	-0.47936	-0.69597	-0.92918	-1.2344	-1.8272	-2.4262	-2.9904	-3.6046	-3.9499	-2.3828	-0.51689	0.30257	0.85061	0.84677	0.58524	0.37877	0.19495	0.061049	-0.01004	-0.040867	-0.052405	-0.051323	-0.048803	-0.021689	0.010872	8.4103
943.23	0.031759	-0.01958	-0.13301	0.0019803	-0.38286	-0.48013	-0.70116	-0.92085	-1.1933	-1.8183	-2.3986	-2.9392	-3.6118	-3.8448	-2.2598	-0.66907	0.36017	0.83823	0.84658	0.56988	0.35776	0.17982	0.065026	-0.028719	-0.044648	-0.077025	-0.066213	-0.065879	-0.034738	0.013235	8.1094
943.33	0.030933	-0.0042221	-0.12325	-0.0067971	-0.37924	-0.47485	-0.67203	-0.92805	-1.1681	-1.7583	-2.2363	-2.9051	-3.3446	-3.6761	-1.9973	-0.39828	0.43972	0.87642	0.83326	0.57489	0.34645	0.16471	0.045866	-0.032778	-0.05905	-0.073043	-0.072479	-0.050273	-0.011893	0.01402	7.7979
943.65	0.01858	-0.014964	-0.11428	-0.0044031	-0.34598	-0.47904	-0.66493	-0.89121	-1.1481	-1.7918	-2.0556	-2.6769	-3.3515	-3.3463	-1.8917	-0.19518	0.48098	0.86047	0.82754	0.54679	0.31736	0.15041	0.03229	-0.044132	-0.075705	-0.085726	-0.084215	-0.045058	-0.0069958	0.0069288	7.4848
943.12	0.018591	-0.0080621	-0.10622	0.0011813	-0.36678	-0.4619	-0.65842	-0.87221	-1.1213	-1.5793	-2.0477	-2.5183	-3.0946	-3.1398	-1.8053	-0.21221	0.54542	0.86444	0.82023	0.52256	0.2958	0.12534	0.015548	-0.049843	-0.073472	-0.094515	-0.082694	-0.053998	-0.011896	0.01166	7.1021
942.91	0.022712	-0.012675	-0.12249	-0.0052044	-0.3579	-0.44547	-0.62262	-0.84641	-1.0988	-1.6053	-1.9762	-2.3589	-3.0144	-3.0203	-1.4121	-0.026064	0.60567	0.85331	0.7963	0.49305	0.27734	0.10692	-0.0012132	-0.063666	-0.089418	-0.098512	-0.096051	-0.071845	-0.0086327	0.021118	6.7525
943.23	0.031759	0.013439	-0.10214	-0.0028084	-0.33897	-0.4401	-0.60558	-0.82338	-1.0513	-1.6219	-2.0205	-2.2654	-2.6576	-2.915	-1.2892	0.09241	0.6477	0.85825	0.77892	0.46327	0.25471	0.064969	-0.033933	-0.09126	-0.11745	-0.098478	-0.095234	-0.08148	-0.015973	0.012447	6.4028
943.12	0.035882	-0.013438	-0.11515	-0.016377	-0.34079	-0.4297	-0.59265	-0.82348	-1.046	-1.4256	-1.7776	-2.1646	-2.6418	-2.6348	-1.2107	0.18548	0.68189	0.84181	0.75101	0.4464	0.22736	0.035633	-0.04511	-0.10671	-0.12049	-0.11915	-0.10152	-0.088919	-0.020872	0.016387	5.9909
942.8	0.01942	0.0011529	-0.098942	-0.00041423	-0.32567	-0.42375	-0.56608	-0.788	-1.0063	-1.4859	-1.6882	-2.0895	-2.5375	-2.4192	-1.0536	0.27866	0.726	0.83426	0.73804	0.40508	0.19281	0.022227	-0.072271	-0.12624	-0.13495	-0.14542	-0.11646	-0.092664	-0.016796	0.014028	5.6274
941.84	0.024387	-0.02576	-0.11206	-0.0036128	-0.32242	-0.41634	-0.5812	-0.76928	-0.96019	-1.3933	-1.78	-2.1085	-2.3457	-2.245	-0.92333	0.43146	0.75602	0.81942	0.71776	0.37329	0.16075	-0.00041991	-0.08593	-0.13532	-0.14496	-0.15273	-0.11815	-0.085319	-0.021716	0.017198	5.2501
940.89	0.03679	-0.020397	-0.10077	-0.0020158	-0.33532	-0.41327	-0.5473	-0.73179	-0.92972	-1.4204	-1.7548	-1.832	-2.0887	-2.0786	-0.62622	0.39796	0.78936	0.81415	0.68263	0.33805	0.13186	-0.01975	-0.099618	-0.15663	-0.15119	-0.16245	-0.134	-0.088384	-0.015195	-0.0033155	4.8409
940.25	0.014518	-0.023493	-0.11306	-0.0068209	-0.32746	-0.38999	-0.54307	-0.71518	-0.90989	-1.3015	-1.4399	-1.7995	-2.0171	-1.7342	-0.55646	0.59345	0.81923	0.79025	0.65501	0.29924	0.1053	-0.049195	-0.13011	-0.16488	-0.17563	-0.15459	-0.14274	-0.091425	-0.022572	0.0085334	4.4437
938.65	0.03026	-0.012732	-0.11407	-0.0092385	-0.31541	-0.3889	-0.50557	-0.69354	-0.84681	-1.2608	-1.37	-1.5148	-1.9068	-1.4875	-0.33776	0.63696	0.84837	0.75924	0.62955	0.29379	0.068264	-0.06023	-0.13514	-0.16761	-0.1584	-0.17401	-0.1422	-0.097553	-0.023432	0.012508	4.057
936.63	0.050222	-0.0034795	-0.098775	0.0019942	-0.29444	-0.35293	-0.50359	-0.66559	-0.82732	-1.0915	-1.4273	-1.5266	-1.7155	-1.4342	-0.17118	0.61277	0.85675	0.73722	0.57139	0.23308	0.028684	-0.09244	-0.16436	-0.19987	-0.18394	-0.18719	-0.14251	-0.10525	-0.029232	0.010946	3.6444
935.89	0.029521	0.0073521	-0.087393	-0.0076566	-0.28926	-0.369	-0.46699	-0.62929	-0.78766	-1.101	-1.2016	-1.5023	-1.4805	-1.2253	-0.083186	0.86055	0.86234	0.70711	0.52953	0.17528	0.0084228	-0.12969	-0.19023	-0.20085	-0.20549	-0.18734	-0.16159	-0.11207	-0.032544	0.019689	3.2681
936.1	0.033659	-0.0081226	-0.085736	-0.010067	-0.2558	-0.34086	-0.49	-0.62096	-0.76772	-1.0921	-1.0744	-1.3238	-1.4313	-1.015	0.0049408	0.92857	0.87033	0.65434	0.49728	0.14967	-0.035383	-0.14571	-0.20868	-0.22372	-0.21308	-0.1961	-0.16156	-0.10381	-0.01774	0.018098	2.8447
935.89	0.040307	-0.0058026	-0.080845	-0.0068512	-0.24953	-0.35672	-0.4485	-0.58836	-0.71019	-0.83416	-1.0655	-1.2137	-1.1871	-0.80522	0.25169	0.84351	0.85088	0.6273	0.42528	0.095983	-0.074338	-0.1939	-0.22401	-0.24669	-0.22154	-0.20416	-0.17345	-0.1218	-0.021854	0.012545	2.4727
934.93	0.017922	-0.0050358	-0.087482	-0.0092753	-0.26244	-0.30792	-0.44433	-0.57995	-0.67768	-0.90394	-0.99397	-1.113	-1.1312	-0.68477	0.27842	0.82731	0.84684	0.56209	0.38885	0.058521	-0.10772	-0.20171	-0.24759	-0.26333	-0.2363	-0.22841	-0.17996	-0.12717	-0.042455	0.017325	2.0551
934.39	0.037876	-0.0081374	-0.074413	-0.0068621	-0.24812	-0.31776	-0.40985	-0.54092	-0.65748	-0.80101	-0.91276	-1.0712	-0.89512	-0.53951	0.23444	0.9388	0.83666	0.50707	0.3192	0.0056042	-0.14353	-0.23652	-0.2719	-0.2766	-0.24639	-0.22293	-0.17452	-0.1205	-0.017772	0.010178	1.6602
935.03	0.022903	0.0081344	-0.074362	-0.0052483	-0.23259	-0.29384	-0.39723	-0.51843	-0.60798	-0.92968	-0.64876	-0.84955	-0.83741	-0.32083	0.34015	0.86987	0.82298	0.46107	0.26015	-0.04561	-0.17024	-0.26934	-0.29506	-0.2969	-0.26381	-0.23159	-0.20526	-0.13015	-0.024343	0.0069926	1.2803
935.46	0.030364	0.001162	-0.075149	-0.010074	-0.21532	-0.29721	-0.37469	-0.49117	-0.61324	-0.7312	-0.62123	-0.90859	-0.56796	-0.28028	0.41933	0.96332	0.78493	0.4047	0.19495	-0.084831	-0.22373	-0.28443	-0.31263	-0.30086	-0.27134	-0.2395	-0.19488	-0.1301	-0.022688	0.012549	0.86997
935.35	0.051951	-0.0065813	-0.066146	-0.0012234	-0.20451	-0.26039	-0.35854	-0.45437	-0.55794	-0.72268	-0.67578	-0.62845	-0.52726	-0.070163	0.50756	0.86957	0.74816	0.33718	0.13459	-0.142	-0.25948	-0.3242	-0.34888	-0.33938	-0.28284	-0.25635	-0.21547	-0.13386	-0.021867	0.031615	0.54921
934.39	0.046186	0.018992	-0.081793	0.0036093	-0.18392	-0.25275	-0.33729	-0.43515	-0.5403	-0.5855	-0.60378	-0.61208	-0.4217	0.002592	0.75523	0.96442	0.694	0.26637	0.057007	-0.18571	-0.289	-0.34822	-0.35729	-0.34957	-0.29308	-0.2502	-0.19669	-0.13999	-0.012007	0.034035	0.10064
934.18	0.042872	0.0019399	-0.056389	-0.0036424	-0.20024	-0.25193	-0.32965	-0.41229	-0.52221	-0.51665	-0.48574	-0.64625	-0.19317	0.22921	0.72009	0.80234	0.64823	0.19702	-0.012074	-0.24384	-0.32158	-0.37623	-0.38477	-0.34883	-0.31382	-0.27432	-0.21257	-0.13777	-0.018599	0.015749	-0.24767
934.71	0.035372	0.011236	-0.050619	0.0019983	-0.17301	-0.22983	-0.29628	-0.39566	-0.46414	-0.43881	-0.49453	-0.45041	-0.095131	0.3585	0.86085	0.91288	0.5618	0.11348	-0.084266	-0.30176	-0.36852	-0.40901	-0.4071	-0.35847	-0.30675	-0.27978	-0.2172	-0.13095	-0.015296	0.014946	-0.65082
935.57	0.04115	0.0065808	-0.057942	-0.018923	-0.18188	-0.2191	-0.28985	-0.37647	-0.43604	-0.5245	-0.40335	-0.28018	-0.09506	0.28542	0.82478	0.82675	0.4966	0.038797	-0.18611	-0.34498	-0.42013	-0.43991	-0.43086	-0.39336	-0.33323	-0.27632	-0.23756	-0.12109	-0.021862	0.014932	-0.9719
935.46	0.049455	0.0081307	-0.04894	-0.0012232	-0.15842	-0.21912	-0.26598	-0.3372	-0.39259	-0.46427	-0.2763	-0.23775	-0.037997	0.40669	0.68382	0.80121	0.41722	-0.050699	-0.2371	-0.39792	-0.45021	-0.46025	-0.45183	-0.40568	-0.32792	-0.29718	-0.20991	-0.15631	-0.024332	0.020494	-1.3387
935.14	0.037846	0.025172	-0.071898	0.0084364	-0.16841	-0.20954	-0.26067	-0.35206	-0.36504	-0.50751	-0.33088	-0.24634	0.10065	0.51194	0.84282	0.63935	0.3297	-0.12884	-0.33445	-0.46462	-0.50071	-0.50184	-0.45199	-0.41156	-0.33798	-0.27885	-0.20919	-0.13538	-0.031747	0.0061978	-1.6873
934.61	0.053653	0.010463	-0.041609	-0.0052507	-0.1441	-0.17716	-0.24307	-0.31948	-0.35416	-0.30095	-0.34925	-0.16999	0.15785	0.5284	0.8433	0.71659	0.22824	-0.21937	-0.40527	-0.5144	-0.53269	-0.5385	-0.47963	-0.41917	-0.33511	-0.29344	-0.23305	-0.13696	-0.016945	0.021305	-2.0041
935.89	0.055239	0.011222	-0.034184	-0.0012227	-0.15202	-0.16552	-0.2227	-0.30676	-0.29202	-0.36079	-0.085655	0.025465	0.13318	0.75387	0.91263	0.44275	0.12888	-0.31555	-0.49955	-0.55207	-0.58226	-0.54537	-0.48782	-0.43088	-0.34458	-0.28824	-0.2272	-0.13603	-0.0070555	0.026833	-2.3148
936.74	0.054361	0.021264	-0.046421	0.00038622	-0.13384	-0.16449	-0.23405	-0.27949	-0.28307	-0.22289	-0.12182	0.17808	0.32034	0.75318	0.8854	0.51048	0.028167	-0.40026	-0.57114	-0.62569	-0.61416	-0.58877	-0.52032	-0.46401	-0.3458	-0.28718	-0.22305	-0.13815	0.00034511	0.03395	-2.627
937.06	0.042741	0.0034789	-0.03496	-0.0052369	-0.12388	-0.1548	-0.22165	-0.24833	-0.2735	-0.28298	-0.031155	0.059339	0.30393	0.64804	0.91149	0.38256	-0.074856	-0.48159	-0.6547	-0.67146	-0.65528	-0.59616	-0.54425	-0.44505	-0.33805	-0.28948	-0.21744	-0.13885	-0.0070451	0.029179	-2.883
936.84	0.04358	0.021261	-0.05214	-0.00041686	-0.11759	-0.16623	-0.20169	-0.23939	-0.23092	-0.20566	-0.040221	0.19502	0.37729	0.6724	0.8853	0.30599	-0.1452	-0.57019	-0.72688	-0.71421	-0.67894	-0.62331	-0.53794	-0.45333	-0.35721	-0.31114	-0.22776	-0.12392	0.010203	0.022841	-3.1558
936.42	0.047745	0.019724	-0.037437	-0.001222	-0.11855	-0.18033	-0.18252	-0.21905	-0.21759	-0.11114	-0.04932	0.16966	0.4019	0.72922	0.94736	0.30613	-0.2598	-0.64408	-0.79928	-0.75544	-0.70519	-0.65568	-0.57516	-0.45927	-0.3589	-0.31849	-0.22707	-0.13445	-0.019378	0.026027	-3.3859
936.74	0.047729	0.025902	-0.024339	-0.0076496	-0.10678	-0.13733	-0.18323	-0.20589	-0.19698	-0.17129	0.21357	0.16962	0.51574	0.94689	0.85899	0.16971	-0.35459	-0.74464	-0.87888	-0.808	-0.74305	-0.67318	-0.61916	-0.46974	-0.36336	-0.31038	-0.24121	-0.12393	0.0036309	0.025224	-3.6313
937.48	0.062601	0.016611	-0.02432	-0.006037	-0.12292	-0.16524	-0.17385	-0.19019	-0.17079	-0.093819	0.095666	0.3898	0.53974	0.89776	0.86711	0.01634	-0.45646	-0.82722	-0.95486	-0.84652	-0.76838	-0.69964	-0.59619	-0.49715	-0.37146	-0.31093	-0.23944	-0.14177	0.0052719	0.036301	-3.8356
937.91	0.050981	0.025869	-0.037377	-0.0076401	-0.10124	-0.13978	-0.15532	-0.17949	-0.15178	-0.093777	0.24953	0.22868	0.59642	0.80867	0.84034	0.11843	-0.56244	-0.89599	-1.01	-0.88953	-0.79475	-0.70522	-0.61438	-0.48141	-0.36977	-0.30839	-0.24012	-0.13723	0.006088	0.043413	-4.0109
938.33	0.05344	0.025859	-0.03736	-0.0076366	-0.090393	-0.12835	-0.15217	-0.16961	-0.12096	-0.10233	0.10462	0.25397	0.71807	0.7922	0.71688	-0.051692	-0.65526	-0.96206	-1.0822	-0.92314	-0.8122	-0.73355	-0.61249	-0.4967	-0.37265	-0.31145	-0.24474	-0.13642	-0.0029357	0.033099	-4.1756
938.44	0.060055	0.01505	-0.033275	0.0011872	-0.1237	-0.13096	-0.15446	-0.16633	-0.10676	0.077946	0.1951	0.40632	0.69361	0.85655	0.7168	-0.21327	-0.75886	-1.0354	-1.1485	-0.95705	-0.8558	-0.75032	-0.61323	-0.51461	-0.36499	-0.33697	-0.24156	-0.1364	0.0052634	0.044181	-4.3052
939.29	0.053386	0.028917	-0.039769	0.0092001	-0.11459	-0.13695	-0.13666	-0.15231	-0.097209	-0.0078814	0.27627	0.48206	0.74172	0.79942	0.58445	-0.28105	-0.82261	-1.1061	-1.1967	-0.98847	-0.88574	-0.75721	-0.61908	-0.49783	-0.37151	-0.30076	-0.24134	-0.12807	-0.0012935	0.040185	-4.4455
940.67	0.071466	0.022714	-0.026681	-0.0020162	-0.11981	-0.11494	-0.14183	-0.1358	-0.094706	-0.033561	0.34808	0.40536	0.63522	0.79022	0.54852	-0.23821	-0.90121	-1.1769	-1.2362	-1.0082	-0.86991	-0.76451	-0.63097	-0.51582	-0.37172	-0.33856	-0.22998	-0.13384	0.0011628	0.051184	-4.5675
942.38	0.056507	0.022673	-0.034762	-0.0060057	-0.10704	-0.12605	-0.1431	-0.15344	-0.079618	-0.15316	0.26636	0.48048	0.62598	0.78076	0.70506	-0.38175	-0.95893	-1.2166	-1.2877	-1.0377	-0.91749	-0.78326	-0.63223	-0.51327	-0.37105	-0.32443	-0.23663	-0.14401	0.0060591	0.029014	-4.6453
943.87	0.054772	0.030311	-0.029835	0.0019789	-0.10777	-0.12325	-0.13218	-0.12397	-0.088899	0.060424	0.27495	0.38713	0.69771	0.85161	0.59035	-0.40651	-1.0353	-1.246	-1.3183	-1.064	-0.91444	-0.7837	-0.6408	-0.51327	-0.38032	-0.30883	-0.21352	-0.11409	0.0084957	0.048649	-4.6956
944.4	0.051454	0.011121	-0.035499	-0.0012117	-0.1086	-0.1197	-0.14432	-0.13364	-0.077881	0.0006857	0.31076	0.49626	0.78617	0.85115	0.53763	-0.37248	-1.1021	-1.3001	-1.3533	-1.0913	-0.92759	-0.79917	-0.65001	-0.50487	-0.37253	-0.31738	-0.2275	-0.12664	-0.0021024	0.032886	-4.717
945.36	0.039901	0.014173	-0.042757	0.0019758	-0.10849	-0.12392	-0.13807	-0.12621	-0.069195	-0.04191	0.3823	0.48738	0.76116	0.99423	0.48473	-0.39743	-1.1391	-1.3552	-1.3884	-1.0961	-0.95476	-0.80422	-0.63263	-0.4995	-0.36686	-0.32023	-0.21475	-0.11762	0.005228	0.040713	-4.7429
947.06	0.03901	0.010324	-0.030545	-0.012336	-0.10383	-0.12023	-0.1363	-0.1187	-0.071413	0.00068378	0.41747	0.46134	0.81616	0.729	0.46646	-0.46413	-1.1855	-1.3692	-1.4099	-1.1152	-0.90735	-0.79192	-0.63864	-0.50102	-0.38357	-0.31887	-0.19718	-0.11962	-0.0020965	0.0477	-4.7383
948.87	0.0463	0.00038268	-0.033718	-0.003586	-0.10898	-0.1226	-0.12464	-0.11686	-0.056464	-0.084209	0.17505	0.45207	0.66992	0.81526	0.51771	-0.40437	-1.193	-1.3822	-1.4142	-1.108	-0.94483	-0.77957	-0.64536	-0.5251	-0.36324	-0.32142	-0.22253	-0.12973	-0.0029015	0.034297	-4.7216
950.04	0.047061	0.017915	-0.05706	0.0043417	-0.11507	-0.11381	-0.11917	-0.11833	-0.065738	0.068521	0.29996	0.59368	0.82162	0.83017	0.4563	-0.57187	-1.2286	-1.4073	-1.4364	-1.1235	-0.91969	-0.81274	-0.62714	-0.51236	-0.36128	-0.31708	-0.23472	-0.11187	0.0060103	0.048333	-4.7094
951.1	0.044559	0.0095191	-0.054581	-0.0075341	-0.11583	-0.13525	-0.14027	-0.12464	-0.069553	-0.067067	0.40677	0.41761	0.85279	0.90874	0.61189	-0.49571	-1.2377	-1.4161	-1.4479	-1.1365	-0.96656	-0.80933	-0.63356	-0.50776	-0.36314	-0.30175	-0.22279	-0.11396	0.013288	0.056872	-4.7017
952.59	0.04938	0.030033	-0.037605	-0.0043618	-0.12275	-0.12643	-0.14687	-0.12847	-0.056243	-0.016223	0.36156	0.57539	0.82744	0.75653	0.65422	-0.57033	-1.2398	-1.4069	-1.4418	-1.1163	-0.9236	-0.81222	-0.61992	-0.50375	-0.3483	-0.29577	-0.20536	-0.10937	-0.0012754	0.045084	-4.7139
953.65	0.037113	0.0094937	-0.066484	0.0059045	-0.11464	-0.14608	-0.12401	-0.13234	-0.073247	-0.041546	0.2009	0.48314	0.68254	0.76361	0.54972	-0.5446	-1.2336	-1.4131	-1.4463	-1.1234	-0.9584	-0.80136	-0.63028	-0.51523	-0.37341	-0.32373	-0.21521	-0.14525	0.003568	0.029451	-4.7063
955.78	0.053278	0.007199	-0.049504	-0.01301	-0.11084	-0.14146	-0.13959	-0.14006	-0.07231	0.11024	0.23597	0.47374	0.85661	0.73818	0.5226	-0.44318	-1.2501	-1.4074	-1.4546	-1.1284	-0.95865	-0.80703	-0.63282	-0.50687	-0.36884	-0.29871	-0.2217	-0.11707	0.012416	0.038713	-4.6407
957.16	0.032918	-0.0011346	-0.070243	0.0066689	-0.13628	-0.14983	-0.16124	-0.13586	-0.072978	-0.08348	0.22678	0.48964	0.63224	0.82399	0.496	-0.5676	-1.2347	-1.3968	-1.4295	-1.1184	-0.9541	-0.79843	-0.63348	-0.51735	-0.36159	-0.30532	-0.22834	-0.11104	0.00033775	0.025463	-4.4745
958.22	0.028021	-0.017006	-0.071764	-0.0082632	-0.14848	-0.16423	-0.1588	-0.1501	-0.084478	-0.12541	0.42148	0.42279	0.82257	0.80729	0.46102	-0.37543	-1.1893	-1.3764	-1.4057	-1.0947	-0.915	-0.79919	-0.61863	-0.49439	-0.35073	-0.30498	-0.20724	-0.11604	0.016399	0.026208	-4.3418
959.71	0.022316	-0.013961	-0.082828	-0.0082504	-0.14033	-0.14858	-0.16532	-0.15386	-0.088972	-0.0077137	0.42965	0.4718	0.64646	0.79029	0.44309	-0.3998	-1.1579	-1.358	-1.3967	-1.098	-0.93178	-0.78312	-0.62003	-0.48564	-0.35242	-0.27562	-0.19535	-0.11513	0.0099597	0.026942	-4.2366
960.88	0.041681	-0.018466	-0.074754	-0.0019738	-0.15774	-0.16549	-0.17337	-0.16404	-0.093484	-0.10831	0.19939	0.39681	0.72505	0.78145	0.56274	-0.36609	-1.1103	-1.2991	-1.3675	-1.0551	-0.88797	-0.77723	-0.62084	-0.47946	-0.36167	-0.2823	-0.21282	-0.11498	0.0027408	0.034642	-4.0353
961.84	0.039217	0.0079063	-0.081051	-0.016058	-0.15934	-0.16191	-0.1942	-0.17025	-0.1157	-0.032822	0.40221	0.5038	0.75603	0.93004	0.61361	-0.24128	-1.0463	-1.2671	-1.3272	-1.0541	-0.87208	-0.75179	-0.60927	-0.47899	-0.34718	-0.27423	-0.19492	-0.096658	0.014738	0.040787	-3.802
963.01	0.039977	-0.01316	-0.09209	0.0019396	-0.16353	-0.16853	-0.18422	-0.17481	-0.12478	0.042503	0.26947	0.55267	0.74718	1.0231	0.57005	-0.35699	-0.99964	-1.2315	-1.2837	-1.0155	-0.87024	-0.73692	-0.59445	-0.46806	-0.32968	-0.28246	-0.16549	-0.10746	0.013123	0.049997	-3.6404
963.65	0.038339	-0.031941	-0.088851	0.0050626	-0.17044	-0.18375	-0.20057	-0.19696	-0.13698	-0.091272	0.20761	0.33797	0.62007	0.81845	0.54402	-0.40644	-0.94413	-1.183	-1.2456	-1.0008	-0.83893	-0.72413	-0.57844	-0.45344	-0.32352	-0.27216	-0.19532	-0.10448	0.0059254	0.029146	-3.3645
963.43	0.017392	-0.031198	-0.1	0.00037551	-0.17574	-0.20168	-0.21259	-0.20336	-0.14699	0.0174	0.25171	0.34631	0.72313	0.7951	0.57836	-0.27401	-0.87833	-1.127	-1.2017	-0.95376	-0.84463	-0.70787	-0.56216	-0.44082	-0.31469	-0.26211	-0.17386	-0.10814	0.0035318	0.024525	-3.0948
963.65	0.029476	-0.011649	-0.084079	-0.003531	-0.18447	-0.2076	-0.23125	-0.21524	-0.17306	-0.22502	0.22522	0.34623	0.65172	0.9283	0.57823	-0.14973	-0.78989	-1.0705	-1.1451	-0.95024	-0.84051	-0.68884	-0.55501	-0.43913	-0.31313	-0.26905	-0.19455	-0.09575	0.0099191	0.042253	-2.8571
