13681	5	3	91	26.1	747	1	4	8	2.912	128	4096	10	0	0	0	0	372.72	920.26	1.4031e+006	0.1149	0.12628	39.843	0	0	1	0	0	0	11	0	0
911.52	0.0053669	-0.025505	-0.11227	-0.16909	-0.20297	-0.24669	-0.25997	-0.29618	-0.25053	-0.24495	-0.11196	0.1485	0.3697	0.92996	0.74287	0.21277	-0.37559	-0.74004	-0.85076	-0.76792	-0.70773	-0.59604	-0.49033	-0.39284	-0.28511	-0.25719	-0.15849	-0.11088	-8.2097e-005	0.03171	-1.6401
910.34	0.015608	-0.029515	-0.10316	-0.16683	-0.23387	-0.247	-0.28328	-0.3134	-0.26467	-0.3603	0.055789	0.061429	0.3953	0.82319	0.62604	0.23933	-0.27256	-0.65443	-0.78901	-0.73647	-0.66527	-0.56554	-0.48021	-0.37651	-0.28626	-0.2287	-0.16032	-0.085623	0.02274	0.031751	-1.3555
909.92	0.025002	-0.046246	-0.11499	-0.176	-0.24976	-0.26155	-0.30799	-0.30765	-0.29569	-0.27194	-0.074833	-0.017102	0.37871	0.84019	0.84387	0.18683	-0.17839	-0.57085	-0.70957	-0.6763	-0.62385	-0.56406	-0.44403	-0.35985	-0.26438	-0.21975	-0.1604	-0.063332	-0.0068491	0.040747	-1.0541
909.81	0.015617	-0.033512	-0.11669	-0.2025	-0.24329	-0.27512	-0.30406	-0.34811	-0.31524	-0.21	-0.23349	0.1837	0.22786	0.56609	0.74428	0.16052	-0.062209	-0.49603	-0.63709	-0.62375	-0.58469	-0.52936	-0.45401	-0.35989	-0.24476	-0.21813	-0.13114	-0.080282	0.0024554	0.034218	-0.71321
909.28	0.017335	-0.023177	-0.1176	-0.19517	-0.25737	-0.29153	-0.32645	-0.36769	-0.34553	-0.33414	-0.29901	-0.052055	0.19444	0.68281	0.79006	0.3186	0.024536	-0.40876	-0.55841	-0.56619	-0.57001	-0.49141	-0.46835	-0.34073	-0.23782	-0.21908	-0.13448	-0.092659	0.028691	0.045679	-0.32677
909.49	-0.0074266	-0.042285	-0.14621	-0.21912	-0.26196	-0.29417	-0.35333	-0.39624	-0.38124	-0.39606	-0.35495	-0.10445	0.11893	0.68265	0.80802	0.36239	0.11466	-0.34729	-0.48005	-0.53447	-0.52145	-0.47739	-0.44672	-0.30695	-0.21575	-0.20502	-0.13363	-0.070295	0.020223	0.043217	0.044369
909.07	0.022463	-0.042305	-0.14713	-0.19604	-0.2658	-0.29701	-0.35984	-0.40823	-0.42048	-0.50258	-0.41116	-0.20062	0.15253	0.52496	0.70858	0.65225	0.19393	-0.22736	-0.41088	-0.48819	-0.4841	-0.45065	-0.37407	-0.31805	-0.22529	-0.20017	-0.11742	-0.059536	0.01854	0.030977	0.4443
907.89	0.00025809	-0.058315	-0.12875	-0.21868	-0.25963	-0.32542	-0.39526	-0.43069	-0.44628	-0.48548	-0.42104	-0.30588	0.060316	0.45902	0.94568	0.62674	0.28701	-0.13905	-0.32577	-0.41323	-0.44625	-0.42423	-0.38201	-0.28808	-0.20274	-0.1864	-0.13386	-0.076592	-0.0068644	0.033474	0.78485
908.53	0.0045304	-0.043128	-0.14806	-0.21936	-0.27246	-0.34688	-0.3934	-0.45822	-0.47528	-0.494	-0.53291	-0.3144	-0.03207	0.36715	0.9178	0.6263	0.40233	-0.070288	-0.23996	-0.36024	-0.3983	-0.36649	-0.3544	-0.28198	-0.20259	-0.19369	-0.10283	-0.053402	0.005845	0.038356	1.1891
909.49	0.019039	-0.056617	-0.15211	-0.22409	-0.2954	-0.35012	-0.41995	-0.46784	-0.50081	-0.75918	-0.56038	-0.34028	-0.19137	0.57458	0.72638	0.68706	0.46676	0.012817	-0.14938	-0.31862	-0.36031	-0.35393	-0.33417	-0.24378	-0.18665	-0.15558	-0.11248	-0.067213	-0.00092954	0.03423	1.604
909.17	0.018192	-0.056637	-0.14627	-0.21258	-0.30016	-0.34844	-0.43279	-0.49244	-0.52458	-0.68855	-0.53254	-0.55009	-0.16626	0.28373	0.59965	0.8804	0.53266	0.11574	-0.088924	-0.25729	-0.32034	-0.33579	-0.30696	-0.24892	-0.1702	-0.15316	-0.10113	-0.062612	0.0066869	0.017897	2.0217
908.53	0.019059	-0.03356	-0.14131	-0.23178	-0.31618	-0.34868	-0.445	-0.51134	-0.57626	-0.68018	-0.56097	-0.67286	-0.19998	0.10087	0.67269	0.92493	0.61061	0.19081	-0.024396	-0.19423	-0.27543	-0.29425	-0.28067	-0.24319	-0.15536	-0.13677	-0.084914	-0.030263	0.014315	0.054711	2.409
908.96	0.010508	-0.058246	-0.1463	-0.24989	-0.3058	-0.37832	-0.45272	-0.54987	-0.60122	-0.76848	-0.79425	-0.71627	-0.38448	0.092492	0.74496	0.73135	0.65921	0.24491	0.050663	-0.14936	-0.23938	-0.27063	-0.25818	-0.21189	-0.14427	-0.14742	-0.10278	-0.053377	-0.0068563	0.048965	2.7566
909.17	0.011359	-0.040708	-0.15553	-0.25811	-0.32804	-0.42157	-0.49149	-0.5885	-0.64095	-0.83917	-0.8314	-0.64619	-0.58573	-0.023932	0.52706	0.77507	0.72646	0.31256	0.1273	-0.10807	-0.20007	-0.23056	-0.24156	-0.21016	-0.12535	-0.13173	-0.067766	-0.052592	0.027001	0.034242	3.2074
908.96	0.0028191	-0.053465	-0.18001	-0.259	-0.35135	-0.39187	-0.4916	-0.61056	-0.66307	-0.9014	-0.68214	-0.8124	-0.49357	-0.12376	0.382	0.90695	0.75445	0.38849	0.20157	-0.051027	-0.14999	-0.21235	-0.20435	-0.16975	-0.1482	-0.1128	-0.074293	-0.052605	0.012616	0.038338	3.6323
908.43	0.022482	-0.079009	-0.15313	-0.2633	-0.35063	-0.37493	-0.51968	-0.63874	-0.7107	-0.89306	-0.97231	-1.0315	-0.69537	-0.46505	0.32776	0.97775	0.78441	0.4583	0.26709	0.0025313	-0.090729	-0.18113	-0.18541	-0.16648	-0.13412	-0.08646	-0.066192	-0.033352	-0.011095	0.03836	4.0297
907.68	0.020787	-0.041571	-0.15241	-0.27264	-0.35464	-0.43131	-0.51375	-0.6207	-0.73981	-0.92929	-1.1228	-0.97981	-0.8892	-0.3988	0.44616	0.82911	0.81628	0.50841	0.31095	0.048252	-0.083274	-0.13773	-0.15985	-0.16155	-0.10665	-0.10552	-0.050761	-0.023343	0.026198	0.046576	4.4164
906.61	0.00025845	-0.040023	-0.16358	-0.27877	-0.35506	-0.44539	-0.54458	-0.65016	-0.74802	-0.89485	-1.0773	-1.1737	-0.90708	-0.55772	0.3739	0.78606	0.83668	0.57238	0.3728	0.10992	-0.033117	-0.10736	-0.12434	-0.11526	-0.094149	-0.088285	-0.04674	-0.0086867	0.0084024	0.045812	4.853
906.4	0.0071112	-0.053616	-0.17123	-0.25475	-0.38777	-0.44369	-0.57256	-0.68666	-0.78982	-1.2061	-1.19	-1.2266	-1.1934	-0.75803	0.073716	0.83028	0.85631	0.60784	0.44087	0.12756	-0.00045233	-0.077726	-0.10942	-0.10177	-0.087859	-0.064329	-0.031244	-0.017194	0.011802	0.028609	5.2653
905.97	0.015684	-0.05604	-0.15439	-0.28478	-0.40754	-0.47017	-0.57602	-0.69882	-0.86205	-1.0644	-1.2093	-1.4025	-1.2613	-1.0087	0.064635	0.88351	0.84995	0.67517	0.48237	0.18311	0.041457	-0.073398	-0.084546	-0.099274	-0.071321	-0.079248	-0.036159	0.0029082	0.02285	0.045846	5.6925
905.87	0.025114	-0.04725	-0.17217	-0.29811	-0.40106	-0.47295	-0.60554	-0.72258	-0.87441	-1.1979	-1.275	-1.4904	-1.3962	-1.1925	0.046443	0.76028	0.83398	0.71059	0.5302	0.23423	0.076667	-0.025401	-0.072923	-0.07899	-0.068172	-0.0412	-0.03453	-0.006373	0.024551	0.036828	6.1014
905.23	-0.0074616	-0.049684	-0.17991	-0.29001	-0.40601	-0.4896	-0.63226	-0.76625	-0.89791	-1.3055	-1.4166	-1.5265	-1.6752	-1.3019	-0.28153	0.67265	0.86927	0.74917	0.59459	0.27671	0.11196	0.013016	-0.036388	-0.053656	-0.042936	-0.038747	-0.016572	0.0013634	0.019469	0.049987	6.4467
905.12	0.010552	-0.054492	-0.18332	-0.30917	-0.42099	-0.50326	-0.62915	-0.78243	-0.94624	-1.1633	-1.5387	-1.7198	-1.9029	-1.6111	-0.37267	0.55811	0.84144	0.77465	0.64247	0.32524	0.15475	0.035732	-0.023086	-0.03504	-0.036618	-0.031299	-0.01821	-0.010248	0.039876	0.032754	6.8584
904.27	0.0062681	-0.056948	-0.19196	-0.31529	-0.43727	-0.49466	-0.64888	-0.80435	-0.96676	-1.4851	-1.3993	-1.9322	-2.0059	-1.7129	-0.76523	0.61161	0.80072	0.79082	0.66903	0.35114	0.19689	0.064621	-0.0022957	-0.013046	-0.029535	-0.010609	-0.017409	0.007562	0.034807	0.031964	7.2685
903.31	0.0002594	-0.052998	-0.19047	-0.33229	-0.44897	-0.50882	-0.67353	-0.82386	-1.0259	-1.4064	-1.6076	-1.8376	-2.0587	-1.9324	-0.74777	0.40021	0.79564	0.81619	0.70304	0.38508	0.21139	0.082195	0.0177	-0.0096661	-0.01848	-0.024725	-0.001866	0.022311	0.028029	0.041045	7.6013
902.46	0.012303	-0.06348	-0.18471	-0.33343	-0.44003	-0.54113	-0.69255	-0.85265	-1.0646	-1.256	-1.7973	-1.9977	-2.3903	-2.3447	-0.85816	0.2591	0.75055	0.82788	0.72808	0.43585	0.25366	0.11206	0.03857	-0.0011875	0.0029009	-0.002325	0.0038706	0.014567	0.026349	0.046846	7.9613
901.18	0.0019823	-0.057143	-0.19007	-0.33391	-0.44628	-0.55647	-0.69513	-0.88277	-1.0908	-1.7494	-1.9224	-2.0975	-2.6053	-2.39	-1.079	0.24178	0.71335	0.85273	0.76168	0.45772	0.26413	0.14381	0.044471	0.022616	-0.003444	0.0018292	0.012908	0.0052581	0.04005	0.027126	8.3362
900.75	0.0071558	-0.043501	-0.18336	-0.31067	-0.44461	-0.5139	-0.72268	-0.907	-1.1233	-1.8843	-1.9987	-2.319	-2.7081	-2.752	-1.3542	0.064696	0.65416	0.85314	0.79787	0.50224	0.30894	0.16583	0.063712	0.041337	0.020375	0.016808	0.0046973	0.023929	0.025546	0.039512	8.6884
899.47	0.012346	-0.055639	-0.1734	-0.32031	-0.45182	-0.55661	-0.74456	-0.94151	-1.1825	-1.7437	-2.0015	-2.4989	-2.8476	-3.0585	-1.5854	0.038152	0.57077	0.85161	0.79492	0.51182	0.34315	0.17573	0.086398	0.033728	0.028356	0.013499	0.0071732	0.029418	0.011039	0.036262	9.0254
898.3	0.0019886	-0.052486	-0.17362	-0.33582	-0.46276	-0.58932	-0.74794	-0.95894	-1.2104	-1.7191	-2.2405	-2.679	-3.0466	-3.1635	-1.6517	-0.1217	0.52802	0.85912	0.82618	0.56668	0.36388	0.20765	0.11165	0.068741	0.044318	0.015185	0.026947	0.019315	0.034182	0.036313	9.3215
897.45	0.0045863	-0.068677	-0.19257	-0.36046	-0.45661	-0.57982	-0.74945	-1.0051	-1.228	-1.8374	-2.271	-2.6993	-3.364	-3.3518	-1.9198	-0.34412	0.48157	0.86909	0.85475	0.58412	0.38961	0.23163	0.10588	0.076488	0.038781	0.029397	0.028623	0.0060588	0.024781	0.038002	9.6281
897.23	-0.0040668	-0.068694	-0.17981	-0.34125	-0.48968	-0.57904	-0.77455	-1.0028	-1.2563	-1.9995	-2.2621	-2.7619	-3.3308	-3.479	-2.242	-0.41537	0.40056	0.84551	0.86476	0.59137	0.40663	0.24843	0.12856	0.095292	0.044371	0.036921	0.026155	0.028709	0.032508	0.028901	9.9044
896.38	0.02798	-0.068759	-0.18767	-0.3315	-0.47129	-0.57868	-0.78736	-1.0054	-1.2864	-1.9834	-2.4442	-3.1456	-3.5807	-3.8113	-2.2073	-0.38906	0.33514	0.86554	0.86231	0.632	0.44175	0.26102	0.15975	0.091963	0.064361	0.046155	0.025356	0.025609	0.021378	0.022298	10.214
895.74	-0.0075407	-0.064766	-0.17925	-0.35862	-0.45559	-0.61483	-0.81771	-1.0198	-1.3278	-2.0208	-2.6545	-3.1922	-3.6854	-4.2191	-2.3378	-0.71896	0.26268	0.85608	0.85065	0.66452	0.44122	0.28416	0.1834	0.096306	0.075587	0.036983	0.032807	0.030322	0.0093647	0.034755	10.434
895.21	-0.011883	-0.053478	-0.18535	-0.33109	-0.4653	-0.61887	-0.819	-1.0744	-1.3468	-1.941	-2.6466	-3.2384	-3.9177	-4.3145	-2.5603	-0.96009	0.19351	0.8355	0.86918	0.66135	0.46523	0.30464	0.18014	0.11776	0.074034	0.051237	0.046875	0.037386	0.036018	0.040586	10.653
896.17	-0.0014721	-0.059884	-0.19284	-0.33998	-0.4714	-0.58523	-0.80284	-1.0715	-1.3891	-2.0917	-2.6343	-3.2881	-4.1603	-4.4955	-2.9073	-0.94124	0.11295	0.81262	0.85924	0.65886	0.47151	0.31402	0.18919	0.12105	0.081138	0.048672	0.045173	0.012324	0.020524	0.030594	10.903
896.06	-0.0092701	-0.045342	-0.18688	-0.34254	-0.47334	-0.5853	-0.82949	-1.0853	-1.4008	-2.2538	-2.7578	-3.4658	-4.2119	-4.707	-3.193	-1.075	0.026608	0.81638	0.86098	0.68477	0.5097	0.32376	0.20265	0.13645	0.078753	0.070424	0.053435	0.031875	0.022243	0.018159	11.068
896.27	0.0019931	-0.038869	-0.18598	-0.31978	-0.48454	-0.60348	-0.83332	-1.0945	-1.4236	-2.0016	-2.8329	-3.465	-4.2279	-5.0855	-3.137	-1.3596	-0.016992	0.80703	0.87224	0.70864	0.51975	0.34751	0.21352	0.1407	0.08831	0.062047	0.054247	0.034213	0.023097	0.029762	11.228
896.91	-0.019651	-0.048531	-0.19097	-0.34053	-0.47007	-0.61494	-0.83273	-1.0885	-1.4514	-2.081	-2.9824	-3.4271	-4.5055	-5.1998	-3.4198	-1.5366	-0.081041	0.78907	0.87243	0.71526	0.52107	0.34726	0.21673	0.13633	0.083463	0.053647	0.043487	0.036532	0.028227	0.03471	11.357
896.17	-0.0023397	-0.057459	-0.19199	-0.35425	-0.47612	-0.63194	-0.82939	-1.1083	-1.4436	-2.1457	-2.928	-3.4389	-4.671	-5.2632	-3.6712	-1.4399	-0.14865	0.76682	0.86334	0.72832	0.541	0.36079	0.21439	0.15525	0.085927	0.05871	0.041873	0.027961	0.027393	0.024791	11.507
895.74	0.0071958	-0.049404	-0.17839	-0.33257	-0.48672	-0.60659	-0.84026	-1.1387	-1.4558	-2.3715	-2.92	-3.5912	-4.6562	-5.4599	-3.5992	-1.5653	-0.20602	0.74978	0.85965	0.73223	0.54973	0.37155	0.22794	0.14164	0.084371	0.068777	0.047673	0.01546	0.008506	0.016507	11.63
896.17	0.0028593	-0.063118	-0.16805	-0.33661	-0.50629	-0.58889	-0.84549	-1.0954	-1.4733	-2.2086	-2.9754	-3.6693	-4.6965	-5.6344	-3.754	-1.7516	-0.26918	0.75309	0.86006	0.74435	0.5571	0.37137	0.24127	0.16037	0.097899	0.061217	0.044347	0.027181	0.011077	0.033082	11.691
895.74	-0.0023408	-0.063956	-0.15616	-0.32417	-0.46408	-0.60933	-0.85555	-1.1327	-1.512	-2.1647	-3.2423	-3.6622	-4.9627	-5.789	-3.8018	-1.8237	-0.29839	0.73787	0.8531	0.76074	0.5438	0.37773	0.2313	0.1442	0.11391	0.063756	0.065843	0.028757	0.017956	0.035586	11.725
894.35	-0.0092878	-0.04462	-0.18295	-0.32552	-0.5007	-0.6323	-0.80043	-1.1388	-1.473	-2.3211	-3.0479	-3.5968	-4.9448	-5.7304	-3.946	-1.8533	-0.3374	0.72524	0.85442	0.73604	0.54719	0.37743	0.22156	0.1607	0.086102	0.052963	0.04692	0.023317	0.02831	0.010718	11.807
894.14	-0.011027	-0.051919	-0.18385	-0.3197	-0.5046	-0.62236	-0.87483	-1.1408	-1.4882	-2.2046	-3.1531	-3.7043	-5.0484	-5.8332	-3.9747	-1.9162	-0.37175	0.70338	0.85955	0.74693	0.5643	0.36956	0.2275	0.16074	0.078123	0.053813	0.03783	0.01	0.011105	0.024847	11.814
893.5	-0.00060795	-0.06736	-0.16341	-0.32498	-0.47848	-0.6274	-0.85043	-1.1407	-1.5332	-2.2512	-3.1078	-3.7069	-5.069	-6.0658	-4.0513	-1.8819	-0.39689	0.71767	0.83964	0.75372	0.56301	0.38044	0.23609	0.14456	0.093387	0.063078	0.049449	0.013928	0.0068041	0.015716	11.837
893.29	-0.018862	-0.053593	-0.17288	-0.32759	-0.47765	-0.62295	-0.84095	-1.1367	-1.5269	-2.2518	-3.1656	-3.7345	-4.9678	-6.1011	-4.1262	-2.0967	-0.41413	0.716	0.83409	0.75658	0.55634	0.38231	0.24373	0.15746	0.091007	0.053864	0.039523	0.038248	0.011975	0.02986	11.823
892.97	-0.010173	-0.039013	-0.18066	-0.32181	-0.47782	-0.6195	-0.8566	-1.138	-1.5208	-2.1714	-3.1477	-3.7714	-5.1575	-6.1203	-4.026	-1.9724	-0.41514	0.71166	0.85821	0.76936	0.5727	0.38422	0.23792	0.15237	0.096647	0.060598	0.03705	0.020215	-0.00094674	0.031535	11.813
892.22	-0.021495	-0.060149	-0.18168	-0.31786	-0.49527	-0.59702	-0.83791	-1.1621	-1.5047	-2.417	-3.1218	-3.7122	-5.1532	-6.0152	-4.3899	-2.0724	-0.42751	0.7003	0.85318	0.75122	0.58339	0.39606	0.2339	0.16194	0.083902	0.051409	0.04952	0.010807	0.019751	0.0082448	11.817
891.05	-0.013682	-0.061856	-0.15784	-0.31574	-0.49023	-0.5978	-0.86815	-1.174	-1.5108	-2.4744	-3.145	-3.7974	-5.2028	-5.9892	-4.1365	-2.0483	-0.453	0.69477	0.84113	0.75758	0.56371	0.39658	0.24181	0.15872	0.095251	0.059047	0.042942	0.018685	0.021506	0.018261	11.823
890.09	-0.0093339	-0.04158	-0.18125	-0.32538	-0.47462	-0.61689	-0.82777	-1.1606	-1.5424	-2.2327	-3.0625	-3.855	-5.157	-6.3015	-4.2151	-2.1043	-0.47501	0.68538	0.82309	0.75033	0.57711	0.39079	0.25222	0.14512	0.092139	0.070057	0.034676	0.039173	0.0059662	0.015776	11.841
889.77	-0.011082	-0.048105	-0.15462	-0.3145	-0.4634	-0.61066	-0.85724	-1.1679	-1.5138	-2.2335	-3.2354	-3.8028	-5.2617	-6.2697	-4.1796	-2.1319	-0.49154	0.68286	0.83575	0.77033	0.57561	0.38115	0.23793	0.15033	0.094584	0.054077	0.047162	0.014775	0.0016447	0.014113	11.807
889.98	-0.0032279	-0.052162	-0.17524	-0.31696	-0.45854	-0.59483	-0.85542	-1.1513	-1.516	-2.3235	-3.1869	-3.7127	-5.3548	-6.1663	-4.2898	-1.961	-0.48368	0.67716	0.83555	0.7567	0.56097	0.38906	0.21926	0.14255	0.077683	0.044802	0.033019	-0.0009755	0.0016443	-0.012605	11.795
889.77	0.011607	-0.044038	-0.13912	-0.28997	-0.46624	-0.58021	-0.83698	-1.1266	-1.5205	-2.4689	-3.2068	-3.7671	-5.2275	-6.2272	-4.402	-2.1499	-0.47863	0.69761	0.85471	0.75419	0.58329	0.37582	0.23116	0.13656	0.060821	0.041442	0.032194	0.028162	-0.00095015	0.015782	11.641
888.91	-0.0023588	-0.041635	-0.15477	-0.29618	-0.44007	-0.57892	-0.84833	-1.1397	-1.5228	-2.0997	-3.1143	-3.6546	-5.1038	-6.0036	-4.1094	-2.107	-0.45582	0.69921	0.83407	0.75491	0.57616	0.36373	0.22715	0.12893	0.07456	0.039796	0.011419	0.0029641	-0.0026832	0.010783	11.504
888.27	-0.028583	-0.044925	-0.13246	-0.32435	-0.43373	-0.59782	-0.82702	-1.1009	-1.5155	-2.2101	-3.1452	-3.6125	-5.1246	-6.0845	-4.0845	-2.1355	-0.42596	0.72004	0.83054	0.75905	0.53896	0.37645	0.21206	0.11868	0.069782	0.021264	0.022255	0.0061229	0.0025149	0.0091191	11.35
888.81	-0.018082	-0.048973	-0.1772	-0.29367	-0.43918	-0.59192	-0.82247	-1.1261	-1.4855	-2.3719	-3.1625	-3.6192	-5.113	-5.8342	-4.0727	-2.0175	-0.3895	0.70022	0.85316	0.74872	0.54035	0.36555	0.19245	0.11602	0.047206	0.023781	0.0014328	-0.021475	0.0033771	0.00075233	11.122
889.45	0.0063726	-0.039167	-0.13573	-0.30785	-0.44741	-0.57581	-0.82187	-1.0951	-1.4653	-2.3792	-3.017	-3.706	-4.8435	-5.762	-3.8472	-1.7469	-0.31773	0.72555	0.84182	0.71857	0.53399	0.33151	0.19231	0.096988	0.032697	0.027976	-0.0060531	-0.012793	-0.0096025	0.0082706	10.974
889.55	-0.0067207	-0.044047	-0.11504	-0.2985	-0.42076	-0.55082	-0.81448	-1.07	-1.4793	-2.0982	-3.0166	-3.6073	-4.7914	-5.6253	-3.7541	-1.6301	-0.26171	0.75776	0.83842	0.72297	0.52709	0.33058	0.20921	0.093531	0.043952	0.017018	-0.010212	-0.008066	-0.0096013	0.0074332	10.724
888.59	-0.011971	-0.04654	-0.13327	-0.28696	-0.43168	-0.56989	-0.77072	-1.0625	-1.4459	-2.2183	-2.9052	-3.7006	-4.5992	-5.5463	-3.4983	-1.5869	-0.21458	0.77059	0.83933	0.72465	0.50031	0.32115	0.17301	0.093632	0.046411	0.017881	-0.0052284	-0.0072866	-0.0096117	0.019149	10.49
888.7	-0.015464	-0.044903	-0.14705	-0.281	-0.44684	-0.54951	-0.75764	-1.0615	-1.3999	-2.0277	-2.9144	-3.4588	-4.6244	-5.384	-3.4514	-1.5688	-0.13696	0.75941	0.84665	0.70391	0.48744	0.31755	0.1569	0.066897	0.020651	-0.015855	-0.026871	-0.026997	-0.016539	0.0091147	10.241
889.13	-0.0014837	-0.060358	-0.1375	-0.25885	-0.42857	-0.53262	-0.78242	-1.0412	-1.3685	-2.1445	-2.7984	-3.3589	-4.4506	-5.0668	-3.4683	-1.3436	-0.084338	0.78028	0.87512	0.6919	0.50087	0.29161	0.16106	0.081511	0.019034	0.0094408	-0.022697	-0.015162	-8.4165e-005	0.0099439	10.007
889.55	0.01772	-0.046489	-0.12796	-0.2655	-0.41506	-0.52591	-0.75286	-1.0114	-1.3703	-2.1978	-2.6348	-3.3394	-4.3884	-4.9624	-3.2812	-1.0649	-0.039513	0.79467	0.85161	0.67004	0.47929	0.27636	0.13983	0.055636	0.0061605	-0.010784	-0.036826	-0.020668	-0.012197	0.0049272	9.776
889.23	-0.0058504	-0.022071	-0.1237	-0.24782	-0.40951	-0.52518	-0.74259	-1.0092	-1.3641	-2.0446	-2.693	-3.5729	-4.1156	-4.8962	-3.0969	-1.1191	0.030259	0.81157	0.86429	0.67118	0.45555	0.26756	0.1458	0.053933	0.0069666	-0.0082593	-0.031016	-0.0072813	-0.013066	0.014121	9.4529
889.87	0.0046254	-0.025312	-0.13997	-0.25356	-0.39023	-0.54325	-0.73638	-0.99815	-1.3282	-1.9255	-2.7006	-3.2311	-4.1383	-4.5868	-2.761	-1.0197	0.12063	0.81283	0.85625	0.65455	0.43901	0.26648	0.12793	0.03065	0.0037468	-0.030993	-0.026837	-0.033259	-0.018246	0.010772	9.1613
890.41	0.0098552	-0.03587	-0.14505	-0.26271	-0.38809	-0.53739	-0.74485	-0.99497	-1.2842	-2.1143	-2.6513	-3.2737	-4.0587	-4.4142	-2.7594	-0.76809	0.198	0.8271	0.85821	0.63892	0.41742	0.24412	0.10672	0.02977	-0.021962	-0.036025	-0.039282	-0.059209	-0.0087267	0.0040901	8.8697
891.47	0.023778	-0.026891	-0.11995	-0.24804	-0.41227	-0.4769	-0.70755	-0.98089	-1.252	-1.9311	-2.3338	-3.252	-3.763	-4.146	-2.4508	-0.69556	0.26221	0.84544	0.8613	0.61667	0.39989	0.21278	0.083796	0.025439	-0.023539	-0.032618	-0.052513	-0.040274	-0.012171	0.0082517	8.5494
894.14	0.032391	-0.038151	-0.11017	-0.26919	-0.38269	-0.46446	-0.70463	-0.92227	-1.245	-1.7812	-2.3554	-3.1623	-3.6323	-4.1252	-2.3604	-0.49712	0.31198	0.84751	0.82838	0.58717	0.3902	0.18827	0.086072	-0.011481	-0.037068	-0.036713	-0.049874	-0.04564	-0.020741	0.005734	8.1835
895.63	0.023668	-0.021107	-0.11768	-0.24941	-0.36602	-0.4866	-0.66803	-0.91817	-1.195	-1.7692	-2.3894	-2.7934	-3.5156	-3.7385	-2.1815	-0.55867	0.41154	0.86076	0.83928	0.58084	0.34038	0.18796	0.064076	-0.01745	-0.040999	-0.077654	-0.053922	-0.044	-0.00094392	0.01402	7.8115
896.49	0.010654	-0.012199	-0.12783	-0.23658	-0.35436	-0.47423	-0.65371	-0.90277	-1.1534	-1.7585	-2.2166	-2.7288	-3.2655	-3.4819	-1.8667	-0.27328	0.46585	0.83705	0.8213	0.54468	0.33243	0.16485	0.037986	-0.018286	-0.056917	-0.056681	-0.053871	-0.057244	-0.015536	0.013179	7.4742
896.59	0.023643	-0.038046	-0.12354	-0.23487	-0.36751	-0.45495	-0.65364	-0.88386	-1.1112	-1.938	-2.0364	-2.6576	-3.1205	-3.1105	-1.8388	-0.068543	0.52902	0.84702	0.81466	0.50813	0.32223	0.12867	0.032105	-0.04221	-0.082439	-0.055837	-0.086869	-0.061146	-0.003518	0.012349	7.0824
897.34	0.025356	-0.026715	-0.11575	-0.22293	-0.35214	-0.4628	-0.64907	-0.8319	-1.0773	-1.6402	-2.0631	-2.5757	-2.8969	-3.0742	-1.6259	-0.21077	0.56785	0.8573	0.79927	0.49525	0.28473	0.096842	0.017817	-0.04815	-0.075196	-0.093376	-0.079378	-0.054847	-0.013807	0.025587	6.7055
898.51	0.036554	-0.0097526	-0.1139	-0.23521	-0.32252	-0.43479	-0.64261	-0.83337	-1.0718	-1.6291	-2.0037	-2.3513	-2.7998	-2.8851	-1.2566	0.0026688	0.63617	0.8507	0.78026	0.48128	0.26238	0.091435	-0.01404	-0.077931	-0.086242	-0.084079	-0.078451	-0.053216	-0.022352	0.00984	6.2907
898.41	0.037424	-0.00088467	-0.11391	-0.23859	-0.34702	-0.44489	-0.6186	-0.78828	-1.0348	-1.4768	-1.9472	-2.1305	-2.5624	-2.532	-1.1191	0.047075	0.6968	0.83983	0.76321	0.45203	0.22522	0.063282	-0.033312	-0.083911	-0.10456	-0.089927	-0.085871	-0.054004	-0.024926	0.021421	5.8894
897.66	0.031398	-0.023477	-0.11742	-0.22369	-0.34825	-0.43155	-0.58778	-0.79235	-0.9813	-1.6216	-1.8637	-2.1146	-2.59	-2.2393	-1.2027	0.2605	0.72725	0.82042	0.74587	0.40529	0.20765	0.043956	-0.050111	-0.079713	-0.11979	-0.11171	-0.095008	-0.083711	0.0042022	0.0081949	5.5228
896.17	0.03665	-0.013009	-0.11334	-0.21818	-0.33186	-0.40021	-0.59359	-0.75691	-0.96065	-1.6154	-1.7342	-2.0915	-2.3305	-2.0574	-0.83657	0.3767	0.76778	0.82178	0.70946	0.36678	0.16562	0.03697	-0.062794	-0.11233	-0.13116	-0.12695	-0.11085	-0.076032	-8.3504e-005	0.0098658	5.1455
895.85	0.02453	-0.0033144	-0.11167	-0.18045	-0.31971	-0.42326	-0.56562	-0.73238	-0.91805	-1.2473	-1.6874	-1.977	-2.0759	-2.0244	-0.51464	0.28775	0.79713	0.80283	0.67205	0.35087	0.11991	-0.011563	-0.07542	-0.12776	-0.12323	-0.14122	-0.11089	-0.080751	-0.031869	0.032264	4.7151
896.17	0.024521	-0.01786	-0.091112	-0.21062	-0.30451	-0.40754	-0.5453	-0.70049	-0.87231	-1.112	-1.4594	-1.6927	-1.973	-1.7116	-0.45923	0.51025	0.83275	0.77782	0.64152	0.30177	0.11055	-0.034497	-0.10647	-0.13883	-0.14952	-0.14535	-0.10755	-0.085414	-0.0035197	0.022303	4.3148
895.95	0.021927	0.0096206	-0.099685	-0.21235	-0.30836	-0.37923	-0.51967	-0.66132	-0.83949	-1.2022	-1.4123	-1.6842	-1.7436	-1.5938	-0.37649	0.42133	0.84407	0.76243	0.59992	0.26622	0.062262	-0.057452	-0.12918	-0.13544	-0.15355	-0.15207	-0.12079	-0.083871	0.0067872	0.026454	3.9433
896.06	0.047053	-0.014629	-0.10908	-0.19049	-0.29512	-0.34346	-0.5019	-0.65696	-0.79316	-1.202	-1.2321	-1.6042	-1.6753	-1.3236	-0.30281	0.7775	0.85765	0.73669	0.57693	0.23323	0.058863	-0.082154	-0.15101	-0.17732	-0.17668	-0.15122	-0.14306	-0.094809	0.0050664	0.023965	3.5488
895.31	0.042757	-0.0033148	-0.098901	-0.21082	-0.28215	-0.35658	-0.49668	-0.61473	-0.77729	-1.0681	-1.2521	-1.4813	-1.4637	-1.2234	-0.026717	0.7425	0.85323	0.69696	0.52006	0.18084	0.0037837	-0.12197	-0.15365	-0.20485	-0.17523	-0.16976	-0.14897	-0.076104	-0.025012	0.010706	3.0921
895.74	0.034934	-0.021101	-0.10826	-0.17963	-0.26975	-0.35092	-0.4739	-0.6016	-0.72241	-0.93269	-1.1378	-1.321	-1.4119	-0.88521	0.16667	0.62632	0.85539	0.63615	0.47805	0.14868	-0.043692	-0.15192	-0.20316	-0.20732	-0.1991	-0.18976	-0.14559	-0.11205	0.01452	0.033097	2.6838
897.02	0.031422	0.0007279	-0.12006	-0.18861	-0.27785	-0.34401	-0.44347	-0.56573	-0.69169	-0.94034	-1.1361	-1.204	-1.1549	-0.79124	0.15723	0.69661	0.84648	0.58583	0.41195	0.08263	-0.073258	-0.17286	-0.22972	-0.21727	-0.22433	-0.18615	-0.15116	-0.10877	0.0084939	0.0082007	2.2768
897.87	0.034851	0.0047613	-0.10459	-0.16747	-0.2597	-0.31351	-0.41654	-0.54045	-0.68939	-0.95739	-1.0499	-1.1409	-0.96686	-0.5042	0.15708	0.89148	0.838	0.5423	0.35846	0.026559	-0.10617	-0.21144	-0.2404	-0.22816	-0.22571	-0.19015	-0.16832	-0.10476	-0.0086541	0.028053	1.8713
897.87	0.059065	-0.0081456	-0.073021	-0.16411	-0.24464	-0.29797	-0.41092	-0.51229	-0.65643	-0.8318	-0.84187	-1.1144	-0.82247	-0.43684	0.37755	0.90038	0.80301	0.50208	0.29637	0.0043377	-0.13916	-0.2317	-0.25298	-0.25802	-0.23925	-0.20767	-0.15761	-0.10788	-0.018941	0.033019	1.4809
898.3	0.034835	0.00072686	-0.083221	-0.17493	-0.24829	-0.30514	-0.3746	-0.49158	-0.64376	-0.70587	-0.9171	-0.76012	-0.82206	-0.30198	0.48754	0.68672	0.79922	0.43057	0.21947	-0.064959	-0.20334	-0.25976	-0.29643	-0.28093	-0.23834	-0.2251	-0.16412	-0.10783	-0.013792	0.036313	1.0235
898.3	0.043479	-0.0024995	-0.093455	-0.12382	-0.22854	-0.27956	-0.37861	-0.45832	-0.61659	-0.75069	-0.70913	-0.81318	-0.73715	-0.20941	0.57016	0.84663	0.76511	0.35198	0.17783	-0.088054	-0.2194	-0.29408	-0.32576	-0.29372	-0.27019	-0.22593	-0.18306	-0.12811	-0.0095079	0.026385	0.65867
900	0.045121	-0.0041033	-0.061781	-0.14867	-0.2328	-0.26717	-0.34664	-0.44979	-0.53322	-0.74033	-0.70778	-0.56451	-0.49	0.16063	0.60575	1.0046	0.70662	0.29203	0.095178	-0.15528	-0.26285	-0.33921	-0.33351	-0.32296	-0.26014	-0.22467	-0.186	-0.11152	-0.0052154	0.022208	0.29377
900.22	0.035624	-0.021802	-0.073683	-0.14027	-0.20834	-0.24158	-0.33213	-0.43266	-0.48378	-0.65963	-0.50953	-0.72322	-0.31195	0.11021	0.61475	0.8271	0.63922	0.21719	0.014488	-0.21375	-0.31678	-0.35406	-0.35601	-0.31692	-0.28392	-0.24127	-0.19664	-0.11617	-0.00093912	0.026329	-0.083388
900.75	0.039051	-0.0097284	-0.054926	-0.12682	-0.19789	-0.23597	-0.32874	-0.42135	-0.47446	-0.49826	-0.52809	-0.56404	-0.09162	0.18567	0.79754	0.78232	0.58101	0.14143	-0.053111	-0.26324	-0.33767	-0.39424	-0.36499	-0.3465	-0.2901	-0.24778	-0.20228	-0.11143	-0.019733	0.027139	-0.43326
900.86	0.014913	-0.0097272	-0.090638	-0.13098	-0.18849	-0.24049	-0.29507	-0.38643	-0.43909	-0.64127	-0.58459	-0.34354	-0.12547	0.47098	0.7425	0.56962	0.51461	0.043009	-0.1386	-0.32787	-0.39242	-0.4056	-0.3967	-0.34306	-0.30674	-0.27021	-0.1924	-0.12464	-0.01546	0.014765	-0.81212
901.6	0.046764	0.0007242	-0.064221	-0.12253	-0.20521	-0.22209	-0.28283	-0.39461	-0.40919	-0.66755	-0.4711	-0.33445	-0.099988	0.48738	0.65955	0.71962	0.43856	-0.028952	-0.20764	-0.37363	-0.42747	-0.42982	-0.41306	-0.35212	-0.30807	-0.26999	-0.20865	-0.13542	-8.3e-005	0.017225	-1.1165
902.88	0.044119	0.0031284	-0.060736	-0.094008	-0.18713	-0.19995	-0.27604	-0.34144	-0.37911	-0.5417	-0.27291	-0.29877	0.069109	0.47831	0.77738	0.7451	0.38278	-0.095277	-0.27558	-0.43851	-0.4706	-0.46337	-0.42915	-0.38302	-0.32348	-0.25051	-0.1977	-0.10961	-0.012869	0.018846	-1.459
904.38	0.034601	-0.012092	-0.066566	-0.12798	-0.17748	-0.20961	-0.2684	-0.34342	-0.36621	-0.30923	-0.36636	-0.14895	0.077424	0.39392	0.80345	0.6027	0.29405	-0.17862	-0.3538	-0.46161	-0.50005	-0.48358	-0.44842	-0.41034	-0.31504	-0.27911	-0.19247	-0.1288	-0.032419	0.040997	-1.7894
905.97	0.038826	0.0047187	-0.047845	-0.10366	-0.14546	-0.19565	-0.2337	-0.31237	-0.31494	-0.29091	-0.27198	-0.24515	0.052029	0.56013	0.86576	0.55758	0.19713	-0.25441	-0.43819	-0.50836	-0.55281	-0.51066	-0.48252	-0.39947	-0.32869	-0.28937	-0.1562	-0.1162	-0.015373	0.027802	-2.068
907.15	0.029361	0.0087039	-0.07143	-0.11099	-0.16669	-0.17096	-0.23817	-0.30521	-0.29659	-0.40596	-0.15931	0.00034986	0.21172	0.65941	0.84645	0.55686	0.12087	-0.33009	-0.49746	-0.57632	-0.56716	-0.52569	-0.4985	-0.40487	-0.29357	-0.26338	-0.19514	-0.12377	-0.0085657	0.017937	-2.3269
909.07	0.043819	0.0015145	-0.060323	-0.074323	-0.14589	-0.18144	-0.2337	-0.27254	-0.27318	-0.17473	-0.046896	0.035316	0.1861	0.74951	0.82653	0.3889	0.01527	-0.41608	-0.57629	-0.61461	-0.59102	-0.56546	-0.50407	-0.42002	-0.32836	-0.27354	-0.211	-0.1343	-0.010243	0.032612	-2.6118
910.88	0.049699	-0.002465	-0.044224	-0.10227	-0.1521	-0.17837	-0.24511	-0.24929	-0.25639	-0.33355	0.046439	-0.12174	0.27784	0.66502	0.70717	0.36184	-0.094939	-0.49365	-0.66051	-0.67384	-0.6407	-0.60514	-0.50224	-0.43853	-0.32614	-0.2911	-0.22358	-0.13788	-0.0085306	0.023575	-2.8327
911.52	0.03348	-0.0048457	-0.070246	-0.089813	-0.12418	-0.19175	-0.20854	-0.24323	-0.22618	-0.094722	-0.074701	0.16594	0.3697	0.80554	0.88764	0.11645	-0.18733	-0.60226	-0.74856	-0.70576	-0.6869	-0.61078	-0.53657	-0.47605	-0.34003	-0.31392	-0.21125	-0.13932	-0.0195	0.03823	-3.0841
912.58	0.045351	0.011826	-0.060091	-0.074861	-0.137	-0.16635	-0.20672	-0.22952	-0.20646	-0.23584	-0.009481	0.15704	0.38597	0.8046	0.86853	0.30869	-0.27274	-0.68701	-0.80074	-0.76177	-0.7119	-0.62393	-0.56069	-0.4587	-0.33572	-0.30123	-0.20127	-0.12688	-0.011045	0.033302	-3.3143
913.22	0.042768	-0.0024586	-0.046626	-0.091294	-0.15726	-0.16443	-0.20736	-0.22097	-0.1885	-0.25332	0.018423	0.22651	0.42747	0.83715	0.6873	0.18615	-0.38412	-0.74765	-0.86122	-0.80406	-0.73385	-0.65986	-0.5842	-0.43154	-0.36211	-0.31579	-0.23273	-0.14137	-0.0051399	0.025142	-3.4773
913.11	0.041922	0.0030948	-0.050827	-0.077289	-0.12952	-0.15007	-0.19949	-0.20757	-0.1796	-0.19159	0.20442	0.069938	0.47763	0.79585	0.77771	0.090025	-0.48065	-0.81875	-0.94326	-0.83212	-0.76387	-0.67553	-0.62631	-0.46934	-0.36137	-0.29039	-0.20764	-0.13294	-0.0034543	0.021076	-3.6496
912.9	0.047887	-0.0024595	-0.045803	-0.08473	-0.13325	-0.14471	-0.1861	-0.18412	-0.17073	-0.1387	0.12074	0.19179	0.61142	0.75462	0.69657	-0.014847	-0.5672	-0.89717	-1.011	-0.87165	-0.77819	-0.69734	-0.54483	-0.46441	-0.3497	-0.32083	-0.22065	-0.11916	-0.033801	0.024336	-3.8112
912.69	0.02833	0.0094442	-0.042457	-0.087225	-0.12772	-0.16633	-0.17824	-0.19256	-0.14564	0.028956	-0.037393	0.4094	0.46113	0.87078	0.70577	-0.25094	-0.64959	-0.96573	-1.0594	-0.90946	-0.82746	-0.70097	-0.59774	-0.47879	-0.35997	-0.33076	-0.22233	-0.12609	-0.0026133	0.041437	-3.9743
912.37	0.042808	-0.0048426	-0.044151	-0.078179	-0.12962	-0.1295	-0.17514	-0.18423	-0.13272	-0.20941	0.26041	0.29637	0.69538	0.87937	0.51616	-0.04984	-0.73547	-1.0147	-1.1177	-0.94126	-0.84523	-0.72981	-0.63425	-0.47392	-0.36872	-0.31034	-0.23376	-0.15148	-0.0085166	0.022722	-4.0429
912.9	0.030026	-0.0064257	-0.046642	-0.088852	-0.15084	-0.13751	-0.17267	-0.15391	-0.12535	-0.16518	0.15793	0.18308	0.69498	0.77119	0.56106	-0.22465	-0.80973	-1.0707	-1.154	-0.97568	-0.85805	-0.74757	-0.58193	-0.48791	-0.37634	-0.30688	-0.24334	-0.12299	-0.026215	0.0072462	-4.142
912.37	0.02834	-0.015955	-0.037433	-0.078179	-0.1324	-0.1385	-0.17831	-0.16156	-0.12542	-0.059322	0.13942	0.1919	0.62015	0.97052	0.61562	-0.17231	-0.86814	-1.1208	-1.1981	-1.0016	-0.89434	-0.75234	-0.58805	-0.49156	-0.36559	-0.31773	-0.22484	-0.12691	-0.0093612	0.021093	-4.2366
912.58	0.029184	0.0054762	-0.050857	-0.10208	-0.12404	-0.16545	-0.15693	-0.16236	-0.10594	0.037781	0.092869	0.453	0.53643	0.94544	0.63354	-0.31218	-0.90488	-1.1709	-1.2316	-1.0197	-0.91992	-0.74697	-0.611	-0.49564	-0.39293	-0.33819	-0.21992	-0.13839	-0.0085147	0.015389	-4.2991
912.48	0.027487	-0.0072235	-0.062617	-0.11447	-0.14998	-0.14927	-0.15852	-0.15566	-0.099463	0.0024777	0.083579	0.39211	0.64516	0.95384	0.57937	-0.46965	-0.9478	-1.1854	-1.2502	-1.0435	-0.93751	-0.75572	-0.62015	-0.50745	-0.36006	-0.33987	-0.21427	-0.12689	0.0016038	0.033306	-4.3372
913.22	0.044468	-0.02863	-0.055853	-0.098712	-0.11932	-0.12758	-0.17024	-0.15218	-0.11072	-0.08573	0.22298	0.27	0.63627	0.7792	0.60603	-0.32069	-0.99569	-1.2222	-1.2861	-1.0566	-0.93009	-0.78368	-0.6114	-0.50536	-0.37934	-0.31333	-0.2384	-0.11988	-0.0051399	0.02921	-4.322
913.65	0.025751	-0.013554	-0.051635	-0.10608	-0.10724	-0.14459	-0.1599	-0.13618	-0.086381	0.046548	0.046281	0.44376	0.70275	0.8285	0.61475	-0.49526	-1.0313	-1.2441	-1.3008	-1.029	-0.91968	-0.79024	-0.60123	-0.49339	-0.35881	-0.32631	-0.23181	-0.12366	-0.010192	0.046272	-4.3311
913.43	0.024058	0.00071482	-0.055002	-0.095394	-0.11744	-0.14822	-0.15599	-0.15214	-0.092881	0.020102	0.13925	0.31343	0.69457	0.81213	0.71423	-0.45168	-1.0391	-1.2723	-1.3276	-1.0345	-0.93237	-0.77571	-0.63021	-0.50944	-0.35655	-0.32885	-0.22133	-0.11755	-0.010192	0.033271	-4.3052
914.18	0.02149	-0.004833	-0.078422	-0.11014	-0.1423	-0.15708	-0.16612	-0.15956	-0.095232	-0.068027	0.13914	0.40007	0.65228	0.88589	0.52418	-0.49497	-1.0634	-1.2892	-1.3273	-1.0756	-0.92994	-0.78718	-0.6264	-0.50902	-0.37503	-0.34006	-0.22358	-0.13049	-0.002609	0.017799	-4.3433
915.25	0.038433	-0.0072001	-0.076656	-0.091092	-0.13291	-0.14344	-0.16986	-0.14347	-0.083805	-0.015122	0.30597	0.3996	0.55985	0.77747	0.41544	-0.47695	-1.0998	-1.2832	-1.3474	-1.0822	-0.87825	-0.79318	-0.62074	-0.50843	-0.38163	-0.30281	-0.22736	-0.12957	0.0049602	0.027522	-4.3037
915.57	0.039265	-0.03172	-0.068263	-0.10997	-0.13563	-0.13084	-0.18556	-0.1543	-0.10559	-0.067908	0.36154	0.33004	0.71795	0.73592	0.50538	-0.38961	-1.1086	-1.3034	-1.3597	-1.0888	-0.8937	-0.78426	-0.62792	-0.5049	-0.3854	-0.2937	-0.2184	-0.12187	-0.018575	0.015339	-4.3006
916.52	0.026518	-0.005609	-0.059832	-0.10821	-0.12995	-0.13966	-0.16648	-0.13324	-0.10306	-0.067853	0.092469	0.3817	0.78377	0.67741	0.55883	-0.58948	-1.1049	-1.3146	-1.3599	-1.085	-0.95656	-0.78344	-0.62152	-0.50855	-0.37407	-0.30893	-0.22947	-0.13474	0.0015967	0.030725	-4.3174
917.27	0.026495	-0.011922	-0.06229	-0.1229	-0.14643	-0.16281	-0.16792	-0.17239	-0.11104	-0.094128	0.12944	0.4853	0.62513	0.8417	0.47746	-0.4411	-1.0982	-1.3054	-1.3628	-1.0911	-0.92847	-0.77074	-0.62429	-0.49728	-0.37065	-0.31113	-0.20186	-0.12776	-0.0034387	0.022601	-4.2732
917.59	0.030718	-0.0071817	-0.061433	-0.10481	-0.15006	-0.15202	-0.15843	-0.16732	-0.099716	-0.17311	0.20342	0.45916	0.65818	0.83316	0.48626	-0.37135	-1.0953	-1.2969	-1.3591	-1.0872	-0.90745	-0.78598	-0.60603	-0.49544	-0.36584	-0.29877	-0.22598	-0.1132	-0.0017595	0.015305	-4.1009
917.48	0.034106	-0.019023	-0.068955	-0.12861	-0.15653	-0.16546	-0.18753	-0.16567	-0.1215	-0.023876	0.30523	0.22546	0.70812	0.65198	0.53129	-0.42359	-1.0746	-1.2702	-1.3449	-1.0743	-0.93487	-0.78521	-0.61594	-0.49299	-0.36433	-0.29064	-0.20907	-0.10558	-0.010149	0.027454	-4.014
917.48	0.036646	-0.013497	-0.088995	-0.13353	-0.15008	-0.16456	-0.18753	-0.17235	-0.11908	0.011239	0.046087	0.46788	0.6167	0.74263	0.57621	-0.44969	-1.0428	-1.2461	-1.3097	-1.0334	-0.91583	-0.76711	-0.59543	-0.50134	-0.35185	-0.30371	-0.20504	-0.11551	-0.0042762	0.025833	-3.7929
917.27	0.012106	-0.0048168	-0.072311	-0.12782	-0.13814	-0.17802	-0.19151	-0.1774	-0.12475	-0.059005	0.073872	0.36406	0.65839	0.82523	0.5404	-0.60639	-1.0063	-1.207	-1.2796	-1.0041	-0.88625	-0.74401	-0.59311	-0.46387	-0.34804	-0.30051	-0.18976	-0.10331	0.0091449	0.042851	-3.6923
917.59	0.026488	0.0062367	-0.084811	-0.12777	-0.16848	-0.18422	-0.20323	-0.19904	-0.13035	-0.12043	0.18489	0.44186	0.63324	0.84141	0.56718	-0.38875	-0.92415	-1.1779	-1.2264	-1.0185	-0.87104	-0.71704	-0.59208	-0.45787	-0.3487	-0.27672	-0.18566	-0.095637	0.027591	0.042836	-3.4453
917.27	0.025649	-0.026924	-0.076487	-0.12125	-0.17959	-0.17623	-0.20959	-0.19661	-0.15379	-0.16439	0.064638	0.24282	0.74156	0.76753	0.58535	-0.24968	-0.88772	-1.1068	-1.1893	-0.99713	-0.84154	-0.72764	-0.5529	-0.44383	-0.34102	-0.25557	-0.22283	-0.088796	-0.0042772	0.033132	-3.2502
916.31	0.019744	-0.053036	-0.074895	-0.15588	-0.16687	-0.21046	-0.23106	-0.21521	-0.16768	-0.0063184	0.027623	0.31244	0.76729	0.87559	0.71199	-0.19768	-0.78916	-1.0488	-1.1617	-0.94331	-0.83248	-0.71891	-0.53951	-0.46352	-0.31796	-0.2861	-0.19238	-0.080476	-8.1668e-005	0.057491	-2.979
915.46	0.012129	-0.019067	-0.083334	-0.14534	-0.17533	-0.20797	-0.22104	-0.2288	-0.1848	-0.0063243	0.046189	0.26067	0.53474	0.62864	0.7667	-0.30248	-0.68947	-0.99329	-1.0859	-0.89014	-0.80588	-0.67034	-0.5433	-0.44889	-0.32372	-0.27163	-0.17721	-0.096626	0.0024403	0.046993	-2.752
914.61	0.02063	-0.030171	-0.10268	-0.13889	-0.19582	-0.21624	-0.24174	-0.23152	-0.20034	-0.31457	-0.093025	0.21749	0.53524	0.83588	0.65018	-0.075897	-0.61305	-0.92422	-1.0171	-0.89882	-0.78836	-0.66319	-0.52324	-0.42083	-0.31542	-0.26615	-0.18142	-0.099782	0.0049637	0.038101	-2.4915
914.82	0.014684	-0.043621	-0.098466	-0.1512	-0.20132	-0.21349	-0.24484	-0.26078	-0.21243	-0.24407	0.083365	0.17401	0.49342	0.88527	0.58692	0.046231	-0.55261	-0.87106	-0.97518	-0.84627	-0.74668	-0.65871	-0.51735	-0.40985	-0.30519	-0.23823	-0.16601	-0.11278	0.0041218	0.027535	-2.1777
913.54	0.027455	-0.056367	-0.099444	-0.17036	-0.21177	-0.22188	-0.26571	-0.28043	-0.23621	-0.24441	0.037014	0.1047	0.5609	0.77065	0.76831	0.1424	-0.45443	-0.77884	-0.91873	-0.81077	-0.72362	-0.62761	-0.50737	-0.40035	-0.28995	-0.24103	-0.18811	-0.074584	-0.0068219	0.035707	-1.8944
