12392	4	3	91	23.6	760	1	20	10	0.582	128	4096	10	0	0	0	0	74.493	984.38	1.4796e+006	0.11782	0.024719	40.683	0	0	1	0	0	0	11	0	0
872.11	-0.32413	-0.31051	-0.39119	-0.50986	-0.56774	-0.51418	-0.97832	-1.3581	-1.8466	-2.8745	-4.6029	-5.7783	-9.4869	-11.553	-9.3676	-6.5769	-3.0652	-0.17862	0.46447	0.90378	0.8505	0.68654	0.49417	0.36314	0.2619	0.18982	0.1358	0.047952	-0.061942	-0.12113	17.803
874.68	-0.39154	-0.39158	-0.41895	-0.61852	-0.70423	-0.64874	-1.1016	-1.4496	-1.8023	-2.5713	-4.104	-5.489	-9.3458	-11.268	-9.3401	-6.4207	-3.0264	-0.15088	0.46479	0.91391	0.85148	0.70261	0.50821	0.38835	0.28239	0.2004	0.13624	0.051015	-0.077597	-0.14116	18.273
873.72	-0.39997	-0.43594	-0.48342	-0.68467	-0.88101	-0.91533	-1.3051	-1.5082	-2.1946	-2.8968	-3.8947	-4.6949	-7.3657	-9.1262	-7.6701	-5.6606	-2.5317	-0.015764	0.56185	0.95236	0.87588	0.72058	0.52772	0.38878	0.28925	0.21005	0.13385	0.040645	-0.091773	-0.14302	18.724
870.83	-0.453	-0.55549	-0.77973	-0.99466	-1.1391	-1.023	-1.6432	-2.1827	-2.2588	-2.6289	-2.7375	-3.3696	-4.0443	-5.7706	-4.5606	-3.9198	-1.4782	0.30089	0.75491	0.96926	0.8814	0.73114	0.51909	0.39094	0.28364	0.19784	0.1309	0.011813	-0.12566	-0.17932	19.144
861.97	-0.68376	-0.79647	-1.0811	-1.4005	-1.5724	-1.3306	-1.6575	-1.6958	-1.6564	-1.8056	-1.5933	-1.727	-2.1923	-3.1021	-2.5121	-2.127	-0.61083	0.59824	0.87586	0.97552	0.86667	0.67994	0.47378	0.34252	0.24258	0.15466	0.067874	-0.066106	-0.24479	-0.32167	19.605
846.9	-0.96181	-1.0356	-1.2505	-1.4032	-1.3838	-1.1168	-1.3958	-1.3696	-1.2621	-1.3717	-1.1304	-1.467	-1.6009	-1.488	-1.7485	-1.345	-0.17754	0.77268	0.9434	0.95896	0.80588	0.62109	0.42177	0.27173	0.15062	0.051221	-0.066318	-0.20877	-0.48267	-0.59936	20.051
841.13	-1.0275	-1.0056	-1.1315	-1.3358	-1.2185	-0.95957	-1.1987	-1.2642	-1.1978	-1.0268	-0.84535	-1.1465	-1.1585	-1.0128	-1.4761	-0.83244	0.089023	0.85605	0.98127	0.90956	0.73196	0.55954	0.34592	0.21257	0.07597	-0.017927	-0.12834	-0.30183	-0.58387	-0.69446	20.543
860.69	-0.97166	-0.98783	-1.1272	-1.1769	-1.2183	-0.90725	-1.1782	-1.1634	-1.0864	-1.1251	-0.97414	-1.0835	-1.1588	-1.1391	-1.2222	-0.73007	0.16088	0.85281	0.95471	0.86479	0.70474	0.52753	0.31707	0.17035	0.060118	-0.035806	-0.1409	-0.28602	-0.55898	-0.63465	21.141
892.28	-0.88069	-0.89685	-1.0649	-1.1369	-1.1733	-0.84109	-1.0104	-1.0595	-1.0396	-1.2207	-0.9111	-0.92053	-1.0835	-0.98863	-1.1881	-0.58795	0.20069	0.85849	0.93159	0.85384	0.67809	0.50088	0.30753	0.17634	0.067608	-0.032857	-0.11601	-0.25705	-0.47192	-0.57554	21.682
896.65	-0.92749	-0.93124	-1.064	-1.1633	-1.1572	-0.80678	-0.96763	-1.0108	-0.92397	-0.8464	-0.84985	-0.82743	-0.84858	-0.91636	-1.0536	-0.46048	0.25525	0.85248	0.93932	0.84879	0.68494	0.50637	0.30519	0.19257	0.049729	-0.034369	-0.1369	-0.28705	-0.51682	-0.6498	22.162
874.68	-0.95257	-0.93229	-1.0478	-1.0652	-1.0443	-0.77356	-0.96391	-0.97314	-0.90828	-0.91372	-0.81295	-0.87547	-0.80014	-1.0518	-1.0706	-0.41732	0.28443	0.88422	0.94951	0.85096	0.68652	0.51006	0.30597	0.17726	0.03217	-0.051512	-0.14626	-0.3175	-0.53597	-0.63214	22.634
856.84	-0.92528	-0.91112	-1.0428	-1.0636	-1.0236	-0.75613	-0.9764	-1.0309	-0.95654	-0.88573	-0.89924	-0.94005	-0.8702	-0.96775	-1.1218	-0.64023	0.26979	0.91508	0.98553	0.88636	0.72031	0.5216	0.34133	0.1881	0.049536	-0.048212	-0.15707	-0.30938	-0.55431	-0.6427	23.184
860.37	-0.90885	-0.93601	-1.0341	-1.0444	-1.0361	-0.79406	-0.97156	-0.99912	-0.91221	-0.78847	-0.82647	-0.94543	-0.77799	-0.94621	-1.0405	-0.53558	0.26779	0.90274	0.9832	0.87716	0.71736	0.51578	0.31719	0.17754	0.040187	-0.054112	-0.15901	-0.31789	-0.54935	-0.65734	23.658
877.99	-0.93925	-0.94197	-0.99764	-0.99599	-0.95853	-0.72483	-0.91592	-0.93369	-0.85682	-0.81853	-0.85823	-0.9355	-0.89268	-0.78945	-0.93506	-0.55208	0.27027	0.89398	0.9618	0.85866	0.69691	0.50904	0.31511	0.18532	0.057302	-0.038514	-0.14486	-0.3171	-0.57339	-0.67123	24.117
875.42	-0.87459	-0.862	-0.94017	-0.94387	-0.92273	-0.68757	-0.88894	-0.91542	-0.86778	-0.79332	-0.85105	-0.78398	-0.86045	-0.84358	-0.91894	-0.56281	0.23956	0.8769	0.95791	0.87028	0.71196	0.53943	0.34182	0.20336	0.06319	-0.040338	-0.14275	-0.29962	-0.54606	-0.62906	24.573
856.73	-0.90364	-0.91123	-0.97856	-0.99257	-0.92905	-0.69299	-0.89823	-0.95328	-0.88585	-0.81063	-0.79033	-0.91235	-0.84361	-0.88846	-1.0064	-0.54716	0.21617	0.90178	0.97196	0.89952	0.75763	0.56227	0.3651	0.21943	0.069578	-0.025474	-0.13982	-0.3086	-0.56067	-0.64452	25.004
843.8	-0.92209	-0.90288	-0.98721	-0.95159	-0.9493	-0.69875	-0.90943	-0.95245	-0.88101	-0.94715	-0.85275	-0.86044	-1.0735	-0.94687	-1.1684	-0.73523	0.19406	0.88447	0.99555	0.92465	0.77374	0.59244	0.39299	0.2464	0.075729	-0.023198	-0.14985	-0.30586	-0.54646	-0.65968	25.385
856.73	-0.88733	-0.89263	-0.94906	-0.95392	-0.933	-0.71119	-0.88981	-0.92645	-0.87894	-0.98925	-0.90926	-1.0422	-1.0484	-0.99435	-1.1412	-0.68687	0.16341	0.8692	0.98908	0.92746	0.78688	0.59457	0.39145	0.26145	0.090451	-0.0071038	-0.12514	-0.28979	-0.53282	-0.62804	25.721
875.96	-0.89356	-0.88297	-0.95884	-0.96392	-0.92603	-0.68622	-0.90404	-0.91399	-0.84952	-0.85719	-0.86993	-0.83791	-0.98183	-0.84307	-1.0502	-0.57157	0.16158	0.85388	0.96403	0.91895	0.77135	0.60319	0.39404	0.2767	0.10316	-0.0043809	-0.1131	-0.28423	-0.52288	-0.62952	26.09
881.29	-0.90665	-0.88584	-0.97737	-0.95723	-0.92425	-0.69044	-0.89447	-0.93106	-0.85865	-0.84286	-0.9032	-0.91397	-0.67297	-0.78649	-1.0719	-0.72207	0.13104	0.83194	0.94487	0.91429	0.77443	0.58518	0.38482	0.24982	0.099291	-0.0069059	-0.12501	-0.28569	-0.53194	-0.62909	26.429
870.94	-0.92456	-0.92963	-0.95821	-0.97034	-0.90905	-0.69959	-0.91505	-0.95004	-0.87905	-0.7789	-0.99193	-0.98868	-0.86488	-0.90868	-1.0468	-0.73981	0.10621	0.82864	0.95695	0.93524	0.78799	0.59487	0.40754	0.24399	0.0939	-0.016453	-0.12735	-0.30437	-0.55594	-0.65107	26.751
863.25	-0.96428	-0.93456	-0.96763	-0.97636	-0.94553	-0.68015	-0.90649	-0.94874	-0.88431	-0.86048	-0.87288	-0.88705	-0.94328	-0.96057	-1.1134	-0.83885	0.089405	0.8189	0.95188	0.92416	0.79501	0.60932	0.40943	0.24883	0.09888	-0.015732	-0.13277	-0.31115	-0.57872	-0.69129	27.063
856.31	-0.90228	-0.93368	-0.97726	-0.96582	-0.98083	-0.72018	-0.93405	-0.96807	-0.90789	-0.9145	-0.98905	-1.0798	-1.1113	-0.88006	-1.1802	-0.81769	0.041818	0.80445	0.95189	0.95588	0.81831	0.64473	0.43208	0.29558	0.13142	0.027902	-0.10879	-0.27439	-0.54207	-0.64137	27.373
849.25	-0.9756	-0.98749	-1.0043	-1.0066	-0.96708	-0.74935	-0.95709	-0.98603	-0.93547	-0.83674	-0.93727	-1.0701	-1.0666	-1.0476	-1.2678	-0.90904	-0.0029386	0.8179	0.96584	0.96476	0.85014	0.6743	0.45163	0.31698	0.14683	0.021073	-0.090528	-0.27997	-0.56107	-0.66769	27.607
851.28	-1.0763	-1.0285	-1.0352	-0.99893	-0.98066	-0.71767	-0.95312	-0.98818	-0.91846	-1.0429	-0.77543	-0.97417	-0.97445	-0.99184	-1.1582	-0.98188	0.012366	0.84391	0.97474	0.97933	0.83741	0.6699	0.45762	0.28833	0.128	0.022786	-0.10335	-0.30811	-0.63928	-0.74814	27.82
839.74	-0.99498	-0.98832	-1.0303	-1.027	-1.0022	-0.75393	-0.96794	-1.0136	-0.95664	-1.0285	-0.98834	-1.0538	-1.2058	-0.96945	-1.2134	-1.0334	-0.01757	0.82033	0.99425	0.98804	0.88781	0.69041	0.47467	0.33608	0.16638	0.043627	-0.090671	-0.2798	-0.55185	-0.66818	28.069
846.26	-1.0158	-1.0081	-1.0224	-1.0049	-0.99347	-0.72387	-0.97156	-1.0049	-0.94315	-0.98247	-0.99075	-0.8767	-1.0523	-0.93517	-1.0773	-0.95941	-0.012909	0.80819	0.97272	0.99929	0.86122	0.70191	0.48436	0.32716	0.16594	0.047718	-0.07686	-0.26026	-0.55669	-0.69112	28.269
862.4	-1.0238	-1.0069	-1.013	-1.0271	-0.97292	-0.70748	-0.93666	-0.95235	-0.90577	-0.96407	-0.92299	-1.1182	-0.91768	-0.90892	-1.1624	-0.90445	-0.033989	0.79497	0.96643	0.97134	0.83366	0.68053	0.47617	0.32459	0.15206	0.031183	-0.084858	-0.27408	-0.57751	-0.70232	28.459
861.01	-0.96409	-0.94877	-0.98261	-0.99814	-0.98528	-0.75247	-0.98172	-1.0091	-0.96738	-0.99369	-1.0132	-1.0001	-0.90143	-1.0333	-1.26	-0.98932	-0.085651	0.77623	0.95095	0.99144	0.86764	0.68805	0.48655	0.3349	0.17806	0.079976	-0.050627	-0.23953	-0.52481	-0.64391	28.571
856.31	-1.0138	-0.99119	-1.0265	-1.0212	-1.0173	-0.7681	-0.97364	-1.0334	-0.96577	-0.98975	-1.1477	-0.93137	-0.97763	-1.1361	-1.0647	-0.99475	-0.078962	0.7872	0.95103	0.99782	0.87684	0.6909	0.49626	0.33405	0.15982	0.061161	-0.075093	-0.27603	-0.57083	-0.69863	28.697
839.63	-0.99973	-1.0143	-1.014	-0.98859	-1.0013	-0.74914	-0.98009	-1.0384	-0.96645	-0.94227	-1.0188	-1.0066	-1.1333	-1.0146	-1.0367	-1.1096	-0.075969	0.79208	0.97865	1.0091	0.89244	0.7131	0.50521	0.3343	0.16725	0.048095	-0.074823	-0.27233	-0.58308	-0.71782	28.792
825.51	-0.97544	-0.97377	-1.0035	-1.0602	-1.0563	-0.76991	-1.0501	-1.0719	-1.0117	-1.0071	-1.0156	-1.1682	-1.0233	-1.0869	-1.2243	-1.1285	-0.12646	0.78475	1.0007	1.0447	0.9215	0.74062	0.52662	0.38085	0.19524	0.070706	-0.035775	-0.24049	-0.52594	-0.65089	28.865
848.19	-1.0629	-1.0357	-1.0914	-1.0727	-1.038	-0.77159	-0.97701	-1.0279	-0.95932	-0.94226	-0.97849	-1.0152	-1.005	-1.0222	-1.318	-1.0043	-0.11946	0.77538	0.95581	1.0083	0.8915	0.7171	0.49213	0.32731	0.174	0.051144	-0.082791	-0.29767	-0.60805	-0.7316	28.955
858.23	-0.99978	-0.97463	-0.99471	-0.99874	-0.98257	-0.76256	-0.99667	-1.0177	-0.96792	-0.94999	-0.8681	-1.3365	-0.98432	-1.0807	-1.0719	-1.0111	-0.094855	0.75866	0.94634	0.97977	0.87576	0.70133	0.48725	0.33955	0.17113	0.056658	-0.071479	-0.25336	-0.55879	-0.66763	28.985
848.51	-0.93528	-0.90897	-0.97541	-1.0208	-1.0167	-0.75195	-1.0055	-1.0474	-0.96942	-1.0083	-0.9481	-1.0335	-1.0945	-0.92379	-1.0939	-1.0039	-0.13115	0.75671	0.96237	1.0155	0.89116	0.73081	0.50614	0.35699	0.20428	0.072321	-0.052244	-0.23149	-0.53255	-0.61574	29.016
832.04	-1.0826	-1.0453	-1.0776	-1.0528	-1.0267	-0.75993	-0.9873	-1.046	-0.96994	-1.1154	-1.1506	-1.0922	-1.0795	-1.1965	-1.1651	-1.1389	-0.11349	0.77761	0.97172	1.0336	0.90789	0.71866	0.52521	0.35484	0.17996	0.060244	-0.077285	-0.2706	-0.60968	-0.73241	29.033
811.38	-1.0613	-1.03	-1.0597	-1.0481	-1.0351	-0.77725	-1.0551	-1.0953	-1.0521	-1.1736	-1.1694	-1.1787	-1.2104	-1.1152	-1.3269	-1.0793	-0.14754	0.78728	0.99103	1.0708	0.93849	0.76814	0.53672	0.3771	0.22333	0.10427	-0.036398	-0.23863	-0.55786	-0.68603	29.023
820.48	-1.0988	-1.0989	-1.1077	-1.0942	-1.0628	-0.79364	-1.0355	-1.0626	-0.99802	-1.2293	-0.92874	-1.1172	-0.93666	-1.0383	-1.1614	-1.0382	-0.14124	0.76755	0.98362	1.0462	0.94011	0.78082	0.54544	0.38692	0.21039	0.088496	-0.035093	-0.24794	-0.5845	-0.7074	29.036
850.32	-1.02	-0.98454	-1.0238	-0.98944	-0.97779	-0.74455	-0.94911	-1.0091	-0.94038	-1.0725	-1.0759	-1.1715	-1.0742	-1.1085	-1.3244	-0.99237	-0.10385	0.77054	0.96117	0.98607	0.90623	0.72366	0.49975	0.35983	0.18029	0.050133	-0.051263	-0.26066	-0.56218	-0.6686	29.019
851.39	-0.90658	-0.88973	-0.9937	-1.0076	-1.0123	-0.76193	-0.99705	-1.0447	-0.98786	-1.1847	-1.1045	-1.1793	-0.94745	-1.0095	-1.2161	-1.1692	-0.12621	0.76668	0.95221	1.0045	0.88368	0.72276	0.5168	0.35488	0.20107	0.074717	-0.035556	-0.22824	-0.51538	-0.61278	29.014
846.05	-1.0619	-1.0169	-1.0416	-1.0309	-0.98773	-0.73279	-0.96243	-0.99611	-0.953	-0.90654	-0.81034	-0.85815	-1.0796	-1.0605	-1.0971	-1.0445	-0.11071	0.77637	0.9669	1.0109	0.89196	0.71517	0.51829	0.35712	0.19219	0.06456	-0.050646	-0.24624	-0.55774	-0.68164	29.004
822.2	-0.98032	-0.95304	-1.015	-1.0196	-0.99274	-0.78599	-0.98596	-1.0054	-0.95995	-1.0112	-0.91647	-1.1342	-1.0182	-1.0821	-1.2092	-0.96808	-0.05615	0.82086	0.99048	1.0295	0.9049	0.74073	0.51227	0.36375	0.1795	0.060963	-0.061114	-0.26276	-0.55801	-0.67159	28.847
818.02	-0.93312	-0.87733	-0.97992	-1.0202	-1.0154	-0.80606	-0.99364	-1.0359	-0.9956	-0.98684	-1.0872	-1.1303	-0.92083	-1.254	-1.2355	-0.99254	-0.077976	0.80899	0.98837	1.0143	0.91416	0.72614	0.49924	0.35062	0.16293	0.05303	-0.057808	-0.25126	-0.511	-0.62415	28.714
825.94	-0.95331	-0.95222	-0.98908	-0.97854	-0.97494	-0.75063	-0.92822	-0.97769	-0.90902	-0.92861	-0.90204	-0.96561	-0.912	-1.0131	-1.0739	-0.94437	-0.029922	0.839	0.98599	1.0384	0.89161	0.69907	0.50356	0.33984	0.17176	0.052521	-0.074272	-0.25733	-0.57132	-0.66944	28.453
832.47	-0.89827	-0.90299	-0.92519	-0.94375	-0.93279	-0.73094	-0.94347	-0.98015	-0.91345	-1.0375	-0.96637	-1.0439	-1.0698	-0.95069	-1.1249	-0.82192	-0.0030014	0.82059	0.99148	1.013	0.89009	0.70024	0.50052	0.33533	0.17213	0.064715	-0.060359	-0.24605	-0.51415	-0.60975	28.202
823.69	-0.90972	-0.93108	-0.97038	-0.98121	-0.96324	-0.7467	-0.96665	-0.99151	-0.93306	-0.97028	-1.1004	-1.0165	-1.0719	-1.0159	-1.1869	-0.91788	0.043474	0.86122	1.0216	1.0247	0.89404	0.70674	0.50402	0.34635	0.1731	0.065401	-0.045734	-0.22911	-0.49814	-0.62256	27.974
820.06	-0.93743	-0.98555	-1.0055	-1.0177	-0.96236	-0.74801	-0.94456	-0.97723	-0.92367	-0.80758	-0.91886	-1.0694	-0.86273	-0.97429	-1.0816	-0.70785	0.031522	0.86904	1.0119	1.0011	0.8906	0.67902	0.47597	0.32266	0.15293	0.035535	-0.082925	-0.2643	-0.5529	-0.66791	27.713
813.74	-0.85692	-0.82498	-0.93895	-0.96362	-0.95114	-0.72254	-0.95012	-0.96693	-0.90356	-0.98214	-0.79033	-0.88247	-0.88818	-1.0376	-1.2116	-0.88006	0.072251	0.87882	1.0449	1.0245	0.86671	0.70955	0.48521	0.34399	0.17434	0.060676	-0.047202	-0.22588	-0.49856	-0.60005	27.383
831.4	-0.93678	-0.92593	-0.96692	-0.97846	-0.97362	-0.74768	-0.94642	-0.96851	-0.90929	-0.9419	-0.92676	-0.98792	-1.0436	-0.87915	-1.1164	-0.94777	0.061501	0.86213	1.0139	0.98548	0.86109	0.69544	0.46314	0.31273	0.17923	0.054881	-0.04442	-0.21182	-0.4963	-0.60339	27.109
834.07	-0.93564	-0.92904	-0.94912	-0.97262	-0.93201	-0.71379	-0.89496	-0.91672	-0.88597	-1.0161	-0.88307	-0.89903	-1.1043	-0.88541	-1.2018	-0.6577	0.093452	0.85641	0.99925	0.98519	0.84832	0.65718	0.45173	0.27682	0.14007	0.02685	-0.088626	-0.26154	-0.55652	-0.64778	26.782
809.03	-0.86863	-0.88529	-0.94915	-0.96271	-0.95981	-0.74501	-0.94941	-0.97256	-0.93169	-0.94802	-0.87891	-1.0938	-0.92164	-0.90346	-1.1167	-0.80628	0.10865	0.89104	1.0311	1.0009	0.87364	0.67948	0.45641	0.31759	0.14706	0.042504	-0.061194	-0.23673	-0.4891	-0.60354	26.451
825.19	-0.93536	-0.91622	-0.96398	-0.96119	-0.9318	-0.70655	-0.90197	-0.94329	-0.89281	-0.88065	-0.91314	-1.0627	-0.81116	-1.0598	-1.2747	-0.66478	0.19287	0.90641	1.0269	0.96968	0.8234	0.62305	0.42831	0.27423	0.11644	0.033495	-0.08689	-0.27115	-0.52521	-0.63404	26.084
835.89	-0.85465	-0.84991	-0.90765	-0.90927	-0.85922	-0.6435	-0.86713	-0.88265	-0.83979	-0.78265	-0.82019	-0.86858	-0.74602	-0.80207	-0.9328	-0.57034	0.23256	0.92721	1.0067	0.95918	0.79469	0.60751	0.41472	0.26431	0.11666	0.0079631	-0.10879	-0.2484	-0.50192	-0.5877	25.821
824.44	-0.82319	-0.84326	-0.86728	-0.90363	-0.87525	-0.6813	-0.85467	-0.90977	-0.85055	-0.91077	-0.98607	-0.85173	-0.99691	-0.94159	-1.1358	-0.43307	0.25902	0.95303	1.0492	0.95023	0.80665	0.61978	0.42596	0.26891	0.12609	0.028981	-0.086072	-0.2374	-0.46688	-0.58054	25.36
840.6	-0.8942	-0.89082	-0.89254	-0.88806	-0.85541	-0.65747	-0.82367	-0.86768	-0.80429	-0.90284	-0.93681	-0.84483	-0.82352	-0.83356	-1.0747	-0.45322	0.27683	0.92593	1.0063	0.93008	0.75863	0.58624	0.40434	0.24551	0.1024	-0.0027814	-0.11346	-0.27035	-0.50735	-0.61977	24.958
810.42	-0.86426	-0.83462	-0.86906	-0.88118	-0.83513	-0.65258	-0.83921	-0.88486	-0.79954	-0.59852	-0.825	-0.67043	-0.60947	-0.66869	-0.81966	-0.36178	0.3448	0.99889	1.0583	0.97061	0.80467	0.60806	0.42033	0.26032	0.1168	0.028558	-0.088474	-0.23891	-0.47496	-0.586	24.567
804.96	-0.81514	-0.80339	-0.88732	-0.86004	-0.83765	-0.65803	-0.80906	-0.86517	-0.81048	-0.83275	-0.86225	-0.9217	-0.68941	-0.87985	-0.87642	-0.41379	0.36618	0.99139	1.0399	0.93358	0.76863	0.567	0.38484	0.22592	0.056281	-0.023387	-0.14054	-0.28754	-0.51069	-0.6029	24.074
823.69	-0.78246	-0.80358	-0.81971	-0.80758	-0.78679	-0.60419	-0.76351	-0.8055	-0.75343	-0.75512	-0.80141	-0.82357	-0.72931	-0.76805	-0.85649	-0.24938	0.43504	0.96884	1.0412	0.9075	0.72164	0.55027	0.33313	0.20404	0.059343	-0.036504	-0.11848	-0.26569	-0.46824	-0.5486	23.684
831.72	-0.7077	-0.73052	-0.7989	-0.79889	-0.77209	-0.56777	-0.76048	-0.78667	-0.73549	-0.7091	-0.53844	-0.63417	-0.72227	-0.55158	-0.65982	-0.20859	0.48427	0.9822	1.0568	0.91122	0.72107	0.54591	0.31996	0.20392	0.077691	-0.020832	-0.10756	-0.23532	-0.43412	-0.49685	23.211
837.49	-0.72229	-0.73153	-0.77235	-0.78439	-0.74457	-0.54915	-0.73715	-0.76021	-0.68978	-0.80039	-0.54486	-0.80051	-0.75371	-0.59292	-0.92117	-0.21668	0.49557	0.98326	1.0206	0.86491	0.67711	0.51949	0.31956	0.16684	0.046409	-0.047535	-0.12183	-0.25796	-0.46145	-0.51472	22.738
829.15	-0.72113	-0.70396	-0.74964	-0.74961	-0.70519	-0.56161	-0.69934	-0.74014	-0.69315	-0.68215	-0.58107	-0.77983	-0.69689	-0.77212	-0.76134	-0.11299	0.54398	1.0001	1.0308	0.87073	0.68118	0.49706	0.30734	0.18977	0.057227	-0.031744	-0.11324	-0.2538	-0.42897	-0.51004	22.31
821.34	-0.74689	-0.72123	-0.76236	-0.72833	-0.6872	-0.50399	-0.66647	-0.72665	-0.67722	-0.56114	-0.53489	-0.63252	-0.59209	-0.669	-0.65812	-0.04605	0.58553	1.0136	1.0299	0.84306	0.67101	0.48157	0.27177	0.12814	0.015971	-0.083144	-0.16476	-0.2929	-0.50331	-0.56012	21.798
819.84	-0.69522	-0.67573	-0.71797	-0.70304	-0.69052	-0.4989	-0.69056	-0.73266	-0.67305	-0.6506	-0.83625	-0.74025	-0.83507	-0.64257	-0.8404	0.080412	0.59501	1.0004	1.0175	0.82513	0.62593	0.43712	0.25849	0.12184	0.020363	-0.077813	-0.16687	-0.28147	-0.43384	-0.52399	21.323
842.09	-0.65472	-0.66303	-0.69354	-0.68536	-0.65522	-0.50814	-0.69373	-0.74514	-0.6702	-0.63341	-0.68308	-0.80558	-0.73148	-0.46397	-0.6615	0.078287	0.61568	0.98862	1.0089	0.82133	0.61751	0.4359	0.2463	0.11771	0.011331	-0.072195	-0.13786	-0.25739	-0.41415	-0.50661	20.862
850.43	-0.64374	-0.64205	-0.67773	-0.69988	-0.64382	-0.47806	-0.6352	-0.69369	-0.63405	-0.3999	-0.50664	-0.62955	-0.55389	-0.53944	-0.53863	0.34027	0.63667	0.98278	0.99555	0.77387	0.59806	0.41303	0.21999	0.11655	0.01122	-0.075014	-0.15913	-0.27464	-0.41009	-0.45883	20.38
820.38	-0.66259	-0.65498	-0.69975	-0.67872	-0.65402	-0.50558	-0.63912	-0.7023	-0.63293	-0.58145	-0.70116	-0.67199	-0.57418	-0.76194	-0.72927	0.17764	0.68147	1.0148	1.007	0.78082	0.59405	0.39924	0.22346	0.083467	-0.018011	-0.10334	-0.17758	-0.27958	-0.45419	-0.49557	19.891
823.16	-0.63771	-0.64397	-0.68622	-0.68466	-0.65797	-0.46698	-0.63696	-0.67758	-0.62899	-0.54034	-0.60592	-0.59251	-0.76682	-0.65834	-0.6166	0.11888	0.70616	0.99939	0.99646	0.78206	0.5902	0.39501	0.21539	0.078533	-0.015345	-0.092065	-0.17338	-0.26586	-0.42181	-0.48216	19.489
824.44	-0.61505	-0.63506	-0.65634	-0.61968	-0.63132	-0.44833	-0.59923	-0.65887	-0.55533	-0.5395	-0.50198	-0.41815	-0.64537	-0.73067	-0.52559	0.19611	0.75152	1.0118	0.99757	0.76245	0.56533	0.3733	0.1904	0.063543	-0.028334	-0.091922	-0.1794	-0.27734	-0.43515	-0.4787	18.972
829.47	-0.6235	-0.62335	-0.63205	-0.63317	-0.61527	-0.51785	-0.62516	-0.65118	-0.6135	-0.74016	-0.36585	-0.64546	-0.72423	-0.62598	-0.57213	0.25265	0.74974	0.99673	0.97295	0.74147	0.53444	0.35006	0.16293	0.061312	-0.036785	-0.10582	-0.17385	-0.27228	-0.39818	-0.44266	18.53
842.73	-0.60078	-0.58002	-0.62392	-0.61427	-0.57751	-0.49606	-0.59136	-0.61003	-0.54942	-0.52779	-0.36009	-0.56932	-0.48655	-0.6251	-0.42612	0.37179	0.76794	0.98007	0.95764	0.69855	0.5026	0.33798	0.1559	0.040348	-0.053181	-0.12372	-0.17199	-0.268	-0.38553	-0.4401	18.024
837.39	-0.5768	-0.55519	-0.60411	-0.59482	-0.56102	-0.48061	-0.56068	-0.63222	-0.5494	-0.42536	-0.50437	-0.48757	-0.6536	-0.69231	-0.23185	0.47899	0.7829	0.96869	0.94361	0.68109	0.48404	0.31842	0.1533	0.042434	-0.049249	-0.12272	-0.18634	-0.26469	-0.39166	-0.43226	17.597
832.79	-0.55295	-0.53738	-0.57065	-0.5963	-0.59557	-0.47636	-0.59149	-0.63203	-0.54799	-0.64049	-0.59891	-0.53797	-0.68469	-0.89585	-0.38168	0.41455	0.81391	0.99276	0.9268	0.66761	0.43839	0.2822	0.12432	0.0086286	-0.074427	-0.1243	-0.20158	-0.2611	-0.38366	-0.43465	17.136
839.63	-0.57896	-0.56664	-0.58699	-0.5493	-0.53436	-0.4324	-0.54372	-0.61228	-0.54793	-0.47218	-0.48279	-0.52413	-0.62462	-0.7805	-0.36875	0.52522	0.83738	0.96023	0.90527	0.6365	0.42577	0.2686	0.10089	0.0039969	-0.073822	-0.13043	-0.19289	-0.27984	-0.3897	-0.43642	16.655
846.9	-0.48781	-0.4925	-0.54577	-0.56592	-0.53476	-0.43256	-0.49136	-0.56903	-0.58952	-0.62031	-0.4586	-0.77286	-0.58322	-0.86305	-0.44348	0.45477	0.8121	0.95489	0.89404	0.6169	0.40867	0.25136	0.082251	-0.0023696	-0.0791	-0.14346	-0.18163	-0.2551	-0.35637	-0.3967	16.168
845.41	-0.5199	-0.49252	-0.53495	-0.54199	-0.53671	-0.47993	-0.61679	-0.5936	-0.57831	-0.56423	-0.69042	-0.74606	-0.61132	-0.87354	-0.46379	0.43669	0.81988	0.9595	0.89215	0.58401	0.41029	0.23123	0.080617	0.004877	-0.085161	-0.13574	-0.17232	-0.25472	-0.35518	-0.3974	15.695
840.92	-0.49497	-0.48309	-0.51321	-0.53235	-0.53455	-0.41807	-0.56262	-0.60132	-0.63419	-0.49062	-0.57294	-0.60834	-0.66901	-1.058	-0.43684	0.3536	0.82244	0.97145	0.87946	0.59472	0.40706	0.23904	0.089102	-0.0042076	-0.07456	-0.11508	-0.17324	-0.22108	-0.32779	-0.38627	15.234
834.61	-0.46615	-0.46071	-0.51525	-0.54269	-0.56795	-0.46254	-0.53922	-0.62148	-0.58846	-0.48467	-0.6383	-0.72716	-0.86598	-1.0751	-0.47967	0.44234	0.82131	0.97388	0.89402	0.60783	0.39285	0.2219	0.096089	0.00034948	-0.076836	-0.12672	-0.17455	-0.22611	-0.298	-0.35892	14.768
836.42	-0.44565	-0.45625	-0.49765	-0.52441	-0.53944	-0.4792	-0.60358	-0.59265	-0.59514	-0.70511	-0.708	-1.2669	-1.238	-1.3168	-0.67584	0.29827	0.75541	0.94429	0.88945	0.58456	0.37203	0.22426	0.071582	-0.0042302	-0.080091	-0.1139	-0.15825	-0.2273	-0.28631	-0.33238	14.36
845.19	-0.40428	-0.38553	-0.42541	-0.47889	-0.46286	-0.41887	-0.46505	-0.59919	-0.61697	-0.87887	-1.1126	-1.3571	-1.5771	-1.6967	-0.92253	0.1252	0.70859	0.93838	0.89411	0.60682	0.4077	0.24064	0.091324	0.016662	-0.052179	-0.091438	-0.11897	-0.17105	-0.24055	-0.27619	13.938
846.9	-0.27327	-0.25305	-0.33952	-0.44504	-0.44297	-0.43644	-0.50414	-0.71015	-0.77209	-1.0673	-1.2707	-1.7765	-2.0692	-2.3806	-1.2907	0.040154	0.6357	0.94133	0.91309	0.62444	0.42839	0.25883	0.11069	0.027483	-0.017447	-0.060282	-0.093398	-0.13347	-0.181	-0.2265	13.527
847.86	-0.23541	-0.25618	-0.42407	-0.37973	-0.48632	-0.42432	-0.51207	-0.73735	-0.76685	-1.1421	-1.6298	-1.9806	-2.6066	-2.913	-1.6978	-0.22345	0.52384	0.91218	0.91897	0.66797	0.44403	0.27346	0.1372	0.059077	0.0028176	-0.049606	-0.070607	-0.094479	-0.11635	-0.15088	13.149
847.22	-0.1861	-0.17089	-0.29056	-0.37735	-0.369	-0.37039	-0.54736	-0.76142	-0.94993	-1.4947	-1.8215	-2.179	-2.9507	-3.0401	-1.8841	-0.33665	0.43833	0.91093	0.93006	0.68072	0.46409	0.31099	0.1453	0.069972	0.016328	-0.020452	-0.033111	-0.065604	-0.11009	-0.13346	12.797
852.78	-0.13299	-0.11967	-0.26441	-0.28927	-0.38938	-0.41995	-0.55733	-0.82204	-1.0999	-1.5133	-2.0088	-2.4722	-3.012	-3.5965	-2.3167	-0.39996	0.32498	0.89922	0.91109	0.68471	0.49311	0.32659	0.16554	0.090179	0.038029	-0.012409	-0.0086049	-0.053671	-0.074175	-0.086411	12.411
856.31	-0.096171	-0.10141	-0.19801	-0.36983	-0.4233	-0.42493	-0.62747	-0.84371	-0.98737	-1.5636	-2.179	-2.7959	-3.4984	-4.0585	-2.4901	-0.83632	0.24849	0.87251	0.90991	0.71078	0.50971	0.34278	0.16837	0.093386	0.067107	0.0086479	0.00093374	-0.025628	-0.054997	-0.06957	12.128
851.5	-0.12772	-0.093478	-0.20632	-0.25788	-0.38997	-0.44758	-0.62423	-0.90875	-1.1146	-1.7237	-2.3608	-2.8584	-3.6972	-4.1081	-2.7464	-0.991	0.18331	0.87455	0.9185	0.71761	0.53577	0.34193	0.20468	0.1254	0.059086	0.021017	0.010496	-0.032355	-0.045367	-0.062981	11.799
837.07	-0.051073	-0.076918	-0.18425	-0.38553	-0.38963	-0.43666	-0.69273	-0.9711	-1.2063	-1.7535	-2.5537	-3.0785	-3.8794	-4.4498	-2.774	-0.84601	0.14986	0.90336	0.94222	0.74237	0.52415	0.36672	0.20282	0.13214	0.072923	0.041973	0.015095	0.0072682	0.0034931	-0.0081487	11.46
842.2	-0.032323	-0.041192	-0.15857	-0.30184	-0.39729	-0.44472	-0.67823	-1.0252	-1.2929	-1.9627	-2.5684	-3.2012	-4.0641	-4.4586	-2.8648	-0.99247	0.11074	0.86861	0.93299	0.73406	0.52817	0.36824	0.19711	0.12588	0.075023	0.039939	0.012369	-0.0044257	-0.00018106	-0.015155	11.223
855.24	-0.012764	-0.02871	-0.15884	-0.25147	-0.35171	-0.43026	-0.7227	-1.0078	-1.2447	-1.8386	-2.3902	-3.0502	-3.9308	-4.5586	-2.9754	-1.1546	0.095616	0.86113	0.91362	0.71727	0.52011	0.34506	0.21171	0.12754	0.061337	0.032318	0.018236	0.02022	0.019616	0.00071223	10.909
850.64	0.0099862	-0.0016159	-0.13448	-0.26522	-0.3844	-0.4239	-0.68167	-1.015	-1.2853	-1.8202	-2.6228	-3.2441	-4.0596	-4.761	-3.0594	-1.0858	0.09073	0.86771	0.93235	0.72864	0.52114	0.37667	0.19516	0.12283	0.075961	0.045709	0.032249	0.01127	0.023342	0.019931	10.682
855.77	0.017184	-0.0058388	-0.11577	-0.25571	-0.40283	-0.43	-0.71551	-1.0707	-1.3053	-1.9787	-2.8452	-3.3918	-4.2225	-4.8031	-3.1278	-1.1539	0.073177	0.85483	0.90705	0.71775	0.53398	0.36979	0.19223	0.12209	0.075505	0.03405	0.035515	0.034129	0.033992	0.028494	10.49
849.36	0.020972	0.014583	-0.1419	-0.24081	-0.37304	-0.44484	-0.74639	-1.0878	-1.3369	-1.9746	-2.7267	-3.3332	-4.1735	-4.9017	-3.0349	-1.1532	0.089963	0.88351	0.92081	0.74384	0.53712	0.35024	0.20608	0.12482	0.079445	0.063428	0.047106	0.034387	0.04512	0.03396	10.286
846.69	0.032044	-0.0007685	-0.11068	-0.27979	-0.40516	-0.45109	-0.75044	-1.0614	-1.342	-1.9048	-2.5247	-3.4844	-4.0696	-4.7118	-2.9958	-0.98721	0.13368	0.8611	0.92285	0.71037	0.51909	0.33734	0.18362	0.12159	0.070404	0.037957	0.038517	0.024563	0.034357	0.041087	10.069
858.98	0.030681	0.0059874	-0.14388	-0.27141	-0.37575	-0.45706	-0.73215	-1.0453	-1.3228	-2.0557	-2.7258	-3.3051	-4.1179	-4.7412	-3.0393	-1.0753	0.11839	0.86502	0.90282	0.69835	0.50636	0.32515	0.18625	0.10915	0.066897	0.047884	0.02763	0.036448	0.030281	0.034444	9.9421
871.69	0.021325	0.015871	-0.13651	-0.27695	-0.39742	-0.43533	-0.72479	-1.0521	-1.2908	-1.9241	-2.5107	-3.2569	-3.9529	-4.516	-2.8625	-1.023	0.12633	0.85053	0.88039	0.69824	0.50855	0.32676	0.18181	0.099649	0.06264	0.042886	0.030622	0.019839	0.037785	0.030531	9.7821
862.93	0.045835	0.002603	-0.15742	-0.27802	-0.40145	-0.45592	-0.74217	-1.0299	-1.3159	-1.9343	-2.5952	-3.2532	-4.0283	-4.6406	-2.6431	-0.89465	0.16401	0.85345	0.90123	0.69515	0.47676	0.31266	0.17319	0.093557	0.050013	0.023345	0.015501	0.022478	0.022117	0.038593	9.6658
855.45	0.019007	0.0068598	-0.14805	-0.29893	-0.42175	-0.44647	-0.76215	-1.055	-1.2928	-1.9982	-2.4988	-3.3373	-3.8585	-4.3984	-2.8686	-0.88381	0.22366	0.8753	0.89625	0.66764	0.48803	0.31632	0.15974	0.11229	0.055467	0.029683	0.015637	0.022674	0.031306	0.037192	9.539
855.45	0.0081157	-0.0066887	-0.13731	-0.31301	-0.402	-0.47046	-0.74529	-1.0317	-1.3057	-1.8947	-2.469	-3.3002	-3.912	-4.3277	-2.7144	-0.8185	0.23799	0.88586	0.8971	0.67511	0.46495	0.29599	0.15886	0.086316	0.05045	0.031436	0.014772	0.021854	0.049298	0.024163	9.4952
856.63	0.018075	0.0093839	-0.15679	-0.30642	-0.40835	-0.4631	-0.75016	-1.0589	-1.2927	-1.8921	-2.4557	-3.2493	-4.0313	-4.4718	-2.6818	-0.84533	0.22961	0.86931	0.89416	0.67604	0.46874	0.3002	0.15777	0.087987	0.040362	0.016519	0.016478	0.0095533	0.040247	0.038008	9.4196
866.13	0.016083	-0.029183	-0.17276	-0.29785	-0.39606	-0.45044	-0.74026	-1.0163	-1.2717	-1.8806	-2.5856	-3.2961	-3.7492	-4.2394	-2.6619	-0.73471	0.24832	0.8702	0.89536	0.67507	0.46096	0.31516	0.16125	0.087021	0.053959	0.023262	0.017151	0.017542	0.03092	0.029012	9.3879
873.61	0.018612	-0.0057196	-0.14322	-0.2617	-0.41879	-0.44001	-0.74135	-1.0392	-1.271	-1.9659	-2.4469	-3.1134	-3.7521	-4.255	-2.6202	-0.80149	0.24093	0.86181	0.8751	0.66473	0.45702	0.29798	0.1547	0.088029	0.051861	0.015339	0.017004	0.013379	0.023608	0.026213	9.3623
863.04	0.028736	-0.00663	-0.14675	-0.29804	-0.40923	-0.49866	-0.73957	-1.0608	-1.2883	-1.99	-2.4572	-3.3724	-3.9041	-4.3072	-2.7479	-0.65411	0.25809	0.88093	0.90622	0.65253	0.4635	0.29155	0.14177	0.088219	0.039234	0.006843	0.0086404	-0.00025991	0.01498	0.04203	9.3471
863.89	-0.0036483	-0.0007548	-0.16966	-0.29252	-0.39905	-0.48106	-0.75721	-1.0376	-1.3101	-1.9414	-2.5629	-3.3507	-3.6619	-4.2592	-2.6115	-0.82897	0.24808	0.87531	0.90108	0.65835	0.45953	0.28486	0.14685	0.085472	0.024293	0.008572	0.0052083	0.014342	0.026546	0.029088	9.3713
867.2	0.0044229	-0.0065981	-0.16195	-0.30442	-0.40239	-0.48491	-0.73103	-1.061	-1.2991	-2.0269	-2.4747	-3.1364	-3.8238	-4.3301	-2.573	-0.79822	0.25332	0.86344	0.8748	0.63927	0.4604	0.29745	0.14456	0.083379	0.030799	0.0094031	0.017984	-0.012378	0.020234	0.020409	9.3804
874.78	0.02125	-0.0040553	-0.16755	-0.29232	-0.42016	-0.47226	-0.72305	-1.0299	-1.3006	-2.037	-2.7154	-3.1455	-3.843	-4.2839	-2.6356	-0.84602	0.26426	0.85878	0.86722	0.64468	0.4486	0.28312	0.14072	0.064265	0.04852	0.014462	0.0059871	-0.005862	0.016539	0.025328	9.3758
879.91	0.0096541	-0.024611	-0.17006	-0.32484	-0.43404	-0.46391	-0.75572	-1.0509	-1.2737	-2.0159	-2.3715	-3.2897	-3.8206	-4.2676	-2.7233	-0.86831	0.25837	0.84818	0.87717	0.64365	0.43822	0.30034	0.13563	0.088271	0.043358	0.010119	0.022768	0.0077087	0.025188	0.03869	9.3834
870.09	0.0035163	-0.014899	-0.15173	-0.29995	-0.40495	-0.47387	-0.75762	-1.0531	-1.3195	-2.0017	-2.5544	-3.4546	-3.89	-4.2375	-2.8583	-0.75889	0.21902	0.87379	0.89635	0.66283	0.46585	0.31009	0.15273	0.090146	0.035628	0.015401	0.023877	0.010212	0.0095515	0.024612	9.3638
868.06	0.0017365	-0.0090917	-0.17503	-0.32667	-0.44678	-0.49483	-0.76604	-1.0812	-1.3251	-2.0249	-2.6777	-3.3438	-3.987	-4.6045	-2.8175	-1.0457	0.20011	0.85692	0.89084	0.6653	0.47132	0.29351	0.15655	0.093004	0.041481	0.018028	0.020524	-0.011558	0.014893	0.013542	9.4483
873.07	0.023069	-0.018997	-0.18455	-0.29893	-0.45776	-0.48165	-0.79633	-1.0855	-1.3506	-2.0686	-2.8666	-3.3973	-4.0602	-4.5694	-2.8202	-0.99393	0.17088	0.86516	0.88488	0.68159	0.4773	0.31084	0.1729	0.11353	0.06336	0.045393	0.011085	0.023019	0.022741	0.021974	9.7036
874.78	0.015924	-0.027239	-0.16405	-0.34481	-0.4588	-0.47883	-0.78653	-1.0965	-1.3784	-1.9817	-2.6572	-3.4815	-4.244	-4.6728	-3.0315	-1.2109	0.10662	0.84283	0.88399	0.67935	0.48245	0.32741	0.17514	0.11506	0.070594	0.044448	0.017828	0.009355	0.022697	0.038917	9.927
876.49	0.0034906	-0.012311	-0.18121	-0.31408	-0.42127	-0.46759	-0.8138	-1.1241	-1.4069	-2.4098	-2.7198	-3.4022	-4.288	-4.9052	-3.2232	-1.4089	0.032115	0.82901	0.88478	0.70261	0.51097	0.34933	0.18167	0.11658	0.072088	0.040941	0.03383	0.01973	0.021775	0.034603	10.149
872.97	-0.0027215	-0.032272	-0.17053	-0.33173	-0.4462	-0.50145	-0.81213	-1.1269	-1.4143	-2.3088	-2.76	-3.425	-4.4713	-5.1069	-3.3591	-1.3963	-0.027433	0.80415	0.91019	0.71824	0.52695	0.36251	0.19706	0.12583	0.078117	0.046258	0.039052	0.020613	0.03773	0.029638	10.407
870.41	0.00084026	-0.019885	-0.1904	-0.32838	-0.47469	-0.49821	-0.846	-1.1592	-1.4499	-2.186	-3.0998	-3.4534	-4.5721	-5.5128	-3.6153	-1.7213	-0.1437	0.80274	0.87832	0.73319	0.53984	0.35086	0.22445	0.14116	0.082455	0.041228	0.022169	0.01343	0.022811	0.020334	10.685
881.19	-0.0035767	-0.038546	-0.16981	-0.33376	-0.4593	-0.50888	-0.83974	-1.1755	-1.4884	-2.3604	-3.1389	-3.6004	-4.8537	-5.7457	-3.8331	-1.7908	-0.20541	0.7687	0.87174	0.73146	0.54271	0.37528	0.21316	0.14987	0.087128	0.045827	0.031131	0.020421	0.019913	0.01081	10.958
884.81	-0.040419	-0.047394	-0.17604	-0.31623	-0.47078	-0.46041	-0.83141	-1.188	-1.4698	-2.3325	-3.1932	-3.8101	-5.0148	-5.7392	-3.864	-1.7564	-0.30414	0.74885	0.8607	0.75913	0.5628	0.38715	0.24547	0.15705	0.10375	0.07359	0.044382	0.040135	0.032877	0.014125	11.29
879.59	-0.02477	-0.032854	-0.17535	-0.33608	-0.46686	-0.47248	-0.85275	-1.2186	-1.5576	-2.3006	-3.135	-3.914	-5.1487	-6.1859	-4.3652	-2.1025	-0.44443	0.71318	0.85748	0.75548	0.58255	0.41732	0.24864	0.17801	0.12063	0.071472	0.052214	0.018068	0.034821	0.015053	11.587
875.21	-0.039089	-0.043777	-0.19198	-0.3756	-0.47112	-0.50767	-0.91388	-1.2448	-1.5958	-2.3029	-3.432	-3.9971	-5.4359	-6.571	-4.519	-2.268	-0.54382	0.70174	0.85506	0.77749	0.60282	0.4185	0.2602	0.19991	0.11714	0.079536	0.054168	0.035772	0.032357	0.010884	11.899
873.5	-0.029386	-0.038058	-0.1792	-0.32463	-0.49333	-0.47765	-0.9008	-1.2919	-1.5913	-2.335	-3.5068	-3.9413	-5.7521	-6.8002	-4.7167	-2.6653	-0.68521	0.66928	0.84833	0.80642	0.62051	0.44647	0.3038	0.20469	0.14358	0.10371	0.065285	0.043864	0.028016	0.022814	12.294
876.28	-0.043471	-0.066866	-0.19262	-0.33305	-0.48983	-0.48551	-0.90618	-1.2975	-1.6572	-2.6586	-3.5829	-4.1645	-5.8906	-7.1065	-5.257	-2.7206	-0.82292	0.61002	0.81133	0.82481	0.65321	0.47754	0.29854	0.20666	0.14312	0.10766	0.060012	0.043725	0.008608	-0.006935	12.681
877.66	-0.050479	-0.077487	-0.1766	-0.34368	-0.49387	-0.51747	-0.94501	-1.3286	-1.6647	-2.7186	-3.5966	-4.4204	-6.4461	-7.4829	-5.5024	-3.1346	-0.96914	0.55761	0.8042	0.82896	0.66688	0.4894	0.32037	0.21681	0.17305	0.11091	0.079304	0.029285	0.0085944	-0.006078	13.045
876.38	-0.074475	-0.073467	-0.17686	-0.34504	-0.49267	-0.50418	-0.89372	-1.3349	-1.6992	-2.6766	-3.6018	-4.5175	-6.4904	-7.8044	-5.7175	-3.3395	-1.1069	0.5322	0.82127	0.85112	0.68519	0.51718	0.332	0.25122	0.16759	0.12732	0.095458	0.06211	0.013874	0.0023913	13.488
871.69	-0.082002	-0.084665	-0.19276	-0.35899	-0.50211	-0.51914	-0.94322	-1.343	-1.7907	-2.7188	-3.933	-4.7241	-6.8491	-8.2281	-6.212	-3.8336	-1.3335	0.46727	0.76848	0.84289	0.69324	0.52269	0.36056	0.25609	0.18982	0.12715	0.096822	0.06566	0.016598	-0.001005	13.888
876.38	-0.075362	-0.078426	-0.20833	-0.33903	-0.47338	-0.50793	-0.91018	-1.3856	-1.8098	-2.8972	-3.9506	-4.8529	-7.2301	-8.6239	-6.5833	-4.0042	-1.5099	0.38141	0.73674	0.86386	0.71205	0.5641	0.36808	0.25909	0.19207	0.12988	0.097147	0.069305	0.0024605	-0.017109	14.342
880.23	-0.077678	-0.10524	-0.18653	-0.34011	-0.52028	-0.52436	-0.97668	-1.3856	-1.8103	-2.7198	-3.9913	-4.8858	-7.4585	-9.0501	-6.9669	-4.3313	-1.7061	0.32379	0.71352	0.88367	0.74086	0.57691	0.39896	0.29364	0.21236	0.15827	0.10429	0.072188	0.019935	-0.0043714	14.817
879.37	-0.11484	-0.1144	-0.22156	-0.34729	-0.4958	-0.52673	-0.98337	-1.3913	-1.8532	-2.9698	-4.0144	-5.1345	-7.752	-9.4458	-7.3675	-4.6622	-1.8855	0.25503	0.67918	0.8691	0.74676	0.59905	0.40021	0.30264	0.21013	0.14478	0.11617	0.068274	0.017329	-0.0094456	15.219
876.17	-0.15957	-0.15615	-0.23636	-0.33739	-0.49375	-0.53615	-0.99684	-1.4244	-1.9495	-2.9899	-4.2326	-5.4071	-8.2069	-9.8945	-7.8181	-5.0618	-2.1468	0.17258	0.62725	0.87592	0.77376	0.61297	0.4283	0.30812	0.23375	0.16584	0.1225	0.062926	-0.0098366	-0.034072	15.676
873.72	-0.14313	-0.14996	-0.24755	-0.35471	-0.4845	-0.51699	-0.96084	-1.4161	-1.9406	-2.777	-4.5264	-5.4132	-8.4831	-10.26	-8.1043	-5.3774	-2.3405	0.092276	0.59207	0.88934	0.80287	0.63189	0.44846	0.32301	0.24259	0.19118	0.14317	0.062299	-0.018672	-0.036719	16.141
875.42	-0.21647	-0.20758	-0.27857	-0.37981	-0.50672	-0.5338	-0.94414	-1.4344	-1.9377	-3.02	-4.372	-5.575	-8.998	-10.654	-8.4465	-5.841	-2.581	-0.001667	0.54986	0.88305	0.80218	0.64601	0.45532	0.34076	0.23803	0.17968	0.11838	0.053375	-0.034458	-0.059563	16.563
876.92	-0.22407	-0.23861	-0.31042	-0.41264	-0.50489	-0.56565	-0.97954	-1.4817	-1.9858	-3.0975	-4.5389	-5.8554	-9.1827	-10.99	-8.9494	-6.0221	-2.7015	-0.057828	0.51965	0.87972	0.79994	0.66204	0.46742	0.3559	0.2621	0.19305	0.13421	0.063669	-0.037032	-0.071323	17.037
