13011	4	3	91	25.3	753.5	1	15	8	0.233	128	4096	10	0	0	0	0	29.824	952.48	1.4386e+006	0.11639	0.0099886	40.305	0	0	1	0	0	0	11	0	0
914.07	-0.070486	-0.10174	-0.15277	-0.27631	-0.45037	-0.57973	-0.90235	-1.2664	-1.7452	-2.3451	-3.6909	-4.5266	-6.6977	-8.1345	-6.1441	-3.3897	-1.4392	0.43104	0.75748	0.85597	0.7177	0.55171	0.3765	0.28386	0.19143	0.14534	0.10627	0.068917	0.0093289	-0.015086	14.067
908.96	-0.1153	-0.1039	-0.17639	-0.29526	-0.4278	-0.59744	-0.91298	-1.3123	-1.7656	-2.3849	-3.5903	-4.5957	-7.0207	-8.513	-6.3873	-3.8302	-1.6353	0.34948	0.73027	0.86869	0.73092	0.55655	0.39021	0.27703	0.19487	0.14616	0.10849	0.056969	0.0051491	-0.030701	14.488
912.58	-0.12421	-0.14	-0.18492	-0.30398	-0.41407	-0.55999	-0.88723	-1.3407	-1.748	-2.3048	-3.5853	-4.6559	-7.4024	-8.7775	-6.8771	-4.2172	-1.8445	0.29593	0.70406	0.8941	0.75964	0.59246	0.40846	0.30867	0.21525	0.15707	0.12104	0.056743	0.0017559	-0.027323	14.837
909.39	-0.16733	-0.18668	-0.24623	-0.30919	-0.40438	-0.54661	-0.86497	-1.273	-1.7818	-2.366	-3.822	-4.8906	-7.4955	-9.0411	-7.0555	-4.39	-1.9184	0.25906	0.68476	0.88584	0.76816	0.58238	0.41983	0.30975	0.21444	0.16257	0.11577	0.059255	-0.015164	-0.056832	15.243
908.32	-0.18463	-0.19727	-0.26423	-0.37254	-0.40671	-0.57256	-0.82073	-1.2551	-1.7505	-2.5994	-3.7704	-4.9488	-7.6974	-9.2764	-7.0637	-4.5006	-1.9645	0.22954	0.66779	0.89478	0.7816	0.60308	0.41701	0.31518	0.22729	0.16441	0.11346	0.060866	-0.03975	-0.061807	15.626
907.68	-0.23779	-0.22055	-0.3024	-0.39187	-0.47123	-0.56844	-0.82448	-1.234	-1.7827	-2.4769	-3.8573	-4.7948	-7.6944	-9.3413	-7.2777	-4.6445	-2.0663	0.19081	0.64402	0.9086	0.77379	0.60699	0.4314	0.31118	0.22036	0.16205	0.11517	0.040067	-0.038931	-0.10032	16.033
905.23	-0.29333	-0.33476	-0.40562	-0.45946	-0.63399	-0.63889	-0.82034	-1.162	-1.6887	-2.6082	-3.7645	-4.9481	-7.9428	-9.3165	-7.3339	-4.851	-2.0939	0.18135	0.6644	0.92164	0.79266	0.61911	0.45834	0.32472	0.22253	0.16083	0.10731	0.04482	-0.062839	-0.11291	16.372
902.99	-0.44626	-0.47515	-0.61788	-0.69817	-0.79464	-0.78774	-0.9917	-1.2149	-1.3291	-1.5889	-2.9463	-3.9048	-6.5012	-7.8409	-5.9729	-3.8732	-1.6274	0.34179	0.72372	0.92569	0.78453	0.61627	0.43947	0.31873	0.21913	0.14546	0.091188	0.013115	-0.12691	-0.18313	16.755
899.58	-0.51441	-0.57195	-0.72924	-0.8757	-1.0362	-0.9869	-1.2689	-1.3294	-1.557	-1.192	-1.0791	-1.4648	-1.8032	-1.9456	-1.8698	-1.0846	-0.16111	0.75278	0.91319	0.8884	0.74192	0.54917	0.37838	0.25266	0.15635	0.090193	0.027386	-0.074077	-0.20695	-0.26394	17.094
894.67	-0.64394	-0.65038	-0.88737	-1.1178	-1.194	-1.0226	-1.1678	-1.067	-0.96437	-0.76634	-0.93316	-1.0022	-0.87536	-0.85771	-0.96739	-0.19856	0.29356	0.90554	0.95181	0.82548	0.65687	0.47617	0.31483	0.19839	0.09245	0.021161	-0.036961	-0.14575	-0.30528	-0.39078	17.471
901.5	-0.75793	-0.80453	-0.8611	-0.98238	-1.0631	-0.82546	-0.94614	-0.88128	-0.85859	-0.70694	-0.57758	-0.68623	-0.66568	-0.8009	-0.71305	-0.07311	0.4681	0.89413	0.93403	0.76169	0.57778	0.40152	0.25317	0.1272	0.029864	-0.038026	-0.11793	-0.25658	-0.42674	-0.50404	17.862
902.88	-0.73097	-0.78484	-0.86318	-0.89751	-0.88832	-0.75965	-0.81368	-0.81799	-0.77042	-0.54527	-0.57669	-0.58841	-0.61397	-0.67407	-0.47446	0.20984	0.56751	0.93367	0.94235	0.74549	0.54745	0.37376	0.20943	0.093915	-0.00028517	-0.07034	-0.1497	-0.2686	-0.46188	-0.5263	18.265
902.14	-0.66014	-0.68674	-0.78916	-0.86988	-0.91716	-0.79485	-0.83115	-0.82291	-0.75793	-0.46536	-0.47363	-0.55366	-0.63984	-0.5992	-0.5937	0.18347	0.58326	0.94809	0.95776	0.75053	0.56306	0.37933	0.22128	0.10673	-0.0066276	-0.077874	-0.13998	-0.24785	-0.41108	-0.47485	18.674
894.03	-0.69652	-0.71403	-0.78775	-0.78767	-0.77425	-0.70749	-0.75317	-0.74982	-0.69198	-0.43354	-0.49691	-0.51428	-0.48354	-0.57926	-0.40534	0.28334	0.62796	0.9576	0.9566	0.74752	0.55542	0.37392	0.20897	0.088847	-0.011488	-0.078581	-0.16442	-0.27518	-0.43891	-0.50575	19.074
895.31	-0.68858	-0.70249	-0.75068	-0.75628	-0.75427	-0.67072	-0.69409	-0.7111	-0.66373	-0.60385	-0.44879	-0.46917	-0.56804	-0.46866	-0.46926	0.22054	0.64846	0.96357	0.94949	0.74199	0.53257	0.36985	0.21708	0.080162	-0.013867	-0.096884	-0.16253	-0.27165	-0.45289	-0.49175	19.417
899.37	-0.64749	-0.6494	-0.72089	-0.72693	-0.73959	-0.67774	-0.68776	-0.6866	-0.66403	-0.47574	-0.41844	-0.51121	-0.49764	-0.49176	-0.32958	0.35264	0.63021	0.95832	0.94359	0.75107	0.56395	0.36907	0.21694	0.090023	-0.016987	-0.077281	-0.147	-0.25952	-0.42005	-0.48292	19.74
894.14	-0.69122	-0.71475	-0.73881	-0.71939	-0.71273	-0.62387	-0.68694	-0.69318	-0.65219	-0.51457	-0.39239	-0.44313	-0.44084	-0.46081	-0.46988	0.30114	0.63046	0.95841	0.95812	0.74386	0.57319	0.40218	0.22073	0.098259	-0.0042869	-0.0836	-0.15613	-0.27279	-0.45349	-0.48907	20.036
891.79	-0.70262	-0.70039	-0.75192	-0.75842	-0.74966	-0.69178	-0.69764	-0.7139	-0.67298	-0.47075	-0.46009	-0.64027	-0.56173	-0.47051	-0.53583	0.2393	0.61752	0.97105	0.98532	0.79414	0.6045	0.42097	0.2441	0.13374	0.018159	-0.06197	-0.13829	-0.2578	-0.42707	-0.48203	20.317
893.93	-0.72787	-0.73356	-0.74156	-0.74062	-0.67982	-0.66533	-0.68952	-0.68734	-0.67551	-0.33448	-0.26899	-0.461	-0.43242	-0.45247	-0.53455	0.26551	0.59376	0.96874	0.97148	0.78867	0.59626	0.40139	0.23173	0.11628	0.017314	-0.071044	-0.15203	-0.26345	-0.44327	-0.51745	20.587
895.63	-0.67186	-0.661	-0.7162	-0.70391	-0.68796	-0.63291	-0.65116	-0.66893	-0.66597	-0.36981	-0.48655	-0.57542	-0.55081	-0.62887	-0.35858	0.20261	0.57467	0.95314	0.96881	0.7747	0.60275	0.42093	0.24306	0.12889	0.016484	-0.056683	-0.14596	-0.25748	-0.41235	-0.48743	20.86
878.99	-0.7261	-0.72625	-0.7315	-0.71466	-0.70483	-0.66917	-0.69631	-0.69467	-0.66427	-0.4318	-0.40883	-0.37846	-0.43109	-0.45155	-0.46858	0.23369	0.58642	0.97773	0.97631	0.81024	0.62626	0.43699	0.26907	0.12872	0.016797	-0.054346	-0.14535	-0.26713	-0.46218	-0.53638	21.099
876.22	-0.69118	-0.68061	-0.74256	-0.73239	-0.72056	-0.6563	-0.69523	-0.689	-0.67144	-0.39638	-0.47796	-0.3978	-0.44116	-0.51339	-0.31945	0.31642	0.57254	0.97989	0.99698	0.82465	0.64471	0.44289	0.26992	0.14311	0.036439	-0.044254	-0.14159	-0.26478	-0.43993	-0.50671	21.304
876.43	-0.72911	-0.73002	-0.75287	-0.75626	-0.72713	-0.6936	-0.70658	-0.69844	-0.67043	-0.47901	-0.40032	-0.55178	-0.37142	-0.47013	-0.51699	0.15243	0.54268	0.97028	0.99255	0.8199	0.64715	0.44819	0.28531	0.16231	0.019294	-0.05536	-0.13818	-0.27991	-0.46529	-0.52439	21.48
880.48	-0.72663	-0.71103	-0.74592	-0.71773	-0.70555	-0.65498	-0.6853	-0.69523	-0.66146	-0.43107	-0.45635	-0.51315	-0.45633	-0.49372	-0.41158	0.2061	0.55149	0.97607	0.99298	0.82428	0.65107	0.46409	0.29341	0.14068	0.027329	-0.055957	-0.13838	-0.25315	-0.44829	-0.53294	21.67
876.75	-0.71467	-0.70993	-0.73774	-0.73023	-0.70952	-0.67182	-0.70303	-0.70343	-0.67947	-0.51558	-0.2549	-0.53347	-0.46699	-0.43546	-0.52622	0.22521	0.53112	0.96899	0.988	0.82051	0.65211	0.45976	0.26975	0.15439	0.017653	-0.043372	-0.15754	-0.26782	-0.45985	-0.53691	21.87
867.99	-0.67447	-0.68872	-0.7187	-0.72025	-0.70402	-0.64455	-0.70597	-0.71053	-0.65478	-0.37231	-0.50204	-0.38327	-0.45412	-0.47469	-0.56954	0.14473	0.51794	0.97593	1.0005	0.84349	0.65082	0.47532	0.28809	0.15683	0.034312	-0.0464	-0.13612	-0.26487	-0.43966	-0.5175	21.986
866.71	-0.6683	-0.65632	-0.7065	-0.71436	-0.71579	-0.6777	-0.6887	-0.69743	-0.66941	-0.51226	-0.42441	-0.37466	-0.50758	-0.42305	-0.50377	0.043659	0.52136	0.98874	1.0096	0.86684	0.67806	0.48789	0.32238	0.17032	0.052519	-0.010151	-0.11156	-0.23534	-0.41723	-0.49512	22.112
868.21	-0.7378	-0.74945	-0.76	-0.75215	-0.74278	-0.67559	-0.70579	-0.73241	-0.69552	-0.37222	-0.33565	-0.55701	-0.58577	-0.40492	-0.4459	0.13549	0.52223	0.9738	1.0003	0.86351	0.6664	0.49342	0.30882	0.16826	0.045014	-0.045526	-0.11563	-0.25592	-0.47146	-0.53106	22.261
855.71	-0.73134	-0.72569	-0.76662	-0.75434	-0.74375	-0.69121	-0.722	-0.71357	-0.71173	-0.46236	-0.4497	-0.60227	-0.54086	-0.49918	-0.5199	0.19342	0.48956	0.97459	1.0123	0.86679	0.68412	0.48307	0.31069	0.17698	0.044838	-0.026922	-0.12078	-0.26212	-0.44328	-0.53014	22.322
858.38	-0.73539	-0.74031	-0.74817	-0.72744	-0.73258	-0.68141	-0.69539	-0.71759	-0.68366	-0.47032	-0.55714	-0.44307	-0.42366	-0.60332	-0.53748	0.13705	0.50768	0.97443	1.0109	0.85108	0.6643	0.4917	0.31411	0.17911	0.046364	-0.025093	-0.13592	-0.28497	-0.46969	-0.54839	22.368
861.59	-0.73897	-0.71318	-0.7445	-0.76317	-0.74162	-0.6541	-0.69866	-0.72737	-0.66738	-0.39377	-0.41709	-0.29392	-0.4929	-0.52211	-0.62163	0.26622	0.51379	0.98795	1.0054	0.86273	0.68827	0.49262	0.31294	0.18022	0.04868	-0.032827	-0.11652	-0.26114	-0.44472	-0.51272	22.459
852.51	-0.7605	-0.75391	-0.81084	-0.75629	-0.72771	-0.68226	-0.71118	-0.73961	-0.68838	-0.44521	-0.39165	-0.49273	-0.53394	-0.4922	-0.57022	-0.03987	0.47613	0.98788	1.0058	0.87567	0.69114	0.50158	0.32687	0.18214	0.040809	-0.026144	-0.12557	-0.26146	-0.47112	-0.53474	22.494
864.36	-0.76624	-0.75697	-0.74654	-0.75985	-0.73142	-0.64631	-0.7131	-0.71883	-0.67465	-0.36454	-0.55328	-0.37568	-0.3766	-0.5554	-0.59102	0.034533	0.48732	0.95914	0.99622	0.86643	0.67112	0.49653	0.31629	0.17344	0.045214	-0.043994	-0.13326	-0.26031	-0.46822	-0.55234	22.535
847.7	-0.70619	-0.72316	-0.75941	-0.74105	-0.73982	-0.6503	-0.72457	-0.71218	-0.69665	-0.54276	-0.29369	-0.51425	-0.393	-0.45039	-0.63181	0.17644	0.51679	0.9809	1.0262	0.8684	0.69775	0.51842	0.31896	0.18498	0.050323	-0.020104	-0.10534	-0.25137	-0.44656	-0.51674	22.53
848.55	-0.72012	-0.72157	-0.74871	-0.77135	-0.757	-0.6777	-0.73574	-0.72681	-0.71251	-0.41881	-0.4535	-0.43887	-0.59934	-0.30739	-0.61175	0.11043	0.4955	0.97121	1.0018	0.87411	0.69347	0.49833	0.32574	0.18389	0.066288	-0.016551	-0.11133	-0.24534	-0.45337	-0.50309	22.538
842.35	-0.72542	-0.73376	-0.7615	-0.72609	-0.71943	-0.67976	-0.7129	-0.72306	-0.70194	-0.46014	-0.40642	-0.56468	-0.44077	-0.47119	-0.48898	0.28176	0.50097	0.98712	1.0109	0.86538	0.68325	0.49636	0.32456	0.18707	0.061681	-0.034468	-0.11918	-0.25629	-0.4366	-0.52002	22.509
844.27	-0.7017	-0.73466	-0.74978	-0.75386	-0.75082	-0.70155	-0.71897	-0.74229	-0.71086	-0.38275	-0.4055	-0.42227	-0.52107	-0.37161	-0.35108	0.092055	0.46988	0.97612	1.013	0.87759	0.69339	0.49992	0.32114	0.18482	0.063234	-0.032613	-0.11803	-0.23745	-0.44381	-0.503	22.51
845.13	-0.72028	-0.70821	-0.7744	-0.74775	-0.72307	-0.68821	-0.71482	-0.71797	-0.70926	-0.37284	-0.44529	-0.43123	-0.55665	-0.55016	-0.46785	0.16752	0.48935	0.96834	1.0111	0.86159	0.6828	0.49099	0.33151	0.17104	0.064017	-0.020167	-0.12492	-0.2513	-0.44701	-0.52183	22.549
845.66	-0.7235	-0.73945	-0.74221	-0.7366	-0.7376	-0.67807	-0.72034	-0.73654	-0.68345	-0.4107	-0.37474	-0.58124	-0.54729	-0.39784	-0.50656	0.08249	0.50353	0.96384	1.007	0.86577	0.67698	0.49629	0.31617	0.19539	0.050444	-0.026356	-0.11696	-0.25032	-0.4449	-0.52062	22.512
844.7	-0.72708	-0.712	-0.76663	-0.73476	-0.70943	-0.66329	-0.71177	-0.70291	-0.69123	-0.35397	-0.49579	-0.34681	-0.54791	-0.38933	-0.49738	0.073124	0.50864	0.9698	0.99075	0.84408	0.66606	0.48937	0.29781	0.16387	0.040339	-0.03792	-0.10922	-0.24314	-0.45908	-0.52561	22.419
837.97	-0.71532	-0.70303	-0.71886	-0.7254	-0.70101	-0.67058	-0.70372	-0.6921	-0.71003	-0.44333	-0.34776	-0.52972	-0.43398	-0.51877	-0.54072	0.14991	0.54656	0.98053	1.0075	0.84515	0.66236	0.48198	0.29033	0.15787	0.038103	-0.044486	-0.13658	-0.25763	-0.44164	-0.51033	22.231
844.6	-0.69683	-0.69837	-0.73408	-0.72505	-0.70352	-0.67018	-0.68197	-0.69846	-0.6773	-0.28725	-0.34503	-0.50674	-0.40348	-0.40729	-0.42907	0.20543	0.53592	0.9602	0.99348	0.84324	0.64457	0.46696	0.28448	0.1657	0.037804	-0.039701	-0.132	-0.26391	-0.44729	-0.52832	21.977
834.44	-0.72207	-0.71468	-0.73842	-0.71584	-0.70803	-0.67834	-0.69028	-0.70697	-0.66427	-0.33901	-0.46117	-0.43676	-0.33528	-0.38507	-0.35522	0.14097	0.58468	0.9896	1.0073	0.85159	0.65424	0.45938	0.29516	0.1512	0.028837	-0.055451	-0.13627	-0.25788	-0.45642	-0.53564	21.791
836.79	-0.70055	-0.70835	-0.7336	-0.71742	-0.71412	-0.67349	-0.68316	-0.73061	-0.66505	-0.31881	-0.36855	-0.37857	-0.51662	-0.50144	-0.60064	0.24547	0.59951	0.99565	0.99925	0.82631	0.63697	0.46281	0.27904	0.1526	0.024481	-0.047235	-0.12881	-0.25967	-0.44502	-0.51105	21.597
840.85	-0.663	-0.69976	-0.72732	-0.71216	-0.71268	-0.66438	-0.71246	-0.72071	-0.68296	-0.40348	-0.44756	-0.41452	-0.51412	-0.38213	-0.4604	0.1494	0.56837	0.97033	1.0031	0.80808	0.6366	0.44647	0.27143	0.13637	0.016707	-0.069289	-0.14315	-0.26008	-0.43189	-0.50681	21.374
840.32	-0.67359	-0.68727	-0.72961	-0.72247	-0.68196	-0.67554	-0.68716	-0.70749	-0.67723	-0.48043	-0.38721	-0.38643	-0.44184	-0.39136	-0.49997	0.27295	0.59244	0.98853	0.99156	0.83424	0.62707	0.45428	0.2716	0.14649	0.045656	-0.059523	-0.12563	-0.2369	-0.43125	-0.47707	21.162
839.36	-0.68916	-0.69065	-0.73227	-0.71881	-0.73207	-0.70272	-0.69396	-0.71469	-0.6736	-0.4426	-0.44835	-0.31116	-0.46053	-0.58997	-0.43174	0.20671	0.59494	0.99651	0.98832	0.81713	0.62145	0.43031	0.26025	0.11745	0.01418	-0.053341	-0.139	-0.25303	-0.43449	-0.51656	20.978
840	-0.65443	-0.65305	-0.72988	-0.73171	-0.68322	-0.64551	-0.66166	-0.69499	-0.67044	-0.41347	-0.36715	-0.42442	-0.53281	-0.56251	-0.44123	0.20656	0.59175	0.98012	0.98582	0.80225	0.61556	0.42715	0.25826	0.12375	0.014169	-0.059546	-0.13713	-0.25367	-0.42775	-0.4914	20.712
838.82	-0.69423	-0.69023	-0.71995	-0.69594	-0.66706	-0.65033	-0.67205	-0.66217	-0.6361	-0.40445	-0.3778	-0.49128	-0.36989	-0.32897	-0.36321	0.3876	0.63642	0.9903	0.99071	0.80528	0.6128	0.43435	0.25144	0.12575	0.016747	-0.057842	-0.14349	-0.26823	-0.43477	-0.49563	20.497
842.35	-0.68302	-0.68819	-0.72967	-0.69392	-0.66828	-0.66709	-0.66067	-0.70851	-0.66594	-0.57488	-0.50725	-0.46095	-0.42266	-0.6148	-0.36169	0.18701	0.63193	0.9881	0.97262	0.7659	0.57327	0.38278	0.23609	0.11158	-0.0062494	-0.060271	-0.15431	-0.26877	-0.42747	-0.50503	20.217
836.79	-0.67642	-0.68325	-0.71987	-0.70033	-0.67877	-0.62837	-0.628	-0.68484	-0.64207	-0.48246	-0.30766	-0.36908	-0.45283	-0.37494	-0.2951	0.46483	0.65811	0.98093	0.96068	0.77672	0.5798	0.38533	0.22327	0.095841	-0.014837	-0.078582	-0.16241	-0.27726	-0.4579	-0.51105	19.9
840.11	-0.64326	-0.65469	-0.67325	-0.63664	-0.61575	-0.61318	-0.64527	-0.64657	-0.61752	-0.25044	-0.2357	-0.39599	-0.40564	-0.45446	-0.25467	0.43449	0.69837	0.97706	0.97435	0.74516	0.5522	0.37628	0.21074	0.088166	-0.024996	-0.083625	-0.15208	-0.25364	-0.40937	-0.48338	19.643
842.67	-0.62748	-0.60026	-0.65757	-0.64721	-0.62891	-0.63372	-0.61249	-0.64733	-0.61564	-0.27834	-0.42645	-0.37593	-0.35916	-0.55176	-0.24409	0.28166	0.7117	0.97701	0.95397	0.73436	0.54241	0.35542	0.21188	0.082443	-0.026618	-0.078034	-0.1683	-0.24289	-0.42548	-0.46957	19.327
837.54	-0.66933	-0.67572	-0.68629	-0.65746	-0.65799	-0.65426	-0.60677	-0.64947	-0.6256	-0.39546	-0.43919	-0.19804	-0.54348	-0.46487	-0.38345	0.30245	0.71057	0.98496	0.95106	0.73124	0.54211	0.36138	0.1979	0.074716	-0.009701	-0.090146	-0.15343	-0.26529	-0.42166	-0.49285	19.019
842.56	-0.63124	-0.66481	-0.66856	-0.62585	-0.5959	-0.64159	-0.60915	-0.64287	-0.60957	-0.25926	-0.29548	-0.49854	-0.38634	-0.48902	-0.24412	0.52794	0.72452	0.96739	0.94539	0.72404	0.52536	0.34609	0.19583	0.072451	-0.024073	-0.074486	-0.15778	-0.24625	-0.40818	-0.45375	18.703
839.25	-0.63003	-0.63551	-0.67303	-0.65343	-0.61638	-0.63239	-0.60124	-0.63901	-0.63754	-0.39466	-0.44841	-0.44371	-0.4515	-0.58104	-0.37285	0.41593	0.72373	0.9849	0.94737	0.70312	0.49395	0.33992	0.1966	0.06087	-0.014794	-0.095319	-0.154	-0.25891	-0.41163	-0.45377	18.318
840.21	-0.60806	-0.60633	-0.63852	-0.63387	-0.61668	-0.61897	-0.59969	-0.64102	-0.61392	-0.46131	-0.32663	-0.36758	-0.39652	-0.70634	-0.33314	0.48194	0.74569	0.96521	0.9393	0.68997	0.49881	0.32353	0.16592	0.048946	-0.024993	-0.085398	-0.16439	-0.2436	-0.39009	-0.44883	17.958
835.83	-0.58524	-0.58438	-0.65012	-0.6471	-0.59565	-0.63105	-0.59852	-0.61963	-0.61006	-0.30953	-0.38929	-0.322	-0.51721	-0.6196	-0.15729	0.48447	0.74044	0.97028	0.94335	0.69932	0.49143	0.32238	0.15958	0.059287	-0.033681	-0.09302	-0.15551	-0.24739	-0.37464	-0.44141	17.622
839.78	-0.58618	-0.573	-0.6653	-0.61179	-0.61397	-0.60951	-0.59656	-0.64499	-0.58516	-0.34645	-0.37733	-0.43398	-0.46937	-0.62569	-0.058339	0.43466	0.78074	0.96082	0.9293	0.66277	0.4855	0.3011	0.16511	0.054447	-0.045447	-0.098829	-0.16888	-0.24873	-0.36463	-0.42075	17.246
840.64	-0.58189	-0.58276	-0.63273	-0.604	-0.62541	-0.66064	-0.64057	-0.61973	-0.55728	-0.38441	-0.39717	-0.37684	-0.36909	-0.58008	-0.26431	0.6146	0.79362	0.96863	0.92225	0.66019	0.4543	0.29138	0.14614	0.042544	-0.051356	-0.096052	-0.15374	-0.23681	-0.37341	-0.44242	16.904
833.26	-0.61406	-0.6166	-0.62454	-0.60664	-0.57822	-0.57291	-0.61595	-0.5912	-0.59418	-0.36849	-0.21724	-0.40877	-0.43643	-0.53984	-0.18746	0.79244	0.80892	0.94962	0.90489	0.63348	0.44374	0.27214	0.14201	0.02637	-0.042369	-0.11579	-0.15688	-0.25993	-0.40812	-0.44633	16.476
843.74	-0.53281	-0.54371	-0.58137	-0.61427	-0.64014	-0.63486	-0.60231	-0.59294	-0.55524	-0.33527	-0.36552	-0.55434	-0.1779	-0.74819	-0.1167	0.77313	0.79252	0.95048	0.89799	0.63223	0.45352	0.26688	0.13846	0.051468	-0.05032	-0.082377	-0.14178	-0.23428	-0.33921	-0.37827	16.146
834.97	-0.53934	-0.56069	-0.61592	-0.62072	-0.60537	-0.61401	-0.56718	-0.57531	-0.51942	-0.35809	-0.38971	-0.37939	-0.5543	-0.57495	-0.24634	0.57099	0.799	0.94866	0.90742	0.64747	0.44192	0.28389	0.13541	0.046501	-0.031146	-0.093116	-0.13175	-0.21576	-0.32249	-0.37957	15.745
839.14	-0.50705	-0.51475	-0.57086	-0.63378	-0.63257	-0.69116	-0.62968	-0.6464	-0.5812	-0.29871	-0.36752	-0.43431	-0.40611	-0.72527	-0.15667	0.44452	0.78682	0.94394	0.8933	0.62333	0.44063	0.27023	0.13025	0.049009	-0.02673	-0.086399	-0.13551	-0.19464	-0.31264	-0.35024	15.356
841.07	-0.47358	-0.46105	-0.5231	-0.69229	-0.63413	-0.64469	-0.67283	-0.66223	-0.65991	-0.48957	-0.53829	-0.60332	-0.98557	-0.91238	-0.63681	0.46246	0.73036	0.93105	0.90608	0.64847	0.45497	0.28371	0.16038	0.058916	-0.012212	-0.070162	-0.10793	-0.18337	-0.29179	-0.33795	14.989
841.92	-0.40669	-0.40036	-0.57171	-0.66835	-0.71077	-0.73665	-0.72611	-0.68248	-0.72515	-0.45081	-0.59829	-0.7631	-1.0842	-1.2976	-0.74392	0.34826	0.62861	0.92133	0.89558	0.65634	0.47345	0.29	0.14859	0.065228	0.0047919	-0.047837	-0.086728	-0.15905	-0.23391	-0.26348	14.601
838.29	-0.51775	-0.52392	-0.57236	-0.55361	-0.59289	-0.68012	-0.74647	-0.77135	-0.63474	-0.55846	-0.69203	-0.76641	-1.2163	-1.3573	-0.95376	0.35928	0.64048	0.94393	0.90996	0.67157	0.47369	0.30824	0.16181	0.086531	0.0065198	-0.035528	-0.080927	-0.15221	-0.25788	-0.30451	14.234
844.17	-0.43321	-0.46193	-0.52844	-0.65498	-0.60177	-0.59079	-0.72931	-0.74873	-0.72234	-0.74539	-0.86827	-0.93045	-1.6415	-1.4285	-0.94711	0.18662	0.57885	0.92471	0.91492	0.66972	0.48748	0.32669	0.1803	0.090465	0.031892	-0.033504	-0.047937	-0.098859	-0.20139	-0.22933	13.829
841.71	-0.34038	-0.40218	-0.50632	-0.56657	-0.63264	-0.69783	-0.70573	-0.73727	-0.85981	-0.71888	-1.012	-0.98036	-1.5738	-1.4147	-0.93029	0.30095	0.58873	0.93034	0.91149	0.67926	0.49071	0.31638	0.18351	0.09437	0.042183	0.00023122	-0.050714	-0.094154	-0.18369	-0.2097	13.489
847.38	-0.32344	-0.35334	-0.46134	-0.49083	-0.58953	-0.67476	-0.70953	-0.7676	-0.91605	-0.79961	-0.74474	-1.0488	-1.6713	-1.4231	-1.1771	0.23301	0.55224	0.90378	0.90972	0.66907	0.48384	0.32359	0.1734	0.099162	0.050342	-0.011269	-0.03466	-0.095179	-0.1643	-0.17849	13.083
842.89	-0.32701	-0.37584	-0.54015	-0.57828	-0.64479	-0.60824	-0.67309	-0.82622	-0.81209	-0.9759	-1.0711	-1.2806	-1.8793	-1.8702	-1.3302	0.063819	0.46702	0.90664	0.90238	0.69441	0.49633	0.33282	0.1895	0.098782	0.051458	0.010902	-0.017292	-0.066588	-0.12044	-0.15652	12.742
846.84	-0.23012	-0.30909	-0.34855	-0.46536	-0.53402	-0.62575	-0.71679	-0.8296	-0.98651	-0.96182	-1.2967	-1.753	-2.3479	-2.5488	-1.7427	-0.23803	0.34361	0.89272	0.91463	0.68457	0.51464	0.34527	0.20817	0.11641	0.048684	0.02855	0.0028828	-0.05552	-0.088981	-0.13912	12.342
851.33	-0.20428	-0.25556	-0.30082	-0.36653	-0.4647	-0.57425	-0.69352	-0.87112	-1.0169	-1.2784	-1.5791	-1.7904	-2.6938	-2.9084	-1.9564	-0.34927	0.295	0.87451	0.88913	0.68471	0.49854	0.34345	0.19028	0.1176	0.051789	0.023998	-0.019724	-0.048645	-0.11201	-0.13751	11.985
850.26	-0.15523	-0.15793	-0.20118	-0.37584	-0.43448	-0.55759	-0.63756	-0.8632	-1.1479	-1.479	-1.9906	-2.5027	-3.4328	-3.8279	-2.5408	-0.62189	0.13049	0.86016	0.89542	0.72124	0.52239	0.35225	0.20114	0.13847	0.082137	0.053117	0.021145	-0.015739	-0.033414	-0.040684	11.605
846.73	-0.054084	-0.080746	-0.18483	-0.3214	-0.47621	-0.58318	-0.6777	-0.88309	-1.1902	-1.6659	-2.3097	-3.1041	-3.9065	-4.4153	-2.7268	-1.0297	0.051411	0.85211	0.90695	0.72519	0.5425	0.3696	0.21976	0.1309	0.088391	0.056878	0.030845	0.014815	0.0046175	-0.013653	11.241
852.08	-0.031876	-0.044539	-0.13422	-0.27522	-0.37306	-0.56122	-0.71915	-1.0241	-1.3269	-1.9012	-2.5643	-3.0846	-4.2222	-4.6715	-3.0291	-0.99519	-0.0055553	0.85159	0.91848	0.74499	0.55336	0.37192	0.21926	0.15796	0.08448	0.066198	0.053223	0.041037	0.027166	0.0099761	10.884
853.68	0.027305	0.013236	-0.13127	-0.25177	-0.40404	-0.60055	-0.7516	-1.0276	-1.3452	-1.6901	-2.5694	-3.0975	-3.973	-4.6273	-2.7819	-0.99334	0.035734	0.8596	0.91073	0.73144	0.54965	0.3601	0.23737	0.13971	0.087671	0.073097	0.062658	0.036855	0.06678	0.054345	10.534
860.73	0.017159	0.0055541	-0.13554	-0.28032	-0.39189	-0.60707	-0.75466	-1.0263	-1.323	-1.7417	-2.3807	-3.0998	-3.9139	-4.4137	-2.7878	-0.84611	0.088847	0.86114	0.89731	0.72081	0.51868	0.34613	0.21269	0.14124	0.075321	0.055953	0.041514	0.048764	0.050139	0.052175	10.173
855.28	0.038149	0.0038968	-0.13282	-0.25482	-0.39044	-0.56487	-0.7367	-1.0274	-1.283	-1.7246	-2.4455	-3.1102	-3.8496	-4.2739	-2.5259	-0.67421	0.17003	0.87719	0.90217	0.70021	0.51399	0.32522	0.18852	0.11527	0.072454	0.055434	0.035725	0.040063	0.036963	0.062931	9.8244
868.74	0.03577	0.02301	-0.1096	-0.2656	-0.37077	-0.57313	-0.73691	-0.96125	-1.2631	-1.6979	-2.0557	-2.934	-3.4563	-3.9205	-2.3064	-0.30553	0.25999	0.88344	0.90001	0.66731	0.46582	0.29743	0.16567	0.11083	0.063099	0.047674	0.041131	0.042667	0.058535	0.062811	9.5088
863.19	0.032402	0.011412	-0.13782	-0.2647	-0.39567	-0.5635	-0.71491	-0.97986	-1.2224	-1.6715	-2.0296	-2.6676	-3.4963	-3.6042	-1.9582	-0.36296	0.35219	0.87581	0.88541	0.66329	0.43363	0.2801	0.14668	0.093795	0.060192	0.026275	0.03197	0.028332	0.037517	0.050302	9.1689
875.47	0.029287	0.0095979	-0.13676	-0.25668	-0.41039	-0.5556	-0.72383	-0.94511	-1.2128	-1.5284	-2.0011	-2.6665	-3.1771	-3.4586	-1.8271	-0.13909	0.42513	0.88603	0.87718	0.62846	0.41714	0.25631	0.1429	0.067101	0.03157	0.025049	0.011239	0.0087263	0.035231	0.052993	8.8939
871.84	0.043659	-0.01113	-0.1426	-0.28538	-0.39078	-0.5485	-0.69375	-0.93147	-1.1822	-1.4793	-2.0095	-2.3496	-3.0766	-3.3516	-1.7211	-0.066448	0.44887	0.8916	0.85896	0.60728	0.39797	0.24468	0.11846	0.056838	0.016934	0.015698	0.010439	0.010369	0.03979	0.034465	8.6128
873.12	0.033813	0.007135	-0.14151	-0.26082	-0.40762	-0.55897	-0.70017	-0.91958	-1.1653	-1.4956	-1.7926	-2.4462	-2.9935	-3.1129	-1.5958	0.061609	0.49823	0.89687	0.86274	0.58902	0.39478	0.22168	0.10708	0.053244	0.020185	0.0062331	0.0053382	0.006342	0.042377	0.069303	8.3634
885.82	0.026315	0.016026	-0.11613	-0.27493	-0.38175	-0.54818	-0.66896	-0.9159	-1.1369	-1.5014	-1.8436	-2.456	-2.7439	-2.8549	-1.5729	0.033696	0.55682	0.90069	0.85534	0.56526	0.37798	0.20511	0.099592	0.053346	0.009398	0.0052981	-0.012277	0.010206	0.056537	0.051534	8.1306
878.99	0.038003	-0.0036247	-0.14667	-0.24966	-0.3876	-0.52629	-0.66595	-0.89949	-1.1095	-1.5223	-1.7419	-2.0955	-2.6004	-2.5588	-1.2661	0.25185	0.61866	0.90022	0.84696	0.55513	0.35154	0.19951	0.095229	0.043299	0.015982	0.0027795	0.0086705	-0.0040641	0.052599	0.048555	7.9068
884.65	0.038637	0.014411	-0.15612	-0.27614	-0.40613	-0.54705	-0.64213	-0.90846	-1.084	-1.3122	-1.7404	-2.0642	-2.5493	-2.6792	-1.1368	0.25928	0.65022	0.89539	0.81501	0.53083	0.34328	0.17231	0.068243	0.019642	0.00051703	-0.025194	-0.016475	0.00071481	0.045304	0.041524	7.6875
883.05	0.041347	-0.014271	-0.13992	-0.26727	-0.37625	-0.52109	-0.64166	-0.8728	-1.0742	-1.3785	-1.6378	-2.0499	-2.5021	-2.4101	-1.251	0.36819	0.6566	0.87935	0.83726	0.51552	0.32327	0.17083	0.080299	0.017076	0.0045687	-0.0091152	-0.01818	-0.0032538	0.037543	0.036551	7.5272
887.85	0.040248	-0.0035886	-0.13744	-0.23361	-0.34661	-0.53861	-0.64225	-0.83615	-1.0476	-1.4254	-1.5142	-1.9136	-2.2566	-2.3374	-1.0213	0.40216	0.69447	0.88477	0.82281	0.50375	0.32152	0.16189	0.056127	0.018708	-0.0059292	-0.010755	-0.0039144	0.0070241	0.051208	0.061461	7.3109
891.79	0.046164	-0.0035727	-0.14714	-0.27646	-0.36119	-0.52334	-0.63132	-0.84104	-1.043	-1.3288	-1.5456	-1.9853	-2.3835	-2.2932	-0.97977	0.52565	0.69311	0.86889	0.78298	0.48272	0.29455	0.15054	0.052501	-0.0062885	-0.024349	-0.022471	-0.027127	-0.01815	0.03545	0.040357	7.1641
892.65	0.04264	0.0086007	-0.13069	-0.25596	-0.36747	-0.50169	-0.61779	-0.82994	-1.0014	-1.1922	-1.4585	-1.8677	-2.2274	-1.9861	-0.68316	0.4894	0.75339	0.86254	0.77484	0.4617	0.27556	0.12027	0.038958	-0.011431	-0.016314	-0.027488	-0.015498	0.001493	0.035416	0.054469	7.0385
895.63	0.035562	-0.0035574	-0.12684	-0.24502	-0.35869	-0.4991	-0.61976	-0.82375	-1.0063	-1.2422	-1.3683	-1.959	-2.0922	-2.0977	-0.76377	0.72834	0.7543	0.87433	0.78454	0.4566	0.27463	0.14018	0.021179	-0.005405	-0.01626	-0.02656	-0.012968	-0.004772	0.061073	0.067561	6.9205
892.54	0.046126	0.0053561	-0.13586	-0.2484	-0.3713	-0.5229	-0.62918	-0.81974	-1.0189	-1.2465	-1.4016	-1.8145	-2.1336	-2.0372	-0.64628	0.60567	0.76807	0.87276	0.76836	0.44656	0.26453	0.11675	0.02041	-0.027742	-0.029137	-0.039247	-0.021302	-0.017349	0.042317	0.057806	6.8175
900.54	0.036232	-0.0059495	-0.12274	-0.2696	-0.37457	-0.53102	-0.61318	-0.81927	-0.99341	-1.137	-1.474	-1.7631	-2.0639	-1.8847	-0.67719	0.59145	0.76805	0.84678	0.76723	0.45145	0.24869	0.11483	0.0085264	-0.018988	-0.0098162	-0.031407	-0.024398	-0.0078582	0.041087	0.068019	6.7267
897.13	0.041562	0.01744	-0.14285	-0.25385	-0.35339	-0.53029	-0.58335	-0.80872	-0.98647	-1.1414	-1.4039	-1.5839	-1.9952	-1.7486	-0.55104	0.7627	0.79488	0.86372	0.76525	0.44161	0.24201	0.1232	0.027858	-0.013082	-0.024204	-0.039881	-0.01377	-0.0031998	0.043817	0.060825	6.6465
904.16	0.034369	0.0084912	-0.14428	-0.26103	-0.34503	-0.51073	-0.60035	-0.79226	-0.97879	-1.1681	-1.346	-1.8703	-1.9965	-1.919	-0.61972	0.59788	0.787	0.84792	0.73333	0.42758	0.23929	0.10213	0.011822	-0.023148	-0.04142	-0.04786	-0.042303	-0.0031778	0.050284	0.065281	6.6011
904.27	0.041233	-0.0059249	-0.14596	-0.26932	-0.35714	-0.50613	-0.60108	-0.79725	-0.96804	-1.1591	-1.3834	-1.8349	-1.9879	-1.877	-0.62878	0.72138	0.79199	0.85599	0.74379	0.41605	0.23926	0.093371	0.010157	-0.014674	-0.037459	-0.030449	-0.019389	-0.016349	0.043471	0.045554	6.5693
903.63	0.036967	0.0028857	-0.12741	-0.23369	-0.36674	-0.50013	-0.61347	-0.81222	-0.96791	-1.1242	-1.2622	-1.7571	-2.023	-1.7026	-0.43756	0.59827	0.79764	0.86023	0.76055	0.43843	0.24783	0.11094	0.025158	-0.02401	-0.016116	-0.041253	-0.017766	-0.022565	0.040947	0.06532	6.5193
907.04	0.023131	-0.001915	-0.14129	-0.24692	-0.34673	-0.51183	-0.58891	-0.8041	-0.98874	-1.3775	-1.5196	-1.8643	-2.0491	-1.9796	-0.66323	0.52562	0.7617	0.857	0.74556	0.43238	0.24021	0.10616	0.0092947	-0.028987	-0.045231	-0.041924	-0.034827	-0.013211	0.037399	0.035585	6.5133
906.19	0.037719	0.017265	-0.15749	-0.24964	-0.34613	-0.50144	-0.60776	-0.8057	-0.97334	-1.2722	-1.4179	-1.7434	-2.1183	-1.848	-0.64564	0.64941	0.7844	0.85508	0.75436	0.43102	0.24127	0.096663	0.0068113	-0.025634	-0.024752	-0.044445	-0.034044	-0.013995	0.032339	0.046277	6.5118
907.79	0.038507	0.0076584	-0.11923	-0.25418	-0.34924	-0.50327	-0.59795	-0.79331	-0.95777	-1.1812	-1.3219	-1.7228	-2.0138	-1.8447	-0.71719	0.69221	0.79315	0.85629	0.76757	0.4329	0.23415	0.099106	0.010946	-0.017991	-0.051496	-0.045193	-0.022573	-0.013197	0.0043069	0.039646	6.5209
911.52	0.050277	-0.0074691	-0.13639	-0.24901	-0.37191	-0.4913	-0.605	-0.81949	-0.97252	-1.2294	-1.5587	-1.7855	-2.0725	-1.8952	-0.59664	0.48801	0.78486	0.85999	0.7427	0.42763	0.2207	0.088292	0.010901	-0.039771	-0.04344	-0.040075	-0.035467	-0.0093016	0.035528	0.051713	6.5375
910.77	0.026446	0.017178	-0.10706	-0.255	-0.36665	-0.50612	-0.5952	-0.7924	-0.98875	-1.195	-1.4481	-1.8131	-2.0658	-1.8221	-0.69673	0.61108	0.77625	0.84808	0.75378	0.42185	0.23672	0.098782	0.005951	-0.018775	-0.029339	-0.040107	-0.01844	-0.010078	0.025416	0.05828	6.5345
912.37	0.045974	-0.0074621	-0.14802	-0.25785	-0.37342	-0.48635	-0.60997	-0.812	-0.98134	-1.1841	-1.4176	-1.7315	-2.0956	-1.9017	-0.61415	0.53129	0.76565	0.86009	0.75729	0.44735	0.25378	0.11681	0.027392	-0.02042	-0.034776	-0.039216	-0.021649	-0.0062196	0.037181	0.049222	6.539
914.71	0.032274	0.004435	-0.14513	-0.25308	-0.37985	-0.52458	-0.63285	-0.84175	-1.0055	-1.137	-1.5532	-1.8921	-2.1903	-2.2192	-0.75685	0.44269	0.73605	0.85699	0.76978	0.44794	0.26642	0.12083	0.029791	-0.023719	-0.031558	-0.030102	-0.034535	-0.0039054	0.04129	0.045845	6.6843
912.37	0.038314	-0.0050804	-0.13962	-0.2661	-0.39472	-0.54842	-0.63052	-0.82292	-1.0267	-1.2988	-1.762	-1.9318	-2.2712	-2.2829	-0.85823	0.35635	0.72031	0.87088	0.78703	0.47534	0.27542	0.14714	0.030692	-0.008666	-0.030072	-0.033464	-0.015975	0.0060662	0.045615	0.054922	6.8751
915.67	0.044113	0.0012667	-0.1341	-0.24788	-0.37022	-0.51955	-0.64715	-0.84254	-1.0659	-1.2062	-1.5145	-2.0983	-2.4629	-2.415	-0.98123	0.25049	0.67922	0.86595	0.81383	0.50326	0.30097	0.15438	0.062642	0.0039163	-0.005749	-0.029252	-0.019956	-0.0016053	0.029482	0.058781	7.0688
915.03	0.037354	-0.02327	-0.15261	-0.27438	-0.38987	-0.54234	-0.65785	-0.86992	-1.0747	-1.4183	-1.7197	-2.1519	-2.5146	-2.582	-1.036	0.28555	0.65458	0.87553	0.82723	0.52279	0.3128	0.16745	0.062685	0.016477	-0.017478	-0.0087966	0.0010518	-0.0016065	0.026978	0.048265	7.2912
918.65	0.037207	0.0067813	-0.12532	-0.26592	-0.3865	-0.50357	-0.66782	-0.8815	-1.0825	-1.4478	-1.7592	-2.2731	-2.5213	-2.7364	-1.3372	0.24098	0.61531	0.89799	0.84233	0.54766	0.34132	0.18573	0.07145	-0.00026704	0.0012775	-0.0095773	-0.0061993	0.012128	0.041114	0.052928	7.4788
914.61	0.029732	0.0052269	-0.12337	-0.25558	-0.39283	-0.5408	-0.68103	-0.91556	-1.1124	-1.463	-1.7855	-2.205	-2.6659	-2.9469	-1.3431	0.11115	0.59039	0.87773	0.84606	0.56318	0.36027	0.19779	0.084935	0.015648	-0.0010631	0.00021279	-0.025642	0.025207	0.033723	0.057225	7.6769
917.16	0.033034	-0.01058	-0.16312	-0.28933	-0.38068	-0.55003	-0.68857	-0.91969	-1.1424	-1.3975	-1.8176	-2.424	-2.9412	-3.0541	-1.6181	0.023848	0.53779	0.87797	0.86369	0.56944	0.35843	0.21793	0.087981	0.044005	0.021556	-0.0014212	0.0091158	0.0075646	0.044537	0.066786	7.8781
917.7	0.02963	0.0020527	-0.14132	-0.27358	-0.38414	-0.56492	-0.70703	-0.92583	-1.178	-1.502	-1.835	-2.4659	-2.9063	-3.2995	-1.6172	-0.002256	0.50742	0.89624	0.86399	0.59954	0.39795	0.22211	0.10351	0.048989	0.01219	0.011645	0.0026602	0.016722	0.041157	0.039221	8.114
915.14	0.039897	-0.008229	-0.13501	-0.2801	-0.39814	-0.54856	-0.71137	-0.94684	-1.195	-1.5502	-1.9608	-2.4468	-3.1144	-3.4409	-1.7028	-0.089468	0.43852	0.89336	0.87282	0.61604	0.40653	0.23483	0.12519	0.060844	0.021604	0.0018512	0.0050931	0.0098771	0.044635	0.053132	8.3377
919.4	0.024509	0.0059885	-0.16689	-0.27553	-0.43581	-0.52637	-0.70415	-0.99161	-1.2064	-1.6219	-2.0256	-2.5477	-3.1995	-3.5483	-1.8564	-0.22792	0.40899	0.87047	0.86239	0.61058	0.41951	0.24406	0.12461	0.063896	0.035507	0.014071	0.017946	0.024313	0.042755	0.050461	8.6461
915.35	0.024618	-0.018514	-0.13749	-0.28251	-0.38143	-0.53498	-0.72696	-0.9734	-1.2578	-1.8138	-2.1552	-2.6631	-3.4303	-3.5722	-2.1259	-0.33356	0.34551	0.8797	0.88864	0.63682	0.43712	0.27365	0.13585	0.094309	0.042696	0.0075821	0.022066	0.029779	0.042103	0.05393	8.8803
920.04	0.025336	-0.003463	-0.15678	-0.28598	-0.41439	-0.5492	-0.71777	-1.0001	-1.29	-1.7083	-2.3564	-3.064	-3.5206	-4.0799	-2.3481	-0.64411	0.24883	0.85292	0.88411	0.6648	0.46543	0.29374	0.14661	0.082171	0.058027	0.027908	0.020343	0.019727	0.033524	0.039927	9.1946
919.08	0.011	0.0028372	-0.14444	-0.30921	-0.41298	-0.56139	-0.77423	-1.0261	-1.3179	-1.7539	-2.3497	-3.119	-3.7069	-4.1993	-2.6108	-0.74899	0.16323	0.85559	0.89461	0.67418	0.47831	0.32071	0.18035	0.10893	0.056532	0.04017	0.028414	0.025845	0.035232	0.047245	9.5299
917.38	0.025409	0.0044221	-0.13803	-0.29255	-0.44414	-0.57406	-0.77253	-1.0439	-1.3486	-1.7571	-2.4373	-3.1768	-3.905	-4.4956	-2.6876	-0.82866	0.092547	0.85539	0.88268	0.69109	0.50238	0.31872	0.2053	0.11832	0.083144	0.064752	0.037339	0.025893	0.055432	0.048952	9.8123
918.97	0.025365	-0.011348	-0.14196	-0.30842	-0.43969	-0.57038	-0.78688	-1.0763	-1.3768	-1.9907	-2.5163	-3.3269	-4.0974	-4.6605	-3.1406	-1.0443	0.0056871	0.82711	0.88354	0.70639	0.51969	0.36205	0.19839	0.12895	0.080666	0.057301	0.058206	0.040338	0.0411	0.044825	10.14
916.2	0.030527	-0.0058492	-0.14071	-0.29292	-0.43457	-0.5739	-0.78296	-1.0503	-1.4149	-1.8385	-2.6351	-3.1549	-4.3762	-5.0707	-3.2582	-1.2391	-0.087949	0.81617	0.88461	0.73552	0.54529	0.36228	0.22774	0.14774	0.087156	0.070562	0.050307	0.048108	0.050463	0.04496	10.508
915.78	0.016975	-0.0042696	-0.12572	-0.29553	-0.44215	-0.58851	-0.82428	-1.1143	-1.4244	-2.0241	-2.6363	-3.3211	-4.5614	-5.296	-3.4938	-1.4488	-0.24108	0.76725	0.87782	0.7533	0.55881	0.38749	0.23771	0.16119	0.10594	0.077142	0.077796	0.042774	0.056367	0.060396	10.858
916.63	0.00086515	-0.0082156	-0.16238	-0.29114	-0.42054	-0.57363	-0.84554	-1.1267	-1.4804	-1.9607	-3.0137	-3.4567	-4.7486	-5.5715	-3.7875	-1.7	-0.32109	0.76385	0.8746	0.7674	0.57735	0.39576	0.26952	0.17692	0.11755	0.086064	0.047862	0.036618	0.033648	0.019811	11.17
914.82	-0.0093192	-0.0209	-0.15181	-0.29501	-0.44539	-0.59989	-0.86693	-1.1657	-1.5133	-2.079	-2.8618	-3.5591	-5.0164	-5.9709	-3.9933	-1.8342	-0.44651	0.72589	0.87954	0.78985	0.60837	0.43371	0.27252	0.18648	0.12638	0.086234	0.077069	0.051243	0.041286	0.040155	11.532
917.38	-0.01691	-0.029527	-0.13886	-0.28763	-0.4423	-0.57585	-0.81655	-1.1617	-1.5316	-2.1874	-3.0945	-3.6531	-5.2436	-6.2345	-4.3868	-2.0987	-0.59475	0.69255	0.8587	0.80592	0.6282	0.44284	0.28817	0.20851	0.1346	0.1105	0.086531	0.057212	0.043686	0.018176	11.939
912.16	-0.022114	-0.039224	-0.16233	-0.30743	-0.47911	-0.58365	-0.89792	-1.2036	-1.6085	-2.1292	-3.0843	-3.8568	-5.583	-6.6017	-4.6831	-2.4082	-0.71826	0.64882	0.8612	0.82015	0.63096	0.47138	0.30962	0.20971	0.15184	0.097168	0.080538	0.046784	0.018628	0.013391	12.278
918.34	-0.03634	-0.046057	-0.13955	-0.307	-0.45932	-0.6253	-0.88874	-1.2272	-1.613	-2.1763	-3.2023	-4.0385	-5.7779	-6.9278	-4.8762	-2.5919	-0.85191	0.61317	0.84262	0.83462	0.67302	0.48027	0.32147	0.23082	0.15938	0.12181	0.10014	0.071649	0.039452	0.052137	12.675
909.38	-0.047797	-0.034564	-0.14514	-0.29678	-0.46106	-0.61972	-0.89749	-1.2056	-1.6736	-2.2863	-3.2151	-4.1132	-5.9355	-7.1871	-5.3776	-2.7402	-0.99424	0.57136	0.82591	0.84108	0.68549	0.50673	0.33871	0.25162	0.16174	0.13043	0.10031	0.069272	0.027993	0.0052614	13.054
913.01	-0.045056	-0.043154	-0.16722	-0.27581	-0.45552	-0.60917	-0.85522	-1.2453	-1.6921	-2.3478	-3.4348	-4.3666	-6.2711	-7.7466	-5.6183	-3.315	-1.2068	0.50346	0.7905	0.8596	0.70356	0.52031	0.35715	0.25818	0.18068	0.13648	0.10558	0.053647	0.032097	0.019077	13.429
