13461	5	3	91	25.1	747	1	13	8	1.747	128	4096	10	0	0	0	0	223.61	914.63	1.4048e+006	0.11455	0.076122	39.655	0	0	1	0	0	0	11	0	0
841.2	0.016891	-0.0020131	-0.18648	-0.31963	-0.40447	-0.56976	-0.73447	-0.97533	-1.2159	-1.5911	-2.1	-2.6348	-2.9649	-3.375	-1.6362	-0.045334	0.56766	0.92105	0.86156	0.59225	0.38934	0.22283	0.12028	0.067995	0.054418	0.030632	0.036904	0.031037	0.048996	0.055311	8.6446
832.86	0.030114	-0.025513	-0.17179	-0.32374	-0.43997	-0.58335	-0.76954	-0.99981	-1.2618	-1.7617	-2.1618	-2.9092	-3.48	-3.663	-2.0586	-0.27575	0.4786	0.92042	0.88516	0.62788	0.41877	0.24975	0.15583	0.092594	0.064409	0.043535	0.037274	0.031348	0.055956	0.045159	9.0465
826.76	0.03691	-0.0029255	-0.18696	-0.31975	-0.4473	-0.60553	-0.79179	-1.047	-1.3006	-1.8722	-2.3627	-2.921	-3.5702	-3.8363	-2.1436	-0.45155	0.42005	0.91132	0.91209	0.65761	0.45033	0.28793	0.16518	0.122	0.079593	0.04839	0.059919	0.059549	0.071261	0.065262	9.4212
825.37	0.013452	-0.010827	-0.18078	-0.35768	-0.50641	-0.62445	-0.82196	-1.0692	-1.3638	-1.9729	-2.521	-3.1954	-3.6687	-4.0351	-2.5469	-0.70369	0.31773	0.91783	0.93229	0.68772	0.48329	0.30662	0.18552	0.12778	0.085793	0.063001	0.071673	0.065592	0.081638	0.060872	9.8455
828.26	0.015281	-0.028279	-0.17552	-0.34644	-0.48934	-0.63515	-0.81561	-1.1071	-1.4108	-2.0147	-2.6352	-3.4241	-3.9966	-4.4501	-2.7272	-0.77831	0.2084	0.90472	0.92284	0.72387	0.51828	0.3466	0.21577	0.13566	0.12176	0.087211	0.072314	0.073823	0.050692	0.068734	10.312
836.6	0.030907	-0.012415	-0.16095	-0.33758	-0.46729	-0.61018	-0.86179	-1.1272	-1.4171	-2.1294	-2.7713	-3.4564	-4.3305	-4.8304	-3.1338	-1.0567	0.058884	0.86136	0.91539	0.73191	0.55759	0.36583	0.24331	0.17826	0.1291	0.098883	0.085742	0.06555	0.070422	0.071601	10.748
848.68	0.027722	-0.01053	-0.18123	-0.34165	-0.47757	-0.64115	-0.83677	-1.1202	-1.4431	-2.099	-2.952	-3.454	-4.4666	-5.1447	-3.2641	-1.4836	-0.051184	0.82588	0.91187	0.7497	0.54875	0.39137	0.26734	0.18746	0.13232	0.091293	0.084522	0.081954	0.049472	0.052198	11.113
861.29	-0.0033356	-0.014579	-0.16434	-0.34364	-0.50884	-0.61461	-0.86556	-1.1376	-1.4804	-2.0777	-2.7806	-3.3942	-4.5695	-5.4381	-3.5802	-1.5546	-0.16874	0.7995	0.89852	0.76004	0.58128	0.40767	0.28266	0.20072	0.1337	0.11432	0.1039	0.083195	0.065725	0.048846	11.572
872.72	0.0020468	-0.01937	-0.17887	-0.34604	-0.48087	-0.61973	-0.86001	-1.1245	-1.5043	-2.1797	-2.9388	-3.5318	-4.6495	-5.7394	-3.7224	-1.6805	-0.31401	0.75235	0.8691	0.77477	0.60151	0.43133	0.29534	0.20687	0.16719	0.11626	0.099148	0.090135	0.066628	0.047354	12.016
882	0.011709	-0.029019	-0.15353	-0.31253	-0.46527	-0.62065	-0.85586	-1.163	-1.5153	-2.0745	-3.0137	-3.6657	-4.9897	-5.9618	-4.0478	-1.9343	-0.44881	0.69324	0.86162	0.78471	0.61154	0.43934	0.30162	0.24378	0.17354	0.14308	0.10146	0.082037	0.065053	0.046012	12.431
886.91	-0.017246	-0.038657	-0.15959	-0.35833	-0.46841	-0.65238	-0.87227	-1.1721	-1.5611	-2.2538	-3.1311	-3.7708	-5.1255	-6.355	-4.2672	-2.3915	-0.6139	0.66164	0.82873	0.80017	0.64411	0.47168	0.32711	0.24071	0.1871	0.14904	0.13009	0.10291	0.06209	0.04492	12.884
887.76	-0.00061198	-0.03862	-0.16289	-0.3317	-0.47558	-0.61385	-0.88849	-1.2176	-1.5829	-2.424	-3.2142	-4.0177	-5.5845	-6.63	-4.867	-2.551	-0.77555	0.60275	0.81389	0.81288	0.6683	0.50151	0.34545	0.27068	0.199	0.16241	0.14247	0.1036	0.076765	0.051573	13.331
884.88	0.0011417	-0.03138	-0.18334	-0.33533	-0.50577	-0.65851	-0.89546	-1.2389	-1.6441	-2.4774	-3.3206	-4.0219	-5.9302	-7.1044	-5.2277	-2.9471	-0.96681	0.55555	0.8041	0.84078	0.6842	0.51833	0.36274	0.28541	0.20773	0.16887	0.14544	0.10157	0.061363	0.042504	13.727
878.8	-0.03861	-0.048081	-0.16455	-0.35906	-0.50447	-0.68456	-0.89755	-1.2762	-1.7026	-2.4854	-3.5948	-4.2305	-6.1795	-7.5665	-5.5361	-3.2762	-1.1914	0.48841	0.77211	0.85205	0.6898	0.53271	0.3858	0.27693	0.21406	0.16236	0.14561	0.11024	0.05566	0.049563	14.187
870.26	-0.039881	-0.073519	-0.17233	-0.34788	-0.50553	-0.64789	-0.95277	-1.2896	-1.772	-2.5375	-3.6984	-4.5915	-6.6784	-8.188	-6.159	-3.5743	-1.4047	0.41963	0.7426	0.86591	0.73933	0.56883	0.42505	0.3131	0.23999	0.18204	0.14873	0.1226	0.042941	0.022729	14.622
860.65	-0.04123	-0.076866	-0.18583	-0.35264	-0.53081	-0.70758	-1.0154	-1.3975	-1.821	-2.7063	-3.937	-4.8181	-7.2404	-8.6133	-6.6686	-4.0315	-1.6198	0.33848	0.7185	0.88022	0.75729	0.58345	0.41231	0.32905	0.24682	0.18581	0.14696	0.10036	0.031795	0.016075	15.04
852.74	-0.061643	-0.093714	-0.18935	-0.36739	-0.52583	-0.71895	-1.0307	-1.3727	-1.8718	-2.788	-4.1229	-5.0211	-7.549	-9.0655	-7.1173	-4.5087	-1.8513	0.27713	0.68388	0.89118	0.76787	0.59906	0.44791	0.35277	0.25499	0.19632	0.1596	0.10704	0.045629	0.0092544	15.486
847.08	-0.080389	-0.10375	-0.187	-0.38761	-0.54131	-0.71504	-1.0197	-1.4352	-1.9568	-2.9018	-4.2206	-5.2891	-8.0587	-9.6617	-7.6225	-4.8403	-2.1025	0.19758	0.64255	0.89809	0.79721	0.61334	0.46957	0.34789	0.26851	0.21887	0.15892	0.10858	0.021404	-0.010858	15.893
845.15	-0.09619	-0.11427	-0.22006	-0.35733	-0.55454	-0.73415	-1.057	-1.4684	-2.0383	-2.9942	-4.2704	-5.5362	-8.438	-10.059	-8.001	-5.0874	-2.3239	0.11645	0.61278	0.89447	0.79723	0.62502	0.46885	0.35141	0.2632	0.22114	0.16191	0.11546	0.03238	-0.0056078	16.285
847.61	-0.13072	-0.14726	-0.22665	-0.36872	-0.54396	-0.75332	-1.111	-1.5084	-2.0289	-3.0615	-4.4283	-5.6232	-8.9085	-10.494	-8.3475	-5.5622	-2.5549	0.00087299	0.55475	0.89658	0.81373	0.64933	0.47992	0.38383	0.28269	0.23111	0.18238	0.10025	0.032286	-0.0038393	16.7
851.67	-0.12736	-0.13635	-0.23006	-0.3758	-0.57212	-0.75648	-1.0455	-1.4473	-2.0739	-3.0753	-4.6665	-5.6803	-9.0988	-10.968	-8.7725	-5.9761	-2.7424	-0.053103	0.50646	0.88668	0.81609	0.65181	0.49973	0.3802	0.27798	0.22297	0.17196	0.11787	0.02671	-0.021269	17.045
856.48	-0.14025	-0.1618	-0.22967	-0.37809	-0.55313	-0.71198	-1.0658	-1.5009	-2.0398	-3.105	-4.5015	-5.7968	-9.4663	-11.074	-9.2433	-6.1662	-2.9327	-0.13523	0.46165	0.87704	0.8319	0.65276	0.49341	0.39774	0.27809	0.23397	0.17963	0.10248	0.014879	-0.039366	17.399
859.9	-0.15052	-0.13926	-0.26706	-0.37396	-0.54405	-0.72824	-1.059	-1.4664	-2.0558	-3.0365	-4.7502	-5.9308	-9.5972	-11.575	-9.3984	-6.5871	-3.1233	-0.21106	0.4274	0.88284	0.81535	0.67224	0.5002	0.40151	0.29778	0.22345	0.1858	0.10615	0.028243	-0.030568	17.717
863.64	-0.18853	-0.20155	-0.25704	-0.40459	-0.53093	-0.73744	-1.0494	-1.476	-2.034	-3.0886	-4.7788	-6.0431	-9.7234	-11.901	-9.5964	-6.8081	-3.3218	-0.29093	0.36864	0.87625	0.82677	0.6675	0.51896	0.39445	0.2998	0.23637	0.17472	0.11867	0.014756	-0.021833	18.036
865.13	-0.19539	-0.19618	-0.28316	-0.42999	-0.54173	-0.71624	-1.0426	-1.4221	-2.0989	-3.1671	-4.6822	-6.051	-9.8301	-12.274	-10.076	-7.0546	-3.4746	-0.36538	0.34003	0.87381	0.83938	0.70382	0.54242	0.42476	0.30259	0.23769	0.18125	0.10631	-0.0057268	-0.058725	18.388
864.39	-0.20454	-0.2106	-0.30999	-0.40946	-0.54709	-0.73585	-1.0393	-1.5191	-2.0348	-3.1419	-4.7648	-6.1757	-10.218	-12.451	-10.256	-7.4485	-3.6336	-0.42077	0.30977	0.88195	0.85328	0.70351	0.53505	0.41803	0.30864	0.25264	0.18655	0.09749	-0.0012812	-0.063934	18.689
861.18	-0.22333	-0.22904	-0.32983	-0.44944	-0.56188	-0.74812	-1.0357	-1.498	-2.1189	-3.06	-4.9206	-6.2541	-10.203	-12.804	-10.38	-7.6337	-3.8046	-0.49859	0.26748	0.87411	0.85029	0.71715	0.5589	0.42938	0.33222	0.25532	0.1881	0.11331	-0.010222	-0.044328	18.959
855.31	-0.26118	-0.26533	-0.3518	-0.48245	-0.60427	-0.7667	-1.0453	-1.5137	-2.1455	-3.1281	-5.0041	-6.3527	-10.05	-13.06	-10.886	-7.9754	-4.0188	-0.56056	0.23587	0.88011	0.86945	0.73317	0.56537	0.44307	0.32948	0.26058	0.18766	0.11819	0.0077008	-0.0594	19.218
849.11	-0.31064	-0.30224	-0.39407	-0.51257	-0.59077	-0.80516	-1.1268	-1.504	-2.068	-3.0656	-4.9006	-6.3991	-10.438	-13.245	-11.091	-8.2686	-4.1564	-0.64102	0.21082	0.8762	0.89189	0.74969	0.57039	0.44631	0.3302	0.26336	0.18903	0.09429	-0.017617	-0.072084	19.514
841.41	-0.31348	-0.33944	-0.37582	-0.51905	-0.74882	-0.86423	-1.1706	-1.6379	-1.9937	-2.95	-4.9757	-6.486	-10.47	-13.384	-11.222	-8.4011	-4.2627	-0.66444	0.19008	0.90793	0.89463	0.76313	0.57919	0.4513	0.35363	0.26399	0.19428	0.094322	-0.045216	-0.080692	19.713
834.46	-0.32539	-0.32143	-0.41935	-0.52427	-0.7672	-0.9639	-1.3878	-1.7287	-2.1291	-2.8009	-4.6813	-6.3972	-10.073	-13.495	-11.434	-8.452	-4.3184	-0.65817	0.19782	0.90975	0.91938	0.76475	0.60927	0.48352	0.34714	0.26798	0.19944	0.098465	-0.045593	-0.11164	19.917
829.43	-0.35545	-0.41594	-0.45606	-0.5338	-0.78306	-1.042	-1.5997	-1.9276	-2.1411	-2.7402	-4.2388	-5.8135	-9.6003	-13.003	-11.046	-8.2146	-4.2107	-0.64732	0.2397	0.94028	0.94051	0.78273	0.61205	0.48276	0.35011	0.26961	0.19976	0.1016	-0.040302	-0.12217	20.132
825.58	-0.39661	-0.41262	-0.44706	-0.63659	-0.78467	-1.1662	-1.8989	-2.1574	-2.3921	-2.5968	-3.7854	-5.1863	-8.4071	-11.8	-10.069	-7.7212	-3.8266	-0.48032	0.32255	0.97753	0.9541	0.79213	0.614	0.47759	0.35694	0.26905	0.18904	0.086793	-0.059132	-0.13174	20.302
823.98	-0.38796	-0.43188	-0.40981	-0.63052	-0.96053	-1.3697	-2.2562	-2.4155	-2.4354	-2.9831	-3.7412	-4.5505	-6.2945	-8.0608	-7.6961	-5.9833	-3.0215	-0.16546	0.47719	1.0104	0.96794	0.80039	0.62707	0.47387	0.34896	0.28231	0.17415	0.082711	-0.071389	-0.1374	20.449
822.8	-0.37059	-0.38145	-0.49605	-0.80158	-1.1837	-1.7337	-2.4225	-2.4329	-2.6259	-2.9874	-3.0758	-3.3213	-4.8945	-5.8027	-6.0131	-4.6146	-2.2986	0.054769	0.6214	1.0264	0.97947	0.79577	0.61973	0.49969	0.34772	0.28089	0.18878	0.085384	-0.058398	-0.13309	20.593
823.23	-0.35625	-0.3918	-0.61212	-1.0444	-1.7045	-2.0748	-2.3135	-2.2204	-2.2678	-2.8293	-2.6203	-2.7599	-3.215	-3.3017	-4.1766	-3.3714	-1.6069	0.29205	0.71998	1.0336	0.97251	0.79247	0.61758	0.48919	0.35362	0.27619	0.20127	0.086192	-0.050888	-0.12399	20.661
822.26	-0.43315	-0.49708	-0.76844	-1.4164	-1.9943	-2.0453	-2.0574	-2.0171	-2.1094	-2.4604	-2.3136	-2.3187	-2.5694	-2.8459	-3.3489	-2.958	-1.2557	0.40619	0.78951	1.0397	0.95795	0.77994	0.59999	0.46833	0.34272	0.25738	0.18621	0.068396	-0.080897	-0.15034	20.69
820.34	-0.47203	-0.63951	-1.113	-1.7509	-2.0412	-2.1112	-1.9849	-1.8481	-2.1459	-2.093	-1.5013	-2.0046	-1.8874	-2.2996	-3.0753	-2.2451	-0.98778	0.4952	0.82534	1.0305	0.93891	0.75767	0.58948	0.44795	0.31912	0.24702	0.14606	0.048055	-0.10266	-0.19236	20.767
814.56	-0.7175	-0.86989	-1.5084	-1.8373	-1.7694	-1.8994	-1.7759	-1.8198	-1.7461	-1.5937	-1.5849	-1.58	-1.9102	-1.5734	-2.2466	-2.0454	-0.691	0.58437	0.89244	1.0447	0.92506	0.74849	0.56778	0.42009	0.27748	0.18989	0.10986	-0.023001	-0.21014	-0.30044	20.76
805.03	-1.0057	-1.0601	-1.7042	-1.9628	-1.8942	-1.7639	-1.5729	-1.5188	-1.4662	-1.6025	-1.3506	-1.5494	-1.4117	-1.7892	-2.0273	-1.7822	-0.49838	0.68102	0.93307	1.0412	0.89828	0.70529	0.52121	0.38034	0.21413	0.12697	0.015586	-0.14949	-0.40955	-0.53012	20.797
795.06	-1.2976	-1.3011	-1.6533	-1.8615	-1.7522	-1.6507	-1.3776	-1.3624	-1.1999	-1.1363	-1.0471	-1.4189	-1.2663	-1.3267	-1.8453	-1.2826	-0.23193	0.80208	0.98628	0.99799	0.8551	0.64949	0.46336	0.28297	0.12955	0.028638	-0.10425	-0.30824	-0.70505	-0.91431	20.818
784.45	-2.1199	-1.7185	-1.5565	-1.594	-1.5787	-1.5004	-1.1784	-1.0693	-1.0718	-1.1311	-0.87723	-0.94193	-1.1959	-0.93022	-1.5653	-0.83196	0.028615	0.87258	1.0193	0.98301	0.7989	0.60485	0.38615	0.22624	0.045589	-0.060781	-0.183	-0.42763	-0.90784	-1.1663	20.821
778.77	-2.0028	-1.9329	-1.4892	-1.4259	-1.3798	-1.3912	-1.1814	-1.1204	-0.96184	-0.80841	-0.76368	-0.78561	-0.91083	-0.73314	-1.0578	-0.65356	0.19705	0.91373	1.0097	0.96251	0.76281	0.55646	0.35513	0.16494	0.022044	-0.10742	-0.23563	-0.46765	-0.96387	-1.213	20.859
778.12	-1.8018	-1.7688	-1.2915	-1.1968	-1.256	-1.29	-1.1453	-1.0248	-0.96929	-0.94366	-0.86253	-0.88833	-1.088	-0.90865	-0.95267	-0.59258	0.22773	0.91448	1.0059	0.92024	0.71171	0.50205	0.31674	0.13258	-0.00091767	-0.10269	-0.23963	-0.43832	-0.86676	-1.0373	20.878
785.85	-1.3919	-1.3044	-1.233	-1.1774	-1.1512	-1.1917	-1.079	-1.0684	-1.0784	-0.93439	-0.77842	-0.94026	-0.99969	-0.92859	-1.3001	-0.49536	0.24109	0.90968	0.98664	0.87464	0.70472	0.48303	0.32033	0.15663	1.0104e-006	-0.096914	-0.22221	-0.38764	-0.70744	-0.85223	20.899
807.17	-1.1002	-0.94066	-0.87677	-1.054	-1.081	-1.1663	-1.1461	-1.1379	-1.1141	-1.229	-0.8841	-0.98431	-1.1623	-1.0633	-1.3782	-0.55148	0.22143	0.88869	0.96603	0.85153	0.67952	0.49084	0.29788	0.15819	0.027471	-0.06557	-0.14943	-0.32271	-0.5753	-0.70637	20.882
834.14	-0.77047	-0.85207	-0.79791	-1.0127	-1.1616	-1.2634	-1.301	-1.2022	-1.157	-0.99616	-0.99801	-1.0668	-1.0607	-1.0198	-1.126	-0.5145	0.1959	0.85701	0.94359	0.84696	0.65755	0.4636	0.31171	0.16593	0.04116	-0.032902	-0.13839	-0.23499	-0.44784	-0.53656	20.888
866.1	-0.7017	-0.75374	-0.90292	-1.0127	-1.1792	-1.2812	-1.3096	-1.1941	-1.116	-1.1454	-0.90238	-1.0641	-1.0303	-0.99094	-1.2749	-0.46789	0.17452	0.82634	0.9164	0.82216	0.64644	0.46567	0.30368	0.18723	0.04542	-0.02044	-0.10851	-0.19962	-0.37445	-0.4507	20.885
896.4	-0.72388	-0.71533	-0.88607	-1.0288	-1.1676	-1.2874	-1.2356	-1.1153	-1.0386	-0.99887	-1.014	-0.92179	-1.0721	-1.0755	-1.2134	-0.57669	0.22332	0.82037	0.90178	0.80237	0.63305	0.46315	0.29594	0.15697	0.039896	-0.036469	-0.083389	-0.20694	-0.37724	-0.45453	20.862
918.36	-0.74378	-0.76053	-0.93829	-1.1091	-1.1967	-1.2039	-1.1173	-1.0377	-1.0235	-0.83464	-0.89725	-1.0554	-0.9551	-1.091	-1.0946	-0.44995	0.24718	0.83026	0.87383	0.79101	0.61957	0.44261	0.27984	0.1407	0.042059	-0.041309	-0.10153	-0.22641	-0.40928	-0.45742	20.715
931.35	-0.74091	-0.75925	-0.93014	-1.13	-1.1456	-1.1095	-1.056	-0.95989	-0.90594	-0.84031	-0.73887	-0.93836	-0.78618	-0.72667	-0.93761	-0.35799	0.31941	0.83983	0.88448	0.7637	0.58729	0.41096	0.2525	0.13216	0.019969	-0.063266	-0.13666	-0.2526	-0.40853	-0.48135	20.522
928.8	-0.80732	-0.78317	-1.068	-1.0934	-1.085	-1.033	-0.91136	-0.92541	-0.81524	-0.82527	-0.61289	-0.71003	-0.74729	-0.72054	-0.83364	-0.37616	0.35246	0.81739	0.85928	0.73745	0.56274	0.37974	0.21511	0.096228	-0.006929	-0.086032	-0.15934	-0.27517	-0.47511	-0.53067	20.29
914.95	-0.84924	-0.94226	-1.1218	-1.1092	-1.0211	-0.95626	-0.88337	-0.83224	-0.81868	-0.7145	-0.66858	-0.71209	-0.78359	-0.83061	-0.76512	-0.14635	0.39715	0.82886	0.85304	0.72157	0.54885	0.35784	0.19121	0.053306	-0.029707	-0.10781	-0.19732	-0.31916	-0.51846	-0.57525	20.045
889.9	-0.91153	-0.91263	-1.1345	-1.0567	-0.97768	-0.89186	-0.85151	-0.7954	-0.79601	-0.72555	-0.69694	-0.72321	-0.62567	-0.80301	-0.74959	-0.042853	0.47203	0.88909	0.88694	0.70242	0.53529	0.34214	0.18983	0.060833	-0.057066	-0.14454	-0.21951	-0.34074	-0.55036	-0.64237	19.78
860.97	-0.90248	-0.93825	-1.0622	-0.99948	-0.94674	-0.92087	-0.82818	-0.78831	-0.74456	-0.69381	-0.53297	-0.66447	-0.69985	-0.60169	-0.90889	-0.099912	0.52527	0.90085	0.92611	0.72324	0.52946	0.33711	0.17348	0.043301	-0.074767	-0.152	-0.23633	-0.353	-0.55902	-0.6605	19.544
832.96	-0.96358	-0.93153	-0.98298	-0.9147	-0.93495	-0.95183	-0.84564	-0.84333	-0.80601	-0.88153	-0.60186	-0.69636	-0.80578	-0.74897	-0.6721	-0.10327	0.57144	0.93804	0.92731	0.7466	0.52811	0.31902	0.16485	0.022681	-0.086726	-0.16611	-0.26293	-0.37749	-0.58612	-0.67379	19.297
811.77	-0.92943	-0.87823	-0.9171	-0.91354	-0.96976	-0.96151	-0.90325	-0.83892	-0.77601	-0.72594	-0.66986	-0.92003	-0.69527	-0.80579	-0.64903	-0.056822	0.5939	0.95241	0.94971	0.73267	0.52974	0.3137	0.14412	0.011006	-0.10044	-0.19722	-0.26979	-0.37526	-0.58152	-0.6566	19.019
800.21	-0.81478	-0.86015	-0.88536	-0.89288	-0.9426	-0.97746	-0.86493	-0.8319	-0.80757	-0.85722	-0.73261	-0.80427	-0.78158	-0.78909	-0.72024	0.13185	0.63982	0.97439	0.96527	0.73229	0.51747	0.30144	0.14432	-0.00032464	-0.10905	-0.18883	-0.26353	-0.36668	-0.53607	-0.60852	18.768
798.38	-0.80206	-0.8095	-0.85955	-0.88549	-0.86855	-0.88305	-0.82987	-0.84723	-0.83443	-0.70783	-0.72365	-0.89564	-0.8789	-0.89505	-0.70121	0.092153	0.66527	0.96838	0.95277	0.71297	0.49962	0.29024	0.11448	-0.015679	-0.11288	-0.19302	-0.24745	-0.3482	-0.51705	-0.58385	18.427
809.74	-0.72656	-0.77757	-0.81154	-0.79406	-0.78541	-0.78653	-0.79507	-0.81075	-0.79441	-0.51887	-0.703	-0.85367	-0.69702	-0.95719	-0.63028	0.1303	0.655	0.98015	0.93398	0.6941	0.47105	0.27934	0.10358	-0.024921	-0.10246	-0.2116	-0.26682	-0.33726	-0.51645	-0.56282	18.132
827.29	-0.68299	-0.71643	-0.74061	-0.69259	-0.70644	-0.79663	-0.81831	-0.76854	-0.72389	-0.66363	-0.64705	-0.72032	-0.67301	-0.65358	-0.51721	0.30118	0.67814	0.95141	0.93367	0.6813	0.45738	0.24378	0.11048	-0.017908	-0.1245	-0.1908	-0.25847	-0.33688	-0.45992	-0.53112	17.812
846.86	-0.60853	-0.63573	-0.69726	-0.70592	-0.71606	-0.78307	-0.70316	-0.74626	-0.73861	-0.80999	-0.68223	-0.64739	-0.7115	-0.72777	-0.6708	0.13402	0.68509	0.90132	0.88438	0.62032	0.40557	0.23535	0.06526	-0.033779	-0.12331	-0.20498	-0.24289	-0.32165	-0.44747	-0.49165	17.46
864.6	-0.57359	-0.58834	-0.67764	-0.67838	-0.66032	-0.67966	-0.6854	-0.72297	-0.68496	-0.55114	-0.54055	-0.52387	-0.64397	-0.87898	-0.52351	0.36202	0.6923	0.88663	0.84757	0.60575	0.39022	0.20583	0.077852	-0.045491	-0.13402	-0.17564	-0.23106	-0.31019	-0.43206	-0.46352	17.082
876.77	-0.57094	-0.581	-0.62367	-0.6475	-0.67429	-0.65244	-0.67999	-0.64478	-0.6206	-0.77318	-0.42652	-0.70685	-0.64373	-0.78916	-0.42217	0.4935	0.71677	0.89679	0.85337	0.57914	0.39346	0.20387	0.067326	-0.034375	-0.13052	-0.18089	-0.23461	-0.2939	-0.40763	-0.452	16.725
881.68	-0.57393	-0.57941	-0.58805	-0.60121	-0.62932	-0.61901	-0.60504	-0.62468	-0.63225	-0.51307	-0.54933	-0.67589	-0.64879	-0.86195	-0.4853	0.36405	0.74319	0.889	0.82532	0.54786	0.34993	0.1839	0.043046	-0.050692	-0.13142	-0.19348	-0.24337	-0.30259	-0.40274	-0.43937	16.26
881.79	-0.5721	-0.55716	-0.5706	-0.57552	-0.60816	-0.59846	-0.57961	-0.56553	-0.60281	-0.47647	-0.60705	-0.61275	-0.52763	-0.79326	-0.3543	0.33686	0.75005	0.8712	0.81358	0.56136	0.3275	0.17491	0.035359	-0.066325	-0.14114	-0.19771	-0.23747	-0.28428	-0.3931	-0.4351	15.901
874.96	-0.51089	-0.57144	-0.54791	-0.537	-0.53082	-0.53465	-0.55034	-0.56119	-0.55678	-0.44335	-0.38857	-0.6266	-0.5056	-0.85128	-0.37593	0.47629	0.77342	0.88833	0.82328	0.53109	0.34741	0.1564	0.033054	-0.065967	-0.14633	-0.18812	-0.2427	-0.2905	-0.38649	-0.42067	15.54
860.65	-0.53292	-0.54055	-0.5588	-0.50745	-0.49449	-0.50634	-0.5201	-0.54648	-0.49298	-0.58177	-0.51345	-0.83085	-0.78873	-0.83908	-0.25759	0.51203	0.80408	0.89451	0.831	0.53157	0.34525	0.17829	0.02923	-0.065283	-0.14128	-0.19037	-0.22439	-0.28963	-0.35805	-0.41816	15.136
843.44	-0.52354	-0.50521	-0.52751	-0.48656	-0.48253	-0.52251	-0.4777	-0.48133	-0.51093	-0.45037	-0.72526	-0.56527	-0.89525	-0.89205	-0.41929	0.44679	0.84682	0.90984	0.8323	0.54715	0.32258	0.14162	0.018224	-0.062982	-0.13229	-0.19337	-0.21405	-0.29222	-0.35987	-0.40908	14.738
826.12	-0.47812	-0.48249	-0.4718	-0.47946	-0.45276	-0.44504	-0.44494	-0.52945	-0.47149	-0.54756	-0.57601	-0.86558	-0.92325	-1.1853	-0.49797	0.48514	0.84047	0.93787	0.83466	0.52964	0.32935	0.13789	0.024073	-0.069867	-0.129	-0.18382	-0.22481	-0.25678	-0.34972	-0.39247	14.387
810.38	-0.46729	-0.47577	-0.47718	-0.43396	-0.40108	-0.42126	-0.46604	-0.41021	-0.44687	-0.48863	-0.73388	-0.82358	-1.3553	-1.4136	-0.44659	0.38624	0.82087	0.91758	0.84906	0.52811	0.30763	0.1269	-0.017258	-0.098639	-0.15181	-0.21143	-0.23922	-0.30154	-0.35461	-0.36434	13.978
800.21	-0.46741	-0.4438	-0.43538	-0.42255	-0.42413	-0.40508	-0.32144	-0.40011	-0.46642	-0.67603	-0.83873	-1.2113	-1.3821	-1.4788	-0.58624	0.29142	0.84854	0.93643	0.84977	0.5059	0.29636	0.12654	-0.016537	-0.092235	-0.16268	-0.21412	-0.24041	-0.29575	-0.3447	-0.3634	13.58
797.74	-0.41434	-0.39343	-0.40504	-0.37951	-0.31952	-0.26948	-0.35589	-0.35333	-0.4623	-0.7286	-0.73487	-1.2349	-1.4533	-1.5686	-0.58805	0.5124	0.84444	0.93727	0.84504	0.53047	0.31346	0.11603	-0.010926	-0.1002	-0.16139	-0.19599	-0.22632	-0.2624	-0.32936	-0.33658	13.184
802.88	-0.3556	-0.36835	-0.33279	-0.24113	-0.21539	-0.27184	-0.28713	-0.38542	-0.54319	-0.89449	-1.0474	-1.5832	-1.7385	-1.8411	-0.81028	0.48925	0.81327	0.93944	0.83689	0.49428	0.26984	0.096575	-0.021169	-0.1091	-0.16302	-0.19754	-0.2304	-0.25636	-0.31288	-0.33905	12.819
815.2	-0.28546	-0.26239	-0.24224	-0.21348	-0.18622	-0.23753	-0.31465	-0.41155	-0.47509	-0.75252	-1.1566	-1.6567	-1.9742	-1.8782	-0.69688	0.44268	0.7944	0.91216	0.82155	0.48681	0.26203	0.080567	-0.041163	-0.11497	-0.15354	-0.19363	-0.22692	-0.23787	-0.25623	-0.28198	12.4
834.57	-0.22208	-0.20423	-0.17144	-0.16433	-0.17481	-0.24382	-0.25549	-0.41669	-0.51193	-0.99565	-1.3129	-1.5992	-1.9558	-2.1517	-0.82894	0.34634	0.79432	0.91361	0.81391	0.48029	0.26232	0.094803	-0.018561	-0.1068	-0.15512	-0.17657	-0.17999	-0.19793	-0.20142	-0.20599	12
858.73	-0.1661	-0.15294	-0.16662	-0.15796	-0.19253	-0.16431	-0.26342	-0.35679	-0.61814	-1.0521	-1.2958	-1.9243	-2.034	-2.0383	-0.83443	0.37379	0.76573	0.87549	0.78332	0.45284	0.26202	0.092136	-0.014534	-0.088626	-0.11411	-0.12796	-0.16028	-0.14911	-0.1617	-0.16559	11.612
883.18	-0.091171	-0.080645	-0.1594	-0.18256	-0.1164	-0.13374	-0.2496	-0.43279	-0.6605	-1.1962	-1.356	-1.6911	-2.1763	-1.9049	-0.95141	0.30019	0.73759	0.84103	0.77659	0.45566	0.25476	0.10749	-0.010721	-0.058413	-0.099611	-0.11933	-0.12987	-0.12832	-0.1093	-0.092859	11.181
905.57	-0.077769	-0.12584	-0.12416	-0.058351	-0.14711	-0.20386	-0.2713	-0.49822	-0.71932	-1.0955	-1.4819	-1.7019	-2.0804	-2.0832	-0.75484	0.20464	0.73289	0.85014	0.75333	0.45938	0.25265	0.11095	0.0078303	-0.065428	-0.071084	-0.1081	-0.10378	-0.084914	-0.060708	-0.053641	10.76
920.38	-0.062175	-0.043548	-0.083039	-0.13756	-0.14566	-0.19344	-0.34138	-0.55097	-0.75517	-1.1304	-1.3658	-1.8471	-2.1298	-2.14	-0.81438	0.28805	0.70528	0.83289	0.73005	0.43724	0.25106	0.080808	0.0052505	-0.071036	-0.090923	-0.099034	-0.10051	-0.089638	-0.078125	-0.078612	10.389
925.28	-0.03835	-0.043317	-0.089221	-0.11568	-0.15585	-0.18887	-0.3575	-0.582	-0.77836	-1.2114	-1.6064	-1.8717	-2.1679	-2.0143	-0.88137	0.3124	0.70072	0.80098	0.73491	0.44873	0.23825	0.094054	0.0068504	-0.034228	-0.05952	-0.075829	-0.063996	-0.063416	-0.032799	-0.037243	9.9935
921.34	-0.014917	-0.014416	-0.05967	-0.1219	-0.16569	-0.25471	-0.41852	-0.63521	-0.80578	-1.1729	-1.5119	-1.6987	-2.1027	-2.0967	-0.8583	0.2271	0.71286	0.83024	0.75795	0.43593	0.24009	0.11162	0.0076962	-0.028554	-0.055894	-0.076968	-0.073102	-0.048477	-0.015401	-0.012403	9.5979
910.05	0.0062282	-0.016981	-0.059568	-0.11017	-0.20024	-0.28042	-0.46255	-0.64225	-0.86293	-1.3556	-1.6053	-1.8594	-2.1791	-2.1726	-1.0411	0.22994	0.7074	0.82701	0.74963	0.43256	0.24974	0.086071	0.021853	-0.048271	-0.069949	-0.076275	-0.076448	-0.057548	-0.036732	-0.02562	9.2475
893.52	0.0080821	0.0062106	-0.064099	-0.14254	-0.26068	-0.34991	-0.51953	-0.68757	-0.87226	-1.4168	-1.4544	-2.0094	-2.2621	-2.0858	-0.85731	0.28777	0.73505	0.82853	0.74789	0.43699	0.24671	0.091202	-0.0047001	-0.04059	-0.064839	-0.086073	-0.068753	-0.067238	-0.010713	-0.016115	8.8622
875.49	0.0055876	0.012956	-0.043542	-0.18158	-0.26122	-0.37025	-0.53353	-0.71573	-0.91642	-1.4183	-1.6007	-1.833	-2.0647	-2.1375	-1.0257	0.40307	0.75194	0.85497	0.76078	0.44417	0.24572	0.091276	0.010679	-0.040549	-0.067808	-0.083567	-0.064255	-0.04141	0.0022507	-0.0079597	8.5055
858.83	0.03553	0.018266	-0.079178	-0.20789	-0.28203	-0.38794	-0.55647	-0.73586	-0.9454	-1.474	-1.5922	-2.0628	-2.1314	-2.1261	-0.87274	0.41092	0.77099	0.87155	0.76273	0.45464	0.23104	0.07279	0.0021212	-0.047582	-0.071622	-0.065116	-0.068086	-0.03895	0.0040871	0.016974	8.1518
845.58	0.054454	0.015983	-0.07498	-0.22362	-0.30744	-0.3814	-0.57287	-0.76823	-0.96809	-1.3637	-1.6172	-2.0575	-2.2099	-2.1505	-0.89616	0.54002	0.78851	0.8823	0.76687	0.43534	0.24543	0.069254	-0.0022974	-0.058293	-0.067668	-0.076773	-0.077901	-0.050334	0.0050625	0.011089	7.8115
839.59	0.04282	0.021273	-0.11384	-0.21714	-0.29554	-0.433	-0.57438	-0.76915	-0.96177	-1.3926	-1.5579	-1.9965	-2.2711	-2.1208	-0.70608	0.41082	0.80508	0.86415	0.76622	0.43465	0.22638	0.089527	-0.012175	-0.069658	-0.073263	-0.081783	-0.05731	-0.042347	0.039924	0.050108	7.5211
839.7	0.042814	0.005745	-0.10105	-0.22518	-0.32469	-0.42806	-0.57001	-0.77361	-0.95989	-1.3637	-1.6487	-1.8543	-2.2254	-2.1205	-0.77475	0.40125	0.83052	0.88261	0.76438	0.41558	0.19741	0.065974	-0.029205	-0.071473	-0.074105	-0.084449	-0.05554	-0.047347	0.017012	0.052753	7.1535
844.51	0.056361	0.0031392	-0.1032	-0.23281	-0.33484	-0.41687	-0.5847	-0.7819	-0.94566	-1.5276	-1.4784	-1.9002	-2.2398	-1.9115	-0.71175	0.61631	0.82761	0.87272	0.75308	0.41794	0.21427	0.053426	-0.028146	-0.058367	-0.083	-0.08042	-0.08238	-0.039611	0.026026	0.034858	6.9008
851.89	0.061342	0.03287	-0.1113	-0.21489	-0.3002	-0.42483	-0.56609	-0.76434	-0.91055	-1.3158	-1.5255	-1.7252	-2.113	-1.9571	-0.65717	0.47983	0.83573	0.84301	0.72676	0.4087	0.19726	0.060389	-0.028787	-0.074049	-0.065488	-0.067407	-0.045193	-0.019525	0.035737	0.042406	6.6071
859.9	0.043613	0.012349	-0.11917	-0.22602	-0.28856	-0.41991	-0.53649	-0.74385	-0.90379	-1.1068	-1.7384	-1.7461	-1.9425	-1.8333	-0.50718	0.39183	0.81814	0.83897	0.69695	0.37983	0.1866	0.041435	-0.024143	-0.078705	-0.084009	-0.071136	-0.054235	-0.011194	0.033615	0.048925	6.3074
865.99	0.036134	0.013098	-0.092677	-0.21487	-0.29824	-0.42075	-0.55271	-0.70412	-0.88206	-1.1363	-1.4712	-1.8256	-1.8055	-1.7244	-0.58934	0.49045	0.83185	0.83023	0.68697	0.35689	0.16248	0.021969	-0.043095	-0.070189	-0.085896	-0.094003	-0.060688	-0.019207	0.046707	0.038283	6.0575
871.33	0.04126	0.029643	-0.11233	-0.20923	-0.29642	-0.39462	-0.53773	-0.71739	-0.85882	-1.1663	-1.1698	-1.7506	-1.7682	-1.5143	-0.48161	0.63398	0.84873	0.80159	0.67097	0.33547	0.15278	0.020021	-0.042831	-0.047778	-0.080444	-0.070203	-0.051825	-0.024719	0.040237	0.042313	5.8364
873.68	0.059813	0.021273	-0.090109	-0.18282	-0.29562	-0.39262	-0.5239	-0.6839	-0.83958	-1.1078	-1.3902	-1.564	-1.7722	-1.4323	-0.28207	0.614	0.85172	0.78159	0.6549	0.32178	0.14367	0.015441	-0.038407	-0.066941	-0.0614	-0.057148	-0.048299	-0.018238	0.048939	0.066862	5.6259
872.4	0.05456	0.037077	-0.099021	-0.21243	-0.28346	-0.39132	-0.50979	-0.67963	-0.82724	-1.0263	-1.3046	-1.4753	-1.5387	-1.5557	-0.24466	0.65151	0.86175	0.79026	0.63904	0.31859	0.13779	0.012744	-0.043641	-0.0767	-0.064769	-0.071835	-0.041586	-0.015052	0.043718	0.072071	5.4062
867.8	0.079901	0.018913	-0.092483	-0.20401	-0.29859	-0.3915	-0.52246	-0.67528	-0.81713	-1.106	-1.155	-1.6021	-1.626	-1.3287	-0.39802	0.7929	0.87955	0.7916	0.64581	0.30005	0.13852	0.016457	-0.049944	-0.086817	-0.084069	-0.06358	-0.043512	-0.01513	0.047494	0.062175	5.2592
859.69	0.071623	0.020776	-0.10138	-0.19893	-0.31517	-0.38469	-0.51901	-0.69146	-0.81537	-1.3039	-1.2054	-1.4693	-1.6059	-1.2094	-0.20031	0.69827	0.87449	0.77425	0.63825	0.27968	0.10361	0.0037344	-0.079309	-0.076051	-0.08403	-0.079872	-0.056831	-0.046246	0.061371	0.058442	5.0758
849.96	0.047779	0.034649	-0.083609	-0.21361	-0.30685	-0.40744	-0.51901	-0.68675	-0.83863	-1.0534	-1.2192	-1.4674	-1.4627	-1.241	-0.13468	0.78136	0.8881	0.78214	0.61621	0.28663	0.1048	-0.0092451	-0.056306	-0.10216	-0.075735	-0.076378	-0.061832	-0.0088547	0.042155	0.059111	4.9531
840.24	0.059421	0.015225	-0.093695	-0.21071	-0.31945	-0.38773	-0.50527	-0.67738	-0.80167	-1.1136	-1.0817	-1.4845	-1.3979	-1.1744	-0.22457	0.82839	0.90476	0.7785	0.61636	0.2605	0.10782	-0.0065287	-0.070395	-0.084194	-0.1013	-0.073693	-0.0467	-0.018129	0.060959	0.057144	4.8303
834.14	0.071956	0.024885	-0.10448	-0.20322	-0.31571	-0.39352	-0.52712	-0.68968	-0.80664	-1.1314	-1.1609	-1.4572	-1.5453	-1.0742	-0.097689	0.79618	0.91964	0.7586	0.62614	0.26719	0.10132	-0.021744	-0.090762	-0.093074	-0.10375	-0.10208	-0.041719	-0.024141	0.062328	0.075374	4.7302
828.79	0.070548	0.030289	-0.11255	-0.19817	-0.29939	-0.38913	-0.52356	-0.68581	-0.81453	-0.94429	-1.2196	-1.3804	-1.3896	-1.0447	0.0011968	0.83023	0.90432	0.76845	0.5877	0.26025	0.078156	-0.034288	-0.073185	-0.0946	-0.075944	-0.081946	-0.06609	-0.034444	0.059015	0.080344	4.6272
829.75	0.065786	0.036364	-0.094877	-0.19613	-0.28479	-0.39164	-0.50905	-0.67301	-0.80021	-1.0014	-1.167	-1.3309	-1.342	-1.1072	-0.028608	0.81002	0.92358	0.76657	0.57818	0.25514	0.081724	-0.040918	-0.068563	-0.10834	-0.086199	-0.080043	-0.050856	0.0010643	0.061729	0.059655	4.5589
835.53	0.069977	0.039581	-0.096972	-0.20739	-0.31316	-0.37322	-0.5133	-0.69128	-0.77697	-1.062	-1.098	-1.3027	-1.3328	-0.9729	-0.10739	0.81397	0.92178	0.74653	0.57857	0.22568	0.067527	-0.041581	-0.090611	-0.094754	-0.09074	-0.089358	-0.053161	-0.011521	0.068671	0.063688	4.5028
847.83	0.041489	0.019359	-0.11454	-0.20882	-0.29865	-0.39878	-0.50925	-0.64782	-0.76395	-1.0181	-1.2523	-1.2931	-1.2954	-0.8161	0.10817	0.71746	0.90118	0.72118	0.54682	0.24594	0.046844	-0.035384	-0.076869	-0.092475	-0.074239	-0.098669	-0.055008	-0.027059	0.048617	0.055754	4.4725
864.07	0.057782	0.0064224	-0.094656	-0.20402	-0.30673	-0.39034	-0.5097	-0.64185	-0.7573	-1.0176	-0.97327	-1.324	-1.2358	-1.002	0.010706	0.82401	0.88247	0.69908	0.53484	0.20714	0.058265	-0.053936	-0.086748	-0.098717	-0.092709	-0.070793	-0.044556	0.0018325	0.055717	0.061585	4.4513
879.87	0.07351	0.0079524	-0.092086	-0.20891	-0.29258	-0.36934	-0.49399	-0.62771	-0.73782	-1.0634	-0.95581	-1.3815	-1.1616	-0.83795	-0.092612	0.85457	0.87272	0.68	0.53524	0.19889	0.047727	-0.055662	-0.098024	-0.096944	-0.10893	-0.077189	-0.053005	-0.022091	0.051218	0.062169	4.4528
891.18	0.070836	0.011916	-0.10467	-0.20373	-0.27844	-0.38031	-0.49338	-0.6335	-0.75668	-0.89625	-0.98179	-1.2481	-1.2495	-0.81034	0.12143	0.84374	0.8582	0.68518	0.5268	0.21338	0.051381	-0.033663	-0.094244	-0.090556	-0.082666	-0.07789	-0.047351	-0.010801	0.045387	0.075553	4.4392
896.51	0.054827	0.036889	-0.09294	-0.18237	-0.27018	-0.37896	-0.48401	-0.60239	-0.71587	-0.81903	-1.0612	-1.1609	-1.1741	-0.87299	0.10232	0.7586	0.84626	0.68477	0.51467	0.21834	0.046841	-0.052866	-0.073534	-0.10113	-0.087759	-0.079099	-0.059447	-0.0013585	0.051126	0.075104	4.474
897.68	0.059078	0.016671	-0.082578	-0.19219	-0.27265	-0.35926	-0.47776	-0.62891	-0.70504	-0.99743	-0.90846	-1.2479	-1.2745	-0.80446	0.1481	0.89096	0.85796	0.67473	0.52054	0.2225	0.05693	-0.034299	-0.082661	-0.085633	-0.081269	-0.077326	-0.043711	-0.018532	0.06563	0.071695	4.4619
895.66	0.053143	0.03935	-0.08362	-0.20607	-0.29874	-0.37016	-0.48286	-0.61237	-0.73803	-0.90976	-1.0622	-1.233	-1.1837	-0.79785	0.18528	0.87516	0.86075	0.68451	0.51189	0.20964	0.059603	-0.038792	-0.08705	-0.093526	-0.078259	-0.074154	-0.057852	-0.015443	0.058908	0.072686	4.471
893.1	0.057641	-0.00027513	-0.11817	-0.2193	-0.29108	-0.37765	-0.5004	-0.62957	-0.77079	-0.93941	-0.97016	-1.3788	-1.1273	-0.89325	0.075002	0.82403	0.86236	0.6883	0.52239	0.20934	0.052972	-0.049526	-0.083928	-0.10752	-0.081687	-0.079402	-0.054705	-0.0099954	0.036673	0.059585	4.4756
891.07	0.068232	0.014356	-0.11328	-0.19362	-0.31166	-0.39141	-0.50235	-0.64046	-0.76009	-1.0319	-1.0486	-1.2125	-1.1384	-0.94619	-0.054427	0.82591	0.86948	0.70829	0.54004	0.20982	0.059058	-0.04875	-0.084119	-0.08197	-0.067426	-0.076218	-0.055659	-0.02889	0.046254	0.054717	4.4589
886.16	0.049332	0.015252	-0.13466	-0.21083	-0.31911	-0.40469	-0.5271	-0.66734	-0.77432	-0.96495	-1.0161	-1.282	-1.2825	-0.93436	0.0011193	0.74044	0.86478	0.70017	0.54882	0.2344	0.073096	-0.020468	-0.082887	-0.08761	-0.081519	-0.074103	-0.045116	-0.015609	0.030012	0.047475	4.5847
880.19	0.030258	0.0046568	-0.13644	-0.23107	-0.32991	-0.43541	-0.52331	-0.66404	-0.80311	-0.96235	-1.2835	-1.3178	-1.3778	-1.061	0.04797	0.87238	0.86718	0.71519	0.54921	0.24505	0.076181	-0.041269	-0.081739	-0.11606	-0.075572	-0.078012	-0.050464	-0.0045678	0.046829	0.066368	4.7651
872.08	0.043005	-0.014399	-0.12981	-0.2479	-0.3417	-0.42629	-0.5596	-0.69394	-0.84621	-1.1006	-1.198	-1.6033	-1.3556	-1.0535	-0.055612	0.82561	0.85767	0.72749	0.56105	0.21897	0.085597	-0.042559	-0.070415	-0.086391	-0.093499	-0.078737	-0.044147	-0.023091	0.027849	0.036312	4.9197
864.92	0.035282	0.018976	-0.15922	-0.263	-0.36016	-0.44215	-0.57174	-0.73422	-0.85663	-1.0725	-1.1981	-1.3227	-1.5256	-1.0884	-0.18004	0.73093	0.87362	0.74774	0.60386	0.26045	0.081913	-0.022799	-0.074478	-0.084448	-0.082695	-0.085454	-0.053921	-0.037865	0.037868	0.043485	5.1016
862.25	0.029088	-0.010364	-0.1615	-0.26556	-0.36813	-0.46351	-0.5802	-0.75604	-0.87558	-1.1692	-1.3299	-1.6216	-1.7957	-1.2759	-0.1806	0.70546	0.87011	0.75005	0.60998	0.2844	0.10683	-0.0081986	-0.072964	-0.070493	-0.063042	-0.068336	-0.046365	-0.029855	0.019241	0.056546	5.3334
864.49	0.019131	-0.023742	-0.1336	-0.26574	-0.38086	-0.4756	-0.62041	-0.75585	-0.91268	-1.0823	-1.3755	-1.6541	-1.5793	-1.3251	-0.22782	0.62977	0.84038	0.78609	0.62706	0.29566	0.12587	0.011032	-0.04404	-0.071196	-0.057087	-0.053419	-0.031697	0.0091287	0.040557	0.039209	5.535
871.97	0.039448	-0.020215	-0.16409	-0.2885	-0.40376	-0.47435	-0.61178	-0.76695	-0.92182	-1.2393	-1.2956	-1.64	-1.6619	-1.4178	-0.50016	0.6976	0.81824	0.78406	0.64693	0.30594	0.1544	0.02091	-0.022944	-0.045985	-0.073823	-0.054681	-0.03482	-0.00059508	0.045503	0.029499	5.844
880.19	0.028495	-0.010153	-0.16865	-0.25929	-0.37023	-0.47552	-0.62246	-0.79025	-0.9233	-1.246	-1.3606	-1.6246	-1.8284	-1.5849	-0.39242	0.54601	0.82888	0.79072	0.67339	0.35657	0.16504	0.053956	-0.023587	-0.046427	-0.043067	-0.045655	-0.030291	-0.010936	0.034588	0.041043	6.0848
888.51	0.03085	-0.0035353	-0.14637	-0.28567	-0.37057	-0.4766	-0.60445	-0.78285	-0.96128	-1.2888	-1.3766	-1.7882	-1.8971	-1.7147	-0.48157	0.61274	0.80042	0.81842	0.6968	0.38198	0.20195	0.074807	0.00035695	-0.027024	-0.031394	-0.035107	-0.025013	0.0065158	0.034264	0.05153	6.377
890.86	0.029025	-0.016536	-0.16061	-0.27393	-0.38666	-0.47351	-0.62957	-0.7997	-0.95543	-1.43	-1.4968	-1.9262	-2.1233	-1.9139	-0.66545	0.49467	0.76305	0.82179	0.73696	0.40247	0.23466	0.083486	0.011341	-0.0020122	-0.018464	-0.02576	-0.024115	-0.016314	0.041948	0.051393	6.704
888.62	0.028224	-0.016578	-0.16963	-0.27716	-0.38669	-0.49317	-0.64334	-0.83189	-1.0103	-1.5243	-1.6057	-2.0115	-2.163	-2.0463	-0.84349	0.35224	0.74946	0.82756	0.74707	0.43402	0.24209	0.11039	0.027463	-0.0097756	-0.020123	-0.026668	-0.013353	-0.0021601	0.038589	0.034801	6.9734
881.79	0.016995	-0.01999	-0.15531	-0.29724	-0.39831	-0.49699	-0.65568	-0.84442	-1.045	-1.2986	-1.7048	-2.1262	-2.3181	-2.2508	-1.0277	0.17394	0.72659	0.85631	0.74869	0.46272	0.26291	0.1247	0.051578	-0.0029013	-0.0032434	-0.0047758	-0.0017121	0.017689	0.02929	0.055293	7.3184
870.26	0.018112	-0.0077716	-0.14592	-0.29944	-0.42591	-0.51678	-0.68508	-0.87673	-1.0911	-1.6675	-1.7664	-2.2274	-2.4189	-2.437	-1.174	0.084577	0.701	0.87897	0.79823	0.48535	0.3109	0.15452	0.062641	0.023469	0.0032898	-0.00053383	-0.00088353	0.046911	0.050013	0.049194	7.6361
857.76	0.031956	-0.031527	-0.15162	-0.3003	-0.45281	-0.54058	-0.69674	-0.94845	-1.1277	-1.673	-1.9011	-2.3246	-2.6498	-2.5959	-1.3065	0.18813	0.6612	0.87647	0.81841	0.52499	0.33313	0.18166	0.083736	0.042569	0.020847	0.011692	0.026703	0.01737	0.062405	0.04558	8.0112
844.94	0.023251	0.0014242	-0.1648	-0.31109	-0.43668	-0.5721	-0.72525	-0.95831	-1.1755	-1.6126	-2.1812	-2.5103	-2.9157	-3.1364	-1.5704	-0.026254	0.61502	0.91211	0.85687	0.58585	0.37054	0.21997	0.10015	0.065882	0.053331	0.031381	0.040241	0.025925	0.043316	0.054185	8.3604
