13511	5	3	91	26.1	747	1	20	8	1.747	128	4096	10	0	0	0	0	223.61	914.63	1.3988e+006	0.11455	0.075995	39.721	0	0	1	0	0	0	11	0	0
809.95	-0.073527	-0.058427	-0.17287	-0.32081	-0.48684	-0.67282	-0.96494	-1.3922	-1.8647	-2.816	-4.1101	-5.0314	-7.9572	-9.4511	-7.4221	-4.8553	-1.9946	0.24008	0.68922	0.91757	0.80563	0.64536	0.45856	0.36952	0.2764	0.21502	0.18082	0.11702	0.067989	0.016165	15.677
800.63	-0.10833	-0.089863	-0.22272	-0.34993	-0.54105	-0.71448	-1.023	-1.5233	-1.952	-2.9292	-4.3382	-5.4074	-8.3261	-10.128	-7.8484	-5.2307	-2.2264	0.15778	0.65051	0.92227	0.8169	0.66077	0.4733	0.3786	0.28766	0.23812	0.17368	0.11838	0.046674	0.0015039	16.087
796.46	-0.105	-0.13035	-0.22197	-0.36216	-0.50782	-0.69659	-1.0383	-1.512	-1.9734	-2.975	-4.4782	-5.6752	-8.6858	-10.523	-8.2623	-5.4586	-2.4497	0.090592	0.61801	0.94214	0.83739	0.6692	0.49091	0.37866	0.29007	0.22714	0.16809	0.11108	0.033392	-0.0022194	16.458
797.63	-0.14183	-0.13197	-0.23317	-0.35124	-0.52932	-0.72437	-1.035	-1.5002	-2.0131	-2.9403	-4.3865	-5.6568	-8.912	-10.943	-8.6741	-5.8107	-2.6679	-0.0073064	0.57387	0.92774	0.84472	0.69002	0.52793	0.40596	0.29412	0.24653	0.18268	0.13288	0.040096	-0.01619	16.901
805.78	-0.16353	-0.13243	-0.24127	-0.36451	-0.52397	-0.73233	-1.0514	-1.4793	-2.0231	-3.0405	-4.5318	-5.9151	-9.5319	-11.142	-9.0163	-6.1778	-2.8454	-0.077522	0.53075	0.91936	0.85033	0.70267	0.50204	0.41802	0.31778	0.24962	0.21389	0.12632	0.031097	-0.013258	17.294
818.2	-0.16769	-0.16229	-0.27131	-0.38658	-0.51188	-0.69212	-1.0531	-1.5102	-2.0005	-2.9353	-4.6706	-5.8739	-9.5457	-11.49	-9.2222	-6.5327	-3.0372	-0.15861	0.46173	0.92686	0.84577	0.71037	0.51926	0.42946	0.34006	0.24766	0.20883	0.13211	0.036266	-0.014874	17.732
832.11	-0.15928	-0.17002	-0.24468	-0.37197	-0.50028	-0.71015	-1.0398	-1.4417	-1.9858	-3.0218	-4.6435	-5.9571	-9.5236	-11.698	-9.6528	-6.8647	-3.2157	-0.23981	0.4214	0.90945	0.8654	0.7175	0.55038	0.42689	0.33437	0.27775	0.21423	0.13832	0.04676	-0.0092688	18.145
840.98	-0.18069	-0.18459	-0.25394	-0.3949	-0.51811	-0.68118	-0.97565	-1.473	-1.963	-2.9228	-4.5945	-5.9131	-9.8312	-11.835	-9.6392	-6.7922	-3.3767	-0.3056	0.3716	0.88467	0.85446	0.71933	0.56605	0.45153	0.3436	0.28373	0.22781	0.14686	0.038945	-0.018889	18.566
843.76	-0.20402	-0.19514	-0.29669	-0.38735	-0.53342	-0.69061	-1.0143	-1.4327	-2.0442	-2.875	-4.7404	-6.1007	-9.9435	-12.244	-10.038	-7.2333	-3.5717	-0.41549	0.31387	0.88081	0.85524	0.7282	0.55705	0.44732	0.36874	0.27125	0.23845	0.13973	0.024224	-0.0082607	18.972
841.41	-0.25626	-0.23442	-0.30207	-0.43227	-0.554	-0.73644	-1.0206	-1.4922	-1.9656	-2.95	-4.8041	-6.165	-10.116	-12.584	-10.467	-7.6803	-3.7975	-0.48982	0.28423	0.88611	0.87839	0.75561	0.58097	0.46587	0.37318	0.28982	0.2356	0.15595	0.025208	-0.019762	19.411
832.64	-0.24311	-0.2656	-0.3577	-0.47299	-0.57302	-0.77475	-1.0798	-1.5052	-2.044	-3.2326	-4.8853	-6.3253	-10.15	-13.143	-11.093	-7.9816	-4.084	-0.5906	0.2326	0.8849	0.89858	0.76832	0.60427	0.49102	0.37281	0.30188	0.25763	0.16348	0.036563	-0.037817	19.855
821.62	-0.31536	-0.2815	-0.38114	-0.46192	-0.59614	-0.80712	-1.1119	-1.5431	-2.0777	-3.0015	-4.9095	-6.4585	-10.239	-13.577	-11.442	-8.5938	-4.343	-0.69543	0.18752	0.90746	0.91433	0.81038	0.63253	0.50693	0.39	0.30866	0.25298	0.16141	0.018321	-0.043749	20.277
810.38	-0.3571	-0.33099	-0.40723	-0.48784	-0.70242	-0.87504	-1.2919	-1.6902	-2.0481	-2.8841	-4.9566	-6.7343	-10.645	-13.934	-11.978	-8.9887	-4.5952	-0.7537	0.14033	0.91217	0.94576	0.82748	0.65616	0.54516	0.42101	0.34531	0.26106	0.15241	0.017628	-0.05811	20.758
800.42	-0.35572	-0.37673	-0.42282	-0.50519	-0.75655	-0.94028	-1.5009	-1.9209	-2.2631	-2.769	-4.5621	-6.4906	-10.472	-14.22	-12.384	-9.29	-4.7997	-0.88204	0.09626	0.92052	0.96132	0.86445	0.65963	0.5529	0.42356	0.33556	0.26708	0.15343	-0.0013836	-0.067186	21.157
791.42	-0.39313	-0.3984	-0.46055	-0.66121	-0.79078	-0.98105	-1.7795	-2.3561	-2.5206	-2.8005	-4.4531	-6.0827	-9.3386	-13.503	-11.629	-9.2141	-4.7043	-0.82569	0.15111	0.96629	1.002	0.88427	0.70898	0.57855	0.44284	0.34506	0.28133	0.16137	-0.019873	-0.097054	21.591
786.17	-0.44217	-0.45726	-0.51235	-0.5019	-0.64882	-1.328	-2.2675	-2.7382	-2.736	-2.8705	-4.0076	-5.3251	-8.392	-11.766	-10.542	-8.4129	-4.2738	-0.65371	0.25195	1.0265	1.058	0.93544	0.73191	0.59703	0.48492	0.37596	0.28698	0.16156	-0.019027	-0.090142	22
785.09	-0.46454	-0.4219	-0.3657	-0.49396	-0.86388	-1.8316	-2.8098	-2.5497	-2.9631	-3.4181	-4.1212	-4.7152	-6.0816	-7.2851	-7.0057	-6.2389	-3.177	-0.26776	0.45784	1.0727	1.0865	0.93067	0.75208	0.60858	0.48376	0.38507	0.27229	0.16892	-0.029835	-0.12055	22.424
787.24	-0.34886	-0.34624	-0.38222	-0.69628	-1.4669	-2.3939	-2.7655	-2.3423	-3.1543	-3.6135	-3.3334	-3.5117	-3.8948	-3.1165	-4.7237	-4.0121	-2.166	0.070798	0.62897	1.0789	1.0681	0.93115	0.73091	0.60498	0.457	0.37069	0.27061	0.16134	-0.038554	-0.12966	22.84
790.35	-0.319	-0.3632	-0.57555	-1.1793	-2.0588	-2.721	-2.8185	-2.8313	-2.6785	-2.7432	-2.4715	-2.5832	-2.8565	-2.5877	-3.9016	-3.2895	-1.7338	0.18788	0.68125	1.0878	1.0629	0.91648	0.72423	0.5929	0.46607	0.38061	0.27891	0.15272	-0.02769	-0.11317	23.178
791.85	-0.36742	-0.44117	-0.90147	-1.8472	-2.3814	-2.7479	-2.6192	-2.3867	-2.3324	-2.6464	-2.113	-2.3276	-2.4658	-1.9813	-3.5713	-3.0111	-1.5148	0.28185	0.74017	1.0817	1.0542	0.90676	0.72951	0.60629	0.46699	0.37232	0.27371	0.16482	-0.0082012	-0.083865	23.517
789.92	-0.57572	-0.69623	-1.5312	-2.3987	-2.8279	-2.737	-2.4357	-2.1268	-2.1789	-2.143	-1.8064	-1.9109	-2.1918	-1.632	-2.442	-2.4325	-1.0986	0.42283	0.8107	1.1116	1.0702	0.90897	0.71795	0.58353	0.44549	0.35046	0.24253	0.12265	-0.090055	-0.18754	23.897
780.81	-0.80619	-1.0299	-1.971	-2.7467	-2.9746	-2.6344	-2.1824	-1.818	-1.6074	-1.4872	-1.697	-1.6178	-1.6509	-1.4574	-1.805	-1.8783	-0.80525	0.50871	0.87183	1.1092	1.0438	0.89123	0.70416	0.54619	0.40489	0.29408	0.18662	0.028053	-0.22711	-0.33246	24.128
768.15	-1.146	-1.3373	-2.1969	-2.7714	-2.731	-2.4491	-1.8052	-1.5917	-1.4268	-1.669	-1.1833	-1.2928	-1.3901	-1.3634	-1.6844	-1.795	-0.60509	0.59296	0.92248	1.1005	1.0037	0.82871	0.61875	0.47241	0.27748	0.18087	0.034636	-0.1594	-0.49032	-0.67261	24.39
751.51	-2.2717	-1.7274	-2.0101	-2.5704	-2.4991	-2.1014	-1.5074	-1.3884	-1.1907	-1.0735	-1.0174	-0.93038	-1.0758	-0.88046	-1.2169	-1.4312	-0.30858	0.73279	0.98585	1.0792	0.95821	0.75973	0.55833	0.35646	0.15799	0.018331	-0.14475	-0.44452	-1.0377	-1.3489	24.635
738.51	-4.1527	-3.7584	-1.812	-2.0601	-2.066	-1.6571	-1.2888	-1.0954	-1.0203	-0.93973	-0.81682	-0.90373	-0.89851	-0.61955	-1.1043	-0.73243	-0.013172	0.8435	1.0499	1.0701	0.93703	0.71956	0.49477	0.31812	0.089102	-0.061518	-0.25248	-0.58897	-1.3499	-1.8153	24.914
730.56	-4.5444	-4.1998	-2.1201	-1.7003	-1.7068	-1.4044	-1.0619	-1.0035	-0.81874	-0.74048	-0.48865	-0.70697	-0.783	-0.71944	-0.85664	-0.76224	0.14923	0.92571	1.0854	1.0675	0.90773	0.71549	0.45997	0.28803	0.086156	-0.063213	-0.26434	-0.58099	-1.3372	-1.767	25.186
732.92	-2.8696	-2.7742	-2.1164	-1.5654	-1.458	-1.3304	-1.0723	-1.0786	-0.93015	-0.83701	-0.81144	-0.80224	-0.71806	-0.71712	-0.83136	-0.62913	0.12888	0.88689	1.0089	0.9857	0.80948	0.63658	0.42151	0.23797	0.061482	-0.10596	-0.25945	-0.53801	-1.1313	-1.4217	25.525
743.67	-1.9125	-1.7845	-1.4204	-1.5893	-1.3335	-1.2206	-1.1906	-1.231	-1.1167	-0.98736	-1.0509	-1.0256	-1.0051	-1.0422	-1.2297	-0.99562	-0.0048422	0.80122	0.95581	0.94892	0.80493	0.6125	0.42453	0.23453	0.095219	-0.043959	-0.18109	-0.4134	-0.83862	-1.0235	25.836
766	-0.97179	-0.92787	-1.0079	-1.2865	-1.255	-1.2494	-1.3084	-1.3581	-1.3458	-1.2215	-1.1311	-1.2343	-1.2845	-1.2586	-1.5707	-1.102	-0.17672	0.75	0.93847	0.98168	0.84987	0.66587	0.48586	0.34571	0.19048	0.092343	-0.027081	-0.20009	-0.47964	-0.61921	26.234
799.35	-0.76223	-0.76593	-0.8451	-1.021	-1.1244	-1.303	-1.4541	-1.4998	-1.4785	-1.362	-1.3814	-1.312	-1.3645	-1.3479	-1.5568	-1.4554	-0.37925	0.66942	0.91308	1.0096	0.89706	0.72811	0.54469	0.41563	0.26575	0.15881	0.074006	-0.087432	-0.32967	-0.4335	26.576
837.03	-0.72978	-0.76693	-0.84732	-1.0478	-1.1919	-1.4493	-1.7256	-1.6511	-1.5763	-1.5412	-1.2786	-1.4522	-1.4944	-1.3505	-1.5852	-1.5806	-0.53699	0.5883	0.84044	0.99086	0.90658	0.74823	0.58132	0.42621	0.29566	0.21076	0.098074	-0.032431	-0.28449	-0.38381	26.867
875.38	-0.68361	-0.72754	-0.81983	-1.0733	-1.5537	-1.7918	-1.9664	-1.689	-1.5622	-1.5105	-1.2614	-1.5791	-1.4638	-1.5418	-1.6665	-1.7028	-0.64211	0.51938	0.77177	0.93742	0.86946	0.73622	0.55413	0.41541	0.29251	0.20238	0.078565	-0.047818	-0.2896	-0.39075	27.119
901.41	-0.71124	-0.70331	-0.86244	-1.1993	-1.6626	-2.0351	-1.92	-1.6317	-1.4941	-1.3061	-1.2532	-1.322	-1.5569	-1.3882	-1.6916	-1.689	-0.62357	0.50439	0.77471	0.94134	0.85867	0.72549	0.5398	0.41786	0.29438	0.18739	0.096814	-0.058099	-0.29148	-0.39101	27.266
913.56	-0.64059	-0.7122	-0.97089	-1.4709	-1.7256	-1.8921	-1.7452	-1.5396	-1.3827	-1.3239	-1.1901	-1.3044	-1.3776	-1.3449	-1.5427	-1.5442	-0.54316	0.54979	0.78688	0.94716	0.86803	0.73229	0.55486	0.42237	0.2936	0.20212	0.097956	-0.044287	-0.26655	-0.36954	27.32
910.15	-0.68053	-0.85651	-1.2641	-1.6195	-1.7497	-1.7793	-1.6614	-1.3762	-1.3083	-1.2847	-1.0546	-1.0999	-1.0643	-1.0509	-1.2494	-1.3396	-0.44334	0.5735	0.82287	0.95159	0.86961	0.71157	0.53958	0.41301	0.25698	0.179	0.055243	-0.086796	-0.31151	-0.42807	27.34
888.94	-0.99987	-1.0855	-1.4528	-1.7047	-1.6907	-1.7128	-1.4739	-1.328	-1.2138	-1.1704	-1.0225	-1.1529	-1.0725	-0.99948	-1.0844	-1.3536	-0.33671	0.59826	0.84004	0.94288	0.84766	0.70899	0.50419	0.37029	0.21966	0.11751	0.0074576	-0.17558	-0.4488	-0.57704	27.416
855.52	-1.2531	-1.3472	-1.6573	-1.6992	-1.5572	-1.5811	-1.3764	-1.2294	-1.0502	-1.0089	-0.92345	-0.98439	-1.0253	-0.98551	-0.88575	-1.1266	-0.22898	0.67344	0.86771	0.96478	0.8426	0.7071	0.50452	0.34446	0.18895	0.06078	-0.069214	-0.25943	-0.62734	-0.78717	27.467
810.06	-1.7356	-1.3906	-1.4742	-1.7109	-1.6603	-1.4844	-1.2408	-1.1755	-1.0863	-0.986	-0.92286	-1.0789	-1.0357	-1.0595	-1.0678	-0.99283	-0.17657	0.72846	0.9155	0.97952	0.86926	0.67358	0.48359	0.30705	0.14304	0.012379	-0.13337	-0.37	-0.81359	-1.023	27.553
760.42	-1.6528	-1.4928	-1.4939	-1.5385	-1.5064	-1.4561	-1.2526	-1.227	-1.1748	-1.2304	-0.90495	-1.0866	-1.3441	-1.0392	-1.4195	-1.0996	-0.23242	0.75766	0.95404	1.0088	0.90204	0.72587	0.48348	0.32508	0.14203	-0.00061094	-0.14597	-0.41166	-0.84342	-1.0449	27.585
719.59	-1.5621	-1.493	-1.4285	-1.4145	-1.5214	-1.4953	-1.3417	-1.3669	-1.2712	-1.1324	-1.1569	-1.2145	-1.2401	-1.1927	-1.4886	-1.4282	-0.28927	0.7767	1.0061	1.0805	0.94584	0.74398	0.52347	0.33394	0.16202	0.018103	-0.12341	-0.36978	-0.80038	-0.97406	27.682
694.95	-1.3147	-1.2718	-1.3325	-1.43	-1.3942	-1.5342	-1.4526	-1.5168	-1.426	-1.4159	-1.2957	-1.429	-1.5256	-1.3655	-1.7313	-1.5592	-0.37228	0.78062	1.0133	1.1245	0.98703	0.79539	0.57019	0.37775	0.21202	0.061884	-0.080949	-0.28105	-0.68481	-0.82685	27.815
694.08	-1.1172	-1.1357	-1.2006	-1.3688	-1.4568	-1.5799	-1.5749	-1.6191	-1.5674	-1.4989	-1.4563	-1.5338	-1.4945	-1.5524	-1.9355	-1.5841	-0.46546	0.74375	0.99661	1.134	1.0134	0.82486	0.60235	0.42237	0.24938	0.10839	-0.0096362	-0.22285	-0.56703	-0.70049	27.913
716.79	-0.96918	-0.97742	-1.215	-1.2709	-1.5132	-1.5997	-1.5834	-1.6534	-1.5838	-1.6537	-1.4813	-1.5074	-1.4471	-1.345	-1.6555	-1.5896	-0.48278	0.7053	0.98345	1.1304	1.0173	0.84396	0.60952	0.46243	0.26642	0.14991	0.010282	-0.17864	-0.46748	-0.59952	27.99
757.52	-0.88017	-0.94782	-1.1234	-1.3138	-1.4664	-1.5722	-1.4745	-1.5614	-1.481	-1.4691	-1.3232	-1.3215	-1.47	-1.3725	-1.7298	-1.757	-0.49525	0.65546	0.9267	1.0633	0.95762	0.79023	0.57377	0.41532	0.26343	0.12504	0.0019151	-0.16441	-0.44133	-0.56042	27.975
802.24	-0.97435	-0.9645	-1.2565	-1.4592	-1.489	-1.4917	-1.4031	-1.3646	-1.3192	-1.1964	-1.2706	-1.2676	-1.4071	-1.296	-1.325	-1.5198	-0.44282	0.63427	0.87596	1.0199	0.90803	0.74125	0.5568	0.38835	0.23894	0.11433	-0.0083335	-0.16223	-0.46373	-0.56438	27.999
838.74	-1.0708	-1.0728	-1.2722	-1.4164	-1.4	-1.3318	-1.2208	-1.212	-1.1224	-1.1059	-0.95205	-1.1083	-1.2004	-1.1224	-1.2968	-1.2443	-0.34773	0.62233	0.86408	0.95364	0.85946	0.69768	0.50834	0.34496	0.1842	0.084335	-0.04943	-0.22451	-0.51786	-0.64878	27.975
859.69	-1.1928	-1.2042	-1.283	-1.3039	-1.2627	-1.2306	-1.1004	-1.0559	-0.94704	-0.95719	-0.83009	-0.97039	-1.0558	-0.91039	-1.1597	-1.0748	-0.21094	0.68355	0.87289	0.95175	0.83057	0.67241	0.47494	0.32586	0.16307	0.042177	-0.080926	-0.25898	-0.59386	-0.74792	27.946
861.61	-1.2181	-1.12	-1.1957	-1.2486	-1.1775	-1.1774	-1.0226	-0.95845	-0.89341	-0.73069	-0.81837	-0.92212	-0.72588	-0.84691	-1.0135	-0.84081	-0.11977	0.71441	0.87009	0.92091	0.8058	0.63878	0.43194	0.28601	0.14112	0.010769	-0.11595	-0.32184	-0.67381	-0.83507	27.777
854.67	-1.1917	-1.1155	-1.1705	-1.183	-1.1218	-1.0929	-0.97184	-0.93396	-0.86604	-0.84971	-0.55676	-0.91103	-0.75856	-0.70343	-0.9735	-0.72625	-0.046341	0.74615	0.89604	0.91439	0.79902	0.62177	0.424	0.2722	0.10879	0.0073492	-0.13853	-0.32445	-0.69009	-0.86706	27.599
837.03	-1.1899	-1.0473	-0.92878	-1.1342	-1.0536	-0.99232	-0.94149	-0.94541	-0.88341	-0.73291	-0.68009	-0.79736	-0.84743	-0.78146	-0.94475	-0.82737	-0.026267	0.75206	0.90704	0.94224	0.78955	0.63298	0.41315	0.2578	0.11451	-0.017568	-0.12554	-0.32627	-0.65407	-0.79834	27.458
810.27	-1.0394	-0.91829	-0.9708	-1.0434	-1.0425	-1.0494	-0.95566	-0.9804	-0.89979	-0.75711	-0.72351	-0.80408	-0.80952	-0.82593	-1.1592	-0.83498	-0.029026	0.7931	0.93517	0.95562	0.8203	0.65193	0.45002	0.29373	0.13506	0.017926	-0.097731	-0.28515	-0.5655	-0.69999	27.342
778.88	-0.7394	-0.73957	-0.94206	-1.0256	-1.052	-1.0569	-1.0275	-1.016	-0.97691	-0.86	-0.85078	-0.90788	-0.85194	-1.0437	-1.2271	-0.86866	-0.041014	0.84299	0.99453	1.0054	0.87677	0.69141	0.49812	0.33409	0.1754	0.07061	-0.068425	-0.23997	-0.49542	-0.63377	27.137
746.35	-0.92039	-0.8931	-0.9944	-1.1348	-1.0944	-1.0865	-1.1042	-1.1208	-1.0205	-1.0378	-0.84237	-0.97937	-0.83798	-0.96757	-1.391	-0.92788	-0.058199	0.87093	1.0418	1.0685	0.92413	0.72578	0.51579	0.35584	0.18496	0.080714	-0.062487	-0.21193	-0.45721	-0.59967	26.871
724.21	-0.9303	-0.9104	-1.0872	-1.1685	-1.1593	-1.1775	-1.1509	-1.1561	-1.0997	-1.0361	-0.93845	-0.89963	-1.2112	-1.0389	-1.3766	-1.1436	-0.058921	0.89868	1.0625	1.0978	0.92512	0.75342	0.51493	0.35191	0.19259	0.067659	-0.034771	-0.20971	-0.49031	-0.59851	26.692
717.44	-0.99536	-1.0018	-1.1904	-1.1931	-1.1821	-1.1497	-1.1215	-1.1521	-1.0987	-1.0796	-1.0183	-1.2846	-0.59535	-1.1225	-1.5161	-0.83179	-0.068022	0.9003	1.0797	1.0848	0.92116	0.72086	0.52504	0.34562	0.1645	0.050539	-0.072223	-0.24392	-0.49816	-0.62798	26.442
725.29	-1.0916	-1.1227	-1.2039	-1.1979	-1.1704	-1.1463	-1.0975	-1.1301	-1.047	-1.0346	-0.77316	-0.81068	-1.0621	-0.99568	-1.4883	-0.8448	0.022499	0.9064	1.071	1.0522	0.90386	0.71742	0.49133	0.30596	0.14004	0.017961	-0.10714	-0.29248	-0.6116	-0.72977	26.126
740.45	-1.0116	-1.0274	-1.1172	-1.1093	-1.0917	-1.1295	-1.0516	-1.0677	-0.98065	-0.95904	-0.82615	-0.92282	-0.95797	-0.81194	-1.2239	-0.71973	0.095501	0.89118	1.0442	1.0199	0.85972	0.66536	0.44061	0.28004	0.11495	-0.0056874	-0.12293	-0.31867	-0.61467	-0.73089	25.819
762.14	-1.0297	-0.99814	-1.0462	-1.0491	-1.0141	-1.0263	-1.0009	-0.97598	-0.91003	-0.85776	-0.75807	-0.77149	-0.87065	-0.82851	-1.135	-0.65736	0.14003	0.91966	1.0337	0.9898	0.81931	0.61737	0.42313	0.22281	0.076017	-0.031094	-0.1505	-0.30592	-0.59112	-0.69839	25.448
784.99	-0.96708	-0.94326	-0.99719	-0.95526	-0.94473	-0.93472	-0.91018	-0.92708	-0.87506	-0.88411	-0.67109	-0.87045	-0.74815	-0.73695	-1.228	-0.4044	0.18963	0.91276	1.0045	0.94371	0.78288	0.58832	0.39356	0.23292	0.073804	-0.027324	-0.14612	-0.30505	-0.55725	-0.69131	25.111
812.2	-0.88688	-0.8956	-0.88926	-0.88155	-0.85169	-0.86702	-0.83795	-0.86394	-0.80202	-0.76522	-0.75316	-0.72393	-0.95786	-0.70296	-0.97363	-0.5284	0.25307	0.90037	0.99256	0.90816	0.73889	0.55985	0.36369	0.19871	0.067811	-0.041173	-0.13849	-0.28448	-0.51489	-0.61966	24.728
841.63	-0.83189	-0.77135	-0.84361	-0.81585	-0.79381	-0.8094	-0.78466	-0.81007	-0.7731	-0.73847	-0.61585	-0.69862	-0.6978	-0.69636	-0.92978	-0.34875	0.27245	0.87474	0.95612	0.86503	0.69862	0.529	0.35455	0.19813	0.076487	-0.032609	-0.12222	-0.25871	-0.4786	-0.57593	24.385
867.06	-0.74211	-0.71364	-0.79501	-0.80755	-0.80463	-0.78376	-0.75083	-0.76599	-0.73251	-0.64248	-0.5586	-0.71478	-0.67733	-0.63234	-0.88348	-0.20045	0.29273	0.85761	0.92807	0.8415	0.66937	0.50528	0.33634	0.19674	0.072593	-0.021279	-0.098156	-0.24547	-0.44149	-0.53247	24.028
884.56	-0.72392	-0.75274	-0.74463	-0.80263	-0.76196	-0.74227	-0.71722	-0.75603	-0.70714	-0.68441	-0.53795	-0.79043	-0.845	-0.6711	-0.96857	-0.25062	0.30079	0.84991	0.92049	0.81672	0.66556	0.4917	0.30926	0.18938	0.067114	-0.01408	-0.11043	-0.23031	-0.42057	-0.51689	23.718
886.91	-0.69399	-0.66337	-0.7487	-0.7343	-0.74565	-0.74123	-0.72996	-0.77389	-0.71611	-0.75525	-0.69929	-0.59131	-0.84276	-0.62671	-0.88231	-0.35792	0.34578	0.84396	0.91474	0.80466	0.64668	0.4797	0.30165	0.18456	0.066936	-0.030944	-0.11181	-0.22575	-0.40297	-0.50212	23.338
875.38	-0.68272	-0.66135	-0.7218	-0.76977	-0.73713	-0.73974	-0.70908	-0.73245	-0.72216	-0.7008	-0.5921	-0.66261	-0.56634	-0.61768	-0.77143	-0.15297	0.37221	0.87289	0.91924	0.82347	0.64825	0.47608	0.30734	0.15548	0.040039	-0.040769	-0.12849	-0.24073	-0.43817	-0.51298	23.019
851.99	-0.73154	-0.70926	-0.74971	-0.7803	-0.73753	-0.75619	-0.73109	-0.76694	-0.71767	-0.6822	-0.59837	-0.72741	-0.71618	-0.65239	-0.69581	-0.18527	0.38153	0.89589	0.93156	0.80392	0.6304	0.46131	0.28397	0.12918	0.027704	-0.069157	-0.14765	-0.27941	-0.45291	-0.52531	22.659
826.22	-0.69139	-0.69807	-0.77588	-0.79553	-0.78713	-0.78673	-0.75739	-0.78159	-0.71498	-0.67423	-0.5862	-0.60589	-0.66466	-0.60869	-0.86726	-0.12344	0.44907	0.91986	0.94908	0.80871	0.61973	0.44986	0.26367	0.11374	-0.0043284	-0.093084	-0.18359	-0.3	-0.47635	-0.54979	22.252
800.21	-0.72163	-0.70447	-0.78292	-0.80164	-0.78421	-0.7959	-0.75047	-0.75243	-0.71234	-0.62571	-0.71138	-0.68514	-0.58142	-0.65682	-0.81299	-0.1075	0.50579	0.96003	0.98452	0.81506	0.60382	0.41508	0.24967	0.088713	-0.017876	-0.12046	-0.19788	-0.31326	-0.47933	-0.54446	21.894
780.48	-0.72893	-0.75383	-0.80761	-0.81514	-0.78995	-0.81075	-0.74356	-0.77145	-0.72276	-0.93049	-0.64232	-0.79406	-0.71338	-0.75091	-0.87582	-0.089757	0.53722	0.97061	0.99436	0.79885	0.59378	0.40125	0.20294	0.079177	-0.055901	-0.13983	-0.22089	-0.33913	-0.5013	-0.57154	21.486
766.75	-0.75413	-0.75316	-0.79409	-0.79342	-0.75451	-0.77282	-0.74182	-0.77727	-0.76079	-0.64249	-0.64276	-0.72541	-0.67642	-0.58687	-0.63332	0.07515	0.59081	0.9987	1.0026	0.80274	0.61432	0.40122	0.21345	0.065606	-0.059701	-0.15993	-0.23932	-0.3452	-0.52132	-0.59631	21.096
761.6	-0.73273	-0.73162	-0.74112	-0.76123	-0.73409	-0.75864	-0.74779	-0.76543	-0.71542	-0.7526	-0.63594	-0.63643	-0.50074	-0.60077	-0.74592	0.12804	0.62599	0.99576	1.0113	0.7977	0.58657	0.39874	0.19413	0.074098	-0.068556	-0.15609	-0.21763	-0.35398	-0.49352	-0.56523	20.661
766	-0.68898	-0.69338	-0.72986	-0.72541	-0.71002	-0.7575	-0.69641	-0.72002	-0.692	-0.56951	-0.62121	-0.76759	-0.51776	-0.6664	-0.76316	0.20023	0.64739	1.0072	1.0017	0.77124	0.55941	0.35103	0.18516	0.034666	-0.075633	-0.16302	-0.23569	-0.33731	-0.50676	-0.55907	20.27
781.45	-0.62767	-0.64909	-0.69485	-0.68699	-0.66138	-0.6795	-0.68818	-0.69991	-0.65844	-0.65103	-0.56545	-0.90489	-0.60513	-0.74029	-0.69531	0.19627	0.66401	0.99042	0.96873	0.74884	0.54835	0.33397	0.16994	0.037904	-0.058578	-0.14637	-0.23009	-0.3154	-0.44849	-0.50713	19.873
802.56	-0.61696	-0.5905	-0.64602	-0.63609	-0.60292	-0.62276	-0.60717	-0.63854	-0.60056	-0.58371	-0.55057	-0.63365	-0.5607	-0.63604	-0.59479	0.25078	0.68759	0.96539	0.96152	0.72516	0.51973	0.33701	0.14952	0.03595	-0.056145	-0.14999	-0.20191	-0.28615	-0.41848	-0.46046	19.478
824.08	-0.58106	-0.56629	-0.61521	-0.61856	-0.58205	-0.6055	-0.58694	-0.64231	-0.58577	-0.53914	-0.495	-0.66529	-0.49979	-0.82126	-0.39913	0.31202	0.69194	0.94516	0.9195	0.69267	0.48681	0.30614	0.15292	0.028504	-0.065095	-0.13698	-0.20831	-0.28037	-0.39914	-0.45024	19.075
837.88	-0.52887	-0.52153	-0.56484	-0.56615	-0.54524	-0.58083	-0.57727	-0.61528	-0.56641	-0.53026	-0.53751	-0.69227	-0.44603	-0.64532	-0.50083	0.33545	0.69243	0.93743	0.89385	0.66221	0.4806	0.286	0.14412	0.0088336	-0.072559	-0.12846	-0.1987	-0.27158	-0.38247	-0.43573	18.719
843.55	-0.50874	-0.51373	-0.55469	-0.53736	-0.53156	-0.5419	-0.52209	-0.59934	-0.52226	-0.51716	-0.4433	-0.4522	-0.49729	-0.64099	-0.46812	0.38995	0.73228	0.91556	0.8948	0.65114	0.45577	0.2822	0.12173	0.029663	-0.057657	-0.12849	-0.17105	-0.25978	-0.36348	-0.41079	18.331
837.78	-0.51596	-0.49652	-0.54388	-0.55544	-0.51101	-0.56523	-0.54463	-0.57878	-0.55765	-0.45342	-0.3957	-0.54064	-0.42789	-0.61835	-0.36306	0.28788	0.72636	0.91697	0.88346	0.64039	0.43353	0.26621	0.11718	0.01615	-0.068299	-0.14637	-0.20137	-0.26241	-0.3522	-0.41007	17.929
824.08	-0.49721	-0.47841	-0.51759	-0.54092	-0.52053	-0.54176	-0.5178	-0.58282	-0.52203	-0.46095	-0.42287	-0.56891	-0.38871	-0.66532	-0.33908	0.40886	0.77189	0.95213	0.88479	0.64038	0.4435	0.25625	0.10086	-0.0049645	-0.093736	-0.15699	-0.20651	-0.25402	-0.34592	-0.40787	17.559
808.24	-0.49831	-0.49226	-0.52205	-0.54221	-0.52132	-0.50667	-0.52706	-0.54874	-0.52586	-0.53975	-0.5047	-0.58989	-0.39633	-0.66899	-0.43755	0.48599	0.79555	0.95048	0.89759	0.61245	0.43059	0.24855	0.10004	0.0063137	-0.081415	-0.14245	-0.19683	-0.25899	-0.35555	-0.39472	17.178
790.24	-0.50278	-0.48606	-0.53976	-0.50884	-0.50647	-0.51198	-0.50895	-0.56318	-0.49196	-0.52146	-0.45172	-0.60332	-0.51153	-0.66511	-0.32229	0.52735	0.83597	0.95967	0.91618	0.62943	0.41541	0.2392	0.074698	-0.017781	-0.093225	-0.14948	-0.2088	-0.27199	-0.36171	-0.39713	16.824
779.95	-0.49946	-0.49062	-0.50661	-0.4895	-0.47415	-0.48611	-0.47127	-0.52936	-0.50414	-0.33213	-0.59922	-0.47888	-0.55741	-0.91621	-0.32654	0.35014	0.87844	0.99549	0.90758	0.63364	0.41408	0.22411	0.070859	-0.03373	-0.078865	-0.16203	-0.19923	-0.2603	-0.35957	-0.38617	16.389
771.58	-0.49783	-0.46402	-0.48232	-0.4831	-0.43877	-0.47117	-0.49975	-0.51623	-0.45496	-0.39836	-0.44063	-0.60762	-0.36575	-0.80857	-0.25526	0.56082	0.88895	0.99458	0.91362	0.62603	0.42349	0.21834	0.091139	-0.024167	-0.1029	-0.1531	-0.21577	-0.25677	-0.36247	-0.40192	16.027
768.79	-0.47237	-0.43556	-0.47111	-0.46429	-0.46344	-0.47929	-0.45747	-0.5201	-0.49799	-0.5465	-0.46432	-0.42383	-0.53573	-0.75248	-0.18109	0.57321	0.91709	0.98858	0.8969	0.60027	0.39539	0.22325	0.062096	-0.023257	-0.094896	-0.1634	-0.20405	-0.27046	-0.34377	-0.40048	15.655
768.79	-0.45217	-0.44121	-0.45716	-0.47115	-0.45575	-0.45793	-0.45654	-0.50416	-0.47297	-0.3998	-0.56374	-0.5065	-0.55558	-0.96884	-0.020154	0.55246	0.90414	0.99178	0.88545	0.5899	0.37366	0.20062	0.062096	-0.041195	-0.11629	-0.16925	-0.21559	-0.26044	-0.33376	-0.37535	15.277
774.8	-0.43363	-0.42003	-0.43681	-0.45	-0.40859	-0.4512	-0.45672	-0.46564	-0.45307	-0.31354	-0.48265	-0.78964	-0.60049	-0.93205	-0.13709	0.57908	0.90899	0.97138	0.88142	0.56884	0.36194	0.1858	0.048011	-0.053731	-0.098775	-0.17278	-0.22443	-0.24304	-0.3123	-0.34367	14.941
781.13	-0.44204	-0.40643	-0.45386	-0.41456	-0.42259	-0.44124	-0.43455	-0.42852	-0.39257	-0.41412	-0.46786	-0.96629	-0.75184	-1.031	-0.30492	0.54374	0.88692	0.94249	0.84612	0.53154	0.32596	0.15595	0.021606	-0.061141	-0.10896	-0.16562	-0.21029	-0.25991	-0.32061	-0.36086	14.616
790.99	-0.40905	-0.38671	-0.41527	-0.4132	-0.37352	-0.41084	-0.33248	-0.39606	-0.40171	-0.34785	-0.60158	-0.75338	-0.94496	-1.1137	-0.26984	0.54702	0.88264	0.93385	0.83742	0.54005	0.30941	0.13901	0.020385	-0.069096	-0.11846	-0.17966	-0.20019	-0.25136	-0.31466	-0.331	14.3
807.81	-0.37362	-0.35176	-0.37723	-0.358	-0.31135	-0.31083	-0.29074	-0.37643	-0.3851	-0.43036	-0.63112	-0.9442	-1.1519	-1.2777	-0.36632	0.58506	0.84719	0.91847	0.83179	0.52386	0.31801	0.17527	0.033006	-0.045844	-0.10802	-0.16015	-0.17954	-0.22183	-0.28049	-0.30847	13.999
821.94	-0.32374	-0.31047	-0.326	-0.29507	-0.2618	-0.23458	-0.29802	-0.39699	-0.30647	-0.53075	-0.68224	-1.1502	-1.4847	-1.5777	-0.55068	0.63324	0.82516	0.89169	0.82998	0.50223	0.31809	0.14243	0.01687	-0.050649	-0.10616	-0.14281	-0.16025	-0.21546	-0.26068	-0.28509	13.762
842.16	-0.30951	-0.28925	-0.28543	-0.22631	-0.20334	-0.23967	-0.2746	-0.28921	-0.35709	-0.71887	-0.91793	-1.3867	-1.5487	-1.6385	-0.72353	0.41902	0.79353	0.88588	0.80831	0.49586	0.30053	0.15216	0.029871	-0.029418	-0.090026	-0.13582	-0.15816	-0.18034	-0.24072	-0.26501	13.503
855.84	-0.24559	-0.22201	-0.20567	-0.18487	-0.17442	-0.18884	-0.24071	-0.32487	-0.373	-0.67914	-1.0918	-1.4574	-1.6487	-1.6565	-0.51924	0.46829	0.76742	0.87748	0.79796	0.51125	0.3117	0.14973	0.030275	-0.04148	-0.072707	-0.11789	-0.13402	-0.16354	-0.19551	-0.20521	13.212
862.25	-0.18163	-0.16156	-0.15883	-0.13461	-0.1349	-0.21981	-0.31337	-0.34555	-0.41741	-0.82356	-0.99502	-1.4005	-1.7072	-1.7143	-0.69711	0.37226	0.74039	0.87191	0.79033	0.51763	0.31819	0.14862	0.051001	-0.034064	-0.06802	-0.089195	-0.13646	-0.12656	-0.16104	-0.17094	13.004
858.73	-0.11095	-0.10909	-0.17554	-0.14568	-0.22598	-0.27042	-0.27014	-0.39693	-0.50011	-0.96764	-1.1277	-1.619	-1.8741	-1.9063	-1.0553	0.32731	0.73361	0.886	0.81407	0.51325	0.33718	0.17869	0.05647	-0.011901	-0.055804	-0.091308	-0.087047	-0.11484	-0.10614	-0.13184	12.794
849.96	-0.10844	-0.074423	-0.14039	-0.23663	-0.25515	-0.20753	-0.3179	-0.40373	-0.57316	-0.95865	-1.3091	-1.5422	-2.037	-2.1483	-0.89154	0.22743	0.71684	0.90382	0.83369	0.53919	0.34155	0.18984	0.078305	0.024029	-0.021877	-0.059623	-0.075759	-0.075629	-0.085503	-0.098237	12.53
834.03	-0.1012	-0.10537	-0.16604	-0.22852	-0.16479	-0.28334	-0.29284	-0.43716	-0.65329	-1.0446	-1.5072	-1.8955	-2.268	-2.4431	-1.2745	0.19348	0.68185	0.92109	0.86192	0.5715	0.3681	0.21432	0.099656	0.025408	-0.012005	-0.047284	-0.046161	-0.05775	-0.042848	-0.078733	12.366
818.84	-0.15238	-0.09848	-0.15602	-0.16197	-0.22564	-0.26855	-0.29211	-0.53603	-0.75847	-1.1722	-1.5767	-2.1441	-2.5056	-2.6454	-1.3082	-0.03685	0.6552	0.93317	0.88597	0.5899	0.38699	0.2154	0.08404	0.02775	-0.0069881	-0.039008	-0.046114	-0.042563	-0.053041	-0.076564	12.182
808.13	-0.093871	-0.1428	-0.13913	-0.21069	-0.17949	-0.22742	-0.40218	-0.6493	-0.88662	-1.407	-1.6816	-2.1824	-2.7087	-2.8489	-1.499	0.10093	0.62502	0.95366	0.89499	0.61845	0.41091	0.24369	0.11403	0.048973	-0.0079636	-0.03396	-0.029331	-0.06307	-0.062313	-0.082177	12.025
801.17	-0.17319	-0.031042	-0.15755	-0.2097	-0.18737	-0.31238	-0.46779	-0.72858	-0.95619	-1.4795	-1.8658	-2.231	-2.7227	-3.1284	-1.6253	-0.18705	0.56925	0.93223	0.90643	0.61586	0.405	0.24482	0.1028	0.032188	0.00089326	-0.024901	-0.03882	-0.044376	-0.042683	-0.072688	11.847
799.89	-0.094839	-0.10263	-0.16163	-0.16393	-0.24789	-0.3488	-0.52805	-0.79488	-1.0141	-1.4718	-2.0599	-2.4432	-3.0322	-3.0862	-1.8238	-0.15744	0.51366	0.92039	0.91339	0.64478	0.43793	0.25708	0.11897	0.055227	0.020568	-0.015571	-0.035183	-0.05496	-0.029283	-0.063516	11.775
803.21	-0.082847	-0.075149	-0.093245	-0.2073	-0.31209	-0.41379	-0.54473	-0.80399	-1.0367	-1.5861	-2.0408	-2.5913	-3.0387	-3.4123	-2.1038	-0.34555	0.45335	0.92987	0.91966	0.65106	0.46448	0.27669	0.14753	0.076937	0.026715	0.016219	-0.0074047	0.013313	-0.0023363	-0.046603	11.668
809.2	-0.04673	-0.035211	-0.12569	-0.22623	-0.27949	-0.41883	-0.54515	-0.81602	-1.0975	-1.4549	-2.0676	-2.7783	-3.3367	-3.6019	-2.2003	-0.43176	0.39602	0.92095	0.91647	0.67483	0.45072	0.28343	0.16039	0.075419	0.044195	0.01795	0.0081924	-0.013628	-0.027998	-0.034321	11.581
817.45	-0.038658	-0.056119	-0.12817	-0.1779	-0.27771	-0.4136	-0.60494	-0.88089	-1.1842	-1.5683	-2.348	-2.9446	-3.5083	-3.88	-2.279	-0.61288	0.34705	0.8976	0.90453	0.66705	0.45639	0.28251	0.15785	0.079343	0.05075	0.018685	-0.0090848	-0.00492	-0.0098279	-0.015797	11.513
829.86	-0.056793	-0.015131	-0.082865	-0.16436	-0.30206	-0.44797	-0.62109	-0.88248	-1.1237	-1.7487	-2.1901	-2.9676	-3.6212	-3.8857	-2.394	-0.8249	0.28646	0.8822	0.89277	0.66669	0.47153	0.31068	0.1691	0.10678	0.056023	0.020211	0.020471	-0.0073781	0.0014476	-0.02899	11.484
838.85	-0.021936	-0.023604	-0.094763	-0.20298	-0.30689	-0.44611	-0.63508	-0.88034	-1.1619	-1.7588	-2.278	-3.0494	-3.537	-4.1776	-2.4863	-0.82557	0.24047	0.8796	0.88583	0.67858	0.48277	0.30358	0.18792	0.11385	0.07333	0.038758	0.020252	0.024442	0.016111	0.0067503	11.455
848.04	-0.010712	0.0022726	-0.067536	-0.199	-0.30456	-0.46353	-0.60693	-0.92861	-1.1965	-1.6542	-2.4035	-2.9976	-3.8224	-4.2482	-2.5761	-0.81662	0.19992	0.85264	0.87623	0.69474	0.4847	0.32919	0.19476	0.12346	0.084341	0.046292	0.044457	0.018393	0.012307	0.0040485	11.439
847.83	0.030498	0.014233	-0.065747	-0.21414	-0.3126	-0.43945	-0.66748	-0.92613	-1.1915	-1.7971	-2.2939	-3.1108	-3.7154	-4.276	-2.8199	-0.8639	0.14575	0.85866	0.90413	0.70245	0.50453	0.33954	0.20458	0.14518	0.075084	0.069286	0.052322	0.049804	0.058599	0.03998	11.436
844.08	0.015914	0.0065744	-0.10144	-0.21242	-0.33001	-0.46182	-0.67899	-0.95928	-1.2222	-1.8814	-2.3343	-3.3222	-3.8584	-4.3845	-2.7738	-1.0663	0.10011	0.85274	0.90988	0.71785	0.51036	0.33917	0.20905	0.14219	0.085585	0.064266	0.035024	0.050854	0.05521	0.025193	11.452
834.89	0.01144	0.031804	-0.079613	-0.23009	-0.33769	-0.48263	-0.6761	-1.001	-1.2782	-1.8346	-2.5532	-3.178	-3.8918	-4.6139	-2.9822	-1.1927	0.060839	0.84837	0.89442	0.72767	0.52508	0.36469	0.22217	0.13917	0.10195	0.058692	0.057563	0.055613	0.044759	0.057508	11.431
819.05	0.015453	0.0094284	-0.10828	-0.23178	-0.35763	-0.507	-0.72351	-1.0195	-1.3065	-1.8308	-2.5611	-3.4528	-4.1253	-4.7954	-3.1405	-1.0599	0.023667	0.85375	0.9153	0.75343	0.56582	0.3756	0.23382	0.16805	0.11614	0.088191	0.076741	0.055832	0.065354	0.042293	11.484
801.38	0.042923	0.043978	-0.11736	-0.23219	-0.40242	-0.51613	-0.74216	-1.0658	-1.3492	-1.9716	-2.6494	-3.2019	-4.359	-4.8823	-3.4259	-1.3521	-0.022656	0.86745	0.94921	0.78299	0.57356	0.40855	0.25212	0.19565	0.13388	0.10416	0.08674	0.073675	0.074478	0.042297	11.445
779.95	0.044102	0.033116	-0.12746	-0.26077	-0.40156	-0.54505	-0.74869	-1.1276	-1.4138	-2.1394	-2.8855	-3.3204	-4.5864	-5.2007	-3.4777	-1.3995	-0.060605	0.87972	0.96871	0.80861	0.58543	0.41775	0.26388	0.18532	0.13756	0.097418	0.094816	0.056834	0.070605	0.04727	11.443
763.64	0.034876	0.016752	-0.12516	-0.30281	-0.43669	-0.55239	-0.81285	-1.1195	-1.4556	-2.2484	-2.8582	-3.7554	-4.6444	-5.5889	-3.7356	-1.5339	-0.08999	0.89528	0.97691	0.83005	0.62876	0.44013	0.2912	0.19529	0.15361	0.10539	0.079403	0.10026	0.067073	0.057037	11.44
754.41	0.034274	0.024636	-0.12365	-0.3125	-0.43756	-0.60376	-0.81514	-1.185	-1.493	-2.2759	-2.9607	-3.675	-4.8327	-5.7776	-3.9781	-1.6056	-0.15913	0.89318	1.0025	0.85396	0.6586	0.46543	0.31472	0.22713	0.15833	0.12257	0.10293	0.093125	0.079116	0.067584	11.502
757.52	0.049508	0.035052	-0.15247	-0.31022	-0.44134	-0.59477	-0.82798	-1.1963	-1.5006	-2.3091	-2.9597	-3.7018	-5.0947	-6.0133	-4.038	-1.6727	-0.22826	0.88084	1.01	0.87679	0.67594	0.47291	0.30548	0.25047	0.17373	0.14878	0.12204	0.092742	0.098091	0.055537	11.683
770.08	0.039627	0.032599	-0.11218	-0.27193	-0.4089	-0.59574	-0.83508	-1.1878	-1.5116	-2.1564	-3.0217	-3.7034	-5.0017	-6.1018	-4.0793	-1.8423	-0.29915	0.85902	0.98113	0.88011	0.67675	0.50627	0.33764	0.25036	0.21177	0.15511	0.14118	0.11671	0.088496	0.085506	11.879
785.85	0.025987	0.033789	-0.1343	-0.3	-0.42866	-0.56707	-0.83577	-1.1873	-1.5482	-2.3181	-3.08	-3.7908	-4.9402	-6.1237	-4.3543	-1.8968	-0.40234	0.80731	0.95211	0.85737	0.68056	0.49008	0.3347	0.24632	0.19569	0.15581	0.12517	0.098316	0.090639	0.062987	12.096
803.74	0.038933	0.026728	-0.096997	-0.28208	-0.41806	-0.59223	-0.81806	-1.1476	-1.5238	-2.2665	-3.022	-3.568	-5.0105	-6.3166	-4.3804	-1.9141	-0.46963	0.76891	0.92452	0.8502	0.67769	0.49884	0.35066	0.25132	0.17976	0.14955	0.14079	0.12054	0.10011	0.06251	12.295
819.48	0.019235	0.026215	-0.12598	-0.27942	-0.39972	-0.59288	-0.81643	-1.1648	-1.5117	-2.1345	-3.2437	-3.7031	-5.2307	-6.3798	-4.5278	-2.374	-0.58028	0.70606	0.90139	0.86211	0.6795	0.51724	0.34392	0.27454	0.21733	0.15674	0.1426	0.12592	0.089736	0.084883	12.542
833.28	0.022645	0.024043	-0.10919	-0.28563	-0.41237	-0.58601	-0.81156	-1.1418	-1.4946	-2.1572	-3.1288	-3.88	-5.318	-6.5826	-4.6705	-2.2964	-0.66996	0.67861	0.84685	0.84112	0.6646	0.50108	0.3581	0.27642	0.22661	0.18022	0.14468	0.12467	0.087327	0.071886	12.812
845.37	0.003031	0.020271	-0.11125	-0.28066	-0.43046	-0.57375	-0.82385	-1.1907	-1.5153	-2.3645	-3.0941	-3.9373	-5.4405	-6.6137	-4.8769	-2.6789	-0.76822	0.61939	0.83908	0.83666	0.67487	0.52759	0.36901	0.27066	0.20983	0.16701	0.13911	0.13118	0.082438	0.05328	13.068
855.63	-0.0033576	0.02003	-0.10723	-0.28521	-0.4016	-0.60236	-0.81228	-1.1577	-1.5257	-2.2703	-3.2257	-3.9273	-5.6337	-6.879	-4.8859	-2.8147	-0.87183	0.59086	0.82216	0.84994	0.69162	0.53236	0.36986	0.29249	0.22737	0.15975	0.16252	0.12961	0.09314	0.056983	13.39
860.97	-0.0069439	-0.0086978	-0.12614	-0.29306	-0.4256	-0.591	-0.84829	-1.2119	-1.5634	-2.2562	-3.3438	-4.0229	-5.7405	-7.1261	-5.1334	-2.8806	-0.96519	0.55382	0.80173	0.84281	0.70409	0.54742	0.38418	0.28889	0.23095	0.18574	0.14089	0.12392	0.0872	0.062669	13.67
860.33	-0.0015335	-0.018806	-0.11377	-0.29503	-0.45342	-0.6048	-0.82293	-1.1825	-1.6308	-2.3421	-3.3562	-4.1736	-6.0019	-7.3335	-5.3481	-3.1239	-1.0959	0.52657	0.76822	0.84715	0.71256	0.55059	0.41071	0.30068	0.23611	0.18588	0.14959	0.1175	0.074743	0.051488	13.968
853.81	-0.023371	-0.018101	-0.12451	-0.2673	-0.46282	-0.62864	-0.85625	-1.24	-1.6173	-2.3978	-3.342	-4.1589	-6.3247	-7.54	-5.7947	-3.3067	-1.2281	0.46906	0.77838	0.86951	0.73756	0.5659	0.41032	0.32362	0.25299	0.19696	0.17673	0.11757	0.07351	0.042311	14.326
841.63	-0.04862	-0.019224	-0.15362	-0.32573	-0.42534	-0.66213	-0.91063	-1.2871	-1.7066	-2.4899	-3.6729	-4.4456	-6.6337	-8.2421	-6.202	-3.7623	-1.4188	0.4144	0.7452	0.8783	0.74102	0.59476	0.41626	0.32921	0.2711	0.2007	0.1705	0.14175	0.058115	0.036744	14.646
826.65	-0.040107	-0.052865	-0.13694	-0.33527	-0.45247	-0.65426	-0.94196	-1.3613	-1.7966	-2.6032	-3.8319	-4.7376	-7.0491	-8.684	-6.6436	-4.0428	-1.6382	0.35836	0.73918	0.91738	0.79486	0.60649	0.4411	0.34722	0.26476	0.21431	0.16643	0.12991	0.066616	0.036509	15.034
814.45	-0.045476	-0.046544	-0.15874	-0.31072	-0.49452	-0.70639	-0.97378	-1.377	-1.8362	-2.8004	-3.9101	-5.0329	-7.5855	-9.0926	-7.1481	-4.4463	-1.8406	0.31031	0.71873	0.91937	0.81983	0.63888	0.47636	0.37688	0.28629	0.23776	0.18527	0.14304	0.080844	0.041619	15.399
