13291	5	3	91	25.3	746	1	12	8	1.165	128	4096	10	0	0	0	0	149.12	918.49	1.4056e+006	0.11487	0.050605	39.778	0	0	1	0	0	0	11	0	0
874.57	0.0011548	-0.017357	-0.15922	-0.33197	-0.43525	-0.5477	-0.75781	-0.98426	-1.255	-1.8321	-2.3215	-2.8952	-3.3799	-3.6554	-2.1218	-0.51445	0.39059	0.86492	0.86115	0.59122	0.41917	0.25715	0.13712	0.082939	0.04359	0.01911	0.034192	0.022689	0.036535	0.030296	9.1221
873.29	0.00026787	-0.014894	-0.19279	-0.31435	-0.44847	-0.57294	-0.78122	-1.0164	-1.2899	-1.8255	-2.354	-3.0905	-3.7255	-4.0417	-2.4555	-0.7071	0.28413	0.85491	0.87754	0.64235	0.44065	0.26567	0.15198	0.09885	0.055122	0.048316	0.024924	0.025933	0.054212	0.043954	9.5269
870.41	0.023462	-0.016607	-0.17318	-0.33442	-0.47132	-0.5607	-0.79209	-1.0242	-1.3596	-2.0259	-2.4009	-3.265	-3.9657	-4.3939	-2.8427	-0.85615	0.15745	0.83793	0.86106	0.66189	0.48922	0.28472	0.17064	0.1071	0.064342	0.05967	0.033506	0.034876	0.03936	0.029588	9.927
866.56	-0.0015228	-0.032563	-0.18368	-0.32982	-0.47438	-0.59634	-0.82141	-1.0765	-1.3734	-1.9884	-2.6271	-3.4445	-4.0801	-4.6053	-2.96	-1.1546	0.061781	0.82176	0.87927	0.6943	0.50366	0.32066	0.20788	0.14117	0.094342	0.065126	0.047314	0.040691	0.034208	0.034862	10.348
863.36	0.0011698	-0.041909	-0.15951	-0.3354	-0.47223	-0.59665	-0.82028	-1.084	-1.429	-2.1171	-2.8237	-3.4481	-4.4398	-5.1303	-3.3435	-1.353	-0.081743	0.79248	0.86809	0.71629	0.53367	0.34383	0.2226	0.13282	0.093866	0.074916	0.054346	0.034348	0.031661	0.034133	10.757
862.4	0.002071	-0.033558	-0.16946	-0.32705	-0.47765	-0.62301	-0.86635	-1.127	-1.4726	-2.0914	-2.8859	-3.4888	-4.6305	-5.3552	-3.5003	-1.5304	-0.19377	0.79527	0.87501	0.74577	0.56685	0.37172	0.23594	0.15696	0.11719	0.092379	0.065559	0.049013	0.03705	0.032448	11.124
860.48	-0.0069483	-0.025216	-0.17963	-0.33215	-0.49148	-0.58434	-0.8641	-1.1615	-1.4991	-2.1148	-2.9713	-3.5796	-4.8979	-5.7274	-3.8531	-1.8027	-0.32241	0.75507	0.86844	0.77248	0.58841	0.40104	0.25484	0.17422	0.12078	0.087361	0.076022	0.05645	0.025505	0.0377	11.546
859.51	-0.025927	-0.033672	-0.18786	-0.33778	-0.49793	-0.63752	-0.88436	-1.178	-1.5421	-2.2859	-3.192	-3.8609	-5.2405	-6.156	-4.318	-2.1297	-0.46271	0.70913	0.87453	0.7882	0.59879	0.43	0.28052	0.20027	0.14338	0.093562	0.082132	0.058959	0.034489	0.034286	11.95
858.77	-0.003344	-0.037075	-0.16839	-0.33895	-0.50624	-0.64476	-0.88933	-1.2209	-1.6038	-2.5599	-3.2047	-3.8365	-5.476	-6.355	-4.802	-2.4196	-0.61031	0.68011	0.85736	0.81398	0.63821	0.44695	0.2834	0.21828	0.14017	0.10499	0.095125	0.048403	0.052441	0.019606	12.342
857.48	-0.042287	-0.059936	-0.18383	-0.33156	-0.51586	-0.63903	-0.89991	-1.2263	-1.6355	-2.4322	-3.2392	-4.1016	-5.7155	-6.8583	-4.9631	-2.6652	-0.79616	0.62848	0.83897	0.8459	0.65422	0.45408	0.32332	0.24094	0.16457	0.1235	0.085777	0.062369	0.032776	0.018769	12.764
856.74	-0.038699	-0.070132	-0.16075	-0.34942	-0.50941	-0.66737	-0.93942	-1.2498	-1.7	-2.5001	-3.4699	-4.2257	-6.0143	-7.2172	-5.2562	-2.8911	-0.91668	0.57442	0.80973	0.8336	0.67252	0.48216	0.32712	0.24831	0.17056	0.12361	0.099667	0.070599	0.033701	0.0031755	13.157
857.27	-0.045013	-0.086985	-0.17584	-0.33427	-0.5426	-0.6861	-0.93211	-1.2535	-1.7239	-2.4892	-3.6065	-4.3806	-6.2596	-7.4685	-5.5223	-3.2989	-1.0904	0.53289	0.7981	0.85077	0.68539	0.50769	0.35414	0.26424	0.18714	0.13402	0.10996	0.074645	0.030987	0.020506	13.58
857.38	-0.047727	-0.065855	-0.17313	-0.32194	-0.52283	-0.63432	-0.96564	-1.3435	-1.7807	-2.6674	-3.6456	-4.5469	-6.6681	-7.9261	-5.9064	-3.4754	-1.2645	0.47442	0.78175	0.86369	0.7039	0.52053	0.36814	0.26957	0.1988	0.14537	0.12462	0.086077	0.029189	0.010971	13.993
859.09	-0.048535	-0.083429	-0.17814	-0.3397	-0.49916	-0.66172	-0.94777	-1.3284	-1.7909	-2.6621	-3.7669	-4.7227	-6.859	-8.4736	-6.4227	-3.775	-1.4483	0.42188	0.74604	0.87219	0.73344	0.54159	0.39983	0.29133	0.20506	0.15729	0.12006	0.087536	0.019279	0.01268	14.434
860.37	-0.071024	-0.087513	-0.17698	-0.3252	-0.50038	-0.70271	-1.0076	-1.3807	-1.8235	-2.63	-3.929	-4.8542	-7.3009	-8.7685	-6.7199	-4.1682	-1.6198	0.34302	0.72702	0.87739	0.73764	0.56008	0.40885	0.29445	0.22305	0.17709	0.1345	0.084148	0.024616	0.0083423	14.831
861.33	-0.094384	-0.10087	-0.18835	-0.33532	-0.5165	-0.6619	-0.98968	-1.3694	-1.8429	-2.8141	-4.0725	-5.0056	-7.6824	-9.0747	-7.0667	-4.6083	-1.8617	0.26545	0.68704	0.87826	0.7518	0.58149	0.41102	0.32437	0.23525	0.16993	0.12576	0.076732	0.019226	-0.0028797	15.186
860.9	-0.10525	-0.11943	-0.19378	-0.3521	-0.53639	-0.70037	-0.99436	-1.3443	-1.8928	-2.8623	-4.2028	-5.2295	-7.8722	-9.571	-7.3576	-5.037	-2.0629	0.18262	0.62348	0.87221	0.76012	0.57994	0.41735	0.31919	0.23288	0.18308	0.14129	0.095491	0.011192	-0.017553	15.551
861.76	-0.13038	-0.13444	-0.20159	-0.35088	-0.51428	-0.68348	-1.021	-1.3901	-1.8858	-2.8127	-4.307	-5.3073	-8.2981	-9.8334	-7.8192	-5.0968	-2.2493	0.1091	0.6118	0.87968	0.79549	0.61423	0.43353	0.33754	0.24593	0.19159	0.14287	0.082386	0.015646	-0.025296	15.926
860.9	-0.15396	-0.15476	-0.24184	-0.34948	-0.50695	-0.71086	-1.0128	-1.4582	-1.9753	-2.881	-4.2619	-5.3956	-8.643	-10.353	-8.0953	-5.3707	-2.4242	0.037701	0.55787	0.86294	0.78393	0.63046	0.45144	0.32453	0.25697	0.18917	0.13786	0.081654	-0.012941	-0.043445	16.252
858.77	-0.15886	-0.1737	-0.23173	-0.35473	-0.48754	-0.64667	-0.97164	-1.4342	-1.9665	-2.9257	-4.5296	-5.5385	-8.9576	-10.616	-8.5956	-5.6907	-2.622	-0.031026	0.53876	0.88646	0.79826	0.63387	0.46747	0.36726	0.2701	0.19226	0.14509	0.064722	0.0022583	-0.028845	16.567
856.74	-0.19277	-0.21469	-0.26805	-0.38017	-0.53209	-0.68366	-0.96973	-1.4116	-2.0229	-2.9608	-4.5106	-5.6351	-9.1836	-10.985	-8.7796	-5.9277	-2.8035	-0.10487	0.46983	0.88204	0.80459	0.63537	0.49318	0.36098	0.2624	0.21459	0.1463	0.086957	-0.031868	-0.060135	16.935
854.6	-0.19507	-0.21014	-0.26693	-0.39521	-0.52551	-0.66808	-1.0194	-1.4107	-2.0037	-2.9682	-4.6908	-5.9094	-9.4386	-11.305	-9.1007	-6.2881	-2.9853	-0.16372	0.45899	0.88237	0.81904	0.65639	0.49353	0.38071	0.26891	0.20723	0.14493	0.078157	-0.011237	-0.044634	17.211
852.78	-0.21005	-0.23522	-0.31781	-0.3837	-0.55735	-0.70319	-1.0064	-1.393	-1.9941	-3.0407	-4.5714	-5.7916	-9.6913	-11.586	-9.4296	-6.5261	-3.1156	-0.20739	0.44277	0.88425	0.82969	0.69302	0.50694	0.37793	0.27452	0.21294	0.15652	0.072572	-0.015772	-0.053442	17.487
852.25	-0.24389	-0.25831	-0.33688	-0.42633	-0.55968	-0.68726	-0.98245	-1.3705	-2.0119	-3.0898	-4.634	-6.0842	-9.6615	-11.611	-9.4355	-6.6987	-3.2201	-0.24797	0.41378	0.88762	0.84357	0.67211	0.49931	0.38805	0.2856	0.22715	0.15228	0.075906	-0.037454	-0.071784	17.775
849.58	-0.27665	-0.29578	-0.3695	-0.48349	-0.58332	-0.73773	-0.93121	-1.4091	-1.9059	-3.0047	-4.6886	-6.0098	-9.7458	-11.817	-9.5914	-6.7667	-3.2527	-0.26034	0.41508	0.91389	0.85695	0.69005	0.52391	0.39017	0.28229	0.21728	0.15624	0.076145	-0.044816	-0.089501	18.027
847.33	-0.31221	-0.33759	-0.41298	-0.48922	-0.62974	-0.81427	-1.0545	-1.3441	-1.9598	-2.9366	-4.7311	-6.0445	-9.8346	-11.883	-9.6752	-6.8506	-3.3256	-0.26684	0.40839	0.89842	0.8646	0.69748	0.5333	0.40567	0.29654	0.21785	0.15403	0.077173	-0.034947	-0.086231	18.277
842.74	-0.2964	-0.35834	-0.43068	-0.54815	-0.70737	-0.84598	-1.0646	-1.3905	-1.9029	-2.7519	-4.5553	-6.0303	-9.8611	-12.047	-9.8454	-6.9921	-3.3655	-0.29362	0.38886	0.91468	0.87562	0.70128	0.54782	0.40152	0.30325	0.2386	0.15575	0.070943	-0.063443	-0.11051	18.502
840.49	-0.36186	-0.41273	-0.48926	-0.64186	-0.74747	-0.88926	-1.2751	-1.4799	-1.8781	-2.8743	-4.5069	-5.8669	-9.6969	-11.818	-9.6853	-6.7924	-3.3335	-0.26218	0.40735	0.93422	0.88428	0.72855	0.54659	0.40989	0.29044	0.22765	0.15176	0.068631	-0.071853	-0.12494	18.694
839.42	-0.36417	-0.44432	-0.50175	-0.62116	-0.93867	-1.1016	-1.3686	-1.7492	-2.0558	-2.7244	-4.0878	-5.4201	-9.2549	-11.401	-9.2948	-6.5824	-3.1579	-0.19309	0.47341	0.95537	0.9017	0.72854	0.54819	0.41771	0.28741	0.2208	0.14403	0.04618	-0.083863	-0.13484	18.851
840.7	-0.36269	-0.39195	-0.51192	-0.87718	-1.0508	-1.2854	-1.5236	-1.7711	-2.2287	-2.5957	-3.7785	-4.9299	-6.4465	-8.1642	-6.5926	-5.2434	-2.3011	0.046417	0.59222	0.96341	0.87232	0.72367	0.54287	0.40067	0.29888	0.21155	0.14469	0.05111	-0.085567	-0.13728	19.014
840.28	-0.41462	-0.51799	-0.64073	-0.92869	-1.173	-1.459	-1.6368	-2.1231	-2.2492	-2.367	-2.9417	-3.0039	-3.7085	-5.5951	-4.5347	-3.8405	-1.54	0.27893	0.71997	0.98004	0.89716	0.72498	0.53867	0.40178	0.27264	0.1956	0.1342	0.044466	-0.090188	-0.14001	19.153
838.03	-0.49356	-0.59457	-0.77683	-1.0426	-1.3647	-1.6216	-1.7212	-2.1461	-2.2332	-2.1234	-2.1086	-1.9314	-1.8163	-3.1653	-2.5883	-2.6224	-0.88778	0.49027	0.82956	0.9741	0.8742	0.68918	0.53113	0.38001	0.26996	0.18718	0.10896	0.017827	-0.14002	-0.18737	19.269
834.5	-0.54403	-0.6101	-1.061	-1.3699	-1.4981	-1.6766	-1.8426	-1.8449	-1.7595	-1.6305	-1.5477	-1.3684	-1.8148	-2.4992	-2.283	-2.0597	-0.60327	0.60644	0.87701	0.96196	0.8515	0.66556	0.4973	0.37152	0.23939	0.15564	0.065976	-0.0266	-0.18487	-0.26741	19.381
825.09	-0.79398	-0.88567	-1.2022	-1.3946	-1.4937	-1.6998	-1.8199	-1.7007	-1.4998	-1.4538	-1.2875	-1.4611	-1.7616	-1.5381	-1.9392	-1.5028	-0.33252	0.68499	0.93414	0.9681	0.84189	0.64057	0.45827	0.32654	0.19531	0.11382	0.022792	-0.09994	-0.3017	-0.39203	19.454
816.74	-1.0131	-0.9027	-1.2107	-1.4651	-1.63	-1.5674	-1.5992	-1.3522	-1.3222	-1.2813	-1.0199	-1.2231	-1.35	-1.2391	-1.7571	-1.1469	-0.10517	0.80154	0.94997	0.93989	0.78913	0.57451	0.41318	0.2464	0.11849	0.039735	-0.073895	-0.20048	-0.47532	-0.60708	19.507
813.1	-1.138	-1.1713	-1.2915	-1.4559	-1.4741	-1.3594	-1.279	-1.1878	-1.0424	-0.99974	-0.92005	-0.87691	-1.1121	-1.1052	-1.3896	-0.86741	0.092225	0.85964	0.98039	0.91073	0.7413	0.5304	0.35486	0.20039	0.066237	-0.01908	-0.13792	-0.29273	-0.57682	-0.7094	19.569
813.63	-1.0542	-1.0744	-1.1608	-1.3107	-1.3298	-1.2505	-1.0964	-1.0825	-1.149	-1.0783	-0.94031	-1.0423	-1.102	-0.97436	-1.2367	-0.47452	0.22493	0.88631	0.97614	0.86109	0.69975	0.49701	0.31022	0.1673	0.018725	-0.057753	-0.16237	-0.3356	-0.60103	-0.73268	19.616
820.27	-0.97376	-1.0321	-1.1121	-1.1707	-1.1275	-1.0983	-1.1606	-1.1054	-0.98908	-0.991	-1.0569	-1.1017	-1.0652	-1.0955	-1.2066	-0.48042	0.26607	0.89215	0.96734	0.84536	0.66446	0.45058	0.2811	0.13046	0.0081102	-0.070992	-0.16828	-0.31494	-0.56709	-0.6715	19.718
834.29	-0.84665	-0.85333	-0.99152	-1.068	-1.0751	-1.0867	-1.0572	-1.0272	-1.0124	-0.82954	-0.85596	-0.86416	-0.94676	-0.91398	-1.0578	-0.35755	0.33965	0.90963	0.95812	0.84264	0.65239	0.4449	0.27818	0.11817	0.0036881	-0.093155	-0.17787	-0.29873	-0.51605	-0.59075	19.737
855.56	-0.80382	-0.83635	-0.99105	-1.0511	-1.0257	-1.0137	-1.0452	-0.97658	-0.9552	-0.91247	-0.92401	-1.0841	-0.89647	-0.92661	-1.0797	-0.39529	0.35986	0.90332	0.9403	0.80117	0.6051	0.40057	0.26071	0.12149	-0.0055994	-0.089963	-0.17604	-0.2782	-0.48164	-0.55522	19.74
875.43	-0.75365	-0.82399	-0.96506	-1.0144	-1.0342	-1.0301	-0.95809	-0.93254	-0.88789	-0.94698	-0.82545	-0.88706	-0.97197	-0.89694	-1.074	-0.26783	0.40246	0.87626	0.90053	0.76111	0.57923	0.3987	0.23673	0.090733	-0.017727	-0.08621	-0.16866	-0.26628	-0.46719	-0.52904	19.746
885.46	-0.77843	-0.76721	-0.94115	-1.0088	-0.98625	-0.92846	-0.8723	-0.85535	-0.84441	-0.89075	-0.76814	-0.7514	-0.90927	-0.78433	-0.94077	-0.20169	0.42299	0.87282	0.91352	0.74347	0.57181	0.37454	0.21535	0.08711	-0.022373	-0.10301	-0.17093	-0.30125	-0.48449	-0.54235	19.741
883.86	-0.74031	-0.80138	-0.92465	-0.9604	-0.93259	-0.87071	-0.85511	-0.80749	-0.79907	-0.82859	-0.65425	-0.79771	-0.72107	-0.73443	-0.76517	-0.10274	0.45669	0.88927	0.89858	0.72947	0.56167	0.35912	0.20978	0.080335	-0.026461	-0.10574	-0.18379	-0.30576	-0.47318	-0.53324	19.756
872.01	-0.77174	-0.81642	-0.917	-0.92942	-0.89196	-0.83924	-0.79477	-0.82549	-0.78108	-0.77519	-0.7605	-0.77211	-0.73087	-0.76174	-0.78502	-0.04009	0.49979	0.90888	0.92509	0.74304	0.54754	0.35493	0.21004	0.075277	-0.049787	-0.12436	-0.19477	-0.32117	-0.50697	-0.5652	19.741
858.13	-0.82404	-0.82794	-0.87024	-0.88393	-0.84928	-0.82507	-0.78073	-0.77189	-0.72389	-0.69384	-0.60458	-0.67353	-0.66271	-0.80048	-0.74006	0.14526	0.55341	0.93028	0.93065	0.73368	0.54843	0.34224	0.17923	0.052388	-0.068931	-0.13336	-0.21948	-0.33045	-0.534	-0.61763	19.727
843.48	-0.8006	-0.80367	-0.8581	-0.83413	-0.80893	-0.82577	-0.75752	-0.74714	-0.72067	-0.61995	-0.67548	-0.75114	-0.78271	-0.67994	-0.56712	0.024782	0.56665	0.94448	0.9329	0.72749	0.52104	0.321	0.17252	0.029685	-0.070975	-0.14812	-0.23995	-0.34698	-0.5378	-0.60017	19.667
834.5	-0.78409	-0.80277	-0.81684	-0.81154	-0.77207	-0.7422	-0.73283	-0.72948	-0.72222	-0.58802	-0.70311	-0.68306	-0.68147	-0.71444	-0.64241	0.082432	0.61774	0.94874	0.93502	0.71428	0.51482	0.30834	0.16897	0.033674	-0.083738	-0.1569	-0.23633	-0.34736	-0.515	-0.58259	19.535
832.68	-0.71867	-0.73755	-0.76158	-0.75003	-0.76056	-0.77142	-0.76821	-0.73015	-0.70958	-0.70537	-0.64348	-0.6464	-0.6738	-0.66153	-0.55468	0.14014	0.64761	0.94392	0.94323	0.70721	0.50591	0.30902	0.14222	0.014429	-0.079627	-0.16984	-0.24573	-0.34054	-0.50965	-0.5562	19.34
839.21	-0.67237	-0.69385	-0.73832	-0.73254	-0.74559	-0.74978	-0.7081	-0.69617	-0.66968	-0.57513	-0.51703	-0.4994	-0.63219	-0.80052	-0.73708	0.15806	0.68365	0.94245	0.91929	0.69316	0.47574	0.28871	0.13393	0.0024483	-0.083268	-0.16316	-0.22707	-0.32203	-0.47543	-0.53417	19.117
848.94	-0.69485	-0.69528	-0.70368	-0.70109	-0.69026	-0.68994	-0.67874	-0.65752	-0.67334	-0.69187	-0.57112	-0.74632	-0.67886	-0.72901	-0.57319	0.22205	0.68123	0.92391	0.91222	0.66829	0.46313	0.27982	0.12797	0.0069317	-0.080628	-0.16924	-0.22447	-0.31256	-0.46817	-0.51404	18.902
859.41	-0.65747	-0.67754	-0.66747	-0.66803	-0.64646	-0.64524	-0.68558	-0.66109	-0.64533	-0.58034	-0.53452	-0.64479	-0.63509	-0.63217	-0.42225	0.28436	0.69611	0.92602	0.89513	0.65272	0.44953	0.26537	0.12115	-0.0020657	-0.083808	-0.13927	-0.22087	-0.30794	-0.46068	-0.50432	18.664
861.65	-0.63323	-0.62786	-0.64884	-0.66367	-0.65654	-0.66071	-0.64361	-0.67271	-0.66254	-0.57883	-0.56269	-0.62469	-0.52721	-0.73581	-0.47859	0.25583	0.70052	0.9198	0.88173	0.64732	0.44836	0.24999	0.12346	-0.0073972	-0.08276	-0.15804	-0.22802	-0.30226	-0.43804	-0.46335	18.451
857.38	-0.60831	-0.62592	-0.66995	-0.65468	-0.64208	-0.64772	-0.65019	-0.66087	-0.63047	-0.63809	-0.53578	-0.74823	-0.73445	-0.75712	-0.55793	0.25711	0.70937	0.91481	0.89468	0.6431	0.45414	0.24663	0.1188	0.0032895	-0.079001	-0.13698	-0.21104	-0.28742	-0.41599	-0.45352	18.171
847.76	-0.59964	-0.61337	-0.65586	-0.64613	-0.63939	-0.64732	-0.62523	-0.64668	-0.62802	-0.66434	-0.5619	-0.51311	-0.54485	-0.74786	-0.41833	0.26942	0.7364	0.94165	0.90656	0.65887	0.44765	0.25689	0.12015	-0.016555	-0.088334	-0.15356	-0.21518	-0.29729	-0.43251	-0.47444	17.877
839.63	-0.60822	-0.61672	-0.64031	-0.64879	-0.64759	-0.6311	-0.63558	-0.63651	-0.6341	-0.59401	-0.62802	-0.61268	-0.69546	-0.80011	-0.31433	0.32905	0.75356	0.95663	0.90135	0.64148	0.43661	0.24807	0.099798	-0.024015	-0.10452	-0.16754	-0.22343	-0.30851	-0.44678	-0.47549	17.613
831.93	-0.61478	-0.632	-0.65268	-0.62946	-0.63734	-0.62905	-0.60679	-0.55676	-0.60262	-0.59951	-0.56239	-0.67563	-0.67441	-0.80752	-0.53534	0.19781	0.7679	0.9645	0.91322	0.62919	0.41874	0.24276	0.10344	-0.019633	-0.10377	-0.16999	-0.23261	-0.30884	-0.43241	-0.48525	17.312
829.15	-0.61965	-0.61753	-0.63547	-0.59163	-0.5712	-0.55988	-0.60621	-0.61592	-0.59661	-0.46552	-0.3492	-0.66832	-0.45588	-0.86494	-0.42772	0.61232	0.81391	0.94793	0.89859	0.62456	0.42656	0.22355	0.074732	-0.047417	-0.11361	-0.17418	-0.24321	-0.31495	-0.45892	-0.49674	17.018
831.51	-0.59175	-0.60272	-0.57286	-0.56371	-0.57872	-0.57804	-0.54551	-0.54691	-0.60026	-0.52233	-0.58309	-0.66643	-0.63805	-0.79885	-0.39675	0.47624	0.80423	0.9334	0.88988	0.59784	0.4016	0.19534	0.065467	-0.039913	-0.13479	-0.17819	-0.25497	-0.31069	-0.44282	-0.49086	16.649
842.41	-0.55736	-0.57084	-0.5709	-0.52781	-0.5271	-0.51697	-0.56157	-0.57985	-0.59688	-0.65898	-0.5453	-0.55408	-0.79277	-0.92312	-0.43077	0.34692	0.79473	0.92132	0.86877	0.57589	0.37567	0.19375	0.054793	-0.041214	-0.13644	-0.183	-0.22709	-0.3025	-0.41607	-0.44747	16.278
860.05	-0.50621	-0.50355	-0.51109	-0.48636	-0.50155	-0.51114	-0.52741	-0.60003	-0.56227	-0.57991	-0.58349	-0.64431	-0.80311	-0.91298	-0.2781	0.39547	0.80872	0.90147	0.84585	0.56873	0.35649	0.18518	0.056295	-0.041261	-0.11202	-0.16792	-0.21469	-0.28001	-0.37623	-0.42015	15.949
876.81	-0.48502	-0.46336	-0.49608	-0.50196	-0.49967	-0.50324	-0.54776	-0.54924	-0.57683	-0.59639	-0.48519	-0.77694	-0.76165	-0.85241	-0.34803	0.46073	0.77578	0.89734	0.81043	0.54329	0.34968	0.17172	0.044918	-0.055326	-0.12212	-0.17411	-0.21649	-0.26347	-0.36113	-0.39432	15.605
885.99	-0.46071	-0.45775	-0.50304	-0.49166	-0.51357	-0.51563	-0.46882	-0.50637	-0.53746	-0.53567	-0.66225	-0.75095	-0.82265	-1.0228	-0.44682	0.39289	0.76256	0.87693	0.80783	0.52145	0.33148	0.15566	0.038504	-0.058211	-0.12569	-0.16554	-0.20757	-0.27023	-0.35218	-0.38101	15.235
888.55	-0.48036	-0.48007	-0.49642	-0.47499	-0.44838	-0.46703	-0.52429	-0.51353	-0.55756	-0.4344	-0.62212	-0.87396	-1.0005	-1.0964	-0.50123	0.45465	0.7388	0.86055	0.78817	0.52174	0.31173	0.14276	0.025685	-0.065804	-0.12453	-0.1541	-0.21279	-0.25052	-0.35376	-0.37991	14.854
883.22	-0.44985	-0.45918	-0.45518	-0.4557	-0.45395	-0.4271	-0.47274	-0.51403	-0.57517	-0.82006	-0.69318	-0.89723	-1.067	-1.3341	-0.65366	0.34896	0.71724	0.86575	0.79957	0.50321	0.30931	0.13467	0.020727	-0.063599	-0.1431	-0.16861	-0.20989	-0.25679	-0.33238	-0.37043	14.475
872.76	-0.42766	-0.42485	-0.46151	-0.43012	-0.42744	-0.42658	-0.43957	-0.54652	-0.64563	-0.51609	-0.81823	-1.2265	-1.4206	-1.584	-0.63315	0.28913	0.72409	0.85919	0.79655	0.49278	0.30519	0.13447	0.016663	-0.078406	-0.14071	-0.17922	-0.2141	-0.26148	-0.31608	-0.35444	14.112
864.11	-0.42386	-0.41905	-0.39255	-0.34034	-0.33687	-0.409	-0.50657	-0.54933	-0.58874	-0.61447	-0.98365	-1.4594	-1.6114	-1.9061	-0.80174	0.24586	0.72069	0.87824	0.8215	0.51988	0.31176	0.12849	0.011604	-0.074756	-0.13053	-0.16453	-0.19912	-0.24788	-0.31479	-0.32961	13.723
857.59	-0.3637	-0.32511	-0.31156	-0.39383	-0.4557	-0.44465	-0.42632	-0.48293	-0.53283	-0.89153	-1.1	-1.6373	-1.9082	-1.9999	-0.97134	0.17327	0.70116	0.8763	0.81063	0.51173	0.31058	0.12763	0.0037919	-0.079791	-0.13986	-0.17627	-0.20668	-0.24568	-0.29924	-0.30526	13.345
853	-0.31286	-0.31243	-0.39497	-0.44714	-0.4007	-0.42106	-0.38972	-0.44871	-0.57993	-0.98133	-1.2155	-1.7671	-1.8828	-2.1348	-0.96691	0.18357	0.69595	0.89353	0.81672	0.51916	0.31493	0.12739	0.027639	-0.05687	-0.12385	-0.14734	-0.1757	-0.2051	-0.25574	-0.26248	12.943
851.07	-0.37105	-0.35313	-0.33195	-0.33582	-0.35891	-0.31785	-0.38043	-0.45152	-0.64644	-0.93622	-1.1783	-1.6591	-2.129	-2.1485	-1.1532	0.16524	0.70653	0.88783	0.81598	0.52596	0.32546	0.14997	0.026816	-0.070501	-0.13001	-0.13799	-0.15784	-0.17346	-0.23191	-0.2491	12.548
854.92	-0.25312	-0.27445	-0.23994	-0.2357	-0.3059	-0.31642	-0.34919	-0.45935	-0.62276	-1.0451	-1.4809	-1.8747	-2.2621	-2.4837	-1.1577	0.1645	0.65406	0.8896	0.81317	0.5264	0.32665	0.12895	0.037263	-0.051365	-0.096798	-0.1137	-0.14502	-0.15547	-0.21196	-0.22973	12.188
860.16	-0.17666	-0.14648	-0.20642	-0.29202	-0.30993	-0.29732	-0.36216	-0.48506	-0.74368	-1.2166	-1.5311	-1.9833	-2.541	-2.5213	-1.2944	0.024319	0.63672	0.86319	0.83465	0.54639	0.33261	0.16034	0.034411	-0.035911	-0.074589	-0.089482	-0.11059	-0.12275	-0.13641	-0.13591	11.81
863.47	-0.1481	-0.17443	-0.20829	-0.19065	-0.19621	-0.24199	-0.37748	-0.56482	-0.83165	-1.3799	-1.7318	-2.2885	-2.6196	-2.7306	-1.4041	0.033463	0.59258	0.8903	0.86288	0.56185	0.35684	0.17987	0.06479	0.0032663	-0.051937	-0.0631	-0.075037	-0.092252	-0.087766	-0.094944	11.4
861.76	-0.088028	-0.090734	-0.11447	-0.14474	-0.22993	-0.27962	-0.39497	-0.65751	-0.94662	-1.4293	-1.8732	-2.3391	-2.908	-2.9992	-1.5217	-0.14241	0.55464	0.88921	0.85864	0.56575	0.36372	0.18848	0.064044	-0.0011732	-0.022989	-0.053659	-0.075186	-0.083491	-0.08794	-0.095996	11.027
857.16	-0.045926	-0.046436	-0.1267	-0.16395	-0.20455	-0.26963	-0.46608	-0.7084	-0.98794	-1.5404	-1.9426	-2.5555	-2.9236	-3.0417	-1.6838	-0.14318	0.53527	0.89685	0.86923	0.59112	0.3825	0.20241	0.093367	0.023846	-0.023948	-0.039958	-0.054012	-0.051239	-0.034546	-0.05057	10.596
852.14	-0.037995	-0.050111	-0.061816	-0.13223	-0.1998	-0.31552	-0.53569	-0.75933	-1.0424	-1.5589	-1.9242	-2.5333	-2.7618	-3.2903	-1.7131	-0.21895	0.53842	0.92429	0.87349	0.60491	0.40881	0.21752	0.12307	0.028483	-0.0039441	-0.018206	-0.035229	-0.010426	-0.0058523	-0.0090142	10.218
849.68	-0.016173	-0.020423	-0.10257	-0.13705	-0.27099	-0.39082	-0.54997	-0.79669	-1.0611	-1.6677	-2.1996	-2.5313	-2.9762	-3.2642	-1.8443	-0.33228	0.54449	0.9144	0.88983	0.61229	0.39033	0.21629	0.10039	0.037582	-0.0047968	-0.024431	-0.016177	-0.018704	0.0013773	-0.0055427	9.8334
851.18	0.0020983	0.0025862	-0.060987	-0.16245	-0.28342	-0.41521	-0.60154	-0.81959	-1.0801	-1.5796	-1.8865	-2.3868	-3.0606	-3.3295	-1.6472	-0.2567	0.56063	0.90894	0.87362	0.61215	0.38519	0.21684	0.10198	0.025815	-0.0014258	-0.024388	-0.023969	-0.012908	-0.010377	0.00756	9.4438
854.71	0.041153	0.020372	-0.05715	-0.19965	-0.31685	-0.44135	-0.60412	-0.83862	-1.0756	-1.7239	-1.9184	-2.4699	-2.9052	-2.962	-1.7369	-0.1716	0.5628	0.90807	0.88031	0.58815	0.37294	0.21779	0.083068	0.034672	0.0077834	-0.0049973	-0.012619	0.0092824	0.033781	0.037954	9.0329
860.48	0.035464	0.0034011	-0.084367	-0.22806	-0.32847	-0.43076	-0.59923	-0.80629	-1.065	-1.4315	-2.024	-2.4349	-2.9389	-3.0036	-1.5336	-0.12409	0.56526	0.90484	0.85736	0.57865	0.3722	0.18141	0.076386	0.022864	0.011887	-0.0049638	-0.013396	0.0051461	0.037132	0.046335	8.6869
864.64	0.057745	0.010924	-0.084848	-0.21999	-0.33569	-0.46381	-0.61303	-0.8343	-1.059	-1.5364	-2.083	-2.3589	-2.8983	-2.928	-1.4785	-0.12349	0.59266	0.88624	0.85408	0.55555	0.33879	0.18237	0.082982	0.031613	-0.0022319	-0.015341	-0.015042	0.0026914	0.044074	0.051268	8.3181
868.27	0.057503	0.021721	-0.080081	-0.20954	-0.32553	-0.41554	-0.6005	-0.83169	-1.0511	-1.5671	-1.7906	-2.3673	-2.8862	-2.7242	-1.3678	-0.012687	0.62989	0.88727	0.84544	0.52566	0.34612	0.16339	0.064432	0.021777	-0.017052	-0.016141	-0.022646	0.0034867	0.039457	0.06389	7.9673
871.8	0.055487	0.022465	-0.10348	-0.22682	-0.33003	-0.42705	-0.61875	-0.81339	-1.0214	-1.533	-1.9295	-2.2666	-2.5421	-2.7478	-1.4474	0.033143	0.64052	0.88933	0.82098	0.51987	0.32469	0.16001	0.077987	0.019053	-0.019444	-0.017796	-0.012372	0.017137	0.05872	0.053402	7.6104
872.65	0.056324	0.0050127	-0.1148	-0.23523	-0.34132	-0.42945	-0.60988	-0.81786	-1.0111	-1.5315	-1.879	-2.2462	-2.5221	-2.6239	-1.2381	0.29833	0.69345	0.88187	0.80253	0.5029	0.31045	0.13177	0.052894	0.0014754	-0.020243	-0.013483	-0.030161	-0.0085748	0.029561	0.055905	7.2685
872.22	0.056351	0.027435	-0.11222	-0.21722	-0.34052	-0.43342	-0.58372	-0.80685	-0.99887	-1.523	-1.7825	-2.0287	-2.4709	-2.4344	-1.1442	0.28931	0.73156	0.8776	0.79788	0.47204	0.27577	0.13002	0.033071	-0.0081854	-0.025993	-0.021224	-0.013214	-0.015007	0.054279	0.051673	6.9099
867.85	0.041425	0.014222	-0.12956	-0.24347	-0.3471	-0.41953	-0.58833	-0.79238	-1.0141	-1.475	-1.723	-2.0206	-2.3515	-2.2115	-1.0264	0.28156	0.75379	0.87257	0.77824	0.45051	0.24304	0.098785	0.01589	-0.024999	-0.028597	-0.050693	-0.025215	-0.0029719	0.045685	0.056214	6.589
861.97	0.045311	0.023563	-0.10289	-0.23377	-0.32692	-0.42049	-0.59735	-0.76578	-0.97986	-1.2888	-1.6166	-2.0436	-2.1817	-2.2266	-0.88028	0.34829	0.78025	0.86327	0.74865	0.43506	0.24205	0.080195	0.016871	-0.0465	-0.042069	-0.049299	-0.039977	0.00026079	0.029033	0.047977	6.3013
856.84	0.038331	0.0067964	-0.12407	-0.24484	-0.34564	-0.41725	-0.57736	-0.76679	-0.96413	-1.3059	-1.6263	-2.0002	-2.1413	-2.0017	-0.67377	0.43422	0.80996	0.86844	0.74286	0.40879	0.2178	0.063138	-0.01026	-0.053932	-0.064025	-0.060091	-0.04367	-0.018547	0.021125	0.043929	6.0394
860.48	0.027342	-0.0066986	-0.11909	-0.23068	-0.35695	-0.43076	-0.57576	-0.77067	-0.92481	-1.2817	-1.6884	-1.9179	-2.088	-1.9844	-0.62303	0.51586	0.82523	0.8333	0.70989	0.38203	0.18423	0.033467	-0.022465	-0.063498	-0.063754	-0.061578	-0.043486	-0.020912	0.024613	0.04547	5.7592
866.24	0.043294	0.0092311	-0.11918	-0.23523	-0.32434	-0.44021	-0.56194	-0.75581	-0.89303	-1.2174	-1.5988	-1.7309	-1.9244	-1.7269	-0.457	0.55846	0.84273	0.80501	0.68738	0.35922	0.1681	0.027768	-0.040562	-0.07988	-0.076542	-0.076741	-0.047467	-0.030479	0.0129	0.080336	5.5001
873.82	0.050918	-0.009913	-0.13393	-0.20218	-0.32249	-0.4129	-0.55294	-0.7326	-0.8692	-1.3451	-1.5072	-1.5887	-1.8553	-1.461	-0.34922	0.58102	0.83981	0.79051	0.67554	0.32688	0.14057	0.0094276	-0.0583	-0.081816	-0.07506	-0.076075	-0.063989	-0.044648	0.048013	0.049879	5.2789
876.39	0.037478	-0.0016196	-0.10819	-0.21017	-0.31865	-0.38641	-0.53486	-0.69899	-0.83374	-1.1389	-1.4446	-1.6475	-1.6323	-1.379	-0.31996	0.64308	0.84959	0.76197	0.63339	0.2895	0.10724	-0.020371	-0.064143	-0.092068	-0.087082	-0.074998	-0.069711	-0.034123	0.039971	0.061601	5.0364
873.72	0.050924	0.019929	-0.10326	-0.21168	-0.31286	-0.39417	-0.53072	-0.70463	-0.83459	-1.1516	-1.3227	-1.4525	-1.5064	-1.2362	-0.27375	0.69983	0.86183	0.7643	0.61014	0.28399	0.11191	-0.024958	-0.058307	-0.092349	-0.090622	-0.083803	-0.059762	-0.031021	0.038333	0.042231	4.8576
865.07	0.04874	0.024314	-0.09809	-0.22336	-0.30036	-0.38862	-0.51851	-0.67094	-0.82241	-1.0142	-1.3065	-1.4578	-1.3539	-1.2573	-0.038121	0.79908	0.8793	0.75771	0.59674	0.25362	0.098983	-0.031609	-0.075423	-0.11187	-0.093182	-0.076845	-0.059505	-0.031332	0.015586	0.074433	4.6378
857.06	0.055536	0.016935	-0.11778	-0.21228	-0.3219	-0.39129	-0.52841	-0.66916	-0.80334	-1.127	-1.2692	-1.3695	-1.4289	-1.0661	-0.067368	0.72276	0.87948	0.7351	0.5929	0.25226	0.075985	-0.042051	-0.084911	-0.11649	-0.11074	-0.093303	-0.063513	-0.034077	0.046259	0.077729	4.4771
850.75	0.062336	0.010252	-0.091635	-0.21474	-0.31236	-0.38165	-0.51791	-0.65611	-0.81451	-1.1354	-1.0889	-1.389	-1.4663	-1.074	-0.038763	0.76564	0.8932	0.73186	0.57401	0.23068	0.056018	-0.065598	-0.10678	-0.13356	-0.10063	-0.10368	-0.083114	-0.033505	0.042081	0.055598	4.3103
849.36	0.059695	0.014531	-0.08998	-0.21243	-0.32183	-0.38324	-0.51367	-0.63193	-0.75923	-0.96655	-1.1407	-1.3725	-1.2443	-0.85326	0.067985	0.84205	0.88564	0.71953	0.54041	0.20005	0.048958	-0.072222	-0.10784	-0.13378	-0.12269	-0.098561	-0.080639	-0.023658	0.059363	0.060062	4.1814
849.68	0.044138	0.0017405	-0.12331	-0.19463	-0.29784	-0.3773	-0.49904	-0.65423	-0.7511	-1.0325	-1.2302	-1.2411	-1.3066	-0.90633	0.10678	0.79478	0.88621	0.70091	0.53502	0.19528	0.033747	-0.073126	-0.11045	-0.11119	-0.11255	-0.10911	-0.070159	-0.03767	0.039417	0.057416	4.0722
856.2	0.056498	0.0068015	-0.10626	-0.2248	-0.29064	-0.38305	-0.50198	-0.65551	-0.75057	-0.90238	-1.0522	-1.2781	-1.27	-0.81995	0.067442	0.93785	0.8723	0.68406	0.49583	0.17143	0.006884	-0.091961	-0.11137	-0.14703	-0.12339	-0.10653	-0.079995	-0.034928	0.03552	0.056978	3.9964
866.99	0.047735	-0.0016356	-0.11024	-0.2194	-0.29482	-0.37261	-0.49074	-0.62615	-0.74038	-0.91903	-1.0196	-1.1339	-1.087	-0.73127	0.13319	0.85255	0.87117	0.63579	0.47866	0.16193	0.0059213	-0.084433	-0.13429	-0.13371	-0.12515	-0.10693	-0.074732	-0.048233	0.043954	0.050272	3.8689
879.8	0.052336	0.0025052	-0.08948	-0.19567	-0.29917	-0.35692	-0.49425	-0.59962	-0.75987	-1.0064	-1.0144	-1.3251	-0.95847	-0.7378	0.21561	0.91271	0.84629	0.6256	0.44417	0.14597	0.0015203	-0.11556	-0.13319	-0.14308	-0.10951	-0.096854	-0.088779	-0.045141	0.032817	0.057984	3.8295
885.24	0.051136	0.017215	-0.10018	-0.21062	-0.30974	-0.37976	-0.479	-0.60718	-0.72344	-0.79088	-1.0465	-1.1644	-1.0818	-0.68202	0.16771	0.75383	0.84888	0.61155	0.43979	0.13876	-0.019934	-0.10681	-0.14768	-0.14999	-0.12176	-0.1225	-0.090741	-0.055947	0.041309	0.061825	3.7567
885.88	0.046717	0.0041207	-0.10962	-0.20962	-0.29807	-0.34427	-0.46807	-0.5955	-0.72876	-0.99034	-1.0074	-1.1277	-0.95189	-0.62181	0.14896	0.91543	0.84308	0.60185	0.42539	0.10983	-0.016492	-0.11655	-0.13653	-0.13605	-0.1354	-0.11226	-0.079818	-0.033758	0.041279	0.059264	3.7248
884.6	0.044153	0.0024916	-0.11584	-0.21588	-0.29277	-0.38653	-0.47037	-0.60762	-0.74487	-0.90073	-1.076	-1.1024	-1.1343	-0.63979	0.26107	0.85362	0.84949	0.59437	0.41108	0.11811	-0.028533	-0.11404	-0.14779	-0.1605	-0.13074	-0.1209	-0.096661	-0.037768	0.016113	0.060191	3.7081
881.94	0.040764	-0.01557	-0.10664	-0.20288	-0.31473	-0.36257	-0.47834	-0.60772	-0.71357	-0.97652	-1.0601	-1.0607	-0.9302	-0.60744	0.2338	0.75665	0.84598	0.59244	0.41149	0.11123	-0.049285	-0.1368	-0.15677	-0.16532	-0.13763	-0.12466	-0.096953	-0.045827	0.03361	0.04942	3.7021
876.17	0.031282	-0.0074063	-0.13444	-0.22483	-0.31005	-0.36027	-0.48313	-0.60647	-0.76977	-0.82665	-0.94103	-1.122	-0.98855	-0.69772	0.34829	0.96202	0.85592	0.60758	0.40248	0.11469	-0.025341	-0.13589	-0.15007	-0.17253	-0.1418	-0.10923	-0.10519	-0.038131	0.013632	0.040418	3.7248
870.83	0.035933	-0.013274	-0.12207	-0.21843	-0.31389	-0.38322	-0.5068	-0.61019	-0.7473	-0.88722	-0.97606	-1.2566	-1.0472	-0.63255	0.2652	0.84876	0.86028	0.5868	0.41253	0.10165	-0.036832	-0.13763	-0.17433	-0.16831	-0.14185	-0.12109	-0.10329	-0.039168	0.018134	0.044929	3.699
867.95	0.04142	-0.011648	-0.12513	-0.21568	-0.30812	-0.36368	-0.4902	-0.61045	-0.72762	-0.89944	-0.9793	-1.1601	-1.0506	-0.62593	0.24707	0.75047	0.84902	0.57929	0.40291	0.10658	-0.047454	-0.15084	-0.1619	-0.17417	-0.15797	-0.13013	-0.10704	-0.085317	0.035927	0.02967	3.74
871.05	0.023444	-0.012439	-0.13524	-0.2227	-0.31964	-0.40291	-0.48846	-0.59685	-0.72589	-0.79453	-1.0343	-1.1104	-0.95059	-0.58899	0.34088	0.90353	0.84776	0.58005	0.40569	0.10529	-0.059489	-0.13851	-0.1691	-0.16915	-0.14263	-0.12708	-0.11175	-0.063294	0.010177	0.044918	3.7036
878.09	0.033868	-0.018112	-0.13241	-0.22348	-0.32766	-0.39126	-0.47797	-0.59642	-0.75039	-1.0266	-0.92931	-1.1196	-0.94297	-0.63593	0.30057	0.7418	0.83659	0.5941	0.40661	0.099899	-0.047769	-0.1365	-0.15917	-0.17652	-0.13415	-0.12521	-0.095693	-0.057997	0.0048396	0.049637	3.693
881.4	0.034622	0.0090724	-0.11713	-0.23118	-0.31301	-0.37117	-0.50399	-0.61417	-0.75513	-1.0319	-0.92582	-1.2416	-1.1817	-0.70216	0.21522	0.88385	0.84389	0.60118	0.41591	0.11763	-0.026914	-0.1297	-0.15003	-0.16456	-0.1369	-0.11539	-0.10205	-0.022005	0.018788	0.048606	3.7112
880.76	0.043463	-0.013947	-0.11722	-0.21682	-0.3046	-0.35933	-0.50272	-0.64332	-0.71704	-0.9504	-1.0036	-1.2515	-1.044	-0.56533	0.2903	0.98418	0.85233	0.60907	0.44119	0.13584	-0.0062415	-0.10646	-0.1433	-0.13423	-0.11588	-0.10696	-0.076083	-0.04191	0.03191	0.061296	3.7521
879.05	0.029414	0.00085727	-0.12355	-0.23608	-0.31672	-0.40951	-0.50862	-0.63847	-0.77398	-0.77813	-1.0732	-1.1455	-0.96797	-0.78143	0.28147	0.87716	0.85137	0.6364	0.44122	0.15244	0.0041133	-0.11296	-0.13074	-0.14233	-0.11611	-0.084148	-0.084647	-0.030035	0.020591	0.048736	3.9766
874.46	0.034896	-0.025642	-0.13996	-0.23818	-0.33385	-0.38444	-0.51624	-0.64533	-0.73236	-1.1046	-1.0108	-1.315	-1.287	-0.82876	0.10376	0.87262	0.84445	0.64819	0.48547	0.15872	0.0076082	-0.095467	-0.1211	-0.12819	-0.11508	-0.095732	-0.085092	-0.051827	0.036538	0.0303	4.1359
867.52	0.039652	0.0025407	-0.12431	-0.23141	-0.31704	-0.40171	-0.51621	-0.64961	-0.77744	-0.99274	-1.2147	-1.1515	-1.1918	-0.90511	0.14261	0.80603	0.86975	0.67892	0.50373	0.18943	0.027802	-0.073444	-0.10818	-0.11155	-0.094566	-0.090451	-0.07298	-0.04174	0.030621	0.065657	4.3042
862.51	0.020976	-0.01844	-0.1348	-0.24585	-0.35219	-0.39929	-0.55099	-0.69247	-0.82571	-0.94248	-1.2218	-1.3332	-1.3933	-0.99803	0.17213	0.7182	0.86859	0.69525	0.52452	0.21921	0.048212	-0.064704	-0.10794	-0.10954	-0.095117	-0.096189	-0.07941	-0.029798	0.016526	0.055703	4.5377
860.9	0.033643	-0.023521	-0.12971	-0.25242	-0.34696	-0.4315	-0.56877	-0.69198	-0.82209	-1.122	-1.1944	-1.4187	-1.4756	-1.1141	-0.067067	0.84003	0.86576	0.73182	0.56469	0.2326	0.080055	-0.04921	-0.090652	-0.1044	-0.08117	-0.073735	-0.073541	-0.024156	0.026387	0.063573	4.8394
863.79	0.023642	-0.0075125	-0.13549	-0.23502	-0.33406	-0.43196	-0.55352	-0.69854	-0.84247	-0.96906	-1.3772	-1.506	-1.4972	-1.2504	0.0095554	0.68941	0.85577	0.74743	0.58149	0.27524	0.09737	-0.03623	-0.080764	-0.089863	-0.071791	-0.073489	-0.050172	-0.028132	0.037881	0.048738	5.0501
868.59	0.035132	-0.0033025	-0.13562	-0.26232	-0.35556	-0.43902	-0.5737	-0.71937	-0.85485	-1.279	-1.3696	-1.6074	-1.524	-1.3479	-0.18992	0.59372	0.85369	0.74991	0.60276	0.29026	0.11082	-0.0087193	-0.070785	-0.074371	-0.076335	-0.07826	-0.06267	-0.0094211	0.029699	0.047611	5.3334
872.33	0.029641	-0.0082672	-0.1447	-0.25257	-0.36082	-0.45219	-0.59605	-0.76371	-0.8885	-1.2551	-1.4514	-1.7553	-1.8148	-1.4375	-0.25527	0.55457	0.84739	0.77869	0.65147	0.32835	0.1295	0.0067276	-0.047181	-0.072296	-0.069447	-0.075347	-0.047984	-0.015004	0.022513	0.061887	5.6046
876.17	0.03926	-0.010713	-0.15368	-0.26692	-0.38624	-0.43896	-0.60167	-0.75774	-0.91585	-1.4058	-1.3771	-1.7657	-1.8939	-1.5175	-0.53655	0.60679	0.83056	0.80244	0.67289	0.33602	0.1688	0.040992	-0.028075	-0.048371	-0.057714	-0.053631	-0.04524	-0.021335	0.046129	0.046352	5.9137
878.2	0.018832	-0.0090378	-0.16205	-0.28174	-0.37765	-0.48282	-0.59617	-0.77344	-0.95922	-1.3109	-1.4803	-1.7707	-2.0372	-1.7636	-0.53531	0.39638	0.79811	0.82489	0.68303	0.36432	0.18916	0.051701	-0.012583	-0.058727	-0.047808	-0.041559	-0.036713	-0.0029339	0.032877	0.036095	6.2014
878.2	0.012644	-0.023884	-0.1385	-0.26288	-0.40267	-0.48842	-0.63149	-0.7935	-0.98955	-1.3934	-1.606	-2.0873	-2.1761	-2.0219	-0.70436	0.36911	0.78066	0.82863	0.72312	0.41339	0.22634	0.076011	0.013131	-0.034301	-0.030703	-0.040708	-0.026603	-0.0053277	0.015353	0.038632	6.5451
877.03	0.025056	-0.014831	-0.16751	-0.27868	-0.39839	-0.48253	-0.65042	-0.82339	-1.017	-1.4596	-1.7147	-2.0991	-2.2747	-2.1022	-0.9498	0.38783	0.75987	0.85875	0.75754	0.44306	0.25348	0.095947	0.014008	-0.017749	-0.033191	-0.030507	-0.027483	-0.0077335	0.018006	0.03953	6.8811
874.36	0.0127	-0.018191	-0.16802	-0.27264	-0.39767	-0.50841	-0.64581	-0.87234	-1.0464	-1.6114	-1.885	-2.1691	-2.5172	-2.4372	-1.0376	0.26122	0.72539	0.85386	0.77831	0.46084	0.26989	0.12337	0.026964	0.004977	-0.010388	-0.034885	-0.024181	-0.0061536	0.020702	0.041351	7.2049
872.54	0.0064973	-0.030677	-0.17451	-0.30945	-0.42465	-0.49253	-0.686	-0.89699	-1.0909	-1.6148	-1.9571	-2.4103	-2.671	-2.6155	-1.3422	0.19774	0.67597	0.86599	0.80935	0.49107	0.30352	0.14991	0.052901	0.016402	-0.012869	-0.012626	-0.0089702	-0.0077732	0.034855	0.032921	7.565
871.69	0.0038311	-0.040679	-0.18787	-0.31147	-0.42991	-0.51844	-0.70736	-0.90578	-1.1327	-1.6348	-1.9005	-2.5312	-2.7874	-2.8002	-1.6179	0.060615	0.60808	0.87531	0.80678	0.51535	0.3256	0.16729	0.072815	0.027844	-0.0030355	-0.016937	-0.020011	0.0026697	0.018997	0.023578	7.9114
874.36	0.024245	-0.057949	-0.16977	-0.29503	-0.42376	-0.53563	-0.72747	-0.92579	-1.1665	-1.7772	-2.1084	-2.5416	-2.9795	-3.0338	-1.547	-0.11299	0.54314	0.8717	0.83536	0.5439	0.3411	0.18396	0.088088	0.047912	0.018243	0.0045434	0.012203	0.010674	0.025102	0.041351	8.2757
876.6	0.0020374	-0.041277	-0.18507	-0.32004	-0.45353	-0.54363	-0.73631	-0.95751	-1.1897	-1.8095	-1.9771	-2.7617	-3.2677	-3.3365	-1.8629	-0.19463	0.47708	0.87322	0.84577	0.57346	0.37921	0.20243	0.11105	0.048665	0.03941	0.02676	0.0045751	0.021839	0.032937	0.046331	8.6808
