13081	4	3	91	26.1	752.5	1	6	8	0.582	128	4096	10	0	0	0	0	74.493	933.48	1.4183e+006	0.1153	0.025152	39.981	0	0	1	0	0	0	11	0	0
941.24	0.03209	-0.040643	-0.13212	-0.2293	-0.33545	-0.13446	-0.50889	-0.64363	-0.7142	-0.9713	-1.1235	-1.0585	-1.1343	-0.72612	0.23887	0.70898	0.84176	0.57915	0.41054	0.11767	-0.038079	-0.12099	-0.16685	-0.16928	-0.13088	-0.12151	-0.085123	-0.050547	-0.0044137	0.031829	4.2481
941.02	0.032098	-0.033725	-0.14924	-0.24295	-0.3427	-0.15978	-0.52433	-0.66657	-0.7694	-0.97152	-1.196	-1.2866	-1.3453	-0.895	0.1951	0.7261	0.84277	0.63685	0.46519	0.15501	0.0062952	-0.089085	-0.1285	-0.14978	-0.11875	-0.12233	-0.085142	-0.026731	0.01521	0.038154	4.6575
936.66	0.025616	-0.047801	-0.13522	-0.24328	-0.36685	-0.15877	-0.55373	-0.70076	-0.80378	-1.1738	-1.2197	-1.352	-1.4249	-0.97989	-0.10338	0.67838	0.84996	0.67224	0.52531	0.19066	0.046049	-0.05151	-0.11624	-0.11613	-0.10403	-0.1029	-0.069742	-0.050794	0.016104	0.031191	5.0516
935.91	0.034763	-0.030813	-0.14924	-0.2499	-0.36444	-0.15627	-0.56727	-0.72588	-0.85422	-1.2092	-1.384	-1.4804	-1.5156	-1.3442	-0.21801	0.63627	0.85392	0.7254	0.5657	0.24368	0.093144	-0.02874	-0.093005	-0.098211	-0.09189	-0.079757	-0.066636	-0.051584	0.010359	0.031216	5.4365
931.02	0.025771	-0.014639	-0.1418	-0.25203	-0.37634	-0.18354	-0.59814	-0.77084	-0.88096	-1.2588	-1.4551	-1.6844	-1.8595	-1.4324	-0.27231	0.62249	0.84442	0.75919	0.61674	0.30496	0.12137	-0.0034128	-0.059537	-0.072396	-0.066253	-0.07454	-0.055066	-0.02777	0.022812	0.028986	5.8606
936.34	0.033917	-0.030028	-0.15899	-0.26828	-0.38774	-0.18951	-0.61631	-0.79673	-0.9368	-1.3205	-1.5375	-1.8784	-1.9955	-1.7392	-0.49979	0.50815	0.80771	0.78643	0.65475	0.34584	0.1523	0.041361	-0.035885	-0.064622	-0.059002	-0.051707	-0.046062	-0.017136	0.023505	0.046278	6.2408
939.11	0.023896	-0.04305	-0.16342	-0.2747	-0.38659	-0.20031	-0.63062	-0.81559	-0.97264	-1.2909	-1.6686	-1.9575	-2.209	-2.0319	-0.8057	0.32818	0.77515	0.81821	0.70359	0.38476	0.20522	0.055555	-0.015741	-0.048115	-0.043594	-0.043574	-0.036472	-0.019324	0.029992	0.023991	6.6147
937.83	0.028897	-0.034613	-0.16446	-0.29033	-0.39703	-0.19534	-0.64455	-0.83386	-1.0173	-1.327	-1.9787	-2.0025	-2.2608	-2.341	-0.85076	0.27758	0.73045	0.82107	0.73114	0.42954	0.23141	0.094414	0.0083155	-0.023672	-0.02535	-0.03644	-0.023111	-0.0051548	0.0095197	0.039867	7.0249
930.59	0.02161	-0.038773	-0.16162	-0.27964	-0.41192	-0.20832	-0.65577	-0.89385	-1.0523	-1.6402	-1.9667	-2.1717	-2.6636	-2.4161	-1.1764	0.1168	0.70156	0.84157	0.76599	0.46118	0.26667	0.11724	0.034264	-0.008215	-0.022474	-0.024644	-0.017728	7.7374e-005	0.033572	0.028999	7.4561
930.49	0.0074279	-0.043449	-0.16246	-0.2999	-0.41651	-0.22599	-0.68685	-0.91536	-1.1073	-1.7703	-2.1312	-2.3	-2.7294	-2.9283	-1.3184	-0.046133	0.62754	0.84872	0.78579	0.50926	0.31893	0.14955	0.069054	0.01319	-0.010176	-0.017397	-0.016139	-0.0059481	0.0038057	0.04018	7.8448
929.1	0.024989	-0.024023	-0.16353	-0.2971	-0.41895	-0.21396	-0.69951	-0.93487	-1.1686	-1.7122	-2.2441	-2.5941	-3.0126	-3.1442	-1.5512	-0.22658	0.55344	0.86942	0.83117	0.5521	0.33902	0.18636	0.08374	0.036298	0.0090546	0.0019381	0.023649	-0.0014315	0.022032	0.041041	8.2002
929.21	0.015795	-0.02792	-0.17093	-0.29464	-0.45709	-0.22895	-0.71884	-0.96444	-1.2059	-1.7727	-2.2164	-2.6964	-3.1436	-3.4774	-1.906	-0.28667	0.4701	0.86844	0.82318	0.57523	0.37657	0.22208	0.10479	0.045364	0.032145	0.0067761	0.0021514	0.010633	0.009608	0.024246	8.6234
932.51	0.01324	-0.051897	-0.18594	-0.29683	-0.42829	-0.24398	-0.72789	-0.98485	-1.2397	-1.8183	-2.3634	-2.9595	-3.4269	-3.8138	-2.1381	-0.53384	0.37971	0.84688	0.84465	0.60571	0.39804	0.23826	0.11895	0.05999	0.035867	0.012376	0.009283	0.010596	0.020302	0.021768	8.9906
929.95	0.0032565	-0.036463	-0.15102	-0.28631	-0.47217	-0.23671	-0.75704	-1.0123	-1.2893	-2.0225	-2.4612	-3.0701	-3.7234	-4.0763	-2.3657	-0.6726	0.28849	0.84656	0.85407	0.64084	0.43506	0.27037	0.1468	0.083225	0.054423	0.028529	0.031583	0.022681	0.017047	0.02103	9.3864
925.59	0.0083073	-0.038982	-0.17574	-0.31206	-0.45432	-0.27064	-0.77619	-1.0493	-1.3489	-1.9276	-2.5003	-3.3163	-3.9552	-4.3895	-2.6442	-0.82235	0.18638	0.84346	0.87157	0.66025	0.47403	0.30069	0.15969	0.098514	0.05468	0.03919	0.022942	0.015974	0.0079822	0.038788	9.7323
926.65	0.0066196	-0.049099	-0.16809	-0.30601	-0.44832	-0.25793	-0.76985	-1.0589	-1.3562	-2.0384	-2.8639	-3.2782	-4.0824	-4.6293	-3.0149	-1.0539	0.091093	0.82389	0.86661	0.67585	0.47841	0.30973	0.19443	0.12486	0.070055	0.048853	0.027705	0.035617	0.022091	0.018699	10.095
921.97	0.0041281	-0.045421	-0.17393	-0.32471	-0.46527	-0.25212	-0.81445	-1.09	-1.4016	-2.2322	-2.7956	-3.2604	-4.343	-4.9644	-3.0929	-1.1718	0.00015073	0.81294	0.86067	0.70353	0.5212	0.33275	0.21012	0.13463	0.082824	0.058041	0.035068	0.029717	0.032218	0.027658	10.41
921.22	-0.012726	-0.028946	-0.17241	-0.32579	-0.49683	-0.29063	-0.79788	-1.1167	-1.4396	-2.1728	-2.844	-3.4527	-4.4625	-5.1243	-3.4625	-1.3893	-0.099645	0.79399	0.88526	0.71969	0.53068	0.35619	0.21846	0.14555	0.084443	0.061342	0.04714	0.022896	0.020551	0.028488	10.727
924.2	-0.0076455	-0.040609	-0.18097	-0.32148	-0.4614	-0.27371	-0.84135	-1.1197	-1.463	-2.1658	-2.8624	-3.5791	-4.7699	-5.4677	-3.6476	-1.5575	-0.20211	0.76301	0.87764	0.74241	0.56102	0.38071	0.2202	0.14923	0.084944	0.061955	0.05099	0.038744	0.02298	0.026786	11.003
927.08	-0.015159	-0.040483	-0.15893	-0.33185	-0.47819	-0.30562	-0.82318	-1.1418	-1.5103	-2.133	-3.0092	-3.5252	-4.8127	-5.6954	-3.7341	-1.7593	-0.30148	0.75002	0.86384	0.75387	0.56747	0.37185	0.24063	0.16529	0.098567	0.07874	0.066794	0.036355	0.018761	0.024302	11.278
922.39	-0.0068175	-0.050896	-0.17718	-0.32946	-0.48246	-0.30272	-0.85473	-1.1834	-1.5349	-2.3709	-3.0613	-3.7153	-4.986	-5.9539	-4.1197	-1.898	-0.39686	0.71913	0.86346	0.76117	0.57941	0.39603	0.25491	0.17028	0.10915	0.083202	0.059111	0.0373	0.01969	0.010731	11.54
921.86	-0.02114	-0.054853	-0.16731	-0.33128	-0.4809	-0.2931	-0.89591	-1.1608	-1.559	-2.3373	-3.1275	-3.9157	-5.0882	-6.2197	-4.2921	-2.0463	-0.48851	0.71687	0.8552	0.76507	0.59786	0.42542	0.27465	0.17038	0.11464	0.075122	0.071986	0.040362	0.023874	0.010736	11.801
917.49	-0.034782	-0.04722	-0.1681	-0.30825	-0.48964	-0.31955	-0.87423	-1.1822	-1.614	-2.287	-3.2813	-3.8997	-5.4615	-6.4389	-4.5552	-2.3952	-0.58769	0.68271	0.84808	0.8035	0.61395	0.41883	0.28826	0.19875	0.1378	0.097533	0.065072	0.027571	0.018957	0.0067373	12.036
915.68	-0.031459	-0.05206	-0.16091	-0.3401	-0.48507	-0.29777	-0.87596	-1.2138	-1.6269	-2.4674	-3.2506	-3.9941	-5.6723	-6.6828	-4.7174	-2.4087	-0.6767	0.64462	0.84655	0.81381	0.63341	0.45765	0.28966	0.19663	0.13182	0.10264	0.082167	0.034514	0.0080685	0.0051287	12.236
920.26	-0.031301	-0.06518	-0.16343	-0.3384	-0.48082	-0.29629	-0.92724	-1.2211	-1.6292	-2.5164	-3.3083	-4.1124	-5.644	-6.8467	-4.8731	-2.6222	-0.75659	0.62268	0.82321	0.80802	0.62778	0.45194	0.29639	0.2098	0.13738	0.11271	0.078543	0.035864	0.010537	0.008334	12.438
922.71	-0.030377	-0.068933	-0.17795	-0.34892	-0.47313	-0.30796	-0.89742	-1.2519	-1.645	-2.3701	-3.3547	-4.1273	-5.8026	-6.9842	-4.9943	-2.6844	-0.88244	0.58811	0.81546	0.80933	0.64504	0.45416	0.31274	0.22336	0.13934	0.097793	0.071119	0.053994	0.020518	-0.0053788	12.604
919.09	-0.031341	-0.07866	-0.15864	-0.329	-0.48419	-0.30024	-0.90802	-1.2451	-1.6611	-2.4933	-3.4788	-4.1435	-5.9168	-7.2256	-5.1575	-2.7992	-0.90676	0.56542	0.8067	0.82208	0.64345	0.45939	0.30496	0.21591	0.13289	0.10552	0.081058	0.035147	0.011387	-0.0037825	12.794
916.64	-0.050062	-0.08361	-0.16241	-0.31018	-0.46059	-0.28582	-0.88291	-1.2326	-1.6413	-2.6142	-3.4881	-4.2933	-6.0907	-7.2696	-5.3333	-2.9198	-0.95765	0.54902	0.81206	0.81557	0.65097	0.47529	0.31153	0.21314	0.15431	0.11234	0.088538	0.039828	0.016455	0.00025952	12.941
915.04	-0.049301	-0.074258	-0.16102	-0.30907	-0.48079	-0.27466	-0.90179	-1.2498	-1.6676	-2.566	-3.6148	-4.2921	-6.0846	-7.4889	-5.4507	-3.143	-1.033	0.53832	0.80466	0.83094	0.66705	0.48389	0.33592	0.21686	0.14442	0.11663	0.078991	0.049853	0.013122	-0.013544	13.074
914.08	-0.051051	-0.10365	-0.17041	-0.32257	-0.49608	-0.28213	-0.93035	-1.2855	-1.6864	-2.507	-3.4514	-4.2966	-6.3413	-7.414	-5.4204	-3.1201	-1.0609	0.53529	0.8039	0.84491	0.67439	0.48873	0.32557	0.2305	0.15553	0.10692	0.074217	0.049905	-0.0053878	-0.0094946	13.176
920.16	-0.061684	-0.082504	-0.14763	-0.31472	-0.47812	-0.2874	-0.89286	-1.2637	-1.6994	-2.6305	-3.5948	-4.4064	-6.3244	-7.6362	-5.7073	-3.1862	-1.0897	0.52194	0.79222	0.83066	0.67819	0.49066	0.33242	0.2398	0.15217	0.11761	0.078552	0.043484	0.0088667	-0.013469	13.278
920.26	-0.043115	-0.088791	-0.17093	-0.30732	-0.46337	-0.28648	-0.92802	-1.2777	-1.6767	-2.5077	-3.5482	-4.285	-6.3899	-7.6436	-5.5991	-3.1598	-1.1204	0.49959	0.78415	0.8349	0.66326	0.49662	0.32829	0.23811	0.16536	0.10864	0.085777	0.043479	-0.0028428	-0.013467	13.342
916.22	-0.071271	-0.086812	-0.15998	-0.33661	-0.47372	-0.29939	-0.91874	-1.2724	-1.7019	-2.5276	-3.777	-4.4513	-6.4098	-7.8259	-5.8128	-3.5135	-1.178	0.49373	0.78041	0.83162	0.67863	0.50053	0.34453	0.23331	0.1536	0.11321	0.10392	0.039082	0.0021861	-0.012714	13.447
915.58	-0.043334	-0.08529	-0.16678	-0.31054	-0.46667	-0.26194	-0.92963	-1.2708	-1.7184	-2.5909	-3.5849	-4.5499	-6.5976	-7.7983	-5.7989	-3.2893	-1.1889	0.49945	0.78657	0.84876	0.68988	0.50175	0.32586	0.24017	0.14902	0.097738	0.081368	0.049059	0.0021877	0.0010709	13.471
914.51	-0.051875	-0.09014	-0.15525	-0.30596	-0.48384	-0.26943	-0.93386	-1.2706	-1.7358	-2.5147	-3.7562	-4.5117	-6.6136	-7.8818	-5.8327	-3.5113	-1.2187	0.49106	0.77786	0.84365	0.69151	0.50579	0.35423	0.23458	0.15076	0.10687	0.081464	0.031492	-0.0070673	-0.020051	13.503
911.85	-0.062246	-0.086432	-0.17082	-0.31263	-0.4834	-0.25851	-0.91524	-1.292	-1.7108	-2.6192	-3.6927	-4.4204	-6.566	-7.9297	-5.8226	-3.4778	-1.2147	0.47629	0.7753	0.84349	0.6902	0.50033	0.3371	0.23779	0.16532	0.1269	0.0744	0.046952	-0.018904	-0.014406	13.515
918.13	-0.075352	-0.094519	-0.16715	-0.28016	-0.45709	-0.30144	-0.94196	-1.2673	-1.6862	-2.5486	-3.6397	-4.4853	-6.5958	-7.8919	-5.8276	-3.5322	-1.2365	0.48108	0.78118	0.83858	0.69292	0.49863	0.3307	0.23366	0.16107	0.10236	0.093229	0.040527	0.00050458	-0.017544	13.492
920.26	-0.073489	-0.095874	-0.15677	-0.30078	-0.45878	-0.24723	-0.85827	-1.2752	-1.7338	-2.674	-3.6497	-4.4059	-6.5806	-7.89	-5.8769	-3.4113	-1.2286	0.46034	0.76742	0.8375	0.69297	0.49919	0.33566	0.22729	0.15604	0.10864	0.072111	0.023681	-0.0095319	-0.029613	13.495
917.49	-0.079635	-0.11037	-0.16643	-0.30907	-0.47122	-0.24798	-0.9096	-1.2682	-1.6995	-2.4626	-3.5959	-4.4105	-6.4591	-7.8809	-5.7778	-3.4303	-1.2248	0.48141	0.76653	0.83916	0.67933	0.5007	0.33503	0.22964	0.15651	0.096715	0.073942	0.039027	-0.0078826	-0.026464	13.479
915.15	-0.066265	-0.11461	-0.15514	-0.30575	-0.44657	-0.26476	-0.90799	-1.2831	-1.6812	-2.7065	-3.7443	-4.3523	-6.6007	-7.9837	-5.9097	-3.4652	-1.2371	0.48534	0.7677	0.85352	0.69933	0.50371	0.34164	0.22772	0.153	0.10925	0.08545	0.039893	-0.017152	-0.018414	13.5
915.15	-0.051839	-0.10986	-0.17104	-0.3115	-0.44011	-0.23695	-0.89853	-1.2656	-1.6731	-2.5569	-3.7907	-4.5173	-6.584	-7.8598	-5.6934	-3.4129	-1.1911	0.48892	0.77571	0.84393	0.68771	0.50284	0.34	0.23191	0.153	0.11334	0.085447	0.029938	-0.017152	-0.020037	13.474
908.86	-0.078684	-0.091498	-0.15958	-0.29378	-0.46454	-0.25846	-0.8857	-1.2701	-1.7238	-2.6012	-3.6394	-4.4349	-6.5624	-7.7727	-5.7873	-3.2434	-1.1505	0.51127	0.78431	0.8445	0.69999	0.49414	0.32993	0.23098	0.14225	0.10918	0.083597	0.029375	-0.0079574	-0.021811	13.483
913.34	-0.083398	-0.10136	-0.14622	-0.31542	-0.44098	-0.2491	-0.88373	-1.2454	-1.6756	-2.4826	-3.5844	-4.3958	-6.43	-7.6188	-5.6054	-3.1838	-1.0903	0.51596	0.80616	0.84385	0.67993	0.49172	0.31595	0.22398	0.14626	0.099617	0.066989	0.031533	-0.00033646	-0.013569	13.388
919.2	-0.051611	-0.088894	-0.15362	-0.28557	-0.47678	-0.2502	-0.88124	-1.2442	-1.6545	-2.5369	-3.4969	-4.2036	-6.165	-7.4221	-5.3453	-3.094	-1.0075	0.54571	0.78347	0.82111	0.65412	0.48343	0.3213	0.21338	0.1282	0.10061	0.07461	0.021423	-0.024613	-0.03369	13.179
915.47	-0.049278	-0.069478	-0.17852	-0.28591	-0.45934	-0.25032	-0.89586	-1.2417	-1.658	-2.3976	-3.474	-4.0818	-6.0985	-7.3037	-5.1779	-2.941	-0.93796	0.556	0.8115	0.81835	0.65595	0.46208	0.29794	0.19835	0.14045	0.089562	0.057135	0.019977	-0.0045379	-0.0070436	12.997
915.04	-0.065423	-0.082965	-0.14511	-0.29015	-0.43277	-0.24416	-0.88051	-1.2264	-1.6248	-2.5484	-3.4014	-4.1705	-5.9263	-7.1584	-5.1803	-2.89	-0.91077	0.58855	0.81749	0.81873	0.64547	0.46834	0.29891	0.19593	0.12566	0.095337	0.062821	0.020753	-0.0062211	-0.015978	12.815
914.94	-0.03997	-0.084558	-0.15099	-0.30088	-0.45684	-0.23073	-0.85775	-1.2265	-1.6056	-2.3726	-3.4575	-4.0495	-5.8019	-7.0022	-4.8474	-2.7159	-0.81374	0.60387	0.81999	0.81185	0.63724	0.44592	0.294	0.19009	0.11395	0.079785	0.051506	0.017691	-0.017156	-0.0070477	12.58
910.46	-0.053813	-0.088951	-0.15846	-0.29988	-0.45259	-0.26251	-0.87306	-1.2182	-1.5818	-2.4904	-3.3066	-3.9996	-5.5372	-6.6962	-4.7354	-2.5102	-0.69657	0.6438	0.83369	0.80533	0.61786	0.42554	0.28388	0.17504	0.11529	0.078529	0.046885	0.025474	-0.011326	-0.011981	12.37
915.15	-0.028084	-0.060003	-0.12751	-0.31726	-0.46504	-0.23875	-0.86228	-1.2078	-1.581	-2.3104	-3.2711	-3.8923	-5.4755	-6.5545	-4.5669	-2.2793	-0.60762	0.66741	0.85346	0.7855	0.6122	0.42076	0.26515	0.17749	0.099855	0.0683	0.046645	0.019984	-0.0070623	-0.020848	12.158
922.07	-0.019452	-0.078405	-0.16145	-0.29937	-0.45605	-0.23072	-0.86128	-1.1788	-1.545	-2.3717	-3.2557	-3.8114	-5.3269	-6.2101	-4.3716	-2.2622	-0.52661	0.69089	0.84228	0.76835	0.58125	0.40131	0.24683	0.14459	0.091347	0.054783	0.039877	0.018315	-0.012851	0.0050931	11.908
919.84	-0.0017713	-0.043164	-0.16018	-0.31074	-0.48012	-0.22325	-0.84613	-1.18	-1.515	-2.2286	-3.0329	-3.7343	-5.1989	-6.0937	-4.176	-1.964	-0.44127	0.70685	0.8515	0.77977	0.59092	0.39283	0.24989	0.14994	0.10012	0.061434	0.031128	0.022931	-0.0020064	-0.0021633	11.606
915.79	-0.010258	-0.067079	-0.15169	-0.29567	-0.47856	-0.24127	-0.8601	-1.1685	-1.5023	-2.2121	-3.1575	-3.6554	-4.9803	-5.8977	-4.0323	-1.9988	-0.33615	0.73955	0.87769	0.75794	0.56285	0.37989	0.2362	0.14893	0.08885	0.03961	0.033687	0.028388	-0.0011754	-0.0054194	11.303
919.09	-0.016981	-0.057383	-0.15281	-0.31754	-0.4419	-0.22164	-0.84524	-1.1393	-1.4744	-2.283	-2.9429	-3.5645	-4.9126	-5.6709	-3.973	-1.818	-0.28409	0.7494	0.86416	0.73959	0.55422	0.36218	0.20914	0.12422	0.069853	0.050068	0.022298	0.0138	0.014738	0.0083446	11.048
917.49	0.0041482	-0.058273	-0.13804	-0.29594	-0.42425	-0.23277	-0.82077	-1.1195	-1.4487	-2.1377	-2.8463	-3.4495	-4.7134	-5.4995	-3.5574	-1.5428	-0.16768	0.77754	0.88885	0.74435	0.53781	0.34902	0.20376	0.11274	0.067636	0.029734	0.026368	0.012296	0.0097307	0.021315	10.692
920.8	-0.011047	-0.051771	-0.12923	-0.29733	-0.45485	-0.21678	-0.80451	-1.103	-1.4274	-2.1826	-2.8361	-3.5234	-4.5225	-5.2417	-3.4641	-1.4073	-0.090539	0.78366	0.86575	0.71308	0.51114	0.32372	0.19322	0.10485	0.051081	0.02393	0.019043	0.0076853	-0.0061822	-0.00054811	10.393
922.29	0.012546	-0.045405	-0.1556	-0.31073	-0.43487	-0.20575	-0.78366	-1.0664	-1.3922	-2.0655	-2.7302	-3.354	-4.3581	-5.0282	-3.2975	-1.1281	-0.0081562	0.80465	0.87151	0.6903	0.48726	0.31634	0.17087	0.097205	0.052549	0.02633	0.015803	-0.00068271	0.0096801	0.012341	10.073
922.07	0.0007579	-0.054054	-0.13819	-0.31325	-0.44139	-0.23072	-0.76507	-1.0716	-1.3517	-2.0834	-2.6479	-3.2514	-4.0861	-4.7014	-2.9315	-1.0765	0.090713	0.82709	0.87092	0.67748	0.46184	0.28983	0.15785	0.083104	0.02929	0.01902	-0.0034483	0.0015971	0.0021722	0.011539	9.7081
918.13	0.011756	-0.036932	-0.15046	-0.32443	-0.43592	-0.204	-0.77071	-1.0328	-1.3478	-1.9871	-2.4559	-3.3433	-3.9043	-4.3758	-2.6207	-0.9681	0.19624	0.83511	0.87066	0.6517	0.43736	0.25921	0.13803	0.056759	0.026301	-0.0013052	-0.018774	-0.0075537	0.012239	0.005115	9.3758
925.16	0.023416	-0.045264	-0.1311	-0.2764	-0.43261	-0.22818	-0.75472	-0.98274	-1.2736	-1.9459	-2.584	-2.9401	-3.652	-4.0402	-2.4403	-0.75373	0.30571	0.84296	0.85611	0.62001	0.39956	0.25297	0.12966	0.052187	0.012958	-0.010206	0.00136	0.0068935	-0.0028277	0.023548	8.9982
920.58	0.038714	-0.021098	-0.15006	-0.27124	-0.41089	-0.2088	-0.72322	-0.99345	-1.2301	-1.9381	-2.2833	-2.9115	-3.5873	-3.781	-2.0583	-0.45407	0.38546	0.85785	0.84763	0.60402	0.39	0.21128	0.11804	0.039131	0.013023	-0.0086293	-0.019528	-0.012102	0.013043	0.026892	8.637
921.86	0.015077	-0.048569	-0.16066	-0.27576	-0.41949	-0.19961	-0.70423	-0.95551	-1.1786	-1.8742	-2.2341	-2.7093	-3.2018	-3.538	-1.9302	-0.47076	0.4672	0.86111	0.84963	0.55817	0.35651	0.20155	0.085215	0.027443	-0.019582	-0.023251	-0.018698	-0.015885	0.0013368	0.024436	8.2576
927.19	0.020854	-0.037354	-0.16139	-0.30015	-0.40432	-0.16925	-0.71029	-0.92523	-1.1535	-1.7679	-2.0839	-2.5824	-3.1011	-3.2567	-1.67	-0.21844	0.50831	0.85086	0.81944	0.54206	0.3389	0.15946	0.0693	0.0041485	-0.03027	-0.023117	-0.03774	-0.015037	0.017927	0.027503	7.8902
929.1	0.0057669	-0.039614	-0.14869	-0.26713	-0.39621	-0.19276	-0.68011	-0.89694	-1.1105	-1.5649	-2.1253	-2.5001	-2.8649	-3.0059	-1.5867	-0.089141	0.56416	0.84469	0.79643	0.50572	0.29243	0.14381	0.042421	-0.011528	-0.031747	-0.047268	-0.018552	-0.0067122	0.014579	0.013852	7.4697
924.95	0.015867	-0.035095	-0.15681	-0.27728	-0.38246	-0.17409	-0.66367	-0.87777	-1.0843	-1.6677	-1.9879	-2.3052	-2.6716	-2.7415	-1.353	0.0053457	0.64123	0.82807	0.77939	0.47262	0.26173	0.11454	0.003548	-0.032286	-0.055087	-0.037758	-0.04583	-0.029468	0.0054915	0.0098974	7.096
930.27	0.014105	-0.028664	-0.15015	-0.2765	-0.35757	-0.16869	-0.63971	-0.85957	-1.0415	-1.4936	-1.9126	-2.2323	-2.5497	-2.4007	-1.1148	0.17689	0.68286	0.83833	0.75364	0.44761	0.23248	0.084982	0.0051467	-0.044452	-0.057849	-0.06735	-0.051133	-0.045118	0.011251	0.014632	6.7071
926.33	0.025064	-0.019405	-0.14334	-0.27199	-0.36273	-0.14459	-0.62063	-0.81443	-1.0092	-1.5174	-1.7099	-2.0188	-2.3712	-2.2232	-0.87912	0.33271	0.74117	0.83303	0.73071	0.41075	0.22363	0.072539	-0.0086456	-0.057874	-0.064272	-0.063591	-0.060936	-0.033207	0.01213	0.021112	6.3013
927.19	0.023365	-0.039696	-0.14734	-0.2555	-0.3624	-0.1781	-0.60139	-0.79964	-0.97956	-1.403	-1.7267	-1.9655	-2.2291	-1.9195	-0.70931	0.36684	0.78842	0.81191	0.6984	0.36647	0.16855	0.033243	-0.031369	-0.077654	-0.085814	-0.082932	-0.073646	-0.033177	0.00049807	0.0082717	5.9106
933.15	0.029872	-0.027025	-0.14722	-0.26839	-0.34922	-0.15937	-0.58054	-0.74609	-0.92732	-1.2732	-1.4427	-1.7912	-1.9206	-1.7695	-0.51917	0.54409	0.80965	0.77593	0.63813	0.32308	0.14794	0.010152	-0.055369	-0.095219	-0.10059	-0.092041	-0.077933	-0.033714	0.0070917	0.020162	5.5274
936.45	0.023136	-0.018424	-0.14425	-0.22645	-0.32543	-0.12638	-0.5785	-0.72792	-0.87586	-1.1139	-1.3469	-1.6322	-1.6777	-1.5291	-0.21789	0.67	0.83462	0.74427	0.61551	0.27592	0.096336	-0.02366	-0.083307	-0.094883	-0.12163	-0.093316	-0.083979	-0.04931	0.01775	0.019296	5.1213
932.62	0.012405	-0.0317	-0.1358	-0.25321	-0.35757	-0.13746	-0.53757	-0.69641	-0.83741	-1.1703	-1.3433	-1.4601	-1.5701	-1.3246	-0.26299	0.65565	0.83887	0.71212	0.54332	0.22401	0.057648	-0.064454	-0.10948	-0.13717	-0.11906	-0.1154	-0.097808	-0.06454	0.0087467	0.017783	4.7424
934.42	0.038141	-0.013811	-0.13472	-0.23016	-0.31167	-0.10733	-0.52186	-0.66308	-0.79225	-1.1077	-1.1862	-1.4742	-1.3874	-1.144	-0.015361	0.77393	0.84544	0.68351	0.50695	0.19197	0.023405	-0.07702	-0.13343	-0.14756	-0.1349	-0.11999	-0.10316	-0.066665	0.013671	0.038421	4.3512
930.81	0.01827	-0.022424	-0.10726	-0.22701	-0.31288	-0.089223	-0.50684	-0.64262	-0.75718	-0.9995	-1.0905	-1.352	-1.0979	-0.88046	0.011164	0.75123	0.84544	0.63943	0.46557	0.14899	-0.014032	-0.099407	-0.14932	-0.17118	-0.15003	-0.13575	-0.10674	-0.04735	-0.0019843	0.032185	3.9979
931.44	0.02326	-0.017744	-0.13104	-0.21474	-0.29452	-0.088281	-0.47862	-0.60927	-0.73521	-0.8518	-1.1445	-1.2487	-1.0398	-0.67694	0.2768	0.81927	0.83992	0.58171	0.40541	0.097485	-0.050709	-0.15961	-0.19124	-0.18093	-0.16375	-0.14853	-0.10984	-0.067628	0.011236	0.030567	3.5443
936.55	0.02479	-0.028472	-0.11806	-0.20874	-0.28028	-0.086924	-0.466	-0.57159	-0.64826	-0.89876	-1.0566	-1.0044	-0.88752	-0.43913	0.25769	0.84035	0.82552	0.53822	0.33114	0.037306	-0.10232	-0.17225	-0.20305	-0.20203	-0.17889	-0.14852	-0.11241	-0.06726	-0.013475	0.028022	3.1877
943.36	0.039428	-0.020589	-0.12045	-0.20325	-0.28095	-0.052362	-0.43358	-0.5496	-0.67809	-0.84104	-0.83296	-0.99714	-0.69515	-0.40391	0.3957	0.8512	0.78545	0.44646	0.2681	-0.0052612	-0.14586	-0.20956	-0.22951	-0.216	-0.19049	-0.18161	-0.12022	-0.074946	-0.0092985	0.025457	2.7688
941.24	0.013118	-0.026025	-0.137	-0.19571	-0.27261	-0.083875	-0.43609	-0.51991	-0.62067	-0.80016	-0.91603	-0.79685	-0.70484	-0.34057	0.52805	0.71747	0.77095	0.40561	0.20013	-0.058688	-0.17442	-0.23776	-0.24683	-0.24417	-0.20612	-0.16689	-0.13778	-0.08256	-0.0052324	0.012095	2.4287
939.96	0.043699	-0.01296	-0.10214	-0.18316	-0.24331	-0.044692	-0.40369	-0.52143	-0.60735	-0.81837	-0.64627	-0.70497	-0.55161	-0.10777	0.59895	0.84579	0.71657	0.32232	0.11846	-0.12924	-0.22232	-0.28098	-0.2824	-0.25917	-0.21553	-0.1727	-0.14112	-0.08938	0.0094982	0.02871	2.0551
936.34	0.028943	-0.028479	-0.10663	-0.18709	-0.25688	-0.036098	-0.39524	-0.4809	-0.55043	-0.74412	-0.63062	-0.65679	-0.30122	0.15019	0.77744	0.85757	0.65307	0.23853	0.046064	-0.17235	-0.26779	-0.30572	-0.30359	-0.27162	-0.2324	-0.21579	-0.1551	-0.072513	-0.01019	0.032788	1.6982
936.66	0.035564	-0.018416	-0.091051	-0.183	-0.2604	-0.047479	-0.37817	-0.49055	-0.52655	-0.76965	-0.48535	-0.52936	-0.3744	0.17434	0.62748	0.79764	0.62504	0.18062	-0.002505	-0.21574	-0.28796	-0.32503	-0.33	-0.29116	-0.24149	-0.20932	-0.1432	-0.092689	-0.010188	0.024053	1.4049
943.36	0.022142	-0.022125	-0.093651	-0.16734	-0.23347	-0.034088	-0.36707	-0.43997	-0.48987	-0.62758	-0.51792	-0.44139	-0.20197	0.29334	0.72793	0.84273	0.54345	0.10015	-0.077132	-0.27004	-0.33663	-0.3663	-0.34122	-0.2899	-0.22461	-0.22133	-0.1312	-0.092774	0.0053843	0.032544	1.0174
946.87	0.022881	-0.022043	-0.085214	-0.16354	-0.21833	-0.02356	-0.34438	-0.42943	-0.45915	-0.59973	-0.44427	-0.34748	-0.169	0.38806	0.73394	0.84803	0.47913	0.025228	-0.17136	-0.31708	-0.37628	-0.39083	-0.36858	-0.31877	-0.26381	-0.2031	-0.15259	-0.095388	-0.01089	0.019869	0.70276
945.17	0.032779	-0.023614	-0.07483	-0.14233	-0.21872	-0.0053652	-0.34805	-0.41238	-0.4091	-0.57524	-0.46302	-0.3649	0.032449	0.46875	0.76144	0.6976	0.40056	-0.047678	-0.21745	-0.36071	-0.41874	-0.40659	-0.38198	-0.33069	-0.25672	-0.24232	-0.16461	-0.11187	-0.011722	0.027766	0.43366
942.41	0.027932	-0.00601	-0.074237	-0.14674	-0.20323	-0.018445	-0.32611	-0.38107	-0.40637	-0.44017	-0.2932	-0.29012	0.10538	0.36583	0.67615	0.66576	0.33101	-0.12359	-0.28814	-0.41427	-0.45462	-0.44387	-0.40706	-0.36824	-0.23774	-0.22315	-0.16195	-0.10997	-0.0052259	0.023907	0.11585
943.36	0.046835	-0.01752	-0.07335	-0.14021	-0.18152	0.023337	-0.32196	-0.37906	-0.38243	-0.39704	-0.31989	-0.26457	0.089107	0.66198	0.77165	0.67356	0.26408	-0.1983	-0.35783	-0.46461	-0.4936	-0.46353	-0.4258	-0.36706	-0.27086	-0.24119	-0.17198	-0.096486	0.0062012	0.04042	-0.14271
939.64	0.029666	-0.026838	-0.080978	-0.15518	-0.19843	0.0050869	-0.30942	-0.34876	-0.35876	-0.48433	-0.23078	-0.1219	0.2031	0.68874	0.64305	0.59129	0.18115	-0.24888	-0.42013	-0.51061	-0.51656	-0.47715	-0.45473	-0.37829	-0.2765	-0.25731	-0.18211	-0.10507	-0.024078	0.019231	-0.37392
945.92	0.030291	-0.01441	-0.07882	-0.13108	-0.19086	0.02154	-0.28297	-0.32863	-0.31961	-0.43002	-0.22028	-0.062305	0.15337	0.75611	0.6998	0.36801	0.099767	-0.34615	-0.49567	-0.53844	-0.55087	-0.50826	-0.46762	-0.40575	-0.27466	-0.26114	-0.18872	-0.11697	-0.010901	0.024601	-0.66756
950.28	0.039139	-0.026537	-0.070396	-0.12652	-0.19443	0.019713	-0.28319	-0.30535	-0.29635	-0.42805	-0.12993	-0.070373	0.26503	0.63329	0.64451	0.39993	0.016271	-0.39466	-0.55437	-0.59056	-0.5787	-0.51924	-0.47023	-0.39663	-0.27867	-0.28203	-0.18318	-0.11127	-0.016518	0.026054	-0.91103
949	0.032647	-0.031151	-0.08583	-0.12748	-0.18757	0.037039	-0.26381	-0.31707	-0.28895	-0.21643	-0.14799	0.063449	0.18502	0.78551	0.69753	0.39204	-0.041025	-0.46698	-0.61618	-0.61826	-0.60669	-0.55826	-0.48117	-0.40443	-0.28131	-0.27609	-0.20136	-0.12471	-0.017352	0.017476	-1.086
945.49	0.045907	-0.026672	-0.057789	-0.11283	-0.15699	0.024154	-0.25258	-0.28259	-0.26733	-0.40466	-0.14854	0.1477	0.33898	0.80443	0.76992	0.29222	-0.13679	-0.52254	-0.66579	-0.66022	-0.62741	-0.56284	-0.50844	-0.41485	-0.28992	-0.26443	-0.18646	-0.10665	-0.020672	0.018326	-1.3037
944.96	0.032787	-0.0044588	-0.063496	-0.12086	-0.18301	0.04675	-0.23441	-0.27302	-0.25652	-0.25997	0.022105	0.038516	0.48447	0.65288	0.76161	0.28393	-0.20497	-0.60188	-0.74845	-0.70451	-0.6583	-0.59747	-0.49677	-0.40373	-0.31278	-0.28679	-0.2077	-0.09929	-0.020684	0.037993	-1.4894
938.79	0.037964	-0.026862	-0.060648	-0.092785	-0.17521	0.056677	-0.23211	-0.25115	-0.22117	-0.41614	-0.068202	0.097983	0.43889	0.78601	0.78421	0.20079	-0.29772	-0.66879	-0.79868	-0.7474	-0.70226	-0.60308	-0.49443	-0.4325	-0.32932	-0.30544	-0.20434	-0.10965	-0.015082	0.02637	-1.6478
944.21	0.036922	-0.017504	-0.056244	-0.099426	-0.16704	0.063307	-0.21702	-0.24971	-0.22068	-0.089558	-0.2027	0.17314	0.36368	0.81353	0.76221	0.22499	-0.33252	-0.69277	-0.83837	-0.75409	-0.6934	-0.61385	-0.54261	-0.43245	-0.31758	-0.27193	-0.2016	-0.11569	-0.010921	0.030942	-1.7772
948.79	0.027744	-0.023524	-0.076967	-0.11164	-0.14932	0.038776	-0.22358	-0.25335	-0.20559	-0.1995	-0.022708	0.13882	0.53877	0.84147	0.77591	0.013634	-0.40601	-0.73874	-0.87221	-0.79419	-0.72928	-0.63589	-0.53602	-0.43359	-0.33942	-0.29353	-0.19985	-0.124	-0.027899	0.01513	-1.9523
948.9	0.031831	-0.010549	-0.075343	-0.082278	-0.15998	0.053479	-0.20379	-0.24363	-0.19153	-0.080633	-0.067476	0.3732	0.4101	0.70594	0.98445	0.097735	-0.40838	-0.76807	-0.90458	-0.79242	-0.72999	-0.66249	-0.54469	-0.44565	-0.32129	-0.29271	-0.2162	-0.11955	0.0021108	0.027657	-2.0345
947.09	0.035992	-0.022038	-0.0585	-0.11423	-0.15404	0.054448	-0.21636	-0.23843	-0.20283	-0.18284	-0.13037	0.23971	0.45116	0.85097	0.73379	-0.045325	-0.48358	-0.82154	-0.93419	-0.82595	-0.75384	-0.65791	-0.53937	-0.44893	-0.33474	-0.30197	-0.21583	-0.11312	-0.015763	0.030062	-2.1701
946.02	0.027825	-0.0021583	-0.064236	-0.10401	-0.14529	0.054509	-0.20136	-0.22008	-0.17803	-0.17455	0.040022	0.27358	0.45972	0.89987	0.64743	0.022121	-0.54405	-0.86671	-0.98021	-0.85894	-0.77877	-0.66199	-0.56464	-0.46644	-0.34343	-0.29676	-0.20278	-0.11177	-0.0084578	0.032453	-2.2279
941.24	0.034567	-0.0044779	-0.070259	-0.11653	-0.14513	0.059146	-0.19549	-0.22282	-0.16401	-0.0042782	0.15754	0.24965	0.55931	0.88839	0.75585	-0.028642	-0.61357	-0.91908	-1.0327	-0.87009	-0.79241	-0.6872	-0.55952	-0.4737	-0.3429	-0.29748	-0.21638	-0.11234	0.016844	0.024724	-2.3376
944.32	0.022119	-0.0044633	-0.058671	-0.098618	-0.14465	0.055478	-0.19561	-0.21155	-0.17522	-0.063973	0.076077	0.2236	0.66249	0.70933	0.69226	-0.037011	-0.63833	-0.93694	-1.0387	-0.88837	-0.78902	-0.68328	-0.57044	-0.45106	-0.33496	-0.28619	-0.20628	-0.11865	-0.0060313	0.019923	-2.3894
948.79	0.015469	-0.025818	-0.072122	-0.10767	-0.13328	0.048294	-0.18937	-0.20732	-0.16114	0.029728	0.10257	0.21418	0.65937	0.86536	0.63685	-0.070479	-0.65874	-0.95849	-1.0609	-0.89092	-0.7941	-0.7159	-0.56696	-0.46993	-0.33715	-0.29274	-0.22558	-0.13139	-0.0059998	0.019045	-2.4275
948.47	0.014656	-0.0013881	-0.055993	-0.10533	-0.13867	0.064753	-0.18563	-0.21224	-0.16743	-0.11465	0.23691	0.18912	0.71586	0.74611	0.61967	-0.011605	-0.66139	-0.97612	-1.0682	-0.91814	-0.81839	-0.6953	-0.58779	-0.46201	-0.3614	-0.30627	-0.22721	-0.13291	-0.000324	0.026101	-2.4579
943.04	0.025442	0.0039785	-0.063625	-0.11711	-0.13231	0.05294	-0.18976	-0.21184	-0.16447	-0.04697	0.15721	0.23232	0.67145	0.84659	0.64946	-0.087823	-0.65463	-0.96955	-1.0572	-0.9175	-0.82149	-0.69846	-0.56323	-0.47198	-0.35589	-0.28658	-0.2144	-0.11361	-0.0019585	0.015223	-2.4915
946.56	0.026988	-0.022052	-0.058533	-0.10236	-0.15056	0.052743	-0.1822	-0.19324	-0.15292	-0.12339	0.048982	0.31538	0.74956	0.84345	0.65577	-0.04535	-0.65949	-0.96508	-1.068	-0.91157	-0.80801	-0.69336	-0.56989	-0.46942	-0.34626	-0.28789	-0.22377	-0.13021	-0.01008	0.019876	-2.4595
940.81	0.027153	-0.0044785	-0.060518	-0.11099	-0.13711	0.055681	-0.18178	-0.21071	-0.16093	-0.098456	0.067357	0.32575	0.58389	0.77627	0.7299	-0.054121	-0.67492	-0.97621	-1.073	-0.91035	-0.82344	-0.7102	-0.58057	-0.45925	-0.35294	-0.31115	-0.22513	-0.12133	0.00049242	0.036581	-2.4488
942.94	0.017211	-0.0037007	-0.060381	-0.098762	-0.14666	0.052946	-0.19973	-0.20536	-0.14096	-0.24346	0.13021	0.24077	0.57447	0.86273	0.72826	-0.062441	-0.69045	-0.97923	-1.0744	-0.9066	-0.82078	-0.69183	-0.57846	-0.46228	-0.34759	-0.30091	-0.22541	-0.127	-0.026441	0.01286	-2.4153
947.3	0.031885	-0.019741	-0.067383	-0.11897	-0.14509	0.0709	-0.1988	-0.2028	-0.1528	-0.063772	0.21031	0.32351	0.68453	0.71509	0.8642	-0.10428	-0.70183	-0.97732	-1.0672	-0.894	-0.8194	-0.7045	-0.57342	-0.46258	-0.3558	-0.29162	-0.21188	-0.11754	-0.0027616	0.020644	-2.4458
948.68	0.029383	-0.024292	-0.067284	-0.10769	-0.16002	0.059548	-0.19548	-0.19604	-0.1596	-0.18255	0.066798	0.28955	0.67551	0.81765	0.61953	-0.036841	-0.67335	-0.9335	-1.0563	-0.89186	-0.78939	-0.70764	-0.55354	-0.45302	-0.35001	-0.28092	-0.19597	-0.1181	-0.00032392	0.012782	-2.4381
944.43	0.021293	-0.016732	-0.064343	-0.14005	-0.1509	0.049387	-0.21621	-0.22532	-0.18147	-0.26012	0.15701	0.18151	0.50089	0.86937	0.60485	-0.011655	-0.63096	-0.94379	-1.0324	-0.87982	-0.78893	-0.66981	-0.56799	-0.45506	-0.3425	-0.29092	-0.21565	-0.1268	-0.033733	0.022281	-2.3422
946.02	0.031108	0.00013868	-0.078002	-0.091279	-0.13814	0.06492	-0.21356	-0.23384	-0.17178	-0.149	0.093899	0.10564	0.58067	0.91584	0.76075	-0.10442	-0.5311	-0.8511	-0.95928	-0.84628	-0.76673	-0.66784	-0.55271	-0.45348	-0.33436	-0.29201	-0.19965	-0.10066	-0.00032484	0.033239	-2.1487
940.38	0.033771	-0.0060229	-0.058103	-0.14626	-0.15155	0.046107	-0.22481	-0.23199	-0.20585	-0.21842	0.094462	0.080932	0.52736	0.8088	0.739	0.21744	-0.44385	-0.79422	-0.91745	-0.81656	-0.74145	-0.66344	-0.53681	-0.42932	-0.31659	-0.29615	-0.20085	-0.11766	-0.0027819	0.016054	-1.9904
942.83	0.050978	-0.01676	-0.062014	-0.11714	-0.16191	0.042505	-0.23723	-0.24764	-0.20532	-0.17514	0.040192	0.106	0.36421	0.79065	0.72834	0.12376	-0.3777	-0.73296	-0.8575	-0.78736	-0.72744	-0.63656	-0.5458	-0.43552	-0.32184	-0.28505	-0.20111	-0.10918	-0.0060377	0.034141	-1.8213
948.79	0.034292	-0.014365	-0.055972	-0.11799	-0.16891	0.048294	-0.23042	-0.25416	-0.22196	-0.30138	0.066756	0.1137	0.55486	0.80163	0.70639	0.23233	-0.29296	-0.67472	-0.81964	-0.73699	-0.69806	-0.61922	-0.51778	-0.41583	-0.31454	-0.27615	-0.19673	-0.094458	-0.0059998	0.03784	-1.6325
948.47	0.036759	-0.021243	-0.066492	-0.12517	-0.17342	0.043117	-0.25255	-0.27767	-0.23763	-0.24204	-0.040646	0.23099	0.45854	0.87363	0.81966	0.17349	-0.2656	-0.64725	-0.78744	-0.73472	-0.68149	-0.59442	-0.48938	-0.41274	-0.28825	-0.28178	-0.19367	-0.11813	-0.010061	0.015135	-1.4103
943.47	0.027078	-0.023657	-0.063597	-0.14259	-0.19583	0.020726	-0.25236	-0.28239	-0.26869	-0.33723	-0.15787	0.28272	0.43671	0.83018	0.77156	0.28438	-0.20529	-0.59674	-0.72864	-0.7107	-0.66015	-0.585	-0.53825	-0.40031	-0.28599	-0.26341	-0.19392	-0.11876	-0.019084	0.031752	-1.1774
943.9	0.04105	-0.025183	-0.072496	-0.14492	-0.17874	0.01289	-0.25989	-0.29687	-0.2576	-0.28587	-0.076807	0.063792	0.34765	0.84583	0.86735	0.2758	-0.14676	-0.55125	-0.68634	-0.66388	-0.62767	-0.5462	-0.52684	-0.38227	-0.28283	-0.249	-0.18834	-0.10831	-0.0027716	0.022292	-0.96582
940.92	0.035403	-0.027571	-0.056442	-0.13257	-0.20086	0.017292	-0.27604	-0.30839	-0.28043	-0.31246	-0.11316	-0.028869	0.35683	0.7119	0.7824	0.31909	-0.068248	-0.46838	-0.61134	-0.60915	-0.59253	-0.52524	-0.46451	-0.38185	-0.27688	-0.24342	-0.174	-0.095248	-0.0003266	0.037367	-0.70256
944.11	0.040217	-0.018271	-0.087086	-0.14728	-0.20107	0.02419	-0.28427	-0.33494	-0.31004	-0.3114	-0.14875	-0.070833	0.31524	0.66145	0.83219	0.54622	-0.0014748	-0.39202	-0.55799	-0.57413	-0.55675	-0.52682	-0.41909	-0.37082	-0.26761	-0.23307	-0.16871	-0.094926	0.014346	0.031732	-0.4074
946.87	0.028621	-0.028162	-0.077123	-0.14685	-0.20762	0.0076489	-0.3002	-0.33477	-0.33023	-0.33602	-0.22902	0.046822	0.27405	0.84317	0.6991	0.47721	0.099666	-0.32066	-0.48587	-0.53368	-0.53427	-0.49021	-0.43853	-0.36246	-0.25852	-0.22843	-0.15415	-0.090207	-0.0019491	0.024576	-0.17769
947.41	0.043355	-0.025855	-0.084358	-0.15312	-0.22267	0.018905	-0.30765	-0.36935	-0.36206	-0.42935	-0.22889	-0.028671	0.096773	0.69107	0.838	0.56961	0.18694	-0.2503	-0.41437	-0.48031	-0.48107	-0.44737	-0.41445	-0.35174	-0.25083	-0.22672	-0.16266	-0.093857	0.0077983	0.041816	0.1493
942.73	0.018861	-0.032128	-0.099404	-0.15069	-0.22556	-0.0010247	-0.31835	-0.38013	-0.38034	-0.59383	-0.3111	-0.20576	0.16199	0.5261	0.72842	0.50471	0.26507	-0.16709	-0.3394	-0.44461	-0.45607	-0.43533	-0.41651	-0.3543	-0.24752	-0.23102	-0.15483	-0.098783	-0.0076732	0.033355	0.44886
943.47	0.032014	-0.019052	-0.092017	-0.15615	-0.2227	-0.032345	-0.31428	-0.39363	-0.40513	-0.39699	-0.39185	-0.22243	0.016333	0.52569	0.78904	0.76651	0.35175	-0.086045	-0.2676	-0.38336	-0.40903	-0.40649	-0.36512	-0.32398	-0.24429	-0.20542	-0.14608	-0.077908	-0.010114	0.018367	0.74228
941.98	0.02877	-0.020619	-0.096228	-0.17158	-0.22843	-0.021068	-0.36225	-0.43329	-0.43561	-0.56008	-0.50065	-0.31556	-0.080798	0.52652	0.77279	0.73383	0.4377	-0.0016542	-0.18548	-0.33652	-0.39355	-0.38195	-0.34892	-0.29684	-0.22721	-0.20177	-0.13453	-0.078774	-0.018298	0.031015	1.0417
940.38	0.032946	-0.011413	-0.11594	-0.17667	-0.23511	-0.022849	-0.3759	-0.4544	-0.47726	-0.55247	-0.5015	-0.44279	-0.13771	0.29425	0.73023	0.8454	0.51014	0.066428	-0.1273	-0.27684	-0.34819	-0.3599	-0.3455	-0.30304	-0.22608	-0.1774	-0.15522	-0.056555	-0.01342	0.038179	1.4292
943.9	0.035292	-0.033622	-0.11551	-0.17203	-0.26736	-0.029722	-0.40889	-0.47543	-0.52408	-0.59309	-0.60759	-0.44956	-0.16144	0.27713	0.71005	0.79153	0.59509	0.16619	-0.024245	-0.21662	-0.29461	-0.32086	-0.29717	-0.27594	-0.20857	-0.19421	-0.11388	-0.057829	0.010272	0.034888	1.7726
944.21	0.036102	-0.019804	-0.11466	-0.18792	-0.27264	-0.043622	-0.43548	-0.50854	-0.56151	-0.68673	-0.68832	-0.38211	-0.34718	0.21299	0.7797	0.86735	0.65655	0.23568	0.036358	-0.17176	-0.25832	-0.2839	-0.28989	-0.26125	-0.20244	-0.17669	-0.12873	-0.069683	0.0037504	0.027795	2.1842
942.51	0.01969	-0.032905	-0.123	-0.19864	-0.28748	-0.064601	-0.41867	-0.53709	-0.58686	-0.67087	-0.67155	-0.76206	-0.61485	-0.01121	0.62359	0.82655	0.71301	0.31971	0.13371	-0.10179	-0.22172	-0.26344	-0.26806	-0.24302	-0.19977	-0.17541	-0.097566	-0.092113	-0.0035901	0.028633	2.5335
943.47	0.022139	-0.033637	-0.096888	-0.19923	-0.2845	-0.075846	-0.41977	-0.52924	-0.61449	-0.77263	-0.91386	-0.71918	-0.64656	-0.32373	0.47432	0.90185	0.76994	0.41944	0.21676	-0.036558	-0.15711	-0.22127	-0.24145	-0.21842	-0.17834	-0.16411	-0.11158	-0.065282	-0.00522	0.030178	2.9282
939.96	0.038744	-0.035306	-0.12822	-0.20318	-0.28466	-0.055172	-0.44436	-0.56219	-0.63804	-0.75839	-0.73661	-0.82329	-0.7626	-0.30081	0.32695	0.96465	0.794	0.44196	0.26361	-0.0078275	-0.13023	-0.20612	-0.22234	-0.18744	-0.16987	-0.14878	-0.099406	-0.060307	0.0062236	0.031872	3.3167
937.83	0.01482	-0.029207	-0.1375	-0.20364	-0.31414	-0.10431	-0.46998	-0.58715	-0.71837	-0.91472	-1.1186	-0.9522	-0.81311	-0.50302	0.27492	0.71155	0.81541	0.52261	0.33147	0.050871	-0.085989	-0.16948	-0.18993	-0.18297	-0.14661	-0.13873	-0.099631	-0.057454	0.00049242	0.015307	3.6444
