13991	6	3	91	23	748	1	4	8	4.077	128	4096	10	0	0	0	0	521.92	951.99	1.4472e+006	0.11679	0.17486	40.287	0	0	1	0	0	0	11	0	0
963.45	0.029466	-0.021665	-0.1001	-0.15599	-0.20149	-0.2263	-0.26924	-0.29649	-0.25684	-0.2605	-0.068736	0.11429	0.41119	0.68317	0.81308	0.1433	-0.37524	-0.73665	-0.85836	-0.76232	-0.68552	-0.603	-0.46166	-0.38451	-0.25544	-0.24488	-0.14616	-0.076613	0.036487	0.05949	-2.0604
962.81	0.025452	-0.02544	-0.09857	-0.15687	-0.2183	-0.24947	-0.27466	-0.29111	-0.26546	-0.24395	-0.086411	0.19687	0.56199	0.86423	0.7965	0.25944	-0.29751	-0.65359	-0.78732	-0.72553	-0.65048	-0.5607	-0.43773	-0.34658	-0.25784	-0.20534	-0.14472	-0.076664	0.024521	0.045639	-1.7955
959.31	0.044162	-0.0043932	-0.10133	-0.15902	-0.23319	-0.25894	-0.29221	-0.31135	-0.27183	-0.17766	0.037178	0.28039	0.52428	0.88315	0.97994	0.31862	-0.21714	-0.60464	-0.73591	-0.6816	-0.61249	-0.55533	-0.43462	-0.35503	-0.23939	-0.20766	-0.13214	-0.041151	0.034238	0.079884	-1.5305
957.61	0.053161	-0.0081821	-0.11271	-0.18681	-0.22566	-0.24911	-0.30779	-0.3303	-0.30939	-0.3378	-0.2199	0.12327	0.41372	0.80576	0.75776	0.39419	-0.15993	-0.56714	-0.70811	-0.66697	-0.61516	-0.5398	-0.45112	-0.33806	-0.23384	-0.19942	-0.12928	-0.058788	0.044746	0.052094	-1.2459
958.77	0.0069337	-0.042922	-0.12456	-0.21328	-0.26328	-0.29761	-0.33826	-0.35866	-0.32368	-0.32899	-0.44991	-0.084	0.31773	0.65496	0.70522	0.2855	-0.099003	-0.49453	-0.64221	-0.64036	-0.58669	-0.52348	-0.4011	-0.33765	-0.24326	-0.1937	-0.14378	-0.087949	0.0021513	0.019483	-0.93995
958.99	0.022314	-0.030072	-0.12852	-0.1834	-0.26851	-0.28641	-0.33743	-0.37616	-0.34829	-0.5641	-0.20187	-0.067408	0.25405	0.5681	0.79968	0.43524	-0.032674	-0.42852	-0.59235	-0.59611	-0.55251	-0.50357	-0.41514	-0.33198	-0.23649	-0.20616	-0.12832	-0.080622	0.014187	0.040398	-0.65995
958.03	0.0045075	-0.035394	-0.12625	-0.21659	-0.26701	-0.30384	-0.34604	-0.37493	-0.35636	-0.37128	-0.23752	-0.092368	0.19856	0.69494	0.86074	0.57727	0.056059	-0.35869	-0.51944	-0.54256	-0.52532	-0.47601	-0.39434	-0.30832	-0.24643	-0.19776	-0.12304	-0.070463	0.021432	0.051296	-0.30395
955.69	0.03864	-0.021841	-0.11935	-0.20058	-0.25706	-0.29857	-0.36199	-0.39429	-0.39129	-0.27106	-0.10483	0.040401	0.15915	0.71245	0.81104	0.6455	0.11792	-0.30288	-0.47006	-0.51216	-0.49721	-0.44656	-0.37404	-0.2698	-0.18716	-0.16845	-0.10322	-0.060371	0.027121	0.056862	-0.016466
952.71	0.027353	-0.033312	-0.13339	-0.20673	-0.29068	-0.33138	-0.38507	-0.41321	-0.41348	-0.39872	-0.25666	-0.22628	0.20768	0.65913	0.77897	0.64751	0.19549	-0.24179	-0.39993	-0.46769	-0.46449	-0.42721	-0.35941	-0.27305	-0.17348	-0.16111	-0.10121	-0.050998	0.036089	0.053922	0.26944
952.5	0.018392	-0.056131	-0.12698	-0.20915	-0.28453	-0.32887	-0.38667	-0.43502	-0.43532	-0.61022	-0.40829	-0.30973	0.031555	0.46085	0.71853	0.57223	0.26872	-0.17377	-0.35227	-0.43679	-0.44386	-0.43146	-0.34211	-0.29403	-0.21632	-0.19104	-0.11677	-0.072344	0.0029744	0.038333	0.60698
953.56	0.0085993	-0.039356	-0.13889	-0.20892	-0.3108	-0.34486	-0.41649	-0.46105	-0.46354	-0.62644	-0.50579	-0.1511	-0.0004729	0.52377	0.68312	0.76408	0.31743	-0.099544	-0.30418	-0.40952	-0.43302	-0.39781	-0.3512	-0.25915	-0.17333	-0.15389	-0.1019	-0.04434	0.02153	0.046862	0.92773
952.29	-0.0028043	-0.056902	-0.16161	-0.22817	-0.29436	-0.34963	-0.41099	-0.4681	-0.48747	-0.48348	-0.39056	-0.30981	-0.016499	0.46095	0.72733	0.7735	0.40233	-0.053129	-0.22525	-0.3489	-0.36901	-0.36513	-0.31452	-0.25387	-0.14727	-0.1478	-0.078729	-0.033362	0.02964	0.042242	1.2849
950.69	0.028227	-0.053189	-0.12642	-0.2333	-0.33307	-0.37094	-0.42913	-0.50112	-0.52175	-0.61986	-0.58771	-0.38552	-0.096741	0.46967	0.77194	0.85874	0.46908	0.027079	-0.15465	-0.28737	-0.34167	-0.34328	-0.31188	-0.2277	-0.14827	-0.13386	-0.085863	-0.028994	0.019169	0.042313	1.6298
947.18	0.011936	-0.064859	-0.16167	-0.24927	-0.31557	-0.37144	-0.4528	-0.52077	-0.53462	-0.53712	-0.54507	-0.39533	-0.17764	0.32776	0.79222	0.80293	0.52987	0.09304	-0.10179	-0.25979	-0.31408	-0.31868	-0.28045	-0.21641	-0.13825	-0.13277	-0.074466	-0.031321	0.029802	0.055805	1.9761
946.86	0.016041	-0.051111	-0.16415	-0.24935	-0.3362	-0.37677	-0.47657	-0.53309	-0.58324	-0.72445	-0.66184	-0.51292	-0.30658	0.20011	0.66184	0.75264	0.56969	0.13815	-0.04837	-0.2211	-0.28451	-0.29707	-0.27101	-0.22296	-0.14887	-0.14627	-0.083868	-0.043174	0.015996	0.033067	2.3467
949.95	0.00045807	-0.051707	-0.16684	-0.27865	-0.35112	-0.43776	-0.50235	-0.57894	-0.63119	-0.64577	-0.73118	-0.64504	-0.36178	0.19946	0.62494	0.725	0.61139	0.22065	0.0096983	-0.18846	-0.23642	-0.26947	-0.25903	-0.19078	-0.13935	-0.11582	-0.087489	-0.047459	0.013514	0.031396	2.7172
951.33	-0.0044401	-0.069141	-0.18432	-0.26005	-0.36393	-0.45093	-0.51982	-0.57326	-0.64738	-0.86499	-0.78367	-0.70256	-0.46549	0.079952	0.65873	0.89172	0.67734	0.26692	0.065199	-0.13115	-0.21054	-0.24415	-0.23492	-0.20419	-0.15193	-0.12195	-0.084251	-0.042969	-0.0010673	0.031352	3.1255
951.86	-0.010148	-0.059211	-0.17375	-0.2686	-0.33799	-0.40325	-0.51271	-0.60755	-0.68355	-0.80527	-0.77432	-0.73553	-0.55337	-0.1107	0.58905	0.81576	0.71399	0.32714	0.13683	-0.079932	-0.17213	-0.20663	-0.20157	-0.16786	-0.11052	-0.091176	-0.048452	-0.013501	0.021571	0.044601	3.517
950.27	0.014349	-0.065408	-0.17807	-0.28093	-0.36078	-0.43761	-0.54014	-0.63518	-0.69015	-0.85747	-0.77562	-0.67827	-0.64258	-0.0074565	0.56398	0.90111	0.77243	0.40802	0.21579	-0.028838	-0.12607	-0.17535	-0.17419	-0.14879	-0.079092	-0.078709	-0.043861	-0.0039372	0.028895	0.068134	3.8735
951.33	-0.0011756	-0.058484	-0.1811	-0.30357	-0.3666	-0.41814	-0.51148	-0.6554	-0.72515	-0.82266	-0.81045	-0.93636	-0.58574	-0.38098	0.34661	0.96722	0.80941	0.46538	0.27261	0.012298	-0.099583	-0.15854	-0.16212	-0.13977	-0.097799	-0.081772	-0.037591	-0.024556	0.0086404	0.043847	4.2147
954.63	0.01103	-0.06435	-0.17887	-0.29621	-0.39277	-0.43819	-0.55127	-0.65073	-0.77302	-1.0223	-1.0923	-1.0746	-0.92727	-0.42717	0.44908	0.77997	0.8323	0.50676	0.32469	0.054055	-0.058672	-0.12568	-0.14264	-0.10959	-0.084724	-0.069714	-0.032812	-0.014195	0.031181	0.053814	4.6514
956.44	-0.0092863	-0.061958	-0.17532	-0.28778	-0.39026	-0.46655	-0.5736	-0.67113	-0.80868	-1.0625	-1.0991	-1.1888	-0.94946	-0.53705	0.18955	0.6283	0.84114	0.56073	0.37622	0.10652	-0.023627	-0.092376	-0.11955	-0.090161	-0.074842	-0.048425	-0.026561	-0.010505	0.017444	0.033514	5.0516
958.77	0.0077431	-0.070872	-0.19248	-0.29807	-0.39195	-0.46626	-0.56995	-0.68388	-0.83835	-0.95068	-1.1141	-1.3434	-1.0665	-0.66189	0.17187	0.79324	0.85027	0.61501	0.44186	0.15703	0.0089034	-0.065762	-0.076861	-0.077955	-0.056755	-0.031892	-0.010293	0.031178	0.038269	0.057455	5.4547
957.82	0.012615	-0.064136	-0.19267	-0.28972	-0.39852	-0.46759	-0.58708	-0.72535	-0.90947	-1.0105	-1.1684	-1.2866	-1.0755	-0.81254	0.2065	0.85235	0.86152	0.64819	0.48672	0.18802	0.040622	-0.045188	-0.080081	-0.064436	-0.03441	-0.041314	-0.009531	0.018041	0.027061	0.056736	5.8379
957.92	0.011802	-0.079251	-0.18625	-0.29283	-0.42229	-0.50095	-0.6096	-0.74926	-0.86612	-1.1197	-1.2658	-1.2284	-1.37	-0.97028	0.094547	0.8106	0.86142	0.70381	0.53108	0.23548	0.088975	-0.016293	-0.042354	-0.051631	-0.036646	-0.035833	-0.024203	0.0092608	0.019025	0.045096	6.2226
960.05	0.0012631	-0.085865	-0.22254	-0.32355	-0.44248	-0.51865	-0.64431	-0.79389	-0.90427	-1.2515	-1.4045	-1.5732	-1.6291	-1.3225	-0.2493	0.6758	0.8252	0.7091	0.56887	0.25408	0.10618	-0.0030798	-0.039908	-0.040346	-0.027624	-0.029509	-0.0048848	0.0041326	0.018982	0.043449	6.6208
960.9	-0.012477	-0.090311	-0.21517	-0.34128	-0.44297	-0.53186	-0.67076	-0.80116	-0.93581	-1.3761	-1.5005	-1.7702	-1.6991	-1.463	-0.395	0.56726	0.83165	0.75289	0.60882	0.307	0.14323	0.047942	-0.014805	-0.029149	-0.030577	-0.017782	-0.01489	-0.00024812	0.018966	0.034131	7.0113
960.26	0.0012613	-0.060203	-0.20973	-0.32975	-0.44766	-0.5476	-0.67196	-0.84637	-0.9842	-1.4273	-1.6253	-1.7714	-1.8512	-1.6686	-0.52409	0.65071	0.82342	0.77732	0.64819	0.35209	0.17891	0.072677	0.0032148	-0.0052331	-0.011232	-0.0076477	0.012836	0.020185	0.031801	0.041891	7.4516
958.24	0.0061262	-0.057306	-0.20777	-0.31787	-0.44949	-0.54276	-0.69445	-0.84495	-1.0094	-1.2538	-1.6376	-1.8332	-1.9585	-1.8457	-0.4047	0.57714	0.80757	0.81065	0.69395	0.39114	0.21891	0.091808	0.033072	0.0011513	0.0074045	0.00093923	0.014407	0.02754	0.031064	0.055161	7.8176
957.07	0.0020779	-0.06797	-0.20402	-0.33556	-0.44827	-0.54943	-0.68927	-0.8772	-1.057	-1.4573	-1.7017	-2.1342	-2.2398	-2.1087	-0.75851	0.33603	0.76453	0.82537	0.72315	0.42247	0.25012	0.12497	0.044123	0.031572	0.015635	0.0079886	0.014424	0.016591	0.044771	0.059887	8.1593
957.07	-0.016582	-0.077052	-0.22324	-0.35051	-0.46416	-0.57001	-0.72996	-0.91643	-1.1065	-1.6257	-1.9856	-2.1342	-2.471	-2.3061	-1.0515	0.21931	0.72291	0.83823	0.74461	0.46082	0.27313	0.13653	0.056707	0.030771	0.032076	0.011902	0.015971	0.020982	0.023061	0.03815	8.5327
956.12	-0.012539	-0.093035	-0.24429	-0.3485	-0.4823	-0.56543	-0.76087	-0.93177	-1.1316	-1.6778	-2.0409	-2.3274	-2.609	-2.6406	-1.2251	0.094317	0.68998	0.85281	0.77144	0.48799	0.29881	0.15404	0.088255	0.049231	0.03884	0.0048599	0.025271	0.019539	0.027914	0.034302	8.8894
953.88	-0.015823	-0.07579	-0.21756	-0.35878	-0.48875	-0.58655	-0.75206	-0.96608	-1.173	-1.7409	-2.0011	-2.3829	-2.7351	-2.9479	-1.4528	0.0025291	0.62654	0.85653	0.79709	0.51925	0.34011	0.19087	0.10503	0.056574	0.038183	0.033157	0.035413	0.035746	0.015878	0.049181	9.252
950.91	-0.0068904	-0.081361	-0.20938	-0.35832	-0.49028	-0.58407	-0.77642	-0.97957	-1.2016	-1.8226	-2.1503	-2.524	-2.9923	-3.0287	-1.5007	-0.089792	0.58499	0.87216	0.83275	0.56116	0.36993	0.22307	0.12278	0.081727	0.072149	0.052964	0.051862	0.037332	0.053152	0.042303	9.5661
946.97	0.0061991	-0.063342	-0.20458	-0.34868	-0.50034	-0.6021	-0.78421	-0.98284	-1.23	-1.8216	-2.0516	-2.6603	-3.1175	-3.2888	-1.8553	-0.18288	0.50572	0.86365	0.85326	0.59046	0.39713	0.24571	0.1376	0.09582	0.069428	0.046061	0.060673	0.032308	0.036308	0.052679	9.8999
945.91	-0.0085693	-0.078727	-0.2121	-0.35464	-0.48036	-0.62447	-0.78662	-1.0196	-1.2784	-1.9599	-2.413	-2.9068	-3.3952	-3.7001	-2.1015	-0.41086	0.43177	0.86288	0.85577	0.59956	0.41604	0.26103	0.13616	0.099169	0.06497	0.051661	0.03102	0.03901	0.020079	0.035457	10.205
945.06	-0.0052908	-0.091825	-0.21148	-0.38045	-0.5103	-0.61895	-0.81099	-1.0408	-1.3233	-1.9361	-2.532	-3.1616	-3.5677	-3.9034	-2.339	-0.57168	0.35272	0.86453	0.86663	0.62797	0.44293	0.27214	0.16416	0.11223	0.082435	0.042982	0.040442	0.042752	0.033125	0.014261	10.504
942.18	-0.0028344	-0.085187	-0.20725	-0.36563	-0.49571	-0.63565	-0.81729	-1.0651	-1.3368	-2.019	-2.5487	-3.2893	-3.7405	-4.0598	-2.5037	-0.7174	0.26516	0.84538	0.86927	0.64852	0.4612	0.30234	0.18383	0.13046	0.08724	0.066978	0.049987	0.040651	0.022608	0.037176	10.836
939.63	0.0037683	-0.078481	-0.21678	-0.36583	-0.49526	-0.64087	-0.83793	-1.0941	-1.3688	-2.0845	-2.5827	-3.2898	-3.9942	-4.2478	-2.8967	-0.78731	0.19332	0.84506	0.87553	0.6885	0.48751	0.33514	0.20035	0.1406	0.10118	0.071946	0.078468	0.057914	0.039869	0.048346	11.089
935.9	0.0054432	-0.064865	-0.20045	-0.36085	-0.5171	-0.60834	-0.84281	-1.1148	-1.4011	-2.1186	-2.6747	-3.2095	-4.0671	-4.5313	-2.7937	-1.0292	0.11386	0.84053	0.88842	0.71426	0.51136	0.34577	0.21804	0.15589	0.1184	0.07063	0.074828	0.057395	0.028517	0.041393	11.335
935.59	-0.0061738	-0.062565	-0.22427	-0.34971	-0.50553	-0.6568	-0.85466	-1.1315	-1.4372	-2.0763	-2.9207	-3.3719	-4.3701	-4.9611	-3.1737	-1.3707	-0.0015546	0.8066	0.87697	0.71536	0.51234	0.34589	0.21409	0.13711	0.10009	0.069853	0.040851	0.034198	0.021123	0.028702	11.511
936.22	0.010418	-0.049371	-0.21184	-0.38726	-0.51692	-0.65197	-0.86794	-1.1267	-1.4544	-2.1007	-3.0366	-3.5308	-4.7093	-5.2162	-3.4359	-1.3272	-0.076838	0.79465	0.87559	0.73277	0.54119	0.34819	0.2244	0.14111	0.099256	0.09222	0.061368	0.039414	0.042479	0.045348	11.727
934.31	-0.004521	-0.057224	-0.18194	-0.37355	-0.50079	-0.65067	-0.86046	-1.147	-1.4645	-2.286	-3.0701	-3.5806	-4.8088	-5.5101	-3.6194	-1.5178	-0.15653	0.79979	0.88445	0.7505	0.55531	0.36752	0.24903	0.166	0.11094	0.07396	0.067035	0.043995	0.035977	0.036693	11.909
932.6	-0.017017	-0.08218	-0.20198	-0.37181	-0.50624	-0.64746	-0.87363	-1.1565	-1.4767	-2.2125	-3.0119	-3.6808	-4.7521	-5.7147	-3.6791	-1.6746	-0.23075	0.77397	0.88685	0.76129	0.58563	0.38091	0.24706	0.18273	0.11651	0.09097	0.071126	0.055345	0.042645	0.04632	12.09
929.84	0.0013026	-0.039584	-0.1754	-0.34377	-0.4823	-0.65027	-0.85451	-1.1493	-1.5176	-2.2277	-3.0209	-3.6832	-4.8811	-5.8212	-4.0005	-1.774	-0.30889	0.76039	0.87687	0.78587	0.59473	0.4118	0.27046	0.17833	0.12378	0.10575	0.06736	0.047975	0.027875	0.028879	12.241
929.41	-0.012063	-0.044278	-0.18949	-0.34231	-0.5098	-0.63378	-0.88827	-1.1951	-1.5494	-2.4021	-3.1411	-3.7191	-5.0639	-6.0516	-4.1798	-1.9036	-0.37168	0.74042	0.8749	0.78022	0.57621	0.40434	0.25844	0.17099	0.10922	0.082412	0.05545	0.032918	0.020434	0.025695	12.316
931.11	-0.0095388	-0.054309	-0.17351	-0.34088	-0.4889	-0.62028	-0.87348	-1.1757	-1.5736	-2.415	-3.2721	-3.9426	-5.2758	-6.3085	-4.3493	-2.123	-0.46808	0.70733	0.86148	0.7865	0.5988	0.41718	0.2612	0.17808	0.12054	0.079044	0.06091	0.046404	0.019572	0.029635	12.444
930.58	-0.00036632	-0.050447	-0.16702	-0.33703	-0.48464	-0.63563	-0.88793	-1.164	-1.5649	-2.5375	-3.3378	-3.8851	-5.3198	-6.4502	-4.3518	-2.2099	-0.51775	0.71567	0.86592	0.78867	0.60894	0.41402	0.27186	0.17983	0.11523	0.083115	0.07446	0.040407	0.02041	0.040832	12.498
929.09	0.015511	-0.047411	-0.1508	-0.32218	-0.47177	-0.60043	-0.84122	-1.1898	-1.5603	-2.4116	-3.3798	-3.8315	-5.4843	-6.3954	-4.5186	-2.265	-0.55486	0.69738	0.87046	0.8157	0.6189	0.45469	0.28445	0.19744	0.13928	0.1018	0.07856	0.055554	0.030383	0.035299	12.56
925.36	0.018931	-0.035079	-0.14644	-0.30558	-0.4335	-0.59487	-0.86565	-1.1391	-1.565	-2.2994	-3.3108	-3.9929	-5.424	-6.5274	-4.7151	-2.3518	-0.6167	0.69398	0.85812	0.81554	0.63043	0.44114	0.28153	0.19823	0.12747	0.086012	0.07328	0.043662	0.027177	0.041866	12.577
923.98	0.021479	-0.028077	-0.13588	-0.31907	-0.47804	-0.61441	-0.82792	-1.1839	-1.5697	-2.4249	-3.3341	-3.9301	-5.5064	-6.5454	-4.6953	-2.3985	-0.62509	0.68525	0.85543	0.80812	0.61822	0.4341	0.27951	0.18444	0.11915	0.090196	0.052572	0.034628	0.028883	0.029864	12.539
925.26	0.013898	-0.056216	-0.18786	-0.31619	-0.47647	-0.62687	-0.85718	-1.164	-1.5795	-2.4564	-3.458	-4.0191	-5.5647	-6.569	-4.7067	-2.5418	-0.62919	0.67188	0.8487	0.79666	0.61162	0.4241	0.27831	0.18749	0.12053	0.078733	0.058897	0.03458	0.013042	0.024203	12.553
925.36	-0.012956	-0.050731	-0.15472	-0.35357	-0.47915	-0.61615	-0.8906	-1.1904	-1.5762	-2.43	-3.4851	-4.1388	-5.6136	-6.7398	-4.7151	-2.4207	-0.65313	0.64697	0.84385	0.79656	0.60499	0.40611	0.25794	0.16843	0.098874	0.063337	0.03011	0.017917	0.0080501	0.019384	12.554
924.62	-0.0070863	-0.04764	-0.17804	-0.32699	-0.46766	-0.62464	-0.86245	-1.1789	-1.5726	-2.4842	-3.3594	-3.9617	-5.6346	-6.5899	-4.7367	-2.4141	-0.652	0.65104	0.83184	0.79375	0.59972	0.40729	0.25897	0.16111	0.10437	0.05285	0.028533	0.028542	0.013051	0.014576	12.58
922.06	-0.0054227	-0.054056	-0.16275	-0.33116	-0.4937	-0.61925	-0.88283	-1.1614	-1.5794	-2.4387	-3.295	-3.921	-5.4599	-6.5754	-4.5978	-2.213	-0.63221	0.67421	0.85244	0.79855	0.61456	0.42042	0.26376	0.16654	0.10466	0.056247	0.047066	0.014941	0.010583	0.033958	12.529
920.78	-0.012176	-0.054917	-0.17546	-0.32426	-0.49163	-0.62635	-0.86056	-1.1814	-1.5888	-2.3546	-3.2719	-3.9696	-5.4261	-6.5763	-4.64	-2.3981	-0.65804	0.65732	0.83211	0.79706	0.60717	0.40727	0.26495	0.14264	0.086937	0.053883	0.010172	0.0012651	0.00056947	-0.0031145	12.405
922.38	-0.020573	-0.050898	-0.17764	-0.29922	-0.46147	-0.64662	-0.86611	-1.1569	-1.5973	-2.3418	-3.432	-3.9885	-5.5077	-6.5403	-4.7571	-2.4632	-0.66106	0.66864	0.81795	0.77751	0.59624	0.38599	0.25143	0.13658	0.063526	0.041601	-0.0010747	-0.0086147	0.0022361	-0.017608	12.281
924.73	-0.019682	-0.061733	-0.17057	-0.31637	-0.47583	-0.62368	-0.87717	-1.1805	-1.59	-2.3968	-3.3314	-4.1674	-5.568	-6.5646	-4.7897	-2.3275	-0.63536	0.64564	0.82301	0.78158	0.58816	0.3756	0.22719	0.13458	0.05563	0.035014	0.01893	-0.010106	0.0030638	0.0017216	12.202
925.58	-0.017985	-0.045243	-0.14641	-0.31039	-0.47722	-0.62222	-0.8639	-1.1694	-1.5614	-2.4033	-3.2366	-3.949	-5.4063	-6.5014	-4.6338	-2.3857	-0.59918	0.65835	0.83097	0.76448	0.58023	0.38636	0.22617	0.12866	0.064851	0.045507	0.01172	-0.0063136	-0.0060858	-0.0039006	12.073
925.79	-0.0045626	-0.050708	-0.1232	-0.27779	-0.43877	-0.57597	-0.82397	-1.1237	-1.5347	-2.3593	-3.1625	-3.9138	-5.4133	-6.4101	-4.4011	-2.1352	-0.55022	0.69898	0.85218	0.79102	0.5842	0.39738	0.24644	0.14518	0.0687	0.041448	0.0093181	0.0012568	0.0088787	0.0057317	11.879
924.51	0.0088695	-0.037461	-0.13332	-0.27736	-0.44578	-0.56789	-0.81262	-1.1178	-1.4952	-2.2318	-3.1301	-3.7817	-5.3052	-6.2227	-4.4518	-2.1813	-0.4938	0.70705	0.85732	0.7809	0.57844	0.38168	0.23376	0.12715	0.069567	0.031778	0.0053305	0.0020161	-0.0060928	0.011365	11.676
926.43	-0.00036796	-0.035821	-0.13552	-0.25322	-0.39743	-0.53482	-0.81561	-1.1154	-1.4921	-2.375	-3.1053	-3.9368	-5.3189	-6.2261	-4.4426	-2.0131	-0.4597	0.70116	0.86188	0.7543	0.56577	0.36211	0.20727	0.11118	0.02696	0.0025885	-0.014644	-0.020678	-0.021862	0.0049247	11.481
930.69	-0.0095432	-0.056668	-0.1563	-0.28846	-0.47006	-0.59323	-0.81885	-1.1112	-1.4797	-2.3468	-3.1003	-3.7823	-5.2864	-6.1001	-4.2804	-2.0811	-0.42961	0.70413	0.86109	0.74399	0.54849	0.34941	0.20471	0.11725	0.043743	0.0017719	0.0068841	-0.027358	-0.015146	-0.0030813	11.256
933.46	-0.00036519	-0.052621	-0.1386	-0.26422	-0.43155	-0.55541	-0.78861	-1.1054	-1.4634	-2.2191	-3.0183	-3.6604	-5.0583	-5.8796	-4.0734	-1.8526	-0.35283	0.72666	0.85618	0.74948	0.54686	0.33736	0.18958	0.094746	0.030589	0.011402	-0.014534	-0.017521	-0.012629	-0.00068409	11.053
935.27	0.0021263	-0.035483	-0.13096	-0.27739	-0.38102	-0.52801	-0.76858	-1.0705	-1.4353	-2.3267	-2.9035	-3.5854	-4.9507	-5.6823	-3.8979	-1.6954	-0.2989	0.74281	0.85139	0.71731	0.53363	0.32487	0.16829	0.080636	0.024411	-0.0038461	-0.018462	-0.0092448	-0.004375	0.012027	10.819
933.99	0.0012984	-0.031653	-0.12786	-0.24876	-0.40688	-0.51204	-0.76114	-1.0728	-1.4151	-2.1574	-2.9711	-3.3691	-4.7206	-5.4958	-3.762	-1.544	-0.21072	0.77107	0.86904	0.7388	0.52379	0.33124	0.18383	0.095512	0.025211	0.0025676	-0.027991	-0.022761	-0.0093249	0.016022	10.535
934.41	0.011269	-0.021562	-0.13026	-0.243	-0.40579	-0.52761	-0.78086	-1.0723	-1.4017	-2.1047	-2.9334	-3.5037	-4.596	-5.4043	-3.6014	-1.5176	-0.17373	0.76105	0.84981	0.71113	0.48861	0.29978	0.15475	0.070052	0.0060633	-0.012672	-0.036689	-0.045996	-0.014264	-0.008635	10.255
937.07	0.0021222	-0.044688	-0.15606	-0.26882	-0.41275	-0.55152	-0.73015	-1.0186	-1.363	-2.1675	-2.8888	-3.3665	-4.5911	-5.2276	-3.5824	-1.4196	-0.075132	0.78342	0.87009	0.69463	0.47749	0.29809	0.13985	0.044509	0.0052817	-0.031831	-0.031847	-0.048858	-0.030646	0.0072476	10.015
938.25	0.0095668	-0.033825	-0.13381	-0.26608	-0.41944	-0.53858	-0.74308	-1.0075	-1.3282	-2.1133	-2.8309	-3.3539	-4.4959	-5.0357	-3.2878	-1.4689	-0.025231	0.79644	0.86353	0.68101	0.45666	0.26653	0.13165	0.022407	-0.0076846	-0.040579	-0.052308	-0.048051	-0.040451	-0.0006806	9.6749
939.63	0.0062475	-0.030691	-0.12546	-0.26409	-0.40264	-0.51944	-0.73507	-0.98725	-1.3333	-2.0845	-2.7906	-3.2559	-4.2296	-4.7386	-2.9933	-1.195	0.061233	0.81798	0.86148	0.66642	0.45518	0.26361	0.13066	0.046018	-0.0023448	-0.024567	-0.032548	-0.030082	-0.019097	0.021462	9.4408
938.25	-0.016088	-0.030736	-0.13218	-0.25645	-0.36541	-0.49921	-0.69926	-0.9732	-1.299	-1.8729	-2.6047	-3.1253	-4.0488	-4.6006	-2.8747	-0.89903	0.12746	0.8463	0.86197	0.66145	0.44372	0.24715	0.10999	0.025673	-0.026742	-0.038181	-0.055463	-0.058506	-0.026508	-0.0030565	9.1054
938.67	0.014526	-0.011433	-0.095393	-0.2403	-0.37694	-0.49811	-0.70355	-0.93603	-1.2543	-1.9236	-2.5582	-3.1746	-3.9414	-4.4374	-2.724	-0.87313	0.18943	0.84242	0.84986	0.62884	0.4152	0.22513	0.082679	0.0019926	-0.029778	-0.050141	-0.052284	-0.042804	-0.012559	0.0024856	8.776
941.65	-0.002836	-0.035242	-0.13902	-0.25553	-0.3928	-0.49479	-0.70439	-0.95422	-1.2676	-1.926	-2.5772	-3.2574	-3.8641	-4.2548	-2.6102	-0.73476	0.25961	0.8293	0.86353	0.6099	0.39695	0.2177	0.080818	0.0084961	-0.03576	-0.076246	-0.061547	-0.051597	-0.04439	-0.00699	8.4723
942.18	0.0078795	-0.039065	-0.14383	-0.2434	-0.36119	-0.48057	-0.68715	-0.93173	-1.2324	-1.8736	-2.4766	-3.205	-3.7081	-3.9956	-2.5387	-0.52258	0.32614	0.85061	0.85603	0.57991	0.37416	0.17478	0.06639	-0.0077731	-0.062309	-0.068249	-0.06858	-0.046362	-0.010062	0.010362	8.1563
942.71	0.021877	-0.014459	-0.10392	-0.24246	-0.36278	-0.49946	-0.66534	-0.91251	-1.2066	-1.958	-2.4032	-2.9167	-3.5523	-3.8009	-2.2311	-0.45459	0.37309	0.84665	0.84699	0.56858	0.3522	0.17216	0.055972	-0.028899	-0.066067	-0.072184	-0.063832	-0.049309	-0.014138	0.011146	7.8373
940.91	0.016967	-0.024492	-0.11226	-0.22133	-0.3518	-0.4629	-0.64822	-0.87437	-1.1625	-1.7649	-2.2183	-2.669	-3.3403	-3.5109	-2.025	-0.36215	0.45605	0.86485	0.84628	0.58239	0.35045	0.17081	0.057682	-0.037095	-0.060115	-0.088256	-0.075749	-0.058341	-0.010075	0.019852	7.4909
940.37	0.024409	-0.030667	-0.10663	-0.22225	-0.36278	-0.45968	-0.63785	-0.86671	-1.1301	-1.7059	-2.066	-2.6874	-3.261	-3.4244	-1.8244	-0.37085	0.49786	0.84614	0.82102	0.54029	0.30947	0.15493	0.016091	-0.043633	-0.067754	-0.085914	-0.078938	-0.071786	-0.024812	0.010382	7.1051
942.5	0.025176	-0.032137	-0.11533	-0.22575	-0.353	-0.43338	-0.63871	-0.85988	-1.1244	-1.6508	-2.1785	-2.715	-3.1323	-3.3044	-1.6978	-0.18374	0.54713	0.84335	0.80282	0.50436	0.2838	0.10005	-0.0087039	-0.068735	-0.092644	-0.11276	-0.10152	-0.093928	-0.023122	-0.0085609	6.7661
944.1	0.024313	-0.034384	-0.098903	-0.22536	-0.3336	-0.44308	-0.60631	-0.84301	-1.0677	-1.6736	-2.1388	-2.5338	-2.9169	-3.0265	-1.5552	-0.1834	0.59976	0.85236	0.78826	0.47983	0.25758	0.075597	-0.015069	-0.079167	-0.10991	-0.12606	-0.11546	-0.067791	-0.032865	-0.0022495	6.4134
945.06	0.017714	-0.030515	-0.12069	-0.22593	-0.31181	-0.42526	-0.5889	-0.80973	-1.047	-1.527	-2.1097	-2.4219	-2.7445	-2.7995	-1.4227	0.11232	0.6405	0.82978	0.76572	0.45317	0.23241	0.06297	-0.036557	-0.09449	-0.11131	-0.11245	-0.10986	-0.087001	-0.018988	0.0056134	6.0409
944.63	0.014434	-0.018262	-0.11182	-0.20133	-0.32805	-0.42285	-0.58459	-0.78008	-0.99814	-1.4254	-1.8499	-2.1287	-2.4793	-2.5926	-1.1177	0.19687	0.69674	0.85101	0.76219	0.43986	0.22367	0.047931	-0.035778	-0.10832	-0.12045	-0.13392	-0.11383	-0.099651	-0.016552	0.0071897	5.6774
943.25	0.022689	-0.019825	-0.12173	-0.18567	-0.33749	-0.43043	-0.59233	-0.76742	-0.97764	-1.4702	-1.8167	-2.0644	-2.3616	-2.34	-0.84833	0.30711	0.73919	0.84356	0.73609	0.39228	0.18294	0.016146	-0.066954	-0.11904	-0.14262	-0.14207	-0.11164	-0.090139	-0.011683	0.00011028	5.2683
944.1	0.033358	0.010113	-0.10215	-0.22218	-0.30317	-0.39439	-0.55894	-0.76754	-0.94776	-1.52	-1.887	-1.9784	-2.3191	-2.1857	-0.76021	0.18851	0.77098	0.81411	0.69192	0.35389	0.14417	-0.014857	-0.086029	-0.15545	-0.15916	-0.1594	-0.14759	-0.099707	-0.032865	0.0024714	4.9197
946.86	0.029161	-0.01975	-0.10589	-0.20165	-0.3014	-0.39324	-0.54284	-0.71594	-0.90749	-1.371	-1.6573	-1.9139	-2.2479	-1.8679	-0.75799	0.35653	0.79786	0.78485	0.65813	0.31408	0.11327	-0.02233	-0.11201	-0.15742	-0.16096	-0.15735	-0.14481	-0.092756	-0.036018	0.01345	4.5013
947.82	0.02012	-0.02355	-0.099322	-0.18001	-0.31536	-0.37033	-0.52403	-0.70795	-0.89018	-1.3951	-1.5481	-1.8366	-1.964	-1.7703	-0.53097	0.4572	0.81888	0.7754	0.62961	0.2784	0.10595	-0.064853	-0.1254	-0.17666	-0.18192	-0.16115	-0.15793	-0.10671	-0.03111	0.0040286	4.148
948.78	0.043833	-0.0013888	-0.089533	-0.19252	-0.27674	-0.36995	-0.50906	-0.66605	-0.82301	-1.2748	-1.4391	-1.7845	-1.6806	-1.5534	-0.40003	0.69225	0.83581	0.76856	0.61196	0.27476	0.074627	-0.064787	-0.13955	-0.17325	-0.18249	-0.17204	-0.13828	-0.095523	-0.0010701	0.02517	3.7476
947.61	0.038152	-0.0059753	-0.11066	-0.18164	-0.26014	-0.34183	-0.48305	-0.62726	-0.7967	-1.0979	-1.2975	-1.5184	-1.5861	-1.3478	-0.20035	0.80257	0.84978	0.73053	0.58098	0.22794	0.051481	-0.087399	-0.15958	-0.18882	-0.18121	-0.17384	-0.15016	-0.10525	-0.01244	0.021282	3.391
948.46	0.032388	-0.0097888	-0.087947	-0.1783	-0.28753	-0.33892	-0.4674	-0.61458	-0.7484	-1.1733	-1.1889	-1.4585	-1.4319	-1.1235	-0.19148	0.65881	0.8579	0.67881	0.52169	0.17472	-0.010215	-0.12733	-0.19595	-0.21773	-0.218	-0.19976	-0.17031	-0.10146	-0.03677	0.01421	2.9358
951.33	0.026577	-0.028792	-0.097346	-0.17697	-0.25735	-0.34912	-0.46069	-0.60306	-0.73059	-1.0343	-1.23	-1.3622	-1.4276	-1.0326	-0.0088246	0.67362	0.84001	0.6319	0.4777	0.12219	-0.049296	-0.16186	-0.21039	-0.24365	-0.21509	-0.20309	-0.16979	-0.12252	-0.01239	0.025883	2.5972
951.65	0.039621	-0.028022	-0.095702	-0.18086	-0.2688	-0.31708	-0.43704	-0.55134	-0.69148	-0.97472	-1.1136	-1.3033	-1.3069	-0.78601	-0.043502	0.79078	0.84537	0.59546	0.42744	0.086928	-0.068432	-0.16845	-0.23484	-0.25404	-0.2338	-0.21799	-0.15963	-0.12837	-0.021282	0.013384	2.2131
951.97	0.029004	-0.015839	-0.10291	-0.15787	-0.24475	-0.30146	-0.41947	-0.56242	-0.65472	-0.90672	-0.99723	-1.1276	-1.0741	-0.73811	0.31171	0.79889	0.84508	0.55301	0.36874	0.053366	-0.098719	-0.21408	-0.25611	-0.26602	-0.24274	-0.21792	-0.18444	-0.12685	-0.031784	0.018061	1.8364
949.52	0.036439	-0.0082517	-0.066063	-0.15273	-0.25161	-0.29705	-0.39928	-0.52836	-0.62134	-0.79877	-0.91036	-0.9716	-0.98046	-0.53298	0.39939	0.843	0.83516	0.51381	0.31252	0.013162	-0.14536	-0.23712	-0.275	-0.28284	-0.25768	-0.22874	-0.19193	-0.11537	-0.029435	0.010282	1.4505
948.78	0.038922	0.0024274	-0.078228	-0.14254	-0.22242	-0.2843	-0.39123	-0.50456	-0.62729	-0.68053	-0.91108	-0.89701	-0.77222	-0.30232	0.4171	0.91095	0.80674	0.45711	0.26329	-0.036454	-0.17989	-0.26814	-0.30061	-0.28953	-0.26617	-0.24788	-0.20534	-0.13614	-0.028647	0.0079424	1.0022
950.59	0.023329	-0.027291	-0.07969	-0.15731	-0.21577	-0.29067	-0.36924	-0.47942	-0.59108	-0.91651	-0.92722	-0.84516	-0.69052	-0.25404	0.425	0.72451	0.7762	0.3932	0.19489	-0.079199	-0.22508	-0.28842	-0.31746	-0.30671	-0.27921	-0.24425	-0.1995	-0.14473	-0.043164	0.0079258	0.68756
950.16	0.031511	-0.0021486	-0.092626	-0.1352	-0.21498	-0.2908	-0.36333	-0.45141	-0.55241	-0.77279	-0.90082	-0.69507	-0.54634	-0.14274	0.5033	0.91801	0.74349	0.34068	0.13244	-0.12375	-0.26114	-0.326	-0.33423	-0.327	-0.29138	-0.25304	-0.20582	-0.12931	-0.026986	0.0063663	0.31202
948.78	0.031557	-0.011311	-0.087917	-0.13857	-0.21529	-0.26441	-0.33726	-0.42623	-0.5384	-0.66356	-0.76789	-0.57887	-0.51498	-0.031376	0.69527	0.75955	0.70096	0.26245	0.071561	-0.17692	-0.28153	-0.34898	-0.35217	-0.34201	-0.29256	-0.25972	-0.20612	-0.13614	-0.024592	0.017339	-0.057532
945.91	0.039862	-0.0213	-0.086565	-0.1374	-0.18557	-0.2331	-0.31464	-0.40728	-0.49545	-0.58041	-0.56375	-0.56383	-0.38752	0.096402	0.67122	0.80403	0.63911	0.1999	0.0050896	-0.23229	-0.32895	-0.38849	-0.38746	-0.35844	-0.29874	-0.28428	-0.22082	-0.13656	-0.036055	0.010322	-0.41804
944.95	0.034973	-0.003694	-0.072058	-0.12718	-0.1795	-0.25418	-0.30657	-0.40688	-0.47012	-0.53839	-0.54636	-0.42989	-0.22648	0.26452	0.69809	0.85551	0.57166	0.12887	-0.074085	-0.28658	-0.36545	-0.40227	-0.4006	-0.36286	-0.31267	-0.28219	-0.22574	-0.15078	-0.038535	0.005614	-0.75886
946.33	0.020152	-0.024353	-0.054952	-0.13495	-0.1846	-0.22432	-0.31145	-0.41681	-0.4452	-0.70784	-0.46478	-0.56357	-0.12138	0.34402	0.66219	0.76992	0.51172	0.055825	-0.15226	-0.34603	-0.41386	-0.44764	-0.43581	-0.38661	-0.33111	-0.28811	-0.25434	-0.12761	-0.031974	0.016599	-1.0373
946.65	0.030808	-0.02052	-0.067072	-0.12536	-0.18186	-0.21558	-0.27325	-0.3762	-0.40441	-0.57145	-0.3839	-0.44589	-0.13745	0.24808	0.76653	0.51677	0.43224	-0.04391	-0.2142	-0.38133	-0.45062	-0.45918	-0.43805	-0.39134	-0.32419	-0.29198	-0.22768	-0.15199	-0.018956	0.024441	-1.3722
945.59	0.031664	0.0062676	-0.049324	-0.11356	-0.1624	-0.19759	-0.26594	-0.33207	-0.38374	-0.46987	-0.49209	-0.2364	-0.0085386	0.53617	0.71505	0.77898	0.3671	-0.094306	-0.28736	-0.43999	-0.47923	-0.48479	-0.45367	-0.40474	-0.33212	-0.282	-0.20994	-0.12771	-0.0018871	0.021327	-1.628
943.57	0.030909	-0.0044665	-0.054302	-0.09147	-0.15559	-0.17278	-0.26803	-0.32628	-0.33909	-0.53918	-0.21418	-0.14428	0.10461	0.60143	0.7603	0.63687	0.28264	-0.1728	-0.34861	-0.47561	-0.51406	-0.50677	-0.46261	-0.4121	-0.33208	-0.28737	-0.23156	-0.12056	-0.023912	0.020584	-1.9584
942.18	0.044965	-0.01831	-0.063326	-0.10519	-0.15851	-0.16781	-0.25006	-0.31212	-0.3176	-0.33479	-0.27758	-0.051758	0.21808	0.64242	0.86645	0.67168	0.19686	-0.24885	-0.44254	-0.53221	-0.55431	-0.5285	-0.48966	-0.41759	-0.35913	-0.29893	-0.22955	-0.13635	-0.028848	0.0064202	-2.2081
943.78	0.038307	-0.011373	-0.055101	-0.092246	-0.1654	-0.18579	-0.25116	-0.29374	-0.29511	-0.4793	-0.22312	-0.026434	0.16116	0.63335	0.78634	0.62827	0.099115	-0.33714	-0.52107	-0.58965	-0.5936	-0.5695	-0.52312	-0.44448	-0.39566	-0.33098	-0.22367	-0.14206	-0.019013	0.016644	-2.4808
945.91	0.035757	-0.020533	-0.067125	-0.098406	-0.182	-0.17062	-0.24526	-0.28417	-0.27724	-0.44418	-0.29443	-0.06834	0.16885	0.64788	0.88048	0.49188	-0.007207	-0.41535	-0.59512	-0.63219	-0.62678	-0.58493	-0.52115	-0.44429	-0.33428	-0.36272	-0.25211	-0.12396	-0.018158	0.026032	-2.691
947.08	0.029975	-0.018215	-0.058954	-0.11656	-0.15769	-0.17041	-0.21982	-0.26845	-0.24956	-0.32456	-0.15061	0.065933	0.39416	0.71893	0.75748	0.18792	-0.086474	-0.50671	-0.66409	-0.68197	-0.65006	-0.60926	-0.52607	-0.44698	-0.37087	-0.30925	-0.23461	-0.13639	-0.029511	0.016586	-2.8586
947.4	0.03734	-0.014387	-0.081577	-0.094278	-0.15139	-0.18421	-0.22356	-0.25542	-0.23698	-0.21392	-0.034035	0.065911	0.41012	0.82244	0.65275	0.35633	-0.17863	-0.57932	-0.71806	-0.70785	-0.66668	-0.60822	-0.53861	-0.47513	-0.33451	-0.29966	-0.22672	-0.12895	-0.00025834	0.030697	-3.0628
945.91	0.049713	0.016218	-0.050928	-0.091243	-0.14091	-0.15066	-0.20027	-0.23233	-0.21546	-0.19721	-0.070011	0.20878	0.4914	0.82373	0.89793	0.2219	-0.25424	-0.65399	-0.78355	-0.74609	-0.69502	-0.63342	-0.53866	-0.42647	-0.33352	-0.3033	-0.20831	-0.11359	-0.014902	0.03153	-3.2457
947.93	0.040597	0.0039598	-0.062134	-0.10217	-0.14685	-0.18844	-0.21658	-0.23669	-0.20329	-0.34125	-0.02508	0.11616	0.48229	0.76615	0.8264	0.053046	-0.34744	-0.7262	-0.86313	-0.7967	-0.7376	-0.65209	-0.58595	-0.48375	-0.34111	-0.30581	-0.22425	-0.12665	-0.024611	0.015003	-3.4209
951.76	0.033089	-0.0067112	-0.074762	-0.10017	-0.1578	-0.19027	-0.2142	-0.21964	-0.20403	-0.36527	-0.0071286	0.11569	0.45632	0.69952	0.80575	0.069593	-0.40078	-0.75777	-0.89203	-0.80271	-0.74819	-0.65362	-0.51558	-0.46812	-0.35026	-0.29986	-0.21169	-0.1313	-0.0075346	0.036021	-3.4972
953.25	0.021636	-0.027975	-0.069825	-0.11502	-0.16908	-0.1917	-0.22219	-0.22492	-0.19595	-0.38159	-0.01602	0.18217	0.4076	0.80152	0.6574	0.0025308	-0.46847	-0.82548	-0.9368	-0.8475	-0.76136	-0.67665	-0.56689	-0.46257	-0.34296	-0.29939	-0.21679	-0.11639	-0.015596	0.030508	-3.5505
954.2	0.037074	0.0046909	-0.073768	-0.099127	-0.14765	-0.18892	-0.20307	-0.22871	-0.18645	-0.11954	0.072987	0.24858	0.59901	0.8958	0.78639	0.12797	-0.50814	-0.84358	-0.96661	-0.84749	-0.76219	-0.68094	-0.53713	-0.44364	-0.31638	-0.27396	-0.20417	-0.1126	-0.0010641	0.028921	-3.6237
952.71	0.037948	-0.0074643	-0.054584	-0.10876	-0.15143	-0.17543	-0.20565	-0.20575	-0.17664	-0.17044	0.12657	0.16559	0.65601	0.80198	0.70107	0.019276	-0.57488	-0.88625	-1.0028	-0.884	-0.76976	-0.68699	-0.55377	-0.4371	-0.33039	-0.28618	-0.19051	-0.10616	0.0037795	0.044563	-3.6755
953.46	0.032218	-0.021131	-0.073826	-0.1221	-0.15752	-0.18304	-0.21911	-0.21844	-0.17883	-0.10273	0.1621	0.27377	0.57548	0.87271	0.78701	0.044373	-0.60576	-0.92172	-1.0189	-0.89419	-0.79863	-0.69557	-0.5565	-0.45604	-0.31888	-0.28989	-0.21131	-0.11343	-0.010749	0.042969	-3.6892
957.07	0.027228	-0.027863	-0.074347	-0.1413	-0.16663	-0.19179	-0.21678	-0.23523	-0.17429	-0.22016	0.17923	0.20634	0.55738	0.8615	0.66339	-0.080864	-0.62189	-0.94739	-1.0304	-0.87914	-0.79164	-0.68386	-0.55912	-0.44311	-0.32814	-0.27862	-0.20665	-0.10348	-0.014728	0.038924	-3.6603
958.56	0.033665	-0.024797	-0.079027	-0.13087	-0.1602	-0.17693	-0.20816	-0.21888	-0.16322	-0.27024	0.010629	0.27231	0.55651	0.81286	0.67096	-0.089075	-0.63051	-0.9365	-1.0326	-0.87277	-0.77853	-0.69022	-0.5394	-0.45281	-0.32315	-0.27193	-0.19475	-0.10624	0.0021517	0.03964	-3.6557
958.35	0.044206	-0.015733	-0.047068	-0.10498	-0.1523	-0.18211	-0.20444	-0.21493	-0.16325	-0.18625	0.2233	0.405	0.56461	0.95505	0.81741	-0.022466	-0.61227	-0.92558	-1.0374	-0.88213	-0.79851	-0.6747	-0.54188	-0.44971	-0.2971	-0.25948	-0.18399	-0.0953	0.010986	0.050503	-3.6511
955.37	0.05491	-0.011233	-0.047214	-0.10531	-0.1572	-0.16721	-0.19904	-0.20918	-0.1475	-0.018206	0.17065	0.37299	0.66216	0.95802	0.7768	0.019222	-0.62059	-0.93533	-1.0368	-0.89991	-0.801	-0.67432	-0.53017	-0.44149	-0.30851	-0.28147	-0.19618	-0.086794	0.010214	0.053772	-3.6679
954.73	0.055759	-0.0089663	-0.039223	-0.09986	-0.14757	-0.1656	-0.19615	-0.21494	-0.15767	-0.16165	0.055134	0.33998	0.64663	0.92698	0.6391	-0.039291	-0.62822	-0.95487	-1.0521	-0.88798	-0.81108	-0.68471	-0.54393	-0.46024	-0.31845	-0.28401	-0.17384	-0.1052	0.0069969	0.049916	-3.677
957.61	0.026401	0.00013732	-0.063105	-0.12236	-0.17095	-0.19511	-0.2159	-0.2183	-0.17033	-0.14433	0.019519	0.22281	0.59689	0.93999	0.67163	-0.15583	-0.67034	-0.94944	-1.0612	-0.91198	-0.769	-0.69504	-0.55252	-0.43486	-0.31974	-0.27768	-0.19572	-0.11001	0.0093869	0.028042	-3.6709
959.73	0.022296	-0.016465	-0.083721	-0.1315	-0.17321	-0.18869	-0.22444	-0.22899	-0.17612	-0.21955	0.054847	0.22232	0.48432	0.77248	0.57561	-0.055692	-0.65688	-0.96359	-1.065	-0.9058	-0.77916	-0.69844	-0.54659	-0.45944	-0.32723	-0.28643	-0.19914	-0.11196	-0.010679	0.032625	-3.5596
961.86	0.0093319	-0.039017	-0.089907	-0.14451	-0.18249	-0.21558	-0.23219	-0.24043	-0.18343	-0.21907	0.10772	0.18054	0.64977	0.87296	0.61721	-0.08877	-0.64747	-0.96146	-1.0573	-0.90214	-0.78612	-0.69525	-0.5399	-0.44568	-0.31609	-0.29281	-0.20024	-0.10005	-0.017856	0.015558	-3.427
961.22	0.02388	-0.020206	-0.081997	-0.14461	-0.19053	-0.22341	-0.2316	-0.2374	-0.1797	-0.21084	0.04595	0.27156	0.61052	0.84207	0.87503	0.052312	-0.61602	-0.93221	-1.0359	-0.87451	-0.77085	-0.6661	-0.52538	-0.41171	-0.28505	-0.25636	-0.17343	-0.092828	0.013354	0.044941	-3.3082
960.16	0.044123	-0.00061839	-0.072513	-0.12987	-0.17226	-0.20998	-0.2281	-0.23607	-0.19839	-0.12718	0.010612	0.28015	0.58738	0.74852	0.74716	-0.072313	-0.6175	-0.92127	-1.0332	-0.88545	-0.77486	-0.6726	-0.55497	-0.44887	-0.32634	-0.2707	-0.19443	-0.091472	0.015775	0.035706	-3.1878
961.22	0.02388	-0.026235	-0.10192	-0.16184	-0.20811	-0.23451	-0.24735	-0.2629	-0.21433	-0.22761	-0.068896	0.15586	0.45976	0.73195	0.62621	-0.014101	-0.58653	-0.90317	-1.0092	-0.87202	-0.77006	-0.648	-0.53478	-0.43084	-0.29398	-0.24779	-0.1819	-0.082622	0.0069497	0.048034	-2.9394
962.92	0.025449	-0.016412	-0.082647	-0.16937	-0.21213	-0.21705	-0.25291	-0.25687	-0.21319	-0.31084	-0.015859	0.27934	0.60945	0.78562	0.57371	-0.014092	-0.51548	-0.85895	-0.9731	-0.81413	-0.73558	-0.6329	-0.51116	-0.40382	-0.27192	-0.22945	-0.15776	-0.086115	-0.0058498	0.048719	-2.7672
964.09	0.028641	-0.032166	-0.104	-0.17463	-0.22239	-0.24062	-0.28327	-0.27722	-0.23211	-0.29375	-0.095116	0.13892	0.51377	0.73763	0.63289	0.019048	-0.48783	-0.823	-0.93692	-0.82224	-0.70554	-0.62065	-0.48478	-0.38267	-0.26195	-0.24005	-0.15834	-0.075109	0.025288	0.046351	-2.5463
963.88	0.01898	-0.021655	-0.089719	-0.16451	-0.18562	-0.21257	-0.24293	-0.24867	-0.22295	-0.17682	0.098669	0.22136	0.56137	0.90249	0.74427	0.17635	-0.4323	-0.77124	-0.88081	-0.77109	-0.68285	-0.59536	-0.47942	-0.37481	-0.27981	-0.23777	-0.14532	-0.08603	0.013317	0.056379	-2.2965
