13591	5	3	91	26.2	747	1	11	8	2.33	128	4096	10	0	0	0	0	298.24	931.36	1.4109e+006	0.11559	0.10042	40.089	0	0	1	0	0	0	11	0	0
895.31	0.020346	-0.034978	-0.18312	-0.29485	-0.39108	-0.46699	-0.60185	-0.7828	-0.90293	-1.3941	-1.5275	-1.7684	-1.8021	-1.6574	-0.46501	0.64124	0.83564	0.76624	0.6298	0.30691	0.13128	0.02971	-0.047014	-0.052676	-0.047645	-0.044349	-0.025268	-0.010048	0.030222	0.041029	5.9682
892.97	0.028226	-0.040747	-0.16558	-0.27624	-0.40536	-0.48568	-0.62928	-0.81489	-0.93927	-1.3256	-1.5506	-1.8087	-2.0033	-1.6618	-0.57706	0.53569	0.83182	0.79399	0.67499	0.34525	0.16734	0.057238	-0.028593	-0.031366	-0.032552	-0.034395	-0.024506	-0.0077216	0.028576	0.02949	6.324
889.98	0.018724	-0.054719	-0.17905	-0.3	-0.40387	-0.51406	-0.66057	-0.81073	-0.99146	-1.4568	-1.6226	-2.1004	-1.9672	-1.9307	-0.73656	0.54645	0.79329	0.82709	0.70115	0.38228	0.21739	0.068981	0.012755	-0.02114	-0.018999	-0.022719	-0.025419	0.00091445	0.021755	0.052965	6.7207
887.85	0.010898	-0.04914	-0.17516	-0.30241	-0.39151	-0.51807	-0.66297	-0.84202	-1.0155	-1.5147	-1.8082	-2.0517	-2.2038	-2.0801	-0.74761	0.31407	0.78399	0.84664	0.7458	0.43263	0.23159	0.11902	0.023807	0.0046943	-0.010988	-0.015177	-0.016314	0.0080188	0.025276	0.047232	7.0733
882.62	0.023278	-0.033019	-0.18141	-0.288	-0.4283	-0.54438	-0.6767	-0.88086	-1.0668	-1.5785	-2.0594	-2.1539	-2.5194	-2.3409	-0.94828	0.18933	0.75738	0.85723	0.77016	0.45418	0.25275	0.13585	0.041005	0.018611	0.021364	0.005112	0.017957	0.026327	0.044606	0.052563	7.4621
877.82	0.025176	-0.042277	-0.16931	-0.29987	-0.45278	-0.5137	-0.68697	-0.92059	-1.0996	-1.6605	-1.8675	-2.2561	-2.6722	-2.4828	-1.3293	0.20857	0.71702	0.87408	0.81783	0.48576	0.31123	0.16452	0.066955	0.049259	0.034517	0.031609	0.023111	0.033655	0.031699	0.052003	7.8751
873.65	0.021739	-0.054083	-0.16486	-0.3013	-0.4472	-0.54997	-0.72492	-0.93375	-1.1472	-1.8159	-2.0222	-2.6579	-2.9293	-2.8927	-1.5622	0.10907	0.65028	0.88388	0.84439	0.53466	0.35791	0.20332	0.099152	0.068785	0.033861	0.033474	0.038463	0.026597	0.057394	0.044598	8.2924
870.13	0.027182	-0.040983	-0.18401	-0.32501	-0.44901	-0.56069	-0.73863	-0.97715	-1.1935	-1.74	-2.2744	-2.5591	-3.0814	-3.113	-1.5022	-0.13812	0.61593	0.89878	0.86383	0.58543	0.38118	0.22322	0.11513	0.067303	0.057837	0.045668	0.047121	0.042809	0.045246	0.061857	8.699
866.61	0.010268	-0.033629	-0.1936	-0.32546	-0.45766	-0.59043	-0.7716	-1.0103	-1.2487	-1.8307	-2.3914	-2.7437	-3.314	-3.3961	-1.8509	-0.28602	0.54241	0.89486	0.89189	0.61267	0.40463	0.26062	0.13296	0.10117	0.084483	0.052772	0.06097	0.053495	0.044541	0.066396	9.1009
865.22	0.015669	-0.038705	-0.17532	-0.32163	-0.4623	-0.59992	-0.79034	-1.0296	-1.2849	-1.8709	-2.3069	-3.0143	-3.4604	-3.6375	-2.0159	-0.32337	0.45385	0.91907	0.91451	0.64871	0.46233	0.28572	0.17668	0.12612	0.086271	0.071912	0.052518	0.05925	0.066849	0.051902	9.5646
864.36	0.01838	-0.058855	-0.18258	-0.32544	-0.47449	-0.60431	-0.80948	-1.0572	-1.3264	-1.9193	-2.5548	-3.2378	-3.6932	-3.9122	-2.1992	-0.60991	0.3373	0.89433	0.90523	0.67612	0.47421	0.30796	0.20472	0.14309	0.11532	0.082387	0.066265	0.069039	0.05178	0.067428	10.007
865.33	0.0031049	-0.063812	-0.18061	-0.33812	-0.48373	-0.60649	-0.82691	-1.0853	-1.3685	-2.0196	-2.5716	-3.3811	-3.8037	-4.4059	-2.5399	-0.76599	0.23866	0.89239	0.91525	0.69474	0.50791	0.33594	0.22798	0.15267	0.11932	0.10222	0.075597	0.073009	0.053502	0.048462	10.424
868.53	-0.0049516	-0.046063	-0.18171	-0.33774	-0.48195	-0.62599	-0.82885	-1.1183	-1.418	-2.0678	-2.8554	-3.451	-4.2024	-4.7465	-2.9673	-1.1766	0.1381	0.85413	0.89751	0.72066	0.52527	0.37294	0.2358	0.16975	0.13206	0.096664	0.084686	0.068705	0.055961	0.05256	10.842
873.44	-0.0013681	-0.027562	-0.17718	-0.33412	-0.50826	-0.6516	-0.83327	-1.1462	-1.4312	-2.2498	-2.956	-3.4861	-4.4233	-4.9708	-3.2811	-1.3162	0.0013671	0.84745	0.90255	0.74767	0.54144	0.37175	0.2431	0.1723	0.13623	0.098693	0.097762	0.072332	0.060933	0.042057	11.265
879.31	0.0030555	-0.047146	-0.17512	-0.34901	-0.50679	-0.63885	-0.85642	-1.1456	-1.4738	-2.2073	-2.9652	-3.5622	-4.6887	-5.3762	-3.6063	-1.5706	-0.1241	0.80912	0.9082	0.769	0.58619	0.40164	0.28171	0.19729	0.15484	0.12957	0.10216	0.09974	0.064027	0.059519	11.715
887.63	0.00040232	-0.038544	-0.16485	-0.35846	-0.51727	-0.6569	-0.88007	-1.159	-1.485	-2.0868	-2.9948	-3.5915	-4.8166	-5.692	-3.7955	-1.7267	-0.28261	0.77287	0.88563	0.79146	0.60721	0.4246	0.30281	0.23169	0.1824	0.14778	0.13037	0.091699	0.051289	0.059799	12.102
896.49	-0.0030642	-0.038164	-0.18373	-0.36499	-0.50745	-0.64858	-0.88828	-1.1783	-1.557	-2.3537	-3.1452	-3.8395	-5.2114	-6.0912	-4.126	-2.0212	-0.44219	0.70663	0.8417	0.79432	0.62917	0.46009	0.31661	0.23197	0.19336	0.15802	0.12413	0.091577	0.055932	0.05258	12.551
902.78	-0.005625	-0.045921	-0.17481	-0.33827	-0.49361	-0.63133	-0.88608	-1.2252	-1.5355	-2.3373	-3.2456	-3.7864	-5.4455	-6.3921	-4.6454	-2.3342	-0.59865	0.66716	0.84722	0.81796	0.65002	0.48929	0.34109	0.26769	0.20073	0.15609	0.1372	0.095594	0.047021	0.042337	12.964
908.53	-0.0081535	-0.080706	-0.16949	-0.3527	-0.53141	-0.64811	-0.92731	-1.2495	-1.5933	-2.4466	-3.3465	-4.0247	-5.6124	-6.7677	-4.8883	-2.6532	-0.77784	0.58975	0.80875	0.80839	0.65844	0.47836	0.34721	0.25672	0.20891	0.16747	0.129	0.10347	0.053497	0.038798	13.411
915.03	-0.018278	-0.071426	-0.16996	-0.33785	-0.50178	-0.67042	-0.90338	-1.2197	-1.6305	-2.4644	-3.4248	-4.1437	-5.8893	-7.2236	-5.2141	-2.8873	-0.92804	0.57211	0.81102	0.8323	0.69027	0.51471	0.36696	0.27248	0.20977	0.1712	0.13051	0.11958	0.059846	0.047455	13.786
917.06	-0.013157	-0.076006	-0.18462	-0.34614	-0.51173	-0.64298	-0.92183	-1.2638	-1.689	-2.5117	-3.6117	-4.3598	-6.1674	-7.5292	-5.4454	-3.2986	-1.0981	0.50282	0.77883	0.84612	0.69537	0.5291	0.36779	0.28691	0.21632	0.18063	0.1512	0.099453	0.049644	0.044108	14.216
917.91	-0.04106	-0.068045	-0.1761	-0.35155	-0.51217	-0.67279	-0.92098	-1.266	-1.7141	-2.562	-3.7286	-4.373	-6.6187	-7.9175	-5.7818	-3.4347	-1.2582	0.44512	0.74775	0.86272	0.70796	0.5467	0.38713	0.3	0.23249	0.17883	0.17201	0.10852	0.038699	0.031117	14.604
917.16	-0.050406	-0.091002	-0.17207	-0.36415	-0.5043	-0.71451	-0.9752	-1.2971	-1.7566	-2.6607	-3.7409	-4.6884	-6.6823	-8.1465	-6.1462	-3.7507	-1.4546	0.37299	0.72036	0.85038	0.72841	0.55404	0.39975	0.31444	0.23814	0.1945	0.15199	0.11778	0.04628	0.024661	15.013
913.22	-0.065078	-0.09536	-0.18037	-0.35666	-0.52128	-0.67265	-0.9802	-1.3371	-1.8055	-2.5752	-3.943	-4.7869	-7.229	-8.7612	-6.5792	-4.1863	-1.6555	0.31887	0.69134	0.87415	0.74735	0.58587	0.43363	0.33426	0.25091	0.19288	0.15588	0.10524	0.037213	0.029648	15.366
907.47	-0.064635	-0.10315	-0.20768	-0.3838	-0.51807	-0.68506	-0.98006	-1.3658	-1.8414	-2.6359	-3.9961	-5.0011	-7.6446	-9.2167	-6.9753	-4.5559	-1.8864	0.22773	0.64803	0.86914	0.74707	0.58174	0.42808	0.33806	0.26275	0.20731	0.16747	0.10437	0.033209	0.027381	15.73
901.92	-0.068476	-0.10218	-0.2183	-0.33442	-0.54186	-0.70292	-1.0005	-1.3776	-1.9052	-2.9557	-4.1995	-5.1023	-8.0975	-9.617	-7.5303	-4.867	-2.0594	0.16451	0.6325	0.8789	0.77776	0.60899	0.43155	0.33929	0.25643	0.20776	0.17096	0.10889	0.033414	-0.0004602	16.062
896.38	-0.10095	-0.1222	-0.2094	-0.35076	-0.57443	-0.71917	-1.0099	-1.4186	-1.9492	-2.992	-4.3202	-5.3908	-8.4454	-10.039	-8.0645	-5.36	-2.2849	0.095931	0.60613	0.88434	0.78427	0.61893	0.44849	0.36276	0.27637	0.22576	0.17202	0.10097	0.03877	-0.0062668	16.378
890.51	-0.097255	-0.13602	-0.17292	-0.38266	-0.54406	-0.72299	-1.0182	-1.4529	-1.972	-3.0027	-4.4345	-5.6137	-8.818	-10.513	-8.2751	-5.6194	-2.5073	0.024667	0.56318	0.89912	0.81502	0.63988	0.48441	0.36515	0.28944	0.21631	0.16982	0.1095	0.010509	0.013716	16.694
886.89	-0.13267	-0.14882	-0.24014	-0.35452	-0.56439	-0.73982	-1.054	-1.439	-2.0318	-3.0331	-4.5867	-5.771	-9.1378	-10.999	-8.5972	-5.9573	-2.7162	-0.051125	0.52082	0.892	0.80122	0.65587	0.48045	0.36751	0.27449	0.21973	0.16468	0.11074	0.01142	0.0028812	16.986
885.5	-0.15042	-0.16541	-0.23273	-0.36612	-0.54714	-0.72152	-0.99215	-1.5217	-1.9932	-3.0197	-4.8336	-5.78	-9.4364	-11.247	-8.9832	-6.4172	-2.8555	-0.12536	0.49927	0.90151	0.82134	0.67386	0.48545	0.38884	0.28865	0.2133	0.17747	0.10062	0.014912	-0.008021	17.258
883.47	-0.1534	-0.17891	-0.27316	-0.37378	-0.57039	-0.7464	-1.0418	-1.481	-2.0606	-3.1542	-4.7678	-6.099	-9.717	-11.529	-9.4893	-6.4681	-3.0615	-0.17954	0.44645	0.87829	0.83183	0.6593	0.48146	0.3828	0.27636	0.22397	0.17202	0.096096	0.015818	-0.03327	17.555
883.69	-0.16303	-0.21001	-0.24361	-0.37198	-0.53201	-0.74158	-1.0603	-1.5231	-2.0936	-3.2628	-4.9396	-6.1334	-9.9477	-11.783	-9.5523	-6.6472	-3.209	-0.24544	0.41729	0.8835	0.83077	0.66719	0.51201	0.39485	0.28844	0.2324	0.17784	0.10876	0.014074	-0.020649	17.781
884.86	-0.17773	-0.20646	-0.27792	-0.42083	-0.53512	-0.78512	-1.054	-1.5349	-2.0891	-3.1402	-4.8947	-6.2241	-9.969	-12.186	-9.8099	-7.0442	-3.3605	-0.3082	0.37694	0.89134	0.83138	0.67613	0.49856	0.39519	0.29694	0.22616	0.17258	0.10149	-0.0094263	-0.029018	17.989
885.5	-0.19514	-0.22103	-0.25523	-0.39672	-0.55668	-0.75767	-1.0435	-1.5961	-2.121	-3.1379	-4.9774	-6.2375	-9.9704	-12.254	-10.017	-7.3004	-3.4957	-0.35525	0.35762	0.8916	0.83335	0.69618	0.51266	0.40788	0.30319	0.22177	0.17079	0.093502	-0.0050734	-0.041583	18.181
886.78	-0.19923	-0.23051	-0.29719	-0.39361	-0.58161	-0.73251	-1.0257	-1.5013	-2.1513	-3.2515	-5.0373	-6.4614	-9.9904	-12.578	-10.272	-7.3439	-3.6038	-0.39547	0.33146	0.87411	0.85356	0.6818	0.51277	0.40556	0.29227	0.23919	0.18055	0.094158	-0.0015968	-0.049064	18.389
887.42	-0.22534	-0.23606	-0.29179	-0.41707	-0.53643	-0.74401	-1.0697	-1.4985	-2.0981	-3.113	-5.0241	-6.3314	-9.7426	-12.637	-10.274	-7.5274	-3.7376	-0.45068	0.28741	0.88607	0.83497	0.69022	0.52597	0.39836	0.30979	0.23311	0.17125	0.099618	-0.025008	-0.058238	18.538
887.42	-0.25071	-0.27116	-0.29611	-0.41792	-0.59261	-0.76251	-1.0526	-1.4588	-2.1256	-3.122	-5.0432	-6.4209	-10.026	-12.884	-10.618	-7.7433	-3.8239	-0.49508	0.27584	0.87348	0.8324	0.68755	0.52003	0.407	0.30979	0.23142	0.17292	0.09646	-0.032811	-0.067448	18.694
886.67	-0.22816	-0.24688	-0.31883	-0.42846	-0.59788	-0.74	-1.0982	-1.5205	-2.0481	-3.3064	-5.0092	-6.5428	-10.241	-12.997	-10.832	-7.9388	-3.9179	-0.54456	0.25953	0.86522	0.84681	0.70775	0.5315	0.41857	0.3036	0.24345	0.17557	0.087057	-0.031104	-0.079236	18.798
884.22	-0.26128	-0.29425	-0.35783	-0.44071	-0.59667	-0.7597	-1.0931	-1.517	-2.0354	-3.2335	-5.0519	-6.516	-10.226	-13.067	-10.955	-7.8525	-3.9634	-0.547	0.24532	0.8613	0.86719	0.7115	0.54575	0.418	0.30363	0.23819	0.17187	0.098393	-0.017266	-0.068534	18.912
881.02	-0.28426	-0.30683	-0.32522	-0.43719	-0.61802	-0.79786	-1.0987	-1.4859	-1.9991	-3.1447	-4.9353	-6.4586	-10.177	-13.149	-10.976	-7.9898	-3.9848	-0.55365	0.24871	0.88074	0.87293	0.71319	0.5426	0.423	0.30555	0.24161	0.17166	0.087616	-0.041784	-0.087335	18.987
876.64	-0.28391	-0.32902	-0.35568	-0.50978	-0.6452	-0.85896	-1.1412	-1.5659	-2.0057	-2.9491	-4.9309	-6.5361	-10.002	-13.146	-10.833	-7.9659	-4.0038	-0.533	0.24995	0.89606	0.87122	0.71133	0.56592	0.41375	0.31605	0.23597	0.15985	0.084856	-0.041994	-0.087771	19.059
871.41	-0.28383	-0.30855	-0.422	-0.48779	-0.61901	-0.81702	-1.2333	-1.5964	-1.9218	-2.8096	-4.7558	-6.229	-10.149	-12.964	-10.737	-7.9588	-3.9355	-0.54185	0.2666	0.8877	0.87384	0.73829	0.53304	0.4259	0.31712	0.23825	0.18458	0.078129	-0.056375	-0.076361	19.059
864.58	-0.28787	-0.33612	-0.43242	-0.44724	-0.72262	-0.99817	-1.364	-1.6675	-1.9439	-2.7573	-4.6265	-6.1496	-9.8324	-12.787	-10.784	-7.8648	-3.8603	-0.49107	0.30604	0.91318	0.89128	0.73864	0.55031	0.43192	0.30805	0.2358	0.18005	0.06983	-0.033678	-0.083841	19.107
857.31	-0.31295	-0.30264	-0.33868	-0.52479	-0.76323	-0.99609	-1.4134	-1.7683	-1.9811	-2.7713	-4.2992	-6.0256	-9.2217	-12.587	-10.452	-7.6428	-3.7643	-0.45885	0.3343	0.93022	0.89618	0.72737	0.57341	0.42576	0.30315	0.23692	0.15569	0.069603	-0.069868	-0.11922	19.107
850.05	-0.30284	-0.29501	-0.39205	-0.54964	-0.84332	-1.1214	-1.5002	-1.8754	-2.072	-2.4633	-4.0063	-5.4697	-9.1211	-12.134	-10.076	-7.511	-3.6036	-0.39614	0.36563	0.96446	0.91277	0.74475	0.56857	0.42669	0.315	0.22308	0.15963	0.071849	-0.058698	-0.092265	19.053
844.17	-0.30127	-0.33224	-0.47918	-0.57665	-0.79614	-1.2002	-1.7951	-2.0318	-2.1127	-2.6045	-3.8934	-5.3008	-8.2179	-11.108	-8.9932	-6.9394	-3.2757	-0.29	0.4403	0.97212	0.90654	0.75931	0.56272	0.42785	0.31041	0.23085	0.15637	0.066539	-0.060929	-0.10083	19.054
839.36	-0.3104	-0.35313	-0.4874	-0.54946	-1.0856	-1.4281	-1.8467	-2.0462	-2.4536	-2.725	-3.2682	-5.0567	-7.5834	-9.8204	-8.2685	-6.2661	-2.9148	-0.15866	0.53633	0.97864	0.93164	0.76554	0.56236	0.44764	0.3173	0.24914	0.17312	0.06358	-0.050276	-0.10052	19.092
834.01	-0.34218	-0.3962	-0.42622	-0.81563	-1.3357	-1.5692	-1.8248	-2.0602	-2.3167	-2.8198	-3.2892	-4.0224	-6.0408	-8.1701	-6.7887	-5.4355	-2.4154	0.025355	0.6198	1.0184	0.94307	0.76476	0.57499	0.4349	0.30991	0.23815	0.16891	0.060629	-0.081048	-0.13235	19.071
832.41	-0.3475	-0.38218	-0.57246	-0.91396	-1.3961	-1.6708	-1.8777	-2.1967	-2.4785	-2.7091	-3.0303	-3.5148	-4.4581	-6.4057	-5.0183	-4.6982	-1.843	0.18712	0.71617	1.028	0.92117	0.76244	0.57701	0.43482	0.31738	0.22511	0.15946	0.05401	-0.08213	-0.11386	19.065
832.19	-0.30001	-0.41709	-0.60667	-1.0508	-1.5508	-1.7521	-1.964	-2.2047	-2.4133	-2.4678	-2.725	-2.3607	-3.4052	-4.7721	-3.8105	-3.7309	-1.3408	0.34006	0.78422	1.0235	0.91776	0.75313	0.55364	0.41836	0.30456	0.20805	0.15239	0.043078	-0.068279	-0.1005	19.062
831.87	-0.34586	-0.42421	-0.66769	-1.2177	-1.5494	-1.7942	-2.1295	-2.223	-2.2355	-2.1202	-2.2054	-2.3521	-2.6455	-3.447	-3.1873	-2.8785	-0.98214	0.47932	0.86212	1.0325	0.91811	0.73917	0.53756	0.40102	0.28233	0.21174	0.13022	0.043938	-0.087733	-0.13983	19.028
834.33	-0.38858	-0.46289	-0.93109	-1.445	-1.7606	-1.7978	-1.8898	-2.2816	-2.0853	-1.8339	-1.8122	-1.7834	-1.7053	-2.3766	-2.1993	-2.1527	-0.62756	0.60973	0.89826	1.0104	0.8972	0.70002	0.51523	0.37596	0.24892	0.18327	0.09259	0.0018148	-0.12621	-0.18039	18.816
837.75	-0.5288	-0.6633	-1.1422	-1.5407	-1.7816	-1.7924	-1.9673	-2.051	-1.8101	-1.7399	-1.5919	-1.7572	-1.753	-2.1594	-2.082	-2.0486	-0.51068	0.62978	0.89809	0.99195	0.85275	0.66319	0.48886	0.35705	0.2368	0.13689	0.06307	-0.036667	-0.15325	-0.20803	18.656
840.43	-0.60011	-0.7491	-1.1933	-1.4525	-1.7971	-1.8492	-1.9207	-1.761	-1.5869	-1.5523	-1.6374	-1.676	-1.9107	-2.0176	-1.8693	-1.6433	-0.37141	0.67271	0.90309	0.9679	0.81751	0.61968	0.43805	0.29849	0.16796	0.093652	0.03294	-0.071568	-0.21778	-0.27367	18.422
842.89	-0.6656	-0.89728	-1.2943	-1.5456	-1.6665	-1.6179	-1.6036	-1.6168	-1.4919	-1.6051	-1.4311	-1.4732	-1.5613	-1.7067	-1.7562	-1.1651	-0.17128	0.73794	0.94658	0.93384	0.77638	0.59442	0.39658	0.25672	0.12165	0.050702	0.0030032	-0.12623	-0.29201	-0.36367	18.186
844.06	-0.80082	-0.90118	-1.2743	-1.4864	-1.5861	-1.534	-1.504	-1.433	-1.3434	-1.3929	-1.1978	-1.4241	-1.4055	-1.4088	-1.5583	-1.1351	-0.014921	0.79818	0.95134	0.91552	0.75191	0.54675	0.3559	0.21188	0.074875	0.011561	-0.072379	-0.18582	-0.39644	-0.48552	17.949
843.63	-1.0332	-1.0682	-1.1833	-1.3461	-1.4757	-1.5133	-1.3834	-1.323	-1.2424	-1.2313	-1.0373	-1.3118	-1.0446	-1.1675	-1.2756	-0.79516	0.14762	0.87544	0.96573	0.90179	0.71449	0.49829	0.32485	0.16749	0.055414	-0.02841	-0.13556	-0.24655	-0.51067	-0.62051	17.7
841.28	-0.96222	-0.98336	-1.2075	-1.366	-1.3884	-1.4034	-1.2861	-1.2265	-1.1095	-1.0049	-1.1311	-1.07	-1.1472	-1.045	-1.1027	-0.74046	0.26551	0.8935	0.97279	0.85404	0.6533	0.46303	0.26313	0.12607	0.0045579	-0.099757	-0.17023	-0.31387	-0.55508	-0.65227	17.384
840.32	-0.95408	-1.0483	-1.2517	-1.2072	-1.3357	-1.4333	-1.1717	-1.0063	-1.0492	-1.0636	-1.1121	-1.0429	-1.2484	-0.98318	-1.1727	-0.43742	0.35881	0.88476	0.98525	0.81418	0.62152	0.42968	0.23835	0.11983	-0.025227	-0.10611	-0.18363	-0.33842	-0.54381	-0.65479	17.115
839.78	-0.92325	-0.85316	-1.1248	-1.1739	-1.236	-1.2133	-1.0324	-1.0152	-1.0957	-1.0259	-0.93084	-1.0908	-0.99487	-1.1999	-1.1636	-0.34267	0.4156	0.92833	0.95793	0.79094	0.59569	0.38476	0.20623	0.057875	-0.055055	-0.11511	-0.19872	-0.30943	-0.55332	-0.64547	16.86
842.99	-0.98053	-0.95387	-1.0624	-1.1123	-1.126	-1.0218	-0.95662	-0.92863	-1.0055	-0.96468	-1.028	-1.1244	-1.1268	-1.4464	-1.0907	-0.24669	0.45854	0.92479	0.95081	0.76426	0.5619	0.34578	0.17508	0.025847	-0.066722	-0.14312	-0.22868	-0.33069	-0.54757	-0.60776	16.534
850.26	-1.0361	-1.0207	-1.0353	-1.0488	-1.0429	-0.99277	-0.88398	-1.0522	-0.99427	-1.0417	-0.93936	-0.99329	-1.1441	-1.4252	-0.97467	-0.25396	0.51409	0.9082	0.91507	0.73239	0.49458	0.31678	0.13729	-0.0014053	-0.084659	-0.17363	-0.24065	-0.35341	-0.5809	-0.66111	16.231
859.02	-0.92065	-0.96811	-0.92841	-0.96888	-0.92894	-0.85269	-0.92114	-1.0174	-1.047	-1.0029	-1.0088	-1.1034	-1.1058	-1.1378	-1.0511	-0.047	0.55076	0.90945	0.92623	0.68219	0.48688	0.28318	0.1061	-0.0049581	-0.11127	-0.17884	-0.23389	-0.35225	-0.50779	-0.60853	15.953
871.3	-0.75618	-0.83643	-0.78255	-0.83946	-0.85863	-0.8369	-0.85187	-0.97319	-0.86752	-1.0905	-0.89717	-0.9693	-1.169	-1.1478	-0.88487	0.036083	0.56762	0.89474	0.89466	0.64967	0.453	0.25287	0.085598	-0.022472	-0.12038	-0.17201	-0.23654	-0.31995	-0.46442	-0.53685	15.626
886.46	-0.58033	-0.59254	-0.64731	-0.79539	-0.80582	-0.83463	-0.91134	-0.8589	-0.88023	-0.92646	-0.97762	-0.94377	-1.0543	-1.3755	-0.84183	-0.045546	0.59335	0.89241	0.88101	0.65027	0.43241	0.24052	0.084133	-0.035053	-0.11832	-0.16738	-0.22331	-0.29629	-0.407	-0.43296	15.3
899.79	-0.54584	-0.59664	-0.67689	-0.71752	-0.78167	-0.86514	-0.93712	-0.84362	-0.77263	-0.67104	-0.93483	-0.82384	-0.99634	-1.2207	-0.60936	0.14138	0.64842	0.88649	0.85084	0.62555	0.39731	0.22553	0.072012	-0.03283	-0.094307	-0.18323	-0.21589	-0.27399	-0.38215	-0.39269	14.951
912.79	-0.49894	-0.58021	-0.61689	-0.71142	-0.7835	-0.82943	-0.79023	-0.75186	-0.74056	-0.74089	-0.73545	-0.86432	-0.85682	-0.99622	-0.59164	0.24429	0.66016	0.87206	0.84194	0.58604	0.38832	0.20152	0.06439	-0.027326	-0.094531	-0.16091	-0.20633	-0.26702	-0.35985	-0.38384	14.589
926.32	-0.49417	-0.51388	-0.61201	-0.75385	-0.75837	-0.73314	-0.69305	-0.69374	-0.67144	-0.84312	-0.73389	-0.87743	-0.8937	-0.998	-0.583	0.2838	0.68774	0.85135	0.81618	0.54475	0.35806	0.17212	0.028506	-0.064146	-0.14025	-0.17474	-0.2121	-0.25707	-0.35791	-0.37904	14.236
937.18	-0.48512	-0.54115	-0.62536	-0.7411	-0.70631	-0.70625	-0.63422	-0.62276	-0.67392	-0.66145	-0.61665	-0.79946	-0.62291	-1.0671	-0.58505	0.30603	0.6953	0.83886	0.77855	0.5163	0.31501	0.15241	0.04183	-0.063402	-0.12718	-0.18471	-0.22622	-0.2526	-0.33735	-0.36513	13.825
943.35	-0.49594	-0.54836	-0.62695	-0.66843	-0.62286	-0.60157	-0.57426	-0.67147	-0.60756	-0.6059	-0.68462	-0.70161	-0.78053	-1.1483	-0.44133	0.24483	0.71755	0.8238	0.75557	0.48754	0.28639	0.11286	-0.016692	-0.096283	-0.16122	-0.20654	-0.23729	-0.2918	-0.35145	-0.36432	13.397
948.78	-0.54548	-0.54065	-0.59591	-0.56146	-0.50976	-0.56093	-0.57174	-0.60223	-0.61032	-0.64488	-0.63597	-0.79806	-0.84842	-0.97438	-0.38666	0.4537	0.73848	0.8139	0.74893	0.45616	0.27195	0.10054	-0.033257	-0.098964	-0.17689	-0.20457	-0.23126	-0.29234	-0.35674	-0.39199	12.997
949.42	-0.49441	-0.53265	-0.52531	-0.49211	-0.51476	-0.51819	-0.58427	-0.57197	-0.52264	-0.61899	-0.50139	-0.98158	-0.76753	-1.2206	-0.36032	0.52064	0.71458	0.78309	0.69125	0.42475	0.23497	0.074657	-0.045128	-0.1223	-0.17677	-0.21707	-0.25837	-0.30469	-0.39136	-0.41677	12.545
945.91	-0.46095	-0.49635	-0.49162	-0.48439	-0.45771	-0.50622	-0.52773	-0.49148	-0.48078	-0.61278	-0.56609	-1.086	-0.91552	-1.353	-0.35295	0.5479	0.74234	0.78079	0.67831	0.40017	0.21577	0.052364	-0.064393	-0.14219	-0.20162	-0.22421	-0.25542	-0.28953	-0.36678	-0.38376	12.158
940.27	-0.42738	-0.44155	-0.45628	-0.47288	-0.45506	-0.50228	-0.45572	-0.43332	-0.43174	-0.47938	-0.66882	-0.96579	-1.0508	-1.2887	-0.31121	0.42386	0.73295	0.76365	0.65351	0.37371	0.17023	0.013993	-0.072786	-0.15934	-0.19294	-0.2399	-0.2601	-0.28456	-0.32396	-0.32758	11.731
931.54	-0.40304	-0.41459	-0.45479	-0.43045	-0.44662	-0.45323	-0.4205	-0.39132	-0.43737	-0.44065	-0.75711	-1.188	-1.38	-1.2359	-0.37611	0.42784	0.76942	0.75758	0.66751	0.36779	0.17019	0.01922	-0.094477	-0.16248	-0.19859	-0.23571	-0.24983	-0.28948	-0.31708	-0.32188	11.284
919.83	-0.37103	-0.40963	-0.39729	-0.39256	-0.36229	-0.36263	-0.31295	-0.39131	-0.3979	-0.63015	-0.84984	-1.255	-1.4141	-1.4325	-0.32709	0.61549	0.78171	0.76099	0.66086	0.35512	0.1641	-0.021798	-0.1055	-0.16954	-0.21122	-0.22731	-0.24899	-0.26879	-0.30857	-0.31709	10.9
908.64	-0.35167	-0.36446	-0.35075	-0.32615	-0.3249	-0.28037	-0.31045	-0.35734	-0.38814	-0.73542	-1.0379	-1.4015	-1.5155	-1.4418	-0.51266	0.51765	0.79218	0.783	0.67061	0.33842	0.14439	-0.005535	-0.101	-0.16741	-0.20595	-0.2334	-0.23414	-0.24665	-0.29035	-0.2842	10.476
898.3	-0.32806	-0.32189	-0.29167	-0.25868	-0.17061	-0.18308	-0.27789	-0.31796	-0.40826	-0.71698	-1.3145	-1.4354	-1.6178	-1.4584	-0.29821	0.51475	0.82092	0.80481	0.6669	0.34942	0.13169	-0.016161	-0.11808	-0.18554	-0.2139	-0.25445	-0.23766	-0.25495	-0.27485	-0.2792	10.073
889.02	-0.27559	-0.27719	-0.22492	-0.13352	-0.14673	-0.24039	-0.20859	-0.32386	-0.48824	-1.0235	-1.2804	-1.4593	-1.8149	-1.4821	-0.36626	0.50214	0.8381	0.79382	0.67138	0.32793	0.1211	-0.016329	-0.12524	-0.18231	-0.20487	-0.23013	-0.23432	-0.23633	-0.23703	-0.23949	9.6854
883.26	-0.2053	-0.24783	-0.19169	-0.15485	-0.2003	-0.22523	-0.22547	-0.35807	-0.57519	-1.094	-1.1927	-1.5767	-1.8094	-1.5431	-0.41535	0.62288	0.82449	0.77205	0.655	0.30929	0.11415	-0.049558	-0.1414	-0.17916	-0.19648	-0.20617	-0.21826	-0.23946	-0.21854	-0.22759	9.3381
878.99	-0.148	-0.15757	-0.11418	-0.18728	-0.17244	-0.16936	-0.23477	-0.42692	-0.62596	-1.081	-1.1598	-1.6476	-1.7054	-1.5936	-0.52057	0.57144	0.83285	0.78887	0.65735	0.31442	0.11471	-0.044402	-0.13866	-0.18788	-0.20151	-0.20291	-0.21932	-0.20156	-0.18108	-0.17038	8.9498
877.92	-0.10484	-0.11982	-0.10472	-0.18237	-0.17168	-0.20135	-0.24245	-0.48503	-0.67559	-1.0364	-1.403	-1.6225	-1.7075	-1.5783	-0.38967	0.45396	0.82339	0.77674	0.63809	0.3039	0.089766	-0.054363	-0.14655	-0.18723	-0.19686	-0.22279	-0.20863	-0.17546	-0.14361	-0.12657	8.5494
877.39	-0.10136	-0.10751	-0.18162	-0.12929	-0.17275	-0.1809	-0.28205	-0.52636	-0.70467	-1.0003	-1.5974	-1.5511	-1.752	-1.5276	-0.41813	0.42695	0.84834	0.76786	0.63765	0.3059	0.091551	-0.046285	-0.13033	-0.15504	-0.17334	-0.19132	-0.16913	-0.1564	-0.1016	-0.079228	8.1896
876.64	-0.10765	-0.11091	-0.073408	-0.12081	-0.19796	-0.17169	-0.35058	-0.56876	-0.72553	-1.2125	-1.2404	-1.6611	-1.6143	-1.3391	-0.3244	0.75504	0.86567	0.76851	0.63652	0.28887	0.09336	-0.042717	-0.12959	-0.16042	-0.16288	-0.17097	-0.15746	-0.14774	-0.10695	-0.092857	7.8448
876.11	-0.052768	-0.034091	-0.060337	-0.1458	-0.15854	-0.2102	-0.38125	-0.5796	-0.7513	-1.1581	-1.3575	-1.6803	-1.563	-1.478	-0.13631	0.65529	0.87231	0.78209	0.62267	0.29451	0.092552	-0.051766	-0.12795	-0.17013	-0.16707	-0.16423	-0.14995	-0.12384	-0.09033	-0.064079	7.4561
877.28	0.012798	-0.032393	-0.091695	-0.13188	-0.17085	-0.26419	-0.41116	-0.60764	-0.76379	-1.1014	-1.2395	-1.4607	-1.6218	-1.4157	-0.32416	0.70902	0.8563	0.74269	0.59174	0.26227	0.071653	-0.048993	-0.13807	-0.18475	-0.17092	-0.17767	-0.14216	-0.11888	-0.058629	-0.025882	7.0203
878.24	-0.036726	-0.05875	-0.06804	-0.10259	-0.18509	-0.28727	-0.44274	-0.60872	-0.74442	-1.247	-1.3735	-1.649	-1.6113	-1.3539	-0.23928	0.54467	0.85362	0.73159	0.59527	0.25017	0.055147	-0.078651	-0.15078	-0.17059	-0.15852	-0.16041	-0.13358	-0.1028	-0.044545	-0.028391	6.6813
879.74	-0.0013583	-0.045476	-0.050509	-0.11867	-0.20495	-0.30264	-0.43461	-0.61291	-0.74736	-1.08	-1.2071	-1.5198	-1.4005	-1.2399	-0.12638	0.68887	0.85043	0.73315	0.55173	0.22889	0.040379	-0.093799	-0.14282	-0.17378	-0.16069	-0.1627	-0.14681	-0.090672	-0.040097	-0.022431	6.2968
882.19	0.011847	-0.010048	-0.037341	-0.11749	-0.213	-0.28784	-0.43749	-0.6086	-0.72767	-1.0131	-1.1364	-1.4886	-1.4485	-1.2107	-0.023176	0.69601	0.85675	0.7125	0.54105	0.21197	0.037685	-0.082782	-0.14413	-0.16809	-0.15862	-0.14101	-0.13299	-0.10154	-0.037368	-0.0080511	5.9394
884.54	0.029371	0.012904	-0.029448	-0.1308	-0.22294	-0.31121	-0.42573	-0.5862	-0.71654	-0.87385	-1.1429	-1.3499	-1.2981	-1.0708	0.098087	0.90168	0.8718	0.71432	0.52635	0.19968	0.019558	-0.096865	-0.14715	-0.17284	-0.16143	-0.15334	-0.12929	-0.085427	-0.02596	0.0062501	5.5531
884.22	0.054848	0.02274	-0.051119	-0.13255	-0.24309	-0.3271	-0.42017	-0.57602	-0.69003	-1.0472	-1.1626	-1.2696	-1.2382	-0.83177	0.032848	0.79369	0.88684	0.6858	0.50912	0.17538	0.012695	-0.096005	-0.15146	-0.15557	-0.1534	-0.15255	-0.10925	-0.062477	0.0062302	0.038185	5.2137
883.69	0.05752	0.014558	-0.061554	-0.14881	-0.23463	-0.31894	-0.43103	-0.58157	-0.66532	-0.91115	-1.1729	-1.2254	-1.308	-0.82372	0.11686	0.87544	0.88391	0.66671	0.48535	0.16736	-0.0053441	-0.11396	-0.16092	-0.17821	-0.14459	-0.13653	-0.11183	-0.079959	0.0044933	0.034001	4.8909
880.38	0.09125	0.003095	-0.047861	-0.13996	-0.24607	-0.29403	-0.43839	-0.56287	-0.66531	-1.0518	-0.99402	-1.3383	-1.105	-0.66364	0.098551	0.84249	0.87679	0.65803	0.47635	0.14623	-0.012266	-0.1099	-0.15212	-0.16496	-0.1492	-0.12001	-0.10805	-0.045239	0.040348	0.063669	4.5711
875.47	0.058946	0.021312	-0.064755	-0.17686	-0.25131	-0.33787	-0.41695	-0.57302	-0.67749	-0.91968	-1.1354	-1.2187	-0.99789	-0.84008	0.1839	0.78341	0.88608	0.63546	0.45723	0.14249	-0.027945	-0.12767	-0.15555	-0.16676	-0.15003	-0.13353	-0.090064	-0.055897	0.016843	0.076757	4.2769
871.2	0.056559	0.030561	-0.080022	-0.16563	-0.25739	-0.34141	-0.42479	-0.56176	-0.67571	-0.88723	-1.1312	-1.2703	-0.89773	-0.66196	0.28893	0.71397	0.88603	0.62633	0.42832	0.12396	-0.042902	-0.13738	-0.17187	-0.17989	-0.14912	-0.13848	-0.1007	-0.04089	0.027524	0.068605	4.0419
867.57	0.067537	0.014828	-0.073293	-0.16372	-0.26042	-0.29743	-0.43821	-0.54998	-0.68451	-0.91878	-0.96955	-1.1566	-1.0421	-0.47302	0.29964	0.92849	0.89592	0.60246	0.42335	0.093202	-0.043954	-0.14615	-0.17519	-0.17799	-0.15222	-0.1382	-0.10282	-0.049947	0.0098992	0.046625	3.7779
863.19	0.069679	0.01574	-0.078102	-0.17066	-0.24901	-0.32461	-0.41787	-0.5652	-0.69998	-0.81147	-0.92529	-1.1256	-1.0209	-0.51921	0.3585	0.92398	0.89513	0.59315	0.3966	0.094598	-0.049456	-0.14506	-0.17782	-0.1851	-0.15879	-0.13456	-0.1102	-0.062376	0.014408	0.059772	3.5807
861.27	0.055409	-0.0077704	-0.080056	-0.18502	-0.2633	-0.33677	-0.42718	-0.54689	-0.6689	-0.91615	-0.82876	-0.98981	-0.90808	-0.51159	0.46465	0.88898	0.89535	0.58018	0.37279	0.079983	-0.069846	-0.15549	-0.17822	-0.18996	-0.14918	-0.1366	-0.09928	-0.032414	0.032309	0.079748	3.3789
860.84	0.058143	0.014944	-0.086326	-0.17637	-0.25755	-0.3255	-0.42823	-0.55161	-0.61595	-0.85111	-1.0067	-1.1287	-0.93511	-0.44157	0.44571	0.82452	0.89135	0.55472	0.36786	0.067043	-0.084878	-0.16107	-0.18793	-0.17849	-0.14095	-0.12883	-0.10105	-0.036499	0.052886	0.084102	3.2059
861.05	0.067146	0.019988	-0.10232	-0.17283	-0.25356	-0.32827	-0.4231	-0.54614	-0.62697	-0.90703	-0.90785	-1.0823	-0.92601	-0.44146	0.45517	0.87992	0.87155	0.52599	0.33966	0.042004	-0.10161	-0.17848	-0.21236	-0.20069	-0.1567	-0.14621	-0.11477	-0.072296	0.025167	0.071138	3.0041
863.62	0.061554	0.021605	-0.086935	-0.16447	-0.24693	-0.32635	-0.41516	-0.54452	-0.62682	-0.73644	-0.915	-1.0239	-0.83494	-0.30884	0.65439	0.86806	0.86453	0.50827	0.32337	0.042804	-0.10483	-0.18161	-0.21521	-0.19743	-0.15375	-0.15185	-0.10329	-0.054231	0.03935	0.066626	2.8401
869.38	0.059357	0.0014673	-0.081953	-0.1755	-0.23266	-0.31852	-0.42651	-0.51535	-0.63968	-0.76863	-1.0066	-0.96231	-0.69781	-0.32418	0.52672	0.93575	0.84646	0.5049	0.28072	0.0067198	-0.1251	-0.20678	-0.20946	-0.21551	-0.15766	-0.1517	-0.11197	-0.049035	0.022271	0.059346	2.7065
877.6	0.062341	0.022085	-0.08293	-0.17128	-0.25648	-0.32395	-0.39539	-0.51663	-0.6379	-0.80731	-0.84236	-0.85373	-0.69998	-0.15747	0.57816	0.96337	0.83504	0.47118	0.27391	-0.0097108	-0.13344	-0.19764	-0.22637	-0.20214	-0.16597	-0.14687	-0.10502	-0.058158	0.029954	0.063023	2.6382
889.34	0.058026	-0.0075236	-0.089589	-0.1504	-0.24834	-0.3003	-0.39342	-0.54944	-0.59039	-0.79666	-0.76441	-0.84247	-0.74217	-0.11288	0.41287	0.78016	0.80851	0.42804	0.25628	-0.023941	-0.13937	-0.19681	-0.22084	-0.18569	-0.16056	-0.13987	-0.091986	-0.04951	0.034749	0.046318	2.5638
901.39	0.05639	-0.0098337	-0.088391	-0.1843	-0.27314	-0.30357	-0.41857	-0.5234	-0.62189	-0.81282	-0.72593	-0.981	-0.57996	-0.11137	0.49885	0.92908	0.76286	0.41503	0.23088	-0.037787	-0.1316	-0.21874	-0.22123	-0.20616	-0.15921	-0.12803	-0.09322	-0.05118	0.024041	0.063834	2.494
914.39	0.050491	-0.00098133	-0.10389	-0.1718	-0.24246	-0.3181	-0.39053	-0.52182	-0.56936	-0.67794	-0.74346	-0.75856	-0.62175	-0.18422	0.50979	0.75004	0.77463	0.40195	0.21957	-0.01892	-0.15382	-0.19834	-0.22385	-0.20993	-0.1632	-0.16145	-0.10727	-0.050452	0.027906	0.053987	2.4348
927.17	0.047284	-0.011904	-0.099153	-0.17349	-0.24732	-0.30752	-0.3937	-0.53446	-0.58944	-0.81628	-0.74237	-0.7738	-0.72834	-0.083808	0.44051	0.82577	0.75404	0.3787	0.20547	-0.044481	-0.15333	-0.20584	-0.22888	-0.20042	-0.16249	-0.15195	-0.096212	-0.053537	0.010092	0.050838	2.3847
938.25	0.04507	-0.0048154	-0.086553	-0.16102	-0.2435	-0.31089	-0.38752	-0.51999	-0.56908	-0.73797	-0.75172	-0.72235	-0.52465	-0.11506	0.55838	0.77353	0.74106	0.37686	0.2007	-0.045658	-0.15638	-0.20846	-0.22217	-0.19479	-0.17277	-0.14856	-0.10612	-0.045436	0.035399	0.050239	2.3801
945.37	0.04473	-0.017037	-0.094003	-0.17573	-0.25865	-0.30247	-0.38841	-0.50229	-0.55539	-0.76647	-0.5754	-0.75051	-0.48036	-0.034222	0.45821	0.86898	0.71683	0.37054	0.18057	-0.062197	-0.15038	-0.21693	-0.22049	-0.20305	-0.16315	-0.13792	-0.10297	-0.032493	0.01804	0.049074	2.4241
949.84	0.046972	-0.0055187	-0.096787	-0.17807	-0.25743	-0.30882	-0.39266	-0.50234	-0.57147	-0.69504	-0.6889	-0.7637	-0.54235	-0.20123	0.45605	0.71365	0.71265	0.3567	0.172	-0.04762	-0.15847	-0.21175	-0.21073	-0.21016	-0.15334	-0.13964	-0.10638	-0.03603	0.013093	0.046496	2.4211
951.54	0.037097	-0.017689	-0.090979	-0.18645	-0.26141	-0.31345	-0.39499	-0.51191	-0.58445	-0.67686	-0.82152	-0.70391	-0.59747	-0.12934	0.5766	0.81301	0.72426	0.34485	0.17631	-0.05676	-0.16537	-0.20306	-0.21985	-0.20415	-0.15984	-0.15121	-0.098413	-0.069839	0.018729	0.051099	2.3998
950.69	0.02733	-0.016942	-0.11846	-0.17712	-0.25009	-0.31286	-0.39079	-0.54058	-0.57952	-0.75371	-0.79545	-0.70454	-0.63813	0.021651	0.55107	0.83894	0.71443	0.33825	0.18187	-0.066884	-0.1719	-0.20989	-0.23747	-0.19869	-0.1675	-0.1679	-0.089941	-0.058845	0.026841	0.052708	2.3923
947.61	0.036431	-0.023875	-0.10833	-0.17055	-0.27052	-0.33467	-0.4187	-0.52859	-0.59078	-0.69668	-0.75325	-0.82418	-0.53557	-0.074042	0.53545	0.80798	0.70948	0.36274	0.1755	-0.05447	-0.17086	-0.22393	-0.23188	-0.20823	-0.15672	-0.15658	-0.11053	-0.044248	-0.0031176	0.031709	2.3953
942.61	0.033329	-0.024771	-0.10566	-0.20419	-0.26568	-0.31729	-0.41251	-0.51921	-0.5994	-0.68328	-0.8203	-0.8117	-0.44132	-0.058387	0.54705	0.76995	0.71975	0.36031	0.17798	-0.058146	-0.17096	-0.21337	-0.21635	-0.21502	-0.16514	-0.15741	-0.099346	-0.057121	0.010745	0.037395	2.3892
936.54	0.021108	-0.039626	-0.12188	-0.20551	-0.29176	-0.35878	-0.41441	-0.51357	-0.62857	-0.80812	-0.84375	-0.74062	-0.51746	-0.082985	0.44491	0.7323	0.73259	0.36352	0.1854	-0.057671	-0.16396	-0.20631	-0.23141	-0.20578	-0.17843	-0.16323	-0.09841	-0.058238	0.015745	0.03367	2.3953
930.9	0.018733	-0.041421	-0.13744	-0.21889	-0.30533	-0.36978	-0.43319	-0.56771	-0.62443	-0.7957	-0.75765	-0.79631	-0.55338	-0.059121	0.40329	0.8139	0.73538	0.37366	0.19913	-0.05802	-0.1568	-0.20416	-0.20855	-0.19633	-0.16568	-0.14812	-0.096622	-0.056331	0.029066	0.031479	2.5729
923.02	0.010482	-0.066884	-0.13861	-0.23462	-0.32075	-0.36048	-0.45798	-0.58915	-0.64659	-0.83741	-0.7917	-1.0785	-0.68205	-0.33812	0.35314	0.84679	0.73668	0.39107	0.20242	-0.047275	-0.13675	-0.20762	-0.21033	-0.19054	-0.15393	-0.12908	-0.12229	-0.062887	0.001802	0.019674	2.7323
915.57	0.017352	-0.037368	-0.13639	-0.24886	-0.33167	-0.39121	-0.47195	-0.59646	-0.70599	-0.80903	-0.90018	-1.0005	-0.65429	-0.40693	0.43709	0.79265	0.77029	0.43191	0.23051	-0.011923	-0.12791	-0.19117	-0.203	-0.19292	-0.14737	-0.13996	-0.099048	-0.046562	0.00097507	0.019834	2.8917
910.13	0.0063659	-0.056692	-0.16667	-0.25862	-0.35315	-0.41609	-0.48666	-0.59918	-0.7094	-0.80501	-0.9522	-0.84939	-0.88447	-0.43428	0.44876	0.80617	0.80014	0.46696	0.28024	0.0046646	-0.11282	-0.17754	-0.20256	-0.1865	-0.15532	-0.14738	-0.095576	-0.068397	-0.0015559	0.027301	3.127
904.59	0.0089786	-0.050633	-0.15837	-0.24689	-0.34597	-0.40685	-0.5008	-0.62995	-0.72846	-0.99694	-0.89232	-1.039	-0.85615	-0.37844	0.37857	0.80227	0.81182	0.49614	0.32169	0.032043	-0.096722	-0.17164	-0.1855	-0.16562	-0.14757	-0.12757	-0.08553	-0.047127	0.002689	0.028289	3.3592
899.9	0.0090254	-0.059748	-0.14813	-0.24316	-0.35435	-0.419	-0.51864	-0.66388	-0.73391	-1.0469	-1.0291	-1.168	-0.92841	-0.54002	0.27056	0.80649	0.82201	0.53338	0.34375	0.0464	-0.077818	-0.15672	-0.18145	-0.15882	-0.14199	-0.11491	-0.085152	-0.047373	-0.0049922	0.016877	3.5853
895.95	0.0055988	-0.057589	-0.16075	-0.26691	-0.34648	-0.43184	-0.52656	-0.66852	-0.75613	-0.97958	-1.1	-1.2618	-1.0176	-0.74492	0.24413	0.87237	0.84102	0.57513	0.38538	0.10005	-0.040021	-0.12123	-0.15116	-0.15439	-0.13064	-0.1196	-0.091307	-0.052274	0.0027149	0.032707	3.8553
894.57	0.0064767	-0.057675	-0.16186	-0.26396	-0.36591	-0.43434	-0.5435	-0.67555	-0.80361	-0.94508	-1.1301	-1.0951	-1.1215	-0.77988	0.28139	0.7756	0.85517	0.60263	0.42205	0.12607	-0.033292	-0.11169	-0.15812	-0.15378	-0.11645	-0.11476	-0.064987	-0.031207	-0.0024411	0.032758	4.1056
894.46	0.011685	-0.047966	-0.15246	-0.27746	-0.34989	-0.44265	-0.55566	-0.70132	-0.79792	-1.0352	-1.3391	-1.3261	-1.2666	-0.80533	0.12466	0.81139	0.84328	0.62931	0.45654	0.15107	-0.0052797	-0.098443	-0.13121	-0.12125	-0.10367	-0.10472	-0.077399	-0.035126	0.023368	0.035254	4.3724
894.25	0.012555	-0.063367	-0.18419	-0.26911	-0.37737	-0.46204	-0.57273	-0.71349	-0.86016	-1.1436	-1.254	-1.5218	-1.3437	-0.9408	-0.041317	0.76696	0.83749	0.66159	0.49356	0.17431	0.026987	-0.081666	-0.11525	-0.11271	-0.10209	-0.093011	-0.08569	-0.031218	0.015628	0.035262	4.703
893.82	0.014299	-0.066638	-0.16114	-0.28776	-0.37566	-0.47052	-0.58753	-0.72668	-0.82746	-1.036	-1.3211	-1.4692	-1.4467	-1.1443	-0.12437	0.74944	0.84046	0.68395	0.52909	0.20832	0.04739	-0.046318	-0.10015	-0.10333	-0.073331	-0.070416	-0.057591	-0.019473	0.017359	0.046086	5.0076
894.25	0.011688	-0.0496	-0.16106	-0.28678	-0.37832	-0.47856	-0.5937	-0.7529	-0.88167	-1.2517	-1.4059	-1.584	-1.574	-1.2452	-0.17966	0.73124	0.84434	0.70198	0.56739	0.2457	0.077937	-0.017116	-0.073164	-0.081009	-0.069298	-0.061164	-0.042671	-0.0053596	0.012186	0.045234	5.3395
894.25	0.01082	-0.035829	-0.17048	-0.28931	-0.38682	-0.48407	-0.60419	-0.7666	-0.88828	-1.2697	-1.5578	-1.6018	-1.881	-1.4058	-0.26267	0.52598	0.84948	0.7543	0.60512	0.29567	0.117	0.012061	-0.062221	-0.06559	-0.046101	-0.056972	-0.026953	-0.017113	0.038002	0.051048	5.6986
