13741	5	3	91	27.1	747	1	11	8	2.912	128	4096	10	0	0	0	0	372.72	920.26	1.3971e+006	0.1149	0.12607	39.91	0	0	1	0	0	0	11	0	0
892.22	0.043775	-0.028492	-0.16278	-0.27567	-0.35132	-0.42038	-0.55741	-0.71475	-0.84549	-1.2343	-1.2469	-1.531	-1.5714	-1.2361	-0.25789	0.85239	0.86048	0.7141	0.56297	0.25034	0.095715	-0.0062902	-0.075727	-0.087925	-0.070817	-0.055271	-0.027594	-0.0048992	0.035277	0.062374	5.3062
893.5	0.02807	-0.039798	-0.15055	-0.27022	-0.36878	-0.45377	-0.57679	-0.75488	-0.85091	-1.1604	-1.3212	-1.6266	-1.6801	-1.3274	-0.15598	0.61898	0.84981	0.73972	0.60157	0.29017	0.11598	0.0052237	-0.055399	-0.05779	-0.049102	-0.030028	-0.03335	0.0076561	0.050729	0.068937	5.6319
895.1	0.028887	-0.047819	-0.16312	-0.28151	-0.37379	-0.47313	-0.59832	-0.76466	-0.88575	-1.1583	-1.4137	-1.7124	-1.7964	-1.4686	-0.12808	0.74267	0.84401	0.76682	0.62918	0.30302	0.15479	0.033482	-0.0368	-0.052551	-0.037028	-0.032486	-0.025853	0.0099897	0.037743	0.058853	5.953
895.42	0.027143	-0.049422	-0.15365	-0.29486	-0.38403	-0.48946	-0.62791	-0.79262	-0.91435	-1.2659	-1.5744	-1.8183	-1.9321	-1.5948	-0.50568	0.53742	0.83858	0.77113	0.65189	0.32609	0.15898	0.048481	-0.017451	-0.031142	-0.032222	-0.020757	-0.0060128	0.018594	0.046324	0.058001	6.2665
896.7	0.022773	-0.055811	-0.16966	-0.27766	-0.40516	-0.49609	-0.64069	-0.81285	-0.94275	-1.2461	-1.5059	-1.8334	-1.9463	-1.7443	-0.50496	0.41207	0.82115	0.79291	0.68286	0.36567	0.19347	0.065167	-0.0048352	-0.011448	-0.010639	-0.0098612	-0.010956	0.01935	0.042825	0.068691	6.6586
897.77	0.012368	-0.036384	-0.18823	-0.30499	-0.42632	-0.5019	-0.66644	-0.82895	-0.99272	-1.3971	-1.4946	-1.9197	-2.029	-1.9275	-0.78913	0.49157	0.80994	0.82397	0.7131	0.40168	0.23384	0.11265	0.02284	0.0039252	-0.011424	-0.0090151	-0.0018791	0.019327	0.037631	0.043782	7.0113
899.05	0.011487	-0.056472	-0.18115	-0.31209	-0.4041	-0.52401	-0.6671	-0.87549	-1.0143	-1.4579	-1.8136	-2.1555	-2.2806	-2.1938	-0.72381	0.26897	0.76362	0.83467	0.73737	0.43484	0.25631	0.12216	0.042902	0.024373	0.014846	-0.0048349	0.0030613	0.018519	0.057264	0.061075	7.4168
899.58	0.01148	-0.045971	-0.19041	-0.30354	-0.41795	-0.5383	-0.68274	-0.89881	-1.0491	-1.6271	-1.8597	-2.0659	-2.4064	-2.3102	-1.0259	0.27767	0.72399	0.83874	0.76058	0.46474	0.28571	0.16516	0.057101	0.037983	0.023583	0.020162	0.017864	0.016951	0.050386	0.050301	7.7662
899.9	-0.0066434	-0.04837	-0.20056	-0.32184	-0.46006	-0.53811	-0.70253	-0.91637	-1.0981	-1.8235	-2.1421	-2.2506	-2.592	-2.6202	-1.2089	-0.11262	0.68287	0.85577	0.79047	0.49207	0.2932	0.17916	0.098069	0.052443	0.029139	0.014325	0.029367	0.038747	0.043526	0.045329	8.1563
901.18	0.010599	-0.05473	-0.19602	-0.32472	-0.45378	-0.55101	-0.71354	-0.94652	-1.1351	-1.5974	-2.0449	-2.4501	-2.9015	-2.8262	-1.3902	-0.023908	0.61304	0.8582	0.80644	0.53122	0.34418	0.2026	0.10962	0.06427	0.045763	0.039255	0.030146	0.027805	0.034071	0.038669	8.563
901.5	0.0088715	-0.050694	-0.18066	-0.34798	-0.44893	-0.56447	-0.72288	-0.96234	-1.1724	-1.8828	-2.1195	-2.4492	-2.8835	-3.0181	-1.6642	-0.0061875	0.56353	0.8579	0.81755	0.55228	0.37017	0.23147	0.12211	0.075295	0.057649	0.053374	0.053113	0.048005	0.049424	0.041128	8.9241
901.71	0.00025986	-0.056305	-0.18741	-0.33204	-0.45632	-0.59256	-0.75791	-0.9791	-1.2009	-1.8377	-2.2697	-2.7746	-3.2297	-3.3611	-1.8558	-0.29825	0.49628	0.85951	0.84908	0.5787	0.38861	0.25071	0.13377	0.10246	0.070327	0.06001	0.053922	0.047217	0.039172	0.03947	9.3502
901.82	0.0088684	-0.056298	-0.19503	-0.33534	-0.47969	-0.58793	-0.77861	-1.024	-1.2434	-1.8107	-2.3259	-2.924	-3.3646	-3.6709	-2.1117	-0.4752	0.41977	0.85486	0.84979	0.61403	0.41635	0.26032	0.15796	0.1152	0.079045	0.064159	0.053914	0.039441	0.037462	0.04276	9.7564
900.11	-0.010092	-0.066866	-0.17497	-0.34099	-0.47121	-0.59908	-0.79451	-1.0302	-1.2942	-1.9483	-2.5284	-3.0443	-3.515	-3.9551	-2.2531	-0.72433	0.32779	0.85283	0.86118	0.64445	0.44161	0.2942	0.18585	0.12733	0.098264	0.070941	0.065523	0.058978	0.035822	0.045318	10.164
898.41	-0.0075183	-0.068604	-0.21112	-0.34667	-0.47399	-0.61301	-0.80967	-1.1081	-1.3585	-2.0686	-2.4954	-3.1297	-3.8698	-4.173	-2.5328	-0.76125	0.23461	0.83709	0.86772	0.67676	0.48724	0.3326	0.20548	0.15315	0.11039	0.091929	0.080471	0.04817	0.03589	0.045404	10.594
897.45	-0.00060527	-0.048502	-0.21732	-0.36549	-0.49238	-0.62006	-0.83143	-1.105	-1.3912	-2.0708	-2.7062	-3.3985	-4.0694	-4.5144	-2.8848	-1.011	0.12474	0.80963	0.86946	0.68193	0.49623	0.34705	0.21744	0.17295	0.13442	0.098709	0.093745	0.068523	0.053078	0.038002	10.989
895.85	-0.0066735	-0.050205	-0.21258	-0.35186	-0.51779	-0.68073	-0.8627	-1.1172	-1.4053	-2.0835	-2.749	-3.4844	-4.281	-4.8347	-3.1385	-1.2356	0.020627	0.81658	0.88248	0.71789	0.52847	0.37504	0.25816	0.1955	0.15462	0.11645	0.10052	0.081941	0.050596	0.047191	11.425
893.93	-0.0075559	-0.08596	-0.22932	-0.36019	-0.50567	-0.63536	-0.8702	-1.1667	-1.4811	-2.142	-2.8024	-3.3764	-4.5291	-5.1918	-3.4958	-1.4078	-0.11045	0.7715	0.86632	0.72568	0.55764	0.39795	0.2705	0.20877	0.15255	0.13347	0.10487	0.07428	0.034349	0.033997	11.844
889.55	-0.020686	-0.053002	-0.20633	-0.35943	-0.51955	-0.66248	-0.87853	-1.1845	-1.5142	-2.3246	-3.1216	-3.5626	-4.8858	-5.6678	-3.8839	-1.7198	-0.23243	0.7513	0.86811	0.76424	0.58599	0.42924	0.27691	0.21841	0.16938	0.1257	0.11204	0.075432	0.044032	0.031656	12.251
887.63	-0.018106	-0.059646	-0.20419	-0.38056	-0.52163	-0.66946	-0.90806	-1.2225	-1.5608	-2.1935	-3.1666	-3.6688	-5.1799	-6.0804	-3.9666	-1.9482	-0.38484	0.71964	0.86007	0.79106	0.62661	0.44532	0.29786	0.21974	0.18909	0.13948	0.13145	0.068491	0.036326	0.054326	12.684
885.07	-0.015528	-0.082731	-0.21603	-0.3689	-0.5365	-0.66398	-0.91068	-1.2433	-1.6339	-2.5366	-3.2813	-3.8768	-5.3845	-6.4567	-4.4254	-2.2334	-0.5608	0.67813	0.85261	0.81409	0.63014	0.46805	0.32679	0.24029	0.19125	0.16783	0.12013	0.090857	0.04165	0.037693	13.072
881.34	-0.023523	-0.062536	-0.19087	-0.34826	-0.56754	-0.68728	-0.95873	-1.2773	-1.6534	-2.5016	-3.4398	-4.1276	-5.6582	-6.5699	-4.7904	-2.5145	-0.7153	0.64282	0.87287	0.83203	0.67934	0.48708	0.34525	0.27955	0.20505	0.16939	0.13072	0.084881	0.070637	0.031951	13.489
877.5	-0.030703	-0.061985	-0.20742	-0.38495	-0.55365	-0.72584	-0.96457	-1.3152	-1.6901	-2.485	-3.6096	-4.1909	-5.8742	-7.1673	-5.1779	-2.8984	-0.88344	0.59512	0.82737	0.84476	0.68231	0.51444	0.36564	0.26943	0.21491	0.16672	0.13719	0.08685	0.040253	0.030399	13.865
872.69	-0.042439	-0.084734	-0.2033	-0.37758	-0.55863	-0.70537	-0.98228	-1.3294	-1.7596	-2.7295	-3.756	-4.387	-6.1775	-7.7092	-5.7168	-3.0972	-1.0727	0.54666	0.80167	0.87136	0.70347	0.54808	0.39007	0.29374	0.22757	0.17623	0.1532	0.1058	0.057229	0.027159	14.308
870.02	-0.030075	-0.071674	-0.19511	-0.39778	-0.57395	-0.74056	-0.99524	-1.3767	-1.7931	-2.5805	-3.7285	-4.5374	-6.6523	-8.0022	-5.9428	-3.492	-1.2609	0.46909	0.7645	0.8832	0.73443	0.56793	0.39646	0.31137	0.24224	0.19916	0.16388	0.1182	0.047676	0.045178	14.702
868.21	-0.040871	-0.10185	-0.19817	-0.39601	-0.57223	-0.76291	-1.0123	-1.3857	-1.8599	-2.6879	-3.9221	-4.7024	-6.9473	-8.5066	-6.3828	-3.8669	-1.4497	0.41618	0.75258	0.87127	0.75084	0.57732	0.4181	0.33055	0.24192	0.20303	0.16933	0.11361	0.053094	0.028156	15.053
866.5	-0.035574	-0.089518	-0.21182	-0.35248	-0.5441	-0.72178	-1.0318	-1.3973	-1.8678	-2.7676	-4.0376	-5.0234	-7.3748	-8.8201	-6.757	-4.0772	-1.6506	0.33364	0.73121	0.8914	0.76108	0.58758	0.43022	0.33828	0.26551	0.22419	0.15942	0.10736	0.063855	0.040216	15.461
865.54	-0.065218	-0.097149	-0.20498	-0.40593	-0.5779	-0.75483	-1.0054	-1.4599	-1.887	-2.9009	-3.9636	-5.1115	-7.6737	-9.3015	-7.0123	-4.469	-1.8516	0.26857	0.68626	0.89055	0.7821	0.61655	0.45157	0.34927	0.26664	0.22098	0.16814	0.12205	0.027473	0.014508	15.775
863.83	-0.075235	-0.09231	-0.19917	-0.36926	-0.55948	-0.74872	-1.0308	-1.4327	-1.9652	-2.9626	-4.4925	-5.2688	-8.1216	-9.635	-7.4654	-4.9213	-2.0344	0.18454	0.6545	0.89139	0.77662	0.63059	0.4481	0.35706	0.27958	0.22054	0.17704	0.11661	0.053363	0.030018	16.119
862.44	-0.081658	-0.11681	-0.19683	-0.38382	-0.55352	-0.73375	-1.0801	-1.4883	-1.9632	-2.9207	-4.3914	-5.5536	-8.4353	-10.141	-7.8216	-5.1513	-2.2056	0.14296	0.62408	0.90948	0.8034	0.65178	0.46104	0.37185	0.29413	0.22524	0.18076	0.11924	0.036495	0.036097	16.402
862.87	-0.084317	-0.10668	-0.21982	-0.37578	-0.57479	-0.72482	-1.0954	-1.4822	-2.0403	-3.1153	-4.5663	-5.5876	-8.6698	-10.548	-8.2575	-5.5464	-2.4104	0.071537	0.59402	0.90625	0.82413	0.65145	0.48524	0.3761	0.28321	0.2425	0.1841	0.12649	0.033803	0.0093875	16.719
862.23	-0.10239	-0.13616	-0.2342	-0.36121	-0.54778	-0.77391	-1.077	-1.5384	-2.0238	-3.0896	-4.7175	-5.7576	-9.1451	-10.688	-8.5697	-5.7819	-2.6113	-0.005521	0.56299	0.91988	0.82298	0.66569	0.49346	0.38793	0.29918	0.23399	0.17909	0.11114	0.030257	-0.0043936	17.06
861.16	-0.078173	-0.13381	-0.22025	-0.38351	-0.54159	-0.76534	-1.0591	-1.5216	-2.1002	-3.1682	-4.7431	-5.9585	-9.369	-11.201	-8.9347	-6.03	-2.7915	-0.06653	0.52195	0.91269	0.8337	0.68396	0.5133	0.40265	0.3062	0.23689	0.19305	0.11454	0.041017	0.015446	17.231
859.24	-0.10455	-0.12989	-0.22431	-0.38788	-0.56935	-0.75846	-1.1059	-1.5607	-2.1092	-3.1097	-4.8228	-5.9256	-9.5143	-11.49	-9.2331	-6.4243	-2.9725	-0.12686	0.47702	0.91008	0.8444	0.70022	0.51971	0.40622	0.30438	0.24178	0.1909	0.11968	0.030362	0.0016441	17.474
859.13	-0.092817	-0.13497	-0.21721	-0.36515	-0.54188	-0.74613	-1.1069	-1.5306	-2.1094	-3.1757	-4.8432	-6.1113	-9.8883	-11.773	-9.503	-6.6016	-3.1245	-0.19949	0.43354	0.91299	0.85865	0.69938	0.5224	0.40449	0.31358	0.26362	0.21418	0.12786	0.025886	0.0094284	17.714
859.66	-0.12257	-0.15426	-0.20727	-0.38681	-0.54351	-0.77336	-1.0483	-1.5795	-2.0918	-3.2768	-4.8698	-6.1906	-10.015	-12.021	-9.7753	-6.8853	-3.275	-0.25475	0.39913	0.89756	0.85547	0.70723	0.53521	0.40869	0.31339	0.253	0.20028	0.11147	0.021395	-0.01305	17.898
860.2	-0.13603	-0.16511	-0.23653	-0.38394	-0.54612	-0.75093	-1.103	-1.5848	-2.0311	-3.1343	-4.8569	-6.4454	-10.195	-12.277	-9.9131	-6.9923	-3.386	-0.31662	0.39548	0.91927	0.86111	0.70771	0.52788	0.41913	0.3107	0.25545	0.20101	0.11955	0.029432	0.0016423	18.078
860.73	-0.13053	-0.15912	-0.24706	-0.36272	-0.55069	-0.73329	-1.0328	-1.5517	-2.1347	-3.123	-5.0216	-6.3675	-10.242	-12.463	-10.137	-7.2105	-3.5139	-0.35743	0.35944	0.90016	0.86322	0.71738	0.53804	0.42955	0.32795	0.25965	0.20174	0.11785	0.018686	-0.012171	18.241
860.84	-0.1702	-0.18434	-0.21767	-0.39065	-0.55258	-0.75514	-1.1156	-1.5266	-2.1998	-3.2349	-5.0703	-6.4313	-10.214	-12.602	-10.394	-7.5248	-3.6194	-0.39648	0.35428	0.9019	0.86665	0.71545	0.5441	0.43305	0.32293	0.25004	0.18969	0.12272	0.0061689	-0.018211	18.386
862.01	-0.14115	-0.19165	-0.2858	-0.39623	-0.56752	-0.75315	-1.0798	-1.4926	-2.1093	-3.3707	-4.9748	-6.4225	-10.306	-12.9	-10.552	-7.459	-3.6953	-0.42641	0.32657	0.91641	0.86899	0.72823	0.54947	0.42624	0.32747	0.26709	0.20059	0.11117	-0.0036591	-0.025081	18.527
863.19	-0.19133	-0.22327	-0.27121	-0.40703	-0.54717	-0.73787	-1.0741	-1.5376	-2.1312	-3.3568	-5.0664	-6.5794	-10.301	-12.857	-10.7	-7.643	-3.7542	-0.4496	0.32103	0.90499	0.8766	0.72816	0.55046	0.43365	0.32039	0.24849	0.19089	0.11183	-0.0036541	-0.041402	18.611
864.47	-0.18566	-0.22713	-0.27967	-0.40381	-0.56004	-0.75196	-1.0692	-1.4919	-2.1392	-3.1654	-5.0589	-6.5513	-10.392	-13.109	-10.637	-7.844	-3.8319	-0.48122	0.30782	0.91657	0.87003	0.7408	0.54791	0.43478	0.33481	0.24552	0.1906	0.095454	-8.9961e-005	-0.037043	18.715
865	-0.19811	-0.2362	-0.30076	-0.39051	-0.5763	-0.75814	-1.0861	-1.5033	-2.1182	-3.2473	-5.1441	-6.4554	-10.253	-13.083	-10.821	-7.7838	-3.8579	-0.4942	0.28983	0.89848	0.87652	0.7376	0.55888	0.42123	0.31724	0.2471	0.18963	0.096205	-0.0054264	-0.048186	18.788
865.97	-0.23376	-0.25099	-0.28715	-0.42659	-0.56981	-0.77531	-1.0715	-1.4689	-2.0193	-3.2995	-5.0795	-6.4942	-10.013	-13.13	-10.876	-7.9041	-3.9005	-0.5183	0.28019	0.88458	0.8545	0.72217	0.54261	0.43049	0.31276	0.24077	0.19369	0.10014	-0.020526	-0.056713	18.818
866.5	-0.21121	-0.24248	-0.29758	-0.42198	-0.60358	-0.73315	-1.1033	-1.5308	-2.0514	-3.1301	-4.9294	-6.3251	-10.148	-13.034	-10.764	-7.8808	-3.937	-0.53314	0.26732	0.88035	0.87063	0.71807	0.54402	0.42315	0.30761	0.25619	0.17906	0.095231	-0.020513	-0.046388	18.864
868.31	-0.24475	-0.26783	-0.33667	-0.49825	-0.6033	-0.7666	-1.0869	-1.4764	-2.019	-3.2349	-5.0462	-6.4034	-10.293	-13.007	-10.913	-7.9471	-3.9367	-0.51501	0.24733	0.87759	0.86356	0.73388	0.54981	0.41256	0.30697	0.2289	0.18039	0.090994	-0.03022	-0.078808	18.831
869.92	-0.23002	-0.27316	-0.37215	-0.46791	-0.60607	-0.8284	-1.094	-1.4869	-1.9965	-3.0067	-4.9003	-6.3551	-10.169	-12.914	-10.656	-7.804	-3.8881	-0.51217	0.27133	0.88698	0.86808	0.72344	0.53669	0.40828	0.30558	0.23882	0.16815	0.085995	-0.018664	-0.057309	18.836
871.41	-0.26259	-0.31841	-0.35393	-0.45415	-0.68163	-0.81474	-1.1766	-1.4861	-1.87	-2.8352	-4.7067	-6.253	-10.117	-12.874	-10.581	-7.5709	-3.8128	-0.47644	0.2818	0.89004	0.87704	0.71856	0.5375	0.40758	0.29767	0.24271	0.17465	0.095498	-0.036294	-0.076822	18.852
871.84	-0.28205	-0.3465	-0.32476	-0.4712	-0.71328	-0.83882	-1.1594	-1.532	-1.8759	-2.88	-4.7921	-6.2773	-10.094	-12.547	-10.528	-7.8051	-3.7705	-0.46962	0.29344	0.8832	0.86094	0.71459	0.54414	0.41353	0.28686	0.2254	0.16523	0.076965	-0.041571	-0.081045	18.824
872.59	-0.29872	-0.31549	-0.39648	-0.51824	-0.67684	-0.86632	-1.1998	-1.5798	-1.8344	-2.7021	-4.6809	-5.9988	-9.8495	-12.493	-10.283	-7.4601	-3.6707	-0.45793	0.3285	0.90165	0.87238	0.73028	0.52383	0.40966	0.30219	0.21747	0.1617	0.054416	-0.065349	-0.088639	18.842
873.01	-0.30747	-0.3087	-0.37522	-0.52057	-0.73265	-0.98531	-1.2802	-1.5861	-1.8217	-2.8023	-4.5327	-5.9686	-9.7835	-12.357	-10.334	-7.493	-3.6382	-0.42103	0.35102	0.91126	0.87717	0.73083	0.53392	0.40596	0.2791	0.21565	0.14382	0.057598	-0.04416	-0.097958	18.843
872.69	-0.30313	-0.35363	-0.39906	-0.54405	-0.72033	-1.0628	-1.4286	-1.6235	-1.8893	-2.4895	-4.3593	-5.9526	-9.6735	-12.084	-10.102	-7.2031	-3.5474	-0.3798	0.36208	0.90611	0.87054	0.72295	0.53671	0.42717	0.30297	0.2226	0.15151	0.047181	-0.052113	-0.095439	18.908
872.27	-0.27301	-0.34633	-0.38872	-0.52533	-0.73424	-1.053	-1.4375	-1.7016	-1.8767	-2.5184	-4.0791	-5.7187	-9.4333	-11.813	-9.7003	-6.9871	-3.3655	-0.29341	0.40346	0.9404	0.88663	0.7233	0.53783	0.39049	0.29164	0.20982	0.15582	0.056843	-0.075959	-0.098895	18.834
870.77	-0.32074	-0.31948	-0.38499	-0.54266	-0.73163	-1.2009	-1.5419	-1.8286	-1.9649	-2.4765	-3.8228	-5.3545	-9.0116	-11.321	-9.2339	-6.8249	-3.1998	-0.24396	0.44122	0.93835	0.86897	0.71092	0.52925	0.4114	0.28885	0.22223	0.14335	0.047285	-0.067252	-0.11442	18.677
870.13	-0.27725	-0.33303	-0.4152	-0.55777	-0.93804	-1.1508	-1.5604	-1.8387	-1.9416	-2.5709	-3.9427	-4.9202	-8.2205	-9.9041	-8.5298	-6.1788	-2.8869	-0.12245	0.51488	0.95739	0.89056	0.71599	0.52617	0.37472	0.27016	0.19483	0.14345	0.040878	-0.069955	-0.11109	18.518
869.49	-0.30961	-0.37992	-0.37498	-0.71141	-0.86584	-1.2914	-1.6661	-1.8154	-2.0043	-2.6469	-3.1546	-4.6407	-6.7354	-8.7984	-7.6729	-5.5317	-2.5339	-0.0035861	0.55744	0.94249	0.8589	0.67923	0.51617	0.36971	0.25637	0.17256	0.10442	0.043326	-0.085937	-0.13852	18.374
867.67	-0.30309	-0.34399	-0.40314	-0.68687	-1.0702	-1.3821	-1.6455	-1.7477	-2.2737	-2.4668	-3.2199	-3.9729	-6.0023	-7.7451	-6.6623	-4.8719	-2.1516	0.12317	0.63807	0.9601	0.8677	0.66881	0.48689	0.35724	0.2363	0.16602	0.085879	0.0086896	-0.10208	-0.13881	18.168
866.5	-0.29186	-0.3035	-0.46734	-0.80334	-1.1516	-1.3877	-1.6236	-1.8694	-2.2102	-2.2191	-2.7931	-3.3182	-5.2446	-6.6388	-5.6149	-4.0956	-1.7452	0.24554	0.68719	0.94206	0.8417	0.6615	0.45628	0.32148	0.21764	0.14375	0.09624	-0.010705	-0.09245	-0.12185	17.911
864.58	-0.27903	-0.33433	-0.53484	-0.89393	-1.1688	-1.4221	-1.5588	-2.0278	-1.9849	-2.3917	-2.868	-3.05	-4.4535	-5.6916	-4.7783	-3.5509	-1.3875	0.35432	0.75235	0.93769	0.8181	0.64376	0.46948	0.33903	0.21647	0.15101	0.082763	-0.0058658	-0.075745	-0.12298	17.7
861.8	-0.28264	-0.36734	-0.65657	-0.93262	-1.2824	-1.361	-1.7496	-1.9596	-1.9561	-2.306	-2.1974	-2.6174	-3.7244	-4.8415	-3.9324	-3.0438	-1.0684	0.46975	0.8084	0.95646	0.82603	0.64767	0.44654	0.32145	0.2097	0.13671	0.080454	-0.0018216	-0.082239	-0.12079	17.48
858.38	-0.39955	-0.48693	-0.74665	-1.0451	-1.1832	-1.4668	-1.6465	-1.8077	-1.7795	-2.1181	-2.4337	-2.7111	-3.2505	-4.4732	-3.679	-2.777	-0.86384	0.55769	0.85178	0.93609	0.79924	0.62722	0.43692	0.29328	0.17637	0.1163	0.062677	-0.0099891	-0.089738	-0.14291	17.187
855.18	-0.43555	-0.53026	-0.8892	-1.1106	-1.3082	-1.4781	-1.5413	-1.7231	-1.6763	-2.1637	-2.1151	-2.4147	-3.2181	-3.7916	-3.3649	-2.3021	-0.67984	0.61065	0.87127	0.92467	0.78004	0.59721	0.40335	0.27557	0.16448	0.098331	0.050799	-0.038705	-0.14227	-0.18428	16.919
851.86	-0.48373	-0.62329	-0.93403	-1.2528	-1.35	-1.534	-1.4178	-1.5238	-1.7175	-1.7845	-1.7546	-2.0511	-2.962	-3.0786	-3.0972	-1.8614	-0.49363	0.67855	0.8979	0.9189	0.75633	0.56241	0.36604	0.23167	0.12398	0.071438	0.019732	-0.058598	-0.17444	-0.23645	16.591
846.73	-0.60403	-0.78616	-1.0501	-1.2372	-1.3811	-1.2834	-1.2296	-1.3657	-1.6362	-1.8904	-1.7552	-2.0729	-2.3404	-2.6418	-2.5121	-1.5994	-0.30842	0.73404	0.925	0.90373	0.73132	0.53313	0.34158	0.22493	0.094323	0.030272	-0.042183	-0.12102	-0.26547	-0.31949	16.294
842.03	-0.74112	-0.83012	-1.0641	-1.1923	-1.1219	-1.1502	-1.2219	-1.3815	-1.5012	-1.6522	-1.8053	-1.4147	-1.964	-1.8485	-2.0951	-1.1439	-0.098152	0.8015	0.94846	0.88129	0.71195	0.50606	0.31578	0.18343	0.070215	0.011748	-0.050325	-0.16414	-0.32544	-0.39187	15.976
838.72	-0.77182	-0.82736	-0.86007	-1.057	-1.0588	-1.0119	-1.2586	-1.3696	-1.2902	-1.5531	-1.4176	-1.4297	-1.5534	-2.0181	-2.0542	-1.158	0.024772	0.8448	0.94871	0.86384	0.6523	0.4694	0.27843	0.15127	0.038084	-0.040032	-0.091982	-0.19987	-0.37627	-0.44923	15.594
835.83	-0.70574	-0.83022	-0.88137	-0.94179	-1.0321	-1.0144	-1.2431	-1.2093	-1.2106	-1.1056	-1.2498	-1.4537	-1.5405	-1.5999	-1.6765	-0.68456	0.19718	0.88798	0.95725	0.83628	0.62638	0.42089	0.26229	0.12521	0.013402	-0.059898	-0.14275	-0.23242	-0.41808	-0.497	15.271
834.33	-0.7461	-0.8048	-0.91142	-0.92995	-0.97727	-1.0162	-1.2142	-1.2482	-1.164	-1.2137	-1.2011	-1.1897	-1.6621	-1.6028	-1.4818	-0.51364	0.30221	0.89941	0.95546	0.78613	0.59201	0.39416	0.20231	0.077682	-0.034581	-0.092343	-0.15897	-0.26895	-0.45019	-0.53351	14.876
832.83	-0.6309	-0.7245	-0.79807	-0.95693	-0.99526	-1.0062	-1.1323	-1.1778	-1.0364	-1.1676	-1.2441	-1.3731	-1.3538	-1.4604	-1.326	-0.34207	0.39658	0.90596	0.93516	0.75017	0.5484	0.3455	0.16833	0.054825	-0.043232	-0.12041	-0.17791	-0.27448	-0.41774	-0.46757	14.553
833.9	-0.63474	-0.66277	-0.80256	-0.94667	-0.98081	-0.95769	-1.0314	-0.97236	-1.0306	-1.1081	-0.83519	-1.2284	-1.1325	-1.4404	-1.2155	-0.12154	0.4613	0.91857	0.92164	0.70997	0.52766	0.31281	0.15457	0.018928	-0.069765	-0.12025	-0.18921	-0.26909	-0.41259	-0.44915	14.216
835.72	-0.61478	-0.67086	-0.79348	-0.91489	-0.96857	-0.93989	-0.99122	-1.0124	-1.0886	-1.0768	-1.0061	-1.0071	-0.99314	-1.1478	-1.0254	-0.016218	0.55839	0.91952	0.91349	0.66928	0.47109	0.28186	0.11911	0.0060508	-0.098713	-0.1442	-0.19323	-0.27605	-0.4034	-0.4455	13.837
840.64	-0.61765	-0.69537	-0.76514	-0.8576	-0.85736	-0.85237	-0.89876	-1.0475	-0.96689	-0.85968	-1.0002	-1.039	-1.1234	-1.1321	-0.83295	-0.025629	0.59978	0.92	0.90727	0.67105	0.43762	0.24917	0.088861	-0.027705	-0.088776	-0.16386	-0.19386	-0.27694	-0.38639	-0.42345	13.509
846.09	-0.64395	-0.70544	-0.7412	-0.79781	-0.73699	-0.7227	-1.0115	-0.96469	-0.90995	-0.84463	-0.70271	-0.84457	-0.85476	-1.2678	-0.84709	0.049986	0.63484	0.89855	0.86762	0.62334	0.41326	0.23354	0.074055	-0.040201	-0.1254	-0.17609	-0.21185	-0.27598	-0.39755	-0.43565	13.119
852.72	-0.64623	-0.69741	-0.6995	-0.67244	-0.69658	-0.74115	-0.88265	-0.87453	-0.80571	-0.98919	-0.75699	-0.93117	-0.89284	-1.0983	-0.84051	0.28358	0.68831	0.89927	0.88238	0.58106	0.38868	0.20206	0.051412	-0.050669	-0.14456	-0.17297	-0.22061	-0.28534	-0.39356	-0.4584	12.792
860.84	-0.57069	-0.60333	-0.59768	-0.64773	-0.63798	-0.74942	-0.76289	-0.80488	-0.72764	-0.83016	-0.74986	-0.94085	-0.93758	-1.0792	-0.54515	0.38288	0.71386	0.87458	0.8306	0.54777	0.35325	0.18545	0.024694	-0.078673	-0.1515	-0.20094	-0.23142	-0.30218	-0.40236	-0.42387	12.387
871.2	-0.53092	-0.57371	-0.5809	-0.64349	-0.62846	-0.651	-0.70415	-0.75574	-0.78268	-0.87575	-0.67272	-0.84761	-0.76008	-1.1618	-0.53868	0.25924	0.73703	0.85852	0.79968	0.51561	0.29937	0.1424	-0.0032481	-0.096204	-0.16201	-0.22091	-0.26264	-0.30261	-0.40111	-0.43333	11.976
879.74	-0.49488	-0.53027	-0.56742	-0.60986	-0.62908	-0.61669	-0.64238	-0.69702	-0.73724	-0.6475	-0.57933	-0.90257	-0.91744	-1.1505	-0.43031	0.37465	0.76209	0.83619	0.7669	0.48157	0.27661	0.10597	-0.04172	-0.11617	-0.17914	-0.2307	-0.25084	-0.31162	-0.37272	-0.39112	11.596
887.21	-0.4452	-0.48254	-0.53156	-0.56654	-0.58092	-0.54395	-0.62397	-0.66007	-0.63347	-0.66021	-0.70843	-0.75173	-0.89253	-1.1579	-0.42669	0.45244	0.7764	0.82268	0.73481	0.44064	0.24005	0.080123	-0.049005	-0.13851	-0.1994	-0.22875	-0.24539	-0.28452	-0.33402	-0.36438	11.181
893.93	-0.41493	-0.46109	-0.51557	-0.53534	-0.48487	-0.55272	-0.56603	-0.5994	-0.55257	-0.59218	-0.70312	-1.0482	-0.91993	-1.2591	-0.42348	0.4669	0.77142	0.80088	0.71452	0.41144	0.20681	0.041486	-0.062109	-0.13747	-0.1955	-0.23877	-0.2543	-0.26513	-0.33323	-0.3367	10.784
901.07	-0.40991	-0.43091	-0.40775	-0.49183	-0.48759	-0.54105	-0.54233	-0.55894	-0.48168	-0.58748	-0.76349	-0.94291	-1.0904	-1.2156	-0.31029	0.56949	0.78401	0.7836	0.69502	0.37807	0.19085	0.035014	-0.095032	-0.15848	-0.20586	-0.23355	-0.24079	-0.26536	-0.29985	-0.31507	10.354
905.02	-0.37724	-0.3522	-0.38481	-0.43563	-0.45092	-0.46976	-0.50331	-0.43799	-0.42972	-0.69173	-0.90092	-1.1495	-1.3301	-1.2938	-0.46385	0.39064	0.7789	0.76205	0.66605	0.35085	0.14303	0.01302	-0.10709	-0.16118	-0.20733	-0.24164	-0.24547	-0.27272	-0.29684	-0.3022	9.9587
906.08	-0.31424	-0.35659	-0.37167	-0.40105	-0.35434	-0.46196	-0.40322	-0.38082	-0.41533	-0.66425	-0.76866	-1.2358	-1.3032	-1.3924	-0.28127	0.53991	0.78052	0.76025	0.64503	0.34779	0.14453	-0.0088139	-0.12275	-0.18297	-0.21814	-0.22812	-0.23864	-0.25307	-0.27101	-0.26658	9.5707
907.36	-0.31893	-0.33613	-0.36186	-0.37975	-0.36687	-0.36361	-0.32873	-0.36509	-0.39681	-0.63668	-1.0109	-1.199	-1.4023	-1.3155	-0.28996	0.57433	0.79377	0.74289	0.62714	0.31124	0.11755	-0.024487	-0.13751	-0.19453	-0.22414	-0.2468	-0.25135	-0.25348	-0.27063	-0.26866	9.1417
908.11	-0.31953	-0.30793	-0.34638	-0.3297	-0.31447	-0.36421	-0.28954	-0.3167	-0.36878	-0.72486	-1.169	-1.303	-1.5103	-1.3311	-0.19889	0.32781	0.79818	0.73686	0.61936	0.29868	0.092369	-0.039269	-0.13906	-0.19522	-0.21529	-0.25568	-0.24056	-0.25405	-0.2577	-0.24881	8.7473
908.21	-0.2699	-0.3087	-0.28898	-0.29237	-0.2828	-0.20691	-0.1958	-0.30148	-0.42006	-0.71589	-0.8884	-1.2679	-1.4681	-1.3226	-0.3714	0.75831	0.8099	0.72773	0.58536	0.26877	0.082324	-0.053195	-0.15147	-0.21038	-0.23417	-0.24079	-0.24134	-0.24399	-0.26444	-0.26923	8.3891
905.87	-0.26117	-0.24314	-0.20093	-0.20754	-0.1632	-0.20201	-0.19631	-0.26674	-0.43748	-0.86002	-1.0407	-1.2887	-1.3288	-1.2342	-0.26312	0.63693	0.8196	0.71693	0.57635	0.24128	0.060741	-0.067298	-0.14854	-0.20839	-0.22845	-0.24059	-0.2387	-0.24153	-0.25663	-0.25106	7.9824
903.42	-0.2232	-0.23818	-0.17857	-0.18227	-0.12249	-0.14986	-0.18167	-0.32682	-0.49517	-0.84452	-1.1281	-1.3801	-1.4675	-1.2124	-0.14515	0.70052	0.8142	0.70979	0.56574	0.23398	0.05082	-0.086736	-0.17061	-0.21319	-0.22591	-0.23709	-0.24344	-0.22744	-0.2207	-0.22131	7.6346
900.86	-0.15661	-0.12711	-0.14336	-0.12179	-0.092819	-0.143	-0.23423	-0.37623	-0.55324	-0.98998	-1.0842	-1.2782	-1.3785	-1.1236	-0.063154	0.68479	0.82842	0.69632	0.53477	0.21959	0.023147	-0.09927	-0.18947	-0.22315	-0.23766	-0.25441	-0.24249	-0.21953	-0.19656	-0.18153	7.214
898.62	-0.13108	-0.12259	-0.1028	-0.097803	-0.11092	-0.13239	-0.23401	-0.41894	-0.58014	-0.89385	-1.068	-1.2637	-1.3056	-0.99175	0.019281	0.60656	0.82451	0.68526	0.52876	0.20415	0.013909	-0.10128	-0.18576	-0.21262	-0.2104	-0.22919	-0.2044	-0.19981	-0.16451	-0.13568	6.872
895.42	-0.089055	-0.10523	-0.11258	-0.035945	-0.11509	-0.17137	-0.24854	-0.4538	-0.58552	-0.88806	-1.2046	-1.2771	-1.421	-1.046	-0.054332	0.82261	0.85826	0.68679	0.52246	0.18884	0.017353	-0.10429	-0.17213	-0.21424	-0.21834	-0.20908	-0.19191	-0.17548	-0.1247	-0.10546	6.5345
892.54	-0.067594	-0.081226	-0.033115	-0.074012	-0.13345	-0.17652	-0.28408	-0.48703	-0.60813	-1.0353	-1.1418	-1.2723	-1.2717	-0.86297	-0.026783	0.76268	0.85416	0.66326	0.51017	0.16978	-0.0038606	-0.10286	-0.1828	-0.21407	-0.21023	-0.21563	-0.17181	-0.15956	-0.088027	-0.08416	6.1832
889.87	-0.014572	-0.024497	-0.042685	-0.11314	-0.12815	-0.19365	-0.33438	-0.51431	-0.6058	-0.83021	-0.96395	-1.2672	-1.2841	-0.91654	0.038015	0.72911	0.85155	0.6551	0.49027	0.17298	-0.011553	-0.11738	-0.18504	-0.20438	-0.18434	-0.19101	-0.16567	-0.14114	-0.064079	-0.040161	5.8849
887.95	-0.01198	-0.043311	-0.045365	-0.10576	-0.14556	-0.20516	-0.36678	-0.49989	-0.6171	-0.91366	-1.1477	-1.3147	-1.2611	-0.78228	0.084531	0.74865	0.85685	0.65097	0.48059	0.14369	-0.021841	-0.12921	-0.18121	-0.20482	-0.19762	-0.20493	-0.17103	-0.13119	-0.05815	-0.046941	5.535
886.78	-0.0076168	-0.046635	-0.0532	-0.10081	-0.16481	-0.24801	-0.37377	-0.52907	-0.64128	-1.0511	-1.1397	-1.3612	-1.2456	-0.79186	0.075329	0.73165	0.85193	0.62499	0.46965	0.12228	-0.033001	-0.14186	-0.19163	-0.2051	-0.20595	-0.19337	-0.17293	-0.1203	-0.042607	-0.035273	5.2698
886.99	0.0055153	-0.016411	-0.070462	-0.10502	-0.19049	-0.24425	-0.38181	-0.53326	-0.64113	-0.90557	-1.0054	-1.137	-1.0991	-0.78313	0.14042	0.73148	0.86469	0.61188	0.4315	0.12585	-0.04498	-0.1347	-0.20177	-0.21109	-0.19139	-0.19586	-0.15787	-0.11711	-0.040861	-0.026051	4.9576
887.42	0.0055126	-0.0066102	-0.04453	-0.093099	-0.18944	-0.29593	-0.39626	-0.5494	-0.61664	-1.0231	-1.225	-1.1722	-1.1502	-0.74868	0.14964	0.70414	0.86513	0.59586	0.41889	0.095215	-0.074051	-0.15424	-0.20846	-0.21876	-0.19129	-0.18816	-0.14946	-0.10758	-0.026968	-0.01013	4.6833
888.17	0.038729	0.015415	-0.049667	-0.1176	-0.20926	-0.29384	-0.39592	-0.55584	-0.61029	-0.85902	-0.97536	-1.1087	-1.0977	-0.61185	0.27952	0.90122	0.85492	0.57411	0.38715	0.08076	-0.074844	-0.16479	-0.21337	-0.22375	-0.19355	-0.18547	-0.12518	-0.095651	-0.027813	-0.0009209	4.4149
888.06	0.036984	0.022756	-0.049673	-0.11592	-0.21309	-0.28463	-0.39272	-0.53779	-0.62203	-0.93168	-0.96592	-1.0641	-0.94319	-0.58639	0.14953	0.82046	0.84725	0.56308	0.37233	0.064595	-0.085114	-0.17282	-0.22272	-0.22119	-0.20163	-0.1914	-0.14602	-0.096451	-0.030416	-0.0042658	4.1541
887.31	0.051019	0.0072653	-0.058349	-0.14231	-0.23803	-0.30707	-0.40768	-0.52789	-0.65257	-0.97786	-0.90933	-1.0202	-0.97837	-0.43352	0.37274	0.88409	0.84711	0.54783	0.36769	0.058353	-0.087753	-0.18366	-0.21018	-0.21361	-0.19051	-0.16876	-0.12947	-0.092585	0.00078079	0.040947	3.9706
888.7	0.073656	0.018664	-0.064292	-0.15564	-0.2291	-0.28627	-0.39893	-0.53137	-0.64073	-0.65911	-0.91746	-1.0007	-0.86527	-0.58597	0.28863	0.83782	0.84147	0.52943	0.33575	0.049282	-0.080781	-0.18337	-0.22849	-0.23482	-0.18458	-0.17103	-0.12593	-0.079034	0.028488	0.052589	3.7476
889.87	0.0404	0.01457	-0.06679	-0.15459	-0.2307	-0.29327	-0.39192	-0.51948	-0.59416	-0.73064	-0.85899	-0.83874	-0.88127	-0.38979	0.31605	0.80085	0.84381	0.52135	0.33365	0.0259	-0.11651	-0.18135	-0.22057	-0.20955	-0.1779	-0.16827	-0.12161	-0.096255	0.022397	0.031645	3.5291
890.09	0.063071	0.022704	-0.077964	-0.16386	-0.23824	-0.29689	-0.41695	-0.53227	-0.58986	-0.77573	-0.87787	-1.0617	-0.69255	-0.38969	0.25111	0.85444	0.83242	0.50463	0.31709	0.027686	-0.10966	-0.19819	-0.22644	-0.20864	-0.18349	-0.16655	-0.13322	-0.076549	-0.016513	0.039985	3.3713
889.77	0.057859	-0.0074063	-0.07799	-0.158	-0.25352	-0.297	-0.40737	-0.49802	-0.62998	-0.93895	-0.78275	-0.98168	-0.64993	-0.36434	0.33464	0.86373	0.82066	0.49281	0.28918	0.0016863	-0.12165	-0.20271	-0.21468	-0.22938	-0.17632	-0.15482	-0.12661	-0.077366	0.010294	0.046681	3.2211
891.58	0.050775	-8.1102e-005	-0.075255	-0.18131	-0.23784	-0.31297	-0.39521	-0.52708	-0.63368	-0.72925	-0.81925	-0.87277	-0.74271	-0.32121	0.55597	0.90673	0.81384	0.4734	0.28777	0.0097392	-0.12481	-0.19254	-0.23028	-0.2143	-0.16553	-0.15954	-0.10893	-0.069349	0.03444	0.060753	3.0906
894.99	0.048845	0.017724	-0.084384	-0.18651	-0.23505	-0.30444	-0.38807	-0.52421	-0.60068	-0.76248	-0.74021	-0.80732	-0.83363	-0.32843	0.4064	0.87651	0.827	0.46059	0.267	-0.0081316	-0.13112	-0.18915	-0.23108	-0.21177	-0.17369	-0.15726	-0.10521	-0.075347	0.013671	0.033125	2.9509
896.7	0.039227	0.0015354	-0.10217	-0.18112	-0.25062	-0.31759	-0.38813	-0.5403	-0.60613	-0.83289	-0.80509	-0.80578	-0.76399	-0.24349	0.47001	0.77696	0.80321	0.45148	0.2624	-0.018795	-0.13849	-0.19585	-0.22393	-0.20283	-0.17735	-0.15445	-0.11739	-0.068953	0.033384	0.05212	2.8568
897.23	0.059972	-0.017031	-0.096127	-0.16507	-0.2467	-0.31465	-0.41845	-0.52632	-0.60825	-0.77854	-0.66266	-0.90269	-0.77204	-0.25176	0.52491	0.96326	0.79334	0.44846	0.25652	-0.011669	-0.12656	-0.20719	-0.2196	-0.21295	-0.1605	-0.13682	-0.095877	-0.059541	0.024787	0.053744	2.7991
896.27	0.044445	-0.0081602	-0.095376	-0.19716	-0.2498	-0.3269	-0.40119	-0.53458	-0.60642	-0.69848	-0.81496	-0.87706	-0.64521	-0.30266	0.58985	0.79513	0.80274	0.45077	0.25353	-0.0099015	-0.13347	-0.20124	-0.22068	-0.20549	-0.17025	-0.15369	-0.11331	-0.058822	0.032543	0.060435	2.7141
896.06	0.054853	-0.0089715	-0.093688	-0.17537	-0.26777	-0.32056	-0.4198	-0.54667	-0.63877	-0.93236	-0.91939	-0.91273	-0.87519	-0.18462	0.52556	0.82206	0.80122	0.44447	0.24704	-0.022372	-0.14876	-0.20128	-0.22409	-0.19357	-0.16071	-0.14955	-0.11252	-0.028338	0.029114	0.066252	2.7308
895.31	0.0575	0.0080089	-0.099756	-0.19065	-0.26988	-0.31441	-0.42176	-0.54285	-0.61368	-0.87016	-0.79686	-0.86913	-0.70554	-0.28609	0.51681	0.90295	0.80274	0.43292	0.24724	-0.020607	-0.13531	-0.1829	-0.21671	-0.19972	-0.16165	-0.13963	-0.086167	-0.055755	0.02656	0.05137	2.7096
891.69	0.047284	-0.015513	-0.10961	-0.2024	-0.27856	-0.33686	-0.43157	-0.55365	-0.63941	-0.86467	-0.79058	-1.0419	-0.66564	-0.27029	0.5374	0.84398	0.78367	0.43192	0.23755	-0.019797	-0.14268	-0.20404	-0.21506	-0.19022	-0.15348	-0.13683	-0.11971	-0.033193	0.024078	0.057411	2.7354
888.38	0.067563	-0.016386	-0.10829	-0.18281	-0.28245	-0.3335	-0.43885	-0.56951	-0.64595	-0.80442	-0.7744	-0.91168	-0.6767	-0.33087	0.46513	0.85608	0.80038	0.44369	0.26321	-0.010887	-0.12868	-0.20658	-0.21162	-0.20128	-0.14841	-0.13397	-0.10599	-0.038048	0.012041	0.051771	2.7308
886.46	0.037928	-0.018872	-0.12495	-0.1934	-0.27925	-0.33237	-0.42191	-0.59494	-0.64235	-0.7789	-0.91978	-0.87781	-0.66957	-0.31452	0.45684	0.76791	0.79952	0.44002	0.25385	-0.026215	-0.12896	-0.199	-0.21038	-0.18788	-0.16407	-0.14102	-0.11457	-0.026274	0.015541	0.036798	2.7293
883.9	0.038916	-0.022204	-0.10191	-0.19566	-0.27624	-0.35283	-0.44516	-0.56286	-0.65258	-0.74469	-0.8744	-1.0781	-0.77505	-0.24701	0.43015	0.80626	0.79491	0.44408	0.24629	-0.012749	-0.13191	-0.20405	-0.22036	-0.19276	-0.15969	-0.14058	-0.10318	-0.051718	0.029515	0.057919	2.7445
882.41	0.039863	-0.020601	-0.10903	-0.19258	-0.26904	-0.33017	-0.42466	-0.54037	-0.64446	-0.80987	-0.86626	-1.0079	-0.71587	-0.35025	0.48697	0.8438	0.81275	0.45972	0.25668	-0.022718	-0.13643	-0.19902	-0.21817	-0.19222	-0.15023	-0.12978	-0.079044	-0.031159	0.029565	0.040333	2.7126
881.12	0.044326	-0.018987	-0.11267	-0.23045	-0.26943	-0.35301	-0.44656	-0.57767	-0.64959	-0.82932	-0.81934	-0.93723	-0.62168	-0.29928	0.39407	0.80878	0.8061	0.4548	0.25705	-0.011882	-0.13232	-0.20739	-0.21678	-0.19772	-0.15775	-0.14187	-0.088394	-0.037565	0.033974	0.04798	2.7126
880.8	0.041697	-0.016526	-0.13445	-0.19635	-0.30119	-0.34289	-0.45	-0.58571	-0.66075	-0.87535	-0.64609	-0.92853	-0.81242	-0.27363	0.32866	0.8544	0.81074	0.44098	0.25798	-0.013699	-0.12289	-0.1913	-0.19891	-0.17691	-0.15781	-0.1164	-0.085067	-0.038375	0.028745	0.042094	2.7475
880.48	0.032012	-0.02229	-0.11797	-0.22292	-0.29746	-0.36352	-0.43951	-0.58332	-0.67443	-0.91226	-0.95495	-0.84769	-0.75207	-0.23081	0.40373	0.86376	0.82757	0.45699	0.29139	0.00079818	-0.12293	-0.17431	-0.2007	-0.18307	-0.15218	-0.13517	-0.087619	-0.02884	0.011274	0.055612	2.8675
880.16	0.030259	-0.042049	-0.1241	-0.23925	-0.30525	-0.37858	-0.46671	-0.60355	-0.673	-0.80277	-0.86846	-0.97435	-0.72636	-0.35114	0.50697	0.87315	0.82962	0.4814	0.28483	0.031626	-0.10313	-0.16269	-0.18196	-0.17704	-0.12136	-0.11989	-0.091014	-0.055123	0.013901	0.050567	3.0299
880.7	0.031124	-0.02722	-0.12838	-0.23227	-0.28971	-0.37741	-0.46316	-0.60927	-0.70535	-0.93032	-1.0029	-0.92865	-0.91644	-0.43678	0.42236	0.90886	0.85173	0.50721	0.29965	0.031607	-0.1048	-0.14733	-0.17073	-0.16215	-0.12778	-0.10876	-0.062396	-0.016899	0.018263	0.035349	3.1665
881.66	0.034614	-0.018154	-0.14649	-0.22263	-0.32677	-0.404	-0.49128	-0.61382	-0.71465	-1.039	-0.98256	-1.0268	-0.85489	-0.41058	0.33771	0.88073	0.8647	0.53738	0.36173	0.062348	-0.07712	-0.13372	-0.1603	-0.14198	-0.12683	-0.11629	-0.055616	-0.019265	0.042682	0.06902	3.3804
882.73	0.035449	-0.027157	-0.13242	-0.23344	-0.31298	-0.3905	-0.49314	-0.6287	-0.74312	-0.84607	-0.91403	-1.0435	-0.94026	-0.46147	0.41205	0.84349	0.86192	0.54045	0.36378	0.086681	-0.053798	-0.11654	-0.16267	-0.14355	-0.11047	-0.10596	-0.04549	-0.027972	0.040887	0.073145	3.5762
883.47	0.0196	-0.024675	-0.13058	-0.24517	-0.32706	-0.4041	-0.50334	-0.6169	-0.71905	-0.95476	-1.1343	-1.0067	-0.98262	-0.54664	0.29033	0.93311	0.8664	0.58831	0.40582	0.10738	-0.029686	-0.099435	-0.11822	-0.11655	-0.094188	-0.076178	-0.051315	-0.0097054	0.024304	0.037761	3.7825
885.39	0.029204	-0.022167	-0.14327	-0.24889	-0.32158	-0.41713	-0.51609	-0.67613	-0.79603	-1.0619	-1.2086	-1.2288	-1.1183	-0.74186	0.29901	0.92208	0.86971	0.6167	0.42896	0.14681	-0.014186	-0.090288	-0.13327	-0.11889	-0.086711	-0.087863	-0.04452	-0.012851	0.039025	0.061178	4.0479
888.06	0.029116	-0.017208	-0.13335	-0.25408	-0.34535	-0.42789	-0.52916	-0.66116	-0.78198	-0.97704	-1.052	-1.1804	-1.0463	-0.84178	0.19596	0.76652	0.87831	0.63795	0.45328	0.16344	0.0098018	-0.062415	-0.10744	-0.10818	-0.088869	-0.064813	-0.044385	-0.0049221	0.031109	0.068523	4.2618
890.73	0.042106	-0.027726	-0.13639	-0.24825	-0.33293	-0.41463	-0.55106	-0.66606	-0.7788	-1.1098	-1.2013	-1.3819	-1.2915	-0.81381	0.093522	0.8807	0.86278	0.65632	0.49227	0.1746	0.033641	-0.064003	-0.10036	-0.089794	-0.07174	-0.055364	-0.043422	-0.00018694	0.065574	0.068318	4.5514
892.43	0.034196	-0.023614	-0.15845	-0.26717	-0.3323	-0.42212	-0.55243	-0.69655	-0.83037	-1.0535	-1.18	-1.3081	-1.3659	-0.95627	-0.017567	0.85219	0.87229	0.67897	0.50366	0.21004	0.063358	-0.03287	-0.079925	-0.087904	-0.062787	-0.050218	-0.01847	0.010021	0.042166	0.058195	4.8182
894.67	0.020222	-0.043796	-0.15035	-0.27913	-0.3598	-0.42749	-0.55024	-0.70765	-0.84814	-1.1499	-1.3384	-1.5001	-1.4051	-1.182	-0.091266	0.74303	0.86411	0.70755	0.53355	0.22646	0.060654	-0.021299	-0.071311	-0.075696	-0.058631	-0.043392	-0.027518	0.0060776	0.03862	0.063031	5.0728
