14421	6	3	91	31.1	748	1	14	8	3.103	128	4096	10	0	0	0	0	397.14	1626.5	1.8275e+006	0.15266	0.10045	53.374	0	0	1	0	0	0	11	0	0
1513	0.027591	-0.015826	-0.17667	-0.30661	-0.41866	-0.54803	-0.70217	-0.92194	-1.1298	-1.6977	-2.1226	-2.4339	-2.832	-2.8296	-1.3878	-0.024371	0.64091	0.87981	0.83848	0.54442	0.34691	0.2065	0.10695	0.065737	0.041546	0.022431	0.021956	0.028956	0.040385	0.044807	8.1382
1498.4	0.0097225	-0.037732	-0.18402	-0.32869	-0.44473	-0.572	-0.74031	-0.96416	-1.1986	-1.6712	-2.1263	-2.5054	-2.9054	-3.0641	-1.5444	-0.16308	0.58989	0.8851	0.84323	0.56677	0.3589	0.20324	0.10096	0.042857	0.035268	0.0086433	0.017231	0.018014	0.029995	0.036318	8.4375
1485.2	0.005103	-0.034165	-0.18255	-0.32755	-0.45834	-0.58371	-0.77018	-0.99386	-1.2336	-1.8108	-2.2652	-2.7469	-3.1571	-3.361	-1.808	-0.19139	0.53322	0.88521	0.86058	0.58147	0.38612	0.22846	0.11452	0.071608	0.045694	0.029411	0.033325	0.038934	0.048912	0.040642	8.7791
1474.2	0.019889	-0.018699	-0.18548	-0.33867	-0.4887	-0.5953	-0.78571	-1.0392	-1.2714	-1.9063	-2.3455	-2.9129	-3.3876	-3.5707	-2.0005	-0.36604	0.4712	0.8829	0.87347	0.60529	0.41269	0.25484	0.13835	0.082537	0.069808	0.050981	0.04612	0.037323	0.052409	0.040945	9.1477
1467.2	-0.0033022	-0.027671	-0.19001	-0.35157	-0.4916	-0.60427	-0.81155	-1.0687	-1.3147	-1.9976	-2.5244	-3.0079	-3.6272	-3.8453	-2.2686	-0.52551	0.39459	0.89044	0.89161	0.63916	0.43587	0.27868	0.15491	0.087104	0.063314	0.036411	0.042304	0.051826	0.030106	0.039114	9.4559
1463.8	-0.019223	-0.046538	-0.21662	-0.34776	-0.50833	-0.62868	-0.8376	-1.0942	-1.3673	-2.0023	-2.5593	-3.1235	-3.8024	-4.1797	-2.5105	-0.69575	0.31177	0.87907	0.8972	0.65919	0.44726	0.2869	0.1635	0.1051	0.073234	0.046222	0.049984	0.038066	0.032804	0.021948	9.8123
1460.9	-0.0027843	-0.03374	-0.21705	-0.39895	-0.51802	-0.65971	-0.86049	-1.1216	-1.408	-2.1717	-2.7097	-3.1786	-4.024	-4.4571	-2.6623	-0.85554	0.2201	0.86845	0.89798	0.67744	0.46894	0.30695	0.18032	0.12157	0.074361	0.050419	0.039449	0.049173	0.04077	0.031146	10.194
1461.3	-0.00065824	-0.066443	-0.20598	-0.37771	-0.51325	-0.65728	-0.88838	-1.1553	-1.436	-2.0388	-2.7961	-3.2429	-4.1951	-4.7766	-2.8422	-1.0246	0.122	0.86147	0.91128	0.71656	0.50259	0.32905	0.20808	0.13569	0.091469	0.066816	0.060701	0.056353	0.039179	0.048425	10.553
1463.5	-0.0070244	-0.054961	-0.20096	-0.36378	-0.52114	-0.64508	-0.89001	-1.1703	-1.4869	-2.1569	-2.85	-3.4335	-4.3921	-4.9606	-3.2155	-1.2466	0.017641	0.83214	0.8994	0.73077	0.53349	0.34477	0.21343	0.15433	0.11675	0.084127	0.068193	0.053873	0.033338	0.034138	10.932
1465.9	-0.004364	-0.038074	-0.20534	-0.37654	-0.52029	-0.66083	-0.8989	-1.1778	-1.5062	-2.2193	-2.9149	-3.5525	-4.5567	-5.4064	-3.4241	-1.4351	-0.064439	0.83023	0.90144	0.74754	0.54557	0.3647	0.24749	0.15983	0.13461	0.090127	0.067577	0.066214	0.034858	0.028506	11.275
1468.6	-0.0096432	-0.042934	-0.19401	-0.37123	-0.51876	-0.66688	-0.90068	-1.2075	-1.5483	-2.281	-3.0887	-3.6163	-4.7249	-5.6075	-3.7042	-1.677	-0.18639	0.79964	0.89778	0.76519	0.57042	0.39311	0.26394	0.18353	0.14021	0.1017	0.080047	0.078021	0.051037	0.041102	11.664
1473.3	-0.012775	-0.048207	-0.20379	-0.38181	-0.53203	-0.67368	-0.88559	-1.226	-1.5755	-2.3941	-3.1942	-3.8152	-5.0516	-5.8617	-3.9892	-1.8234	-0.30956	0.75921	0.89643	0.7893	0.60727	0.42031	0.28355	0.20583	0.16549	0.12528	0.095361	0.077299	0.054532	0.036433	12.055
1479.4	-0.0043242	-0.034299	-0.19466	-0.3553	-0.50755	-0.68199	-0.9141	-1.237	-1.5995	-2.3787	-3.2843	-3.9014	-5.3143	-6.2719	-4.2235	-2.064	-0.45121	0.72056	0.87735	0.8006	0.61554	0.43888	0.30222	0.22051	0.17206	0.13236	0.11247	0.092136	0.057947	0.042309	12.422
1485.6	0.0030101	-0.027329	-0.18869	-0.35735	-0.49974	-0.64764	-0.92678	-1.2442	-1.6341	-2.423	-3.3277	-3.9706	-5.4512	-6.5357	-4.5334	-2.3669	-0.5901	0.67389	0.8638	0.81659	0.64056	0.47004	0.32983	0.24434	0.1906	0.14644	0.12295	0.1026	0.062367	0.050134	12.815
1491.9	0.001957	-0.035467	-0.18635	-0.36694	-0.52254	-0.67405	-0.96732	-1.2615	-1.6629	-2.4721	-3.4844	-4.1987	-5.8268	-6.9286	-4.962	-2.5976	-0.73447	0.64408	0.84785	0.83987	0.67042	0.48978	0.34962	0.25563	0.20034	0.16139	0.1264	0.10263	0.058492	0.043447	13.2
1498.7	-0.0089319	-0.036757	-0.16864	-0.34771	-0.51681	-0.68088	-0.94324	-1.2881	-1.6604	-2.5147	-3.497	-4.1162	-6.0754	-7.2758	-5.2588	-2.8628	-0.90497	0.58367	0.8225	0.84515	0.69477	0.52187	0.37517	0.28669	0.21996	0.18067	0.1589	0.12181	0.075687	0.058621	13.635
1504.1	-0.010449	-0.036144	-0.17364	-0.35697	-0.53574	-0.66971	-0.92835	-1.2875	-1.7026	-2.5271	-3.5861	-4.3814	-6.3326	-7.5815	-5.5635	-3.1974	-1.0703	0.52974	0.8098	0.86652	0.71298	0.52894	0.38384	0.29585	0.23677	0.187	0.1662	0.1251	0.084113	0.057422	14.005
1507.7	-0.0021841	-0.032214	-0.1778	-0.33415	-0.51596	-0.67953	-0.97013	-1.3307	-1.7446	-2.6012	-3.6845	-4.55	-6.6614	-7.8691	-5.851	-3.3856	-1.2268	0.47347	0.77769	0.85756	0.72385	0.53816	0.39889	0.30937	0.24853	0.19699	0.15943	0.11969	0.059411	0.05482	14.463
1507.9	-0.015057	-0.036533	-0.16101	-0.36106	-0.50972	-0.717	-1.0083	-1.332	-1.7704	-2.6436	-3.8079	-4.66	-6.9083	-8.2741	-6.2058	-3.7291	-1.3882	0.43095	0.76445	0.88126	0.74037	0.57269	0.43029	0.33473	0.26368	0.21833	0.17216	0.14151	0.081348	0.058262	14.851
1502.7	-0.031643	-0.059793	-0.1845	-0.3618	-0.53622	-0.69434	-0.9719	-1.3687	-1.8341	-2.7438	-4.0018	-4.8188	-7.3382	-8.6498	-6.5345	-4.1031	-1.5954	0.35268	0.72998	0.88323	0.75758	0.59571	0.44379	0.34404	0.27982	0.22657	0.189	0.14246	0.066778	0.046596	15.265
1493.7	-0.027156	-0.036395	-0.1928	-0.36651	-0.54964	-0.71282	-1.0048	-1.4124	-1.865	-2.782	-4.0772	-5.0287	-7.5918	-9.2031	-7.1206	-4.4805	-1.8276	0.27513	0.69756	0.89124	0.77944	0.60831	0.46411	0.36714	0.293	0.23345	0.19509	0.14614	0.072333	0.046878	15.668
1481.1	-0.044686	-0.075822	-0.18512	-0.35843	-0.54175	-0.74103	-1.0318	-1.4595	-1.9222	-2.8871	-4.2321	-5.2161	-7.8415	-9.8017	-7.5596	-4.8417	-2.0769	0.20154	0.65444	0.90471	0.80091	0.62254	0.47871	0.37853	0.29934	0.24808	0.20024	0.14454	0.075024	0.037743	16.092
1466.1	-0.060503	-0.076107	-0.20427	-0.37289	-0.5646	-0.74192	-1.0832	-1.4771	-1.9692	-2.9936	-4.3566	-5.5513	-8.3018	-10.428	-8.1322	-5.365	-2.3454	0.10115	0.61063	0.91672	0.82881	0.65967	0.50108	0.39339	0.31266	0.25472	0.20886	0.13981	0.055324	0.021407	16.417
1448.4	-0.081075	-0.095035	-0.20517	-0.39147	-0.57848	-0.74642	-1.1054	-1.4903	-2.0172	-3.0746	-4.6442	-5.6738	-8.4135	-10.926	-8.5786	-5.794	-2.5913	0.012275	0.57502	0.92293	0.84311	0.68518	0.52226	0.41458	0.3219	0.26093	0.21753	0.15264	0.059185	0.028337	16.878
1429	-0.075657	-0.094807	-0.21225	-0.39363	-0.54555	-0.74049	-1.1442	-1.5776	-2.1549	-3.201	-4.7371	-6.0289	-8.7948	-11.577	-9.2494	-6.2525	-2.8834	-0.076017	0.54024	0.94554	0.88274	0.70888	0.54411	0.42397	0.33379	0.27496	0.22671	0.16207	0.063221	0.013643	17.247
1409.8	-0.11084	-0.13155	-0.2309	-0.40434	-0.59915	-0.81523	-1.1884	-1.6247	-2.1518	-3.3189	-4.9463	-6.331	-9.2341	-12.266	-9.7735	-6.7342	-3.1385	-0.17196	0.48778	0.93863	0.88994	0.71912	0.55848	0.44334	0.34291	0.27659	0.21825	0.15583	0.047708	0.013829	17.631
1393.6	-0.10599	-0.11956	-0.23248	-0.38418	-0.59032	-0.77873	-1.1862	-1.6375	-2.2792	-3.3863	-5.1072	-6.5411	-9.6256	-12.777	-10.36	-7.2301	-3.442	-0.27408	0.44448	0.96725	0.91768	0.74957	0.59249	0.47376	0.3669	0.29862	0.22662	0.1682	0.066483	0.018255	18.003
1379.7	-0.12733	-0.14019	-0.22317	-0.42735	-0.59936	-0.8467	-1.1401	-1.6901	-2.2958	-3.4848	-5.3496	-6.6534	-10.093	-13.427	-10.967	-7.7892	-3.7484	-0.38752	0.38358	0.96547	0.92256	0.78238	0.60231	0.48744	0.37839	0.30707	0.26216	0.17498	0.07106	0.015747	18.386
1367.1	-0.13986	-0.16162	-0.24204	-0.43515	-0.61478	-0.81728	-1.2008	-1.7281	-2.3814	-3.5228	-5.4922	-6.9298	-10.359	-14.054	-11.388	-8.1821	-3.9914	-0.47996	0.33615	0.96738	0.94552	0.79711	0.6365	0.49811	0.40124	0.31977	0.2478	0.17147	0.044696	0.0017626	18.725
1361.3	-0.15984	-0.17667	-0.25882	-0.43532	-0.62171	-0.82676	-1.2095	-1.7489	-2.3099	-3.6205	-5.5403	-7.1165	-10.61	-14.474	-11.83	-8.5625	-4.2463	-0.5676	0.28853	0.95914	0.95285	0.80163	0.63033	0.49795	0.39242	0.31506	0.25048	0.16601	0.039231	-0.0086016	19.037
1363.1	-0.16134	-0.1945	-0.28096	-0.45187	-0.59983	-0.82448	-1.1551	-1.7084	-2.4144	-3.5744	-5.5144	-7.2762	-10.742	-14.827	-12.292	-8.9553	-4.4482	-0.66381	0.23488	0.95614	0.96665	0.80465	0.64277	0.51698	0.40345	0.3361	0.25992	0.17659	0.05273	-0.016766	19.409
1368.1	-0.19083	-0.20067	-0.28106	-0.41996	-0.63098	-0.80826	-1.2009	-1.7795	-2.4293	-3.5496	-5.6742	-7.3483	-10.881	-15.198	-12.561	-9.3542	-4.6542	-0.74538	0.18898	0.96314	0.96589	0.82136	0.66573	0.52629	0.41766	0.3387	0.26492	0.17953	0.029474	-0.021592	19.677
1376.5	-0.22238	-0.23364	-0.26208	-0.44254	-0.60686	-0.81463	-1.2276	-1.6639	-2.4091	-3.5746	-5.6826	-7.3379	-11.014	-15.418	-12.885	-9.5751	-4.8204	-0.81475	0.15159	0.94796	0.9721	0.84504	0.67148	0.52973	0.4151	0.33227	0.26598	0.1769	0.03712	-0.013903	19.966
1390	-0.21129	-0.24806	-0.32183	-0.45505	-0.60707	-0.82329	-1.1467	-1.7051	-2.3985	-3.5574	-5.6337	-7.3641	-11.127	-15.623	-13.093	-9.7638	-4.9662	-0.89722	0.089437	0.92271	0.9485	0.8181	0.64766	0.52131	0.40748	0.32312	0.25968	0.15553	0.017939	-0.034616	20.247
1407.9	-0.22239	-0.23667	-0.32535	-0.43375	-0.63535	-0.80815	-1.2218	-1.7722	-2.2871	-3.495	-5.6224	-7.2873	-11.088	-15.623	-13.202	-9.923	-5.0663	-0.96802	0.058081	0.91097	0.95585	0.83633	0.66348	0.53971	0.41551	0.33765	0.26846	0.16251	0.025909	-0.034176	20.495
1426	-0.27946	-0.28141	-0.35292	-0.48895	-0.60714	-0.74781	-1.2022	-1.7212	-2.381	-3.3942	-5.5212	-7.3898	-10.98	-15.615	-13.242	-10.032	-5.1792	-1.0214	0.011564	0.89941	0.94211	0.8235	0.66139	0.53339	0.41174	0.33651	0.25831	0.15701	0.0072307	-0.042078	20.743
1440.8	-0.29438	-0.30567	-0.38652	-0.44267	-0.68068	-0.78117	-1.1724	-1.811	-2.4157	-3.2811	-5.3114	-7.2424	-10.909	-15.523	-13.353	-10.112	-5.2049	-1.0451	-0.00077397	0.88189	0.94511	0.82384	0.66402	0.52952	0.40255	0.32214	0.24642	0.15978	-0.003525	-0.064854	20.941
1454.6	-0.33536	-0.366	-0.38812	-0.48504	-0.64633	-0.70942	-1.2812	-1.8659	-2.3749	-3.0007	-5.0741	-6.9879	-10.633	-15.314	-13.079	-9.9776	-5.1886	-1.0645	-0.0083305	0.87625	0.93457	0.81275	0.65254	0.51975	0.3948	0.31084	0.2217	0.13128	-0.017776	-0.083648	21.129
1468.6	-0.37551	-0.36941	-0.41885	-0.525	-0.5435	-0.81443	-1.3869	-2.0474	-2.6016	-3.005	-4.5516	-6.4939	-10.266	-14.946	-12.853	-9.8226	-5.102	-1.0504	-0.0087492	0.87006	0.92927	0.8093	0.64733	0.5054	0.38859	0.3094	0.22866	0.11953	-0.035946	-0.10208	21.296
1477.8	-0.37579	-0.39014	-0.45926	-0.43818	-0.64302	-0.83823	-1.5476	-2.413	-2.8221	-3.2424	-4.2186	-5.5664	-9.0926	-13.916	-12.036	-9.367	-4.7726	-0.91332	0.074691	0.90621	0.94967	0.8326	0.66214	0.51987	0.40214	0.31051	0.22873	0.12542	-0.042491	-0.10848	21.443
1480.9	-0.40751	-0.39323	-0.41432	-0.46573	-0.59146	-0.847	-1.875	-2.4121	-3.031	-3.154	-4.0263	-4.9754	-6.7714	-10.865	-9.3985	-7.9571	-3.9912	-0.66863	0.22065	0.94256	0.96921	0.84314	0.66989	0.52136	0.39067	0.29619	0.21326	0.11002	-0.064744	-0.13484	21.546
1482.8	-0.41171	-0.40446	-0.39985	-0.46159	-0.65568	-1.0989	-2.3775	-2.6751	-2.8795	-3.1283	-3.9754	-3.9674	-4.5201	-7.8584	-6.9337	-6.4993	-3.203	-0.40319	0.35195	0.96398	0.97106	0.82128	0.66093	0.50934	0.37908	0.29228	0.2075	0.10043	-0.075562	-0.13717	21.643
1484.1	-0.33182	-0.34114	-0.3396	-0.48501	-0.97562	-1.6836	-2.4468	-2.3733	-2.5529	-2.8215	-3.6342	-4.4508	-4.254	-5.0852	-5.088	-5.1169	-2.4836	-0.16832	0.48804	0.98622	0.96404	0.8232	0.65627	0.51042	0.38886	0.29707	0.20781	0.099393	-0.072382	-0.12954	21.686
1481.3	-0.32196	-0.3501	-0.35266	-0.63836	-1.2421	-2.0503	-2.4363	-2.6462	-2.5358	-2.99	-3.2628	-3.8962	-3.4073	-4.4109	-4.6578	-4.507	-2.1376	-0.0096082	0.55928	1.0005	0.96893	0.81781	0.64887	0.50777	0.38573	0.29308	0.2172	0.10147	-0.063167	-0.10872	21.75
1474.1	-0.29826	-0.31153	-0.4994	-0.92389	-1.7492	-2.2876	-2.3803	-2.4113	-2.488	-3.0703	-2.9159	-3.1609	-3.0412	-3.93	-4.1828	-4.0312	-1.8493	0.11396	0.63916	1.0216	0.9768	0.8197	0.65513	0.50559	0.37647	0.28638	0.2007	0.1053	-0.054605	-0.10472	21.764
1466.5	-0.31781	-0.35117	-0.70885	-1.5225	-2.0158	-2.2966	-2.5372	-2.055	-2.2829	-2.9488	-2.5894	-2.9823	-2.9581	-3.6564	-3.7994	-3.6384	-1.6546	0.20803	0.68498	1.028	0.97149	0.81584	0.64979	0.5035	0.38085	0.28377	0.20275	0.09581	-0.045966	-0.098167	21.749
1459.8	-0.33683	-0.44012	-0.85855	-1.8096	-2.266	-2.1987	-2.3538	-2.0802	-1.7639	-2.4052	-3.0609	-2.8655	-3.327	-3.3523	-4.0317	-3.4584	-1.5478	0.25903	0.71377	1.0191	0.95517	0.79686	0.62289	0.48799	0.36399	0.27636	0.19101	0.094813	-0.053559	-0.11185	21.765
1449.8	-0.45054	-0.611	-1.2745	-1.9222	-2.1183	-2.1708	-2.1745	-1.8224	-1.9306	-2.2328	-2.5665	-2.7372	-2.8764	-2.906	-3.3369	-3.0474	-1.2816	0.36159	0.77939	1.0437	0.96174	0.80071	0.61367	0.47232	0.34232	0.25603	0.176	0.056801	-0.087898	-0.15106	21.768
1436.3	-0.66075	-0.83005	-1.6305	-2.0147	-2.0406	-2.0872	-1.991	-2.031	-1.4595	-2.3155	-2.3837	-2.3482	-2.7283	-2.4911	-3.1501	-2.5982	-1.0638	0.457	0.82911	1.0369	0.94911	0.77135	0.59271	0.44476	0.30471	0.21617	0.12202	-0.013406	-0.20285	-0.28543	21.753
1421	-0.96019	-1.1091	-1.695	-2.0321	-2.031	-2.0351	-1.9302	-1.4765	-1.6246	-1.8472	-2.1225	-1.9598	-2.135	-2.3264	-2.946	-2.2386	-0.87949	0.54221	0.86023	1.0407	0.93153	0.74014	0.55354	0.38754	0.25161	0.14097	0.030145	-0.12056	-0.39132	-0.50706	21.771
1403.1	-1.3604	-1.2415	-1.6615	-1.9213	-1.957	-1.9739	-1.6947	-1.4506	-1.0727	-1.4919	-1.8228	-1.8093	-2.3633	-2.3507	-2.678	-2.1136	-0.70889	0.61114	0.90466	1.0318	0.89904	0.69492	0.50588	0.33024	0.16714	0.061042	-0.077033	-0.26243	-0.6305	-0.80901	21.75
1382.5	-1.7766	-1.6618	-1.5527	-1.8868	-1.7588	-1.7861	-1.6089	-1.2317	-1.1053	-1.4792	-1.3463	-1.9167	-1.7421	-2.1397	-2.5091	-1.8508	-0.52662	0.66301	0.9224	0.99006	0.84159	0.62521	0.42249	0.24428	0.078579	-0.047554	-0.18414	-0.41434	-0.86311	-1.1016	21.722
1357	-2.2042	-1.8659	-1.5592	-1.6503	-1.6305	-1.6084	-1.3834	-1.2204	-1.1969	-1.3882	-1.3716	-1.4902	-1.7691	-1.6784	-2.0456	-1.4621	-0.24857	0.75044	0.96672	0.96452	0.79805	0.56643	0.35498	0.17322	0.00046456	-0.11306	-0.27318	-0.50731	-1.0313	-1.3068	21.622
1328.2	-2.4233	-1.9969	-1.3796	-1.477	-1.5533	-1.6063	-1.3124	-1.3305	-1.2591	-1.2243	-1.2927	-1.1757	-1.572	-1.6294	-1.8168	-1.2595	-0.083807	0.83099	0.99929	0.96501	0.76906	0.55193	0.32471	0.1366	-0.032374	-0.17138	-0.30083	-0.54522	-1.0618	-1.3094	21.47
1301.1	-2.2415	-1.6427	-1.4837	-1.5222	-1.5512	-1.5968	-1.4085	-1.2469	-1.2398	-1.1631	-0.9541	-1.1208	-1.3058	-1.489	-1.6454	-1.0219	0.039861	0.87604	1.0071	0.94032	0.74246	0.51115	0.29791	0.12472	-0.0281	-0.15593	-0.29742	-0.51725	-0.97502	-1.2013	21.41
1279.1	-1.6362	-1.5198	-1.2404	-1.5432	-1.5357	-1.4639	-1.4108	-1.3181	-1.2554	-1.2335	-0.97722	-0.81717	-1.1793	-1.3551	-1.4159	-0.92726	0.13698	0.89758	1.0268	0.9472	0.73628	0.51812	0.28304	0.10831	-0.039211	-0.15277	-0.27017	-0.4588	-0.81858	-0.97169	21.311
1261.9	-1.1846	-1.1887	-1.0636	-1.4431	-1.5157	-1.5417	-1.4946	-1.3209	-1.2267	-1.1674	-0.98379	-1.2186	-1.6124	-1.4514	-1.7162	-0.80708	0.098778	0.89679	1.021	0.92341	0.72283	0.49322	0.2696	0.10371	-0.051646	-0.1596	-0.26622	-0.41451	-0.69801	-0.80651	21.183
1251.9	-1.057	-1.1004	-1.0825	-1.2231	-1.4731	-1.3848	-1.3671	-1.3712	-1.3015	-1.1895	-1.1001	-1.1775	-1.5399	-1.5053	-1.6244	-0.95373	0.10813	0.92622	1.0438	0.93904	0.73586	0.48767	0.29038	0.12167	-0.024634	-0.13093	-0.23407	-0.37191	-0.65131	-0.75061	21.023
1255.6	-0.89188	-0.84105	-1.0262	-1.3047	-1.3033	-1.3331	-1.4487	-1.4013	-1.2435	-1.3721	-1.2254	-1.3259	-1.4382	-1.3082	-1.8102	-1.0272	0.10171	0.92547	1.0495	0.9452	0.73855	0.49821	0.29133	0.13596	0.00050209	-0.091754	-0.19332	-0.33064	-0.53173	-0.62178	20.869
1274.8	-0.66224	-0.78238	-1.0192	-1.1351	-1.3195	-1.4154	-1.3771	-1.334	-1.3147	-1.3009	-1.0405	-1.2312	-1.5422	-1.3656	-1.8218	-0.86153	0.12903	0.9386	1.0573	0.95226	0.74769	0.51801	0.30821	0.14894	0.021254	-0.069209	-0.16139	-0.28994	-0.47544	-0.53083	20.675
1309	-0.69712	-0.82279	-0.98202	-1.1491	-1.3347	-1.4047	-1.3356	-1.2669	-1.2866	-1.2792	-1.1689	-1.2233	-1.3795	-1.4858	-1.6544	-0.80243	0.15609	0.94165	1.0397	0.94505	0.73336	0.50749	0.3013	0.13685	0.014142	-0.0674	-0.15491	-0.25506	-0.41716	-0.46871	20.447
1351.8	-0.64689	-0.74904	-0.92541	-1.1004	-1.213	-1.3469	-1.2527	-1.2257	-1.2415	-1.2327	-1.0565	-1.2198	-1.3923	-1.2934	-1.6203	-0.79471	0.17268	0.92335	1.0166	0.90862	0.71631	0.4879	0.2912	0.13138	0.020042	-0.06859	-0.15055	-0.25217	-0.41248	-0.45386	20.219
1402.6	-0.66113	-0.72451	-0.94271	-1.2152	-1.3071	-1.2396	-1.1945	-1.1851	-1.1638	-1.1709	-0.98802	-1.1303	-1.3854	-1.2897	-1.6264	-0.6294	0.19757	0.90574	0.98396	0.86151	0.66873	0.45445	0.27154	0.12389	0.0055491	-0.075193	-0.14141	-0.23654	-0.38439	-0.42419	19.946
1458.8	-0.68407	-0.77949	-0.98304	-1.1358	-1.1101	-1.1299	-1.1228	-1.1473	-1.1189	-1.0484	-0.90918	-1.0813	-1.264	-1.1933	-1.4336	-0.52854	0.25769	0.8877	0.96061	0.81735	0.62837	0.42446	0.25178	0.10494	-0.0093739	-0.083596	-0.15726	-0.25096	-0.41124	-0.45877	19.674
1516.5	-0.72258	-0.74746	-0.9977	-1.1204	-1.0089	-0.99331	-1.0553	-1.0658	-1.013	-0.87577	-0.78503	-0.9197	-1.1606	-1.0183	-1.3084	-0.37689	0.32115	0.88209	0.9294	0.77891	0.59447	0.39216	0.21838	0.080235	-0.031185	-0.10958	-0.1825	-0.27746	-0.43163	-0.50796	19.364
1569.3	-0.72397	-0.73521	-0.94262	-0.98005	-0.94258	-0.95515	-1.0322	-1.0148	-0.85442	-0.85141	-0.764	-0.86848	-1.1993	-0.95512	-1.0804	-0.34385	0.36794	0.85343	0.89296	0.73844	0.54977	0.35376	0.19088	0.061422	-0.046087	-0.12308	-0.18201	-0.27883	-0.42641	-0.47665	19.025
1611.8	-0.65722	-0.71631	-0.88216	-0.92344	-0.94818	-0.94631	-0.89227	-0.83358	-0.83606	-0.72405	-0.76497	-0.78649	-1.04	-0.85962	-0.98545	-0.16646	0.41482	0.83606	0.87037	0.69524	0.50703	0.32189	0.16531	0.033188	-0.060849	-0.13658	-0.19742	-0.2841	-0.43954	-0.49683	18.68
1640.8	-0.67256	-0.74026	-0.87634	-0.90571	-0.90925	-0.84351	-0.76263	-0.74691	-0.77121	-0.72595	-0.6117	-0.79192	-0.87279	-0.79372	-0.8725	-0.12947	0.45696	0.83026	0.84602	0.65715	0.47121	0.28486	0.12935	0.010188	-0.082875	-0.14512	-0.20925	-0.30512	-0.45192	-0.50932	18.285
1656.6	-0.67366	-0.693	-0.85506	-0.90073	-0.83174	-0.8117	-0.7545	-0.7671	-0.70895	-0.66556	-0.68789	-0.71247	-0.86909	-0.79985	-0.8443	-0.046341	0.49286	0.82385	0.82115	0.61814	0.4296	0.25113	0.10631	-0.0074828	-0.10152	-0.16908	-0.23272	-0.31406	-0.45181	-0.49371	17.88
1657.1	-0.63409	-0.67181	-0.78452	-0.84231	-0.83097	-0.79956	-0.75166	-0.70491	-0.6556	-0.68967	-0.55957	-0.60199	-0.8228	-0.74486	-0.75942	0.040358	0.53662	0.8127	0.80938	0.59628	0.4006	0.22719	0.084473	-0.030596	-0.12868	-0.18938	-0.2322	-0.31862	-0.4447	-0.48728	17.48
1643.4	-0.64882	-0.71134	-0.79059	-0.78795	-0.77105	-0.75278	-0.69253	-0.64085	-0.61334	-0.60228	-0.67791	-0.64084	-0.81109	-0.79247	-0.62021	0.064979	0.56394	0.81398	0.79559	0.57211	0.37575	0.20118	0.063192	-0.051829	-0.12931	-0.1978	-0.24584	-0.31786	-0.44372	-0.46873	17.087
1617.4	-0.62852	-0.65156	-0.79617	-0.76848	-0.72701	-0.72426	-0.63453	-0.64735	-0.62547	-0.54223	-0.53654	-0.63639	-0.78166	-0.84258	-0.68625	0.14496	0.59762	0.82603	0.79793	0.56402	0.3583	0.17801	0.041867	-0.080607	-0.15262	-0.21765	-0.27174	-0.32903	-0.44466	-0.46845	16.716
1581.7	-0.59999	-0.64657	-0.75602	-0.75489	-0.68091	-0.6581	-0.64474	-0.65421	-0.6134	-0.68178	-0.46812	-0.60053	-0.75591	-0.91896	-0.56616	0.25418	0.65712	0.83688	0.80156	0.549	0.34719	0.17003	0.02568	-0.079521	-0.15335	-0.20835	-0.26711	-0.32405	-0.43815	-0.47526	16.278
1540.6	-0.59182	-0.63187	-0.72151	-0.71055	-0.68428	-0.66927	-0.64978	-0.58863	-0.5611	-0.58495	-0.50818	-0.65782	-0.86024	-1.0171	-0.6134	0.22472	0.68859	0.85656	0.80487	0.53361	0.33625	0.15301	0.0068213	-0.10153	-0.17416	-0.22267	-0.27665	-0.33179	-0.45035	-0.47686	15.923
1500	-0.62336	-0.63738	-0.68076	-0.68311	-0.67407	-0.65072	-0.5813	-0.54276	-0.6039	-0.6867	-0.66911	-0.67033	-0.80217	-0.95894	-0.54202	0.2574	0.73071	0.8874	0.8335	0.53528	0.33117	0.13765	0.0049987	-0.096621	-0.17219	-0.23519	-0.2866	-0.33656	-0.44355	-0.48728	15.503
1462.6	-0.61702	-0.63884	-0.7029	-0.68104	-0.6376	-0.60733	-0.55772	-0.62318	-0.60217	-0.61066	-0.70946	-0.71464	-0.91136	-1.1024	-0.51079	0.30764	0.75675	0.8989	0.84631	0.55499	0.32823	0.14495	-0.0015642	-0.099619	-0.17122	-0.22686	-0.26814	-0.33895	-0.42334	-0.46013	15.163
1431.2	-0.58715	-0.61641	-0.67014	-0.6397	-0.58781	-0.58508	-0.58305	-0.55976	-0.60038	-0.62404	-0.68942	-0.68035	-1.0752	-1.3062	-0.53928	0.21401	0.75728	0.90197	0.83463	0.54207	0.30836	0.12714	-0.015274	-0.11411	-0.18747	-0.24388	-0.28177	-0.34002	-0.42725	-0.4562	14.787
1406.2	-0.56499	-0.57327	-0.60141	-0.56916	-0.58022	-0.57154	-0.51083	-0.60239	-0.64734	-0.50337	-0.77412	-0.8167	-1.1214	-1.3508	-0.62509	0.31429	0.78816	0.91974	0.85205	0.54658	0.31114	0.11815	-0.025179	-0.11505	-0.19029	-0.24288	-0.28204	-0.32413	-0.41294	-0.43419	14.425
1391.4	-0.54421	-0.53356	-0.55549	-0.54707	-0.55724	-0.54694	-0.52921	-0.5251	-0.67389	-0.74029	-0.84948	-1.0024	-1.3965	-1.5173	-0.72065	0.35776	0.79929	0.91712	0.84529	0.51913	0.29753	0.10861	-0.025447	-0.12343	-0.19848	-0.24223	-0.27493	-0.32757	-0.40959	-0.44414	14.064
1386.2	-0.4824	-0.51101	-0.50839	-0.51221	-0.49106	-0.53419	-0.43131	-0.5641	-0.67482	-0.69077	-0.85268	-1.2353	-1.4788	-1.6158	-0.65197	0.34186	0.8128	0.94129	0.85217	0.53029	0.30084	0.10844	-0.026628	-0.13053	-0.18581	-0.24314	-0.26956	-0.30151	-0.3706	-0.38524	13.697
1387.2	-0.4373	-0.46472	-0.48154	-0.4424	-0.4286	-0.39891	-0.48405	-0.60624	-0.6013	-0.74256	-0.95004	-1.3147	-1.6042	-1.7073	-0.69909	0.35313	0.82329	0.93947	0.85371	0.51842	0.28804	0.094123	-0.043976	-0.13762	-0.19548	-0.23973	-0.26085	-0.29928	-0.34816	-0.36141	13.291
1392.2	-0.41286	-0.43079	-0.41157	-0.36079	-0.40703	-0.35856	-0.52583	-0.55179	-0.58213	-0.72832	-0.93442	-1.3043	-1.719	-1.7175	-0.77358	0.33466	0.82088	0.92431	0.84221	0.49936	0.26628	0.082992	-0.049225	-0.14208	-0.18964	-0.23941	-0.2631	-0.28361	-0.33364	-0.34624	12.935
1401.4	-0.35749	-0.37833	-0.34926	-0.35787	-0.30305	-0.37962	-0.4503	-0.52736	-0.50016	-0.7235	-1.0131	-1.528	-1.8328	-1.8842	-0.78614	0.39509	0.81436	0.91819	0.82461	0.48866	0.26723	0.076237	-0.042453	-0.14223	-0.18328	-0.22446	-0.24288	-0.25674	-0.29465	-0.29942	12.547
1409.9	-0.34434	-0.31904	-0.33359	-0.28205	-0.32341	-0.41054	-0.40924	-0.39217	-0.44259	-0.71918	-1.3985	-1.5865	-1.9463	-1.9372	-0.76973	0.28517	0.79917	0.89465	0.80251	0.46366	0.23493	0.063443	-0.065157	-0.1479	-0.19284	-0.23162	-0.23986	-0.26415	-0.28252	-0.29288	12.159
1417.2	-0.27244	-0.30258	-0.26916	-0.2567	-0.35693	-0.36209	-0.37965	-0.31825	-0.50557	-1.011	-1.3254	-1.7241	-2.0277	-2.0553	-0.78324	0.35129	0.80047	0.89295	0.79993	0.45846	0.23479	0.047494	-0.075445	-0.14552	-0.18529	-0.21615	-0.23445	-0.23757	-0.26043	-0.26883	11.834
1424.7	-0.28025	-0.27454	-0.27526	-0.2865	-0.27852	-0.28872	-0.28752	-0.44023	-0.57713	-1.0452	-1.4316	-1.7874	-2.0705	-2.1133	-0.82537	0.299	0.77846	0.88128	0.78692	0.44426	0.21542	0.039471	-0.07293	-0.15765	-0.18129	-0.22026	-0.2197	-0.22352	-0.23041	-0.22881	11.43
1434.1	-0.24215	-0.21265	-0.2382	-0.26311	-0.22485	-0.37269	-0.346	-0.45392	-0.66106	-1.1451	-1.588	-1.892	-2.1687	-2.1312	-0.80848	0.31375	0.78353	0.87152	0.78127	0.43579	0.21349	0.044177	-0.077177	-0.13151	-0.16714	-0.19844	-0.21259	-0.20887	-0.20154	-0.21903	11.066
1442.4	-0.23429	-0.26565	-0.19859	-0.18071	-0.16204	-0.25104	-0.324	-0.49432	-0.72034	-1.1888	-1.6436	-1.9031	-2.2037	-2.1923	-0.81526	0.3064	0.78751	0.87162	0.76914	0.44379	0.21383	0.049404	-0.06473	-0.13341	-0.14634	-0.18067	-0.19034	-0.18338	-0.18224	-0.18943	10.709
1449.9	-0.16775	-0.17137	-0.11619	-0.16991	-0.18627	-0.23276	-0.34422	-0.55359	-0.77734	-1.2771	-1.6703	-1.9262	-2.2871	-2.1549	-0.82812	0.32133	0.78503	0.87561	0.78136	0.43655	0.21064	0.040967	-0.064915	-0.12374	-0.14411	-0.17664	-0.16996	-0.16793	-0.14893	-0.1736	10.327
1459.5	-0.11451	-0.11615	-0.1905	-0.14559	-0.21573	-0.21549	-0.38002	-0.58724	-0.82497	-1.2798	-1.5895	-1.8918	-2.1885	-2.1511	-0.8679	0.37939	0.76939	0.86482	0.77122	0.41674	0.21446	0.042324	-0.057786	-0.11925	-0.13581	-0.14724	-0.14148	-0.14138	-0.12792	-0.12766	9.9904
1474.4	-0.10335	-0.12431	-0.17506	-0.17832	-0.15051	-0.23669	-0.41089	-0.63065	-0.85976	-1.3542	-1.5907	-1.9373	-2.2542	-2.1806	-0.86469	0.31057	0.76731	0.85438	0.75146	0.41901	0.20456	0.032243	-0.057711	-0.10973	-0.12667	-0.14168	-0.1551	-0.1352	-0.11566	-0.10067	9.6447
1492.3	-0.058918	-0.074768	-0.11751	-0.12775	-0.18607	-0.27454	-0.44655	-0.66157	-0.84843	-1.3217	-1.6342	-1.8608	-2.1913	-2.0784	-0.78245	0.36033	0.7817	0.84411	0.73899	0.41665	0.2077	0.055168	-0.049955	-0.10071	-0.1031	-0.13395	-0.10614	-0.11057	-0.067859	-0.057135	9.326
1508.4	-0.020199	-0.023076	-0.066484	-0.11142	-0.17736	-0.26835	-0.45184	-0.65402	-0.8443	-1.3023	-1.5605	-1.8462	-2.0972	-2.0162	-0.796	0.37235	0.77693	0.84328	0.73306	0.40745	0.21102	0.045145	-0.044932	-0.095068	-0.10627	-0.11314	-0.11138	-0.08291	-0.051322	-0.040273	8.9695
1522.9	0.019763	0.0052037	-0.030133	-0.11135	-0.18178	-0.26957	-0.45937	-0.66992	-0.84501	-1.237	-1.5902	-1.9173	-2.0572	-2.0417	-0.74508	0.41074	0.78362	0.8455	0.73331	0.40514	0.20253	0.047311	-0.030664	-0.089132	-0.099624	-0.10222	-0.097691	-0.059575	-0.024053	-0.016958	8.6159
1537.6	0.010484	0.023996	-0.03134	-0.1098	-0.19763	-0.29208	-0.45311	-0.65405	-0.83308	-1.33	-1.5529	-1.8577	-2.0376	-1.9681	-0.7326	0.39643	0.79905	0.83208	0.72535	0.40594	0.20998	0.065372	-0.030371	-0.068848	-0.080531	-0.088086	-0.069814	-0.040321	-0.0058049	-0.0022993	8.3226
1549.2	0.046493	0.037841	-0.020721	-0.10849	-0.20978	-0.30739	-0.47067	-0.64224	-0.8216	-1.294	-1.5139	-1.7617	-1.978	-1.9241	-0.68454	0.43468	0.79653	0.83168	0.73081	0.40651	0.21037	0.061311	-0.019941	-0.063388	-0.05592	-0.071463	-0.042071	-0.029165	0.014604	0.023616	8.0217
1554.3	0.062827	0.046106	-0.023611	-0.13526	-0.20747	-0.30691	-0.45661	-0.64754	-0.83082	-1.2795	-1.6346	-1.7764	-1.9814	-1.8594	-0.5125	0.46406	0.81661	0.81894	0.7171	0.39492	0.20578	0.067216	-0.024719	-0.058746	-0.053897	-0.058211	-0.044791	-0.019602	0.014062	0.037402	7.7042
1551.1	0.071462	0.048533	-0.032548	-0.13698	-0.23458	-0.3197	-0.45612	-0.66365	-0.82962	-1.3028	-1.4791	-1.7493	-1.9804	-1.7462	-0.54543	0.5113	0.81874	0.8264	0.72043	0.38593	0.19738	0.056645	-0.021856	-0.051454	-0.053543	-0.06171	-0.047741	-0.0092507	0.037904	0.04562	7.4758
1542.9	0.074362	0.0671	-0.051591	-0.1465	-0.23967	-0.33578	-0.47587	-0.65281	-0.83886	-1.2419	-1.5696	-1.7226	-1.907	-1.829	-0.64992	0.48818	0.82263	0.8287	0.72096	0.39007	0.19351	0.062587	-0.019534	-0.057689	-0.053832	-0.057668	-0.036969	-0.0070299	0.042096	0.072352	7.1732
1529.1	0.078078	0.053968	-0.053559	-0.16455	-0.26835	-0.34202	-0.48251	-0.6652	-0.83674	-1.2952	-1.5282	-1.7329	-1.8543	-1.7713	-0.55868	0.49778	0.83705	0.83294	0.70826	0.38732	0.19774	0.060047	-0.022664	-0.0542	-0.047767	-0.049365	-0.025207	0.0052797	0.05405	0.072516	6.9734
1508.6	0.071934	0.037899	-0.077139	-0.19074	-0.2944	-0.3804	-0.51345	-0.68947	-0.86037	-1.3449	-1.5771	-1.6406	-1.829	-1.6952	-0.57174	0.50984	0.85909	0.8399	0.7174	0.38253	0.18482	0.057194	-0.025965	-0.057983	-0.050313	-0.052023	-0.032414	-0.0099767	0.060396	0.068083	6.7873
1482.2	0.077407	0.037109	-0.076446	-0.17383	-0.2854	-0.36503	-0.53331	-0.70177	-0.86174	-1.271	-1.5709	-1.7931	-1.9028	-1.7509	-0.57637	0.61585	0.86769	0.84879	0.72624	0.37805	0.18658	0.050212	-0.023889	-0.057983	-0.057001	-0.064581	-0.031994	0.0059203	0.063031	0.067293	6.5935
1454.4	0.081023	0.045288	-0.091605	-0.19837	-0.2955	-0.40023	-0.53656	-0.72941	-0.89755	-1.3009	-1.6184	-1.7837	-1.9968	-1.7896	-0.47397	0.56178	0.87533	0.8543	0.72701	0.38802	0.17605	0.042472	-0.029522	-0.056459	-0.051205	-0.047779	-0.033623	0.00073294	0.065294	0.071646	6.4482
1427.9	0.073282	0.020767	-0.094377	-0.201	-0.31164	-0.40306	-0.55208	-0.73651	-0.90125	-1.3532	-1.595	-1.8057	-1.9912	-1.8281	-0.60407	0.51074	0.89104	0.87648	0.7441	0.38907	0.18304	0.045476	-0.037449	-0.061262	-0.061673	-0.068087	-0.039429	-0.004161	0.059499	0.069853	6.318
1402.6	0.075156	0.015461	-0.10755	-0.22716	-0.33533	-0.42847	-0.58414	-0.76508	-0.94123	-1.3776	-1.6419	-1.8609	-2.0379	-1.8718	-0.53851	0.55976	0.90929	0.87589	0.74078	0.38357	0.19013	0.042349	-0.038124	-0.078754	-0.068905	-0.077863	-0.054381	0.0027572	0.046856	0.058928	6.1984
1379.6	0.055023	0.013619	-0.11934	-0.22768	-0.3446	-0.44633	-0.60435	-0.78063	-0.9489	-1.4239	-1.6139	-1.8977	-1.9724	-1.788	-0.47576	0.60959	0.92279	0.89289	0.74251	0.38245	0.17239	0.029301	-0.043126	-0.075624	-0.06487	-0.073187	-0.044027	-0.0058306	0.045964	0.063683	6.1105
1362.7	0.059124	0.016446	-0.12419	-0.23824	-0.34763	-0.43741	-0.60602	-0.79311	-0.98183	-1.4889	-1.69	-1.9737	-1.9689	-1.7547	-0.54823	0.59959	0.92074	0.8895	0.74956	0.38602	0.1801	0.036045	-0.043661	-0.073751	-0.073022	-0.079595	-0.036429	-0.014645	0.051616	0.062836	6.0394
1353.1	0.04405	0.0037148	-0.14093	-0.25995	-0.36384	-0.4763	-0.60765	-0.81063	-0.95763	-1.4518	-1.7333	-1.8292	-2.073	-1.8509	-0.50336	0.58615	0.95105	0.89702	0.75054	0.39112	0.17408	0.029289	-0.048978	-0.089561	-0.084113	-0.089021	-0.067306	-0.038571	0.01729	0.04461	5.9667
1351.3	0.046981	0.017121	-0.11787	-0.26308	-0.36181	-0.4751	-0.61325	-0.81906	-0.97586	-1.3762	-1.723	-1.861	-2.025	-1.7414	-0.40636	0.61054	0.94379	0.88484	0.75044	0.38159	0.167	0.036935	-0.053498	-0.082309	-0.072049	-0.083592	-0.049874	-0.016841	0.040092	0.059516	5.9015
1355.6	0.066307	0.02134	-0.13841	-0.25836	-0.36691	-0.47845	-0.63153	-0.81083	-0.98042	-1.461	-1.7239	-1.8903	-2.0073	-1.814	-0.47201	0.56151	0.93516	0.88204	0.73779	0.38686	0.1704	0.026319	-0.045555	-0.072441	-0.064962	-0.073377	-0.051355	-0.012136	0.050184	0.059875	5.8803
1365.9	0.045341	0.019058	-0.14353	-0.26743	-0.36166	-0.48925	-0.65052	-0.81311	-0.97138	-1.5031	-1.6735	-1.876	-2.0033	-1.7837	-0.47448	0.58648	0.93819	0.87838	0.73651	0.37751	0.16521	0.033067	-0.047415	-0.071894	-0.078086	-0.07337	-0.039051	-0.0094799	0.039663	0.054527	5.8803
1383	0.037483	-0.0036962	-0.14065	-0.25324	-0.39629	-0.47727	-0.62735	-0.82134	-0.97596	-1.4612	-1.6221	-1.8585	-1.9565	-1.789	-0.51632	0.585	0.91884	0.87761	0.7396	0.37227	0.16702	0.026368	-0.049551	-0.074883	-0.063157	-0.069754	-0.048197	-0.020003	0.035833	0.046332	5.8622
1404.7	0.047958	0.010798	-0.14175	-0.26005	-0.37394	-0.4553	-0.611	-0.80486	-0.95669	-1.4042	-1.6394	-1.8921	-1.9643	-1.7614	-0.49074	0.53622	0.90467	0.8594	0.72454	0.36766	0.16714	0.024837	-0.051466	-0.072091	-0.065747	-0.063876	-0.053773	-0.015204	0.044594	0.058841	5.8728
1426.7	0.046674	-0.0010451	-0.13634	-0.2402	-0.34269	-0.44078	-0.60661	-0.77845	-0.94605	-1.3035	-1.626	-1.8628	-1.9928	-1.6971	-0.44848	0.53911	0.8939	0.85762	0.72722	0.3782	0.17467	0.038308	-0.037479	-0.051646	-0.045179	-0.067092	-0.0322	-0.0071105	0.042286	0.067826	5.8818
1449.7	0.047541	-0.0030268	-0.13735	-0.25613	-0.36524	-0.44569	-0.59402	-0.76929	-0.93259	-1.4162	-1.6412	-1.8443	-1.8875	-1.7067	-0.43568	0.5636	0.87392	0.83611	0.70861	0.3656	0.17767	0.040975	-0.031174	-0.052941	-0.054825	-0.050519	-0.035263	-0.014732	0.041617	0.058039	5.8985
1473.4	0.053629	0.0029212	-0.1185	-0.22596	-0.35248	-0.43463	-0.5879	-0.76629	-0.92464	-1.3934	-1.5918	-1.847	-1.8106	-1.6844	-0.54064	0.59787	0.85572	0.82379	0.69773	0.35756	0.17894	0.047291	-0.021989	-0.051051	-0.060254	-0.05632	-0.036203	0.011186	0.043561	0.06114	5.8985
1495.6	0.050755	0.0077198	-0.12289	-0.23468	-0.34047	-0.43751	-0.57146	-0.75748	-0.90102	-1.3458	-1.659	-1.8515	-1.8704	-1.5987	-0.44989	0.48762	0.85429	0.81924	0.69914	0.36559	0.17273	0.040246	-0.029715	-0.036974	-0.044056	-0.051977	-0.024289	0.00071275	0.050632	0.073647	5.8849
1516.7	0.048512	0.0090458	-0.12168	-0.2329	-0.33406	-0.41301	-0.57301	-0.75349	-0.8992	-1.2899	-1.5463	-1.8152	-1.8896	-1.6961	-0.52519	0.49661	0.8338	0.81865	0.69375	0.3705	0.18985	0.059496	-0.021857	-0.038985	-0.038726	-0.039887	-0.021022	0.00070282	0.050434	0.063312	5.8743
1535.7	0.050438	0.0028025	-0.13215	-0.24521	-0.33762	-0.43782	-0.58891	-0.73467	-0.88901	-1.2372	-1.5272	-1.8599	-1.9208	-1.7489	-0.50793	0.46966	0.82745	0.82186	0.69661	0.3737	0.18996	0.063907	-0.0063912	-0.040496	-0.030328	-0.038904	-0.021244	0.018944	0.056822	0.071236	5.953
1550.8	0.066971	0.017252	-0.12345	-0.24136	-0.34632	-0.4325	-0.59015	-0.75419	-0.91136	-1.3342	-1.5178	-1.7803	-1.8874	-1.7855	-0.55085	0.51654	0.80606	0.80645	0.68746	0.3788	0.19399	0.066853	0.0014373	-0.018861	-0.026804	-0.02741	-0.010542	0.014694	0.051308	0.074854	6.1469
1562.7	0.042612	0.01156	-0.13526	-0.24916	-0.34855	-0.44234	-0.57089	-0.75923	-0.89827	-1.3808	-1.5986	-1.8176	-1.9657	-1.801	-0.62054	0.47175	0.80581	0.80872	0.70148	0.3795	0.21195	0.080512	0.0081698	-0.015775	-0.017447	-0.01809	-0.0066744	0.019514	0.046485	0.062399	6.2604
1571.4	0.043859	0.01887	-0.14329	-0.24635	-0.3434	-0.45557	-0.58197	-0.77503	-0.91638	-1.3629	-1.5844	-1.7924	-2.0423	-1.8343	-0.67486	0.43868	0.79063	0.81104	0.70834	0.40584	0.22479	0.098183	0.011478	-0.0069129	-0.0050604	-0.019898	-0.001459	0.024312	0.053085	0.066781	6.4103
1576.5	0.04815	0.0045668	-0.14817	-0.25033	-0.35838	-0.43588	-0.59337	-0.78226	-0.92705	-1.4147	-1.6978	-1.8119	-2.1083	-1.9004	-0.72501	0.43221	0.7774	0.81	0.7284	0.41365	0.24093	0.11041	0.024332	0.016922	-0.007314	-0.010326	0.012625	0.020234	0.048521	0.056199	6.6541
1575.7	0.031419	-0.020711	-0.15651	-0.25522	-0.3564	-0.46525	-0.60234	-0.80693	-0.98053	-1.4511	-1.747	-1.9337	-2.2157	-2.0404	-0.75151	0.2906	0.75005	0.80464	0.72315	0.43157	0.25068	0.12601	0.042019	0.012068	0.0044848	-0.012233	0.00277	0.017129	0.044637	0.044909	6.8433
1572.4	0.034942	-0.0069363	-0.15147	-0.26869	-0.37971	-0.47406	-0.62975	-0.82032	-1.0033	-1.4696	-1.7507	-1.9984	-2.2932	-2.2081	-0.93142	0.27091	0.72678	0.82982	0.74706	0.44516	0.26376	0.12678	0.0445	0.013555	-0.0009638	-0.00081932	0.021596	0.040338	0.050114	0.05209	7.0809
1565.6	0.037573	-0.0065033	-0.15213	-0.26649	-0.38568	-0.48556	-0.64078	-0.84249	-1.0209	-1.5325	-1.9102	-2.1339	-2.3421	-2.3143	-1.0725	0.23132	0.68541	0.83449	0.76765	0.47513	0.28965	0.14602	0.063445	0.026826	0.015478	0.0063582	0.011766	0.028877	0.049349	0.057063	7.3532
1554.1	0.029857	-0.01261	-0.17396	-0.28928	-0.39397	-0.48968	-0.66964	-0.87286	-1.0513	-1.5439	-1.9024	-2.211	-2.5655	-2.5309	-1.1387	0.19196	0.66188	0.83642	0.77851	0.49405	0.30302	0.16032	0.072632	0.027024	0.016052	0.0097798	0.013281	0.025032	0.040306	0.048879	7.6331
1538.9	0.033179	-0.0089696	-0.15577	-0.27991	-0.38853	-0.51265	-0.68376	-0.90488	-1.1246	-1.6219	-1.9819	-2.367	-2.6751	-2.7622	-1.3108	0.038283	0.63556	0.85748	0.7943	0.51604	0.32378	0.1763	0.089489	0.04571	0.031085	0.019131	0.020624	0.033931	0.062706	0.059501	7.9068
