13171	4	3	91	27.1	752.5	1	16	8	0.582	128	4096	10	0	0	0	0	74.493	946.23	1.4219e+006	0.11609	0.024941	40.321	0	0	1	0	0	0	11	0	0
880.09	-0.086618	-0.11368	-0.18785	-0.31758	-0.47262	-0.22289	-0.94891	-1.3361	-1.776	-2.6716	-3.7819	-4.831	-7.038	-8.4612	-6.4192	-3.8577	-1.5072	0.37868	0.73757	0.84911	0.71754	0.54129	0.36505	0.27274	0.19168	0.13368	0.10418	0.054031	0.00048992	-0.016106	14.371
880.31	-0.098064	-0.1227	-0.19216	-0.33803	-0.50226	-0.2564	-0.97654	-1.3236	-1.8134	-2.7258	-4.0125	-4.9652	-7.5475	-8.8542	-6.8861	-4.2375	-1.6852	0.30866	0.69906	0.86341	0.71995	0.55374	0.37266	0.27181	0.19245	0.12939	0.10164	0.055609	-0.0030066	-0.017791	14.774
878.7	-0.11945	-0.14271	-0.23523	-0.32922	-0.47721	-0.24846	-0.98735	-1.3635	-1.8487	-2.85	-4.0391	-5.0465	-7.6654	-9.2747	-7.1614	-4.5268	-1.9045	0.2457	0.65526	0.86044	0.74805	0.55835	0.40075	0.29671	0.20257	0.14924	0.088353	0.042951	-0.010018	-0.054182	15.15
877.53	-0.14173	-0.17344	-0.22681	-0.34253	-0.4894	-0.25067	-0.93442	-1.3583	-1.8461	-2.8262	-4.2381	-5.18	-7.919	-9.7092	-7.3684	-4.8057	-2.0607	0.18148	0.6344	0.87796	0.74386	0.57711	0.40386	0.29711	0.21099	0.15884	0.11882	0.054985	-0.028446	-0.036476	15.518
877	-0.16041	-0.17767	-0.24617	-0.33415	-0.48392	-0.23304	-0.96295	-1.3425	-1.8903	-2.782	-4.2407	-5.2556	-8.2543	-9.8789	-7.6926	-5.0907	-2.2411	0.13293	0.60969	0.87486	0.77808	0.5955	0.4187	0.3069	0.21764	0.1709	0.12986	0.060612	-0.018812	-0.052594	15.904
874.97	-0.2087	-0.22361	-0.28176	-0.34525	-0.48987	-0.24108	-0.96271	-1.3947	-1.8904	-2.8805	-4.4834	-5.5039	-8.6047	-10.299	-8.0875	-5.3852	-2.3697	0.1004	0.59015	0.89877	0.78162	0.58875	0.44548	0.32688	0.24022	0.17558	0.13101	0.063957	-0.033807	-0.063756	16.288
877.64	-0.20453	-0.23696	-0.29487	-0.3768	-0.4749	-0.22164	-0.92527	-1.4035	-1.9142	-3.092	-4.344	-5.4962	-8.8827	-10.63	-8.2414	-5.7599	-2.5327	0.020596	0.54657	0.89786	0.7905	0.61849	0.44841	0.33112	0.23867	0.18358	0.12724	0.070149	-0.047733	-0.07372	16.689
875.93	-0.24748	-0.28538	-0.34268	-0.41878	-0.53178	-0.23707	-0.91637	-1.2952	-1.8385	-2.8774	-4.4397	-5.5976	-8.9087	-10.737	-8.4929	-5.7711	-2.654	-0.030905	0.5334	0.88594	0.81111	0.63504	0.47077	0.34139	0.24485	0.1925	0.12579	0.030288	-0.051341	-0.081497	17.051
872.62	-0.30981	-0.36199	-0.40104	-0.48334	-0.63063	-0.26336	-0.90166	-1.2992	-1.8616	-2.9714	-4.4858	-5.6552	-8.9949	-10.96	-8.7708	-6.0033	-2.7905	-0.078054	0.506	0.88839	0.82115	0.6447	0.46824	0.35058	0.25808	0.19666	0.12797	0.037629	-0.070936	-0.11076	17.453
870.48	-0.38639	-0.41197	-0.49972	-0.55284	-0.6545	-0.3998	-1.019	-1.2364	-1.7302	-2.7658	-4.3797	-5.6234	-9.1922	-11.004	-8.7923	-6.0914	-2.8061	-0.087675	0.49797	0.91807	0.82142	0.66626	0.48755	0.36728	0.26035	0.19026	0.13083	0.043356	-0.087022	-0.12127	17.82
872.09	-0.35096	-0.42367	-0.51901	-0.6554	-0.84127	-0.46966	-1.343	-1.51	-1.8144	-2.3728	-3.9919	-5.3125	-8.6069	-10.533	-8.3223	-5.8331	-2.6262	-0.025393	0.54164	0.91638	0.85213	0.67592	0.4927	0.37803	0.26316	0.18561	0.13483	0.032832	-0.096569	-0.16365	18.18
867.28	-0.44243	-0.53374	-0.70473	-1.0097	-1.1645	-0.74294	-1.5159	-1.8655	-1.8765	-2.3488	-3.172	-3.73	-5.7084	-7.3483	-6.0099	-4.3748	-1.8139	0.1912	0.67996	0.93434	0.84109	0.66234	0.47807	0.35627	0.25637	0.17713	0.12449	0.01039	-0.12195	-0.16113	18.526
861.73	-0.66604	-0.81874	-1.0791	-1.1891	-1.3828	-0.93538	-1.6797	-1.7717	-1.9916	-2.1022	-1.9312	-1.8551	-1.7622	-2.6317	-2.2777	-2.0322	-0.57027	0.58774	0.85629	0.94129	0.80245	0.63633	0.45931	0.32656	0.21901	0.1374	0.070347	-0.056221	-0.23258	-0.30357	18.851
851.58	-0.97214	-1.0522	-1.1855	-1.312	-1.3785	-0.91568	-1.5397	-1.4042	-1.4324	-1.3989	-1.0667	-1.4854	-1.4966	-1.6154	-1.6559	-1.1662	-0.13894	0.71234	0.8975	0.89628	0.75316	0.57427	0.39584	0.26658	0.15695	0.057189	-0.026982	-0.17373	-0.42331	-0.54189	19.14
849.23	-1.0087	-0.9664	-1.1167	-1.2173	-1.2251	-0.65725	-1.1278	-1.1176	-1.1576	-1.2606	-1.1297	-1.1341	-1.1056	-1.1748	-1.4857	-0.82168	0.046514	0.78197	0.92071	0.87809	0.72395	0.5349	0.34375	0.2159	0.08495	-1.7189e-005	-0.11156	-0.25755	-0.50422	-0.64313	19.536
861.19	-0.83506	-0.90756	-0.96859	-1.064	-1.1423	-0.63953	-1.159	-1.1021	-1.1956	-1.1121	-1.1732	-1.2751	-1.1877	-1.1233	-1.264	-0.68053	0.14105	0.82543	0.93518	0.86496	0.68126	0.48982	0.32062	0.19066	0.072972	-0.0122	-0.10829	-0.25316	-0.48649	-0.56949	19.911
880.2	-0.7985	-0.85093	-0.99554	-1.124	-1.182	-0.64251	-1.1225	-1.0591	-1.0127	-0.94166	-0.99344	-0.99489	-1.1447	-1.142	-1.1523	-0.6749	0.20068	0.83186	0.92582	0.83541	0.66483	0.48284	0.30515	0.17523	0.050268	-0.017897	-0.10848	-0.25088	-0.44102	-0.53271	20.255
879.02	-0.92058	-0.94518	-1.0509	-1.0501	-1.05	-0.53131	-0.96894	-0.90191	-0.87009	-0.83295	-0.96581	-0.9962	-1.1028	-0.91133	-1.0319	-0.37621	0.31512	0.86939	0.93456	0.81746	0.64239	0.4448	0.28329	0.1528	0.02267	-0.051172	-0.14313	-0.2823	-0.51864	-0.60442	20.604
866.75	-0.81806	-0.85411	-0.97652	-1.0311	-1.0141	-0.47823	-0.92275	-0.93855	-0.93277	-0.95627	-0.91091	-0.87286	-0.96005	-0.88935	-0.99893	-0.34472	0.36996	0.87034	0.93765	0.81523	0.62871	0.44289	0.26993	0.12491	0.027944	-0.065732	-0.14942	-0.28872	-0.50291	-0.57526	20.96
864.4	-0.84903	-0.89414	-0.90827	-0.95904	-0.9641	-0.46339	-1.0187	-0.98719	-0.96098	-0.90296	-0.96251	-1.0223	-1.0421	-0.85679	-1.1543	-0.31795	0.34527	0.90214	0.94868	0.81559	0.62954	0.43678	0.27241	0.135	0.012296	-0.065045	-0.15582	-0.29356	-0.53632	-0.61207	21.269
871.13	-0.87634	-0.89804	-0.95579	-0.96028	-0.95665	-0.45039	-0.93384	-0.89954	-0.89411	-0.8775	-0.59441	-0.82287	-0.76261	-0.78073	-1.0602	-0.2239	0.37074	0.88198	0.95146	0.81113	0.62904	0.44702	0.24352	0.12341	0.011382	-0.082609	-0.15377	-0.31704	-0.52865	-0.61246	21.511
871.55	-0.81177	-0.86519	-0.97026	-0.94426	-0.90383	-0.40307	-0.85063	-0.84547	-0.81898	-0.84009	-0.69153	-0.85892	-0.84975	-0.8324	-0.88934	-0.22376	0.41451	0.90133	0.95688	0.81531	0.63047	0.43954	0.25722	0.12774	0.001526	-0.075688	-0.17576	-0.32974	-0.52397	-0.58488	21.758
865.89	-0.82245	-0.85412	-0.92794	-0.90697	-0.90681	-0.41993	-0.8487	-0.851	-0.80126	-0.80837	-0.79412	-0.82783	-0.86411	-0.78545	-0.87609	-0.29898	0.41457	0.91196	0.95805	0.81972	0.64336	0.44698	0.26933	0.12946	0.010624	-0.081377	-0.1564	-0.31167	-0.49452	-0.56983	22.021
855.53	-0.86327	-0.85938	-0.93828	-0.89596	-0.87829	-0.39431	-0.8379	-0.8228	-0.80145	-0.6581	-0.83352	-0.78217	-0.80326	-0.79496	-0.77103	-0.26528	0.42138	0.92876	0.97051	0.82778	0.64405	0.43761	0.27171	0.13909	0.014096	-0.075355	-0.15484	-0.31135	-0.52659	-0.61407	22.252
855.1	-0.83555	-0.86998	-0.9065	-0.8964	-0.85402	-0.35707	-0.82398	-0.83038	-0.78455	-0.75263	-0.74455	-0.80113	-0.7769	-0.80421	-0.88714	-0.11608	0.42876	0.92251	0.98472	0.82819	0.64349	0.45632	0.27273	0.14812	0.019122	-0.067503	-0.16443	-0.29675	-0.50975	-0.59179	22.427
862.37	-0.81051	-0.82234	-0.85267	-0.86092	-0.81841	-0.35026	-0.82958	-0.8145	-0.79167	-0.77432	-0.74814	-1.0154	-0.74382	-0.85004	-0.94662	-0.10584	0.42781	0.93948	0.97218	0.8314	0.65832	0.45248	0.27742	0.13621	0.02145	-0.053031	-0.15962	-0.291	-0.50011	-0.58077	22.604
874.22	-0.78442	-0.81533	-0.83322	-0.86216	-0.84984	-0.34551	-0.79936	-0.828	-0.76739	-0.69011	-0.8934	-0.72909	-0.85588	-0.66555	-0.86774	-0.29613	0.41325	0.90984	0.96571	0.82925	0.65026	0.45719	0.28829	0.14575	0.013795	-0.057454	-0.15999	-0.27664	-0.49069	-0.5678	22.871
870.91	-0.81237	-0.83173	-0.81967	-0.81013	-0.83658	-0.33174	-0.78915	-0.80035	-0.76946	-0.71122	-0.6433	-0.72273	-0.85913	-0.72017	-0.8237	-0.34307	0.39986	0.88974	0.95085	0.82416	0.64837	0.46075	0.27729	0.13663	0.019598	-0.071442	-0.16909	-0.30987	-0.53319	-0.59043	22.952
866.21	-0.76747	-0.81618	-0.83385	-0.82147	-0.79722	-0.33449	-0.77761	-0.77816	-0.76936	-0.82668	-0.74482	-0.73583	-0.77574	-0.74152	-0.99955	-0.28965	0.39672	0.9012	0.95177	0.82402	0.63611	0.45777	0.28053	0.14091	0.0164	-0.063177	-0.15549	-0.2978	-0.497	-0.57047	23.053
865.04	-0.80352	-0.80724	-0.85358	-0.81911	-0.78463	-0.34538	-0.77283	-0.78099	-0.74133	-0.72536	-0.70657	-0.7001	-0.72388	-0.85615	-0.71489	-0.3085	0.39461	0.90147	0.94289	0.82975	0.64049	0.45656	0.28178	0.1473	0.01725	-0.082323	-0.17452	-0.3217	-0.53592	-0.59787	23.151
874.43	-0.75137	-0.77786	-0.80586	-0.79998	-0.79359	-0.32571	-0.767	-0.76033	-0.76382	-0.71758	-0.75723	-0.89243	-0.69867	-0.68267	-0.82983	-0.1774	0.40613	0.91244	0.9445	0.82175	0.65618	0.46341	0.28564	0.14046	0.014609	-0.068583	-0.14303	-0.27737	-0.48793	-0.55066	23.235
867.17	-0.79079	-0.80943	-0.80024	-0.81535	-0.78465	-0.3398	-0.75845	-0.75168	-0.74889	-0.82576	-0.73419	-0.78998	-0.7045	-0.79302	-0.94137	-0.16049	0.41042	0.90967	0.9634	0.82863	0.65555	0.47459	0.27675	0.15577	0.022979	-0.072614	-0.15447	-0.29909	-0.51331	-0.57412	23.338
852.22	-0.78918	-0.77179	-0.77652	-0.78638	-0.7657	-0.31301	-0.74298	-0.75678	-0.74033	-0.67957	-0.72716	-0.7852	-0.70794	-0.78032	-0.7837	-0.20078	0.42391	0.92467	0.98978	0.86096	0.66082	0.4625	0.29132	0.14682	0.017509	-0.065972	-0.16325	-0.29365	-0.50155	-0.57635	23.374
844.63	-0.72457	-0.73499	-0.76082	-0.78008	-0.77858	-0.31971	-0.75137	-0.76267	-0.73384	-0.7429	-0.57283	-0.8769	-0.68721	-0.71573	-0.90792	-0.15531	0.41412	0.93978	1.0021	0.86114	0.69462	0.50411	0.318	0.1826	0.032907	-0.056805	-0.1402	-0.26559	-0.49148	-0.55162	23.423
853.07	-0.78111	-0.79394	-0.78383	-0.7803	-0.78078	-0.32713	-0.76591	-0.75602	-0.73959	-0.79221	-0.77619	-0.88685	-0.85921	-0.84157	-0.86027	-0.18184	0.41451	0.92759	0.98535	0.87694	0.67618	0.49355	0.3025	0.16014	0.035097	-0.052729	-0.15182	-0.28268	-0.51638	-0.58274	23.476
863.22	-0.76203	-0.76195	-0.78349	-0.75979	-0.75496	-0.33755	-0.75357	-0.76133	-0.71461	-0.63359	-0.7474	-0.73838	-0.84911	-0.8054	-0.8597	-0.3831	0.42561	0.92334	0.98736	0.86848	0.6779	0.50424	0.32684	0.16625	0.047113	-0.040823	-0.13889	-0.25906	-0.50763	-0.57331	23.484
870.7	-0.7332	-0.74792	-0.76796	-0.76018	-0.73877	-0.31297	-0.72556	-0.72312	-0.72547	-0.60039	-0.60443	-0.86888	-0.6491	-0.72035	-0.76706	-0.19648	0.40348	0.92012	0.9772	0.82802	0.67034	0.47448	0.28254	0.16482	0.030279	-0.061131	-0.14364	-0.2842	-0.48472	-0.57863	23.45
870.8	-0.72865	-0.75116	-0.74939	-0.75231	-0.76003	-0.32047	-0.73789	-0.73799	-0.72623	-0.65582	-0.70187	-0.74107	-0.65778	-0.71158	-0.7575	-0.2973	0.40079	0.90399	0.95939	0.82609	0.65369	0.46988	0.31017	0.15776	0.034383	-0.048213	-0.12324	-0.28336	-0.46963	-0.5359	23.42
858.52	-0.75083	-0.78215	-0.79938	-0.79464	-0.77188	-0.32027	-0.78457	-0.76461	-0.73834	-0.77778	-0.65258	-0.73316	-0.78269	-0.6425	-1.0469	-0.1993	0.39135	0.91788	0.98593	0.85836	0.68515	0.48306	0.29356	0.16002	0.044873	-0.055886	-0.14827	-0.28251	-0.49069	-0.54616	23.444
856.17	-0.75198	-0.76907	-0.79173	-0.76956	-0.74045	-0.2828	-0.72944	-0.73807	-0.70753	-0.72347	-0.61469	-0.68879	-0.71357	-0.7414	-0.78008	-0.29304	0.42733	0.93382	0.98692	0.84673	0.66929	0.48807	0.29701	0.17209	0.04082	-0.056914	-0.1409	-0.27756	-0.49114	-0.56762	23.456
851.26	-0.72349	-0.73352	-0.763	-0.75986	-0.75167	-0.25744	-0.73535	-0.75044	-0.72205	-0.74658	-0.63818	-0.73941	-0.88792	-0.71015	-0.93961	-0.20097	0.4262	0.945	0.98917	0.8535	0.69189	0.48811	0.30668	0.16138	0.029291	-0.044037	-0.13997	-0.2841	-0.46957	-0.54035	23.429
856.49	-0.71453	-0.75018	-0.78427	-0.76312	-0.75398	-0.28174	-0.73507	-0.72706	-0.70208	-0.67618	-0.6442	-0.69782	-0.80234	-0.7323	-0.82794	-0.14385	0.43074	0.9143	0.97885	0.83523	0.66461	0.47312	0.29338	0.14788	0.034123	-0.064769	-0.14862	-0.27827	-0.50084	-0.53618	23.462
850.4	-0.70322	-0.71978	-0.75476	-0.74823	-0.73951	-0.27507	-0.71659	-0.72596	-0.69841	-0.72838	-0.77863	-0.58138	-0.67356	-0.73754	-0.88236	-0.3795	0.45905	0.93919	0.98586	0.84028	0.64526	0.46814	0.29902	0.14353	0.031004	-0.04937	-0.13924	-0.26708	-0.46371	-0.52604	23.283
854.57	-0.67344	-0.70356	-0.73673	-0.75603	-0.73887	-0.26316	-0.71393	-0.72153	-0.70972	-0.56459	-0.64565	-0.77375	-0.71491	-0.74279	-0.73329	-0.13486	0.49357	0.94806	0.99821	0.85019	0.66699	0.47234	0.29052	0.15179	0.029177	-0.06053	-0.13164	-0.2707	-0.45694	-0.50347	23.125
849.76	-0.72202	-0.73396	-0.72197	-0.72222	-0.72814	-0.28108	-0.71203	-0.71209	-0.67891	-0.7953	-0.78922	-0.63789	-0.79973	-0.67582	-0.8248	-0.18257	0.49817	0.95922	0.99782	0.85594	0.66451	0.46849	0.2895	0.14454	0.036918	-0.066165	-0.15676	-0.28213	-0.47221	-0.54392	22.953
843.88	-0.69485	-0.70217	-0.72518	-0.74063	-0.7262	-0.26941	-0.73921	-0.72431	-0.70995	-0.68629	-0.74442	-0.90592	-0.66973	-0.71636	-0.84032	-0.079818	0.49982	0.95715	0.99521	0.83164	0.66284	0.4652	0.29598	0.15463	0.015138	-0.061297	-0.1447	-0.28326	-0.46091	-0.51954	22.716
852.33	-0.70254	-0.71221	-0.72878	-0.71651	-0.70215	-0.25423	-0.70904	-0.71893	-0.676	-0.68893	-0.68722	-0.6919	-0.72574	-0.64717	-0.85133	-0.10708	0.52813	0.96114	0.99396	0.81217	0.63578	0.45688	0.26567	0.13152	-0.0026348	-0.072121	-0.15976	-0.28786	-0.4735	-0.5388	22.489
861.51	-0.70046	-0.69789	-0.72635	-0.72722	-0.71428	-0.23246	-0.69562	-0.71571	-0.68339	-0.69095	-0.69959	-0.70297	-0.67374	-0.82456	-0.73695	-0.022583	0.51805	0.96137	0.97655	0.80628	0.6387	0.44467	0.26808	0.13278	0.01732	-0.054822	-0.14432	-0.27096	-0.42557	-0.48475	22.279
859.8	-0.69101	-0.71612	-0.7465	-0.73742	-0.71963	-0.22624	-0.6861	-0.7011	-0.69336	-0.71105	-0.63183	-0.78752	-0.64846	-0.72948	-0.79597	-0.10615	0.51373	0.93465	0.97764	0.8181	0.62054	0.43819	0.25898	0.12414	0.0073715	-0.083695	-0.16267	-0.28209	-0.47206	-0.54189	22.028
857.99	-0.69338	-0.69991	-0.72219	-0.72319	-0.70441	-0.25638	-0.68671	-0.69365	-0.6612	-0.72194	-0.82124	-0.80769	-0.69428	-0.75744	-0.67269	-0.15291	0.52553	0.95193	0.96346	0.80122	0.60592	0.41331	0.25076	0.12173	0.0082203	-0.069024	-0.16474	-0.28596	-0.46499	-0.53351	21.759
857.45	-0.69743	-0.70795	-0.71549	-0.72452	-0.71372	-0.291	-0.69303	-0.69944	-0.66333	-0.5345	-0.58406	-0.68776	-0.54349	-0.62566	-0.73082	0.023837	0.54284	0.94008	0.96492	0.7887	0.60364	0.39605	0.23862	0.11733	-0.0067875	-0.0848	-0.16139	-0.29267	-0.45541	-0.53384	21.489
843.13	-0.72033	-0.72942	-0.74127	-0.71986	-0.7068	-0.24532	-0.67486	-0.69315	-0.69039	-0.65823	-0.70478	-0.71829	-0.61604	-0.64525	-0.69434	-0.098809	0.57569	0.97454	0.97956	0.79736	0.60309	0.39809	0.23821	0.0957	-0.00011832	-0.091574	-0.16677	-0.28102	-0.46497	-0.53233	21.237
847.2	-0.63897	-0.66608	-0.69703	-0.70753	-0.69842	-0.25383	-0.66737	-0.69706	-0.66089	-0.75016	-0.58111	-0.67734	-0.68512	-0.72248	-0.68126	0.080631	0.60096	0.95824	0.98353	0.7973	0.60289	0.39151	0.21486	0.11061	-0.011937	-0.085827	-0.17033	-0.28215	-0.45365	-0.48856	20.938
853.07	-0.63548	-0.64536	-0.69402	-0.67089	-0.65399	-0.23765	-0.64417	-0.6276	-0.63465	-0.56558	-0.64678	-0.62611	-0.5731	-0.7175	-0.62823	0.070743	0.60669	0.95838	0.96213	0.77217	0.56224	0.39067	0.22838	0.088297	-0.028623	-0.10281	-0.16829	-0.25721	-0.44872	-0.49565	20.63
842.28	-0.651	-0.64332	-0.67017	-0.68038	-0.66538	-0.20074	-0.66099	-0.65383	-0.62522	-0.70673	-0.64502	-0.61528	-0.65289	-0.67283	-0.58733	0.16638	0.64176	0.96871	0.97446	0.77638	0.57395	0.3769	0.22862	0.077605	-0.011157	-0.088106	-0.16079	-0.26134	-0.44534	-0.49406	20.313
848.16	-0.66663	-0.66362	-0.69533	-0.67566	-0.6528	-0.20709	-0.62154	-0.62401	-0.6235	-0.59737	-0.6906	-0.83579	-0.63937	-0.67708	-0.53463	0.089961	0.67073	0.97942	0.95733	0.74465	0.56102	0.35191	0.1942	0.073453	-0.02373	-0.091915	-0.17799	-0.28018	-0.44497	-0.51078	19.982
856.39	-0.64571	-0.65217	-0.62066	-0.61379	-0.61101	-0.21372	-0.64083	-0.63143	-0.60023	-0.55399	-0.53524	-0.54949	-0.51744	-0.65293	-0.6258	0.37797	0.6777	0.96809	0.95413	0.7319	0.54233	0.35038	0.18355	0.05754	-0.031018	-0.095406	-0.1711	-0.29795	-0.41015	-0.48158	19.641
852.54	-0.58852	-0.60924	-0.62796	-0.65277	-0.62467	-0.22528	-0.59804	-0.61631	-0.58646	-0.57539	-0.62728	-0.71037	-0.5824	-0.63815	-0.56091	0.28607	0.70952	0.9609	0.96273	0.73052	0.53498	0.34732	0.18172	0.080265	-0.031998	-0.090564	-0.16232	-0.25984	-0.40839	-0.43844	19.309
857.35	-0.58612	-0.61511	-0.62175	-0.60608	-0.62905	-0.18859	-0.59469	-0.61196	-0.59352	-0.76946	-0.65348	-0.66932	-0.65921	-0.81092	-0.50004	0.13553	0.6966	0.93445	0.92654	0.69478	0.5054	0.3131	0.16754	0.04318	-0.056011	-0.11191	-0.18557	-0.27718	-0.43302	-0.47065	18.959
852.01	-0.57066	-0.60877	-0.61486	-0.60193	-0.6082	-0.18207	-0.59249	-0.63738	-0.58335	-0.71756	-0.54793	-0.50569	-0.69915	-0.62079	-0.35797	0.2207	0.73694	0.9538	0.94268	0.70569	0.49164	0.32434	0.16417	0.029063	-0.040413	-0.10997	-0.18153	-0.27069	-0.40774	-0.44918	18.578
851.26	-0.57755	-0.57187	-0.6199	-0.62722	-0.61767	-0.19187	-0.59894	-0.60734	-0.56996	-0.59517	-0.70802	-0.53413	-0.7356	-0.70126	-0.59082	0.29587	0.75288	0.96428	0.93144	0.66881	0.47869	0.28468	0.15458	0.031788	-0.053893	-0.11095	-0.1756	-0.25776	-0.40629	-0.45306	18.202
855.21	-0.58396	-0.59802	-0.58479	-0.57943	-0.58715	-0.1833	-0.5928	-0.59736	-0.63566	-0.75254	-0.61538	-0.60598	-0.69653	-0.7599	-0.65558	0.24786	0.73865	0.94159	0.92542	0.64986	0.46937	0.28706	0.14507	0.029851	-0.056151	-0.12008	-0.18431	-0.25247	-0.40891	-0.44315	17.836
851.26	-0.58758	-0.57357	-0.61	-0.62899	-0.6266	-0.18994	-0.62521	-0.59114	-0.59516	-0.56678	-0.58833	-0.57147	-0.54744	-0.76343	-0.46486	0.2865	0.78798	0.95271	0.91852	0.666	0.45015	0.27911	0.12806	0.018289	-0.05053	-0.11271	-0.17126	-0.27175	-0.37917	-0.41815	17.438
851.36	-0.6094	-0.59732	-0.64052	-0.61476	-0.57293	-0.17449	-0.57599	-0.56497	-0.54816	-0.49103	-0.5683	-0.65536	-0.61009	-0.80774	-0.53262	0.36147	0.78968	0.95548	0.90462	0.6453	0.45277	0.25771	0.12539	0.015586	-0.055565	-0.11093	-0.17297	-0.2676	-0.3981	-0.43904	17.055
844.31	-0.56299	-0.62976	-0.62501	-0.59405	-0.5607	-0.15067	-0.58251	-0.5706	-0.53522	-0.60962	-0.55292	-0.70789	-0.61518	-0.83241	-0.44914	0.35502	0.7981	0.94597	0.9087	0.64596	0.43406	0.26174	0.12555	0.0084573	-0.065349	-0.11985	-0.17355	-0.24245	-0.375	-0.41631	16.671
848.59	-0.54917	-0.53099	-0.55234	-0.56267	-0.5519	-0.12766	-0.52094	-0.57404	-0.56129	-0.66349	-0.6302	-0.74174	-0.77389	-0.93512	-0.45661	0.39085	0.81394	0.947	0.87905	0.61449	0.41219	0.24831	0.10451	0.0038996	-0.059961	-0.13603	-0.17267	-0.26683	-0.39306	-0.42297	16.276
855.1	-0.5132	-0.51509	-0.52573	-0.52757	-0.54967	-0.13725	-0.60384	-0.60729	-0.59162	-0.50773	-0.54594	-0.58747	-0.67879	-0.98988	-0.39525	0.44387	0.79877	0.93115	0.87493	0.61914	0.41171	0.22977	0.098434	-0.0041924	-0.063687	-0.12885	-0.18001	-0.24267	-0.35227	-0.39976	15.889
857.67	-0.52072	-0.56928	-0.58311	-0.55583	-0.55394	-0.15502	-0.53476	-0.56975	-0.56483	-0.75977	-0.52452	-0.67833	-0.57894	-0.92522	-0.31713	0.38671	0.81157	0.92166	0.88001	0.5931	0.3848	0.20972	0.10604	0.010114	-0.058492	-0.12497	-0.16049	-0.23623	-0.34852	-0.36824	15.516
854.36	-0.49275	-0.50282	-0.50915	-0.52451	-0.52048	-0.13064	-0.5782	-0.5334	-0.54624	-0.59303	-0.68559	-0.78323	-0.75972	-1.2474	-0.42455	0.38821	0.80306	0.90794	0.83706	0.57672	0.37118	0.20776	0.0809	-0.0086789	-0.07044	-0.11142	-0.16544	-0.2314	-0.33096	-0.35663	15.124
858.42	-0.49042	-0.50466	-0.56922	-0.53255	-0.4314	-0.057356	-0.45196	-0.57371	-0.63932	-0.68405	-0.71202	-1.0479	-1.156	-1.4	-0.65313	0.39568	0.75821	0.91129	0.86557	0.56841	0.38624	0.21138	0.077885	0.009212	-0.059274	-0.11788	-0.14398	-0.20908	-0.31595	-0.34023	14.697
857.13	-0.33806	-0.38374	-0.43421	-0.50963	-0.52865	-0.13405	-0.54603	-0.60139	-0.63855	-0.83544	-0.87158	-1.2533	-1.398	-1.6932	-0.80809	0.2566	0.71465	0.91553	0.86686	0.59254	0.39302	0.23015	0.075367	0.0011825	-0.061866	-0.10057	-0.12779	-0.19059	-0.24549	-0.25925	14.347
856.81	-0.38712	-0.4084	-0.42543	-0.37541	-0.42826	-0.085245	-0.56139	-0.62039	-0.74413	-0.92976	-1.2584	-1.4949	-1.7902	-2.0115	-1.1453	0.0052373	0.65144	0.91779	0.89373	0.63094	0.41532	0.23669	0.099995	0.029795	-0.03935	-0.074366	-0.11316	-0.16449	-0.23391	-0.25501	13.959
851.79	-0.26543	-0.31047	-0.34429	-0.39618	-0.48237	-0.08093	-0.58163	-0.66992	-0.85882	-1.1244	-1.3954	-1.5503	-1.9619	-2.3251	-1.1424	-0.10719	0.6175	0.94055	0.899	0.6253	0.42044	0.26037	0.11384	0.037165	-0.024468	-0.061609	-0.076483	-0.1268	-0.19373	-0.19284	13.574
853.82	-0.29663	-0.29277	-0.4027	-0.42169	-0.49211	-0.13265	-0.60644	-0.71767	-0.90617	-1.2349	-1.4319	-1.8629	-2.2877	-2.5941	-1.3425	-0.29385	0.55053	0.92774	0.89428	0.65092	0.43279	0.24586	0.13649	0.040666	-0.0051419	-0.035127	-0.070234	-0.10516	-0.16713	-0.18455	13.209
859.59	-0.26844	-0.2908	-0.34563	-0.39784	-0.47308	-0.16041	-0.60404	-0.7494	-0.83984	-1.2922	-1.7285	-2.1554	-2.4942	-2.8317	-1.6501	-0.32901	0.49782	0.91673	0.89084	0.65583	0.44666	0.25709	0.14608	0.061781	0.0073733	-0.017455	-0.05083	-0.083259	-0.14273	-0.15738	12.869
851.58	-0.21261	-0.2272	-0.37857	-0.47318	-0.45868	-0.13493	-0.56569	-0.71417	-0.89205	-1.1625	-1.7149	-2.4182	-2.8133	-3.3111	-1.9465	-0.30399	0.46112	0.9109	0.89836	0.65919	0.46068	0.279	0.13597	0.07226	0.0066033	-0.03434	-0.03567	-0.09145	-0.12149	-0.13007	12.446
848.69	-0.19138	-0.19469	-0.24896	-0.38876	-0.47517	-0.13926	-0.64664	-0.84749	-0.94215	-1.3373	-1.7507	-2.6136	-2.9217	-3.3224	-1.9337	-0.35203	0.42658	0.90723	0.89709	0.64545	0.45061	0.26598	0.15239	0.067089	0.0099965	-0.01503	-0.047995	-0.075248	-0.10014	-0.11738	12.107
853.93	-0.13928	-0.18926	-0.23488	-0.43221	-0.61277	-0.18839	-0.61143	-0.84229	-1.062	-1.4611	-1.9687	-2.5511	-2.9127	-3.4702	-2.0474	-0.30317	0.40692	0.89974	0.88902	0.66018	0.47453	0.2949	0.15763	0.082826	0.02836	0.015782	-0.020845	-0.047707	-0.053563	-0.062716	11.771
860.02	-0.14191	-0.17528	-0.25281	-0.38189	-0.4414	-0.10306	-0.54839	-0.83009	-1.033	-1.5632	-2.0239	-2.6993	-3.1936	-3.5775	-2.1767	-0.60723	0.33633	0.87238	0.89466	0.66571	0.45439	0.30661	0.14689	0.080459	0.038971	-0.0035008	-0.0052123	-0.044925	-0.070185	-0.080414	11.404
865.47	-0.099746	-0.13067	-0.16801	-0.25859	-0.34685	-0.056889	-0.59161	-0.80008	-1.0906	-1.7209	-1.9424	-2.875	-3.4555	-3.8957	-2.4108	-0.64029	0.26783	0.85645	0.88055	0.65968	0.46995	0.27727	0.15118	0.086149	0.051124	0.017303	-0.0026148	-0.028449	-0.04218	-0.042992	11.097
862.58	-0.028966	-0.064769	-0.14282	-0.28214	-0.33527	-0.089434	-0.64208	-0.93864	-1.1877	-1.6519	-2.2443	-2.9491	-3.5466	-4.0752	-2.3615	-0.64243	0.26251	0.85361	0.8852	0.68224	0.47329	0.31028	0.17524	0.10065	0.048808	0.030393	0.020532	-0.006612	-0.0066349	-0.0095446	10.777
856.28	-0.013765	-0.061017	-0.15908	-0.28334	-0.39794	-0.11693	-0.66281	-0.90887	-1.1567	-1.824	-2.4095	-3.0357	-3.6885	-4.2818	-2.5137	-0.73104	0.24923	0.8781	0.88829	0.66769	0.48741	0.29502	0.16862	0.09065	0.052507	0.028867	0.0094511	-0.0099353	-0.012078	0.0025345	10.492
857.24	-0.016466	-0.035602	-0.10081	-0.21366	-0.36595	-0.096692	-0.65113	-0.90785	-1.2348	-1.8313	-2.4167	-3.0694	-3.7467	-4.1271	-2.6456	-0.73022	0.26057	0.86275	0.89756	0.66601	0.47092	0.28454	0.16405	0.088762	0.04494	0.020092	-5.0661e-005	0.0047904	0.0031963	0.003398	10.187
854.68	0.0043792	-0.035709	-0.14593	-0.25921	-0.36804	-0.096024	-0.68853	-0.9536	-1.2351	-1.8368	-2.4041	-3.1065	-3.5973	-4.1483	-2.5474	-0.67639	0.2488	0.87015	0.90283	0.66894	0.47589	0.29465	0.1663	0.10516	0.063485	0.039443	0.021589	0.014642	0.032019	0.027749	9.918
857.45	0.022476	-0.0094099	-0.1258	-0.25486	-0.40232	-0.13591	-0.69892	-0.94247	-1.2569	-1.8027	-2.426	-3.0316	-3.7191	-4.0908	-2.4141	-0.71142	0.2882	0.87211	0.88878	0.65188	0.46283	0.27432	0.17015	0.081595	0.05327	0.027077	0.028422	0.030941	0.051659	0.05019	9.687
854.25	0.038921	-0.0060525	-0.12896	-0.28225	-0.39591	-0.12394	-0.72602	-0.96036	-1.253	-1.9603	-2.465	-3.043	-3.7598	-3.9646	-2.3749	-0.62067	0.33502	0.86001	0.89985	0.65246	0.43968	0.27628	0.14788	0.082795	0.045097	0.014898	0.025931	0.019572	0.033836	0.050378	9.4529
855.53	0.043402	-0.0043512	-0.12519	-0.26335	-0.40322	-0.11895	-0.68616	-0.95981	-1.2355	-1.8915	-2.2429	-3.0755	-3.5046	-3.8437	-2.3135	-0.54512	0.34795	0.8971	0.88563	0.64868	0.43991	0.27125	0.14238	0.079985	0.042521	0.019255	0.030215	0.033468	0.047279	0.039012	9.187
864.08	0.043872	-0.006823	-0.14434	-0.2651	-0.40412	-0.14913	-0.7186	-0.945	-1.2379	-1.8541	-2.2404	-2.9716	-3.4699	-3.9107	-2.1283	-0.56742	0.39239	0.88728	0.88536	0.6395	0.42326	0.25667	0.14619	0.069443	0.045412	0.0208	0.0068003	0.020973	0.028107	0.058404	9.0057
865.79	0.04468	-0.0093194	-0.16706	-0.24545	-0.40821	-0.12134	-0.70968	-0.95552	-1.2013	-1.8412	-2.3046	-3.0575	-3.419	-3.7807	-2.1908	-0.30823	0.41196	0.88173	0.8887	0.62902	0.42329	0.24611	0.12156	0.06311	0.046973	0.019027	0.021312	0.032261	0.040495	0.064296	8.7791
865.68	0.032131	-0.0059726	-0.12815	-0.26374	-0.4024	-0.099542	-0.70727	-0.9282	-1.2134	-1.6739	-2.1381	-2.9752	-3.437	-3.6677	-2.1244	-0.24374	0.44299	0.87331	0.87186	0.60974	0.41019	0.2297	0.097231	0.060464	0.027151	0.0069102	0.01106	0.0096007	0.04139	0.048853	8.5977
865.15	0.024969	-0.019371	-0.15213	-0.28218	-0.3919	-0.10719	-0.70104	-0.94118	-1.1748	-1.7494	-2.2671	-2.6924	-3.2011	-3.4602	-1.7825	-0.4376	0.46629	0.88239	0.85036	0.6055	0.39113	0.207	0.12339	0.052529	0.013113	0.019908	-0.00090648	0.012037	0.037858	0.043732	8.4375
863.22	0.018728	-0.024449	-0.15425	-0.28281	-0.39571	-0.11314	-0.70761	-0.94327	-1.1697	-1.7906	-2.1541	-2.7997	-3.2701	-3.3979	-1.9202	-0.12425	0.50726	0.88435	0.85905	0.5976	0.39113	0.21295	0.10535	0.049098	0.019772	-0.013039	0.010233	-0.0057943	0.021004	0.044689	8.2969
869.84	0.032867	-0.015935	-0.12313	-0.28238	-0.38299	-0.13209	-0.69559	-0.92024	-1.1633	-1.8048	-1.9815	-2.6962	-3.1137	-3.2416	-1.7634	-0.17835	0.51837	0.87573	0.84323	0.5692	0.35934	0.2077	0.082053	0.038153	0.015509	-0.00087955	-0.0085552	0.0095547	0.026152	0.046912	8.1215
871.13	0.032821	-0.0017789	-0.12734	-0.27765	-0.40085	-0.11777	-0.67718	-0.92152	-1.1404	-1.8021	-2.0955	-2.4916	-3.1441	-3.2368	-1.6188	-0.10477	0.54927	0.8735	0.8462	0.58302	0.35968	0.20376	0.090576	0.029306	0.01056	-0.0034595	0.0041973	0.0063219	0.02788	0.064756	8.0308
868.99	0.016818	-0.02512	-0.14529	-0.25321	-0.38239	-0.08027	-0.67553	-0.91409	-1.1364	-1.7788	-2.1984	-2.6074	-3.1694	-3.1839	-1.6607	-0.16933	0.55944	0.88698	0.8677	0.56517	0.35795	0.1897	0.079538	0.028495	0.0015305	-0.018128	-0.0085636	0.010372	0.035917	0.037555	7.9265
863.76	0.031302	-0.017727	-0.14262	-0.26084	-0.37884	-0.13017	-0.68546	-0.89834	-1.1236	-1.6124	-1.9758	-2.4301	-2.9149	-3.1507	-1.5753	-0.077981	0.57524	0.89331	0.84578	0.55289	0.33901	0.18261	0.086118	0.018911	-0.0083964	-0.003489	-0.020608	0.00070028	0.0299	0.046381	7.8675
867.6	0.035637	-0.0034548	-0.13581	-0.28572	-0.3869	-0.088916	-0.66663	-0.89966	-1.1203	-1.5309	-2.0062	-2.5292	-2.858	-3.1018	-1.5588	-0.022425	0.59654	0.88746	0.84795	0.5578	0.34189	0.1736	0.064916	0.0082302	-0.0025868	-0.011247	-0.017105	-0.012227	0.03509	0.042752	7.7722
875.93	0.030867	-0.025749	-0.14064	-0.2787	-0.36682	-0.096504	-0.65371	-0.89285	-1.1029	-1.6635	-2.0356	-2.3782	-2.8221	-2.8134	-1.4593	0.032457	0.61798	0.87246	0.82565	0.53063	0.31176	0.17556	0.06086	0.01165	-0.0099119	-0.017984	-0.0042719	0.011888	0.037392	0.045738	7.7389
876.89	0.029061	0.00071244	-0.15446	-0.27325	-0.3828	-0.10763	-0.63901	-0.91284	-1.1118	-1.6709	-2.0914	-2.4752	-2.9234	-2.8103	-1.4012	-0.022187	0.6339	0.85934	0.82558	0.51548	0.31142	0.16094	0.062512	0.013385	-0.00011376	-0.020529	-0.015235	0.0030842	0.018921	0.044841	7.7072
873.79	0.019392	-0.028295	-0.14274	-0.27249	-0.41994	-0.12492	-0.68007	-0.87662	-1.0954	-1.5662	-1.9434	-2.4022	-2.8116	-2.803	-1.4628	0.087322	0.62738	0.86426	0.81928	0.52005	0.33077	0.15789	0.061008	0.0011566	-0.01321	-0.024032	-0.023756	0.0087101	0.026034	0.043297	7.6618
875.29	0.026453	-0.027422	-0.14512	-0.28407	-0.40474	-0.1022	-0.66819	-0.88651	-1.1122	-1.6003	-1.9304	-2.2982	-2.7545	-2.8587	-1.319	0.13275	0.6193	0.8731	0.80447	0.5064	0.30765	0.15491	0.048865	0.0072831	-0.022178	-0.015429	-0.022026	-0.02813	0.033901	0.04747	7.6316
876.04	0.030863	-0.017478	-0.14849	-0.27953	-0.38993	-0.12929	-0.67586	-0.88138	-1.0842	-1.6449	-2.1032	-2.4323	-2.6738	-2.7527	-1.3932	-0.085976	0.64064	0.85736	0.79708	0.49868	0.30392	0.15748	0.047964	-0.0049663	-0.010727	-0.032526	-0.023695	-0.0081093	0.031239	0.033011	7.6588
882.12	0.03065	-0.012431	-0.12576	-0.28016	-0.38053	-0.1591	-0.66138	-0.87009	-1.0859	-1.5879	-1.9058	-2.3165	-2.6294	-2.9051	-1.4397	-0.05824	0.64143	0.85517	0.78826	0.49795	0.30355	0.16178	0.053605	-0.010145	-0.0090335	-0.034	-0.024372	-0.007258	0.020554	0.03194	7.6618
884.15	0.027067	-0.017318	-0.14367	-0.28463	-0.37106	-0.087252	-0.67211	-0.88369	-1.0952	-1.5296	-2.0551	-2.2842	-2.7527	-2.7445	-1.4643	0.095303	0.61483	0.86342	0.8047	0.49861	0.30629	0.14263	0.06455	0.0046105	-0.014674	-0.029685	-0.018459	-0.01596	0.02399	0.045312	7.683
879.02	0.023692	-0.02648	-0.14712	-0.27087	-0.39437	-0.13351	-0.67028	-0.89145	-1.1015	-1.6485	-2.0284	-2.4331	-2.6213	-2.8637	-1.4447	-0.076627	0.63846	0.84884	0.80439	0.48972	0.3003	0.15156	0.036668	0.0098654	-0.022083	-0.027299	-0.019407	-0.01127	0.016248	0.041352	7.6784
872.09	0.031894	-0.013402	-0.16761	-0.29547	-0.3946	-0.14399	-0.69794	-0.91436	-1.1315	-1.8002	-2.1711	-2.4342	-2.7733	-2.9125	-1.3995	0.032583	0.61543	0.86783	0.8192	0.50094	0.30269	0.15367	0.045592	0.016095	-0.010777	-0.022362	-0.024652	-0.021806	0.024321	0.039974	7.6497
878.7	0.021933	-0.019896	-0.17681	-0.29838	-0.40221	-0.13076	-0.6935	-0.91096	-1.1423	-1.6216	-2.0098	-2.3255	-2.8479	-2.9852	-1.5016	0.0050895	0.58987	0.84635	0.81219	0.51987	0.3367	0.16241	0.058099	0.015101	-0.010694	-0.015369	-0.0084689	-0.011276	0.026762	0.033756	7.686
880.84	0.028931	-0.031359	-0.16682	-0.30621	-0.41082	-0.14629	-0.7213	-0.93484	-1.1463	-1.7457	-2.0917	-2.4822	-3.0488	-2.9866	-1.6103	0.032277	0.58061	0.86667	0.80356	0.53492	0.32554	0.17817	0.085302	0.0011474	0.011256	-0.0059725	-0.021887	0.0022768	0.036309	0.030299	7.8373
882.55	0.025356	-0.023912	-0.16042	-0.27832	-0.39758	-0.13949	-0.68231	-0.92435	-1.1483	-1.6876	-2.1935	-2.5583	-3.0689	-3.1264	-1.5605	-0.14866	0.5465	0.84732	0.82362	0.54293	0.34384	0.17872	0.081726	0.032397	0.0023185	-0.012754	-0.0050792	0.0030644	0.035369	0.044554	7.9975
882.33	0.010402	-0.056753	-0.15959	-0.30313	-0.43694	-0.14976	-0.70291	-0.9706	-1.1779	-1.834	-2.2133	-2.559	-3.1301	-3.3071	-1.6637	-0.212	0.52232	0.85869	0.84294	0.57652	0.36286	0.20655	0.085158	0.041088	0.0096154	-0.0059623	-0.0025648	0.011007	0.024039	0.03951	8.2017
879.88	0.013079	-0.047857	-0.17571	-0.30483	-0.43432	-0.13618	-0.72455	-0.96199	-1.2249	-1.7293	-2.3256	-2.8008	-3.2862	-3.5827	-1.9776	-0.29423	0.45674	0.86481	0.84696	0.57994	0.38027	0.20712	0.088819	0.045557	0.022648	0.0042432	0.012562	-0.00011001	0.030226	0.033711	8.4299
886.28	0.020868	-0.044244	-0.16666	-0.29838	-0.42928	-0.1528	-0.74454	-0.98616	-1.2361	-1.9077	-2.3088	-3.0047	-3.3916	-3.6848	-2.0936	-0.49019	0.3912	0.8493	0.84911	0.58926	0.37924	0.21901	0.11196	0.04177	0.016836	-0.0050906	0.0016195	-0.0024813	0.016115	0.02676	8.634
886.6	0.0033445	-0.016452	-0.18993	-0.3212	-0.43293	-0.14719	-0.74508	-0.99444	-1.2565	-1.7798	-2.2505	-3.1201	-3.614	-3.8114	-2.2138	-0.49901	0.33748	0.849	0.84302	0.61695	0.40736	0.24123	0.12295	0.053851	0.027318	0.0033645	-0.00088455	-0.0024804	0.0022213	0.022561	8.8682
883.08	0.0033612	-0.057525	-0.1768	-0.31566	-0.42988	-0.15614	-0.77337	-1.001	-1.2632	-2.0332	-2.4806	-3.2405	-3.6802	-3.9207	-2.5215	-0.65463	0.29198	0.85052	0.86299	0.63568	0.42533	0.25383	0.13538	0.071417	0.032284	0.0033796	0.0041405	0.0038572	0.02576	0.031065	9.1281
879.56	-0.00015793	-0.03964	-0.18274	-0.32805	-0.45465	-0.16237	-0.79205	-1.0303	-1.3103	-1.8764	-2.3844	-3.1812	-3.8337	-4.2545	-2.6722	-0.75705	0.23653	0.84086	0.87729	0.65092	0.44084	0.26384	0.13934	0.088253	0.058435	0.015322	0.025185	0.00068466	0.052984	0.043859	9.4061
878.7	0.0069106	-0.03638	-0.17768	-0.32237	-0.44644	-0.14477	-0.79036	-1.06	-1.3192	-2.1074	-2.5027	-3.2114	-3.9937	-4.4393	-2.8156	-0.91218	0.19579	0.83608	0.87814	0.667	0.4551	0.29469	0.1609	0.090953	0.060122	0.020455	0.018472	0.0078644	0.016254	0.016845	9.6568
882.97	0.0095155	-0.030464	-0.16294	-0.30802	-0.45863	-0.16452	-0.80941	-1.0714	-1.3597	-2.0425	-2.7694	-3.4298	-4.0608	-4.649	-2.9234	-0.98912	0.11155	0.81809	0.86808	0.69812	0.48386	0.30759	0.17887	0.096587	0.05902	0.031389	0.020058	0.0054454	0.022276	0.027703	9.9225
883.19	0.0024804	-0.045217	-0.17158	-0.31647	-0.45948	-0.19051	-0.80186	-1.0998	-1.3979	-2.0603	-2.6919	-3.42	-4.2411	-4.9646	-3.0908	-1.1244	0.0056908	0.81975	0.86704	0.69524	0.51211	0.3299	0.18991	0.11305	0.070344	0.039868	0.032619	0.026073	0.0214	0.033585	10.232
882.76	0.00072174	-0.046879	-0.16125	-0.31918	-0.45779	-0.19339	-0.82594	-1.0899	-1.3994	-2.1069	-2.8663	-3.5026	-4.3382	-5.1468	-3.3913	-1.3419	-0.070679	0.80341	0.88075	0.72269	0.51838	0.33275	0.19767	0.13219	0.071999	0.059413	0.032635	0.030052	0.02141	0.026866	10.54
880.95	0.0033693	-0.046156	-0.17289	-0.32411	-0.47024	-0.18633	-0.83338	-1.1113	-1.4468	-2.1021	-2.9493	-3.4918	-4.6502	-5.475	-3.5481	-1.5621	-0.18388	0.77618	0.87341	0.73143	0.54186	0.35318	0.23311	0.15768	0.085137	0.068043	0.042779	0.012617	0.016213	0.004994	10.861
883.51	-0.020371	-0.062414	-0.17499	-0.32914	-0.48131	-0.19416	-0.83994	-1.1505	-1.5129	-2.406	-3.0369	-3.5805	-4.8439	-5.6902	-3.7992	-1.7202	-0.27179	0.76371	0.87752	0.75641	0.56006	0.37274	0.24351	0.16156	0.10108	0.06615	0.056053	0.032408	0.030102	0.007501	11.179
885.21	-0.0071736	-0.040204	-0.16599	-0.32595	-0.4737	-0.18636	-0.87824	-1.1604	-1.5017	-2.2193	-2.9063	-3.6723	-5.0931	-5.8842	-3.9875	-1.9963	-0.38464	0.71124	0.87085	0.75945	0.5727	0.39703	0.24645	0.16644	0.11462	0.091422	0.05093	0.030762	0.018743	0.032667	11.531
888.2	-0.02376	-0.053116	-0.17147	-0.33502	-0.47782	-0.20515	-0.88828	-1.1643	-1.5583	-2.2844	-3.2503	-3.8299	-5.2133	-6.1793	-4.3362	-2.2591	-0.50755	0.69591	0.85471	0.77397	0.58788	0.39836	0.26087	0.18227	0.11988	0.094488	0.064919	0.049592	0.0091496	0.012481	11.888
882.33	-0.029199	-0.05347	-0.17522	-0.32702	-0.48099	-0.24186	-0.89664	-1.2137	-1.5778	-2.4548	-3.2719	-3.9814	-5.5592	-6.5203	-4.5988	-2.2651	-0.60557	0.66146	0.84294	0.80083	0.61244	0.43238	0.28223	0.19477	0.13121	0.099364	0.061997	0.045157	0.014444	0.025196	12.263
881.27	-0.013375	-0.057643	-0.17717	-0.34364	-0.47582	-0.21142	-0.91819	-1.2291	-1.6318	-2.4212	-3.5071	-4.1034	-5.7909	-6.9657	-4.9506	-2.621	-0.78365	0.60824	0.81899	0.80904	0.63903	0.44905	0.30051	0.18805	0.15409	0.10204	0.079701	0.044417	0.010094	0.022697	12.645
881.05	-0.032766	-0.065878	-0.18156	-0.348	-0.51814	-0.20681	-0.90695	-1.2529	-1.6507	-2.6869	-3.479	-4.3118	-6.0174	-7.1991	-5.448	-2.9115	-0.91253	0.56274	0.81419	0.80561	0.64695	0.46262	0.31425	0.21158	0.13871	0.10291	0.087278	0.04045	0.011844	-0.0034398	13.004
880.09	-0.044272	-0.07171	-0.1922	-0.33811	-0.4899	-0.21263	-0.91531	-1.2734	-1.729	-2.4611	-3.5214	-4.2894	-6.1973	-7.6794	-5.6132	-3.1051	-1.0824	0.51858	0.79424	0.82916	0.66577	0.48829	0.32315	0.23183	0.15836	0.11665	0.097461	0.03731	0.017104	0.0041551	13.4
878.28	-0.066465	-0.09	-0.17516	-0.33024	-0.49284	-0.22615	-0.95827	-1.3118	-1.7342	-2.6129	-3.6737	-4.6148	-6.6965	-7.9449	-5.9347	-3.5386	-1.2312	0.46451	0.77835	0.84359	0.69741	0.5073	0.35295	0.2419	0.17009	0.13737	0.094292	0.062917	0.0022423	-0.0059888	13.777
