12152	1	3	91	28.5	757	1	10	8	2.33	128	4096	10	0	0	0	0	298.24	964.46	1.4313e+006	0.11685	0.098965	40.681	0	0	1	0	0	0	11	0	0
946.85	0.010022	-0.058958	-0.17514	-0.26597	-0.35748	-0.4415	-0.57054	-0.68381	-0.81001	-1.0887	-1.3491	-1.3893	3.0275	-1.0717	-0.027869	0.70917	0.83389	0.66128	0.50513	0.188	0.03665	-0.057788	-0.11871	-0.11007	-0.089696	-0.079834	-0.045549	-0.02442	0.014208	0.046156	4.897
945.68	0.021529	-0.037588	-0.16807	-0.25993	-0.37847	-0.44291	-0.58269	-0.72193	-0.83135	-1.1923	-1.3149	-1.391	3.128	-1.169	-0.12384	0.68473	0.86571	0.71938	0.5585	0.23971	0.08086	-0.02107	-0.074278	-0.088335	-0.078461	-0.068836	-0.037785	-0.02445	0.031313	0.029716	5.2744
942.38	0.010893	-0.062313	-0.17109	-0.2888	-0.38966	-0.48018	-0.59391	-0.73746	-0.85781	-1.1366	-1.5358	-1.6487	3.0257	-1.3736	-0.29931	0.41615	0.83622	0.72103	0.59236	0.26595	0.08759	-0.01611	-0.067349	-0.06588	-0.073423	-0.075439	-0.044196	-0.021563	0.0061097	0.037704	5.6546
938.45	0.015903	-0.064117	-0.18406	-0.29322	-0.3976	-0.48044	-0.61024	-0.76341	-0.91581	-1.15	-1.5241	-1.6726	3.0221	-1.4116	-0.52028	0.55395	0.84463	0.77566	0.64956	0.31469	0.14136	0.030164	-0.051591	-0.050646	-0.044007	-0.057388	-0.023886	-0.017919	0.024175	0.029945	6.0348
933.66	0.019311	-0.07143	-0.16695	-0.30359	-0.40235	-0.48906	-0.64195	-0.80179	-0.94586	-1.3198	-1.5137	-1.8939	3.0049	-1.7427	-0.73496	0.37728	0.81285	0.79371	0.65996	0.33426	0.16323	0.031167	-0.022025	-0.059112	-0.034274	-0.03601	-0.036687	-0.0097544	0.012758	0.034872	6.3801
929.5	0.017728	-0.042138	-0.20231	-0.2847	-0.40506	-0.50449	-0.65102	-0.82763	-1.0018	-1.395	-1.7032	-1.9365	3.1086	-1.8481	-0.64951	0.56786	0.81813	0.82198	0.71421	0.3907	0.21135	0.07384	0.0013611	-0.018166	-0.022885	-0.030525	-0.01536	0.012817	0.026891	0.043022	6.7903
925.03	0.019491	-0.058784	-0.19087	-0.31456	-0.4262	-0.50693	-0.69549	-0.86144	-1.0427	-1.5759	-1.7757	-2.0833	3.1401	-2.2576	-0.9647	0.35493	0.76743	0.83571	0.73273	0.41415	0.22714	0.093003	0.016015	-0.0041738	-0.021448	-0.012849	0.0021595	0.0098475	0.020367	0.023952	7.1822
921.73	0.018719	-0.046423	-0.17659	-0.30833	-0.44973	-0.55594	-0.69251	-0.86785	-1.0753	-1.4592	-1.8281	-2.1683	3.1597	-2.282	-0.93237	0.235	0.74524	0.86809	0.78628	0.46326	0.27245	0.12851	0.052823	0.029889	0.0071868	-0.0031373	0.002971	0.0045627	0.038806	0.042579	7.5968
919.92	0.03226	-0.038641	-0.18277	-0.31221	-0.46347	-0.54811	-0.73072	-0.92453	-1.1353	-1.8123	-2.2286	-2.3194	3.0995	-2.6728	-1.2928	0.053275	0.68092	0.86356	0.80138	0.49106	0.29775	0.14681	0.066016	0.025785	0.0056468	0.0025579	0.0037806	0.011428	0.045574	0.046702	8.0248
919.92	0.022977	-0.043364	-0.17194	-0.3253	-0.43683	-0.54544	-0.73699	-0.94535	-1.1731	-1.6372	-2.0625	-2.3625	3.0747	-2.9522	-1.4363	-0.042164	0.63178	0.87159	0.83567	0.56219	0.3514	0.20612	0.094658	0.039943	0.058515	0.022927	0.036753	0.023614	0.043065	0.060431	8.4209
920.77	0.018737	-0.048043	-0.18592	-0.33318	-0.46121	-0.57257	-0.75433	-0.96361	-1.209	-1.8544	-2.1436	-2.7227	3.0221	-3.2533	-1.7305	-0.26746	0.55215	0.87613	0.84924	0.57294	0.38984	0.22396	0.11828	0.074019	0.056908	0.044069	0.028685	0.019024	0.030489	0.042623	8.8592
920.99	0.022106	-0.050392	-0.19171	-0.31839	-0.46202	-0.55015	-0.73849	-0.98002	-1.2416	-1.889	-2.3275	-2.6876	3.1539	-3.5152	-1.9093	-0.40603	0.47466	0.89019	0.87692	0.6144	0.42603	0.27199	0.16484	0.098125	0.077864	0.057891	0.037515	0.038042	0.029647	0.054712	9.3049
921.2	0.0094585	-0.036228	-0.18335	-0.31995	-0.48759	-0.59369	-0.77433	-1.0097	-1.2959	-1.9847	-2.5021	-3.1698	3.029	-4.015	-2.3027	-0.63118	0.38723	0.88107	0.89821	0.63245	0.4317	0.27622	0.16071	0.11141	0.078622	0.055437	0.055173	0.040315	0.039664	0.044217	9.7172
921.84	0.019559	-0.028346	-0.18239	-0.323	-0.46801	-0.6093	-0.7957	-1.0373	-1.3111	-1.8872	-2.6293	-3.2193	3.1262	-4.2337	-2.3459	-0.69999	0.2864	0.88135	0.88565	0.67963	0.46847	0.30433	0.20306	0.13793	0.092535	0.067593	0.062358	0.057771	0.051323	0.054665	10.155
922.69	0.0010278	-0.057362	-0.19799	-0.34554	-0.48772	-0.61408	-0.8106	-1.0737	-1.3772	-2.0688	-2.7281	-3.4316	3.0241	-4.5575	-2.8979	-1.0021	0.16076	0.84406	0.90153	0.68851	0.50178	0.32462	0.20777	0.15025	0.11028	0.090275	0.064706	0.044047	0.028757	0.036898	10.573
923.22	0.013642	-0.026736	-0.17049	-0.338	-0.49385	-0.63328	-0.84451	-1.0855	-1.3949	-2.0589	-2.7449	-3.4382	3.1463	-4.7269	-2.9498	-1.062	0.077689	0.8498	0.90737	0.72528	0.52863	0.34756	0.23537	0.16676	0.13268	0.10483	0.0831	0.078936	0.052081	0.048946	10.992
923.75	0.015315	-0.043185	-0.17372	-0.36633	-0.50454	-0.62937	-0.83856	-1.1114	-1.4621	-2.2408	-2.872	-3.3932	2.9958	-5.1988	-3.3945	-1.4069	-0.05754	0.81199	0.89176	0.74042	0.54641	0.37988	0.25642	0.17579	0.1357	0.10559	0.08225	0.062959	0.042052	0.039267	11.418
926.1	0.006893	-0.029779	-0.18568	-0.33208	-0.48593	-0.64107	-0.84734	-1.1277	-1.4616	-2.1655	-3.039	-3.4361	3.0459	-5.4143	-3.6353	-1.524	-0.17403	0.78246	0.89584	0.77129	0.58931	0.41051	0.28422	0.21257	0.16548	0.13283	0.1116	0.089283	0.066044	0.043983	11.852
927.8	-0.0065105	-0.064853	-0.16883	-0.35094	-0.52329	-0.65759	-0.87221	-1.1726	-1.5196	-2.3613	-3.189	-3.798	3.0239	-5.8525	-3.9576	-1.8395	-0.33804	0.75094	0.87363	0.77245	0.58331	0.41402	0.28126	0.2064	0.17057	0.13017	0.11458	0.078546	0.046847	0.051909	12.286
930.46	0.011868	-0.056107	-0.18399	-0.31838	-0.5227	-0.6213	-0.91235	-1.1767	-1.5518	-2.3978	-3.1342	-3.8127	3.0726	-6.1364	-4.1944	-2.0486	-0.47375	0.70468	0.87587	0.80455	0.64367	0.45787	0.31282	0.23051	0.18085	0.1604	0.12777	0.088864	0.049194	0.058947	12.708
932.27	-0.0098105	-0.05056	-0.15733	-0.35975	-0.50446	-0.66764	-0.89588	-1.218	-1.6059	-2.5314	-3.4469	-3.8905	2.9276	-6.5462	-4.7082	-2.4299	-0.64376	0.6637	0.85607	0.81497	0.64405	0.47395	0.32917	0.23828	0.19277	0.1424	0.13149	0.085686	0.039191	0.035722	13.083
934.4	0.00018281	-0.046567	-0.16354	-0.33718	-0.49608	-0.66524	-0.88844	-1.2439	-1.6347	-2.3877	-3.5118	-4.0857	3.0597	-6.863	-4.9535	-2.5781	-0.77429	0.63319	0.84784	0.83618	0.67509	0.50333	0.36628	0.27299	0.20534	0.17496	0.14465	0.09524	0.058869	0.045975	13.51
936.21	-0.02304	-0.063498	-0.16977	-0.36467	-0.51588	-0.67535	-0.94527	-1.2448	-1.6964	-2.5465	-3.7499	-4.3154	3.0049	-7.3343	-5.217	-3.0248	-0.96183	0.56183	0.81329	0.84649	0.67135	0.51419	0.37602	0.27083	0.19884	0.15862	0.12778	0.10478	0.050535	0.033191	13.893
937.17	-0.023844	-0.056476	-0.17368	-0.3643	-0.51265	-0.68254	-0.93737	-1.3032	-1.6922	-2.5439	-3.7279	-4.3618	2.9611	-7.6172	-5.5725	-3.1239	-1.1186	0.51221	0.79916	0.85755	0.70064	0.52885	0.38608	0.29671	0.22916	0.17365	0.13949	0.098696	0.043913	0.041084	14.272
935.89	-0.03881	-0.075128	-0.18538	-0.35514	-0.52328	-0.68786	-0.97256	-1.3017	-1.7554	-2.6765	-3.7421	-4.7497	2.8836	-8.088	-5.915	-3.5631	-1.3051	0.43748	0.75714	0.85787	0.71377	0.53548	0.40028	0.29875	0.22794	0.17549	0.13731	0.086851	0.039041	0.029232	14.676
934.93	-0.043833	-0.086824	-0.15443	-0.37161	-0.50845	-0.66311	-0.97201	-1.335	-1.7936	-2.5931	-3.8186	-4.6611	3.0008	-8.4683	-6.371	-3.8825	-1.472	0.38525	0.74458	0.89118	0.75105	0.56986	0.40794	0.30889	0.232	0.1909	0.16119	0.10418	0.041549	0.040387	15.011
934.08	-0.055511	-0.078375	-0.1841	-0.35744	-0.55052	-0.71292	-1.0015	-1.3895	-1.8174	-2.9059	-3.9675	-4.8269	2.8321	-8.7998	-6.7829	-4.2278	-1.653	0.30387	0.70835	0.87832	0.74442	0.58816	0.41556	0.32394	0.24217	0.19107	0.16054	0.09152	0.05065	0.018947	15.353
932.8	-0.059748	-0.09168	-0.16464	-0.35874	-0.54403	-0.7007	-0.99047	-1.3684	-1.8897	-2.8062	-4.1732	-5.1486	3.0649	-9.2576	-7.0663	-4.3876	-1.8491	0.27701	0.6873	0.88894	0.77149	0.59829	0.44115	0.34573	0.24864	0.19374	0.15918	0.10667	0.03752	0.027736	15.653
931.42	-0.069842	-0.097259	-0.18873	-0.35927	-0.53758	-0.70438	-1.0167	-1.354	-1.9156	-3.0353	-4.3982	-5.1392	3.094	-9.5554	-7.5815	-4.9168	-2.0418	0.1893	0.63398	0.87741	0.76285	0.59748	0.4418	0.32733	0.25438	0.19484	0.15624	0.095544	0.033447	0.0070365	15.944
931.31	-0.081522	-0.085606	-0.183	-0.348	-0.52222	-0.69212	-1.0037	-1.4158	-1.9134	-2.8799	-4.2711	-5.2166	3.0452	-9.8163	-7.8746	-5.0459	-2.2041	0.14701	0.62697	0.8895	0.7874	0.61283	0.46772	0.34875	0.26055	0.219	0.16181	0.096306	0.032623	-0.0017382	16.297
932.06	-0.086454	-0.12051	-0.22231	-0.3671	-0.55081	-0.70566	-1.0454	-1.4205	-1.9516	-2.9208	-4.4316	-5.451	2.9364	-10.295	-8.0365	-5.3843	-2.3815	0.067636	0.56666	0.87681	0.78758	0.62167	0.46007	0.34766	0.26188	0.20757	0.15533	0.10826	0.016084	-0.011304	16.48
931.74	-0.089818	-0.13532	-0.21416	-0.364	-0.53196	-0.68828	-0.9978	-1.4168	-1.988	-3.0169	-4.2691	-5.4955	3.0111	-10.469	-8.2517	-5.4718	-2.5139	0.013919	0.5574	0.8831	0.8066	0.63631	0.4675	0.36751	0.26888	0.21568	0.16809	0.10529	0.030957	-0.0041299	16.697
930.89	-0.10074	-0.137	-0.2053	-0.37646	-0.56512	-0.73476	-1.0537	-1.4165	-2.008	-3.0803	-4.6561	-5.6968	2.8172	-10.804	-8.6668	-5.8454	-2.6561	-0.061899	0.52403	0.87877	0.79429	0.6301	0.48006	0.35715	0.2745	0.20461	0.16348	0.091834	0.018585	0.0014534	16.938
932.27	-0.11642	-0.13291	-0.19514	-0.37671	-0.51353	-0.7143	-1.0197	-1.4267	-1.9916	-2.9806	-4.5672	-5.7395	3.0257	-10.86	-8.6451	-6.0251	-2.8017	-0.094384	0.49493	0.89373	0.81999	0.65376	0.49549	0.37141	0.2833	0.21878	0.16641	0.097711	0.0028729	-0.00014183	17.115
932.91	-0.118	-0.14602	-0.22703	-0.38532	-0.52133	-0.69534	-1.019	-1.4578	-2.0402	-3.0995	-4.737	-5.8803	2.852	-11.283	-9.1519	-6.3546	-2.9172	-0.15591	0.46393	0.86916	0.8121	0.6389	0.4887	0.37444	0.28924	0.21622	0.16312	0.098396	0.00039609	-0.017666	17.301
932.59	-0.14885	-0.17325	-0.22793	-0.36447	-0.53419	-0.70174	-1.0232	-1.464	-2.0694	-3.066	-4.6294	-5.9334	2.8938	-11.4	-9.2258	-6.4252	-3.0275	-0.19029	0.44206	0.87459	0.8311	0.65862	0.4929	0.36799	0.274	0.22352	0.1608	0.10369	0.01195	-0.018466	17.468
932.7	-0.17048	-0.17633	-0.2353	-0.3725	-0.545	-0.68406	-1.0331	-1.4778	-2.0335	-3.1952	-4.7563	-6.052	2.9099	-11.682	-9.5608	-6.7154	-3.1479	-0.22547	0.41449	0.88048	0.81798	0.66448	0.49285	0.36302	0.26093	0.21225	0.16316	0.081889	-0.015279	-0.044753	17.621
932.49	-0.15636	-0.17482	-0.23206	-0.39842	-0.5569	-0.71062	-1.045	-1.4888	-2.0609	-2.9627	-4.7392	-5.9256	3.0414	-11.742	-9.5276	-6.871	-3.234	-0.25369	0.39728	0.88667	0.81328	0.65955	0.49699	0.37132	0.2817	0.21792	0.16082	0.096185	-0.00703	-0.032812	17.712
930.25	-0.17343	-0.20482	-0.29686	-0.38966	-0.53463	-0.69733	-1.0126	-1.4677	-2.0683	-3.2382	-4.8601	-6.2131	2.8765	-11.981	-9.9317	-6.8961	-3.3003	-0.29136	0.39981	0.85621	0.81442	0.66963	0.49819	0.38951	0.2647	0.20555	0.15325	0.076079	-0.014491	-0.03928	17.824
926.84	-0.17993	-0.20792	-0.29134	-0.38135	-0.55574	-0.69635	-1.056	-1.4623	-2.0535	-3.0676	-4.7406	-6.0988	2.9612	-11.96	-9.7368	-6.9989	-3.3389	-0.28535	0.39336	0.8981	0.83872	0.67806	0.50246	0.38681	0.27802	0.2144	0.15301	0.089211	-0.023679	-0.05706	17.886
921.09	-0.21477	-0.25011	-0.28234	-0.44175	-0.5803	-0.72386	-1.0414	-1.4049	-2.0463	-3.2355	-4.8255	-6.3438	2.8058	-12.24	-10.048	-6.9733	-3.4038	-0.30762	0.37432	0.88551	0.82829	0.65568	0.49497	0.37591	0.26888	0.21736	0.15558	0.064663	-0.024663	-0.069517	17.962
915.13	-0.20684	-0.2375	-0.32102	-0.47836	-0.56839	-0.72589	-1.0325	-1.4325	-2.0192	-3.1245	-4.8941	-6.1769	2.9324	-12.419	-9.8885	-7.0275	-3.4369	-0.31681	0.37515	0.89913	0.84696	0.68242	0.50889	0.38674	0.26985	0.21387	0.14689	0.067382	-0.033233	-0.06997	17.965
909.8	-0.2328	-0.28346	-0.35574	-0.43979	-0.58101	-0.76894	-1.0496	-1.4468	-2.0457	-3.1163	-4.8574	-6.2043	2.9831	-12.408	-10.191	-7.3581	-3.4856	-0.34122	0.36687	0.89212	0.83941	0.68121	0.51435	0.3789	0.27458	0.2077	0.14856	0.064696	-0.053726	-0.079363	17.968
905.43	-0.2365	-0.30883	-0.33546	-0.46436	-0.63141	-0.73186	-1.0802	-1.4157	-2.0212	-3.1491	-4.9277	-6.322	3.107	-12.335	-10.022	-7.041	-3.4745	-0.293	0.38079	0.90964	0.85771	0.67838	0.51933	0.37903	0.26879	0.20953	0.13049	0.068879	-0.059085	-0.081388	17.991
902.44	-0.29493	-0.29781	-0.3875	-0.51594	-0.57544	-0.76793	-1.0638	-1.4195	-1.9295	-3.0702	-4.8876	-6.2725	3.0074	-12.417	-10.091	-7.1881	-3.4045	-0.30762	0.3975	0.91	0.8555	0.68851	0.52021	0.37095	0.27047	0.19777	0.13748	0.052799	-0.059279	-0.090713	17.989
901.38	-0.28925	-0.32629	-0.37776	-0.48732	-0.60706	-0.82712	-1.0962	-1.4204	-1.9433	-2.9488	-4.7897	-6.2006	3.0702	-12.281	-9.9113	-7.055	-3.3669	-0.29068	0.41668	0.92524	0.87252	0.69371	0.51498	0.37904	0.26683	0.20881	0.13272	0.052086	-0.078132	-0.099064	17.965
901.38	-0.30561	-0.33272	-0.37776	-0.48565	-0.67455	-0.85444	-1.0978	-1.4467	-1.9499	-3.0739	-4.8274	-6.2094	2.9941	-12.407	-9.9662	-7.1081	-3.355	-0.27884	0.40854	0.90842	0.84809	0.68318	0.49745	0.37224	0.26365	0.19967	0.13682	0.044313	-0.087523	-0.1106	17.955
901.06	-0.29107	-0.36579	-0.37194	-0.52676	-0.69074	-0.88571	-1.1054	-1.4149	-1.8832	-2.8336	-4.6312	-5.9383	3.0882	-12.051	-9.8049	-7.0132	-3.2848	-0.25616	0.42823	0.91937	0.86946	0.69571	0.51851	0.37492	0.25978	0.19891	0.13933	0.045883	-0.082431	-0.11724	17.97
899.14	-0.33055	-0.38187	-0.41704	-0.54965	-0.68469	-0.8593	-1.1583	-1.4512	-1.8963	-3.0278	-4.6411	-6.1012	3.0609	-11.984	-9.7892	-6.8684	-3.2901	-0.24758	0.42669	0.92311	0.85949	0.68313	0.51878	0.37146	0.26749	0.19433	0.12317	0.049877	-0.080895	-0.11253	17.988
897.97	-0.33877	-0.38721	-0.44574	-0.55875	-0.63665	-0.95001	-1.155	-1.4957	-1.8287	-2.7716	-4.5621	-5.8084	2.9715	-11.806	-9.3887	-6.8063	-3.1886	-0.22322	0.46646	0.94209	0.85723	0.70427	0.50604	0.37962	0.2543	0.18373	0.1291	0.031214	-0.076716	-0.11268	17.968
896.37	-0.3567	-0.38871	-0.44056	-0.60509	-0.82632	-0.89951	-1.2134	-1.4787	-1.8394	-2.7496	-4.3713	-5.8631	2.9598	-11.549	-9.433	-6.6048	-3.055	-0.17417	0.49511	0.94377	0.87147	0.68347	0.49099	0.35637	0.2372	0.16149	0.10044	0.011726	-0.10862	-0.14023	17.932
895.62	-0.32318	-0.34618	-0.44605	-0.61568	-0.81946	-0.97174	-1.2973	-1.5475	-2.0012	-2.6979	-4.1094	-5.3003	3.0218	-10.9	-8.8055	-6.0935	-2.7915	-0.079002	0.55286	0.93921	0.85015	0.67345	0.48804	0.35496	0.23819	0.15744	0.10218	-0.0015643	-0.11988	-0.14284	17.676
894.87	-0.33473	-0.4104	-0.49694	-0.65068	-0.83053	-0.98264	-1.2936	-1.6293	-1.9401	-2.6822	-4.2362	-5.3491	3.084	-10.495	-8.3151	-5.7953	-2.5601	0.024584	0.5902	0.94356	0.84237	0.6422	0.47162	0.33214	0.21202	0.14082	0.067543	-0.010961	-0.1174	-0.14545	17.688
896.05	-0.37416	-0.42522	-0.52707	-0.65907	-0.86622	-1.0409	-1.4376	-1.787	-1.9342	-2.5618	-3.5389	-4.6772	3.1736	-9.688	-7.4574	-5.3424	-2.2712	0.10425	0.63527	0.95657	0.82771	0.62901	0.45924	0.32657	0.19098	0.13394	0.06663	2.5986e-006	-0.12755	-0.17428	17.342
897.43	-0.44539	-0.43506	-0.51857	-0.76206	-1.0118	-1.1994	-1.2192	-1.6323	-1.9518	-2.3514	-3.5145	-4.1566	2.9902	-8.6789	-6.7658	-4.7917	-1.9296	0.19189	0.70458	0.92575	0.8112	0.60953	0.42666	0.30814	0.19388	0.11286	0.052513	-0.038258	-0.14879	-0.18395	17.145
896.37	-0.37749	-0.43477	-0.64141	-0.8419	-0.93379	-1.0808	-1.2383	-1.7565	-1.9368	-2.2823	-3.3387	-4.135	3.2405	-7.9302	-5.7066	-4.1208	-1.6362	0.33772	0.74716	0.94466	0.80539	0.60761	0.43557	0.28372	0.17336	0.087073	0.033593	-0.03205	-0.14725	-0.1651	16.973
895.83	-0.41672	-0.50456	-0.68369	-0.88274	-1.0381	-1.1016	-1.3019	-1.5608	-1.7026	-2.2927	-3.0468	-3.3837	3.1148	-6.4833	-5.2496	-3.6957	-1.3011	0.43872	0.80901	0.93631	0.79485	0.58591	0.39885	0.2685	0.14791	0.087961	0.023701	-0.056317	-0.15679	-0.20086	16.602
895.83	-0.48345	-0.54821	-0.81197	-0.92391	-1.04	-1.0833	-1.3502	-1.4685	-1.644	-2.1937	-2.6014	-3.3305	3.1744	-6.1542	-4.7893	-3.1701	-1.083	0.52759	0.82948	0.92117	0.76518	0.56119	0.38625	0.236	0.12955	0.074576	0.0022299	-0.07509	-0.18342	-0.22077	16.315
894.87	-0.50653	-0.64269	-0.8214	-0.9064	-1.0439	-1.1542	-1.2186	-1.4812	-1.5589	-2.2681	-2.7654	-2.979	3.0925	-5.2399	-4.3612	-2.7008	-0.80935	0.60062	0.87463	0.90967	0.74648	0.5291	0.36732	0.21742	0.10571	0.044505	-0.020088	-0.096311	-0.21887	-0.25338	16.053
894.13	-0.55385	-0.68453	-0.7484	-0.91473	-0.9796	-1.0661	-1.3229	-1.4233	-1.4204	-1.7475	-2.4069	-2.4929	3.1804	-4.4833	-3.7376	-2.2033	-0.57354	0.69201	0.90736	0.90418	0.71229	0.49948	0.32216	0.1859	0.088203	0.026103	-0.034999	-0.13009	-0.25004	-0.29514	15.718
894.66	-0.58476	-0.65903	-0.70771	-0.8982	-0.9129	-1.1517	-1.2052	-1.2675	-1.3385	-1.5214	-2.32	-2.7933	3.1189	-4.1764	-3.4681	-1.8987	-0.37796	0.72738	0.89698	0.86529	0.66179	0.4541	0.29337	0.15153	0.076958	-0.011609	-0.058957	-0.15194	-0.29375	-0.31905	15.386
895.62	-0.56853	-0.58959	-0.80019	-0.89976	-1.0402	-1.0643	-1.038	-1.119	-1.3346	-1.6726	-1.8056	-2.2493	3.2092	-3.5895	-2.829	-1.5402	-0.1791	0.77976	0.92386	0.83763	0.63649	0.44302	0.267	0.12913	0.025763	-0.03168	-0.082024	-0.16273	-0.29516	-0.35687	15.055
895.19	-0.59569	-0.67967	-0.7749	-0.83376	-0.8897	-0.99146	-1.0377	-1.1674	-1.3675	-1.4395	-1.9487	-2.1083	3.0914	-3.5827	-2.6737	-1.2646	-0.043114	0.82047	0.92758	0.80772	0.59014	0.39642	0.23938	0.10095	0.0010084	-0.070208	-0.09446	-0.1996	-0.32023	-0.36368	14.726
897.54	-0.58808	-0.66256	-0.70288	-0.78629	-0.86667	-0.88919	-1.023	-1.0893	-1.2032	-1.2114	-1.5936	-1.8816	3.1768	-3.1269	-2.3726	-0.94124	0.12686	0.86223	0.94313	0.77538	0.56744	0.35133	0.19933	0.077641	-0.029278	-0.079209	-0.14779	-0.20611	-0.31339	-0.38012	14.413
899.35	-0.60848	-0.68378	-0.72617	-0.77466	-0.79164	-0.80343	-1.0474	-1.1459	-1.0568	-1.4149	-1.5054	-1.9219	3.1365	-2.633	-2.0927	-0.74412	0.23223	0.86961	0.92411	0.73477	0.52493	0.31106	0.16713	0.029782	-0.042738	-0.099882	-0.14914	-0.21894	-0.32816	-0.36613	14.106
901.7	-0.59484	-0.64505	-0.65546	-0.73675	-0.7699	-0.84776	-0.96785	-0.89648	-1.1738	-1.1611	-1.379	-1.7848	3.086	-2.5927	-1.5842	-0.57403	0.36757	0.89375	0.91357	0.70808	0.48735	0.28921	0.13497	0.027153	-0.051353	-0.11375	-0.15203	-0.25411	-0.3623	-0.38907	13.723
907.24	-0.55526	-0.53972	-0.6447	-0.70238	-0.78382	-0.82901	-0.78625	-0.97291	-0.9155	-1.0564	-1.3425	-1.7739	3.1008	-2.3435	-1.4291	-0.43859	0.44977	0.87472	0.89101	0.66153	0.45759	0.24212	0.10843	-0.014388	-0.10228	-0.13867	-0.19106	-0.24715	-0.36008	-0.38342	13.402
915.87	-0.51442	-0.54887	-0.64197	-0.72206	-0.66203	-0.7011	-0.81427	-0.75546	-0.8786	-1.0024	-1.0981	-1.6271	3.2048	-2.0655	-1.3166	-0.2166	0.5275	0.89695	0.8738	0.62219	0.41431	0.20962	0.072063	-0.037674	-0.1021	-0.14882	-0.18037	-0.23947	-0.33064	-0.34087	12.995
923.86	-0.4814	-0.49631	-0.5452	-0.6319	-0.65173	-0.6515	-0.71355	-0.77132	-0.85419	-0.97632	-1.107	-1.4411	3.0203	-2.0395	-1.1623	-0.085167	0.57767	0.87231	0.83766	0.57621	0.36963	0.18727	0.045366	-0.046471	-0.11438	-0.15807	-0.19643	-0.25712	-0.32112	-0.34918	12.631
932.91	-0.4426	-0.43249	-0.45615	-0.6177	-0.55665	-0.62847	-0.60226	-0.72688	-0.76581	-0.91504	-1.1326	-1.4696	2.9991	-2.044	-0.93003	0.0012034	0.60656	0.85241	0.83032	0.56463	0.34814	0.16595	0.038473	-0.069835	-0.13014	-0.17823	-0.1969	-0.24336	-0.30398	-0.32907	12.218
943.98	-0.39711	-0.41821	-0.46135	-0.48048	-0.53938	-0.53762	-0.5081	-0.67129	-0.82972	-1.0238	-1.2453	-1.444	2.964	-2.036	-1.1463	0.077281	0.64084	0.83546	0.79961	0.51405	0.2982	0.13218	0.0013402	-0.10229	-0.1468	-0.17773	-0.19616	-0.24644	-0.30775	-0.31026	11.834
952.28	-0.32108	-0.35296	-0.40504	-0.41385	-0.45216	-0.43812	-0.4552	-0.67027	-0.70207	-0.8626	-1.1988	-1.5566	2.9862	-1.9865	-0.95443	0.16041	0.65617	0.83594	0.76568	0.48695	0.28364	0.10363	0.0044901	-0.090941	-0.14326	-0.1809	-0.19834	-0.23473	-0.29295	-0.28414	11.376
958.55	-0.29954	-0.28492	-0.33285	-0.39779	-0.35929	-0.38644	-0.56584	-0.55958	-0.71523	-1.0754	-1.315	-1.4055	2.8712	-1.942	-0.88796	0.02615	0.68065	0.8082	0.75455	0.45379	0.2398	0.08645	-0.030877	-0.10234	-0.15874	-0.19301	-0.18623	-0.22881	-0.2541	-0.27143	11.002
965.14	-0.26129	-0.27021	-0.2639	-0.31942	-0.36734	-0.39826	-0.48724	-0.50813	-0.62909	-0.88449	-1.0772	-1.6839	2.978	-2.0306	-0.89044	0.29056	0.69267	0.8231	0.74712	0.4449	0.23895	0.069476	-0.033786	-0.11037	-0.15692	-0.18082	-0.19876	-0.20038	-0.23244	-0.23186	10.54
969.5	-0.25531	-0.2309	-0.25639	-0.33119	-0.35697	-0.38039	-0.41215	-0.52007	-0.58048	-0.98022	-1.3789	-1.7501	2.8073	-2.0526	-0.92046	0.15756	0.69035	0.79146	0.72863	0.42397	0.20028	0.034909	-0.060808	-0.11698	-0.15695	-0.18619	-0.20016	-0.21177	-0.21393	-0.21472	10.178
969.92	-0.20076	-0.21736	-0.26734	-0.30388	-0.29061	-0.33114	-0.39412	-0.46297	-0.57336	-0.98809	-1.2295	-1.6838	2.9162	-2.0517	-0.7585	0.34674	0.71453	0.79704	0.69276	0.39992	0.20489	0.037338	-0.070871	-0.13431	-0.15614	-0.17529	-0.19778	-0.1965	-0.2059	-0.18628	9.7715
968.97	-0.18333	-0.22654	-0.24388	-0.29019	-0.28915	-0.35179	-0.32454	-0.44683	-0.635	-1.1138	-1.3622	-1.7921	2.9426	-2.0928	-0.84437	0.4212	0.73975	0.78511	0.68663	0.36902	0.16982	0.020239	-0.072495	-0.13365	-0.15482	-0.16851	-0.17125	-0.17717	-0.17434	-0.16883	9.3849
966.84	-0.17329	-0.18359	-0.17707	-0.24568	-0.18928	-0.27531	-0.31929	-0.4383	-0.66777	-1.1495	-1.4442	-1.796	2.9412	-1.8237	-0.71826	0.44687	0.76039	0.7792	0.68814	0.3558	0.16784	0.028462	-0.065647	-0.12761	-0.15886	-0.16888	-0.17086	-0.17539	-0.17711	-0.15691	8.9377
961.31	-0.16056	-0.19143	-0.19004	-0.16801	-0.18773	-0.26494	-0.31587	-0.50936	-0.69932	-1.2232	-1.3377	-1.6906	2.9343	-1.905	-0.70522	0.33322	0.76317	0.78112	0.67913	0.3512	0.15301	0.003948	-0.08325	-0.14986	-0.16201	-0.17608	-0.16877	-0.16765	-0.15811	-0.13617	8.5418
956	-0.14196	-0.16673	-0.12538	-0.14847	-0.17994	-0.21833	-0.3214	-0.52261	-0.72952	-1.0867	-1.5139	-1.6917	2.9507	-1.7337	-0.597	0.36848	0.78344	0.79319	0.67523	0.33062	0.12526	-0.019187	-0.10182	-0.15229	-0.17488	-0.18647	-0.16739	-0.16492	-0.14772	-0.14003	8.114
952.49	-0.095197	-0.14301	-0.10976	-0.1174	-0.17262	-0.22086	-0.36272	-0.56555	-0.77415	-1.2091	-1.4481	-1.773	2.9775	-1.7639	-0.47797	0.42009	0.78954	0.78232	0.65616	0.32262	0.12652	-0.037521	-0.10773	-0.16653	-0.16426	-0.18794	-0.17033	-0.14272	-0.11838	-0.093748	7.7662
948.34	-0.086608	-0.090943	-0.077924	-0.098073	-0.1609	-0.24173	-0.39168	-0.58822	-0.77909	-1.1635	-1.356	-1.7305	2.9503	-1.6839	-0.46268	0.60706	0.82693	0.77449	0.64665	0.31393	0.10626	-0.031015	-0.1209	-0.16322	-0.15894	-0.16427	-0.15391	-0.14408	-0.10753	-0.089457	7.3562
942.6	-0.054186	-0.071519	-0.089778	-0.13141	-0.2049	-0.25975	-0.42927	-0.60481	-0.78541	-1.1535	-1.4003	-1.6821	2.8955	-1.654	-0.39549	0.6531	0.83278	0.77486	0.63114	0.28791	0.094015	-0.045467	-0.11285	-0.1569	-0.16067	-0.15652	-0.15721	-0.12117	-0.086145	-0.060836	6.9689
938.66	-0.023806	-0.040183	-0.046898	-0.17206	-0.21567	-0.27133	-0.43261	-0.60572	-0.79264	-1.1068	-1.3971	-1.503	3.0783	-1.4757	-0.22141	0.54532	0.8428	0.76149	0.60175	0.27891	0.071758	-0.045657	-0.11253	-0.15837	-0.14763	-0.17315	-0.12792	-0.11645	-0.081587	-0.053967	6.536
934.72	0.027596	0.0084613	-0.076601	-0.14299	-0.23014	-0.32077	-0.48458	-0.63777	-0.79124	-1.1287	-1.3576	-1.5178	2.9852	-1.4496	-0.3194	0.64152	0.84963	0.74275	0.60271	0.25021	0.058249	-0.071227	-0.13957	-0.15412	-0.16202	-0.15303	-0.12766	-0.10645	-0.041591	-0.01604	6.1953
930.04	0.012709	-0.008628	-0.066277	-0.14047	-0.22857	-0.31003	-0.44902	-0.62369	-0.76897	-1.0391	-1.3005	-1.5254	3.0658	-1.3268	-0.13478	0.67051	0.86956	0.74296	0.58051	0.26005	0.058542	-0.082638	-0.13137	-0.1689	-0.15592	-0.15622	-0.13467	-0.093424	-0.033526	0.0038516	5.7985
925.56	0.011931	-0.0055384	-0.079842	-0.16392	-0.26071	-0.33193	-0.47067	-0.6267	-0.76709	-1.1834	-1.3068	-1.3955	3.0559	-1.2107	-0.099792	0.66513	0.86631	0.71905	0.56191	0.22078	0.038315	-0.083891	-0.15071	-0.17882	-0.16749	-0.15859	-0.11934	-0.096903	-0.019555	0.0038702	5.4486
922.58	0.052366	0.020349	-0.056017	-0.17506	-0.28445	-0.33923	-0.46829	-0.61212	-0.75273	-1.0126	-1.1177	-1.3483	3.1237	-1.0507	-0.15376	0.70188	0.87493	0.70181	0.53749	0.19381	0.015393	-0.095305	-0.15936	-0.18106	-0.16338	-0.15748	-0.12293	-0.09266	-0.030462	0.01838	5.0501
920.03	0.020442	-0.0071468	-0.093645	-0.178	-0.26228	-0.35623	-0.45234	-0.593	-0.74356	-1.1117	-1.3423	-1.4298	2.9831	-0.97147	-0.046601	0.76453	0.86986	0.65647	0.49992	0.14751	-0.020057	-0.10932	-0.16798	-0.17657	-0.17316	-0.17828	-0.13212	-0.096725	-0.026364	0.02166	4.7181
919.49	0.052543	-0.0047877	-0.093699	-0.15518	-0.26243	-0.32966	-0.47221	-0.60251	-0.71664	-1.1562	-1.0661	-1.4133	3.2337	-0.70069	0.10584	0.89517	0.85954	0.64971	0.47229	0.13197	-0.020892	-0.1455	-0.17135	-0.18417	-0.17404	-0.16372	-0.14104	-0.080017	0.0012399	0.023289	4.3527
919.92	0.054206	-0.0008496	-0.077001	-0.19029	-0.25956	-0.33664	-0.47043	-0.57891	-0.68575	-0.96299	-1.0379	-1.2918	3.0415	-0.76612	0.15063	0.81665	0.87829	0.64138	0.45294	0.11977	-0.041519	-0.15145	-0.17864	-0.18825	-0.17163	-0.15386	-0.12891	-0.073885	-0.018001	0.048316	4.0661
919.17	0.064386	0.0046653	-0.0979	-0.16834	-0.26804	-0.30477	-0.44178	-0.56021	-0.68308	-0.90242	-0.90939	-1.1632	3.1269	-0.63514	0.24048	0.95625	0.85733	0.58653	0.40702	0.079059	-0.062207	-0.17996	-0.19435	-0.19923	-0.18889	-0.15562	-0.14592	-0.085381	-0.0021082	0.02087	3.7324
918.96	0.046658	-0.0032151	-0.10376	-0.1823	-0.26535	-0.3227	-0.45914	-0.55951	-0.71866	-0.98153	-1.0759	-1.103	3.1194	-0.65997	0.29439	0.79148	0.86087	0.57684	0.37997	0.078209	-0.084532	-0.1757	-0.21569	-0.21345	-0.18193	-0.1687	-0.11858	-0.080824	0.0096147	0.037047	3.4578
921.84	0.055779	0.02351	-0.089306	-0.16703	-0.25535	-0.33238	-0.40764	-0.52868	-0.6787	-0.89108	-0.98045	-0.97028	3.0766	-0.46108	0.30242	0.80632	0.8507	0.54032	0.36765	0.05113	-0.092506	-0.1803	-0.21093	-0.20281	-0.17515	-0.16167	-0.115	-0.06917	0.017098	0.044992	3.1482
922.37	0.057429	-0.0071287	-0.070982	-0.17591	-0.26253	-0.31706	-0.42304	-0.53419	-0.70237	-0.88184	-0.91544	-1.0903	3.2319	-0.50179	0.28435	0.79719	0.82944	0.51598	0.32449	0.022548	-0.10398	-0.1862	-0.21163	-0.21432	-0.1704	-0.15102	-0.10772	-0.078246	0.02543	0.05302	2.9039
921.52	0.062538	0.015658	-0.088506	-0.16954	-0.25361	-0.31557	-0.41404	-0.51805	-0.64442	-0.90888	-0.861	-0.78098	3.0445	-0.37099	0.41888	0.75464	0.83021	0.49418	0.30887	0.017372	-0.1255	-0.20696	-0.22407	-0.21951	-0.17831	-0.16986	-0.11745	-0.057789	0.012927	0.04904	2.6595
923.12	0.052337	-0.012615	-0.10744	-0.1717	-0.25317	-0.31592	-0.4227	-0.52131	-0.64731	-0.80259	-0.83193	-0.96893	3.1962	-0.26388	0.46282	0.90894	0.81799	0.4631	0.27099	-0.016373	-0.13269	-0.23059	-0.24163	-0.2266	-0.18886	-0.15414	-0.11244	-0.08046	0.012906	0.052173	2.4879
924.93	0.053913	0.0015044	-0.099776	-0.16241	-0.24262	-0.30376	-0.39224	-0.50123	-0.61725	-0.73136	-0.81193	-0.80387	3.0498	-0.18162	0.58675	0.79499	0.81638	0.43734	0.24429	-0.031873	-0.17019	-0.23099	-0.24034	-0.2361	-0.20163	-0.17815	-0.11542	-0.074242	0.013712	0.049661	2.2495
923.54	0.058198	-0.0047667	-0.089141	-0.17488	-0.25122	-0.31043	-0.39205	-0.49701	-0.57892	-0.7586	-0.7028	-0.87388	3.1287	-0.19825	0.41796	0.80483	0.78857	0.40422	0.22957	-0.056113	-0.18854	-0.2476	-0.24803	-0.22069	-0.18799	-0.15732	-0.10117	-0.042487	0.030398	0.045713	2.0733
921.73	0.069264	-0.0032054	-0.087655	-0.16215	-0.2398	-0.29413	-0.37873	-0.49466	-0.57043	-0.68145	-0.82395	-0.78941	3.0107	-0.12483	0.58878	0.78911	0.77849	0.37741	0.19898	-0.066614	-0.1955	-0.25238	-0.25914	-0.24024	-0.18526	-0.1747	-0.13428	-0.069939	0.024613	0.051445	1.8926
921.94	0.049877	0.0085786	-0.10592	-0.16457	-0.25257	-0.30207	-0.38647	-0.51366	-0.57511	-0.85604	-0.72245	-0.79784	3.101	-0.083807	0.5171	0.93606	0.75255	0.34616	0.17905	-0.096029	-0.19133	-0.26604	-0.27296	-0.22772	-0.20771	-0.16328	-0.12863	-0.068401	0.017095	0.061104	1.7984
922.16	0.075966	0.0070067	-0.061028	-0.16861	-0.24427	-0.28064	-0.38716	-0.45206	-0.56535	-0.68988	-0.59337	-0.8838	3.1665	-0.10839	0.66006	0.95316	0.7233	0.34608	0.12651	-0.11505	-0.20858	-0.27799	-0.26147	-0.24761	-0.20069	-0.15755	-0.13823	-0.063069	0.0029044	0.04981	1.6723
923.86	0.051453	0.013266	-0.096575	-0.1683	-0.24565	-0.29078	-0.36459	-0.47113	-0.5555	-0.81939	-0.73934	-0.56403	3.1028	-0.018156	0.58743	0.86502	0.73938	0.3179	0.11992	-0.12433	-0.21806	-0.26121	-0.27239	-0.23803	-0.20806	-0.17268	-0.11475	-0.057642	0.034551	0.062586	1.604
925.25	0.060609	0.013247	-0.087322	-0.16967	-0.23067	-0.2726	-0.38275	-0.47208	-0.55227	-0.69628	-0.56384	-0.63188	3.2795	-0.026311	0.62222	0.80335	0.7184	0.30057	0.095957	-0.12501	-0.22348	-0.28304	-0.26303	-0.26086	-0.20156	-0.17566	-0.14176	-0.081033	-0.00376	0.055265	1.4627
927.91	0.047882	-0.0078662	-0.091199	-0.17973	-0.24822	-0.30013	-0.37544	-0.44844	-0.54749	-0.68561	-0.77272	-0.68999	3.0153	0.0063689	0.71818	0.75803	0.69735	0.27051	0.075131	-0.15046	-0.2523	-0.28905	-0.27688	-0.23864	-0.20098	-0.17596	-0.11425	-0.07929	0.017814	0.063113	1.4247
933.34	0.055923	-0.0047167	-0.080818	-0.14078	-0.235	-0.27728	-0.34853	-0.48605	-0.54431	-0.73339	-0.62265	-0.79662	3.0795	0.14404	0.59913	0.83913	0.67769	0.25575	0.073121	-0.16668	-0.23049	-0.28821	-0.27527	-0.25039	-0.20978	-0.15727	-0.11359	-0.061562	0.016062	0.061951	1.3654
938.76	0.058908	0.0076553	-0.08035	-0.15039	-0.22824	-0.28791	-0.37417	-0.46528	-0.53013	-0.50607	-0.61001	-0.58893	3.2079	0.030442	0.65718	0.75776	0.66969	0.26039	0.06254	-0.14701	-0.24048	-0.29076	-0.27208	-0.26444	-0.18647	-0.16195	-0.11923	-0.051502	0.027445	0.063965	1.3669
943.77	0.056127	0.0030098	-0.089667	-0.15597	-0.23509	-0.29161	-0.3676	-0.46688	-0.50929	-0.69115	-0.64276	-0.54372	3.0131	0.15846	0.67118	0.89752	0.66452	0.25031	0.069203	-0.16399	-0.25289	-0.29341	-0.27143	-0.24356	-0.2067	-0.17539	-0.11703	-0.063851	0.028931	0.043945	1.3472
948.55	0.037016	-0.0084596	-0.084368	-0.16947	-0.23747	-0.28408	-0.36194	-0.4516	-0.52856	-0.62822	-0.74694	-0.62472	3.1266	0.13375	0.75473	0.82567	0.66763	0.25424	0.050296	-0.16653	-0.26042	-0.28442	-0.27324	-0.2391	-0.19887	-0.18556	-0.1219	-0.062051	0.010936	0.052341	1.3593
954.19	0.049818	0.0067715	-0.080658	-0.15348	-0.22987	-0.2996	-0.37114	-0.44491	-0.51846	-0.53165	-0.66244	-0.53778	3.0761	0.14089	0.65519	0.75389	0.65004	0.24758	0.05538	-0.16387	-0.2557	-0.29103	-0.2732	-0.24491	-0.18045	-0.16012	-0.10955	-0.059481	0.018131	0.047361	1.3441
958.97	0.055237	-0.0053454	-0.090641	-0.18254	-0.2437	-0.29725	-0.36177	-0.45148	-0.51201	-0.68858	-0.57059	-0.75875	3.0131	0.17171	0.69492	0.88328	0.65239	0.26089	0.058164	-0.15806	-0.24729	-0.29205	-0.27419	-0.23411	-0.20193	-0.16635	-0.10515	-0.053339	0.031682	0.054869	1.4125
962.59	0.039704	-0.03166	-0.10144	-0.16309	-0.23488	-0.28164	-0.36416	-0.47605	-0.52085	-0.64416	-0.64784	-0.57436	2.9225	-0.040989	0.6666	0.84679	0.63641	0.22495	0.031276	-0.15996	-0.25346	-0.28767	-0.28567	-0.25153	-0.20786	-0.18364	-0.11936	-0.076434	0.012375	0.042316	1.3426
965.14	0.033162	-0.010566	-0.087681	-0.1767	-0.26578	-0.32002	-0.38113	-0.46368	-0.51948	-0.6508	-0.56694	-0.55637	2.9938	0.068801	0.60502	0.72054	0.62838	0.22521	0.034992	-0.17442	-0.26302	-0.29756	-0.28258	-0.24928	-0.20064	-0.18393	-0.099878	-0.071876	0.013141	0.045282	1.3685
968.54	0.033847	-0.0037979	-0.099237	-0.19551	-0.24915	-0.31211	-0.37756	-0.46522	-0.53446	-0.61525	-0.69645	-0.44781	3.0542	0.021705	0.6029	0.78391	0.64832	0.23798	0.035625	-0.16721	-0.26524	-0.29407	-0.27459	-0.2571	-0.20954	-0.19334	-0.12168	-0.063664	-0.0043845	0.030548	1.3487
970.77	0.015374	-0.03587	-0.11006	-0.19041	-0.27294	-0.3114	-0.38932	-0.48703	-0.53628	-0.80469	-0.6074	-0.7168	3.0157	0.16962	0.52506	0.73279	0.63657	0.24419	0.053679	-0.16601	-0.24116	-0.2828	-0.27008	-0.23915	-0.1899	-0.17823	-0.10844	-0.056299	0.020198	0.029711	1.4232
970.98	0.01457	-0.036609	-0.11871	-0.19657	-0.2607	-0.32655	-0.39443	-0.49008	-0.55444	-0.68008	-0.65972	-0.65938	2.9994	0.013868	0.52494	0.77374	0.65379	0.25767	0.071797	-0.15611	-0.23954	-0.27622	-0.2677	-0.23516	-0.20459	-0.17742	-0.11985	-0.071443	0.003552	0.025115	1.5705
970.45	0.02338	-0.031405	-0.13615	-0.21296	-0.28609	-0.32842	-0.4058	-0.48877	-0.56923	-0.70534	-0.72133	-0.74159	2.9067	0.029463	0.63572	0.81527	0.66835	0.2688	0.094511	-0.12577	-0.22089	-0.26334	-0.26629	-0.23449	-0.18701	-0.15589	-0.10086	-0.062095	0.014654	0.041206	1.7711
970.13	0.043397	-0.027683	-0.10697	-0.19829	-0.26964	-0.33614	-0.41114	-0.50236	-0.59458	-0.64745	-0.58152	-0.82371	3.0413	-0.079644	0.60191	0.82376	0.68042	0.30189	0.10513	-0.11758	-0.21549	-0.26179	-0.25552	-0.22825	-0.18929	-0.15285	-0.094026	-0.061394	-0.0012047	0.036626	1.9184
968.65	0.017812	-0.043426	-0.12928	-0.21802	-0.28837	-0.34852	-0.42666	-0.51974	-0.60161	-0.69002	-0.94183	-0.88239	2.8885	-0.06415	0.57728	0.7756	0.72101	0.33964	0.15072	-0.083161	-0.19779	-0.23689	-0.23804	-0.21437	-0.1593	-0.15154	-0.067439	-0.050636	0.016271	0.038982	2.1675
966.95	0.027481	-0.058483	-0.14219	-0.20751	-0.30811	-0.35932	-0.44382	-0.53491	-0.62103	-0.76623	-0.6537	-0.82644	3.0198	-0.12682	0.58684	0.80171	0.69772	0.34109	0.15706	-0.076705	-0.17693	-0.22995	-0.21433	-0.2092	-0.16994	-0.15258	-0.11576	-0.056522	-0.002004	0.042125	2.3634
965.25	0.018679	-0.037576	-0.14879	-0.23049	-0.30865	-0.37441	-0.45431	-0.53585	-0.64052	-0.71749	-0.79561	-0.76205	3.0804	-0.2837	0.3999	0.7618	0.73863	0.37655	0.20141	-0.037981	-0.16544	-0.2197	-0.2108	-0.19211	-0.15245	-0.13344	-0.084538	-0.060978	0.0043683	0.03527	2.6124
963.97	0.021927	-0.032367	-0.15455	-0.20658	-0.29766	-0.38597	-0.45866	-0.57471	-0.66132	-0.79365	-0.78785	-0.9361	3.0133	-0.35465	0.47742	0.91182	0.76027	0.41792	0.22907	-0.03472	-0.131	-0.20441	-0.21108	-0.18839	-0.17046	-0.14528	-0.10614	-0.054517	0.0035778	0.033776	2.8523
961.74	0.026821	-0.051268	-0.11507	-0.2462	-0.31944	-0.38601	-0.48072	-0.59994	-0.72054	-0.84574	-0.90446	-0.91351	2.9806	-0.43409	0.38422	0.77287	0.77797	0.4573	0.26774	0.016646	-0.11236	-0.17117	-0.19122	-0.18803	-0.13293	-0.1386	-0.074077	-0.028414	0.012386	0.040034	3.1877
959.08	0.018799	-0.031776	-0.13936	-0.23118	-0.34499	-0.40335	-0.49559	-0.59921	-0.73257	-1.016	-1.0309	-0.94088	3.14	-0.40375	0.39386	0.82494	0.80329	0.4928	0.30978	0.02335	-0.10158	-0.15928	-0.18783	-0.16858	-0.14448	-0.12336	-0.079683	-0.03726	0.0060033	0.027749	3.432
954.83	0.018883	-0.054675	-0.16565	-0.26375	-0.36511	-0.39913	-0.52876	-0.60749	-0.75675	-0.86874	-0.91991	-1.2695	3.0661	-0.54017	0.31787	0.85367	0.8173	0.53712	0.34957	0.066078	-0.065453	-0.14509	-0.15004	-0.14606	-0.11741	-0.10428	-0.084686	-0.045499	0.015701	0.044991	3.7658
950.79	0.012429	-0.051859	-0.15588	-0.25537	-0.35422	-0.41809	-0.53177	-0.66084	-0.79421	-0.95714	-1.0935	-1.2666	2.8706	-0.51064	0.17177	0.69783	0.82883	0.56962	0.4066	0.096576	-0.037778	-0.12657	-0.15938	-0.14346	-0.11716	-0.10551	-0.076487	-0.047167	0.035192	0.040495	4.0737
945.89	0.0067487	-0.059018	-0.17046	-0.27738	-0.35695	-0.43066	-0.54291	-0.66102	-0.84368	-0.99615	-1.0722	-1.3487	3.0547	-0.85698	0.094174	0.83642	0.84121	0.61856	0.44593	0.14263	0.00056156	-0.10299	-0.12758	-0.12395	-0.10491	-0.08229	-0.064369	-0.023705	0.01829	0.024211	4.4498
940.89	0.029891	-0.045477	-0.15997	-0.28365	-0.35884	-0.43819	-0.56266	-0.68814	-0.81356	-1.0614	-1.2313	-1.339	3.1439	-0.99814	0.068375	0.80694	0.82126	0.64802	0.48026	0.18241	0.024777	-0.079163	-0.10986	-0.10995	-0.10091	-0.077152	-0.053704	-0.024574	0.025747	0.048027	4.8015
