14021	6	3	91	23.6	748	1	7	8	4.077	128	4096	10	0	0	0	0	521.92	951.99	1.4435e+006	0.11679	0.17468	40.328	0	0	1	0	0	0	11	0	0
965.79	0.013315	-0.061356	-0.14507	-0.23355	-0.29462	-0.34474	-0.42018	-0.50915	-0.52049	-0.78532	-0.54335	-0.52754	-0.1742	0.39973	0.6574	0.69657	0.52204	0.070849	-0.10742	-0.27048	-0.33004	-0.34037	-0.29999	-0.24635	-0.16817	-0.14573	-0.086052	-0.042328	0.020462	0.043959	0.89581
966.75	0.0028598	-0.062796	-0.1481	-0.23021	-0.3153	-0.36223	-0.4235	-0.49993	-0.5261	-0.64288	-0.54282	-0.53523	-0.28449	0.25072	0.53731	0.8032	0.55163	0.11323	-0.065586	-0.23967	-0.28808	-0.30569	-0.29035	-0.24294	-0.15099	-0.15567	-0.085967	-0.052432	0.013279	0.049296	1.177
966	0.029388	-0.041101	-0.14424	-0.22571	-0.31117	-0.34211	-0.4074	-0.50983	-0.5556	-0.60169	-0.62234	-0.50276	-0.18207	0.28223	0.84508	0.86164	0.60044	0.1643	-0.02615	-0.20846	-0.27101	-0.29037	-0.26953	-0.22171	-0.13185	-0.13484	-0.074548	-0.040866	0.037188	0.058563	1.4718
964.83	0.031032	-0.038148	-0.13171	-0.20648	-0.29754	-0.37486	-0.47293	-0.5176	-0.56701	-0.59408	-0.55269	-0.48691	-0.21391	0.21989	0.62386	0.83787	0.62419	0.20023	0.0065094	-0.18059	-0.24537	-0.26613	-0.25113	-0.2061	-0.15129	-0.1218	-0.08844	-0.030022	0.01809	0.047083	1.7331
965.68	0.032612	-0.053115	-0.15857	-0.23124	-0.3279	-0.37198	-0.47251	-0.56078	-0.58873	-0.8271	-0.74564	-0.65922	-0.45068	0.023961	0.52083	0.78756	0.64189	0.22641	0.04752	-0.15151	-0.23336	-0.25689	-0.26572	-0.21464	-0.16004	-0.1442	-0.091426	-0.046685	0.019667	0.057044	2.0096
966.43	0.00045026	-0.07256	-0.1743	-0.26066	-0.34601	-0.40142	-0.49677	-0.58809	-0.62655	-0.70978	-0.9208	-0.65048	-0.50557	-0.069926	0.62283	0.77044	0.68737	0.28484	0.080121	-0.13323	-0.21746	-0.24524	-0.24449	-0.19863	-0.15252	-0.10686	-0.066093	-0.036499	0.02682	0.03855	2.327
966.32	0.035001	-0.055328	-0.16243	-0.23654	-0.33643	-0.37258	-0.44981	-0.60322	-0.64806	-0.91825	-0.86819	-0.69166	-0.51352	-0.046475	0.65704	0.754	0.72312	0.32054	0.12795	-0.073781	-0.18134	-0.21172	-0.20479	-0.17962	-0.12367	-0.1441	-0.063805	-0.025626	0.011693	0.042398	2.6063
965.05	0.022177	-0.05465	-0.15153	-0.25089	-0.33775	-0.39519	-0.48852	-0.59687	-0.65735	-0.73584	-0.81654	-0.70903	-0.55371	-0.038692	0.66645	0.97001	0.75822	0.3686	0.18209	-0.050724	-0.14617	-0.1866	-0.20116	-0.16477	-0.11271	-0.086048	-0.044723	-0.02566	0.034831	0.052462	2.9312
962.28	0.017397	-0.045022	-0.15595	-0.24927	-0.34662	-0.40485	-0.50566	-0.6153	-0.67692	-0.70447	-0.75712	-0.74409	-0.59494	-0.14094	0.54837	0.88986	0.78507	0.42169	0.21767	-0.014381	-0.11502	-0.17316	-0.17514	-0.16445	-0.11378	-0.090189	-0.048696	-0.017723	0.034132	0.051069	3.2681
961.64	0.0061045	-0.045806	-0.17597	-0.26509	-0.36354	-0.43414	-0.56975	-0.65316	-0.71968	-1.0148	-1.0137	-1.0007	-0.75396	-0.40833	0.41152	0.76597	0.7832	0.43392	0.25443	0.0063573	-0.10641	-0.16012	-0.18387	-0.14783	-0.10196	-0.091027	-0.051804	-0.034494	0.0093475	0.040285	3.5352
962.5	-0.014069	-0.054795	-0.17661	-0.29223	-0.37727	-0.44996	-0.51529	-0.65656	-0.74671	-0.93026	-1.1716	-0.97501	-0.80083	-0.49438	0.35116	0.80675	0.80719	0.4958	0.29383	0.037859	-0.073972	-0.14766	-0.14851	-0.127	-0.10855	-0.057465	-0.036387	-0.029368	0.011736	0.031758	3.9053
961.43	0.0093361	-0.073688	-0.18079	-0.28159	-0.39087	-0.43424	-0.55862	-0.69952	-0.76754	-1.0067	-1.0846	-1.3231	-1.0794	-0.56571	0.31723	0.84084	0.83995	0.54074	0.35977	0.075253	-0.033772	-0.11904	-0.12989	-0.1136	-0.087845	-0.070779	-0.037967	-0.013366	0.022155	0.052659	4.2056
960.37	0.004495	-0.070755	-0.18737	-0.30384	-0.40362	-0.4672	-0.56074	-0.67397	-0.76994	-1.0162	-1.0769	-1.1178	-0.97734	-0.55847	0.30042	0.74206	0.8361	0.57467	0.38385	0.1119	-0.024322	-0.086235	-0.12141	-0.096971	-0.079748	-0.063055	-0.033386	0.0070482	0.024584	0.045756	4.5589
957.07	-0.012527	-0.070998	-0.18962	-0.29388	-0.38117	-0.47395	-0.58829	-0.70991	-0.83443	-0.96919	-1.0984	-1.2627	-1.0923	-0.80526	0.14632	0.8947	0.84378	0.61696	0.44342	0.14564	0.024788	-0.056791	-0.10059	-0.079695	-0.06732	-0.051526	-0.022679	-0.0024457	0.029495	0.035045	4.9228
956.65	0.0012676	-0.064972	-0.1929	-0.30345	-0.41314	-0.47674	-0.60062	-0.72624	-0.83557	-1.1043	-1.1876	-1.446	-1.2363	-0.76611	0.12916	0.78665	0.85056	0.62925	0.47275	0.16572	0.026386	-0.048551	-0.084114	-0.082933	-0.065105	-0.041365	-0.031196	-0.0031775	0.03916	0.031952	5.2471
959.41	-0.010068	-0.083657	-0.2179	-0.33867	-0.44101	-0.51814	-0.63948	-0.75529	-0.91953	-1.2271	-1.3789	-1.508	-1.4235	-1.0791	-0.12051	0.75113	0.83853	0.65139	0.50732	0.18521	0.04768	-0.041817	-0.067396	-0.073113	-0.064917	-0.066242	-0.017997	-0.0097407	0.014181	0.038057	5.594
959.94	-0.0027819	-0.08663	-0.20501	-0.33378	-0.45133	-0.52812	-0.6519	-0.7828	-0.91362	-1.1509	-1.4843	-1.4741	-1.5498	-1.2045	-0.22355	0.6842	0.84445	0.69977	0.53149	0.24662	0.09749	-0.0014337	-0.048537	-0.042744	-0.036569	-0.02873	-0.016445	0.0019417	0.033414	0.024877	6.0197
960.05	-0.00035508	-0.063234	-0.20898	-0.3259	-0.44952	-0.54088	-0.65558	-0.79708	-0.92431	-1.3018	-1.4311	-1.5815	-1.6529	-1.2753	-0.2493	0.5345	0.85553	0.72619	0.58721	0.28982	0.1133	0.021629	-0.028147	-0.037952	-0.019431	-0.014676	-0.0064252	0.024569	0.030203	0.060474	6.3952
956.97	-0.0052249	-0.073277	-0.20565	-0.33403	-0.45185	-0.52547	-0.65694	-0.81646	-0.94816	-1.2134	-1.3736	-1.6779	-1.8336	-1.3426	-0.31043	0.6613	0.86709	0.76713	0.64275	0.34246	0.16921	0.064663	0.0016521	-0.0036509	0.0021825	0.0064226	0.014426	0.034166	0.058445	0.05834	6.7752
956.01	0.015888	-0.061228	-0.20425	-0.32806	-0.45407	-0.52085	-0.67042	-0.83571	-0.97697	-1.3494	-1.6503	-1.7793	-1.9791	-1.6998	-0.41426	0.60353	0.8375	0.80053	0.67409	0.37118	0.19321	0.079617	0.0071653	0.0027574	0.0021847	-0.0053312	0.01831	0.022474	0.03516	0.052181	7.1081
958.24	-0.0011671	-0.064107	-0.20937	-0.34065	-0.46536	-0.54961	-0.6952	-0.87773	-1.0318	-1.5396	-1.7616	-2.057	-2.1734	-2.0035	-0.70594	0.41892	0.80437	0.81237	0.70543	0.40696	0.22921	0.11079	0.036214	0.018741	0.011137	0.018147	0.019039	0.025345	0.032669	0.057487	7.5635
958.46	0.0045055	-0.06485	-0.21972	-0.35	-0.48377	-0.56491	-0.71612	-0.89672	-1.0501	-1.6905	-1.8233	-2.1146	-2.4276	-2.1924	-0.81765	0.26895	0.78181	0.83874	0.72977	0.44351	0.25372	0.13221	0.073118	0.02833	0.028299	0.026744	0.015176	0.040693	0.03989	0.045847	7.9567
958.46	-0.0019766	-0.077696	-0.22531	-0.35314	-0.48201	-0.57775	-0.72966	-0.90951	-1.1042	-1.5813	-1.9562	-2.2223	-2.4754	-2.3186	-0.93812	0.23563	0.73226	0.84901	0.75349	0.46849	0.29254	0.15201	0.08097	0.049912	0.029045	0.036126	0.036017	0.036306	0.052734	0.0598	8.3846
956.75	-0.01172	-0.082377	-0.20729	-0.34669	-0.4864	-0.59251	-0.7385	-0.92554	-1.1378	-1.6178	-1.9508	-2.3591	-2.5754	-2.5835	-1.0519	0.085934	0.69832	0.85396	0.7832	0.50101	0.32084	0.18534	0.09921	0.066014	0.057503	0.043241	0.04536	0.036371	0.022263	0.042821	8.7413
955.58	-0.01417	-0.094603	-0.2292	-0.3676	-0.48699	-0.59151	-0.75903	-0.97558	-1.1764	-1.7125	-2.1842	-2.3703	-2.7302	-2.7924	-1.3811	-0.039241	0.63344	0.84899	0.7972	0.52585	0.33633	0.19881	0.11745	0.067699	0.047096	0.040941	0.026061	0.03715	0.027929	0.031212	9.1296
956.44	-0.023089	-0.086947	-0.233	-0.37829	-0.49804	-0.6236	-0.7953	-1.0068	-1.2241	-1.9889	-2.3864	-2.6256	-3.0627	-3.1535	-1.7679	-0.18939	0.55117	0.83708	0.79803	0.5404	0.35588	0.2193	0.12758	0.07725	0.070985	0.050307	0.03764	0.040045	0.02549	0.019529	9.5329
957.07	-0.039298	-0.089917	-0.23044	-0.37882	-0.51272	-0.61718	-0.81738	-1.0333	-1.265	-2.0465	-2.305	-2.6986	-3.2599	-3.3884	-1.8874	-0.32268	0.49237	0.8734	0.84042	0.56588	0.39531	0.24063	0.14873	0.10522	0.07617	0.047924	0.04689	0.041485	0.012608	0.014082	9.9648
956.86	-0.0076601	-0.075555	-0.23689	-0.36868	-0.5199	-0.6482	-0.82736	-1.0736	-1.3171	-1.9628	-2.4386	-2.7822	-3.3244	-3.7131	-2.1206	-0.39782	0.40281	0.85643	0.83984	0.61188	0.42794	0.28118	0.1755	0.11885	0.09562	0.074564	0.050765	0.05321	0.039151	0.03971	10.359
955.69	-0.014981	-0.077921	-0.21394	-0.38409	-0.52407	-0.63353	-0.84422	-1.0733	-1.3241	-1.9314	-2.4416	-3.035	-3.5679	-3.8679	-2.2957	-0.61541	0.33917	0.85319	0.86005	0.63601	0.46263	0.31131	0.20801	0.15346	0.11669	0.089557	0.076374	0.063539	0.042418	0.046758	10.751
953.99	-0.016636	-0.0773	-0.22797	-0.36584	-0.52943	-0.64241	-0.85253	-1.092	-1.3714	-2.0531	-2.4638	-3.3235	-3.8381	-4.1997	-2.49	-0.70852	0.2418	0.85815	0.88081	0.67479	0.49131	0.32098	0.20838	0.15615	0.12365	0.10229	0.086592	0.065856	0.042494	0.040608	11.101
954.42	-0.011748	-0.085614	-0.21021	-0.38619	-0.53274	-0.65416	-0.86197	-1.1213	-1.4142	-2.1028	-2.7118	-3.4385	-4.1241	-4.5385	-2.921	-0.98414	0.12049	0.82681	0.86274	0.68703	0.49348	0.33823	0.21302	0.16651	0.12509	0.096745	0.081902	0.066562	0.037637	0.021906	11.461
955.48	-0.019048	-0.093097	-0.22281	-0.38024	-0.5348	-0.6457	-0.87762	-1.1497	-1.4483	-2.1089	-2.7887	-3.4347	-4.2313	-4.8895	-3.2026	-1.3088	0.0016848	0.79754	0.87176	0.71466	0.53108	0.35524	0.22933	0.18397	0.13918	0.11232	0.085681	0.059887	0.038401	0.022661	11.843
954.73	-0.022316	-0.081035	-0.22218	-0.40025	-0.54318	-0.69951	-0.91532	-1.1706	-1.4897	-2.254	-3.0311	-3.5705	-4.5142	-5.2417	-3.4902	-1.5355	-0.10664	0.76979	0.86552	0.73528	0.55933	0.38616	0.25789	0.18892	0.14303	0.11948	0.087299	0.059935	0.032789	0.03124	12.188
953.67	-0.020713	-0.083401	-0.22564	-0.37307	-0.53847	-0.70631	-0.89592	-1.188	-1.5193	-2.2143	-3.0968	-3.4579	-4.7031	-5.4616	-3.6151	-1.6627	-0.24734	0.76204	0.8511	0.75869	0.57907	0.40483	0.29449	0.21404	0.16869	0.13218	0.11067	0.071022	0.041703	0.035948	12.536
950.59	-0.020781	-0.074529	-0.22798	-0.38933	-0.55266	-0.6922	-0.91401	-1.2217	-1.5655	-2.2384	-3.0086	-3.6697	-4.8869	-5.885	-4.0694	-1.8528	-0.3771	0.7317	0.85695	0.78047	0.60251	0.42444	0.30336	0.22118	0.16773	0.13971	0.10947	0.090418	0.029696	0.030594	12.866
950.27	-0.027324	-0.085226	-0.2208	-0.37203	-0.55818	-0.69416	-0.93784	-1.2592	-1.6018	-2.4171	-3.3045	-3.8381	-5.2337	-6.2131	-4.3485	-2.1893	-0.48525	0.68703	0.84026	0.78409	0.6131	0.45454	0.30029	0.23577	0.17607	0.11609	0.12274	0.074962	0.040231	0.03764	13.11
951.76	-0.042781	-0.088895	-0.243	-0.41099	-0.55909	-0.73447	-0.94395	-1.254	-1.6413	-2.5657	-3.3707	-3.9489	-5.538	-6.5768	-4.489	-2.3452	-0.63019	0.63593	0.81891	0.79963	0.6297	0.45466	0.31643	0.23781	0.18631	0.13402	0.10234	0.074844	0.035317	0.036021	13.471
950.48	-0.030585	-0.092827	-0.21511	-0.39887	-0.56606	-0.70609	-0.95508	-1.2702	-1.6894	-2.5183	-3.5806	-4.1632	-5.5856	-6.9117	-4.9115	-2.6674	-0.75275	0.60915	0.80843	0.79818	0.65291	0.47939	0.33349	0.24619	0.18882	0.15628	0.12194	0.080844	0.032125	0.036069	13.763
949.1	-0.033084	-0.086093	-0.20816	-0.4058	-0.56511	-0.69934	-0.97015	-1.293	-1.6872	-2.4965	-3.4517	-4.1609	-5.7625	-7.0492	-5.1533	-2.6209	-0.88219	0.56939	0.8042	0.82205	0.67307	0.50176	0.33873	0.26673	0.19136	0.15493	0.13147	0.083176	0.040283	0.035338	14.055
944.74	-0.022552	-0.084189	-0.20669	-0.38855	-0.55877	-0.71126	-0.96395	-1.2949	-1.7232	-2.491	-3.5755	-4.2978	-6.1282	-7.3619	-5.3691	-2.9709	-1.0322	0.54856	0.7986	0.84527	0.69627	0.52248	0.37217	0.2858	0.21041	0.1731	0.13912	0.096169	0.03558	0.029211	14.29
943.88	-0.039847	-0.0835	-0.21905	-0.40405	-0.56554	-0.70668	-0.97322	-1.3253	-1.7945	-2.6554	-3.7856	-4.4531	-6.5377	-7.793	-5.7847	-3.447	-1.1663	0.48122	0.77833	0.83674	0.68805	0.52463	0.36373	0.2747	0.19999	0.16452	0.12279	0.071017	0.020121	0.011132	14.506
944.95	-0.050485	-0.086471	-0.21799	-0.38926	-0.56669	-0.69546	-0.96068	-1.34	-1.7439	-2.8143	-3.8712	-4.6583	-6.7645	-8.2643	-6.1535	-3.5529	-1.2995	0.44333	0.76193	0.84508	0.7154	0.53241	0.38324	0.27682	0.19371	0.16672	0.13361	0.076126	0.013585	0.01505	14.733
943.88	-0.047252	-0.0835	-0.21824	-0.39608	-0.54853	-0.71364	-1.0374	-1.314	-1.8313	-2.8346	-4.0465	-4.8234	-7.0307	-8.2976	-6.4138	-3.7006	-1.4487	0.39513	0.74802	0.84942	0.71379	0.54809	0.39324	0.28525	0.22045	0.16055	0.13376	0.086606	0.031536	0.031599	14.897
942.18	-0.034974	-0.080576	-0.20074	-0.38401	-0.53517	-0.70099	-1.0094	-1.3659	-1.8299	-2.8568	-3.9727	-4.8743	-7.3348	-8.6416	-6.5655	-4.0292	-1.5676	0.34705	0.72913	0.85773	0.72475	0.55747	0.39634	0.29878	0.21705	0.1672	0.13558	0.086018	0.037311	0.02298	15.091
937.82	-0.045901	-0.086357	-0.20576	-0.3577	-0.55929	-0.69987	-1.0003	-1.3919	-1.825	-2.8529	-4.0093	-4.7953	-7.3364	-8.7383	-6.8598	-4.2181	-1.6787	0.32591	0.70984	0.87448	0.74675	0.5744	0.40862	0.3018	0.22111	0.17597	0.1362	0.083431	0.035842	0.015958	15.223
935.69	-0.030239	-0.081134	-0.18085	-0.36576	-0.50547	-0.71111	-0.9856	-1.3877	-1.8355	-2.7647	-3.964	-5.0015	-7.459	-8.9844	-6.9195	-4.168	-1.7766	0.29946	0.70362	0.88329	0.75169	0.57655	0.39668	0.3033	0.2262	0.15555	0.1294	0.073136	0.023588	0.012817	15.327
935.48	-0.042696	-0.08967	-0.16533	-0.35779	-0.5381	-0.71128	-0.9889	-1.3921	-1.9031	-2.9462	-4.1464	-5.096	-7.5993	-9.2774	-7.1768	-4.604	-1.872	0.26004	0.65909	0.86473	0.74537	0.57076	0.40965	0.30337	0.21861	0.166	0.13971	0.072402	0.015367	0.012024	15.422
934.2	-0.048572	-0.086691	-0.19426	-0.34217	-0.52346	-0.73421	-1.0026	-1.426	-1.8962	-2.9761	-4.3157	-5.0945	-7.9935	-9.3791	-7.4603	-4.8581	-1.9607	0.21647	0.65292	0.88727	0.7537	0.58762	0.4239	0.29969	0.21431	0.16462	0.10743	0.073252	0.0087988	0.00090775	15.501
932.39	-0.047	-0.088412	-0.18067	-0.35817	-0.5417	-0.72331	-0.94499	-1.3934	-1.8967	-2.9905	-4.406	-5.2322	-8.1562	-9.7216	-7.4924	-4.7733	-2.0138	0.2116	0.64711	0.90012	0.76657	0.59046	0.42796	0.31342	0.22087	0.15449	0.11558	0.067381	0.015418	0.0096733	15.533
928.98	-0.039651	-0.090296	-0.18215	-0.34409	-0.51458	-0.6703	-1.009	-1.3713	-1.8997	-2.828	-4.2119	-5.2001	-8.1451	-9.5945	-7.5554	-4.7823	-2.0558	0.20885	0.66054	0.90513	0.79308	0.59688	0.43115	0.31704	0.22938	0.17281	0.12317	0.081207	0.028729	0.030504	15.545
925.9	-0.033075	-0.084339	-0.17862	-0.33304	-0.51265	-0.68583	-0.92046	-1.3809	-1.8965	-2.8809	-4.1618	-5.2088	-8.1228	-9.7081	-7.5895	-4.9275	-2.0561	0.19181	0.65561	0.8866	0.77441	0.5946	0.42364	0.30403	0.21469	0.16448	0.12118	0.073909	0.016358	0.0057311	15.501
925.26	-0.046524	-0.089094	-0.1804	-0.3227	-0.52944	-0.6872	-0.98657	-1.4133	-1.901	-2.8655	-4.4125	-5.3841	-8.3428	-9.911	-7.6928	-5.0344	-2.1171	0.17597	0.63228	0.87083	0.75114	0.56767	0.40441	0.28271	0.19397	0.13867	0.097276	0.056541	0.014704	0.0025217	15.482
925.36	-0.071692	-0.10083	-0.18452	-0.34055	-0.52024	-0.67825	-0.98958	-1.3543	-1.8744	-2.8913	-4.3018	-5.3664	-8.2346	-9.8036	-7.6474	-4.9734	-2.0937	0.18837	0.63062	0.87677	0.75926	0.57273	0.4068	0.26944	0.18467	0.13866	0.082074	0.040635	-0.00026449	-0.005508	15.545
924.51	-0.071758	-0.1017	-0.17889	-0.34413	-0.51524	-0.7064	-0.97489	-1.3804	-1.8889	-2.9114	-4.4344	-5.3111	-8.2257	-9.9271	-7.6009	-4.9349	-2.084	0.18855	0.63041	0.87585	0.7575	0.56043	0.39822	0.26637	0.1655	0.13635	0.094153	0.049767	-0.0019301	-0.014353	15.528
923.55	-0.06931	-0.09867	-0.20479	-0.3453	-0.51395	-0.72401	-0.95247	-1.3968	-1.8973	-2.7138	-4.1999	-5.1618	-8.1517	-9.741	-7.4659	-4.8795	-2.0845	0.17541	0.63821	0.87157	0.74842	0.56101	0.38315	0.26913	0.17419	0.12675	0.079031	0.033884	-0.0069303	-0.014368	15.507
921.74	-0.071973	-0.10751	-0.21101	-0.33944	-0.51862	-0.67824	-1.013	-1.3896	-1.8962	-2.7366	-4.2266	-5.2409	-7.9608	-9.9077	-7.6416	-4.967	-2.0811	0.18021	0.63469	0.85164	0.73918	0.54753	0.37982	0.268	0.16134	0.10912	0.067951	0.022548	-0.018634	-0.028905	15.339
923.13	-0.085323	-0.13245	-0.1775	-0.3422	-0.53707	-0.70923	-1.0006	-1.4207	-1.935	-2.9768	-4.2662	-5.3707	-8.1307	-9.7618	-7.6391	-4.9163	-2.0548	0.18438	0.64248	0.85123	0.73395	0.54071	0.37028	0.25266	0.15723	0.10571	0.056628	0.020997	-0.032777	-0.046569	15.183
925.36	-0.11113	-0.15013	-0.20025	-0.34055	-0.51933	-0.67026	-0.95996	-1.3792	-1.8887	-3.1002	-4.3661	-5.2633	-8.111	-9.7464	-7.478	-5.0597	-2.0092	0.19014	0.62666	0.85348	0.72972	0.52231	0.36857	0.23549	0.15762	0.085204	0.05889	0.019431	-0.026044	-0.046456	15.117
926.32	-0.090058	-0.11089	-0.20335	-0.32883	-0.50876	-0.63767	-0.96442	-1.3471	-1.8421	-2.9492	-4.169	-5.2064	-8.0779	-9.6139	-7.4258	-4.7702	-1.9931	0.21565	0.66164	0.87069	0.747	0.54653	0.36088	0.25261	0.15514	0.10858	0.071608	0.025463	-0.016879	-0.029564	15.014
926.64	-0.079133	-0.12882	-0.15946	-0.31165	-0.46573	-0.64276	-0.9493	-1.3186	-1.8287	-2.9221	-4.0943	-5.0846	-7.8529	-9.4719	-7.441	-4.5877	-1.942	0.24746	0.68358	0.88073	0.7492	0.57109	0.39081	0.2732	0.17438	0.12067	0.089947	0.047383	-0.0035873	0.00091516	14.852
925.58	-0.065803	-0.11097	-0.1522	-0.31933	-0.47174	-0.61779	-0.90208	-1.2605	-1.7676	-2.734	-4.0898	-5.039	-7.6724	-9.1806	-7.2268	-4.5584	-1.8623	0.28145	0.69229	0.89812	0.75662	0.5726	0.38963	0.26275	0.17767	0.11028	0.088449	0.056522	-0.011073	-0.0079136	14.631
927.49	-0.042227	-0.087318	-0.15023	-0.29432	-0.45163	-0.59261	-0.88	-1.2827	-1.7903	-2.8152	-4.118	-5.0371	-7.6154	-9.3083	-7.1319	-4.5404	-1.7981	0.30122	0.70588	0.88422	0.73951	0.54158	0.36204	0.2399	0.13798	0.10117	0.044398	0.020141	-0.026815	-0.021517	14.47
931.54	-0.067048	-0.076831	-0.18248	-0.29547	-0.44514	-0.63938	-0.89088	-1.2417	-1.7507	-2.9327	-4.0454	-5.0067	-7.6478	-9.1056	-6.9946	-4.3237	-1.7262	0.31489	0.70597	0.8641	0.70858	0.52734	0.35643	0.22324	0.13968	0.089464	0.0585	0.016295	-0.025871	-0.020625	14.278
933.78	-0.06772	-0.11465	-0.16317	-0.29557	-0.42959	-0.60533	-0.88489	-1.2609	-1.7624	-2.7531	-4.0175	-4.9182	-7.5233	-8.849	-6.8101	-4.168	-1.6507	0.34051	0.7137	0.84665	0.70363	0.52608	0.33301	0.21532	0.14318	0.070791	0.038553	0.0004961	-0.030755	-0.026941	13.966
935.59	-0.071738	-0.096626	-0.18005	-0.27328	-0.44953	-0.62434	-0.8377	-1.2536	-1.7115	-2.7134	-3.9099	-4.7389	-7.1827	-8.6056	-6.5677	-4.0661	-1.5533	0.36617	0.70919	0.8416	0.67792	0.4997	0.32754	0.19934	0.12455	0.062645	0.050339	0.0087334	-0.027405	-0.024508	13.807
934.73	-0.065989	-0.099814	-0.17612	-0.27835	-0.44904	-0.58539	-0.86006	-1.2006	-1.7068	-2.5176	-3.9498	-4.6922	-7.0587	-8.5406	-6.3178	-3.771	-1.4629	0.41568	0.73338	0.84749	0.68178	0.48155	0.32542	0.19297	0.10018	0.053079	0.015562	-0.015247	-0.03484	-0.042017	13.525
935.37	-0.090016	-0.11059	-0.1506	-0.27897	-0.43157	-0.60079	-0.83249	-1.2317	-1.6779	-2.5762	-3.7656	-4.5956	-6.8255	-8.1873	-6.2253	-3.632	-1.3505	0.42242	0.74934	0.81876	0.6594	0.46262	0.28576	0.15434	0.075643	0.035415	0.0052687	-0.021978	-0.052915	-0.053902	13.212
939.84	-0.10115	-0.12778	-0.15559	-0.26803	-0.42412	-0.58658	-0.86997	-1.2242	-1.6668	-2.6239	-3.9464	-4.6667	-6.7201	-8.1564	-6.029	-3.5892	-1.2349	0.46495	0.74578	0.81316	0.63364	0.44612	0.26999	0.15931	0.066911	0.012123	-0.018372	-0.038276	-0.060033	-0.067086	12.959
942.4	-0.079459	-0.10054	-0.16005	-0.29686	-0.41311	-0.57889	-0.83317	-1.1738	-1.6764	-2.6168	-3.6835	-4.477	-6.4752	-7.8936	-5.6538	-3.2746	-1.1202	0.50637	0.76555	0.81011	0.6287	0.42142	0.26127	0.14506	0.05914	0.028789	-0.015967	-0.04189	-0.054155	-0.05902	12.723
943.89	-0.086738	-0.12954	-0.16954	-0.27805	-0.39634	-0.55276	-0.81352	-1.1589	-1.6056	-2.6468	-3.4977	-4.4026	-6.2953	-7.5127	-5.5662	-3.0496	-1.0056	0.54035	0.78999	0.78178	0.61323	0.41657	0.24969	0.13509	0.04768	0.0088938	-0.0057534	-0.03069	-0.049992	-0.043971	12.387
943.57	-0.075245	-0.075083	-0.15579	-0.24145	-0.37499	-0.56338	-0.80997	-1.1764	-1.603	-2.3233	-3.3549	-4.1768	-5.9256	-7.1707	-5.236	-2.7716	-0.88411	0.58752	0.82057	0.80234	0.61907	0.41252	0.25217	0.13514	0.060581	0.020017	-0.0073226	-0.028472	-0.031251	-0.038474	12.128
943.88	-0.064527	-0.10652	-0.13464	-0.26609	-0.4053	-0.51797	-0.80817	-1.1354	-1.575	-2.4506	-3.3988	-3.9482	-5.7378	-6.8238	-5.0769	-2.6522	-0.78155	0.62558	0.82496	0.78516	0.61806	0.40903	0.24012	0.12211	0.036313	0.0096874	-0.012807	-0.039598	-0.055699	-0.047906	11.783
946.12	-0.06109	-0.084833	-0.13189	-0.24875	-0.39987	-0.54538	-0.77196	-1.1173	-1.5001	-2.3852	-3.3369	-4.0984	-5.7645	-6.7997	-4.8644	-2.5954	-0.69387	0.63191	0.82379	0.77065	0.58288	0.37463	0.21648	0.11048	0.035473	0.0041196	-0.026069	-0.038763	-0.045808	-0.035229	11.474
948.14	-0.072425	-0.099165	-0.11383	-0.22996	-0.38209	-0.50699	-0.78324	-1.0891	-1.5133	-2.3801	-3.2402	-3.9891	-5.4465	-6.5301	-4.6801	-2.3542	-0.58492	0.68251	0.83982	0.75134	0.56883	0.36299	0.21047	0.10863	0.022571	-0.0022123	-0.011969	-0.055678	-0.060319	-0.035937	11.136
949.84	-0.040415	-0.06315	-0.11927	-0.23668	-0.36094	-0.53373	-0.77577	-1.0984	-1.4678	-2.2571	-3.1539	-3.6725	-5.22	-6.2318	-4.3678	-2.1147	-0.48709	0.69166	0.836	0.74663	0.54862	0.35402	0.19979	0.085852	0.014246	-0.014045	-0.034535	-0.034184	-0.048059	-0.020228	10.875
949.74	-0.032245	-0.074596	-0.096703	-0.22561	-0.36454	-0.50441	-0.7394	-1.0372	-1.4407	-2.1132	-3.0023	-3.5893	-5.0921	-5.93	-4.1251	-1.8545	-0.38711	0.73235	0.85463	0.73831	0.53509	0.33491	0.1681	0.061662	0.0044601	-0.025883	-0.042328	-0.041566	-0.03591	-0.023361	10.502
949.31	-0.037166	-0.05937	-0.11127	-0.2273	-0.37539	-0.50982	-0.75341	-1.0401	-1.4125	-2.1735	-2.9947	-3.4654	-4.7087	-5.646	-3.7881	-1.7208	-0.27673	0.75949	0.86429	0.71426	0.52333	0.32673	0.16025	0.052811	-0.010607	-0.028263	-0.054036	-0.061516	-0.056191	-0.045284	10.169
951.01	-0.035466	-0.060026	-0.10302	-0.2166	-0.3605	-0.49942	-0.7422	-1.0286	-1.3524	-2.3136	-3.0251	-3.5928	-4.7965	-5.453	-3.7206	-1.6422	-0.16748	0.77711	0.84423	0.70711	0.48646	0.29372	0.13701	0.039023	-0.022622	-0.055794	-0.081946	-0.076877	-0.054473	-0.038173	9.8032
952.82	-0.037029	-0.053832	-0.11247	-0.21777	-0.35006	-0.49158	-0.71506	-1.0074	-1.3622	-2.0472	-2.8678	-3.4193	-4.4992	-5.2523	-3.35	-1.4381	-0.081128	0.78167	0.85187	0.67646	0.46084	0.26328	0.12648	0.024475	-0.018075	-0.04861	-0.074026	-0.053935	-0.058409	-0.047457	9.5269
952.61	-0.034592	-0.07057	-0.10526	-0.22335	-0.36256	-0.48824	-0.71143	-1.0084	-1.309	-2.1322	-2.6456	-3.3617	-4.26	-4.8645	-3.2036	-1.1033	0.020188	0.79132	0.84821	0.65566	0.4442	0.25504	0.094902	0.018048	-0.039854	-0.064355	-0.068606	-0.074542	-0.050343	-0.045127	9.1311
952.08	-0.014223	-0.047787	-0.099682	-0.22427	-0.34146	-0.46782	-0.67774	-0.95664	-1.2778	-1.9049	-2.549	-3.205	-4.1262	-4.6211	-2.9628	-0.99494	0.11998	0.82022	0.85869	0.64681	0.43328	0.23359	0.096536	0.015644	-0.041379	-0.071475	-0.065536	-0.057656	-0.031781	-0.021742	8.773
949.74	0.0045468	-0.034942	-0.087828	-0.20818	-0.3254	-0.42144	-0.65359	-0.9219	-1.228	-1.7485	-2.4122	-3.146	-3.8714	-4.4653	-2.5533	-0.78733	0.2082	0.84471	0.8639	0.6274	0.39197	0.20752	0.092018	-0.018197	-0.051272	-0.066128	-0.079719	-0.079194	-0.038341	-0.02023	8.3785
950.27	-0.013433	-0.029587	-0.094228	-0.21123	-0.36345	-0.47389	-0.66992	-0.9246	-1.2195	-1.8831	-2.4824	-3.2362	-3.7006	-4.1605	-2.4651	-0.63573	0.28306	0.84769	0.83254	0.59597	0.37257	0.17912	0.045231	-0.028669	-0.073823	-0.090539	-0.083567	-0.087999	-0.056945	-0.034292	7.9492
952.39	-0.010957	-0.04701	-0.089193	-0.21392	-0.34312	-0.48232	-0.65176	-0.87267	-1.1842	-1.9212	-2.4144	-3.1289	-3.6363	-3.794	-2.4076	-0.48348	0.36287	0.84838	0.84685	0.56029	0.355	0.15298	0.02379	-0.045498	-0.09093	-0.11316	-0.11756	-0.092217	-0.057626	-0.013153	7.5756
951.86	-0.001175	-0.03943	-0.10775	-0.21087	-0.33887	-0.4455	-0.63091	-0.89327	-1.1507	-1.7954	-2.4514	-2.8219	-3.3178	-3.6452	-2.1664	-0.43344	0.45241	0.84455	0.82113	0.54215	0.32249	0.13728	0.01985	-0.057595	-0.096242	-0.10535	-0.11685	-0.086379	-0.04068	-0.032675	7.1944
951.23	0.011069	-0.024989	-0.078027	-0.22526	-0.32222	-0.46134	-0.62451	-0.86408	-1.1164	-1.8135	-2.1942	-2.7486	-3.0955	-3.282	-1.7603	-0.19043	0.51634	0.85374	0.83402	0.51315	0.30833	0.11909	0.0079937	-0.053606	-0.099313	-0.10936	-0.095926	-0.084964	-0.038281	-0.0084824	6.7842
948.35	0.011103	-0.026591	-0.1025	-0.22197	-0.33033	-0.42984	-0.5937	-0.82792	-1.0839	-1.6831	-2.0486	-2.5056	-3.0406	-3.0448	-1.7047	-0.031129	0.57607	0.85892	0.80947	0.49115	0.28525	0.10444	-0.02135	-0.087697	-0.11545	-0.12312	-0.11026	-0.086698	-0.031093	-0.0077236	6.3634
948.67	0.0332	-0.025819	-0.099233	-0.21714	-0.31151	-0.39336	-0.59046	-0.81391	-1.0524	-1.657	-2.0032	-2.3624	-2.7823	-2.8605	-1.452	-0.014288	0.62917	0.84652	0.786	0.47163	0.24113	0.066896	-0.041181	-0.10463	-0.11541	-0.13256	-0.11178	-0.099226	-0.031895	0.00089391	5.9803
951.33	0.027392	-0.044019	-0.10862	-0.21653	-0.30886	-0.42246	-0.57365	-0.79553	-1.016	-1.6524	-1.9173	-2.3475	-2.7184	-2.7174	-1.3786	0.036072	0.68298	0.83208	0.7599	0.42082	0.20932	0.03762	-0.055308	-0.11722	-0.12411	-0.14874	-0.12702	-0.1019	-0.030996	-0.0030145	5.5956
951.76	0.014326	-0.036389	-0.11501	-0.21485	-0.32737	-0.42399	-0.5787	-0.77102	-1.0008	-1.5247	-1.9699	-2.1712	-2.5729	-2.4461	-1.1874	0.36306	0.7197	0.84205	0.74877	0.39548	0.19886	0.028463	-0.080591	-0.12683	-0.15637	-0.15891	-0.12308	-0.10627	-0.036643	-0.0014512	5.2153
951.44	0.020859	-0.031073	-0.10217	-0.20543	-0.3186	-0.39739	-0.5842	-0.76484	-0.95834	-1.5591	-1.8278	-2.1135	-2.4776	-2.1847	-0.96239	0.32125	0.77067	0.82939	0.7205	0.37213	0.15583	-0.0064318	-0.08853	-0.13895	-0.15643	-0.15187	-0.13867	-0.10483	-0.02614	-0.009261	4.8485
948.67	0.03811	-0.012077	-0.094387	-0.19333	-0.30171	-0.38124	-0.53496	-0.71862	-0.90186	-1.4448	-1.6094	-1.8266	-2.0828	-1.8564	-0.62612	0.41472	0.79795	0.82056	0.69554	0.33872	0.12506	-0.014786	-0.10704	-0.14581	-0.15462	-0.15389	-0.1227	-0.092579	-0.024592	0.0079433	4.4225
947.61	0.024223	-0.018205	-0.11228	-0.20864	-0.29313	-0.399	-0.51806	-0.69032	-0.88726	-1.2934	-1.5395	-1.7532	-1.9403	-1.7228	-0.69645	0.54995	0.82634	0.79463	0.65839	0.30542	0.10837	-0.047346	-0.12146	-0.15972	-0.17064	-0.17621	-0.15485	-0.097858	-0.018937	0.00010977	4.0631
949.84	0.031522	-0.021975	-0.11847	-0.22004	-0.29067	-0.39028	-0.51228	-0.69111	-0.85558	-1.3412	-1.4643	-1.8327	-1.8956	-1.5835	-0.49511	0.58225	0.83085	0.74437	0.60819	0.25009	0.062551	-0.083029	-0.15525	-0.17709	-0.18455	-0.17106	-0.14981	-0.11238	-0.028615	-0.0092766	3.6702
950.27	0.029056	-0.029587	-0.11277	-0.19538	-0.31277	-0.38233	-0.48397	-0.66501	-0.78591	-1.205	-1.5977	-1.5643	-1.5977	-1.3998	-0.27791	0.60718	0.85305	0.73626	0.56624	0.21806	0.019372	-0.099635	-0.16627	-0.19958	-0.19425	-0.18755	-0.16765	-0.10201	-0.017263	0.00089241	3.3425
950.05	0.02089	0.0062367	-0.1007	-0.20097	-0.2826	-0.35563	-0.47877	-0.63209	-0.78686	-1.1035	-1.2048	-1.5062	-1.5178	-1.2489	-0.017529	0.73333	0.85727	0.68891	0.52158	0.18787	-0.0054016	-0.12546	-0.17977	-0.20608	-0.1943	-0.16156	-0.15756	-0.10129	-0.017267	0.018097	2.9631
948.14	0.025846	-0.025834	-0.075047	-0.1728	-0.27782	-0.36154	-0.46832	-0.60186	-0.73383	-1.0378	-1.1177	-1.4338	-1.1911	-0.94043	-0.017565	0.86105	0.86789	0.68164	0.49169	0.14785	-0.018227	-0.14489	-0.20157	-0.21942	-0.21506	-0.17374	-0.16178	-0.11406	-0.013245	0.0197	2.6367
947.18	0.034891	-0.01439	-0.088874	-0.19046	-0.25937	-0.34545	-0.45204	-0.59519	-0.70723	-0.87727	-1.0561	-1.3179	-1.16	-0.92543	0.052073	0.85349	0.86796	0.61647	0.44959	0.094921	-0.057531	-0.17342	-0.21926	-0.23501	-0.2198	-0.20477	-0.15726	-0.109	-0.014882	0.010308	2.3072
949.1	0.037273	-0.022754	-0.091923	-0.18849	-0.2624	-0.31621	-0.43517	-0.56735	-0.6645	-0.98584	-1.1166	-1.2064	-1.1898	-0.7005	0.086741	0.83496	0.85087	0.58149	0.39149	0.075389	-0.096617	-0.19807	-0.23547	-0.25472	-0.22087	-0.21068	-0.16707	-0.11616	-0.023772	0.0071558	1.9792
951.33	0.022496	-0.034883	-0.11345	-0.17776	-0.26001	-0.331	-0.45235	-0.55555	-0.67615	-0.98352	-1.0604	-1.0867	-1.0828	-0.56376	0.23391	0.8246	0.83518	0.53613	0.33969	0.01146	-0.12193	-0.2109	-0.26419	-0.24446	-0.23087	-0.21412	-0.14957	-0.10116	-0.015627	0.026665	1.6602
952.93	0.03142	-0.019624	-0.086731	-0.17667	-0.25071	-0.31063	-0.41829	-0.52809	-0.68434	-0.89735	-1.0319	-1.0098	-0.93694	-0.46761	0.23351	0.85673	0.83298	0.48096	0.2914	-0.012008	-0.15759	-0.24374	-0.27402	-0.27219	-0.22523	-0.2177	-0.16485	-0.10761	-0.016408	0.029738	1.3913
953.03	0.037119	-0.015821	-0.10521	-0.15059	-0.24182	-0.30371	-0.39629	-0.50632	-0.62915	-0.74512	-0.83574	-0.75965	-0.72875	-0.26923	0.55369	0.8399	0.81279	0.43957	0.2398	-0.041314	-0.1759	-0.26528	-0.27715	-0.28582	-0.23422	-0.21217	-0.17725	-0.10612	-0.02206	0.026618	1.1086
951.97	0.032268	-0.0097527	-0.090841	-0.16183	-0.24475	-0.31267	-0.39219	-0.49321	-0.5739	-0.76286	-0.72963	-0.82725	-0.55331	-0.22189	0.68426	0.8492	0.78795	0.38487	0.19306	-0.07154	-0.20401	-0.27056	-0.2909	-0.2797	-0.24199	-0.21634	-0.186	-0.10403	-0.0010666	0.014939	0.83805
953.99	0.044408	-0.029472	-0.090649	-0.18594	-0.25663	-0.3077	-0.38607	-0.49297	-0.57733	-0.8288	-0.7548	-0.80884	-0.72003	-0.13423	0.49262	0.78048	0.73408	0.31523	0.12576	-0.14082	-0.24895	-0.29734	-0.32816	-0.29758	-0.25497	-0.23238	-0.18095	-0.10896	-0.013971	0.012571	0.59026
956.65	0.028051	-0.028632	-0.10481	-0.16418	-0.24179	-0.28197	-0.37067	-0.45956	-0.55176	-0.80967	-0.7527	-0.72356	-0.64627	-0.20498	0.5861	0.8534	0.6936	0.25943	0.074805	-0.17046	-0.28081	-0.3304	-0.33433	-0.30957	-0.24828	-0.2427	-0.18896	-0.11012	-0.021171	0.014866	0.36676
957.5	0.010186	-0.028606	-0.11752	-0.18998	-0.23892	-0.31	-0.35603	-0.46636	-0.5389	-0.82577	-0.75204	-0.62337	-0.53417	-0.023213	0.63725	0.72762	0.66578	0.21977	0.028009	-0.20365	-0.29166	-0.34662	-0.3474	-0.32449	-0.26674	-0.23544	-0.19961	-0.11734	-0.020349	0.033476	0.1706
957.61	0.036132	-0.028603	-0.10311	-0.16244	-0.22213	-0.29711	-0.34921	-0.4663	-0.51181	-0.64063	-0.65441	-0.64818	-0.31907	0.047865	0.80945	0.78586	0.6361	0.19317	-0.010293	-0.21029	-0.31779	-0.34659	-0.3395	-0.30526	-0.25849	-0.21428	-0.18568	-0.085129	-0.0082933	0.026491	-0.011905
956.12	0.040249	-0.010469	-0.10327	-0.16112	-0.23397	-0.28727	-0.34297	-0.44139	-0.49248	-0.5321	-0.51331	-0.41657	-0.19193	0.15074	0.72445	0.95402	0.59863	0.15656	-0.051738	-0.25402	-0.32226	-0.3587	-0.34317	-0.31936	-0.25441	-0.22638	-0.15115	-0.12557	-0.0010619	0.019537	-0.16856
957.07	0.028039	-0.021809	-0.097562	-0.16332	-0.22755	-0.27755	-0.34639	-0.43935	-0.48349	-0.45582	-0.49506	-0.54064	-0.1519	0.19797	0.74956	0.73627	0.5404	0.099798	-0.092306	-0.27378	-0.36558	-0.398	-0.36721	-0.33424	-0.27358	-0.24808	-0.1966	-0.10421	-0.029202	0.021846	-0.30547
959.94	0.029573	-0.02778	-0.11243	-0.17616	-0.23567	-0.29553	-0.32808	-0.43165	-0.4674	-0.65584	-0.5909	-0.33215	-0.27856	0.22887	0.72153	0.65096	0.51404	0.050758	-0.14323	-0.3112	-0.37635	-0.40505	-0.37631	-0.32926	-0.27873	-0.2286	-0.15594	-0.11266	-0.015487	0.02333	-0.36936
959.84	0.013397	-0.020991	-0.089299	-0.17618	-0.2357	-0.28701	-0.35892	-0.41414	-0.4636	-0.65591	-0.57327	-0.44805	-0.10378	0.22104	0.7388	0.80067	0.47419	0.034516	-0.16005	-0.34117	-0.38272	-0.40674	-0.37008	-0.33248	-0.25789	-0.2255	-0.17291	-0.11048	-0.013083	0.014817	-0.49868
959.41	0.022304	-0.047422	-0.12288	-0.17469	-0.23757	-0.2803	-0.3681	-0.42151	-0.45146	-0.50508	-0.44075	-0.34889	-0.048173	0.40238	0.87668	0.68457	0.45124	-0.0082473	-0.193	-0.34381	-0.39951	-0.41352	-0.38436	-0.32704	-0.26248	-0.22794	-0.14215	-0.08643	-0.0058712	0.038832	-0.53367
956.22	0.025628	-0.029403	-0.10245	-0.17291	-0.23659	-0.27437	-0.3467	-0.4141	-0.44214	-0.45622	-0.35342	-0.2836	0.031432	0.45905	0.68124	0.81204	0.43432	-0.023726	-0.20745	-0.3533	-0.41355	-0.40662	-0.37541	-0.32252	-0.2454	-0.20911	-0.13566	-0.075727	0.010205	0.031967	-0.59909
956.01	0.034567	-0.019561	-0.10648	-0.17846	-0.23134	-0.2916	-0.33999	-0.41579	-0.44146	-0.52374	-0.36239	-0.39168	-0.032382	0.47498	0.69001	0.77883	0.40637	-0.056357	-0.23665	-0.38093	-0.4192	-0.41664	-0.3873	-0.33221	-0.22077	-0.22013	-0.13801	-0.091869	-0.0066951	0.036639	-0.6417
958.67	0.005314	-0.038393	-0.10779	-0.19053	-0.25273	-0.29079	-0.34581	-0.43062	-0.43793	-0.5895	-0.50309	-0.36574	0.015448	0.30017	0.67088	0.54361	0.37967	-0.06562	-0.26201	-0.37571	-0.41804	-0.42456	-0.37995	-0.3233	-0.27238	-0.22343	-0.14611	-0.087227	-0.010691	0.02956	-0.5854
959.84	0.032811	-0.05042	-0.11085	-0.19422	-0.2445	-0.28188	-0.34164	-0.42771	-0.42737	-0.58878	-0.47594	-0.35702	-0.048152	0.43369	0.79036	0.60113	0.37921	-0.078367	-0.2487	-0.38191	-0.42148	-0.41663	-0.39125	-0.32211	-0.26013	-0.20598	-0.14748	-0.08128	0.017383	0.033395	-0.61431
959.41	0.036874	-0.012695	-0.10132	-0.17862	-0.24549	-0.2726	-0.37862	-0.4263	-0.43913	-0.49668	-0.40535	-0.25782	-0.056119	0.39449	0.67895	0.62635	0.37539	-0.078402	-0.25722	-0.38208	-0.40742	-0.41434	-0.36553	-0.31267	-0.21626	-0.18264	-0.13829	-0.080587	0.0085676	0.055866	-0.55953
957.29	0.050745	-0.021804	-0.083133	-0.16879	-0.23986	-0.29121	-0.34481	-0.42084	-0.41537	-0.60717	-0.23771	-0.2169	0.047323	0.54543	0.76662	0.7528	0.38582	-0.065715	-0.24094	-0.37042	-0.4115	-0.3913	-0.36477	-0.29736	-0.20777	-0.19635	-0.13628	-0.084426	0.0053698	0.052887	-0.59757
956.75	0.046715	-0.021059	-0.080779	-0.16259	-0.22586	-0.2888	-0.35103	-0.40987	-0.4272	-0.48123	-0.37985	-0.134	0.015464	0.64055	0.79291	0.78656	0.39084	-0.075188	-0.25027	-0.37897	-0.40618	-0.40309	-0.37835	-0.31274	-0.2333	-0.20429	-0.13094	-0.073486	0.0069821	0.060683	-0.59301
959.31	0.036068	-0.030818	-0.099729	-0.15117	-0.24728	-0.29145	-0.38468	-0.44471	-0.43069	-0.50514	-0.46736	-0.31582	-0.087926	0.44181	0.74782	0.60979	0.37303	-0.083545	-0.26337	-0.39543	-0.42251	-0.41191	-0.36871	-0.31909	-0.24163	-0.20844	-0.15219	-0.063795	0.01659	0.039609	-0.59909
961.33	0.018223	-0.033766	-0.096332	-0.17669	-0.25379	-0.2934	-0.34336	-0.4374	-0.44749	-0.47055	-0.47522	-0.28209	0.062999	0.3072	0.84919	0.61681	0.35312	-0.080808	-0.27273	-0.39626	-0.42083	-0.41598	-0.3695	-0.31284	-0.2441	-0.19864	-0.14802	-0.082613	0.019756	0.042617	-0.5717
961.96	0.021439	-0.028474	-0.11936	-0.18362	-0.2589	-0.31283	-0.38362	-0.43393	-0.4495	-0.6126	-0.50139	-0.41403	-0.0083932	0.44844	0.73719	0.67445	0.3497	-0.089287	-0.26798	-0.40595	-0.41108	-0.41653	-0.36926	-0.30865	-0.21717	-0.20786	-0.13562	-0.070903	0.014143	0.031005	-0.41196
961.64	0.024678	-0.031497	-0.12578	-0.19699	-0.27216	-0.30781	-0.37774	-0.43885	-0.4458	-0.55416	-0.28077	-0.35635	0.07092	0.59799	0.83175	0.84065	0.37451	-0.064562	-0.24976	-0.37538	-0.4049	-0.40104	-0.3592	-0.2984	-0.21501	-0.19546	-0.14489	-0.078943	0.0061468	0.043377	-0.23398
961.11	0.014994	-0.046583	-0.14577	-0.20258	-0.26704	-0.31226	-0.37645	-0.44149	-0.45836	-0.50419	-0.36928	-0.2491	0.055081	0.56684	0.82365	0.7664	0.38827	-0.0646	-0.23845	-0.3731	-0.40907	-0.37823	-0.35157	-0.30414	-0.20769	-0.19479	-0.12111	-0.065864	-0.0018566	0.046491	-0.13206
962.07	0.025472	-0.041269	-0.14563	-0.21098	-0.27204	-0.3	-0.39857	-0.44423	-0.45945	-0.56229	-0.45717	-0.41399	-0.040117	0.41698	0.69425	0.63291	0.39824	-0.034674	-0.2283	-0.35696	-0.39683	-0.38854	-0.34575	-0.28314	-0.17403	-0.1907	-0.11868	-0.081092	0.0053447	0.031002	0.020035
963.98	0.0060897	-0.022402	-0.13819	-0.21603	-0.29692	-0.31388	-0.40227	-0.4656	-0.47926	-0.68651	-0.41223	-0.45436	-0.047945	0.26715	0.55595	0.63994	0.44354	-0.010763	-0.18904	-0.34053	-0.38029	-0.37874	-0.34974	-0.27701	-0.19223	-0.17399	-0.12459	-0.078024	0.011718	0.047125	0.23598
964.73	0.012523	-0.048661	-0.14126	-0.21352	-0.27392	-0.36724	-0.38999	-0.47001	-0.49039	-0.63588	-0.56153	-0.52812	-0.095349	0.32177	0.76071	0.6808	0.46305	0.014771	-0.16304	-0.31048	-0.35638	-0.35386	-0.31124	-0.25536	-0.16687	-0.15133	-0.10609	-0.038742	0.026867	0.038618	0.49448
964.3	0.021387	-0.038169	-0.1294	-0.22533	-0.28456	-0.3657	-0.41036	-0.47498	-0.50058	-0.44405	-0.43851	-0.28947	-0.024198	0.39249	0.90643	0.90455	0.49821	0.058191	-0.13878	-0.28083	-0.33212	-0.32778	-0.29733	-0.25547	-0.15211	-0.1343	-0.09309	-0.041666	0.032464	0.050962	0.71188
