% Time() Angle(deg) Cn Ct Cm
0	8.0898	0.79846	0.095238	0.0076342
0.05	8.507	0.81512	0.10103	0.0070468
0.1	8.8637	0.87083	0.1162	0.01065
0.15	9.3139	0.9149	0.12764	0.01104
0.2	9.6824	0.949	0.13632	0.011133
0.25	10.131	0.9784	0.14739	0.010789
0.29	10.511	1.0162	0.16024	0.013129
0.34	10.932	1.0497	0.17168	0.013271
0.39	11.309	1.0932	0.18609	0.014477
0.44	11.742	1.1334	0.19811	0.013799
0.49	12.119	1.1453	0.20875	0.018367
0.54	12.513	1.1877	0.22244	0.018414
0.59	12.861	1.1992	0.23292	0.020711
0.64	13.226	1.2276	0.24043	0.01609
0.69	13.577	1.2531	0.25694	0.023696
0.74	13.859	1.2762	0.26522	0.020829
0.79	14.16	1.2947	0.27408	0.020882
0.83	14.46	1.304	0.28277	0.021725
0.88	14.703	1.3142	0.28937	0.023107
0.93	14.956	1.3335	0.29685	0.020242
0.98	15.193	1.3276	0.29605	0.021006
1.03	15.42	1.3307	0.29725	0.012273
1.08	15.612	1.3241	0.29331	0.0095988
1.13	15.772	1.3277	0.28978	0.0017751
1.18	15.929	1.3458	0.26819	-0.025387
1.23	16.053	1.3336	0.17689	-0.086028
1.28	16.189	1.2737	0.099356	-0.12972
1.33	16.287	1.1455	0.0462	-0.13807
1.37	16.396	1.0395	0.04506	-0.09883
1.42	16.477	0.96002	0.031453	-0.097761
1.47	16.533	0.92818	-0.0012503	-0.12064
1.52	16.594	0.85002	-0.0010639	-0.090123
1.57	16.624	0.77139	-0.0076408	-0.081652
1.62	16.653	0.75054	-0.0068896	-0.074576
1.67	16.632	0.7341	-0.015108	-0.082677
1.72	16.591	0.74347	-0.0054327	-0.074708
1.77	16.602	0.74079	-0.015514	-0.075744
1.82	16.618	0.74193	-0.022233	-0.085269
1.87	16.62	0.72137	-0.033063	-0.091852
1.91	16.5	0.72238	-0.022452	-0.08038
1.96	16.3	0.71563	-0.023678	-0.087585
2.01	16.137	0.7001	-0.028544	-0.084948
2.06	15.904	0.73019	-0.021852	-0.089754
2.11	15.712	0.75051	-0.014709	-0.081657
2.16	15.5	0.72833	-0.020811	-0.084405
2.21	15.336	0.75275	-0.0092642	-0.084611
2.26	15.102	0.72994	-0.011053	-0.073659
2.31	14.814	0.77917	-0.0039765	-0.089541
2.36	14.611	0.8019	0.0023761	-0.084979
2.41	14.333	0.78003	-0.0036187	-0.079975
2.45	14.055	0.77857	0.022097	-0.058431
2.5	13.775	0.82177	0.044199	-0.052983
2.55	13.452	0.85444	0.040412	-0.060519
2.6	13.123	0.83481	0.042655	-0.050749
2.65	12.783	0.85611	0.060664	-0.044071
2.7	12.444	0.84081	0.08022	-0.023835
2.75	12.089	0.91807	0.099223	-0.019399
2.8	11.731	0.93231	0.11505	-0.0078611
2.85	11.338	0.93519	0.13756	0.0074499
2.9	10.965	0.96705	0.14854	0.012456
2.95	10.578	0.98277	0.15335	0.020076
2.99	10.22	0.94098	0.14066	0.016658
3.04	9.8183	0.92755	0.13243	0.01289
3.09	9.4348	0.89879	0.12769	0.015228
3.14	9.045	0.86183	0.1147	0.013474
3.19	8.6567	0.82162	0.10376	0.015619
3.24	8.2742	0.78231	0.096252	0.011989
3.29	7.8947	0.74835	0.084842	0.011022
3.34	7.4682	0.70028	0.076704	0.014084
3.39	7.0854	0.66705	0.069195	0.010397
3.44	6.6753	0.62677	0.062026	0.0089124
3.49	6.2514	0.57948	0.052308	0.0098106
3.53	5.8834	0.56036	0.049284	0.010111
3.58	5.5001	0.49824	0.03632	0.005868
3.63	5.1304	0.4531	0.036008	0.0117
3.68	4.7833	0.42953	0.029923	0.0084913
3.73	4.4104	0.38841	0.027129	0.0096667
3.78	4.0964	0.34474	0.017882	0.0069437
3.83	3.7749	0.32375	0.019109	0.0075042
3.88	3.4608	0.27904	0.013631	0.0063973
3.93	3.1558	0.25432	0.011081	0.0072952
3.98	2.8599	0.22153	0.0065455	0.0016884
4.03	2.5972	0.19955	0.0080502	0.00855
4.07	2.3801	0.17235	0.0051239	0.0060416
4.12	2.1204	0.14589	0.0041908	0.0063248
4.17	1.8774	0.12857	0.0020429	0.0054217
4.22	1.7133	0.11959	0.0035601	0.0044344
4.27	1.5098	0.078756	-0.00016393	0.0055278
4.32	1.3669	0.077401	0.0029431	0.0052575
4.37	1.1846	0.062119	0.0014832	0.0075419
4.42	1.0356	0.039295	-0.0011972	0.0022028
4.47	0.92013	0.042552	0.0025448	0.0032099
4.52	0.84109	0.012703	0.00082218	0.0065881
4.57	0.7362	0.0075845	0.0001247	0.0028466
4.61	0.683	0.0088537	0.0026165	0.0032344
4.66	0.60546	0.002551	0.00058502	0.00099941
4.71	0.58722	-0.0055022	-0.0018327	0.0035341
4.76	0.57506	0.001216	0.0013797	0.0036859
4.81	0.57962	-0.0062838	0.0013687	0.0037555
4.86	0.57049	-0.015283	-0.0012061	0.0033019
4.91	0.58874	-0.0010255	0.0025566	0.0047959
4.96	0.5781	-0.0073497	0.0026185	0.0040403
5.01	0.55073	-0.013966	-0.0031801	0.0028308
5.06	0.59178	0.018628	0.0003348	0.002052
5.11	0.73924	0.038542	0.0010708	0.0028268
5.15	0.94597	0.029704	-0.0016663	0.0053391
5.2	1.1618	0.071073	0.0018776	0.0032319
5.25	1.3624	0.069824	0.00067901	0.004167
5.3	1.5326	0.090173	-0.0012321	0.0039932
5.35	1.7589	0.13477	0.003111	0.0037199
5.4	1.9503	0.14144	0.0034787	0.0036997
5.45	2.1538	0.16573	0.0058475	0.0026025
5.5	2.4226	0.19933	0.0064116	0.0039082
5.55	2.6625	0.22932	0.010254	0.0067839
5.6	2.9403	0.25521	0.010107	0.0054487
5.65	3.2469	0.29138	0.01061	0.001582
5.69	3.5443	0.31518	0.014499	0.0034671
5.74	3.8477	0.35616	0.020908	0.0041075
5.79	4.1738	0.39249	0.022215	0.0016091
5.84	4.5059	0.42195	0.028781	0.0055957
5.89	4.8879	0.45212	0.02991	0.003201
5.94	5.2516	0.50341	0.036133	0.002421
5.99	5.5865	0.53719	0.046463	0.0095359
6.04	5.953	0.57671	0.049851	0.0066194
6.09	6.3013	0.60576	0.052963	0.0049239
6.14	6.6768	0.65622	0.065826	0.011034
6.19	7.0506	0.70116	0.073595	0.0094381
6.23	7.4637	0.72005	0.079245	0.0082925
