12322	1	3	91	28.7	757	1	8	10	0.233	128	4096	10	0	0	0	0	29.824	953.21	1.4217e+006	0.11617	0.0099514	40.456	0	0	1	0	0	0	11	0	0
958.46	0.02727	-0.051835	-0.13761	-0.28332	-0.39113	-0.49272	-0.66509	-0.84954	-1.0699	-1.6262	-1.9618	-2.2229	-2.5096	-2.7243	-1.1754	0.19616	0.6519	0.85161	0.77139	0.48943	0.27592	0.12264	0.033771	-0.024121	-0.037252	-0.033967	-0.02462	-0.010571	0.013409	0.037753	7.0249
956.98	0.017576	-0.047377	-0.16504	-0.30579	-0.40145	-0.51236	-0.70155	-0.89809	-1.1257	-1.595	-1.9116	-2.5252	-2.8004	-2.8076	-1.4272	0.021363	0.59848	0.85122	0.81091	0.51021	0.31285	0.16993	0.055061	-0.0033467	-0.0074118	-0.016791	-0.019249	-0.015711	0.024688	0.039365	7.5196
955.38	0.011914	-0.035324	-0.15088	-0.28187	-0.42334	-0.53126	-0.69366	-0.93648	-1.1732	-1.6483	-2.1815	-2.6458	-3.0206	-3.295	-1.7663	-0.28767	0.50726	0.86209	0.82993	0.54948	0.35311	0.18594	0.084304	0.033536	0.0075464	0.0020084	-0.0092139	-0.0018029	0.024729	0.039429	8.0096
956.23	0.017588	-0.045898	-0.14995	-0.29737	-0.39911	-0.54452	-0.72925	-0.98212	-1.2294	-1.7479	-2.2861	-2.8512	-3.3928	-3.5451	-2.0493	-0.46267	0.40346	0.83729	0.83456	0.59489	0.39806	0.23456	0.10706	0.04953	0.014272	0.0059248	0.0093625	0.00039721	0.031146	0.042503	8.507
952.3	0.020107	-0.036961	-0.16263	-0.30571	-0.41229	-0.55194	-0.76862	-0.99824	-1.2765	-2.0004	-2.3936	-3.1049	-3.6791	-3.9487	-2.5774	-0.54838	0.27078	0.84161	0.84725	0.61997	0.4332	0.24715	0.12963	0.076283	0.039117	0.024839	0.0078468	0.0040773	0.019961	0.029415	9.0254
953.89	-0.0019036	-0.041455	-0.16879	-0.30441	-0.44527	-0.55704	-0.78623	-1.0327	-1.3046	-2.1068	-2.5053	-3.2662	-3.8489	-4.3463	-2.8239	-0.83192	0.17716	0.84192	0.87275	0.65408	0.4683	0.27493	0.16492	0.10025	0.055548	0.053867	0.031101	0.040065	0.036868	0.030144	9.5692
949.74	0.0013564	-0.052313	-0.17033	-0.31763	-0.45433	-0.5759	-0.79346	-1.0646	-1.3936	-2.0821	-2.6951	-3.4478	-4.1227	-4.7235	-2.8536	-0.95319	0.073067	0.81967	0.86266	0.67458	0.48393	0.3036	0.17674	0.10795	0.065581	0.041475	0.018773	0.028436	0.021635	0.029494	10.025
951.34	0.007069	-0.039282	-0.15072	-0.3163	-0.45179	-0.58442	-0.82018	-1.087	-1.403	-2.1718	-2.8334	-3.3668	-4.4766	-5.2639	-3.4816	-1.4968	-0.12596	0.79587	0.8589	0.71036	0.53021	0.34299	0.2168	0.13837	0.094039	0.065042	0.033518	0.035754	0.016745	0.016169	10.549
949.64	0.0029941	-0.056894	-0.16067	-0.32559	-0.47128	-0.58979	-0.86798	-1.1414	-1.4522	-2.3368	-2.9726	-3.582	-4.7336	-5.552	-3.8006	-1.7516	-0.28996	0.75321	0.86198	0.76457	0.56715	0.3794	0.2378	0.16362	0.104	0.065947	0.049936	0.035818	0.024067	0.02715	11.02
949.53	-0.0092726	-0.047748	-0.16311	-0.31611	-0.4482	-0.62098	-0.83998	-1.1625	-1.535	-2.2268	-3.0445	-3.7413	-5.2321	-5.9985	-4.2353	-1.9871	-0.46507	0.69624	0.85435	0.7697	0.5904	0.40609	0.2616	0.19027	0.11832	0.092	0.06163	0.042463	0.018397	0.018546	11.541
945.38	-0.016706	-0.058682	-0.14357	-0.32148	-0.49396	-0.63586	-0.89172	-1.2008	-1.6012	-2.3814	-3.2285	-4.0602	-5.4406	-6.4487	-4.5941	-2.2829	-0.64702	0.63417	0.83327	0.79671	0.60665	0.42209	0.28584	0.18948	0.12641	0.10271	0.065029	0.052285	0.024177	0.028058	12.036
944.74	-0.051234	-0.067155	-0.15826	-0.32488	-0.47104	-0.63803	-0.86026	-1.2454	-1.6116	-2.545	-3.5452	-4.0546	-5.8803	-6.7731	-4.9551	-2.7068	-0.8072	0.57639	0.82995	0.80232	0.62635	0.46339	0.29321	0.21556	0.13709	0.10119	0.087	0.046386	0.021749	-0.0033822	12.504
943.79	-0.059515	-0.082571	-0.16167	-0.32521	-0.47241	-0.63345	-0.88101	-1.2094	-1.6446	-2.4964	-3.5848	-4.2859	-6.0883	-7.3007	-5.2747	-3.0055	-0.97443	0.55088	0.79349	0.81413	0.63905	0.46135	0.31185	0.22552	0.15694	0.114	0.080818	0.047918	0.007095	-0.016768	12.944
943.47	-0.065296	-0.086438	-0.15766	-0.30777	-0.45825	-0.65455	-0.8836	-1.2569	-1.6938	-2.6851	-3.46	-4.3884	-6.3814	-7.7199	-5.6437	-3.2856	-1.1542	0.50931	0.77899	0.83724	0.69481	0.48916	0.35344	0.23615	0.16684	0.12198	0.091039	0.056846	0.0022031	-0.010474	13.411
946.23	-0.070028	-0.10685	-0.16368	-0.31164	-0.49352	-0.63615	-0.90541	-1.305	-1.7139	-2.6772	-3.5845	-4.5603	-6.6851	-8.0968	-6.0543	-3.5037	-1.3354	0.42975	0.74338	0.83395	0.68636	0.50946	0.3532	0.25003	0.17392	0.12559	0.093117	0.057422	0.0062623	-0.0025906	13.792
942.19	-0.076922	-0.12653	-0.19284	-0.32736	-0.48039	-0.62059	-0.92001	-1.3074	-1.7299	-2.6459	-3.7892	-4.6473	-6.9081	-8.5087	-6.4392	-3.8491	-1.5168	0.37758	0.71543	0.84684	0.70542	0.52339	0.3675	0.26412	0.17087	0.14919	0.099015	0.052462	0.0013898	-0.022316	14.204
942.19	-0.10989	-0.14498	-0.20178	-0.31218	-0.4499	-0.61885	-0.92613	-1.3147	-1.7707	-2.6545	-3.8072	-4.8159	-7.1833	-8.7013	-6.7456	-4.154	-1.6493	0.33141	0.69908	0.86294	0.72799	0.54773	0.38348	0.28688	0.18984	0.13249	0.087236	0.037588	-0.012497	-0.040454	14.56
940.49	-0.14228	-0.16141	-0.22984	-0.29754	-0.43903	-0.60251	-0.88333	-1.278	-1.7747	-2.7278	-3.9315	-4.926	-7.5613	-9.1672	-7.0121	-4.4161	-1.825	0.26742	0.68006	0.87044	0.74384	0.55124	0.39378	0.28252	0.19247	0.13671	0.09762	0.02201	-0.020699	-0.042897	14.966
941.23	-0.20239	-0.22823	-0.24757	-0.34129	-0.41893	-0.5654	-0.87114	-1.2509	-1.7733	-2.7599	-3.9915	-4.998	-7.685	-9.2804	-7.3045	-4.5567	-1.9367	0.22971	0.66394	0.87653	0.75535	0.58609	0.39747	0.29206	0.20068	0.14775	0.1054	0.031671	-0.059111	-0.078386	15.231
938.57	-0.23688	-0.26051	-0.30051	-0.38236	-0.47144	-0.59937	-0.82443	-1.2332	-1.7223	-2.7677	-3.9847	-5.0968	-7.8205	-9.3792	-7.3691	-4.7227	-1.9904	0.21724	0.65097	0.87647	0.75911	0.56753	0.42265	0.29615	0.18753	0.15057	0.092302	0.0078706	-0.070755	-0.10236	15.539
939.64	-0.29281	-0.32959	-0.34746	-0.47325	-0.55723	-0.6214	-0.802	-1.1063	-1.6401	-2.636	-3.8898	-4.9896	-7.56	-9.1835	-7.1501	-4.539	-1.9571	0.23796	0.65726	0.88567	0.75987	0.57783	0.41416	0.29011	0.19721	0.13604	0.080388	0.025012	-0.083781	-0.12201	15.802
936.98	-0.35828	-0.37458	-0.4065	-0.477	-0.67064	-0.72303	-0.959	-1.2525	-1.505	-2.334	-3.3934	-4.3171	-6.6942	-8.1607	-6.3078	-4.0323	-1.6283	0.31748	0.69436	0.88137	0.75716	0.57356	0.4057	0.28685	0.1909	0.13483	0.071141	0.014614	-0.094696	-0.14773	16.104
933.15	-0.4363	-0.51505	-0.58386	-0.69273	-0.93328	-1.0233	-1.1716	-1.1599	-1.4636	-1.8861	-2.5792	-3.4665	-5.2995	-6.2578	-4.9107	-3.0483	-1.1366	0.46304	0.77188	0.85249	0.74155	0.55304	0.38478	0.27735	0.17099	0.12735	0.061126	-0.018367	-0.13219	-0.19611	16.32
930.16	-0.54371	-0.61404	-0.67386	-0.72489	-0.86541	-0.95953	-1.0699	-1.0105	-1.2774	-1.4332	-2.0398	-2.6493	-3.7749	-4.6279	-3.7648	-2.1744	-0.65925	0.59249	0.81536	0.85007	0.70311	0.51571	0.34717	0.23541	0.13386	0.076996	0.015987	-0.077184	-0.2443	-0.29499	16.564
926.97	-0.53805	-0.71538	-0.85883	-0.96369	-0.93311	-0.90971	-1.1646	-1.0999	-1.3305	-1.4729	-1.6437	-1.6815	-2.3891	-2.7598	-2.3187	-1.3382	-0.13754	0.73975	0.87515	0.81598	0.64082	0.45607	0.29802	0.19077	0.094969	0.023092	-0.040623	-0.15078	-0.29579	-0.35131	16.739
932.83	-0.64538	-0.69303	-0.78938	-0.91245	-0.8566	-0.86968	-0.91765	-0.92545	-0.97716	-1.1182	-1.2784	-1.3473	-1.6709	-1.5997	-1.4818	-0.54271	0.25014	0.83806	0.90268	0.7467	0.57411	0.38879	0.23159	0.12633	0.026133	-0.039721	-0.098263	-0.1994	-0.35415	-0.41362	16.92
936.44	-0.64371	-0.654	-0.77978	-0.82533	-0.85509	-0.84616	-0.92642	-0.92678	-0.97338	-1.0451	-1.0921	-1.2149	-1.3061	-1.1091	-1.2295	-0.29349	0.38908	0.87076	0.90389	0.74126	0.54919	0.36533	0.22828	0.10293	0.0084638	-0.055575	-0.12079	-0.20686	-0.36346	-0.43186	17.07
926.54	-0.72852	-0.80795	-0.82781	-0.81546	-0.80404	-0.83483	-0.77986	-0.80356	-0.87199	-1.0563	-0.81966	-0.9278	-1.0731	-1.1373	-1.1803	-0.16743	0.49907	0.90221	0.90246	0.69578	0.51162	0.33936	0.19173	0.080884	-0.023868	-0.086096	-0.14524	-0.25521	-0.4612	-0.51907	17.202
926.33	-0.7178	-0.76435	-0.83544	-0.85628	-0.83524	-0.79337	-0.81118	-0.80458	-0.76917	-0.96086	-0.61819	-0.75651	-0.91691	-0.86822	-0.81555	-0.021014	0.57775	0.8971	0.91138	0.68043	0.50354	0.32493	0.16739	0.063534	-0.035455	-0.098251	-0.15965	-0.26737	-0.44303	-0.49192	17.372
928.67	-0.58639	-0.67819	-0.73764	-0.85574	-0.88955	-0.86031	-0.82312	-0.81575	-0.77599	-0.68955	-0.5892	-0.82302	-0.88175	-0.97187	-0.7691	0.09936	0.60847	0.90721	0.89644	0.69676	0.49491	0.32241	0.18399	0.0576	-0.020732	-0.086706	-0.14889	-0.24406	-0.39716	-0.42747	17.445
923.78	-0.72146	-0.72883	-0.75565	-0.7462	-0.73053	-0.76269	-0.76893	-0.77694	-0.73927	-0.72807	-0.70264	-0.75	-0.8534	-0.87062	-0.75531	0.16898	0.63077	0.93068	0.91232	0.68318	0.49671	0.31299	0.16704	0.05044	-0.048715	-0.099335	-0.17611	-0.27342	-0.42593	-0.47156	17.51
926.12	-0.66598	-0.73715	-0.8042	-0.86948	-0.80715	-0.76165	-0.76231	-0.7543	-0.72941	-0.89149	-0.65501	-0.79099	-0.76887	-0.73781	-0.66436	0.17718	0.64489	0.9301	0.90684	0.69265	0.49628	0.30964	0.17068	0.051967	-0.04782	-0.099084	-0.17566	-0.26289	-0.41654	-0.46877	17.594
917.81	-0.66355	-0.70989	-0.70714	-0.71086	-0.69017	-0.67106	-0.69141	-0.68183	-0.6546	-0.60993	-0.68869	-0.72025	-0.55146	-0.90923	-0.49963	0.20487	0.68746	0.94031	0.90786	0.68327	0.48174	0.28659	0.15993	0.053272	-0.044357	-0.1057	-0.17322	-0.27214	-0.45385	-0.48515	17.696
921.86	-0.63452	-0.67378	-0.71982	-0.69549	-0.66514	-0.65565	-0.64847	-0.6564	-0.63968	-0.67717	-0.55673	-0.69125	-0.80553	-0.79863	-0.56006	0.22127	0.71103	0.92015	0.90546	0.66555	0.45903	0.29563	0.14453	0.043066	-0.048818	-0.11011	-0.17246	-0.27779	-0.43683	-0.47738	17.636
921.11	-0.64684	-0.66725	-0.70543	-0.67562	-0.66476	-0.6633	-0.65213	-0.66275	-0.64422	-0.62524	-0.70467	-0.55382	-0.67368	-0.7172	-0.59633	0.36874	0.71077	0.9209	0.90301	0.67562	0.47672	0.30703	0.15363	0.058073	-0.046527	-0.11101	-0.16939	-0.26052	-0.42298	-0.48744	17.619
909.07	-0.61697	-0.68086	-0.69876	-0.70362	-0.69215	-0.68112	-0.62903	-0.66057	-0.63403	-0.68669	-0.62993	-0.64853	-0.72457	-0.81817	-0.54979	0.16295	0.70923	0.92316	0.90125	0.68106	0.47384	0.29805	0.14656	0.049571	-0.039276	-0.10671	-0.18465	-0.27399	-0.41927	-0.48082	17.681
910.57	-0.63301	-0.68134	-0.69341	-0.6942	-0.67339	-0.66919	-0.63196	-0.64182	-0.64356	-0.79173	-0.58227	-0.76089	-0.65636	-0.71721	-0.7391	0.28537	0.7005	0.92976	0.90863	0.67556	0.48641	0.29061	0.13805	0.046965	-0.058064	-0.099952	-0.16891	-0.26584	-0.41351	-0.47432	17.645
908.43	-0.6704	-0.69251	-0.67564	-0.69168	-0.67404	-0.68702	-0.68664	-0.66694	-0.62796	-0.64283	-0.63037	-0.67523	-0.70828	-0.73553	-0.46847	0.14547	0.71311	0.94188	0.90108	0.66221	0.46331	0.28955	0.14086	0.038642	-0.061349	-0.12081	-0.19292	-0.28112	-0.44159	-0.4967	17.63
913.66	-0.58838	-0.618	-0.67765	-0.67208	-0.63782	-0.65704	-0.64167	-0.63294	-0.65353	-0.60389	-0.55242	-0.69745	-0.6625	-0.89682	-0.56509	0.31061	0.72832	0.93021	0.916	0.65493	0.46315	0.28703	0.1277	0.040097	-0.060999	-0.11684	-0.16834	-0.26034	-0.3978	-0.44019	17.487
908.22	-0.65174	-0.68071	-0.70701	-0.63549	-0.61931	-0.6212	-0.65424	-0.6536	-0.633	-0.68733	-0.67727	-0.74535	-0.59087	-0.88553	-0.53213	0.40913	0.75376	0.93397	0.90533	0.63601	0.46509	0.28004	0.12681	0.030216	-0.066876	-0.12084	-0.17831	-0.26807	-0.41119	-0.46164	17.282
898.31	-0.58893	-0.63904	-0.6355	-0.63496	-0.61203	-0.59882	-0.61329	-0.59941	-0.58728	-0.70388	-0.3728	-0.57673	-0.62287	-0.82798	-0.48293	0.44918	0.75867	0.9324	0.90144	0.63858	0.44993	0.26817	0.12485	0.028844	-0.061245	-0.113	-0.18686	-0.26947	-0.41145	-0.46508	17.049
909.82	-0.54478	-0.59433	-0.63083	-0.617	-0.61264	-0.62733	-0.59047	-0.59856	-0.58798	-0.57989	-0.57341	-0.65673	-0.60661	-0.91721	-0.4587	0.32068	0.7457	0.92692	0.88519	0.63752	0.44674	0.26738	0.12079	0.024268	-0.053393	-0.10251	-0.16173	-0.24681	-0.37664	-0.41428	16.854
900.33	-0.56173	-0.58048	-0.60088	-0.60845	-0.5825	-0.59291	-0.57105	-0.57849	-0.5687	-0.61283	-0.63604	-0.7607	-0.64688	-0.90168	-0.4452	0.32408	0.76717	0.93121	0.88393	0.63803	0.45904	0.26757	0.13962	0.037289	-0.04919	-0.10858	-0.16672	-0.25096	-0.40283	-0.41947	16.618
903.96	-0.59813	-0.63825	-0.61712	-0.60101	-0.61568	-0.63231	-0.63339	-0.61431	-0.61553	-0.60147	-0.51137	-0.78401	-0.59366	-0.95663	-0.37043	0.39338	0.7641	0.94019	0.89012	0.62488	0.43536	0.25425	0.13157	0.017646	-0.052157	-0.10649	-0.17015	-0.24996	-0.39355	-0.42601	16.389
896.39	-0.67594	-0.62586	-0.66079	-0.6296	-0.61146	-0.63124	-0.68058	-0.65796	-0.65126	-0.75931	-0.61042	-0.87925	-0.76035	-0.87192	-0.52996	0.26317	0.74405	0.92432	0.87309	0.61413	0.43226	0.25727	0.11924	0.03147	-0.054992	-0.10237	-0.16993	-0.24503	-0.3797	-0.44701	16.179
901.29	-0.54907	-0.59996	-0.60959	-0.6529	-0.67938	-0.73436	-0.70328	-0.72408	-0.72652	-0.72836	-0.63536	-0.75108	-0.79004	-1.0266	-0.5637	0.2706	0.71026	0.93933	0.89926	0.66303	0.4594	0.28658	0.13613	0.046599	-0.02771	-0.087677	-0.12715	-0.20094	-0.3358	-0.37121	15.904
896.71	-0.58305	-0.61029	-0.68362	-0.75109	-0.80347	-0.79029	-0.6924	-0.72009	-0.77396	-0.76802	-0.97953	-0.91439	-0.9387	-1.0655	-0.80571	0.19188	0.69167	0.92765	0.89241	0.64417	0.45751	0.28893	0.1469	0.040003	-0.033437	-0.078932	-0.11872	-0.22307	-0.34868	-0.41454	15.659
896.71	-0.49646	-0.55052	-0.60075	-0.74522	-0.7931	-0.77656	-0.6731	-0.75939	-0.71043	-0.8309	-0.75226	-0.76377	-0.99824	-1.1836	-0.59416	0.19188	0.69595	0.91484	0.89159	0.64951	0.44735	0.28364	0.15026	0.054526	-0.025461	-0.080602	-0.12037	-0.19259	-0.29547	-0.33002	15.285
892.87	-0.5299	-0.61616	-0.73547	-0.70964	-0.73784	-0.7514	-0.71961	-0.75407	-0.76651	-0.77132	-0.55576	-0.90941	-1.1307	-1.1294	-0.77223	0.18378	0.66976	0.91693	0.89625	0.64247	0.46118	0.28309	0.14416	0.058192	-0.026369	-0.057446	-0.12006	-0.17694	-0.3088	-0.34226	14.96
896.17	-0.52621	-0.55408	-0.56948	-0.64739	-0.6776	-0.72023	-0.80468	-0.80686	-0.73974	-0.83139	-0.55371	-0.7731	-1.0584	-0.99868	-0.78779	0.31666	0.66644	0.91904	0.88639	0.63921	0.46371	0.2741	0.13271	0.043444	-0.01909	-0.058908	-0.10476	-0.18176	-0.30938	-0.35841	14.648
892.02	-0.49559	-0.56966	-0.55324	-0.62003	-0.68076	-0.78708	-0.77528	-0.90939	-0.84189	-0.92557	-0.98468	-0.89248	-1.1232	-1.2322	-0.81921	0.20183	0.6163	0.93253	0.89711	0.66277	0.46247	0.28956	0.15527	0.053096	-0.0071517	-0.053301	-0.095294	-0.1559	-0.27373	-0.3126	14.293
897.99	-0.47327	-0.52877	-0.56918	-0.62513	-0.65083	-0.74254	-0.78619	-0.7839	-0.75802	-0.72208	-0.91194	-0.99269	-1.2092	-1.3334	-0.9607	0.11162	0.59684	0.89982	0.88869	0.65392	0.46278	0.28499	0.14921	0.062128	0.0040469	-0.0446	-0.082303	-0.15408	-0.26677	-0.30556	13.864
882.63	-0.42872	-0.45099	-0.51138	-0.61895	-0.73587	-0.83172	-0.8824	-0.92514	-0.79804	-0.59776	-0.70653	-0.88397	-1.1092	-1.0397	-0.81856	0.27633	0.66799	0.91362	0.89917	0.64089	0.4476	0.2801	0.15436	0.06234	0.00736	-0.044528	-0.082897	-0.14565	-0.26008	-0.27973	13.489
893.4	-0.39052	-0.40745	-0.46834	-0.57947	-0.65795	-0.69399	-0.73936	-0.75105	-0.68987	-0.9692	-0.94512	-1.1223	-1.369	-1.3826	-0.9841	0.022883	0.62135	0.91087	0.88258	0.63673	0.449	0.2838	0.14576	0.069305	0.0056679	-0.012952	-0.062851	-0.11565	-0.20526	-0.23893	13.05
887.22	-0.33549	-0.40294	-0.4647	-0.52242	-0.5673	-0.6831	-0.69737	-0.74938	-0.92649	-1.0668	-1.3345	-1.2912	-1.8858	-2.0058	-1.2884	-0.11189	0.51515	0.90057	0.88377	0.66186	0.46925	0.30539	0.16459	0.08965	0.025057	-0.016421	-0.041608	-0.097506	-0.15118	-0.19035	12.687
895.75	-0.16413	-0.20748	-0.35935	-0.51828	-0.54397	-0.54647	-0.80345	-0.99711	-1.0886	-1.4253	-1.8148	-2.1037	-2.7534	-2.8476	-2.1325	-0.52066	0.32636	0.87733	0.89337	0.68673	0.49191	0.32366	0.18655	0.11445	0.055958	0.028917	8.4512e-005	-0.026173	-0.074138	-0.093979	12.22
890.95	-0.20771	-0.26468	-0.29766	-0.41716	-0.60191	-0.73828	-0.77702	-0.95089	-1.3021	-1.4691	-1.7864	-2.2131	-2.9223	-3.3466	-2.2087	-0.62199	0.24213	0.85165	0.89242	0.69491	0.50735	0.32541	0.18841	0.12625	0.066696	0.040009	0.00091329	-0.034178	-0.088359	-0.10449	11.746
892.23	-0.16129	-0.21154	-0.25086	-0.41994	-0.37849	-0.52378	-0.73953	-0.85164	-1.0598	-1.5663	-2.2883	-2.842	-3.6875	-4.1637	-2.5753	-1.0146	0.12414	0.83571	0.88456	0.70823	0.50321	0.33646	0.19151	0.11233	0.057783	0.035749	0.00091356	-0.022349	-0.072706	-0.074364	11.311
897.77	-0.032293	-0.099712	-0.13411	-0.25301	-0.34415	-0.53883	-0.77352	-1.0085	-1.2691	-1.8527	-2.5673	-3.0103	-3.8091	-4.458	-2.8901	-1.0884	0.1046	0.83878	0.88155	0.71185	0.50602	0.35112	0.20793	0.13041	0.082123	0.040539	0.031398	0.0097884	-0.0053982	-0.012661	10.851
891.06	0.003191	-0.049255	-0.15404	-0.27181	-0.39321	-0.53184	-0.73564	-1.0032	-1.3227	-1.9571	-2.7392	-3.2024	-4.0775	-4.9243	-3.0878	-1.0966	0.039189	0.84787	0.88408	0.72617	0.50728	0.32892	0.20021	0.10302	0.063479	0.045049	0.025823	0.039745	0.012695	0.015593	10.371
898.2	0.042931	-0.015803	-0.13319	-0.29563	-0.40702	-0.53766	-0.75549	-1.0072	-1.3146	-2.0133	-2.4621	-3.2211	-3.9686	-4.4138	-2.8612	-0.8835	0.14379	0.84752	0.87949	0.67864	0.48972	0.30782	0.18772	0.10135	0.056603	0.041354	0.031383	0.035529	0.030586	0.037805	9.9134
891.7	0.029312	-0.032163	-0.14705	-0.302	-0.41947	-0.53974	-0.75857	-1.0059	-1.2886	-1.8473	-2.3563	-3.298	-3.6298	-4.2764	-2.4659	-0.72885	0.24278	0.87395	0.86781	0.66211	0.45412	0.27991	0.15786	0.077171	0.051401	0.038294	0.010871	0.035788	0.032536	0.047245	9.4045
909.61	0.030442	-0.014807	-0.13321	-0.28364	-0.39727	-0.50746	-0.69606	-0.98782	-1.2339	-1.9526	-2.4033	-2.9799	-3.4829	-3.9595	-2.2994	-0.63553	0.31212	0.84682	0.84266	0.61661	0.41512	0.26049	0.12992	0.059648	0.017364	0.020237	0.013094	0.017365	0.023435	0.053668	8.9438
897.99	0.028241	-0.032744	-0.15626	-0.29737	-0.42217	-0.53779	-0.70266	-0.95794	-1.179	-1.7716	-2.0845	-2.8769	-3.4345	-3.4045	-1.971	-0.27051	0.47399	0.85229	0.84785	0.59526	0.38413	0.21367	0.10227	0.05786	0.010418	-0.0028697	0.00090613	-0.0003584	0.033166	0.040295	8.4571
907.9	0.021946	-0.029993	-0.15371	-0.2734	-0.38313	-0.50841	-0.68943	-0.90276	-1.1507	-1.6635	-2.1365	-2.4867	-3.0022	-3.1342	-1.7496	-0.17087	0.53379	0.85745	0.83859	0.54569	0.35318	0.17215	0.067985	0.020946	-0.018054	-0.016047	-0.01051	-0.023509	0.039584	0.036582	7.9673
906.94	0.020258	-0.034018	-0.14965	-0.27452	-0.40403	-0.52614	-0.68538	-0.88766	-1.1266	-1.7718	-2.0171	-2.6032	-2.7614	-2.8708	-1.3786	-0.047863	0.62389	0.85745	0.79418	0.50227	0.31336	0.1453	0.058099	0.0015391	-0.02596	-0.032591	-0.029283	-0.015034	0.010777	0.045632	7.4894
914.72	0.017539	-0.024228	-0.14	-0.26313	-0.37565	-0.49206	-0.63619	-0.84494	-1.041	-1.5895	-2.0371	-2.1903	-2.5462	-2.5157	-1.0874	0.12703	0.71323	0.85644	0.78021	0.47096	0.26088	0.11986	0.0049376	-0.026113	-0.035905	-0.035591	-0.029034	-0.013375	0.034241	0.037934	6.9598
916.21	0.023441	-0.050275	-0.14145	-0.26681	-0.36674	-0.46617	-0.62019	-0.8235	-1.0046	-1.3759	-1.7557	-2.1	-2.3006	-2.2311	-0.98661	0.33586	0.75555	0.83713	0.73011	0.40835	0.21985	0.073064	0.0008224	-0.051157	-0.067073	-0.060073	-0.049175	-0.02559	0.019066	0.020841	6.4588
917.7	0.020019	-0.038354	-0.15457	-0.25407	-0.36983	-0.46005	-0.57832	-0.78042	-0.94892	-1.2683	-1.6326	-1.785	-1.9811	-1.865	-0.70638	0.48316	0.82278	0.79641	0.68016	0.35638	0.16488	0.043651	-0.031168	-0.060255	-0.070862	-0.064058	-0.050706	-0.036237	0.012327	0.022429	5.9879
920.47	0.021646	-0.028011	-0.15827	-0.26231	-0.36137	-0.45599	-0.57345	-0.73396	-0.89061	-1.317	-1.3048	-1.6243	-1.7679	-1.5883	-0.31898	0.66375	0.82862	0.75656	0.61437	0.30416	0.12314	-0.004587	-0.063785	-0.093368	-0.097069	-0.082593	-0.069843	-0.041456	-0.005265	0.037697	5.4698
926.86	0.031549	-0.042664	-0.15305	-0.24019	-0.34247	-0.41299	-0.54381	-0.70079	-0.8262	-1.1776	-1.2958	-1.6217	-1.6405	-1.2593	-0.20999	0.68501	0.83118	0.71149	0.56186	0.22973	0.068215	-0.037826	-0.092581	-0.11835	-0.10334	-0.10143	-0.090114	-0.054024	0.0088841	0.046255	4.9894
927.72	0.025663	-0.040282	-0.12813	-0.24078	-0.32758	-0.40376	-0.52077	-0.66629	-0.76723	-1.0549	-1.1573	-1.4575	-1.4828	-1.0299	-0.076446	0.64138	0.84032	0.6781	0.50204	0.18737	0.028862	-0.082964	-0.12414	-0.13393	-0.12175	-0.11103	-0.097209	-0.060015	0.016344	0.036601	4.4649
930.27	0.030601	-0.03083	-0.13519	-0.20533	-0.32033	-0.37089	-0.49685	-0.62411	-0.73808	-1.1126	-1.1815	-1.2571	-1.0934	-0.66137	0.14541	0.78545	0.83884	0.60742	0.42418	0.11223	-0.021827	-0.12183	-0.14484	-0.15827	-0.14987	-0.13409	-0.1033	-0.038009	0.018777	0.038897	4.0267
933.04	0.042993	-0.022975	-0.13807	-0.2144	-0.29492	-0.37507	-0.47451	-0.62144	-0.74699	-0.85034	-0.97779	-1.2193	-0.95937	-0.60269	0.30408	0.88577	0.81911	0.54491	0.3671	0.065704	-0.077104	-0.15453	-0.17103	-0.18736	-0.16322	-0.14092	-0.091896	-0.067935	0.021198	0.053912	3.5549
933.36	0.027171	-0.018313	-0.11833	-0.19659	-0.28396	-0.35383	-0.44576	-0.58182	-0.68649	-0.87595	-0.62263	-0.87847	-0.89367	-0.38378	0.40118	0.91966	0.80651	0.47525	0.2986	0.022932	-0.11206	-0.18412	-0.21049	-0.20125	-0.17006	-0.15452	-0.12198	-0.063407	0.003875	0.032399	3.0966
939.74	0.022028	-0.0336	-0.1216	-0.20807	-0.27843	-0.33483	-0.42277	-0.56646	-0.61019	-0.72428	-0.78106	-0.88096	-0.64411	-0.23636	0.53013	0.98134	0.7725	0.4135	0.21852	-0.041764	-0.14847	-0.22915	-0.23069	-0.23167	-0.18945	-0.16783	-0.13375	-0.071923	-0.0076155	0.037714	2.6549
938.57	0.030329	-0.038274	-0.11277	-0.17464	-0.28688	-0.33263	-0.42253	-0.53288	-0.56051	-0.77668	-0.67347	-0.69585	-0.56364	0.021105	0.45168	0.82952	0.69755	0.32306	0.12814	-0.11069	-0.21257	-0.25555	-0.26947	-0.22951	-0.18588	-0.17043	-0.12288	-0.080971	0.0063134	0.038553	2.2495
941.98	0.026922	-0.018145	-0.10586	-0.17481	-0.25355	-0.32184	-0.37736	-0.54559	-0.54984	-0.65416	-0.75216	-0.57528	-0.26203	0.10933	0.64266	0.69945	0.65518	0.25392	0.060707	-0.15095	-0.25372	-0.28737	-0.29087	-0.2604	-0.22014	-0.19528	-0.1083	-0.072497	0.0022066	0.043146	1.8075
940.7	0.035213	-0.014319	-0.097044	-0.17185	-0.24042	-0.28563	-0.36867	-0.46245	-0.51205	-0.55228	-0.51848	-0.6014	-0.25426	0.13359	0.69616	0.87006	0.62105	0.20715	-3.0105e-005	-0.20969	-0.28716	-0.3281	-0.30727	-0.27704	-0.23412	-0.18359	-0.13204	-0.083768	-0.0043358	0.050312	1.4201
945.7	0.017785	-0.0065851	-0.10544	-0.16616	-0.24809	-0.28412	-0.38045	-0.45028	-0.47414	-0.5664	-0.4529	-0.41341	-0.067414	0.30075	0.70118	0.71357	0.51326	0.079333	-0.10319	-0.27271	-0.33944	-0.35814	-0.34146	-0.30231	-0.17162	-0.19134	-0.14073	-0.091477	0.01359	0.038262	1.0098
945.38	0.027648	-0.01195	-0.10061	-0.17657	-0.22046	-0.24688	-0.3371	-0.42045	-0.43439	-0.51547	-0.39914	-0.35475	-0.091643	0.34885	0.78866	0.70537	0.45509	0.0081619	-0.17849	-0.33612	-0.38615	-0.38252	-0.36785	-0.31943	-0.25793	-0.21915	-0.14782	-0.09299	0.016035	0.035131	0.65715
945.28	0.024364	-0.018846	-0.097384	-0.14951	-0.21065	-0.24951	-0.33484	-0.39943	-0.418	-0.43883	-0.39021	-0.30437	-0.06746	0.45287	0.76259	0.62946	0.38787	-0.056093	-0.24291	-0.38343	-0.42475	-0.42438	-0.38302	-0.33892	-0.25266	-0.21838	-0.16584	-0.091518	0.0013837	0.039852	0.32722
947.83	0.035769	-0.017268	-0.10197	-0.14752	-0.21454	-0.24278	-0.3172	-0.36036	-0.38254	-0.50565	-0.16517	-0.17784	0.13391	0.43569	0.76052	0.54357	0.24134	-0.18498	-0.35756	-0.45397	-0.45966	-0.44076	-0.38596	-0.34609	-0.26632	-0.22965	-0.16071	-0.094227	-0.0067375	0.034256	-0.0012569
952.19	0.031527	-0.0012144	-0.089437	-0.14685	-0.19848	-0.2477	-0.28697	-0.35469	-0.33494	-0.37643	-0.32495	-0.23541	0.15733	0.62425	0.80037	0.48241	0.14368	-0.27551	-0.43912	-0.5181	-0.52294	-0.4869	-0.4253	-0.35738	-0.24557	-0.25064	-0.16541	-0.1041	0.0046077	0.033321	-0.31003
951.87	0.047852	-0.0073029	-0.07015	-0.1461	-0.20298	-0.24347	-0.29388	-0.34354	-0.33661	-0.41888	-0.15557	-0.093631	0.24552	0.69594	0.8266	0.46582	0.089001	-0.32131	-0.50015	-0.55097	-0.55982	-0.50368	-0.43256	-0.37279	-0.2727	-0.23261	-0.16158	-0.088676	0.011076	0.04504	-0.61126
952.19	0.038048	-0.023275	-0.097482	-0.1255	-0.17984	-0.24167	-0.26652	-0.31124	-0.30231	-0.40181	-0.16445	0.023193	0.37361	0.6719	0.81768	0.46566	0.033453	-0.38585	-0.54235	-0.58515	-0.57399	-0.53424	-0.4672	-0.38232	-0.27411	-0.25694	-0.20271	-0.12323	-0.019638	0.036442	-0.87755
954.1	0.042043	-0.0012119	-0.073197	-0.11263	-0.18214	-0.20763	-0.25162	-0.29536	-0.27457	-0.23215	-0.2264	0.081426	0.47677	0.72602	0.69502	0.33927	-0.076619	-0.47369	-0.64121	-0.65172	-0.60467	-0.55388	-0.48283	-0.38798	-0.28856	-0.25878	-0.17439	-0.098016	0.012664	0.037145	-1.1424
953.79	0.023333	-0.023236	-0.08045	-0.12845	-0.16714	-0.2077	-0.24565	-0.2802	-0.25759	-0.35048	-0.039521	0.023154	0.49294	0.7421	0.76443	0.38121	-0.15697	-0.53323	-0.68449	-0.6829	-0.63592	-0.57231	-0.48141	-0.39212	-0.32165	-0.26908	-0.19384	-0.11127	-0.00024136	0.022357	-1.3676
958.04	0.021608	-0.011792	-0.057704	-0.12474	-0.1761	-0.2102	-0.24306	-0.27656	-0.2356	-0.13872	-0.11025	0.064518	0.44298	0.77037	0.83852	0.23792	-0.24183	-0.61654	-0.76567	-0.71652	-0.68145	-0.60608	-0.51542	-0.41437	-0.31499	-0.2718	-0.19297	-0.11663	-0.017913	0.037769	-1.5808
955.91	0.043588	-0.0057575	-0.06825	-0.11793	-0.16146	-0.20294	-0.22851	-0.26034	-0.22839	-0.19801	0.013869	0.17269	0.47587	0.84327	0.71097	0.1633	-0.32332	-0.68146	-0.81802	-0.75234	-0.6925	-0.62232	-0.53074	-0.4201	-0.30971	-0.26456	-0.19882	-0.11542	0.007005	0.040185	-1.7772
961.12	0.049814	-0.026071	-0.063895	-0.12355	-0.16234	-0.18135	-0.21301	-0.24139	-0.20252	-0.20533	0.013794	0.22961	0.52884	0.8387	0.74142	0.17072	-0.41562	-0.7495	-0.87921	-0.79144	-0.7156	-0.63622	-0.54117	-0.43217	-0.32217	-0.28262	-0.20698	-0.12136	-0.00023952	0.033011	-1.9599
959.95	0.035317	-0.0072414	-0.075945	-0.12214	-0.16254	-0.18157	-0.20501	-0.23929	-0.18272	-0.29788	0.13765	0.17195	0.36265	0.89485	0.62204	0.11272	-0.4704	-0.81882	-0.90627	-0.82649	-0.74258	-0.65594	-0.56065	-0.4319	-0.34119	-0.28296	-0.21186	-0.11348	0.0013641	0.024536	-2.0756
960.17	0.032881	-0.019309	-0.059173	-0.10486	-0.16515	-0.17811	-0.20045	-0.22248	-0.18808	-0.25587	0.040341	0.24638	0.51349	0.80016	0.75076	0.079456	-0.51977	-0.84942	-0.96031	-0.84708	-0.76219	-0.66403	-0.54093	-0.45973	-0.34111	-0.29149	-0.19486	-0.1244	-0.0090555	0.049293	-2.2203
959.95	0.028845	-0.0072414	-0.061579	-0.10802	-0.1467	-0.17472	-0.20275	-0.21455	-0.18581	-0.13005	-0.021586	0.29607	0.62482	0.92634	0.74232	0.029606	-0.53664	-0.87098	-0.98955	-0.86972	-0.79795	-0.67489	-0.55281	-0.45903	-0.32405	-0.29389	-0.208	-0.10764	-0.020279	0.039241	-2.3559
958.46	0.039422	-0.010275	-0.062473	-0.10819	-0.13723	-0.18014	-0.20006	-0.21728	-0.16834	-0.088243	-0.0038934	0.32968	0.60193	0.74635	0.72628	-0.095252	-0.57744	-0.89803	-1.011	-0.8644	-0.7881	-0.68831	-0.57252	-0.46215	-0.33948	-0.29044	-0.21141	-0.13193	-0.0066628	0.039304	-2.4031
964.52	0.020658	-0.0087109	-0.04699	-0.12156	-0.12498	-0.16539	-0.19356	-0.19845	-0.17342	-0.12944	0.11058	0.17938	0.71678	0.67112	0.75592	0.021196	-0.58017	-0.88217	-1.0084	-0.87966	-0.79968	-0.67661	-0.57126	-0.47036	-0.34106	-0.29561	-0.22082	-0.12238	-0.012204	0.031352	-2.4717
961.23	0.029614	0.0078381	-0.059902	-0.10944	-0.12716	-0.16937	-0.18673	-0.19992	-0.15708	-0.11311	0.07563	0.17174	0.58434	0.83859	0.72419	-0.094962	-0.64273	-0.94497	-1.0531	-0.88433	-0.81111	-0.71677	-0.57166	-0.45603	-0.34818	-0.30052	-0.21312	-0.12207	-0.0018413	0.036871	-2.5189
965.37	0.035921	-0.010951	-0.0406	-0.11209	-0.13362	-0.16609	-0.18518	-0.19748	-0.16101	-0.12098	0.13688	0.2862	0.64505	0.88199	0.65272	-0.036688	-0.63044	-0.92901	-1.0425	-0.88963	-0.81786	-0.70059	-0.56296	-0.46042	-0.33186	-0.29302	-0.21986	-0.12881	-0.0090067	0.04287	-2.5234
963.25	0.039226	-0.011728	-0.057392	-0.11547	-0.14269	-0.16646	-0.18633	-0.20109	-0.1652	-0.087804	-0.030306	0.26209	0.64647	0.83685	0.79118	-0.086483	-0.63184	-0.94043	-1.044	-0.88414	-0.81178	-0.68571	-0.56108	-0.47735	-0.34893	-0.29522	-0.20422	-0.11891	-0.0042328	0.039107	-2.5219
964.84	0.034332	-0.013211	-0.082706	-0.10435	-0.14508	-0.17384	-0.195	-0.21664	-0.15343	-0.15444	0.19856	0.26166	0.54263	0.79627	0.5847	0.046004	-0.64667	-0.97631	-1.0537	-0.90666	-0.79391	-0.7108	-0.55859	-0.4583	-0.35281	-0.3025	-0.22075	-0.1267	-0.024166	0.017482	-2.4732
963.35	0.018265	-0.0019531	-0.063747	-0.099826	-0.13039	-0.15536	-0.18107	-0.20028	-0.1506	-0.14632	0.15478	0.23732	0.7018	0.77397	0.63697	-0.086473	-0.69379	-0.98208	-1.0843	-0.90061	-0.80144	-0.69385	-0.56493	-0.45741	-0.34147	-0.30453	-0.22186	-0.1269	-0.0066289	0.027536	-2.4991
963.78	0.029537	-0.026752	-0.06054	-0.10915	-0.15137	-0.16466	-0.19895	-0.20496	-0.15667	-0.13789	0.0049505	0.196	0.65401	0.68734	0.67092	-0.020198	-0.65454	-0.93821	-1.0564	-0.8911	-0.80109	-0.69108	-0.55687	-0.46119	-0.33835	-0.29895	-0.20718	-0.12248	-0.0098211	0.039857	-2.4899
966.33	0.034279	-0.01094	-0.06038	-0.10419	-0.13261	-0.17442	-0.19768	-0.22027	-0.17846	-0.28758	0.12794	0.17082	0.49442	0.84199	0.54966	-0.077953	-0.54895	-0.87712	-0.96784	-0.85654	-0.7809	-0.66143	-0.55773	-0.44332	-0.34116	-0.28808	-0.19591	-0.10693	0.015687	0.0336	-2.3985
963.14	0.046485	-0.0027051	-0.068534	-0.10454	-0.14972	-0.16989	-0.21256	-0.23293	-0.19902	-0.14636	-0.012686	0.14665	0.4723	0.87619	0.61142	-0.01193	-0.49668	-0.81696	-0.94134	-0.83204	-0.74564	-0.6587	-0.5377	-0.45274	-0.32669	-0.28125	-0.2173	-0.11747	0.0061524	0.037569	-2.2234
966.54	0.033467	-0.0049438	-0.057196	-0.10962	-0.16318	-0.18542	-0.2148	-0.23528	-0.19526	-0.22084	0.013717	0.12148	0.44696	0.68537	0.77141	0.13673	-0.41567	-0.73596	-0.8796	-0.78617	-0.71473	-0.63184	-0.53035	-0.41944	-0.3248	-0.27406	-0.19357	-0.10473	0.0021505	0.0359	-2.0193
964.2	0.027911	-0.0087138	-0.077198	-0.1216	-0.15919	-0.19524	-0.21831	-0.26208	-0.22335	-0.30491	0.022552	0.15473	0.47178	0.85953	0.66208	0.20328	-0.34358	-0.70539	-0.83456	-0.76408	-0.71883	-0.61779	-0.50822	-0.40934	-0.34043	-0.28249	-0.19941	-0.094081	0.0013566	0.020576	-1.8183
964.74	0.028702	-0.01021	-0.067627	-0.12231	-0.18626	-0.20364	-0.22492	-0.25558	-0.23933	-0.16282	-0.0038513	0.18757	0.55849	0.67098	0.80705	0.24452	-0.26001	-0.63609	-0.79077	-0.7314	-0.6775	-0.60433	-0.50794	-0.41308	-0.31207	-0.26991	-0.1809	-0.10202	-0.0042278	0.035198	-1.6356
967.92	0.033419	-0.005686	-0.066612	-0.1118	-0.19525	-0.21145	-0.25026	-0.28402	-0.25842	-0.29542	-0.012623	0.063859	0.39116	0.6922	0.67658	0.22724	-0.14913	-0.53901	-0.70859	-0.68529	-0.63291	-0.56967	-0.4946	-0.41726	-0.31399	-0.25818	-0.2017	-0.10965	-0.0073937	0.03201	-1.4346
966.76	0.027838	-0.015433	-0.084919	-0.13373	-0.17451	-0.2168	-0.26623	-0.30972	-0.28398	-0.31243	-0.11803	-0.034673	0.47053	0.77907	0.72857	0.39261	-0.053426	-0.47513	-0.62826	-0.63164	-0.59597	-0.55563	-0.52712	-0.36784	-0.2944	-0.25074	-0.20271	-0.096733	-0.0010337	0.040501	-1.1378
967.92	0.033419	-0.037861	-0.069778	-0.1258	-0.18215	-0.22587	-0.28081	-0.31647	-0.30198	-0.36199	-0.31967	-0.059253	0.26509	0.80937	0.82995	0.57352	0.020248	-0.38212	-0.54414	-0.58718	-0.57877	-0.52637	-0.46816	-0.35948	-0.29404	-0.25353	-0.17266	-0.1053	0.00055676	0.03201	-0.90951
967.92	0.023794	-0.01691	-0.075318	-0.1429	-0.20834	-0.20382	-0.27783	-0.33863	-0.31192	-0.42856	-0.24948	-0.051036	0.28086	0.62191	0.73621	0.41687	0.051907	-0.36601	-0.52596	-0.57151	-0.55132	-0.51412	-0.44949	-0.35948	-0.28739	-0.24037	-0.17801	-0.11978	0.0093034	0.040455	-0.63104
968.88	0.039799	-0.0086689	-0.081571	-0.14509	-0.20291	-0.2375	-0.28649	-0.35253	-0.34368	-0.41152	-0.24049	-0.026387	0.131	0.68372	0.77806	0.52354	0.16888	-0.26992	-0.42399	-0.51906	-0.51237	-0.47933	-0.41487	-0.3441	-0.26201	-0.2293	-0.16333	-0.10664	0.016442	0.052684	-0.29939
965.69	0.026261	-0.022199	-0.072319	-0.15649	-0.2202	-0.25104	-0.31507	-0.37115	-0.40227	-0.45458	-0.4523	-0.19921	0.099842	0.37281	0.8831	0.60791	0.27099	-0.14671	-0.35323	-0.44392	-0.4716	-0.45144	-0.41702	-0.35635	-0.25102	-0.2417	-0.17153	-0.085229	-0.017771	0.039009	-0.013424
970.05	0.031746	-0.012392	-0.10279	-0.16121	-0.21573	-0.2406	-0.34191	-0.40581	-0.41648	-0.55219	-0.37149	-0.26384	0.083662	0.51144	0.65809	0.67921	0.3756	-0.058047	-0.24654	-0.38927	-0.42329	-0.40947	-0.38178	-0.34053	-0.2381	-0.21589	-0.15322	-0.094958	-0.0042031	0.023514	0.31658
966.01	0.031879	-0.020691	-0.11116	-0.1502	-0.21663	-0.2756	-0.33811	-0.43447	-0.44656	-0.47945	-0.45215	-0.26494	-0.089686	0.41183	0.70354	0.81424	0.4422	-0.0090054	-0.1891	-0.34298	-0.39912	-0.40054	-0.37091	-0.30706	-0.24428	-0.20904	-0.15309	-0.089554	-0.0018322	0.02669	0.66475
966.86	0.028639	-0.024419	-0.095211	-0.17498	-0.24878	-0.2796	-0.34303	-0.43013	-0.48595	-0.62899	-0.49567	-0.33864	-0.034387	0.31763	0.79673	0.79699	0.48381	0.054674	-0.1381	-0.29563	-0.35401	-0.36093	-0.34567	-0.29728	-0.21447	-0.20498	-0.13536	-0.082951	-0.0034215	0.02513	1.0311
968.99	0.028576	-0.016891	-0.11002	-0.16528	-0.25608	-0.31118	-0.37057	-0.48058	-0.51161	-0.69411	-0.57346	-0.45268	-0.27046	0.26233	0.65029	0.83644	0.59739	0.16129	-0.034852	-0.22992	-0.30386	-0.31934	-0.30995	-0.25947	-0.22212	-0.19293	-0.12819	-0.081323	0.019618	0.048079	1.449
964.74	0.027896	-0.010208	-0.1113	-0.19331	-0.2756	-0.32361	-0.39911	-0.51446	-0.56064	-0.58862	-0.61999	-0.56171	-0.26375	0.012715	0.5762	0.69949	0.65958	0.24879	0.041787	-0.16476	-0.26269	-0.2896	-0.30273	-0.24949	-0.20086	-0.18912	-0.12492	-0.062072	-0.0066194	0.036737	1.7969
967.29	0.027822	-0.023659	-0.10546	-0.19903	-0.26876	-0.34736	-0.41968	-0.54637	-0.59511	-0.73696	-0.75004	-0.75732	-0.43652	-0.08893	0.49795	0.78015	0.72674	0.3245	0.14329	-0.10163	-0.20391	-0.2447	-0.26692	-0.24884	-0.21142	-0.177	-0.11771	-0.066255	0.012492	0.037408	2.2495
965.48	0.044765	-0.025205	-0.11201	-0.20408	-0.28151	-0.35141	-0.42869	-0.56723	-0.62458	-0.74668	-0.8394	-0.89039	-0.64273	-0.17525	0.41346	0.86427	0.76143	0.40758	0.21118	-0.050569	-0.16811	-0.2214	-0.23233	-0.21915	-0.20663	-0.14783	-0.10873	-0.043879	0.012515	0.036709	2.6853
966.44	0.027847	-0.0056948	-0.12062	-0.21244	-0.28823	-0.37315	-0.4499	-0.55874	-0.67678	-0.85429	-0.93521	-0.83197	-0.8315	-0.38629	0.40454	0.88818	0.79714	0.45899	0.28459	-0.0026262	-0.11923	-0.18846	-0.2173	-0.19198	-0.17016	-0.13683	-0.10173	-0.055435	0.016483	0.055124	3.1224
962.08	0.028781	-0.023787	-0.13072	-0.22279	-0.31588	-0.38422	-0.48418	-0.62099	-0.74828	-1.0172	-1.0189	-1.1577	-0.93041	-0.42734	0.32919	0.90051	0.82783	0.53529	0.3606	0.065382	-0.062147	-0.1515	-0.17604	-0.16577	-0.14863	-0.12498	-0.10604	-0.044034	0.013359	0.039928	3.5625
963.67	0.015841	-0.0245	-0.14243	-0.2318	-0.31624	-0.39381	-0.50209	-0.63984	-0.75933	-0.88182	-1.1229	-1.1558	-1.1901	-0.74828	0.26018	0.79964	0.84077	0.58721	0.41556	0.13069	-0.019494	-0.10695	-0.15778	-0.15278	-0.10979	-0.10378	-0.078227	-0.053413	0.0077452	0.056054	4.0191
959.85	0.040173	-0.02158	-0.12065	-0.25939	-0.32014	-0.41932	-0.54542	-0.6823	-0.81014	-1.1119	-1.1805	-1.417	-1.2345	-1.0112	0.046409	0.78619	0.82576	0.65626	0.48676	0.18027	0.027896	-0.092543	-0.12547	-0.12785	-0.12066	-0.112	-0.08933	-0.039756	0.011786	0.045439	4.4589
963.67	0.035984	-0.042536	-0.12176	-0.26617	-0.35131	-0.43044	-0.54998	-0.6931	-0.82151	-1.2245	-1.2375	-1.5762	-1.4512	-1.3288	-0.20197	0.70026	0.83679	0.72009	0.57541	0.23918	0.087672	-0.025714	-0.092951	-0.11144	-0.092716	-0.077335	-0.068247	-0.037416	0.018926	0.040631	5.0182
960.06	0.02318	-0.031381	-0.13499	-0.26482	-0.36055	-0.42009	-0.57459	-0.74599	-0.88856	-1.2291	-1.4721	-1.607	-1.6712	-1.5622	-0.35737	0.56989	0.82717	0.76812	0.61578	0.29827	0.11173	0.0079573	-0.067428	-0.082336	-0.079655	-0.085432	-0.057716	-0.036098	0.0061721	0.029177	5.4122
960.06	0.019944	-0.038171	-0.15095	-0.25541	-0.37023	-0.44488	-0.60014	-0.7795	-0.94327	-1.3718	-1.5429	-1.9462	-1.8937	-1.7276	-0.57214	0.48678	0.80324	0.80232	0.67995	0.36144	0.17105	0.044197	-0.02744	-0.063184	-0.07146	-0.069039	-0.036139	-0.014933	0.008577	0.036143	5.9288
959.21	0.024821	-0.036696	-0.15108	-0.26113	-0.38113	-0.45811	-0.64202	-0.81853	-0.99501	-1.4569	-1.677	-1.9893	-2.1895	-2.1626	-0.8392	0.47057	0.76481	0.83298	0.72491	0.39587	0.22029	0.077207	-0.0062777	-0.043273	-0.046171	-0.044098	-0.037715	-0.02152	0.02142	0.034625	6.3922
