12642	4	3	91	23.5	760	1	8	10	1.747	128	4096	10	0	0	0	0	223.61	958.93	1.4609e+006	0.11628	0.075189	40.147	0	0	1	0	0	0	11	0	0
958.1	0.023228	-0.040321	-0.15225	-0.21513	-0.29633	-0.28474	-0.44903	-0.53066	-0.59441	-0.72671	-0.60372	-0.63292	-0.34183	0.071335	0.69247	0.81961	0.6697	0.28149	0.076207	-0.12551	-0.2204	-0.24779	-0.24938	-0.2083	-0.15029	-0.14445	-0.091687	-0.060556	0.0085791	0.039676	2.8022
956.18	0.023274	-0.044946	-0.16697	-0.2313	-0.31194	-0.29562	-0.44842	-0.56297	-0.6366	-0.65234	-0.85359	-0.70896	-0.48609	-0.17363	0.62484	0.91306	0.73594	0.3679	0.16228	-0.069005	-0.16128	-0.21355	-0.22705	-0.20952	-0.16106	-0.12357	-0.072526	-0.048951	0.017449	0.036646	3.2439
953.42	0.025784	-0.041278	-0.15621	-0.22723	-0.32437	-0.31369	-0.4588	-0.61522	-0.69898	-0.77251	-0.85606	-0.88598	-0.6315	-0.25342	0.53149	0.81527	0.78789	0.44817	0.25353	-0.013962	-0.11635	-0.17851	-0.20008	-0.18039	-0.14578	-0.12629	-0.074289	-0.038068	0.017499	0.039868	3.7066
949.59	0.02507	-0.030004	-0.14474	-0.25986	-0.34347	-0.32014	-0.5085	-0.63949	-0.72906	-0.80957	-0.9847	-1.0401	-0.93124	-0.41368	0.36861	0.76813	0.82656	0.51308	0.3318	0.049854	-0.075234	-0.15091	-0.16442	-0.16821	-0.12151	-0.1047	-0.051994	-0.024941	0.0094675	0.050204	4.1859
949.38	0.011991	-0.04069	-0.15607	-0.28291	-0.34444	-0.33059	-0.53368	-0.6485	-0.78767	-0.92004	-1.0118	-1.1157	-1.0921	-0.74825	0.17758	0.89438	0.84208	0.61608	0.41763	0.12552	-0.01046	-0.11597	-0.13671	-0.12871	-0.10797	-0.083409	-0.064475	-0.026422	0.024058	0.033779	4.7181
948.85	0.020181	-0.04682	-0.16826	-0.28148	-0.37491	-0.35673	-0.56667	-0.67955	-0.81228	-0.97998	-1.1287	-1.2502	-1.2615	-0.87614	0.073362	0.85284	0.85305	0.65968	0.48667	0.17269	0.015942	-0.069366	-0.10505	-0.11667	-0.093713	-0.082666	-0.052037	-0.020529	0.017582	0.029099	5.2062
949.17	0.0079025	-0.055198	-0.17547	-0.29011	-0.39526	-0.36352	-0.59383	-0.73098	-0.85332	-1.1239	-1.3698	-1.367	-1.4459	-1.083	-0.030927	0.62554	0.85357	0.71221	0.53906	0.22728	0.06874	-0.026858	-0.07012	-0.088381	-0.069568	-0.064477	-0.046563	-0.01757	0.020821	0.028307	5.7561
951.82	0.023381	-0.046674	-0.15727	-0.29246	-0.38084	-0.36941	-0.61718	-0.76113	-0.89757	-1.1208	-1.2946	-1.6636	-1.6743	-1.3579	-0.24748	0.64057	0.84394	0.75938	0.60151	0.29288	0.14035	0.010601	-0.052527	-0.053525	-0.061859	-0.041464	-0.029333	-0.017519	0.041782	0.048522	6.2468
953.21	0.024975	-0.03217	-0.15544	-0.29362	-0.39802	-0.39212	-0.64201	-0.78816	-0.93585	-1.2544	-1.5511	-1.7362	-1.9759	-1.586	-0.69703	0.57267	0.81539	0.77894	0.65605	0.33599	0.1736	0.052062	-0.020863	-0.038176	-0.039258	-0.035113	-0.024634	-0.010879	0.038493	0.05391	6.7767
953.21	-0.0027209	-0.040528	-0.17875	-0.29441	-0.41397	-0.40762	-0.65638	-0.81629	-1.0018	-1.4318	-1.5422	-1.9362	-2.0399	-1.9905	-0.77491	0.51405	0.77279	0.81339	0.7076	0.39124	0.21503	0.086903	0.013884	-0.01728	-0.022751	-0.022534	-0.0083344	0.0030877	0.028806	0.050791	7.3018
951.08	0.0078866	-0.055087	-0.17673	-0.30298	-0.42911	-0.42148	-0.68743	-0.87692	-1.0593	-1.5282	-1.876	-2.1159	-2.3172	-2.2652	-1.0628	0.28025	0.73022	0.83851	0.75546	0.44247	0.25623	0.11786	0.035284	0.010874	-0.0062557	-0.017856	-0.0075771	0.0045701	0.021589	0.038404	7.8236
947.04	0.0030005	-0.070618	-0.20822	-0.33766	-0.4479	-0.42761	-0.70559	-0.92434	-1.1372	-1.6453	-2.0543	-2.2675	-2.5928	-2.6421	-1.1109	0.18034	0.65648	0.85162	0.77882	0.48649	0.29821	0.1551	0.055305	0.017394	0.0058007	-0.0028956	-0.0013589	-0.0042913	0.027369	0.031508	8.3846
940.76	0.0096245	-0.042605	-0.20147	-0.34871	-0.45987	-0.43832	-0.7448	-0.95087	-1.1826	-1.8018	-2.1042	-2.5191	-2.8777	-2.9812	-1.5128	-0.055994	0.5664	0.84945	0.80663	0.52706	0.35429	0.19984	0.092478	0.063929	0.03093	0.028952	0.032446	0.021006	0.033276	0.038826	8.9211
935.55	0.0071881	-0.045163	-0.20259	-0.33134	-0.45069	-0.45919	-0.77516	-0.98974	-1.2153	-1.7688	-2.2339	-2.7284	-3.3258	-3.3372	-1.9091	-0.25249	0.47293	0.87261	0.84719	0.58118	0.39603	0.23223	0.13725	0.079843	0.054037	0.040327	0.031837	0.02337	0.035107	0.035865	9.4529
929.69	-0.006965	-0.041552	-0.20305	-0.36744	-0.47989	-0.46473	-0.79091	-1.0355	-1.3089	-1.8752	-2.4123	-2.8823	-3.5518	-3.9356	-2.2938	-0.52876	0.36136	0.88076	0.87541	0.64235	0.45652	0.26601	0.14864	0.0993	0.074379	0.057511	0.036812	0.0303	0.044433	0.022507	10.019
925.11	-0.011197	-0.047239	-0.1966	-0.34566	-0.4713	-0.48034	-0.82133	-1.0696	-1.3633	-1.9629	-2.6446	-3.2486	-3.9322	-4.2983	-2.6082	-0.81605	0.20829	0.85938	0.87419	0.67313	0.46453	0.31519	0.18599	0.11966	0.079387	0.060226	0.048989	0.047872	0.031343	0.023419	10.544
922.34	0.0022411	-0.044242	-0.20632	-0.36302	-0.49562	-0.50047	-0.81285	-1.1019	-1.4043	-2.0386	-2.5881	-3.1206	-4.1011	-4.721	-3.0274	-1.1732	0.071036	0.83971	0.88556	0.71236	0.51614	0.33414	0.22409	0.1491	0.10677	0.093721	0.069188	0.060929	0.027266	0.033962	11.033
919.79	0.0056222	-0.060112	-0.19857	-0.35584	-0.50527	-0.47776	-0.86607	-1.1341	-1.487	-2.1669	-2.8722	-3.5265	-4.5188	-5.2931	-3.4483	-1.4281	-0.10035	0.80814	0.88005	0.7473	0.55885	0.38063	0.2468	0.18533	0.12573	0.096426	0.07099	0.052719	0.044075	0.042134	11.556
920.85	-0.0078746	-0.045098	-0.1817	-0.36851	-0.49459	-0.51554	-0.87368	-1.1436	-1.5207	-2.2519	-3.0533	-3.6519	-4.878	-5.6646	-3.8742	-1.7385	-0.26995	0.75194	0.88142	0.76637	0.58377	0.40766	0.28004	0.20175	0.14345	0.10201	0.096616	0.067116	0.045695	0.047734	12.04
921.49	0.0022416	-0.057641	-0.18573	-0.35764	-0.53	-0.49558	-0.8856	-1.1927	-1.5814	-2.3028	-3.1987	-3.701	-5.2554	-6.1612	-4.149	-1.9797	-0.44186	0.72736	0.87126	0.79529	0.61221	0.43227	0.29209	0.20993	0.15577	0.11983	0.10056	0.073912	0.054016	0.03722	12.523
922.88	-0.016271	-0.049708	-0.19375	-0.37504	-0.52097	-0.52064	-0.92491	-1.2466	-1.6416	-2.5001	-3.4607	-4.0398	-5.4624	-6.6435	-4.7594	-2.3832	-0.63877	0.67291	0.85326	0.80966	0.65243	0.45903	0.31694	0.24697	0.16251	0.14077	0.11244	0.072284	0.036424	0.033138	12.968
923.84	-0.019616	-0.057496	-0.19687	-0.3551	-0.53598	-0.52365	-0.92864	-1.2486	-1.6743	-2.4451	-3.5214	-4.0356	-5.9438	-6.9557	-5.058	-2.7781	-0.83796	0.61801	0.83253	0.85028	0.6797	0.49451	0.35328	0.25417	0.18634	0.13413	0.11552	0.078276	0.033055	0.025864	13.447
924.26	-0.0070059	-0.054334	-0.19098	-0.36227	-0.51562	-0.52785	-0.94225	-1.2513	-1.6944	-2.6357	-3.5106	-4.4033	-6.1722	-7.5169	-5.5643	-3.0099	-1.0614	0.54934	0.81944	0.84212	0.72047	0.52593	0.36207	0.27395	0.19863	0.15678	0.13388	0.080515	0.0372	0.015402	13.841
924.37	-0.034724	-0.050411	-0.19676	-0.33128	-0.50459	-0.55532	-0.95385	-1.3473	-1.7742	-2.5309	-3.8777	-4.5747	-6.6005	-8.0477	-5.8313	-3.4326	-1.2527	0.49778	0.78682	0.86533	0.72613	0.54212	0.39623	0.27889	0.20867	0.16324	0.11786	0.092633	0.025542	0.018616	14.3
926.39	-0.041355	-0.089391	-0.18392	-0.33218	-0.53541	-0.54436	-0.99381	-1.3361	-1.7935	-2.8471	-3.7867	-4.659	-7.0554	-8.5606	-6.4151	-3.8041	-1.4848	0.39213	0.75343	0.87809	0.73602	0.56313	0.3913	0.30722	0.22288	0.18068	0.14316	0.087892	0.045421	0.030607	14.681
929.05	-0.052101	-0.08056	-0.17845	-0.3604	-0.51569	-0.5375	-0.97466	-1.3587	-1.8377	-2.6222	-3.9586	-4.8252	-7.2404	-8.829	-6.7163	-4.1368	-1.6603	0.35302	0.711	0.89962	0.7707	0.57003	0.4315	0.31377	0.2338	0.18904	0.14752	0.099709	0.041149	0.016123	15.103
932.57	-0.064394	-0.082586	-0.16956	-0.33079	-0.54274	-0.53283	-1.0476	-1.3445	-1.8197	-2.7937	-4.0712	-5.02	-7.6875	-9.1606	-7.1332	-4.532	-1.8808	0.25487	0.68866	0.89709	0.77512	0.58399	0.421	0.31587	0.25362	0.18752	0.14855	0.10309	0.027794	0.0057046	15.428
934.69	-0.05677	-0.090149	-0.17655	-0.36225	-0.50173	-0.51318	-1.002	-1.3898	-1.8757	-2.7959	-4.1528	-5.2295	-7.8822	-9.5765	-7.417	-4.7266	-2.0495	0.19457	0.64393	0.88565	0.77661	0.60466	0.44098	0.34302	0.24922	0.19752	0.16246	0.098356	0.041725	0.0056916	15.737
934.38	-0.080057	-0.12738	-0.18727	-0.35271	-0.55435	-0.53531	-1.0185	-1.3698	-1.9056	-2.9348	-4.2269	-5.2993	-8.244	-9.9196	-7.852	-5.0527	-2.2142	0.127	0.61353	0.88254	0.77362	0.61417	0.44596	0.33822	0.26308	0.19598	0.14906	0.085642	0.011268	-0.0078247	16.041
932.78	-0.11099	-0.1245	-0.18348	-0.36541	-0.51725	-0.55207	-1.0318	-1.4173	-1.9303	-2.8967	-4.2796	-5.4702	-8.5525	-10.253	-8.0954	-5.1555	-2.3954	0.077932	0.58313	0.88405	0.80914	0.6237	0.46448	0.35276	0.25893	0.21078	0.17073	0.085038	0.023661	0.00092513	16.297
932.03	-0.11608	-0.15257	-0.20993	-0.32856	-0.54395	-0.55868	-1.035	-1.4184	-1.9549	-3.02	-4.5473	-5.4916	-8.8049	-10.585	-8.3053	-5.5877	-2.5452	0.019869	0.54975	0.89931	0.81386	0.64456	0.47616	0.37359	0.26451	0.20934	0.15737	0.094878	0.010469	-0.019005	16.524
931.29	-0.12785	-0.15969	-0.20023	-0.34256	-0.52897	-0.53092	-1.0064	-1.4467	-1.9954	-3.0051	-4.56	-5.5727	-9.033	-10.902	-8.7017	-5.7379	-2.734	-0.064728	0.50924	0.89489	0.80391	0.65356	0.47007	0.35908	0.26703	0.191	0.15829	0.075392	-0.0093522	-0.024605	16.802
932.25	-0.13854	-0.13855	-0.25919	-0.3519	-0.49579	-0.54974	-1.0386	-1.4461	-2.0354	-2.8897	-4.5645	-5.8908	-9.0974	-11.078	-8.9758	-6.1343	-2.8331	-0.10252	0.49298	0.87942	0.82426	0.65629	0.47928	0.3809	0.27289	0.20126	0.14543	0.064791	-0.0085175	-0.026969	17.006
933.2	-0.15421	-0.19817	-0.2384	-0.35073	-0.51973	-0.51135	-1.0128	-1.4462	-2.0055	-3.1629	-4.6326	-5.7486	-9.5049	-11.277	-9.1699	-6.3589	-2.978	-0.15871	0.45788	0.87253	0.80388	0.66663	0.48201	0.36902	0.27261	0.20426	0.15718	0.069982	-0.0019124	-0.034903	17.181
932.14	-0.16938	-0.19995	-0.24443	-0.37374	-0.50764	-0.52867	-0.99774	-1.4709	-2.0578	-3.0628	-4.5832	-5.8318	-9.2866	-11.533	-9.3396	-6.4604	-3.0816	-0.19764	0.4348	0.87952	0.8211	0.65467	0.49306	0.3719	0.25757	0.21977	0.15259	0.072318	-0.015124	-0.03335	17.339
931.18	-0.16705	-0.21649	-0.27347	-0.38544	-0.51905	-0.51423	-0.98637	-1.437	-2.0353	-3.0746	-4.597	-5.8805	-9.6156	-11.748	-9.6327	-6.5527	-3.1835	-0.22958	0.42186	0.88728	0.82928	0.65619	0.49842	0.36653	0.27397	0.20229	0.15831	0.076153	-0.011007	-0.054928	17.48
929.59	-0.20576	-0.23712	-0.26818	-0.38205	-0.52903	-0.5363	-1.0113	-1.4197	-2.0078	-3.1406	-4.8059	-6.1213	-9.5993	-11.906	-9.5516	-6.77	-3.2656	-0.26794	0.39418	0.89052	0.84459	0.65561	0.49604	0.38117	0.26213	0.20828	0.14585	0.073269	-0.022615	-0.050226	17.603
927.35	-0.21296	-0.23769	-0.28534	-0.36755	-0.53941	-0.54557	-0.98656	-1.4198	-2.0413	-3.0005	-4.7534	-6.1446	-9.7458	-11.951	-9.7525	-6.7777	-3.309	-0.27921	0.3888	0.88923	0.81633	0.66061	0.4948	0.36639	0.26045	0.19909	0.14141	0.068912	-0.02184	-0.076786	17.669
924.58	-0.23795	-0.26974	-0.30029	-0.43053	-0.55931	-0.52056	-0.97157	-1.3669	-2.0106	-3.0966	-4.7033	-6.1716	-9.5605	-11.914	-9.7014	-6.7548	-3.3115	-0.27738	0.38837	0.87981	0.83109	0.67541	0.50523	0.37163	0.25659	0.19968	0.14584	0.06836	-0.043546	-0.08023	17.735
920	-0.2712	-0.25691	-0.31344	-0.43513	-0.56577	-0.57223	-0.96622	-1.3729	-1.9081	-3.0332	-4.8283	-5.9692	-9.5584	-11.915	-9.8752	-6.7451	-3.2913	-0.26181	0.40785	0.88332	0.83853	0.67018	0.51838	0.37015	0.26719	0.19823	0.14898	0.057277	-0.047109	-0.082246	17.781
914.14	-0.267	-0.28787	-0.35903	-0.46426	-0.60174	-0.54087	-1.0055	-1.3582	-1.9413	-3.0262	-4.692	-6.0683	-9.8282	-11.975	-9.8573	-6.9891	-3.3376	-0.28144	0.39522	0.90382	0.84972	0.68226	0.49947	0.37839	0.26186	0.18638	0.13051	0.06071	-0.053303	-0.091713	17.778
907.64	-0.27233	-0.28435	-0.36497	-0.52979	-0.6675	-0.58997	-1.0588	-1.3029	-1.8819	-2.9591	-4.6695	-6.033	-9.6717	-12.011	-9.728	-6.8369	-3.321	-0.25271	0.41825	0.91293	0.84828	0.68279	0.51798	0.37266	0.2598	0.19598	0.12818	0.047247	-0.066402	-0.10137	17.805
903.27	-0.27537	-0.33062	-0.4312	-0.53318	-0.65856	-0.62008	-1.127	-1.3287	-1.8124	-2.9467	-4.5981	-5.9918	-9.5159	-11.893	-9.6564	-6.923	-3.2743	-0.24667	0.42677	0.91205	0.84229	0.68347	0.49132	0.37446	0.2666	0.18531	0.13617	0.046702	-0.066723	-0.10186	17.751
899.22	-0.3241	-0.36836	-0.42121	-0.54312	-0.75268	-0.6603	-1.0944	-1.3262	-1.8263	-2.8614	-4.581	-5.8775	-9.652	-11.787	-9.6173	-6.6969	-3.2047	-0.19118	0.46948	0.92503	0.86889	0.69007	0.52367	0.39148	0.267	0.19698	0.13596	0.043015	-0.063601	-0.11224	17.772
899.22	-0.34655	-0.3603	-0.44166	-0.56991	-0.74986	-0.66852	-1.1321	-1.4029	-1.7712	-2.6375	-4.3449	-5.7626	-9.2534	-11.594	-9.4156	-6.6702	-3.0939	-0.15741	0.48416	0.93568	0.87649	0.6927	0.52367	0.38382	0.27337	0.20448	0.13267	0.043015	-0.079005	-0.13455	17.763
900.71	-0.36753	-0.44172	-0.49282	-0.57648	-0.74674	-0.75034	-1.2832	-1.5026	-1.861	-2.5079	-4.1492	-5.6032	-8.6792	-10.911	-8.8872	-6.3136	-2.9025	-0.094266	0.53222	0.93501	0.87588	0.69331	0.5111	0.38318	0.25703	0.19998	0.10781	0.036721	-0.077166	-0.1401	17.775
901.57	-0.39129	-0.40676	-0.45241	-0.57928	-0.80883	-0.74963	-1.358	-1.8343	-1.9397	-2.2732	-3.6743	-4.6199	-7.9265	-10.146	-8.1195	-5.812	-2.582	-0.011327	0.57809	0.94387	0.85484	0.68213	0.51897	0.37262	0.24727	0.17485	0.11509	0.014147	-0.1155	-0.17953	17.763
902.84	-0.36494	-0.39255	-0.45431	-0.5993	-0.91251	-0.92313	-1.5757	-1.6968	-1.8091	-2.4485	-3.5469	-4.3054	-7.1211	-9.0937	-7.0209	-5.1231	-2.1982	0.11325	0.64227	0.95314	0.85951	0.66452	0.49322	0.36021	0.23345	0.16796	0.10756	0.0063657	-0.1017	-0.148	17.787
901.35	-0.32936	-0.34659	-0.38962	-0.7264	-1.1343	-1.0904	-1.4231	-1.6852	-2.0271	-2.2559	-2.6201	-3.5634	-5.5928	-8.0267	-6.09	-4.3968	-1.8355	0.23911	0.69623	0.95914	0.86094	0.64632	0.47316	0.32171	0.20606	0.14413	0.076547	-0.0013979	-0.11638	-0.15731	17.567
898.79	-0.28365	-0.35242	-0.51859	-0.91187	-1.1817	-1.0643	-1.6454	-1.8511	-2.2897	-2.343	-2.7126	-3.1405	-4.7177	-6.4934	-4.8869	-3.8588	-1.3813	0.36125	0.76432	0.94411	0.82368	0.63409	0.44352	0.30643	0.17959	0.12369	0.05454	-0.033366	-0.11928	-0.14536	17.376
896.13	-0.40407	-0.48278	-0.71676	-1.0145	-1.2286	-1.1426	-1.7203	-1.8805	-2.0703	-2.359	-2.3416	-2.7066	-3.7019	-5.2219	-3.843	-3.0153	-0.96219	0.50705	0.84763	0.95316	0.81088	0.60686	0.42888	0.27998	0.17534	0.10315	0.04975	-0.025646	-0.1308	-0.15491	17.127
895.17	-0.49731	-0.5723	-0.75518	-0.99293	-1.2224	-1.1108	-1.5167	-1.5128	-1.9841	-1.9116	-2.2588	-2.2747	-2.8624	-3.8509	-3.1101	-2.4926	-0.63287	0.62038	0.89278	0.931	0.77612	0.57747	0.41336	0.27258	0.15555	0.085682	0.03658	-0.056985	-0.1765	-0.23227	16.859
894.21	-0.46398	-0.64014	-0.82282	-1.1682	-1.1292	-1.0284	-1.2393	-1.8503	-1.9283	-1.7335	-2.2137	-2.2327	-2.6181	-3.1702	-2.8828	-2.0223	-0.43135	0.70182	0.90604	0.89809	0.74044	0.54803	0.37172	0.24032	0.12212	0.059793	-0.014676	-0.095443	-0.20165	-0.2508	16.582
892.72	-0.59609	-0.66879	-0.81905	-0.98638	-1.0412	-0.88211	-1.4377	-1.5865	-1.6316	-1.8266	-1.8845	-2.0763	-2.3747	-2.5911	-2.2687	-1.3641	-0.17977	0.79035	0.93961	0.90674	0.73062	0.51086	0.34367	0.19867	0.099897	0.035546	-0.037904	-0.13092	-0.26664	-0.33112	16.297
891.12	-0.58758	-0.67487	-0.89617	-1.0253	-1.1246	-0.93067	-1.3269	-1.3649	-1.4693	-1.6129	-1.602	-1.8037	-2.0537	-2.2395	-2.1154	-1.0352	-0.0090073	0.82953	0.96681	0.8618	0.69102	0.47717	0.30543	0.17238	0.066364	-0.0098051	-0.070351	-0.16654	-0.32238	-0.38257	15.941
888.45	-0.62517	-0.68749	-0.86868	-0.92842	-1.1555	-0.97227	-1.305	-1.3311	-1.3521	-1.3821	-1.5208	-1.4783	-2.0684	-2.2547	-1.8061	-0.87668	0.13152	0.8542	0.94164	0.81409	0.63327	0.42609	0.26907	0.12115	0.027115	-0.041047	-0.10803	-0.19149	-0.32941	-0.39543	15.63
887.27	-0.61988	-0.7284	-0.85947	-1.0323	-1.1104	-0.84589	-1.1238	-1.3527	-1.3131	-1.3748	-1.3793	-1.3012	-1.7101	-1.6186	-1.7249	-0.50007	0.27934	0.89696	0.95529	0.78638	0.57677	0.37942	0.22785	0.10232	0.00458	-0.06813	-0.13069	-0.22018	-0.33592	-0.39009	15.294
890.05	-0.6668	-0.71474	-0.90499	-0.91999	-1.0652	-0.79899	-1.1811	-1.2177	-1.3597	-1.2076	-1.1269	-1.1276	-1.3534	-1.4097	-1.46	-0.33712	0.4007	0.9163	0.94984	0.74896	0.54596	0.3507	0.19078	0.056381	-0.036419	-0.097389	-0.15106	-0.23051	-0.35908	-0.40056	14.966
894.1	-0.58475	-0.65398	-0.82549	-0.87625	-0.93371	-0.75038	-1.1644	-1.1427	-1.0904	-1.112	-1.0268	-1.1757	-1.3302	-1.4287	-1.1859	-0.14816	0.47257	0.90939	0.92912	0.72236	0.50272	0.29251	0.14193	0.038988	-0.060253	-0.13467	-0.18761	-0.26787	-0.36434	-0.39376	14.595
903.16	-0.58834	-0.68992	-0.68912	-0.83079	-0.85698	-0.77648	-1.005	-1.043	-1.0385	-1.0385	-1.0447	-1.2871	-1.2156	-1.339	-1.037	0.056547	0.53739	0.91389	0.90599	0.66475	0.47161	0.26857	0.123	0.0029703	-0.088951	-0.13083	-0.19228	-0.25509	-0.3479	-0.39557	14.234
914.78	-0.524	-0.56557	-0.72392	-0.76099	-0.82855	-0.74419	-0.98671	-0.9561	-1.0059	-0.79634	-1.1336	-1.0623	-1.1334	-1.2394	-0.98779	-0.022675	0.585	0.88434	0.87364	0.6249	0.41748	0.23404	0.091815	-0.01968	-0.095639	-0.15129	-0.18822	-0.24649	-0.33676	-0.38486	13.829
926.92	-0.50708	-0.5566	-0.54417	-0.66575	-0.77576	-0.63968	-0.90453	-0.87084	-0.87299	-0.75115	-0.82556	-0.95415	-1.1926	-1.4515	-0.82358	0.063719	0.65007	0.89136	0.83687	0.58142	0.3817	0.20368	0.064626	-0.045044	-0.11059	-0.14445	-0.20491	-0.24856	-0.3174	-0.34695	13.432
941.29	-0.44572	-0.47039	-0.50819	-0.6364	-0.71365	-0.60114	-0.75051	-0.79244	-0.72999	-0.81671	-0.81296	-1.024	-1.2879	-1.3651	-0.76719	0.20687	0.6727	0.86205	0.81163	0.54626	0.35005	0.16276	0.042048	-0.040287	-0.13474	-0.16295	-0.19707	-0.24327	-0.31828	-0.34087	12.953
953.74	-0.42769	-0.43767	-0.51522	-0.59415	-0.59714	-0.52789	-0.69459	-0.68088	-0.68556	-0.91583	-0.6866	-0.79407	-1.1591	-1.268	-0.69665	0.22928	0.69927	0.84134	0.78873	0.51654	0.31682	0.15069	0.012297	-0.075106	-0.14048	-0.1679	-0.20691	-0.25185	-0.29879	-0.31227	12.535
962.88	-0.42444	-0.42524	-0.4777	-0.51659	-0.5511	-0.45808	-0.62957	-0.62668	-0.73744	-0.87368	-0.733	-0.95977	-1.1956	-1.3188	-0.64721	0.27683	0.70456	0.83249	0.76372	0.47351	0.28385	0.10738	0.00045438	-0.088714	-0.1436	-0.18187	-0.21109	-0.23491	-0.28797	-0.30467	12.092
967.24	-0.3583	-0.40011	-0.42644	-0.43644	-0.58618	-0.43226	-0.61181	-0.67059	-0.67446	-0.66987	-0.68581	-1.054	-1.1429	-1.4223	-0.46523	0.30859	0.72594	0.81941	0.73374	0.4557	0.25352	0.097903	-0.019003	-0.089898	-0.1363	-0.17485	-0.19408	-0.20777	-0.26041	-0.26336	11.614
967.03	-0.34152	-0.36125	-0.40356	-0.44666	-0.53301	-0.37803	-0.51872	-0.5519	-0.63329	-0.51177	-0.93183	-1.2103	-1.2378	-1.5398	-0.56767	0.33341	0.72768	0.81959	0.72556	0.43682	0.23944	0.070123	-0.028349	-0.11052	-0.14816	-0.18806	-0.20636	-0.21651	-0.2549	-0.27494	11.136
962.67	-0.40275	-0.36138	-0.37913	-0.42209	-0.481	-0.35075	-0.46638	-0.47641	-0.46325	-0.68143	-0.98896	-1.3891	-1.5683	-1.6882	-0.64735	0.48412	0.73177	0.79687	0.70827	0.40232	0.22317	0.053192	-0.049589	-0.12295	-0.15849	-0.19359	-0.20191	-0.21967	-0.26165	-0.25766	10.648
954.91	-0.30439	-0.35598	-0.39264	-0.36641	-0.33271	-0.30202	-0.37878	-0.43214	-0.5011	-0.73757	-1.1126	-1.5584	-2.0123	-1.9157	-0.72171	0.51313	0.74093	0.8042	0.7171	0.3989	0.20987	0.042032	-0.065758	-0.12716	-0.15753	-0.17789	-0.18651	-0.20458	-0.24041	-0.2473	10.224
947.25	-0.31341	-0.30151	-0.28582	-0.32248	-0.29883	-0.24901	-0.33159	-0.39601	-0.5278	-1.0752	-1.3905	-1.7387	-2.0044	-1.9152	-0.70142	0.38249	0.7639	0.8133	0.7105	0.38781	0.18752	0.024843	-0.057549	-0.13951	-0.17391	-0.19595	-0.18489	-0.20994	-0.2326	-0.25166	9.7519
939.91	-0.21755	-0.21448	-0.25382	-0.25613	-0.24812	-0.21952	-0.2866	-0.40888	-0.67833	-1.2207	-1.4556	-1.6678	-2.0039	-1.9864	-0.68057	0.43641	0.78536	0.81354	0.6981	0.3781	0.17202	0.016625	-0.083624	-0.14142	-0.17146	-0.18711	-0.18555	-0.19741	-0.1943	-0.20382	9.2943
935.65	-0.15381	-0.20771	-0.20257	-0.16156	-0.21132	-0.13542	-0.33493	-0.50081	-0.75969	-1.2434	-1.4804	-1.8197	-1.8907	-1.8097	-0.66604	0.51518	0.7832	0.80584	0.7005	0.3585	0.17362	0.0031783	-0.078374	-0.1306	-0.16919	-0.18636	-0.16426	-0.18633	-0.15324	-0.15075	8.8048
932.46	-0.096876	-0.097354	-0.12686	-0.15081	-0.13683	-0.16757	-0.32602	-0.5699	-0.78054	-1.1095	-1.3853	-1.7407	-1.8645	-1.8807	-0.43836	0.65387	0.80478	0.81564	0.68559	0.36144	0.15141	-0.010379	-0.077027	-0.13351	-0.15749	-0.14601	-0.15689	-0.15014	-0.1224	-0.11382	8.3589
931.08	-0.076172	-0.097499	-0.12622	-0.10576	-0.18604	-0.18457	-0.40242	-0.61929	-0.81666	-1.2496	-1.3873	-1.7263	-1.8427	-1.7292	-0.54531	0.55198	0.81996	0.80187	0.68503	0.32769	0.13858	-0.014639	-0.1022	-0.13865	-0.13852	-0.15105	-0.14361	-0.12628	-0.084567	-0.0685	7.8478
929.59	-0.025341	-0.053243	-0.057195	-0.14399	-0.18543	-0.21665	-0.44884	-0.61534	-0.80524	-1.1303	-1.4718	-1.7461	-1.8292	-1.61	-0.35099	0.716	0.84106	0.80315	0.66562	0.32993	0.12247	-0.0010533	-0.091841	-0.14629	-0.15105	-0.15775	-0.13907	-0.12196	-0.049105	-0.049427	7.3683
928.84	-0.014494	-0.01586	-0.069613	-0.13114	-0.20014	-0.24069	-0.44687	-0.6282	-0.80429	-1.1485	-1.3632	-1.5765	-1.6993	-1.5787	-0.37792	0.58767	0.84585	0.78259	0.63693	0.30013	0.10703	-0.023187	-0.099209	-0.13733	-0.13346	-0.15303	-0.13121	-0.097921	-0.054117	-0.039869	6.8493
928.63	0.014768	-0.015864	-0.052304	-0.16116	-0.23021	-0.2761	-0.45629	-0.63165	-0.78934	-1.1141	-1.2355	-1.6111	-1.7161	-1.4326	-0.36911	0.70813	0.85182	0.76509	0.62602	0.26926	0.10051	-0.058103	-0.12436	-0.14974	-0.16276	-0.14742	-0.1185	-0.088133	-0.032583	0.0033298	6.3074
927.99	0.034021	0.0091028	-0.049038	-0.16614	-0.2504	-0.24533	-0.47448	-0.60732	-0.76596	-1.0628	-1.154	-1.4324	-1.5118	-1.295	-0.17384	0.81181	0.85736	0.73377	0.58456	0.25396	0.069489	-0.065811	-0.12363	-0.16718	-0.16056	-0.14267	-0.13612	-0.10103	-0.030118	0.00012816	5.8243
927.03	0.054159	0.020831	-0.050741	-0.15251	-0.25977	-0.25356	-0.46097	-0.60298	-0.73643	-1.0639	-1.1644	-1.3568	-1.39	-1.0273	-0.022773	0.72656	0.87808	0.73896	0.55984	0.23098	0.048264	-0.072704	-0.13838	-0.16817	-0.16381	-0.13635	-0.11232	-0.076946	-0.010226	0.012152	5.285
924.37	0.048435	0.0099201	-0.069121	-0.14806	-0.26326	-0.24718	-0.45683	-0.59395	-0.72575	-1.1018	-1.1034	-1.4037	-1.295	-1.0057	0.039618	0.84089	0.88227	0.68692	0.52336	0.18244	0.022116	-0.098576	-0.15099	-0.1612	-0.16429	-0.14891	-0.11184	-0.080959	0.017217	0.038712	4.7772
922.56	0.05358	0.023286	-0.0568	-0.18507	-0.24821	-0.24233	-0.44913	-0.57186	-0.69509	-0.98171	-0.99516	-1.2256	-1.2975	-0.89292	0.14697	1.0328	0.89147	0.66869	0.4902	0.15079	-0.005004	-0.11505	-0.17005	-0.17563	-0.16926	-0.13864	-0.11767	-0.090233	0.0089096	0.054089	4.2648
919.89	0.0588	0.0091799	-0.071956	-0.16678	-0.24617	-0.24125	-0.42613	-0.5452	-0.66976	-0.80944	-0.87803	-1.1601	-0.97789	-0.83798	0.34465	0.86232	0.89406	0.63315	0.43979	0.12173	-0.025655	-0.14289	-0.17627	-0.18114	-0.16975	-0.148	-0.11882	-0.076782	0.026501	0.043746	3.7976
917.87	0.06908	-0.0034241	-0.070445	-0.16797	-0.24119	-0.25877	-0.42706	-0.55475	-0.6664	-0.81999	-0.90773	-1.0328	-1.0382	-0.52682	0.30049	0.89901	0.87933	0.58447	0.38962	0.087224	-0.072041	-0.1725	-0.19306	-0.20574	-0.16935	-0.15731	-0.11908	-0.088403	0.02153	0.045462	3.3744
916.59	0.061552	0.016327	-0.0672	-0.13864	-0.23415	-0.23495	-0.41035	-0.52794	-0.59146	-0.78599	-0.84413	-0.81759	-0.84827	-0.37083	0.37289	0.93509	0.86969	0.54498	0.34695	0.038588	-0.098653	-0.17791	-0.21386	-0.21606	-0.17192	-0.17388	-0.12812	-0.055653	0.024918	0.063358	2.8963
916.17	0.072598	0.0092173	-0.05218	-0.1346	-0.2398	-0.22072	-0.3822	-0.48638	-0.60062	-0.82152	-0.88161	-0.87866	-0.65718	-0.3215	0.50809	0.9268	0.85087	0.49058	0.28226	-0.0084306	-0.13434	-0.20993	-0.23122	-0.23456	-0.20245	-0.17642	-0.12576	-0.075565	0.019892	0.052035	2.4667
917.66	0.06148	0.017885	-0.064617	-0.14914	-0.2348	-0.23289	-0.36979	-0.47306	-0.61093	-0.72363	-0.60259	-0.85126	-0.60625	-0.13149	0.55223	0.97748	0.79939	0.41644	0.21785	-0.072771	-0.19453	-0.25267	-0.25627	-0.25004	-0.20914	-0.19083	-0.1441	-0.097586	0.00057119	0.05114	2.0627
920.64	0.057908	-0.00026721	-0.086875	-0.1691	-0.2423	-0.22233	-0.35136	-0.45821	-0.54467	-0.77377	-0.75742	-0.71046	-0.45515	-0.16391	0.60418	0.91362	0.76768	0.36249	0.16297	-0.094206	-0.21287	-0.29222	-0.28324	-0.26754	-0.22477	-0.19673	-0.14765	-0.079003	0.0030771	0.031605	1.6511
925.86	0.068484	0.013816	-0.07232	-0.13725	-0.19257	-0.20777	-0.34782	-0.46391	-0.52162	-0.60412	-0.66143	-0.63781	-0.3043	0.032997	0.78785	0.9085	0.71618	0.30548	0.085199	-0.1385	-0.2535	-0.30595	-0.30278	-0.28754	-0.23587	-0.20776	-0.12444	-0.075531	0.01719	0.03945	1.2469
929.9	0.048146	-0.0010445	-0.080244	-0.12613	-0.20445	-0.18657	-0.33002	-0.4553	-0.4931	-0.55819	-0.53071	-0.49836	-0.29478	0.21985	0.76669	0.86163	0.66034	0.2503	0.028035	-0.18767	-0.29486	-0.33183	-0.31118	-0.29041	-0.25176	-0.21572	-0.14379	-0.077463	0.0088392	0.041676	0.85325
936.08	0.051148	0.012892	-0.047795	-0.12369	-0.18595	-0.17569	-0.30242	-0.3991	-0.45033	-0.50287	-0.48185	-0.48658	-0.13803	0.38801	0.76161	0.95825	0.60934	0.16359	-0.037189	-0.23076	-0.31644	-0.36089	-0.34611	-0.29504	-0.25087	-0.25033	-0.16102	-0.071711	0.018645	0.052515	0.55833
944.17	0.05071	0.024286	-0.041707	-0.12582	-0.18704	-0.17506	-0.29601	-0.38919	-0.43472	-0.49004	-0.47772	-0.27208	-0.031827	0.32063	0.77255	0.78944	0.52135	0.090032	-0.13165	-0.28964	-0.35475	-0.38209	-0.35032	-0.31361	-0.24341	-0.195	-0.14084	-0.08223	0.016856	0.044982	0.15843
953.21	0.051041	0.0065794	-0.062207	-0.11752	-0.18261	-0.16565	-0.2985	-0.3429	-0.39334	-0.55299	-0.31284	-0.36117	0.016489	0.46035	0.71332	0.85732	0.45693	0.0090929	-0.17042	-0.33462	-0.38564	-0.40418	-0.38175	-0.32993	-0.27112	-0.2301	-0.1395	-0.091005	0.0037789	0.043776	-0.17769
961.18	0.056274	-0.0025152	-0.039374	-0.11733	-0.15384	-0.15829	-0.28851	-0.3273	-0.37314	-0.36402	-0.20424	-0.20116	0.11157	0.55092	0.76747	0.80868	0.36546	-0.072964	-0.25676	-0.38747	-0.42826	-0.42633	-0.38328	-0.33197	-0.25696	-0.23131	-0.17683	-0.094626	-0.00025485	0.041867	-0.49107
966.39	0.05356	0.015485	-0.045503	-0.11358	-0.14689	-0.1498	-0.24666	-0.32871	-0.33515	-0.36206	-0.291	-0.09321	0.10308	0.51664	0.79745	0.63917	0.28818	-0.13628	-0.31762	-0.42997	-0.45974	-0.44449	-0.40302	-0.35079	-0.27186	-0.22774	-0.18047	-0.09339	0.0092999	0.047024	-0.77407
968.41	0.047836	-0.0039929	-0.065978	-0.12967	-0.14746	-0.15711	-0.25881	-0.30666	-0.32147	-0.41122	-0.22025	-0.043796	0.26826	0.58585	0.88097	0.58013	0.20847	-0.21312	-0.40558	-0.47769	-0.50191	-0.48438	-0.41928	-0.38725	-0.30084	-0.24429	-0.20988	-0.095366	-0.004227	0.049993	-1.045
966.5	0.049538	-0.0010021	-0.059768	-0.097211	-0.16261	-0.17441	-0.25708	-0.30331	-0.30067	-0.3037	-0.088902	0.01365	0.30037	0.7669	0.76325	0.55654	0.13596	-0.31291	-0.46861	-0.54387	-0.53983	-0.50089	-0.44659	-0.37533	-0.26369	-0.25408	-0.17968	-0.10498	0.0029312	0.03395	-1.3098
967.13	0.051913	-0.0017513	-0.059728	-0.10805	-0.15027	-0.14459	-0.25393	-0.2936	-0.28058	-0.37845	-0.018609	0.038283	0.30804	0.77422	0.82246	0.44064	0.038436	-0.36957	-0.53808	-0.57239	-0.56695	-0.51773	-0.46109	-0.36003	-0.2968	-0.25469	-0.20175	-0.10781	0.010089	0.035463	-1.5488
965.33	0.039944	-0.0047555	-0.06222	-0.11137	-0.16281	-0.16271	-0.23049	-0.26955	-0.26348	-0.22896	-0.12419	0.14532	0.49035	0.79917	0.87525	0.49107	-0.057522	-0.45189	-0.59608	-0.60818	-0.60027	-0.549	-0.49548	-0.38689	-0.29291	-0.25361	-0.1868	-0.10365	0.010108	0.028602	-1.7193
964.48	0.035956	0.0027485	-0.053537	-0.10054	-0.14017	-0.14754	-0.22696	-0.26899	-0.24837	-0.27926	-0.036276	0.13722	0.43542	0.79987	0.76485	0.40047	-0.11079	-0.51442	-0.66125	-0.66995	-0.62599	-0.56588	-0.47797	-0.40074	-0.30058	-0.26938	-0.18926	-0.11465	0.0021383	0.027857	-1.9234
965.65	0.045559	0.0004963	-0.063786	-0.10743	-0.14176	-0.14651	-0.21623	-0.25597	-0.23581	-0.23722	-0.08898	0.14527	0.39541	0.75976	0.77246	0.39174	-0.18206	-0.57245	-0.73185	-0.69228	-0.6559	-0.58649	-0.50155	-0.40105	-0.30837	-0.2737	-0.18674	-0.11378	-0.0074265	0.035518	-2.065
964.05	0.036776	-0.0070158	-0.076607	-0.11542	-0.16127	-0.14675	-0.22631	-0.24448	-0.23313	-0.12066	0.016578	0.12904	0.54638	0.76884	0.84219	0.24337	-0.2515	-0.62874	-0.77415	-0.72074	-0.67116	-0.61206	-0.51019	-0.41045	-0.32817	-0.29748	-0.21314	-0.10525	-0.0018512	0.040972	-2.1594
962.24	0.034426	-0.0077827	-0.081527	-0.10077	-0.15016	-0.14618	-0.20649	-0.24175	-0.21435	-0.13762	0.0077725	0.22009	0.65839	0.80173	1.0409	0.277	-0.31885	-0.67598	-0.81981	-0.74946	-0.70162	-0.62718	-0.5221	-0.4375	-0.33101	-0.29181	-0.20046	-0.12146	-0.00025609	0.0202	-2.3102
959.91	0.038554	-0.0078016	-0.072149	-0.096311	-0.17957	-0.15594	-0.23104	-0.25271	-0.21256	-0.23866	-0.018732	0.013743	0.45339	0.80368	0.82005	0.26106	-0.34916	-0.72295	-0.85696	-0.77706	-0.71441	-0.64601	-0.48808	-0.43936	-0.34002	-0.28549	-0.19016	-0.12468	0.010165	0.027216	-2.3818
957.35	0.03379	-0.0169	-0.060338	-0.10836	-0.17388	-0.13749	-0.20378	-0.24298	-0.21313	-0.23087	-0.036545	0.26269	0.52631	0.84532	0.64993	-0.021667	-0.3861	-0.75317	-0.8853	-0.80997	-0.72979	-0.63947	-0.55543	-0.44533	-0.3342	-0.29252	-0.22313	-0.12794	-0.012314	0.017975	-2.4001
952.14	0.029081	-0.005583	-0.086416	-0.11923	-0.1553	-0.14428	-0.21323	-0.22742	-0.20808	-0.17291	-0.045642	0.12232	0.52117	0.81818	0.90468	0.25481	-0.42361	-0.7685	-0.91171	-0.82111	-0.73778	-0.65626	-0.54424	-0.45501	-0.34654	-0.29569	-0.21192	-0.13011	-0.0051069	0.027438	-2.4686
949.59	0.034882	-0.023903	-0.080194	-0.10528	-0.1575	-0.15331	-0.21153	-0.24497	-0.20474	-0.18186	-0.063673	0.24812	0.51456	0.82038	0.86369	0.045399	-0.44089	-0.79131	-0.92343	-0.82584	-0.75975	-0.66635	-0.55521	-0.45301	-0.32488	-0.30675	-0.20158	-0.11939	-0.015656	0.040032	-2.4671
945.66	0.02846	-0.01864	-0.074046	-0.12881	-0.15101	-0.14614	-0.2147	-0.2387	-0.1923	-0.14003	0.06179	0.22395	0.54895	0.97569	0.77135	0.054006	-0.45488	-0.80242	-0.93503	-0.83687	-0.76532	-0.66661	-0.5432	-0.44841	-0.358	-0.28979	-0.20164	-0.10952	-0.0083983	0.025268	-2.4991
941.83	0.023629	-0.011796	-0.075973	-0.11175	-0.16328	-0.14934	-0.21786	-0.22503	-0.19779	-0.23467	0.14317	0.24173	0.57549	0.86728	0.83579	0.045773	-0.48113	-0.83531	-0.9513	-0.84621	-0.74102	-0.68024	-0.55659	-0.44861	-0.34426	-0.30689	-0.20795	-0.11368	-0.010066	0.017483	-2.4503
940.97	0.043453	0.0058972	-0.049175	-0.10465	-0.15086	-0.13116	-0.20963	-0.2236	-0.19875	-0.063679	0.19745	0.18286	0.67327	0.94841	0.80149	0.02883	-0.51902	-0.85264	-0.96385	-0.85715	-0.76671	-0.68169	-0.5531	-0.45308	-0.30885	-0.29203	-0.20814	-0.12198	0.012824	0.042766	-2.4549
940.97	0.051705	-0.010268	-0.071972	-0.10865	-0.14906	-0.14076	-0.2173	-0.2179	-0.1846	-0.16641	0.15234	0.15753	0.59221	0.90824	0.74012	-0.039013	-0.5353	-0.88579	-0.98801	-0.83849	-0.78124	-0.66741	-0.5355	-0.44413	-0.33317	-0.28885	-0.20028	-0.10336	0.015277	0.038817	-2.4473
939.06	0.054291	0.010537	-0.061514	-0.097648	-0.14847	-0.1393	-0.20929	-0.21998	-0.15583	-0.03809	0.18882	0.32704	0.56905	1.0228	0.68894	0.045908	-0.53476	-0.87886	-0.97363	-0.85635	-0.79253	-0.66372	-0.55342	-0.45238	-0.3171	-0.29343	-0.20069	-0.10655	0.010391	0.034941	-2.4732
938.31	0.034474	-0.0064368	-0.072176	-0.11297	-0.16209	-0.14815	-0.21176	-0.22424	-0.17882	-0.020945	0.089424	0.26802	0.56138	0.83024	0.71586	-0.039107	-0.53682	-0.86731	-0.97205	-0.85278	-0.75593	-0.65919	-0.53942	-0.43967	-0.33259	-0.27848	-0.19296	-0.11037	0.0071191	0.031801	-2.4625
935.87	0.042032	0.002059	-0.064998	-0.11809	-0.158	-0.14679	-0.20538	-0.22401	-0.19193	-0.1501	0.21668	0.27722	0.51394	0.96975	0.75298	0.054571	-0.49729	-0.84589	-0.96519	-0.86268	-0.77252	-0.66345	-0.51912	-0.43018	-0.32047	-0.27921	-0.1745	-0.093441	0.016184	0.050937	-2.3346
931.93	0.041375	-0.0041492	-0.071849	-0.12667	-0.1623	-0.14036	-0.2256	-0.23317	-0.20306	-0.24581	0.071807	0.23577	0.59796	0.77914	0.80925	0.011993	-0.46486	-0.82481	-0.93228	-0.83635	-0.74074	-0.66371	-0.53504	-0.43693	-0.32106	-0.28361	-0.18555	-0.11414	0.011297	0.04079	-2.2249
931.71	0.053053	-0.010368	-0.061175	-0.11942	-0.15508	-0.15625	-0.21249	-0.23651	-0.20629	-0.20264	0.1174	0.27846	0.46711	0.92536	0.75633	0.14905	-0.40823	-0.78359	-0.90257	-0.80314	-0.71646	-0.6384	-0.49881	-0.4173	-0.30271	-0.25793	-0.16972	-0.078816	0.022861	0.042394	-2.0467
932.46	0.044684	-0.0033705	-0.071808	-0.11771	-0.16946	-0.15789	-0.24016	-0.25194	-0.21485	-0.12475	0.13553	0.10785	0.56489	0.9003	0.79995	0.14893	-0.37833	-0.73631	-0.86567	-0.78881	-0.7053	-0.63025	-0.5081	-0.39231	-0.31013	-0.26014	-0.17355	-0.078753	0.022843	0.047937	-1.8548
934.48	0.042094	-0.011888	-0.086409	-0.14082	-0.16818	-0.17072	-0.24813	-0.25631	-0.23022	-0.25375	-0.01016	0.31163	0.55551	0.80937	0.83352	0.17423	-0.31357	-0.69431	-0.81827	-0.74611	-0.67371	-0.59758	-0.49331	-0.40376	-0.2865	-0.24995	-0.18426	-0.087581	0.0046776	0.045448	-1.6097
940.97	0.052531	0.012054	-0.061389	-0.12705	-0.1778	-0.17652	-0.24489	-0.26838	-0.253	-0.17497	-0.091313	0.16597	0.49495	0.75558	0.81025	0.24087	-0.22429	-0.61886	-0.73935	-0.70195	-0.6271	-0.56153	-0.4779	-0.39365	-0.26096	-0.21717	-0.17512	-0.095914	0.013641	0.064874	-1.3433
948.21	0.061956	-0.0078979	-0.082734	-0.111	-0.18179	-0.17777	-0.26432	-0.28815	-0.28072	-0.33504	-0.13538	0.04742	0.3866	0.70198	0.81274	0.36527	-0.14744	-0.54315	-0.69116	-0.65451	-0.59349	-0.5339	-0.45679	-0.35186	-0.25822	-0.22341	-0.14179	-0.075968	0.021654	0.061245	-1.0693
954.27	0.048545	-0.004052	-0.083815	-0.14026	-0.18152	-0.18008	-0.26793	-0.31361	-0.28359	-0.31602	-0.090041	0.11372	0.33617	0.84805	0.93725	0.44658	-0.069427	-0.47089	-0.61451	-0.60352	-0.58016	-0.50482	-0.39079	-0.3424	-0.26107	-0.22906	-0.14089	-0.089436	0.019097	0.051514	-0.76494
961.71	0.033637	-0.015318	-0.07998	-0.14309	-0.18451	-0.19661	-0.2876	-0.31517	-0.31217	-0.19632	-0.098169	-0.019335	0.35738	0.62135	0.84423	0.42652	0.026704	-0.36312	-0.53425	-0.56234	-0.53146	-0.482	-0.43942	-0.32382	-0.2412	-0.20703	-0.13827	-0.080729	0.019748	0.045706	-0.40131
965.43	0.039939	-0.0077569	-0.0884	-0.14644	-0.21268	-0.21456	-0.28874	-0.33697	-0.33855	-0.36242	-0.2649	-0.035707	0.277	0.65812	0.79827	0.55715	0.13611	-0.29455	-0.43722	-0.50148	-0.49402	-0.45066	-0.4042	-0.3075	-0.2299	-0.21011	-0.13007	-0.080418	0.036412	0.059382	-0.048408
965.86	0.038316	-0.014501	-0.11136	-0.16898	-0.22046	-0.20257	-0.31325	-0.36141	-0.36904	-0.28721	-0.28237	-0.15905	0.32426	0.55607	0.82351	0.60645	0.20902	-0.20774	-0.39222	-0.46243	-0.45921	-0.43409	-0.38376	-0.30816	-0.22017	-0.19062	-0.13308	-0.074579	0.010103	0.042433	0.34091
965.01	0.03835	-0.026523	-0.10352	-0.14572	-0.23729	-0.21296	-0.34268	-0.40063	-0.3847	-0.42937	-0.27382	-0.10981	0.0558	0.54873	0.97809	0.63182	0.28939	-0.14327	-0.31579	-0.39337	-0.42027	-0.40907	-0.36538	-0.27826	-0.18553	-0.18768	-0.12783	-0.05867	0.05158	0.059408	0.73164
961.39	0.032033	-0.02135	-0.10949	-0.18777	-0.23906	-0.224	-0.37847	-0.4109	-0.43693	-0.4561	-0.31018	-0.37462	0.079812	0.49576	0.92171	0.83341	0.38212	-0.04221	-0.2033	-0.34007	-0.36892	-0.36866	-0.32839	-0.27293	-0.20111	-0.18605	-0.12831	-0.049415	0.019757	0.050358	1.1314
957.89	0.022423	-0.04033	-0.11709	-0.19396	-0.2567	-0.24881	-0.37534	-0.45	-0.47406	-0.56709	-0.52407	-0.3594	-0.15876	0.38707	0.86482	0.82812	0.48669	0.056181	-0.12977	-0.29466	-0.33143	-0.34442	-0.31702	-0.27313	-0.16974	-0.16952	-0.12569	-0.064226	0.0053678	0.045113	1.5736
955.01	0.033873	-0.035901	-0.12065	-0.1906	-0.27163	-0.24527	-0.42178	-0.47381	-0.50647	-0.65314	-0.50787	-0.5102	-0.16722	0.30906	0.63426	0.78884	0.5796	0.13972	-0.054885	-0.23789	-0.29665	-0.29412	-0.29275	-0.24106	-0.168	-0.16532	-0.098954	-0.055615	0.012635	0.0328	2.008
954.16	0.028206	-0.010126	-0.132	-0.22864	-0.27098	-0.25323	-0.45088	-0.50956	-0.57205	-0.64529	-0.60621	-0.56893	-0.23933	0.20633	0.79039	0.73937	0.63151	0.21297	0.01656	-0.17537	-0.24677	-0.2745	-0.27171	-0.23726	-0.15466	-0.1364	-0.10059	-0.047589	0.024745	0.042174	2.4302
