12022	1	3	91	27.3	757	1	10	8	0.582	128	4096	10	0	0	0	0	74.493	976.2	1.4473e+006	0.11756	0.02462	40.846	0	0	1	0	0	0	11	0	0
931.35	0.015407	0.01137	-0.16835	-0.30172	-0.39486	-0.52822	-0.69975	-0.97504	-1.1883	-1.6535	-2.1778	-2.6624	1.4903	-3.4381	-1.7769	-0.30777	0.49941	0.87188	0.85164	0.57672	0.37471	0.22743	0.10305	0.04039	0.03112	-0.0047964	0.0057993	0.013033	0.033398	0.043001	8.4526
928.9	0.011269	0.00048523	-0.17622	-0.30171	-0.41318	-0.53934	-0.7179	-1.0057	-1.2233	-1.8833	-2.2749	-2.9688	1.6174	-3.7239	-2.119	-0.42027	0.42815	0.86092	0.85784	0.59972	0.39123	0.25016	0.11061	0.065239	0.032741	0.0048736	0.012982	0.016083	0.038456	0.019917	8.8395
929.54	0.037156	0.0059376	-0.15302	-0.30393	-0.42744	-0.56987	-0.7368	-1.0247	-1.2774	-1.8906	-2.4104	-3.018	1.6491	-3.9166	-2.3394	-0.54877	0.3306	0.86828	0.87934	0.62592	0.42037	0.26955	0.14212	0.08415	0.052726	0.020996	0.016953	0.026625	0.049192	0.040687	9.2293
927.3	0.025522	0.0020473	-0.15587	-0.29817	-0.42574	-0.55443	-0.76113	-1.052	-1.3172	-1.9994	-2.5352	-3.2994	1.6531	-4.2114	-2.6386	-0.65336	0.25126	0.85975	0.86643	0.64206	0.4607	0.28726	0.15951	0.095093	0.061336	0.040445	0.017793	0.032736	0.042671	0.035176	9.6296
926.45	0.0045943	-0.022186	-0.15684	-0.28869	-0.42978	-0.60721	-0.80076	-1.0794	-1.3463	-1.923	-2.5834	-3.311	1.6217	-4.6069	-2.8546	-1.1019	0.11339	0.84104	0.87515	0.67883	0.49144	0.31398	0.18322	0.11007	0.076063	0.050189	0.026593	0.027471	0.028591	0.040822	10.039
923.57	0.025625	-0.017549	-0.17308	-0.3116	-0.45308	-0.59844	-0.79778	-1.1085	-1.405	-2.1296	-2.7293	-3.3471	1.635	-4.8259	-3.2118	-1.088	0.013373	0.81789	0.87867	0.70254	0.50942	0.3415	0.1952	0.13032	0.084044	0.067385	0.050705	0.048041	0.04451	0.030491	10.439
925.7	-0.00043518	-0.029246	-0.17848	-0.32064	-0.46207	-0.58908	-0.83179	-1.1142	-1.4417	-2.203	-2.8882	-3.5711	1.4747	-5.1905	-3.4806	-1.5338	-0.11411	0.80803	0.87268	0.72765	0.54106	0.3689	0.23134	0.15567	0.10858	0.069659	0.045795	0.053229	0.042744	0.015172	10.84
926.24	-0.0029501	-0.025318	-0.17672	-0.30989	-0.47184	-0.61001	-0.84533	-1.1781	-1.4744	-2.2191	-2.9873	-3.5776	1.6056	-5.5059	-3.8437	-1.6794	-0.21909	0.75439	0.87535	0.7436	0.56043	0.38064	0.22958	0.16964	0.10542	0.083375	0.055352	0.039583	0.039398	0.027193	11.228
926.66	-0.0037862	-0.020617	-0.16341	-0.31381	-0.47527	-0.63187	-0.86517	-1.1916	-1.4905	-2.3659	-3.0685	-3.6103	1.5061	-5.8134	-4.0288	-1.8767	-0.37359	0.73278	0.87416	0.7734	0.58639	0.42398	0.25791	0.20181	0.13856	0.10194	0.07289	0.051662	0.046853	0.031992	11.623
921.98	-0.014754	-0.018365	-0.1684	-0.32602	-0.46669	-0.66001	-0.86644	-1.211	-1.5583	-2.3255	-3.259	-3.8699	1.4641	-6.3759	-4.425	-2.2757	-0.53752	0.69644	0.86428	0.78426	0.6149	0.439	0.27963	0.20117	0.14392	0.10083	0.085297	0.064844	0.051264	0.029738	12.022
918.78	-0.013116	-0.021583	-0.17982	-0.32469	-0.47843	-0.63551	-0.88594	-1.2344	-1.6136	-2.5264	-3.3998	-4.0562	1.5107	-6.7684	-4.8623	-2.5269	-0.71283	0.63633	0.85211	0.7948	0.62944	0.46032	0.28388	0.22272	0.1382	0.097103	0.092842	0.041428	0.043905	0.019329	12.385
920.06	-0.019849	-0.038084	-0.17291	-0.32997	-0.48879	-0.64979	-0.88314	-1.2693	-1.6275	-2.4617	-3.4966	-4.111	1.5003	-7.0055	-5.0976	-2.7315	-0.83091	0.59619	0.84535	0.82406	0.64837	0.48031	0.30148	0.22657	0.16288	0.12222	0.08226	0.051272	0.041335	0.024146	12.803
920.38	-0.043464	-0.049088	-0.17285	-0.3274	-0.46934	-0.65492	-0.91888	-1.2971	-1.7	-2.4871	-3.5138	-4.3081	1.533	-7.5863	-5.5349	-3.1121	-0.9971	0.55496	0.80441	0.83764	0.68032	0.50678	0.32101	0.24148	0.1737	0.12462	0.10152	0.051252	0.035468	0.0096085	13.197
918.46	-0.058771	-0.042091	-0.17989	-0.32972	-0.48504	-0.6679	-0.90038	-1.3382	-1.7237	-2.5975	-3.8817	-4.4036	1.4033	-8.1042	-5.8518	-3.5356	-1.1994	0.49088	0.78612	0.85677	0.68918	0.52419	0.34299	0.25866	0.1764	0.11917	0.093678	0.049072	0.028839	0.0015388	13.563
914.63	-0.078544	-0.054148	-0.18902	-0.28255	-0.47691	-0.65544	-0.93334	-1.3195	-1.7609	-2.5203	-3.8887	-4.6131	1.626	-8.2705	-6.1649	-3.786	-1.3971	0.44627	0.77338	0.86123	0.71781	0.5333	0.36664	0.27315	0.18966	0.14507	0.10135	0.076092	0.022228	-0.0025159	13.915
914.95	-0.07003	-0.062045	-0.18812	-0.32523	-0.48136	-0.6606	-0.92907	-1.3258	-1.7756	-2.5371	-3.8688	-4.8372	1.5337	-8.5816	-6.3701	-3.8283	-1.4736	0.40664	0.75628	0.88187	0.73001	0.54003	0.37803	0.27222	0.19975	0.14338	0.10698	0.068406	0.0053988	-0.012262	14.27
915.48	-0.089497	-0.10473	-0.1788	-0.32011	-0.45893	-0.66021	-0.94034	-1.3752	-1.8118	-2.6939	-3.9407	-4.9039	1.6245	-8.9152	-6.6456	-4.1138	-1.6594	0.34274	0.70456	0.86305	0.74037	0.55958	0.38686	0.27708	0.18635	0.14166	0.11499	0.0676	0.000355	-0.007385	14.587
916.97	-0.10205	-0.10614	-0.18686	-0.3163	-0.45818	-0.66272	-0.92702	-1.3454	-1.8177	-2.7071	-4.1195	-5.0778	1.4305	-9.1398	-6.8956	-4.49	-1.8112	0.28221	0.68501	0.88427	0.74993	0.56471	0.40101	0.30002	0.20165	0.15859	0.1132	0.065963	0.012102	-0.015476	14.9
914.52	-0.12525	-0.11434	-0.18988	-0.3188	-0.43631	-0.63667	-0.94054	-1.3591	-1.8671	-2.732	-4.1491	-5.1522	1.5094	-9.4288	-7.338	-4.7115	-1.9861	0.2336	0.65878	0.88402	0.76523	0.59043	0.41936	0.30083	0.21314	0.15574	0.10055	0.07227	0.004562	-0.034203	15.199
914.52	-0.15582	-0.14523	-0.24265	-0.29987	-0.43723	-0.6268	-0.91373	-1.3515	-1.8396	-2.9082	-4.1398	-5.4128	1.3676	-9.7099	-7.5996	-4.886	-2.0473	0.19411	0.65958	0.8753	0.7619	0.58524	0.39961	0.31339	0.21861	0.16148	0.10622	0.063841	-0.00048723	-0.043139	15.482
913.35	-0.15346	-0.14938	-0.2287	-0.31921	-0.44335	-0.66355	-0.92122	-1.3633	-1.867	-2.7796	-4.3497	-5.3502	1.4362	-9.9127	-7.7628	-5.1194	-2.1615	0.17548	0.64035	0.88516	0.78117	0.60504	0.42732	0.31379	0.22751	0.16743	0.11364	0.072363	-0.019023	-0.056211	15.709
913.77	-0.17549	-0.1723	-0.25124	-0.33883	-0.46256	-0.61833	-0.94052	-1.3786	-1.8508	-2.7871	-4.1897	-5.2955	1.4355	-10.049	-7.7953	-5.0647	-2.2628	0.1251	0.61115	0.87688	0.77582	0.59438	0.42959	0.317	0.21879	0.17309	0.11683	0.069261	-0.017331	-0.038297	15.986
914.73	-0.23048	-0.21487	-0.26521	-0.36974	-0.48794	-0.62037	-0.91115	-1.4283	-1.8027	-2.9075	-4.2688	-5.3855	1.359	-10.08	-8.0666	-5.2338	-2.3148	0.10971	0.6081	0.87945	0.79327	0.61623	0.43161	0.30997	0.21465	0.16636	0.098105	0.039313	-0.018994	-0.086992	16.188
911.54	-0.2594	-0.23152	-0.31825	-0.41481	-0.47389	-0.64416	-0.86212	-1.3097	-1.8375	-2.8293	-4.3956	-5.3521	1.3637	-10.248	-8.0225	-5.401	-2.3599	0.074978	0.59736	0.8983	0.79689	0.63053	0.44303	0.33039	0.23816	0.16529	0.11549	0.040988	-0.062118	-0.089742	16.434
909.62	-0.25567	-0.24952	-0.36272	-0.41899	-0.52784	-0.64913	-0.86632	-1.3125	-1.8194	-2.8087	-4.3955	-5.3459	1.3834	-10.311	-8.2299	-5.5616	-2.434	0.057088	0.58894	0.88528	0.79439	0.62926	0.43735	0.3395	0.22294	0.16812	0.11899	0.038763	-0.050404	-0.10464	16.656
908.76	-0.29949	-0.30395	-0.38666	-0.51712	-0.58226	-0.73916	-0.87031	-1.2952	-1.7551	-2.7936	-4.381	-5.3072	1.2924	-10.304	-8.174	-5.356	-2.4362	0.044494	0.58142	0.89313	0.80851	0.63506	0.44438	0.33392	0.23102	0.16415	0.11096	0.034946	-0.065693	-0.10964	16.785
909.08	-0.36344	-0.35005	-0.35871	-0.54261	-0.63597	-0.78314	-1.0152	-1.3124	-1.6829	-2.4737	-4.2019	-5.2704	1.4262	-10.2	-7.9444	-5.4419	-2.384	0.06976	0.59816	0.91301	0.80655	0.6331	0.44009	0.33717	0.23172	0.16162	0.10116	0.020288	-0.06567	-0.13085	16.929
908.66	-0.38498	-0.39087	-0.51149	-0.6315	-0.8176	-1.0572	-1.2609	-1.4656	-1.8245	-2.4039	-3.5871	-4.0315	1.3932	-8.7907	-6.7681	-4.6716	-1.9627	0.20258	0.66222	0.9231	0.82281	0.64471	0.44112	0.33143	0.23183	0.16004	0.12318	0.02107	-0.093649	-0.15217	17.052
905.46	-0.44036	-0.46744	-0.75359	-0.93301	-0.85875	-1.0084	-1.1316	-1.7644	-1.8588	-2.0921	-2.784	-3.3439	1.5245	-6.225	-4.861	-3.6217	-1.2733	0.39549	0.76501	0.92988	0.79217	0.61992	0.42938	0.30722	0.21132	0.12336	0.075415	0.0056663	-0.12202	-0.17158	17.172
900.56	-0.42724	-0.58499	-0.69304	-0.93391	-1.1618	-1.4222	-1.6215	-1.5664	-1.4746	-1.5937	-1.9882	-2.2154	1.5074	-3.7655	-3.2115	-2.1349	-0.63878	0.59634	0.84085	0.89684	0.7442	0.56973	0.39995	0.28252	0.18865	0.10656	0.039678	-0.046434	-0.17225	-0.22202	17.277
897.68	-0.65004	-0.68933	-0.82413	-1.0308	-1.1062	-1.2823	-1.4194	-1.4068	-1.5114	-1.5001	-1.323	-1.4615	1.4867	-1.5626	-1.6966	-0.97718	-0.056226	0.77748	0.90728	0.88727	0.71445	0.54249	0.36183	0.24332	0.1526	0.073504	0.002719	-0.086393	-0.26367	-0.3295	17.354
897.47	-0.68048	-0.72985	-0.91566	-1.0847	-1.2261	-1.3933	-1.2172	-1.1988	-1.1788	-1.2671	-1.2003	-1.0724	1.5551	-1.2513	-1.2926	-0.67508	0.17595	0.84443	0.93774	0.8448	0.66469	0.4924	0.33088	0.20155	0.099238	0.020077	-0.043443	-0.15278	-0.32547	-0.40409	17.433
903.33	-0.6666	-0.69945	-0.87749	-1.146	-1.1816	-1.1189	-1.0807	-1.1613	-1.0999	-1.0003	-1.0609	-1.1182	1.5366	-1.2097	-1.2934	-0.44101	0.28591	0.8762	0.93571	0.80575	0.65197	0.46032	0.3004	0.17395	0.085135	0.0075008	-0.073462	-0.15256	-0.33528	-0.39242	17.582
908.34	-0.82534	-0.87101	-0.99917	-1.027	-1.1128	-1.0711	-1.0287	-0.98624	-0.84295	-0.89724	-0.73719	-0.88465	1.6288	-1.0366	-0.90489	-0.24529	0.39904	0.903	0.93701	0.78197	0.59905	0.41513	0.24902	0.12322	0.021671	-0.046996	-0.13577	-0.23735	-0.44526	-0.54812	17.562
905.46	-0.82368	-0.85138	-0.91942	-0.93135	-0.91847	-0.9005	-0.9842	-1.1434	-0.93877	-0.98903	-0.89896	-1.098	1.4487	-1.0983	-0.99886	-0.28132	0.43415	0.89318	0.92217	0.75802	0.57664	0.38239	0.22654	0.10162	0.0098904	-0.058733	-0.14764	-0.23888	-0.45773	-0.53509	17.588
904.82	-0.61659	-0.65507	-0.84218	-0.98857	-1.0872	-1.0998	-0.98649	-1.0341	-1.013	-1.1055	-1.0122	-0.96711	1.5678	-1.0907	-1.0725	-0.14039	0.49204	0.92011	0.93741	0.74974	0.56781	0.38266	0.22337	0.10423	0.0035739	-0.052978	-0.11994	-0.21117	-0.36025	-0.42872	17.588
909.83	-0.71902	-0.73027	-0.92932	-0.95335	-1.0014	-1.0513	-0.96045	-0.956	-0.97004	-1.0728	-0.82931	-1.0229	1.4837	-0.93516	-1.0303	-0.19225	0.49775	0.92046	0.94434	0.74385	0.55551	0.37621	0.18987	0.10281	-0.02003	-0.083987	-0.14287	-0.24312	-0.37433	-0.45004	17.595
908.23	-0.62881	-0.79934	-0.98579	-0.93348	-0.88776	-0.89323	-0.87161	-0.89863	-0.84386	-0.91509	-0.73729	-0.90224	1.3939	-0.88686	-0.84143	0.0095074	0.57201	0.91847	0.93793	0.72144	0.52555	0.35772	0.17197	0.084438	-0.027941	-0.08001	-0.16022	-0.26361	-0.4182	-0.49829	17.718
906.63	-0.68216	-0.67054	-0.77627	-0.79564	-0.80824	-0.8776	-0.87554	-0.82501	-0.79966	-0.77454	-0.71986	-0.94765	1.5478	-0.93011	-0.76103	0.079919	0.62879	0.92914	0.92745	0.69894	0.51056	0.32346	0.17975	0.056701	-0.031146	-0.09999	-0.18499	-0.26948	-0.42064	-0.49343	17.597
904.08	-0.67035	-0.69407	-0.82847	-0.82787	-0.8152	-0.81835	-0.78627	-0.80786	-0.75364	-0.83018	-0.65615	-0.80974	1.5522	-0.92438	-0.60812	0.11547	0.65683	0.94811	0.93007	0.69739	0.50277	0.3235	0.15528	0.048387	-0.051804	-0.10856	-0.17324	-0.27257	-0.41842	-0.48167	17.583
905.89	-0.68786	-0.6583	-0.81497	-0.77303	-0.7716	-0.79315	-0.76081	-0.81893	-0.73907	-0.78407	-0.83292	-0.87828	1.4312	-0.93923	-0.70705	0.1681	0.68597	0.93625	0.92578	0.68366	0.48667	0.32722	0.13669	0.034758	-0.044594	-0.12572	-0.17942	-0.28518	-0.43882	-0.49711	17.598
909.72	-0.65594	-0.67463	-0.76353	-0.79377	-0.78042	-0.77176	-0.71241	-0.74137	-0.64731	-0.64794	-0.71741	-0.63009	1.4335	-0.86047	-0.40489	0.23758	0.70244	0.93771	0.91381	0.67552	0.4746	0.29715	0.12039	0.02198	-0.054627	-0.12766	-0.1811	-0.27858	-0.40737	-0.45091	17.564
909.51	-0.70988	-0.71142	-0.76624	-0.71864	-0.65239	-0.66816	-0.64121	-0.68089	-0.62143	-0.53297	-0.62421	-0.74378	1.568	-0.79416	-0.48659	0.15864	0.72367	0.93071	0.89951	0.65988	0.44549	0.28418	0.1047	0.0085089	-0.066436	-0.14994	-0.20799	-0.31486	-0.46838	-0.52944	17.406
907.17	-0.62698	-0.63502	-0.69474	-0.66822	-0.65501	-0.67441	-0.65797	-0.67843	-0.66707	-0.79184	-0.68199	-0.68439	1.3871	-0.92123	-0.5424	0.24702	0.73736	0.92497	0.91315	0.64135	0.44162	0.27707	0.10414	0.0093749	-0.08553	-0.1462	-0.20037	-0.29559	-0.41785	-0.46447	17.264
912.28	-0.62942	-0.62034	-0.67489	-0.6653	-0.62726	-0.64723	-0.62187	-0.71997	-0.63008	-0.46955	-0.73402	-0.68055	1.5215	-0.80005	-0.35855	0.37687	0.74666	0.93238	0.88794	0.64563	0.44247	0.25298	0.1085	0.00092441	-0.06937	-0.14948	-0.20573	-0.28395	-0.429	-0.46838	17.04
915.48	-0.58906	-0.58099	-0.65747	-0.67613	-0.6343	-0.65125	-0.61025	-0.6547	-0.58263	-0.5207	-0.64797	-0.73024	1.6078	-0.85506	-0.28523	0.21863	0.74657	0.92465	0.88564	0.63204	0.41688	0.24778	0.10072	-0.00075158	-0.067566	-0.14487	-0.19128	-0.27683	-0.40565	-0.44402	16.875
914.52	-0.6126	-0.59665	-0.6724	-0.65132	-0.59708	-0.59539	-0.5959	-0.68805	-0.63582	-0.55646	-0.63009	-0.75707	1.5761	-0.90556	-0.34865	0.31486	0.74735	0.931	0.87533	0.6074	0.42146	0.24545	0.099183	-0.00075237	-0.063725	-0.13601	-0.19471	-0.2618	-0.41112	-0.43149	16.682
908.13	-0.58357	-0.59208	-0.64339	-0.62276	-0.64408	-0.67008	-0.61122	-0.61107	-0.60364	-0.85309	-0.60646	-0.7624	1.6124	-0.80371	-0.52366	0.52797	0.78129	0.9249	0.892	0.59147	0.41356	0.23238	0.093249	-0.014258	-0.093316	-0.13366	-0.20994	-0.27059	-0.38605	-0.44598	16.405
908.87	-0.56173	-0.59796	-0.63191	-0.62224	-0.60451	-0.6036	-0.60199	-0.63079	-0.5771	-0.52449	-0.59662	-0.60446	1.6531	-0.84465	-0.31453	0.49243	0.77981	0.92414	0.8614	0.59976	0.39735	0.21739	0.092344	-0.00075704	-0.081434	-0.1385	-0.20406	-0.25957	-0.37896	-0.42436	16.206
905.89	-0.55244	-0.53118	-0.60524	-0.60103	-0.56919	-0.55032	-0.56894	-0.67262	-0.62963	-0.67736	-0.62671	-0.64152	1.5575	-0.92253	-0.46122	0.42356	0.79675	0.92084	0.87639	0.58059	0.39782	0.23295	0.088495	8.4087e-005	-0.070648	-0.1191	-0.17534	-0.24109	-0.34963	-0.38967	15.95
911.22	-0.52023	-0.51138	-0.60338	-0.59999	-0.55844	-0.55521	-0.5387	-0.704	-0.65924	-0.54964	-0.67896	-0.50701	1.4647	-0.85906	-0.44042	0.21088	0.78117	0.91816	0.85516	0.57369	0.38049	0.22985	0.087978	0.0042899	-0.082795	-0.13897	-0.16295	-0.25583	-0.34167	-0.39799	15.629
905.99	-0.50695	-0.49514	-0.51976	-0.52951	-0.61576	-0.67981	-0.61504	-0.70468	-0.64997	-0.73063	-0.67349	-0.70282	1.6247	-1.0977	-0.34282	0.40591	0.79581	0.94248	0.89491	0.59286	0.40112	0.23816	0.087653	0.014461	-0.069851	-0.12653	-0.16144	-0.22868	-0.32495	-0.37568	15.377
902.8	-0.52939	-0.52979	-0.6107	-0.60642	-0.56739	-0.60039	-0.59885	-0.6605	-0.68997	-0.70646	-0.80756	-0.99566	1.5628	-1.135	-0.58157	0.24822	0.75451	0.91127	0.88751	0.60026	0.39834	0.2355	0.089632	0.014512	-0.056631	-0.11453	-0.16119	-0.2163	-0.32525	-0.37948	15.052
914.2	-0.50155	-0.46376	-0.50168	-0.5017	-0.52612	-0.55699	-0.62057	-0.73355	-0.69512	-0.75931	-0.8718	-0.85291	1.5183	-1.3524	-0.68257	0.25385	0.73504	0.90708	0.8612	0.58317	0.38507	0.23948	0.0951	-0.011647	-0.051229	-0.10982	-0.14461	-0.21973	-0.31362	-0.35687	14.748
910.26	-0.48752	-0.47054	-0.535	-0.51628	-0.46063	-0.53415	-0.53372	-0.67444	-0.72008	-0.66526	-0.72631	-0.91769	1.6003	-1.2669	-0.56773	0.22866	0.72055	0.92183	0.86976	0.59709	0.39591	0.23096	0.092206	0.0059768	-0.046737	-0.10947	-0.1493	-0.19682	-0.29976	-0.32903	14.413
915.58	-0.41514	-0.41639	-0.4206	-0.46148	-0.49764	-0.53104	-0.5763	-0.73327	-0.71912	-0.6262	-0.95396	-1.3722	1.6576	-1.6972	-0.88873	0.20991	0.6628	0.89585	0.85509	0.5849	0.39443	0.22444	0.098245	0.0025936	-0.048028	-0.081822	-0.13954	-0.18343	-0.25095	-0.30115	14.103
913.99	-0.3479	-0.35848	-0.37775	-0.40299	-0.44581	-0.56699	-0.67437	-0.76473	-0.80698	-1.0679	-1.2994	-1.8439	1.5604	-2.5604	-1.2512	-0.069158	0.61786	0.9064	0.86862	0.60339	0.41174	0.23867	0.11324	0.026907	-0.010549	-0.067205	-0.10903	-0.14159	-0.22445	-0.24233	13.774
909.4	-0.3266	-0.37223	-0.38723	-0.34294	-0.42018	-0.53375	-0.63732	-0.77701	-0.87694	-1.1442	-1.53	-2.0104	1.5598	-2.8311	-1.5205	-0.15726	0.51651	0.92541	0.89397	0.62837	0.42133	0.2677	0.13037	0.037151	-0.0098163	-0.05271	-0.083547	-0.11687	-0.17396	-0.19698	13.432
899.92	-0.2662	-0.3504	-0.33428	-0.53057	-0.55606	-0.57951	-0.59195	-0.74604	-0.82371	-1.201	-1.7254	-2.4023	1.6187	-3.2894	-1.9948	-0.29193	0.42661	0.90324	0.89606	0.65184	0.44855	0.26437	0.12756	0.050314	-0.0035589	-0.049101	-0.076207	-0.083842	-0.15356	-0.16686	13.036
904.5	-0.26399	-0.25814	-0.32496	-0.37226	-0.42059	-0.45769	-0.58576	-0.79562	-0.93077	-1.3641	-1.8669	-2.5131	1.5346	-3.2894	-2.1032	-0.48455	0.37363	0.89049	0.898	0.64942	0.44628	0.27265	0.14605	0.059374	0.016228	-0.010737	-0.04474	-0.08032	-0.12811	-0.15369	12.672
905.99	-0.18385	-0.17697	-0.27369	-0.38826	-0.46466	-0.47958	-0.54579	-0.8053	-1.0117	-1.4508	-2.1262	-2.7808	1.5236	-3.985	-2.3456	-0.65112	0.29183	0.88993	0.90624	0.70296	0.47572	0.30711	0.15994	0.0838	0.027254	-0.0032756	-0.034052	-0.048476	-0.08543	-0.10505	12.303
904.71	-0.17209	-0.15241	-0.21988	-0.29396	-0.3383	-0.42945	-0.56728	-0.86063	-1.0892	-1.6754	-2.439	-3.0657	1.4162	-4.3332	-2.6497	-0.84609	0.21519	0.8803	0.91401	0.69778	0.50157	0.33026	0.17514	0.096621	0.049428	0.017431	-0.005478	-0.019113	-0.060884	-0.09206	11.918
907.59	-0.10311	-0.080899	-0.166	-0.23	-0.32885	-0.46065	-0.63144	-0.92881	-1.1648	-1.9008	-2.478	-2.9772	1.4873	-4.1945	-2.8958	-1.0017	0.18581	0.86847	0.91596	0.71052	0.49831	0.33706	0.16878	0.10644	0.064244	0.021504	0.018179	-0.0082452	-0.00897	-0.045106	11.55
910.36	-0.04053	-0.030534	-0.11248	-0.23343	-0.30929	-0.49261	-0.67943	-0.95544	-1.1962	-1.7889	-2.4518	-3.1426	1.575	-4.3395	-2.6333	-1.0162	0.14906	0.87574	0.90028	0.71274	0.49429	0.34385	0.20134	0.12968	0.086048	0.056015	0.028686	0.027957	0.014726	0.015427	11.148
903.54	-0.015055	-0.033168	-0.14385	-0.26685	-0.34529	-0.46998	-0.7133	-0.97367	-1.2232	-1.847	-2.4327	-3.1136	1.5362	-4.4225	-2.7901	-0.90017	0.1434	0.86873	0.91357	0.71017	0.51483	0.32807	0.1862	0.10862	0.077199	0.048143	0.007616	0.011107	0.027612	0.011431	10.781
901.09	0.016787	0.008538	-0.10854	-0.21579	-0.37061	-0.48493	-0.71924	-0.96782	-1.2611	-1.995	-2.6467	-3.1926	1.5912	-4.4345	-2.7702	-0.98234	0.1829	0.88476	0.91199	0.6935	0.49685	0.32721	0.19589	0.11401	0.068676	0.034967	0.028162	0.029023	0.040498	0.021358	10.36
910.47	0.023436	0.020382	-0.13771	-0.25077	-0.38071	-0.52501	-0.66034	-0.99067	-1.2481	-1.886	-2.4609	-3.1597	1.5245	-4.2975	-2.6964	-0.9021	0.21215	0.87203	0.92354	0.69074	0.48255	0.32991	0.17651	0.11536	0.077398	0.038723	0.035184	0.040268	0.047688	0.053779	9.9995
908.55	0.014085	0.0076697	-0.10933	-0.2629	-0.37686	-0.48727	-0.68555	-0.97758	-1.2287	-1.8013	-2.3913	-3.1402	1.5949	-4.2151	-2.4297	-0.72833	0.25138	0.89375	0.90692	0.66673	0.47104	0.30189	0.16611	0.082721	0.061028	0.040454	0.017345	0.023385	0.045248	0.044896	9.6099
908.55	0.034595	0.014845	-0.11439	-0.23556	-0.34338	-0.49992	-0.6919	-0.98517	-1.2352	-1.9964	-2.3913	-3.0527	1.3598	-3.9321	-2.4025	-0.64929	0.33317	0.88472	0.89723	0.65179	0.45182	0.28797	0.14871	0.09284	0.048431	0.023956	0.018972	0.018758	0.047789	0.045715	9.2172
906.42	0.040674	0.024467	-0.12565	-0.23694	-0.35538	-0.52011	-0.68159	-0.97819	-1.2128	-1.8056	-2.1814	-2.9022	1.5313	-3.7495	-2.0988	-0.49232	0.40496	0.90038	0.88963	0.63396	0.41099	0.26684	0.12498	0.065166	0.035921	0.021531	0.010041	0.034262	0.059787	0.064676	8.8274
902.05	0.023655	0.035024	-0.12031	-0.2456	-0.37302	-0.50079	-0.6665	-0.94301	-1.1769	-1.7697	-2.3426	-2.8194	1.5472	-3.5582	-2.0633	-0.33547	0.49015	0.91657	0.90777	0.60518	0.41551	0.2541	0.11557	0.062083	0.028958	0.010003	0.014189	0.020446	0.060076	0.062518	8.4299
901.84	0.054655	0.026199	-0.14243	-0.24649	-0.3525	-0.49363	-0.67066	-0.93389	-1.1394	-1.6629	-2.3338	-2.7319	1.5307	-3.2991	-1.6522	-0.33555	0.55313	0.89858	0.88195	0.59648	0.37098	0.21997	0.098908	0.032366	0.031344	0.0041877	0.00024837	0.022782	0.060091	0.054294	8.0263
906.74	0.056929	0.03005	-0.10279	-0.23603	-0.36084	-0.47828	-0.64953	-0.91025	-1.0868	-1.6717	-2.0027	-2.4456	1.5897	-2.9561	-1.4432	0.00070996	0.62026	0.90187	0.86505	0.56597	0.34887	0.19698	0.087581	0.030502	0.011455	0.003339	0.0010609	0.024204	0.049581	0.063833	7.6421
911.86	0.053205	0.032265	-0.12238	-0.23223	-0.34492	-0.4702	-0.65064	-0.86818	-1.0636	-1.6181	-1.9077	-2.3796	1.5891	-2.8235	-1.3175	0.0094696	0.68232	0.89231	0.81193	0.5059	0.32193	0.16379	0.060674	0.012686	-0.008219	-0.011474	-0.006246	0.027142	0.049301	0.070807	7.2428
912.17	0.031903	0.013196	-0.11478	-0.2305	-0.33831	-0.48083	-0.60692	-0.85192	-1.0219	-1.4674	-1.9815	-2.3265	1.5718	-2.5075	-1.1181	0.20193	0.73331	0.892	0.81004	0.48386	0.28269	0.14293	0.041674	8.3507e-005	-0.01449	-0.032832	-0.018409	0.0010152	0.045911	0.054494	6.8524
913.88	0.047139	0.017928	-0.10702	-0.25148	-0.33306	-0.45209	-0.5979	-0.81763	-0.99246	-1.3589	-1.634	-2.1309	1.5606	-2.2216	-0.82721	0.35873	0.77553	0.87507	0.76599	0.44802	0.26388	0.11411	0.011944	-0.027578	-0.030116	-0.037691	-0.038614	0.0048464	0.042457	0.065773	6.4936
915.48	0.057233	0.0012815	-0.12357	-0.23871	-0.33156	-0.44772	-0.59292	-0.79528	-0.95436	-1.4797	-1.6312	-1.8582	1.5078	-2.069	-0.74468	0.4104	0.80933	0.85202	0.74222	0.40889	0.21614	0.086269	0.0045221	-0.049289	-0.044127	-0.047448	-0.043396	0.00024507	0.047426	0.055107	6.1242
919.85	0.056118	0.0028523	-0.14047	-0.24494	-0.31161	-0.43042	-0.57834	-0.78734	-0.90077	-1.4027	-1.5588	-1.789	1.3514	-1.8044	-0.66942	0.59066	0.82964	0.82477	0.71078	0.37571	0.19365	0.057491	-0.031504	-0.064048	-0.057913	-0.067593	-0.04721	-0.028702	0.043854	0.070195	5.7804
917.18	0.035965	0.00049143	-0.12334	-0.21528	-0.3033	-0.43436	-0.56665	-0.74202	-0.85257	-1.2135	-1.5726	-1.7768	1.6464	-1.447	-0.46453	0.56627	0.85961	0.80659	0.69125	0.32286	0.15613	0.034382	-0.037342	-0.062563	-0.091615	-0.080046	-0.052187	-0.023437	0.056568	0.045285	5.4244
917.08	0.033428	0.021814	-0.13588	-0.23583	-0.32269	-0.41292	-0.54941	-0.74294	-0.84137	-1.0731	-1.295	-1.6644	1.5218	-1.307	-0.24874	0.74036	0.85971	0.77356	0.63774	0.28722	0.12634	-0.0078617	-0.070178	-0.08596	-0.092405	-0.080872	-0.070748	-0.035666	0.066643	0.056632	5.1304
919.31	0.044327	0.002854	-0.11972	-0.20987	-0.31639	-0.40478	-0.53474	-0.7128	-0.81438	-1.237	-1.338	-1.5135	1.4103	-1.238	-0.15842	0.69516	0.86179	0.73507	0.5963	0.25093	0.079776	-0.021605	-0.082288	-0.10992	-0.10385	-0.097796	-0.072989	-0.037867	0.022953	0.050837	4.7697
918.35	0.037609	0.014686	-0.12401	-0.22567	-0.28359	-0.40699	-0.49603	-0.68017	-0.77898	-0.86114	-1.1915	-1.3507	1.6941	-1.1323	0.02102	0.78279	0.86853	0.72422	0.53622	0.21991	0.047612	-0.046596	-0.095489	-0.11754	-0.10396	-0.098714	-0.073065	-0.025697	0.017949	0.04361	4.4528
919.63	0.048533	0.0099401	-0.12384	-0.20162	-0.28871	-0.39749	-0.49142	-0.66007	-0.75054	-0.83366	-1.199	-1.4266	1.4098	-0.80187	0.065842	0.70361	0.87648	0.67144	0.51872	0.18923	0.023602	-0.062008	-0.12073	-0.12654	-0.11626	-0.12629	-0.087445	-0.040137	0.05307	0.052434	4.1905
918.14	0.030852	0.022577	-0.12071	-0.19702	-0.27537	-0.38294	-0.47808	-0.66197	-0.74209	-0.94905	-1.164	-1.3165	1.5035	-0.87729	0.047976	0.81772	0.87206	0.63946	0.46364	0.14695	-0.010271	-0.095695	-0.1365	-0.14761	-0.12502	-0.11751	-0.077112	-0.059283	0.027173	0.044427	3.9706
920.27	0.050186	0.024886	-0.11959	-0.20638	-0.27749	-0.36333	-0.46521	-0.62131	-0.69857	-0.92936	-1.0875	-0.97676	1.5166	-0.59593	0.31674	0.89389	0.85673	0.57821	0.40199	0.10238	-0.039128	-0.12727	-0.16891	-0.16225	-0.14571	-0.12783	-0.084971	-0.046964	0.031292	0.047555	3.6566
924.32	0.028124	0.015375	-0.11493	-0.19734	-0.27993	-0.37061	-0.46474	-0.61528	-0.77395	-0.82943	-0.98167	-1.0842	1.5594	-0.38884	0.27072	0.76909	0.8538	0.56058	0.3669	0.06567	-0.064424	-0.13612	-0.18038	-0.16734	-0.15126	-0.14186	-0.094204	-0.036903	0.050303	0.045738	3.4487
931.24	0.02208	0.0012598	-0.13053	-0.19264	-0.27604	-0.35993	-0.43882	-0.60166	-0.64427	-0.85787	-1.0564	-0.82878	1.2694	-0.40218	0.3927	0.77195	0.81702	0.50353	0.32794	0.019763	-0.11042	-0.16228	-0.19521	-0.18913	-0.15398	-0.15288	-0.1086	-0.05544	0.037533	0.048591	3.2378
929.54	0.037993	-0.0010741	-0.1184	-0.18408	-0.27291	-0.35176	-0.43342	-0.57144	-0.67649	-0.77278	-0.79347	-0.9414	1.4932	-0.2972	0.34907	0.8678	0.80863	0.4656	0.28356	0.01293	-0.11308	-0.17959	-0.20366	-0.1936	-0.16811	-0.14106	-0.1088	-0.051772	0.022701	0.047081	2.9965
927.62	0.037233	0.0028284	-0.10708	-0.20556	-0.26527	-0.32682	-0.42421	-0.58419	-0.62286	-0.82648	-0.80426	-0.89196	1.5292	-0.28965	0.37646	0.96423	0.8103	0.45948	0.28098	-0.010272	-0.13705	-0.20212	-0.21301	-0.21134	-0.16306	-0.14459	-0.10982	-0.039038	0.028555	0.039969	2.8022
925.17	0.022225	0.0051847	-0.10902	-0.18251	-0.25319	-0.35164	-0.42299	-0.57	-0.59972	-0.85479	-0.82475	-0.89432	1.5497	-0.23321	0.40421	0.95816	0.79091	0.42432	0.24129	-0.033589	-0.15219	-0.21548	-0.23961	-0.2119	-0.17896	-0.15631	-0.11331	-0.062621	0.02863	0.034453	2.6215
928.26	0.043063	0.012189	-0.10866	-0.17136	-0.23869	-0.33013	-0.40682	-0.54252	-0.59374	-0.70443	-0.82201	-0.8571	1.4871	-0.15914	0.49171	0.83461	0.7759	0.4123	0.2073	-0.051531	-0.17295	-0.21732	-0.23395	-0.22936	-0.1722	-0.15902	-0.11692	-0.054109	0.016099	0.060753	2.4636
930.49	0.047131	0.023055	-0.099344	-0.19198	-0.23176	-0.3214	-0.38802	-0.51898	-0.58038	-0.70274	-0.75614	-0.67577	1.6474	-0.053133	0.59689	0.75541	0.76086	0.36279	0.15793	-0.079708	-0.19539	-0.23889	-0.25199	-0.22551	-0.191	-0.16508	-0.1071	-0.053225	0.0094446	0.044637	2.3179
928.47	0.023818	0.013745	-0.12844	-0.18591	-0.25138	-0.32033	-0.37488	-0.56302	-0.58165	-0.61751	-0.83096	-0.66014	1.4703	-0.10209	0.68702	0.80862	0.72787	0.33441	0.14642	-0.10825	-0.21953	-0.25304	-0.26794	-0.23508	-0.19296	-0.15172	-0.12327	-0.054097	0.031015	0.035132	2.1979
924.85	0.040702	0.016149	-0.11569	-0.17525	-0.24597	-0.31892	-0.39584	-0.52132	-0.56393	-0.6809	-0.66895	-0.66272	1.4926	0.052817	0.71647	0.80317	0.70007	0.29578	0.10893	-0.13887	-0.22532	-0.26941	-0.27306	-0.23931	-0.19603	-0.17662	-0.13974	-0.061126	0.035296	0.031253	2.1068
926.87	0.042288	0.0083005	-0.11048	-0.17892	-0.23905	-0.31823	-0.38409	-0.55407	-0.54194	-0.63596	-0.78658	-0.60986	1.6045	0.10165	0.7149	0.81004	0.69688	0.29248	0.082572	-0.14115	-0.24285	-0.27821	-0.28546	-0.25119	-0.20178	-0.17058	-0.10672	-0.067798	0.021106	0.040001	1.9777
933.79	0.039482	0.010566	-0.11458	-0.18163	-0.25176	-0.31323	-0.38047	-0.51387	-0.52842	-0.67437	-0.68981	-0.57981	1.3476	0.092786	0.53295	0.71002	0.66711	0.25251	0.063109	-0.16745	-0.24755	-0.28885	-0.28737	-0.25425	-0.20411	-0.17493	-0.13445	-0.067294	0.023421	0.040501	1.9048
935.5	0.03277	0.020612	-0.090623	-0.17325	-0.24407	-0.3074	-0.37438	-0.5031	-0.52667	-0.73342	-0.56148	-0.57026	1.606	0.16534	0.70831	0.82815	0.66426	0.25468	0.04653	-0.16544	-0.26415	-0.28325	-0.278	-0.25215	-0.20221	-0.17622	-0.13025	-0.070168	0.038186	0.035662	1.8501
933.58	0.040322	0.022979	-0.09245	-0.17764	-0.23371	-0.29572	-0.36279	-0.51645	-0.52458	-0.571	-0.60812	-0.61399	1.593	0.13331	0.77161	0.82985	0.63772	0.23938	0.040339	-0.17006	-0.26306	-0.29739	-0.30356	-0.25759	-0.20263	-0.18461	-0.12417	-0.048545	0.029198	0.062794	1.8121
932.41	0.027049	-0.00029441	-0.10571	-0.17948	-0.22222	-0.30577	-0.37407	-0.51216	-0.53476	-0.69266	-0.7728	-0.61476	1.4805	0.076716	0.61334	0.72818	0.63195	0.23176	0.02623	-0.18824	-0.27235	-0.30624	-0.30879	-0.28256	-0.21515	-0.20332	-0.1283	-0.06514	0.015204	0.043747	1.7772
933.37	0.037835	0.0097939	-0.10396	-0.18736	-0.22381	-0.30282	-0.37446	-0.52395	-0.51915	-0.70922	-0.54458	-0.66518	1.4953	0.25483	0.67457	0.8557	0.64361	0.23152	0.027774	-0.19489	-0.26801	-0.29661	-0.30686	-0.2716	-0.21877	-0.17742	-0.13371	-0.075582	0.036624	0.042908	1.7847
934.65	0.051908	0.010556	-0.10628	-0.17502	-0.25062	-0.30241	-0.35389	-0.51422	-0.53506	-0.63929	-0.61652	-0.68127	1.583	0.16551	0.66484	0.94844	0.65994	0.24174	0.04814	-0.18694	-0.26033	-0.30128	-0.30241	-0.27123	-0.22535	-0.18039	-0.14303	-0.061984	0.025871	0.049209	1.7574
935.71	0.037742	0.012867	-0.10043	-0.18609	-0.2404	-0.31961	-0.39819	-0.52919	-0.5218	-0.67299	-0.63396	-0.74841	1.6872	0.22997	0.64644	0.77681	0.63708	0.23445	0.028489	-0.18502	-0.28032	-0.31107	-0.29563	-0.25045	-0.20293	-0.18419	-0.14445	-0.076891	0.020907	0.027713	1.7498
931.67	0.03207	0.014476	-0.11484	-0.19012	-0.22603	-0.29104	-0.35502	-0.51422	-0.52248	-0.62405	-0.5091	-0.58967	1.5226	0.11734	0.58727	0.81442	0.64561	0.21609	0.020738	-0.18668	-0.27257	-0.29036	-0.31631	-0.26634	-0.20304	-0.18499	-0.13237	-0.068952	0.020171	0.045379	1.7787
931.88	0.048728	0.010585	-0.11235	-0.16666	-0.22235	-0.28921	-0.36655	-0.51246	-0.51522	-0.62391	-0.57277	-0.56396	1.555	0.27958	0.65796	0.87418	0.65286	0.23101	0.023882	-0.18236	-0.26355	-0.30132	-0.29766	-0.26382	-0.21605	-0.18575	-0.11884	-0.063672	0.043288	0.05095	1.7559
934.97	0.032789	-0.0026163	-0.10706	-0.17255	-0.26409	-0.29265	-0.36688	-0.50585	-0.51035	-0.75968	-0.58905	-0.62157	1.4927	0.21396	0.51465	0.90545	0.63431	0.23815	0.028512	-0.20053	-0.26999	-0.30117	-0.3007	-0.25639	-0.20233	-0.18193	-0.12953	-0.078452	0.0308	0.038066	1.7878
935.71	0.021975	0.029893	-0.1078	-0.17643	-0.23589	-0.30645	-0.36582	-0.51363	-0.51943	-0.60413	-0.58858	-0.58712	1.5649	0.133	0.64645	0.74269	0.65428	0.23006	0.04652	-0.16114	-0.25192	-0.2815	-0.29724	-0.248	-0.20217	-0.16897	-0.11994	-0.05143	0.033243	0.051533	1.7756
934.33	0.032811	0.0051324	-0.10796	-0.19039	-0.23624	-0.31745	-0.39878	-0.54555	-0.53208	-0.67399	-0.6258	-0.54549	1.4937	0.17365	0.55912	0.79503	0.67001	0.26467	0.07014	-0.16907	-0.23685	-0.27599	-0.27915	-0.23935	-0.20553	-0.15959	-0.11853	-0.062006	0.034938	0.032526	1.8683
935.6	0.034425	0.0020291	-0.12582	-0.19335	-0.25579	-0.32491	-0.38975	-0.55709	-0.56377	-0.77639	-0.58865	-0.69756	1.4917	0.15726	0.44377	0.85365	0.69366	0.28887	0.095915	-0.13557	-0.21461	-0.25111	-0.27636	-0.23575	-0.1976	-0.177	-0.10177	-0.07016	0.043116	0.033274	2.0551
936.46	0.026931	0.01827	-0.10362	-0.18513	-0.25555	-0.32812	-0.40711	-0.55904	-0.58222	-0.64665	-0.7332	-0.79871	1.6044	-0.012435	0.50502	0.89548	0.71921	0.32981	0.13108	-0.11244	-0.20144	-0.25341	-0.26646	-0.2298	-0.18597	-0.16163	-0.10562	-0.050643	0.044721	0.052287	2.2465
937.95	0.028545	0.0043408	-0.11081	-0.19688	-0.24524	-0.32585	-0.41416	-0.54916	-0.59313	-0.74009	-0.7411	-0.75509	1.6262	-0.076879	0.58334	0.85152	0.74012	0.37566	0.17544	-0.073121	-0.18736	-0.22856	-0.24758	-0.218	-0.17728	-0.15099	-0.10072	-0.058032	0.022497	0.051411	2.3892
937.63	0.044288	0.00048072	-0.12147	-0.20096	-0.26424	-0.33647	-0.4343	-0.53955	-0.61305	-0.92074	-0.73228	-0.81467	1.5373	-0.19786	0.45162	0.80924	0.75099	0.39943	0.19819	-0.068039	-0.16636	-0.21093	-0.24124	-0.22625	-0.17963	-0.15184	-0.096023	-0.058798	0.01676	0.028448	2.6109
934.86	0.049403	0.0066781	-0.12019	-0.2088	-0.28762	-0.34712	-0.43635	-0.60015	-0.62911	-0.99241	-0.75261	-0.91054	1.6234	-0.28741	0.40002	0.82874	0.8032	0.43837	0.24899	-0.023851	-0.13843	-0.20479	-0.23229	-0.19332	-0.17481	-0.15549	-0.10501	-0.037985	0.029981	0.055555	2.8553
935.07	0.02116	0.011324	-0.13409	-0.21358	-0.274	-0.35231	-0.44551	-0.57789	-0.64321	-0.72514	-0.87049	-1.0293	1.5986	-0.35203	0.46167	0.85414	0.80876	0.49357	0.28816	5.0917e-005	-0.10997	-0.1836	-0.20809	-0.19573	-0.15106	-0.14985	-0.10736	-0.037977	0.03491	0.054747	3.083
935.82	0.026949	-0.0018404	-0.13562	-0.21824	-0.29455	-0.36606	-0.46442	-0.60608	-0.64823	-0.95695	-0.87887	-1.1218	1.5321	-0.42445	0.24978	0.87904	0.83922	0.52914	0.3326	0.041839	-0.078238	-0.16571	-0.19586	-0.18166	-0.15781	-0.13291	-0.11123	-0.046184	0.025839	0.026121	3.4017
934.43	0.037792	0.0020317	-0.13828	-0.21292	-0.30494	-0.36836	-0.46357	-0.63076	-0.72757	-0.95837	-0.9347	-1.03	1.4854	-0.44936	0.3031	0.76932	0.84046	0.53695	0.37156	0.074353	-0.070229	-0.12703	-0.1889	-0.16389	-0.1458	-0.13311	-0.094769	-0.027506	0.036582	0.044449	3.608
934.86	0.052725	0.0074539	-0.12019	-0.21605	-0.29034	-0.37873	-0.49036	-0.63211	-0.77077	-1.0183	-1.0796	-1.0975	1.6398	-0.59472	0.29414	0.94823	0.86221	0.60782	0.4169	0.10249	-0.040954	-0.12443	-0.15419	-0.16464	-0.13043	-0.11781	-0.082854	-0.023745	0.032449	0.040455	3.878
932.73	0.022875	0.0012578	-0.13853	-0.22057	-0.29372	-0.40247	-0.4938	-0.65244	-0.80108	-0.88241	-1.1822	-1.2874	1.5372	-0.76629	0.15334	0.7194	0.86828	0.63473	0.46582	0.14037	-0.01581	-0.088268	-0.14889	-0.14119	-0.10772	-0.11567	-0.057662	-0.033566	0.045724	0.050904	4.1419
937.09	0.024428	-0.00029294	-0.15015	-0.23401	-0.30136	-0.41111	-0.51074	-0.68292	-0.74524	-1.0244	-1.2401	-1.4509	1.53	-1.0532	0.020599	0.70752	0.85688	0.67207	0.49731	0.18996	0.01911	-0.076887	-0.13053	-0.12909	-0.11257	-0.094341	-0.074762	-0.037149	0.020876	0.045909	4.4665
937.09	0.039343	0.0051172	-0.12317	-0.24445	-0.31219	-0.41199	-0.52074	-0.70745	-0.79498	-0.96425	-1.2673	-1.4424	1.4731	-0.9967	-0.15541	0.82676	0.86833	0.71061	0.54976	0.22232	0.049091	-0.044821	-0.11607	-0.11519	-0.097301	-0.09674	-0.069237	-0.033409	0.047975	0.063351	4.7727
936.14	0.019476	0.0043492	-0.13966	-0.24389	-0.33146	-0.45011	-0.53823	-0.73518	-0.81002	-1.275	-1.2868	-1.4608	1.6375	-1.1512	-0.27893	0.66563	0.85694	0.74203	0.59263	0.24045	0.073477	-0.013614	-0.081615	-0.092394	-0.085174	-0.083227	-0.075629	-0.023712	0.039802	0.032463	5.1304
933.9	0.027005	-0.001069	-0.16133	-0.24609	-0.33044	-0.44416	-0.57504	-0.75827	-0.86582	-1.2435	-1.4262	-1.5919	1.6006	-1.4858	-0.35025	0.55613	0.85735	0.75259	0.61604	0.28204	0.11431	0.010906	-0.070524	-0.081131	-0.074657	-0.077009	-0.054421	-0.021518	0.047315	0.045271	5.4304
934.54	0.030311	0.0066818	-0.15384	-0.25397	-0.32118	-0.44298	-0.58545	-0.77168	-0.88265	-1.1479	-1.5252	-1.6248	1.6893	-1.4201	-0.31471	0.70945	0.8543	0.78545	0.65486	0.32198	0.14836	0.020207	-0.053563	-0.057301	-0.059299	-0.065727	-0.041719	-0.014756	0.048106	0.053983	5.8167
934.33	0.022836	-0.0095952	-0.13173	-0.27095	-0.35109	-0.45098	-0.6072	-0.8063	-0.94303	-1.3637	-1.5165	-1.8803	1.4448	-1.825	-0.69435	0.46191	0.83482	0.81551	0.68799	0.34854	0.16465	0.048137	-0.034238	-0.049114	-0.051657	-0.058524	-0.03856	-0.00050943	0.04894	0.053202	6.1514
932.84	0.010389	-0.010388	-0.14673	-0.27058	-0.36343	-0.48866	-0.63755	-0.82812	-0.9715	-1.4004	-1.619	-2.028	1.5534	-1.9819	-0.8104	0.47121	0.78934	0.83441	0.71975	0.37476	0.20724	0.072797	-0.010893	-0.033589	-0.05174	-0.043352	-0.026726	0.0017434	0.044894	0.050898	6.539
930.18	0.025443	-0.0057455	-0.1595	-0.26569	-0.38264	-0.47771	-0.6417	-0.86673	-1.014	-1.4044	-1.6875	-1.9741	1.5578	-2.1827	-0.94571	0.20658	0.75948	0.86415	0.75336	0.4376	0.24783	0.11211	0.0076889	-0.021331	-0.023436	-0.030585	-0.029984	0.010789	0.054951	0.048647	6.9265
928.58	0.029668	-0.026813	-0.15648	-0.28479	-0.38694	-0.51035	-0.65911	-0.89049	-1.0668	-1.6584	-1.7545	-2.2598	1.5687	-2.5202	-1.0895	0.30149	0.71046	0.86475	0.78625	0.47015	0.28506	0.14125	0.035264	-0.0056932	-0.021167	-0.024988	-0.028441	-0.0057934	0.038471	0.036727	7.2942
932.52	0.027046	-0.0026231	-0.15253	-0.28197	-0.40342	-0.49323	-0.67489	-0.91467	-1.0885	-1.565	-1.8927	-2.4206	1.5375	-2.6231	-1.3944	0.09484	0.6598	0.87078	0.80574	0.49469	0.31398	0.17203	0.051259	0.015692	-0.0026693	-0.014434	-0.0084878	0.018276	0.038307	0.059678	7.6603
933.37	0.011215	-0.023574	-0.15896	-0.2793	-0.40668	-0.52356	-0.67814	-0.93517	-1.1231	-1.7016	-2.0002	-2.4865	1.528	-2.9042	-1.5257	0.10328	0.59764	0.87878	0.82779	0.53186	0.34136	0.19136	0.081855	0.046868	0.018025	0.013684	0.006579	0.01976	0.042396	0.038927	8.0565
