13311	5	3	91	26	746	1	14	8	1.165	128	4096	10	0	0	0	0	149.12	918.49	1.4014e+006	0.11487	0.050546	39.825	0	0	1	0	0	0	11	0	0
850.54	0.0020998	-0.024661	-0.17362	-0.31834	-0.49623	-0.5902	-0.82332	-1.167	-1.4453	-2.2816	-2.9262	-3.4067	-4.5964	-5.2698	-3.743	-1.5986	-0.19827	0.77065	0.88204	0.74116	0.55154	0.38434	0.24631	0.16185	0.11462	0.081331	0.062123	0.044751	0.03033	0.020669	11.152
852.89	0.0039156	-0.033085	-0.15249	-0.351	-0.45325	-0.62707	-0.84811	-1.1575	-1.5142	-2.0959	-3.0276	-3.7325	-4.8341	-5.6897	-3.8197	-1.7813	-0.33695	0.73773	0.86842	0.76344	0.58029	0.39441	0.25799	0.18116	0.13192	0.099562	0.069757	0.046271	0.035658	0.017998	11.547
855.99	0.0011799	-0.028734	-0.16536	-0.30664	-0.4911	-0.62384	-0.8324	-1.1837	-1.5416	-2.2765	-3.0563	-3.5798	-5.2354	-6.0047	-4.2876	-2.0453	-0.46372	0.69766	0.86442	0.78958	0.61012	0.42993	0.27992	0.2163	0.1423	0.11146	0.089384	0.052652	0.049014	0.021406	11.953
855.45	-0.0097123	-0.043992	-0.14039	-0.32178	-0.48548	-0.63479	-0.91385	-1.1854	-1.5624	-2.3532	-3.1377	-3.8328	-5.3278	-6.4238	-4.6953	-2.3544	-0.64312	0.6578	0.84696	0.79101	0.6327	0.43852	0.31441	0.21823	0.15577	0.12116	0.085116	0.069068	0.036452	0.028369	12.343
852.68	-0.013384	-0.029694	-0.14713	-0.32548	-0.50787	-0.64937	-0.90161	-1.2198	-1.6144	-2.3609	-3.367	-3.985	-5.8103	-6.8171	-4.846	-2.6522	-0.7701	0.62625	0.83681	0.82821	0.64544	0.47889	0.32162	0.22613	0.16466	0.12508	0.11055	0.059432	0.051011	0.031074	12.721
849.15	-0.019843	-0.069052	-0.16398	-0.3419	-0.49107	-0.62983	-0.89601	-1.2672	-1.6489	-2.4181	-3.3709	-4.3477	-5.9602	-7.1749	-5.1866	-2.7948	-0.94653	0.58922	0.81783	0.83823	0.69552	0.48088	0.34777	0.24962	0.17124	0.15031	0.09359	0.062155	0.035815	0.018077	13.126
848.83	-0.050952	-0.063958	-0.18571	-0.35267	-0.49624	-0.67359	-0.95327	-1.2849	-1.7097	-2.5424	-3.5223	-4.3587	-6.4387	-7.4982	-5.4509	-3.3317	-1.1148	0.51401	0.78876	0.85547	0.69399	0.4969	0.35234	0.25874	0.18816	0.1433	0.10757	0.07126	0.043989	0.025088	13.552
849.9	-0.065504	-0.088592	-0.16654	-0.32477	-0.50754	-0.63121	-0.9402	-1.2815	-1.7284	-2.6624	-3.5278	-4.5308	-6.655	-7.9069	-6.0166	-3.5153	-1.2882	0.46121	0.77827	0.86191	0.71635	0.51395	0.36784	0.28005	0.19634	0.1537	0.11875	0.072819	0.037594	-0.0020464	13.933
851.29	-0.069045	-0.076536	-0.17347	-0.31717	-0.50969	-0.63886	-0.96747	-1.3352	-1.7361	-2.5634	-3.8512	-4.5887	-6.8591	-8.3292	-6.1812	-3.7627	-1.4436	0.41321	0.74081	0.868	0.73035	0.54748	0.39642	0.28409	0.21534	0.15433	0.11942	0.075992	0.024879	0.0031958	14.369
852.25	-0.085367	-0.11554	-0.19036	-0.32476	-0.523	-0.694	-1.007	-1.3696	-1.8244	-2.6929	-3.9366	-4.9284	-7.3347	-8.7544	-6.6581	-4.0956	-1.6568	0.31354	0.71502	0.87825	0.73576	0.56078	0.40304	0.29816	0.21846	0.1568	0.13144	0.076728	0.0085962	-0.0063991	14.801
852.89	-0.086214	-0.11376	-0.16686	-0.34217	-0.52558	-0.67327	-1.0113	-1.3713	-1.8568	-2.757	-3.9137	-5.0644	-7.6779	-9.2177	-7.0109	-4.4387	-1.8873	0.24209	0.656	0.8673	0.75658	0.57612	0.41773	0.30422	0.24597	0.18392	0.13048	0.085707	0.014906	-0.0098786	15.207
853.74	-0.1216	-0.12382	-0.19989	-0.32772	-0.52307	-0.68028	-0.98073	-1.3986	-1.8333	-2.7825	-4.238	-5.0314	-7.974	-9.3767	-7.3999	-4.8642	-2.0613	0.18608	0.63644	0.87952	0.76293	0.59406	0.42702	0.34071	0.24656	0.17846	0.16241	0.082339	0.011285	-0.015091	15.608
853.21	-0.13896	-0.15361	-0.22516	-0.32528	-0.52538	-0.70284	-1.0194	-1.3959	-1.8978	-2.907	-4.1909	-5.2953	-8.3276	-9.9851	-7.8492	-5.3723	-2.2907	0.099611	0.59385	0.86978	0.77231	0.60463	0.45022	0.34451	0.25007	0.18473	0.1417	0.086497	0.0094896	-0.0090029	16.007
850.43	-0.15403	-0.15667	-0.26373	-0.37768	-0.50325	-0.69548	-0.99643	-1.4248	-1.9596	-2.8502	-4.3044	-5.5928	-8.7584	-10.373	-8.2919	-5.5682	-2.5162	0.030442	0.54577	0.88388	0.78823	0.61776	0.45435	0.34924	0.26602	0.20384	0.13955	0.076068	0.00047171	-0.028254	16.381
846.48	-0.16117	-0.18649	-0.23872	-0.37233	-0.51858	-0.66867	-0.93888	-1.4188	-2.009	-2.9872	-4.3747	-5.6001	-9.0606	-10.708	-8.7009	-5.8487	-2.708	-0.05184	0.52405	0.87199	0.80985	0.64213	0.48048	0.3735	0.27403	0.21364	0.16642	0.090495	-0.0077069	-0.039797	16.82
842.41	-0.20526	-0.20458	-0.25169	-0.37144	-0.5281	-0.69918	-0.96824	-1.462	-1.9625	-3.0876	-4.5873	-5.9477	-9.385	-11.271	-9.2226	-6.398	-2.9521	-0.13784	0.48478	0.90367	0.8399	0.65556	0.49978	0.37712	0.28384	0.21823	0.15932	0.08095	-0.01962	-0.047045	17.199
838.99	-0.19129	-0.22527	-0.31755	-0.37386	-0.56147	-0.68344	-1.0143	-1.4899	-2.0816	-3.1195	-4.5858	-6.0383	-9.696	-11.659	-9.5944	-6.5667	-3.1303	-0.20786	0.45179	0.89784	0.84151	0.68273	0.5054	0.39966	0.27817	0.22895	0.16174	0.08295	-0.0041071	-0.055207	17.585
839.74	-0.23736	-0.25181	-0.30632	-0.40848	-0.55594	-0.70336	-1.0091	-1.4192	-1.9846	-3.0687	-4.7637	-6.014	-9.7873	-11.829	-9.576	-6.865	-3.2981	-0.23993	0.40247	0.91129	0.85342	0.69437	0.53453	0.40478	0.30944	0.22964	0.1704	0.099565	-0.03068	-0.071084	17.925
841.02	-0.26285	-0.28587	-0.39239	-0.45529	-0.61236	-0.75401	-0.99728	-1.4435	-1.9912	-3.0449	-4.7059	-6.052	-9.8721	-12.224	-9.8949	-7.1677	-3.4762	-0.34985	0.36261	0.89662	0.85032	0.70271	0.52745	0.39323	0.28686	0.24355	0.16398	0.081919	-0.035207	-0.092178	18.252
839.96	-0.31032	-0.34142	-0.41387	-0.49799	-0.64735	-0.74715	-1.0861	-1.4088	-1.9154	-3.0008	-4.6917	-6.1259	-9.9664	-12.303	-10.124	-7.3668	-3.5527	-0.3718	0.34648	0.89681	0.87942	0.71207	0.54157	0.42565	0.3051	0.23493	0.16067	0.071178	-0.048996	-0.091412	18.568
838.78	-0.34871	-0.34449	-0.41079	-0.48074	-0.70769	-0.82942	-1.1117	-1.4674	-1.9048	-2.8514	-4.5262	-6.0019	-10.117	-12.185	-10.177	-7.3486	-3.596	-0.4144	0.35484	0.90853	0.87794	0.73758	0.54502	0.43721	0.32344	0.23616	0.18736	0.064593	-0.049064	-0.11457	18.87
838.89	-0.34404	-0.36258	-0.4765	-0.61797	-0.73278	-0.91543	-1.2199	-1.6088	-1.9928	-2.7166	-4.475	-5.9349	-9.5608	-12.346	-10.353	-7.6235	-3.686	-0.43979	0.32331	0.91698	0.89503	0.72618	0.55123	0.42163	0.31743	0.23881	0.17587	0.068762	-0.059148	-0.12253	19.173
836.11	-0.41948	-0.43568	-0.51015	-0.61552	-0.89287	-1.0913	-1.4284	-1.7305	-2.1286	-2.7738	-4.5102	-5.5271	-8.8902	-11.473	-9.6177	-7.2575	-3.5022	-0.37449	0.36562	0.9353	0.91254	0.76169	0.56927	0.43494	0.31506	0.24408	0.16672	0.068153	-0.086955	-0.14515	19.481
832.36	-0.40737	-0.44982	-0.53453	-0.67617	-0.9578	-1.4226	-1.7043	-1.8625	-2.2342	-2.5927	-3.8164	-5.0652	-7.4366	-9.8356	-8.135	-6.2164	-2.9776	-0.19177	0.4783	0.96252	0.93215	0.75182	0.57273	0.44334	0.31648	0.23888	0.15947	0.070984	-0.073479	-0.13241	19.756
826.48	-0.41779	-0.43725	-0.59674	-0.98609	-1.3909	-1.7406	-1.8465	-2.025	-2.4049	-2.6794	-3.4429	-3.4962	-5.0163	-7.3991	-5.7081	-5.015	-2.2072	0.019407	0.60064	0.98964	0.92592	0.75047	0.57863	0.43723	0.32133	0.25055	0.1615	0.062165	-0.093557	-0.16122	19.999
821.88	-0.48343	-0.61242	-0.95057	-1.423	-1.773	-1.9151	-1.9139	-2.027	-2.2357	-2.2827	-2.7286	-2.7136	-3.9307	-5.0581	-4.1144	-3.9653	-1.5232	0.25721	0.74501	1.0156	0.92926	0.7643	0.57363	0.449	0.31095	0.24192	0.1507	0.051429	-0.095952	-0.18563	20.216
818.13	-0.66976	-0.83654	-1.4128	-1.6706	-1.6954	-1.8175	-1.9244	-1.8799	-2.0795	-2.1258	-2.2429	-2.425	-1.8884	-3.2146	-2.3993	-2.6276	-0.9178	0.47711	0.82732	1.0202	0.91217	0.73107	0.55693	0.40423	0.28702	0.20089	0.12336	-0.0014389	-0.18387	-0.24279	20.407
811.92	-0.92639	-0.98388	-1.4501	-1.6713	-1.7781	-1.7354	-1.8227	-1.9349	-1.7728	-1.8941	-1.6012	-1.6119	-1.6398	-1.7027	-1.9605	-1.9597	-0.48039	0.62533	0.89689	0.98576	0.85741	0.68991	0.5	0.36203	0.21609	0.12489	0.033186	-0.11364	-0.36535	-0.49721	20.563
802.82	-1.2145	-1.3054	-1.4493	-1.5787	-1.6698	-1.8624	-1.9	-1.4778	-1.3174	-1.1029	-1.1328	-1.1355	-1.0504	-1.5337	-1.4177	-1.4054	-0.20051	0.74796	0.93721	0.98502	0.82646	0.62387	0.44942	0.27548	0.14014	0.036689	-0.091765	-0.24323	-0.61009	-0.74163	20.755
797.14	-1.3644	-1.0775	-1.3578	-1.5087	-1.6054	-1.5606	-1.5516	-1.3836	-1.1134	-1.1511	-0.90651	-1.0738	-1.3066	-0.96607	-1.5313	-0.96488	-0.020298	0.80271	0.98161	0.94698	0.77805	0.60252	0.40824	0.24765	0.098971	-0.012881	-0.12026	-0.3109	-0.64919	-0.81775	20.93
796.71	-1.0298	-1.1108	-1.4258	-1.4358	-1.4853	-1.4656	-1.3379	-1.2362	-1.205	-1.1821	-0.907	-0.96472	-1.2212	-1.1564	-1.3768	-0.79511	0.041234	0.82787	0.96741	0.92045	0.7556	0.54925	0.38106	0.21221	0.072987	-0.0053611	-0.12311	-0.27852	-0.57227	-0.67177	21.134
807.32	-1.0654	-1.0801	-1.1471	-1.1941	-1.2963	-1.3152	-1.3087	-1.2997	-1.1452	-0.98694	-1.0318	-1.1587	-1.2524	-0.90707	-1.3485	-0.76489	0.10427	0.83428	0.95652	0.89847	0.72121	0.53126	0.35554	0.21131	0.077346	-0.047993	-0.13616	-0.2983	-0.58	-0.697	21.307
827.33	-0.9448	-0.98656	-0.88503	-1.0842	-1.1893	-1.2665	-1.2553	-1.1766	-1.0629	-1.1091	-0.86315	-1.121	-1.0561	-1.0222	-1.3757	-0.59206	0.09712	0.83394	0.93869	0.87384	0.72671	0.50216	0.34875	0.20806	0.065099	-0.012411	-0.13554	-0.28007	-0.54085	-0.64601	21.471
850.97	-0.83735	-0.83916	-0.92708	-1.1461	-1.2308	-1.2246	-1.1416	-1.1727	-1.1064	-0.96473	-1.0188	-1.1086	-1.2329	-1.0915	-1.3666	-0.7913	0.096223	0.80692	0.90142	0.82894	0.69047	0.50494	0.33376	0.20138	0.069175	-0.016469	-0.11265	-0.25253	-0.46705	-0.54687	21.547
868.81	-0.77637	-0.86611	-1.0773	-1.191	-1.1909	-1.2032	-1.1123	-1.0772	-1.0318	-0.99127	-0.77307	-1.0401	-1.0584	-1.0604	-1.3195	-0.51786	0.12423	0.79696	0.90739	0.83488	0.66755	0.47546	0.31738	0.17167	0.043879	-0.023031	-0.12056	-0.24734	-0.43709	-0.51768	21.62
875.43	-0.79001	-0.85625	-1.1427	-1.2009	-1.1549	-1.1548	-1.0611	-0.96317	-0.93607	-0.96539	-0.81574	-0.91429	-0.91969	-0.89694	-1.0458	-0.55953	0.23093	0.83407	0.91729	0.81216	0.65296	0.47096	0.30552	0.16249	0.04028	-0.043404	-0.12641	-0.25828	-0.46192	-0.54008	21.622
869.02	-0.89144	-0.9384	-1.1176	-1.1292	-1.037	-1.0046	-0.99005	-0.94206	-0.89018	-0.88907	-0.82175	-0.88445	-0.92646	-0.72957	-1.025	-0.4351	0.27319	0.83455	0.91646	0.80162	0.6333	0.42621	0.28005	0.13284	0.00024869	-0.069597	-0.18182	-0.31179	-0.54325	-0.62785	21.667
851.07	-0.91206	-0.94373	-1.062	-1.0505	-1.0688	-0.9978	-0.9533	-0.91781	-0.90374	-0.91728	-0.81913	-0.92177	-0.91016	-0.9226	-1.0175	-0.40675	0.31405	0.87144	0.93578	0.81664	0.62882	0.42962	0.26739	0.11584	-0.00058761	-0.087795	-0.19435	-0.33483	-0.55741	-0.61489	21.719
833.22	-0.92508	-0.89441	-1.0259	-1.063	-1.042	-1.0133	-0.96594	-0.93196	-0.87338	-0.85961	-0.72457	-0.76993	-0.95712	-0.76998	-0.97005	-0.2718	0.36951	0.89307	0.95407	0.8169	0.63682	0.44358	0.26499	0.13211	0.00025938	-0.079783	-0.1701	-0.33359	-0.54258	-0.63342	21.735
823.27	-0.8825	-0.88851	-0.98898	-1.0329	-1.032	-0.96769	-0.93907	-0.93206	-0.89652	-0.89935	-0.76429	-0.78888	-0.82973	-0.87112	-1.0419	-0.22663	0.38329	0.91284	0.96649	0.81805	0.63806	0.4547	0.25996	0.11603	-0.005819	-0.088939	-0.18743	-0.33422	-0.54726	-0.63205	21.782
820.49	-0.8836	-0.90653	-0.99887	-0.9832	-0.97578	-0.92995	-0.91325	-0.91188	-0.88153	-0.81404	-0.80826	-0.86902	-0.84183	-0.79116	-0.93484	-0.24684	0.41727	0.92993	0.97871	0.83347	0.63467	0.43022	0.25809	0.10615	-0.01107	-0.097462	-0.2061	-0.33621	-0.55568	-0.64054	21.833
827.98	-0.87936	-0.88258	-0.94634	-0.94157	-0.94654	-0.91361	-0.87014	-0.87032	-0.8664	-0.96232	-0.83171	-0.9187	-0.67763	-0.76573	-0.98615	-0.27354	0.41812	0.93342	0.96986	0.79798	0.62618	0.40627	0.27121	0.11259	-0.041204	-0.10473	-0.21496	-0.33655	-0.54508	-0.63833	21.755
836.11	-0.8188	-0.861	-0.90324	-0.882	-0.88277	-0.87724	-0.84615	-0.83528	-0.81816	-0.70251	-0.69161	-0.75777	-0.84436	-0.7221	-0.79901	-0.19451	0.44521	0.90962	0.94376	0.79308	0.60374	0.40327	0.23166	0.10233	-0.013429	-0.11895	-0.19517	-0.33412	-0.5269	-0.58503	21.782
839.53	-0.81177	-0.85318	-0.88039	-0.85958	-0.84092	-0.83455	-0.83068	-0.8045	-0.75402	-0.78598	-0.64832	-0.86822	-0.81366	-0.7822	-0.86452	-0.1747	0.46985	0.92742	0.94603	0.7813	0.604	0.40257	0.22803	0.10374	-0.019338	-0.10596	-0.20143	-0.32274	-0.50641	-0.59061	21.78
842.2	-0.76863	-0.81005	-0.86395	-0.84344	-0.81919	-0.78707	-0.77238	-0.77557	-0.74548	-0.75479	-0.61603	-0.67682	-0.72956	-0.7887	-0.69529	-0.03202	0.50475	0.92643	0.94215	0.78924	0.59937	0.40504	0.23267	0.088856	-0.024373	-0.11453	-0.20167	-0.31007	-0.52034	-0.56844	21.755
843.48	-0.74076	-0.7865	-0.82812	-0.80111	-0.76284	-0.75765	-0.74469	-0.76077	-0.70839	-0.79184	-0.62516	-0.55336	-0.80984	-0.6441	-0.72357	-0.1455	0.51397	0.92015	0.94072	0.78047	0.58226	0.39974	0.22963	0.091446	-0.023487	-0.1108	-0.18382	-0.31292	-0.49765	-0.56934	21.613
835.46	-0.75531	-0.7533	-0.7728	-0.77997	-0.76815	-0.74331	-0.73803	-0.74606	-0.70279	-0.72232	-0.57017	-0.66327	-0.72632	-0.69553	-0.71077	-0.041844	0.52074	0.93291	0.94712	0.78032	0.58966	0.3837	0.21472	0.070316	-0.042548	-0.11545	-0.20772	-0.32515	-0.50243	-0.57214	21.471
823.8	-0.75469	-0.73847	-0.76979	-0.76086	-0.77081	-0.74088	-0.73009	-0.71942	-0.68669	-0.73254	-0.67102	-0.65337	-0.7366	-0.64113	-0.62071	-0.10055	0.56624	0.95309	0.96943	0.78846	0.58879	0.38146	0.21959	0.084333	-0.021443	-0.11436	-0.19899	-0.3306	-0.49086	-0.5649	21.269
813.53	-0.71173	-0.75136	-0.76821	-0.76954	-0.72758	-0.72199	-0.72513	-0.72003	-0.7081	-0.63288	-0.66904	-0.72997	-0.73654	-0.77004	-0.82117	0.12381	0.57998	0.9621	0.97085	0.76703	0.5841	0.36295	0.20385	0.063738	-0.056004	-0.11211	-0.21605	-0.32875	-0.47814	-0.5492	21.128
807.85	-0.73499	-0.7396	-0.76318	-0.75259	-0.72223	-0.7362	-0.72219	-0.72225	-0.69659	-0.77692	-0.74732	-0.74495	-0.82669	-0.83159	-0.72484	0.14445	0.61251	0.96785	0.97858	0.77143	0.56658	0.37333	0.20995	0.058493	-0.049315	-0.12496	-0.23222	-0.32585	-0.49103	-0.56042	20.857
810.42	-0.72595	-0.73368	-0.76359	-0.74649	-0.72932	-0.71159	-0.69587	-0.70389	-0.66882	-0.74464	-0.47254	-0.75238	-0.59819	-0.61438	-0.80397	0.16367	0.64176	0.98807	0.98634	0.76209	0.56947	0.35848	0.18978	0.066816	-0.064162	-0.11902	-0.23057	-0.32915	-0.49232	-0.54856	20.633
822.09	-0.70809	-0.69331	-0.72573	-0.70201	-0.70253	-0.6905	-0.66669	-0.67619	-0.66383	-0.70467	-0.67242	-0.78035	-0.63608	-0.64246	-0.85276	-0.0036792	0.65222	0.95208	0.96966	0.73962	0.54661	0.34859	0.17976	0.061209	-0.059771	-0.14286	-0.2147	-0.33044	-0.4741	-0.53445	20.368
838.14	-0.64728	-0.66881	-0.68076	-0.66881	-0.65177	-0.66749	-0.64016	-0.65045	-0.60875	-0.63351	-0.54808	-0.65168	-0.7058	-0.63016	-0.64947	0.024958	0.67081	0.94463	0.94234	0.72451	0.51983	0.33153	0.17003	0.054552	-0.055212	-0.13386	-0.20441	-0.30906	-0.45951	-0.50737	20.08
853.64	-0.61643	-0.62188	-0.62801	-0.63727	-0.63103	-0.63037	-0.61501	-0.63684	-0.61416	-0.64089	-0.4685	-0.60263	-0.40707	-0.663	-0.44444	0.1367	0.65953	0.94767	0.91578	0.70201	0.50417	0.32366	0.17929	0.032919	-0.059237	-0.1288	-0.22497	-0.29935	-0.45207	-0.49816	19.827
866.03	-0.62375	-0.61967	-0.64114	-0.62989	-0.63371	-0.6204	-0.60788	-0.61977	-0.57975	-0.65962	-0.51083	-0.57566	-0.61261	-0.65351	-0.5238	0.25454	0.68636	0.91515	0.8976	0.67077	0.48994	0.30808	0.13935	0.02714	-0.071605	-0.13128	-0.20722	-0.29264	-0.41361	-0.47644	19.532
866.35	-0.60559	-0.61108	-0.63383	-0.61575	-0.61202	-0.62301	-0.59017	-0.60362	-0.60003	-0.63148	-0.51064	-0.63046	-0.70043	-0.54856	-0.64735	0.26363	0.67638	0.9186	0.91335	0.65394	0.47223	0.29518	0.14016	0.02094	-0.07488	-0.14421	-0.19861	-0.29819	-0.43211	-0.46683	19.228
861.33	-0.5965	-0.5911	-0.61795	-0.62022	-0.61558	-0.59901	-0.60869	-0.63026	-0.59665	-0.63516	-0.57275	-0.50502	-0.66024	-0.56053	-0.51707	0.31151	0.7079	0.90013	0.88716	0.63922	0.45558	0.28222	0.12438	0.018394	-0.086112	-0.15549	-0.20234	-0.30318	-0.43374	-0.48422	18.945
853.53	-0.60286	-0.58292	-0.59219	-0.59414	-0.61527	-0.63622	-0.64044	-0.61538	-0.62984	-0.54659	-0.43871	-0.7237	-0.5501	-0.73395	-0.39617	0.37982	0.70988	0.92951	0.8884	0.62543	0.44195	0.24867	0.11757	-0.00028574	-0.092765	-0.15691	-0.22673	-0.29692	-0.42328	-0.48081	18.62
847.44	-0.58612	-0.59908	-0.61723	-0.62772	-0.62767	-0.63498	-0.62802	-0.62342	-0.59596	-0.57904	-0.61223	-0.7945	-0.57206	-0.71245	-0.51582	0.43904	0.73216	0.91295	0.89219	0.6384	0.43527	0.25512	0.10776	-0.0048089	-0.10272	-0.16158	-0.23534	-0.30733	-0.41724	-0.46235	18.264
842.74	-0.60874	-0.62734	-0.64614	-0.63301	-0.62215	-0.61514	-0.60586	-0.62781	-0.57031	-0.59183	-0.535	-0.57271	-0.63859	-0.62673	-0.39146	0.38468	0.75352	0.92973	0.89717	0.62492	0.41968	0.23965	0.087819	-0.0048358	-0.11347	-0.17582	-0.23402	-0.31652	-0.41591	-0.46934	17.887
843.27	-0.60836	-0.61063	-0.61938	-0.61208	-0.58869	-0.56998	-0.58665	-0.56472	-0.5796	-0.5819	-0.52462	-0.61004	-0.60201	-0.91322	-0.50859	0.39388	0.77121	0.93499	0.88007	0.59802	0.42122	0.21512	0.087763	-0.032996	-0.11764	-0.17126	-0.24528	-0.31051	-0.45215	-0.4893	17.588
845.09	-0.57213	-0.57161	-0.56909	-0.58048	-0.58842	-0.57458	-0.56918	-0.58073	-0.55647	-0.70457	-0.53351	-0.61812	-0.65487	-0.75917	-0.38062	0.3647	0.7759	0.90384	0.86082	0.58351	0.38796	0.19314	0.069762	-0.046523	-0.11993	-0.17799	-0.24738	-0.30321	-0.43297	-0.46275	17.213
845.09	-0.54733	-0.54761	-0.5564	-0.55643	-0.54843	-0.54739	-0.54955	-0.58799	-0.54771	-0.55206	-0.39286	-0.55233	-0.64585	-0.80389	-0.43916	0.50634	0.79221	0.92035	0.86169	0.59107	0.38437	0.20343	0.076887	-0.042895	-0.1157	-0.18242	-0.22899	-0.30072	-0.39836	-0.43638	16.841
843.48	-0.51615	-0.52546	-0.55292	-0.56552	-0.55949	-0.57665	-0.54119	-0.58002	-0.53034	-0.61041	-0.71575	-0.58161	-0.59282	-0.97573	-0.24443	0.46001	0.7919	0.92015	0.84071	0.55813	0.36079	0.17944	0.05294	-0.053877	-0.11761	-0.18988	-0.2382	-0.28966	-0.39912	-0.41431	16.404
839.1	-0.51607	-0.52907	-0.55672	-0.56668	-0.5322	-0.53173	-0.54144	-0.55475	-0.5481	-0.59439	-0.58795	-0.6604	-0.59592	-0.82766	-0.23589	0.4339	0.81795	0.91126	0.8521	0.55154	0.34277	0.16342	0.05142	-0.053246	-0.11908	-0.17211	-0.23327	-0.29201	-0.38103	-0.41204	16.065
833.75	-0.51472	-0.49164	-0.52537	-0.50441	-0.4971	-0.52135	-0.54404	-0.56657	-0.52499	-0.5499	-0.66301	-0.59794	-0.52656	-0.80576	-0.39568	0.38879	0.83147	0.93384	0.85405	0.56178	0.35407	0.17964	0.03911	-0.046237	-0.11212	-0.1876	-0.21525	-0.27371	-0.37886	-0.41201	15.649
830.33	-0.48318	-0.50413	-0.52385	-0.51736	-0.52968	-0.53833	-0.52718	-0.52278	-0.5227	-0.57158	-0.50211	-0.80131	-0.67571	-1.0003	-0.22845	0.56341	0.82013	0.91693	0.84078	0.54199	0.36102	0.16896	0.038365	-0.058423	-0.12723	-0.1622	-0.22148	-0.26302	-0.36096	-0.38687	15.276
827.44	-0.50833	-0.50239	-0.5229	-0.51553	-0.47026	-0.48863	-0.48544	-0.47738	-0.51558	-0.53462	-0.75016	-0.86171	-0.79789	-1.0038	-0.24917	0.40142	0.86003	0.92708	0.84726	0.5323	0.32465	0.15617	0.03122	-0.058627	-0.12162	-0.18269	-0.21868	-0.26225	-0.35757	-0.38373	14.881
828.62	-0.47387	-0.48682	-0.46206	-0.46302	-0.4339	-0.39481	-0.43948	-0.42401	-0.47289	-0.47555	-0.4724	-0.82213	-0.75994	-1.1483	-0.27868	0.68013	0.84864	0.92675	0.83898	0.52673	0.32786	0.13209	0.037536	-0.069637	-0.11972	-0.16796	-0.22372	-0.24496	-0.35892	-0.38946	14.512
831.08	-0.43977	-0.43657	-0.42474	-0.38647	-0.37059	-0.36797	-0.37049	-0.46147	-0.54448	-0.65828	-0.71622	-0.95352	-1.0238	-1.3087	-0.33741	0.36123	0.83322	0.90722	0.81973	0.51173	0.30861	0.13075	0.020217	-0.064823	-0.13658	-0.16746	-0.22217	-0.25773	-0.33564	-0.35344	14.106
835.78	-0.37226	-0.35353	-0.34443	-0.31495	-0.33717	-0.35116	-0.4012	-0.46712	-0.51132	-0.7895	-0.84427	-1.2998	-1.1732	-1.4099	-0.4934	0.38785	0.8157	0.89916	0.81072	0.49835	0.30233	0.12717	0.011997	-0.076375	-0.13924	-0.16831	-0.20676	-0.25879	-0.30428	-0.31856	13.735
844.13	-0.31891	-0.30971	-0.29293	-0.29133	-0.30381	-0.33602	-0.35879	-0.3781	-0.45281	-0.60039	-0.88622	-1.3528	-1.5863	-1.7452	-0.62532	0.29894	0.78041	0.8825	0.81401	0.50288	0.29755	0.12498	0.020796	-0.074711	-0.10905	-0.16132	-0.18543	-0.21971	-0.2721	-0.26788	13.342
857.16	-0.25427	-0.27035	-0.28132	-0.26231	-0.31299	-0.36443	-0.34071	-0.34196	-0.45714	-0.92956	-1.1105	-1.6195	-1.9804	-1.7716	-0.86597	0.16407	0.74351	0.86716	0.82045	0.50268	0.29922	0.13691	0.014333	-0.051231	-0.10238	-0.13788	-0.15758	-0.19103	-0.2123	-0.22393	12.959
866.88	-0.23351	-0.25479	-0.27817	-0.22203	-0.23052	-0.2382	-0.22374	-0.36022	-0.53394	-0.9749	-1.4899	-1.7388	-2.2221	-2.1268	-1.1226	0.024131	0.68392	0.85933	0.80956	0.50901	0.30638	0.14815	0.018513	-0.051539	-0.089685	-0.1251	-0.13363	-0.17514	-0.19306	-0.20428	12.563
871.69	-0.18679	-0.1703	-0.20896	-0.16381	-0.15073	-0.19733	-0.23078	-0.43909	-0.65321	-1.1728	-1.4719	-1.8842	-2.3674	-2.5053	-1.2395	0.042315	0.64939	0.86401	0.82109	0.53458	0.3256	0.16638	0.027911	-0.034556	-0.07196	-0.10635	-0.1278	-0.14846	-0.16727	-0.18525	12.184
870.09	-0.13805	-0.1473	-0.094882	-0.13989	-0.21219	-0.19581	-0.29006	-0.5121	-0.78621	-1.3509	-1.5624	-2.198	-2.512	-2.6316	-1.4218	-0.058512	0.60832	0.89202	0.83946	0.52639	0.34452	0.16214	0.062568	-0.0090855	-0.060584	-0.072094	-0.10593	-0.10605	-0.11452	-0.1335	11.787
865.6	-0.091227	-0.054354	-0.11662	-0.16844	-0.18987	-0.22622	-0.39988	-0.66167	-0.9031	-1.4695	-1.7569	-2.2737	-2.6924	-2.916	-1.6388	-0.13258	0.59377	0.87293	0.8455	0.55493	0.34982	0.1913	0.056803	-0.001168	-0.041892	-0.069006	-0.050067	-0.069358	-0.0591	-0.069818	11.446
861.12	-0.048421	-0.053795	-0.13858	-0.13086	-0.183	-0.26172	-0.47148	-0.71939	-0.94904	-1.5146	-1.9534	-2.4423	-2.9367	-3.0278	-1.657	-0.19813	0.54526	0.8832	0.85587	0.58192	0.39044	0.20148	0.088567	0.022849	-0.006395	-0.025848	-0.043453	-0.053445	-0.025451	-0.031355	11.033
854.28	-0.055171	-0.088137	-0.083187	-0.13455	-0.23788	-0.34068	-0.53266	-0.76461	-1.0207	-1.5644	-1.9691	-2.527	-2.9692	-3.0874	-1.7668	-0.19971	0.52362	0.89411	0.87216	0.58938	0.38557	0.21513	0.080466	0.027513	-0.0081198	-0.029566	-0.04207	-0.051412	-0.029258	-0.035084	10.665
845.94	-0.037356	-0.02993	-0.068611	-0.1332	-0.2652	-0.39643	-0.5848	-0.8455	-1.0623	-1.637	-1.9383	-2.6833	-3.0345	-3.2876	-1.8719	-0.31489	0.50886	0.90098	0.8929	0.60557	0.38219	0.20977	0.092827	0.032312	-0.0081998	-0.017452	-0.037237	-0.031211	-0.0058935	-0.016108	10.298
841.56	0.0039683	0.0077799	-0.053492	-0.17236	-0.30574	-0.39752	-0.59728	-0.84535	-1.0924	-1.6742	-2.0695	-2.7162	-3.1591	-3.3586	-1.7445	-0.31653	0.51788	0.91543	0.8836	0.61915	0.39681	0.21368	0.095994	0.024288	0.0028068	-0.016653	-0.026002	-0.023047	0.0032202	0.0014663	9.9482
844.98	0.032437	0.023178	-0.066875	-0.17612	-0.3365	-0.43574	-0.61876	-0.86368	-1.0897	-1.7914	-2.1314	-2.6676	-3.2004	-3.1661	-1.8545	-0.25858	0.52394	0.90492	0.88784	0.60153	0.38532	0.22404	0.093822	0.030536	0.007027	-0.015697	-0.02327	-0.010515	0.02233	0.023444	9.5526
848.62	0.044193	0.012838	-0.07381	-0.1931	-0.32311	-0.44451	-0.62206	-0.86089	-1.1043	-1.6603	-1.9722	-2.6	-3.1328	-3.2238	-1.73	-0.25747	0.51538	0.89137	0.8849	0.58297	0.37829	0.21936	0.086326	0.05749	0.015424	-0.0050332	-0.0013764	-0.0013856	0.046719	0.051361	9.2641
850.43	0.038622	0.025585	-0.078157	-0.22632	-0.33732	-0.45515	-0.61988	-0.87436	-1.108	-1.6378	-1.998	-2.4917	-2.9019	-3.1013	-1.7457	-0.21939	0.55752	0.9107	0.86576	0.59017	0.37928	0.21238	0.10384	0.051061	0.016233	-0.015597	-0.0048546	0.025807	0.05024	0.051251	8.9136
849.9	0.067881	0.017931	-0.095334	-0.24329	-0.36338	-0.44481	-0.633	-0.87041	-1.0939	-1.6009	-1.9592	-2.54	-2.9486	-3.0944	-1.543	-0.0035588	0.56418	0.88616	0.85422	0.58115	0.3813	0.20135	0.087079	0.032165	0.014561	-0.0041443	-0.0031143	0.010983	0.034879	0.056526	8.6264
846.48	0.048892	0.038538	-0.10115	-0.24161	-0.34089	-0.46503	-0.61681	-0.84677	-1.0974	-1.7026	-1.9872	-2.5596	-2.9245	-3.0087	-1.6953	-0.088412	0.5909	0.90332	0.84727	0.56276	0.36041	0.18348	0.076761	0.023244	-0.0039721	-0.0085872	-0.017113	0.0052344	0.05593	0.055001	8.3317
839.85	0.0576	0.036255	-0.10651	-0.24531	-0.3466	-0.43743	-0.65345	-0.84616	-1.0964	-1.6009	-1.8917	-2.3434	-2.8476	-2.9604	-1.5418	0.072428	0.6138	0.89579	0.85658	0.56055	0.35512	0.17645	0.082745	0.034372	0.0096235	0.00026724	0.00037	0.016119	0.063699	0.063398	8.0293
835.14	0.036539	0.031255	-0.12454	-0.26111	-0.35463	-0.47429	-0.64073	-0.86193	-1.0742	-1.6678	-1.9329	-2.4327	-2.9002	-2.9318	-1.6097	0.063267	0.65396	0.93229	0.86843	0.53695	0.33712	0.17461	0.071493	0.014384	-0.0031684	-0.013192	-0.0093702	0.014533	0.060374	0.067312	7.7858
833.97	0.079419	0.02522	-0.13023	-0.22086	-0.36728	-0.44642	-0.62693	-0.8411	-1.0447	-1.7764	-1.8541	-2.2551	-2.8586	-2.7274	-1.5329	0.082484	0.67233	0.89325	0.84767	0.52718	0.34032	0.15969	0.05986	0.0052198	-0.013464	-0.010514	-0.01382	0.00026955	0.056769	0.061171	7.5151
836.53	0.06154	0.020815	-0.084034	-0.22199	-0.35909	-0.44995	-0.61724	-0.82845	-1.0353	-1.4628	-1.8281	-2.2957	-2.5672	-2.6106	-1.2817	0.13949	0.71789	0.91406	0.84332	0.52366	0.3302	0.15919	0.062376	0.021686	-0.0040176	-0.0068984	-0.015547	0.011158	0.062113	0.063649	7.2519
838.89	0.059518	0.006079	-0.13585	-0.21418	-0.34499	-0.4438	-0.62067	-0.82795	-1.0245	-1.4875	-1.7724	-2.1378	-2.66	-2.4591	-1.2093	0.27226	0.72775	0.89682	0.81909	0.49936	0.31117	0.14367	0.047844	-0.0057707	-0.023616	-0.019387	-0.011093	0.0052785	0.061938	0.057271	7.0279
843.7	0.048133	0.029223	-0.089677	-0.23794	-0.34602	-0.4617	-0.62397	-0.8196	-1.016	-1.5554	-1.7724	-2.2385	-2.5002	-2.4271	-1.0753	0.2045	0.7463	0.89754	0.80833	0.48421	0.2797	0.12504	0.044896	0.0042504	-0.018394	-0.015723	-0.018922	0.012725	0.042431	0.068393	6.8206
849.26	0.047818	0.017944	-0.090895	-0.23373	-0.34674	-0.41518	-0.59526	-0.78807	-0.99017	-1.4883	-1.7407	-2.121	-2.403	-2.1976	-0.87403	0.4193	0.78472	0.87814	0.79613	0.46789	0.26982	0.12143	0.027761	0.001516	-0.021644	-0.031505	-0.021412	-0.0055125	0.049402	0.066193	6.6374
855.03	0.048403	0.005116	-0.11089	-0.23743	-0.3197	-0.41526	-0.58112	-0.7711	-0.97743	-1.5537	-1.5204	-1.9859	-2.1994	-2.2535	-0.91637	0.4538	0.76329	0.86645	0.7573	0.4218	0.25468	0.10674	0.020531	-0.020894	-0.050776	-0.030416	-0.044629	-0.0087515	0.04997	0.040547	6.5042
860.16	0.053531	0.027822	-0.12448	-0.22377	-0.34235	-0.43664	-0.57514	-0.7959	-0.95784	-1.3009	-1.5904	-1.9279	-2.1952	-2.0115	-0.75748	0.33049	0.78902	0.85078	0.75193	0.42671	0.23992	0.086797	0.0099063	-0.024332	-0.028852	-0.038948	-0.038343	-0.0021828	0.048776	0.06449	6.3377
862.4	0.054292	0.0050723	-0.12949	-0.23715	-0.3591	-0.42504	-0.58117	-0.76629	-0.92876	-1.4937	-1.4779	-1.8308	-1.9684	-1.8573	-0.87985	0.55172	0.80652	0.85619	0.74828	0.40431	0.22168	0.088406	0.0063895	-0.016274	-0.042878	-0.043191	-0.032238	0.0043241	0.048649	0.045369	6.1923
863.57	0.047026	0.0050654	-0.10624	-0.21329	-0.35861	-0.42161	-0.58289	-0.75815	-0.94548	-1.3424	-1.4956	-1.8099	-1.9922	-1.9248	-0.63034	0.44931	0.79566	0.82555	0.71923	0.3899	0.20291	0.069056	-0.0023359	-0.041977	-0.046962	-0.042265	-0.033907	-0.010288	0.036998	0.054772	6.0621
863.15	0.043449	0.0059081	-0.11783	-0.22909	-0.33921	-0.42942	-0.5815	-0.76119	-0.9271	-1.3991	-1.4668	-1.9672	-1.8518	-1.7506	-0.6402	0.38481	0.81824	0.82406	0.70854	0.38177	0.19686	0.060846	0.0011527	-0.046437	-0.051956	-0.040548	-0.040781	-0.0070449	0.035235	0.059103	5.9788
862.29	0.042594	0.001715	-0.12062	-0.24765	-0.3366	-0.43556	-0.59212	-0.74506	-0.92287	-1.2043	-1.419	-1.7942	-1.9863	-1.8312	-0.47824	0.52401	0.81905	0.81536	0.68287	0.37382	0.18825	0.040733	-0.02329	-0.067808	-0.050348	-0.042326	-0.042537	-0.01843	0.0317	0.053993	5.9
863.47	0.038037	-0.014227	-0.12933	-0.23424	-0.34984	-0.42356	-0.57126	-0.76002	-0.93104	-1.3706	-1.5253	-1.7181	-1.7363	-1.7237	-0.54445	0.4124	0.82947	0.79334	0.67175	0.35483	0.17216	0.0361	-0.029359	-0.057954	-0.054422	-0.063967	-0.044193	-0.0078549	0.036114	0.052197	5.8197
865.07	0.024505	0.010917	-0.12466	-0.25382	-0.34431	-0.44081	-0.57354	-0.74798	-0.92161	-1.3028	-1.493	-1.77	-1.927	-1.7117	-0.51483	0.55002	0.81908	0.8042	0.66966	0.34587	0.15867	0.044259	-0.032787	-0.064931	-0.06259	-0.070781	-0.048387	-0.031332	0.0049125	0.047805	5.7743
864	0.02813	-0.0049956	-0.11949	-0.25065	-0.35843	-0.44705	-0.57007	-0.74004	-0.91248	-1.2765	-1.4555	-1.717	-1.7705	-1.6001	-0.35319	0.51374	0.84403	0.80614	0.67982	0.3426	0.15887	0.032415	-0.03457	-0.070334	-0.065151	-0.068266	-0.044166	-0.022448	0.029857	0.040987	5.7364
860.37	0.044493	-0.013435	-0.12801	-0.24908	-0.36387	-0.44321	-0.58925	-0.75385	-0.89311	-1.2819	-1.4518	-1.7058	-1.8578	-1.5629	-0.43136	0.46952	0.82623	0.79524	0.67672	0.32921	0.16131	0.015091	-0.048713	-0.076862	-0.067087	-0.059844	-0.05467	-0.023355	0.038927	0.052385	5.7107
854.6	0.02117	-0.0075933	-0.13963	-0.26486	-0.35644	-0.46541	-0.5755	-0.75625	-0.91819	-1.2811	-1.5709	-1.7266	-1.7543	-1.5911	-0.53079	0.47269	0.83539	0.82462	0.67614	0.33703	0.14995	0.020745	-0.029665	-0.069314	-0.07591	-0.069895	-0.045517	-0.019414	0.017577	0.048391	5.7046
849.79	0.042306	0.0051475	-0.13682	-0.22915	-0.3515	-0.43038	-0.58046	-0.77315	-0.89204	-1.2978	-1.34	-1.6616	-1.9168	-1.609	-0.46585	0.56928	0.84823	0.809	0.67738	0.33237	0.15795	0.010626	-0.046662	-0.067001	-0.074657	-0.06588	-0.052738	-0.025297	0.030356	0.041671	5.7092
849.9	0.030423	-0.00081674	-0.12959	-0.24861	-0.34847	-0.4506	-0.58972	-0.74781	-0.90847	-1.2692	-1.5796	-1.8203	-1.9076	-1.769	-0.50463	0.58801	0.84091	0.81566	0.67471	0.34641	0.15972	0.021788	-0.043999	-0.070598	-0.077173	-0.047353	-0.05012	-0.029417	0.037594	0.046039	5.7319
846.58	0.048886	-0.016221	-0.1319	-0.25047	-0.3658	-0.43201	-0.58947	-0.75979	-0.90416	-1.3122	-1.345	-1.8274	-1.87	-1.499	-0.43841	0.54317	0.85416	0.81207	0.67215	0.33645	0.15945	0.023744	-0.03617	-0.06816	-0.064801	-0.059048	-0.058182	-0.025393	0.033198	0.060259	5.7183
845.62	0.047106	-0.0085283	-0.12843	-0.21871	-0.36822	-0.43638	-0.57479	-0.76156	-0.89032	-1.3423	-1.3164	-1.6792	-1.7729	-1.5723	-0.40964	0.65703	0.86238	0.8227	0.68766	0.33589	0.1722	0.030316	-0.045113	-0.061897	-0.064874	-0.053797	-0.045126	-0.02045	0.040514	0.047148	5.7228
848.08	0.032318	-0.0067965	-0.15516	-0.24204	-0.35818	-0.45447	-0.57908	-0.77652	-0.90606	-1.215	-1.4728	-1.8804	-1.9027	-1.648	-0.41817	0.6175	0.85265	0.81838	0.68393	0.35844	0.16991	0.042348	-0.043206	-0.065329	-0.062999	-0.058058	-0.041506	-0.017086	0.026786	0.047889	5.7167
852.57	0.041259	-0.013558	-0.12559	-0.27785	-0.37414	-0.45015	-0.59295	-0.76344	-0.92298	-1.2747	-1.3953	-1.7214	-1.9284	-1.6659	-0.53205	0.63296	0.85805	0.83236	0.68464	0.34345	0.18148	0.046763	-0.02532	-0.059595	-0.059312	-0.047205	-0.040418	-0.021106	0.037476	0.05025	5.7213
855.88	0.03021	-0.0041957	-0.11883	-0.25215	-0.36282	-0.45609	-0.58644	-0.78555	-0.91768	-1.1568	-1.4892	-1.6962	-2.0546	-1.6683	-0.54927	0.40671	0.84757	0.82147	0.6957	0.36636	0.18167	0.047505	-0.0305	-0.053097	-0.049891	-0.04352	-0.040262	-0.012017	0.040028	0.051792	5.7895
860.37	0.029149	-0.0041738	-0.14137	-0.25171	-0.36976	-0.45275	-0.61691	-0.78591	-0.91805	-1.3848	-1.4419	-1.8351	-2.0173	-1.888	-0.74772	0.53447	0.82979	0.83722	0.72447	0.39228	0.21073	0.0638	-0.0093432	-0.040355	-0.046305	-0.038938	-0.031453	-0.0054382	0.046976	0.054113	5.9727
864.32	0.031711	-0.012536	-0.15136	-0.24533	-0.33875	-0.46683	-0.5949	-0.78497	-0.95408	-1.304	-1.5729	-1.891	-2.0169	-1.8269	-0.7443	0.5782	0.81004	0.82864	0.73304	0.39233	0.21328	0.057104	-0.0040763	-0.027762	-0.049401	-0.033555	-0.042437	-0.016765	0.052994	0.054725	6.1696
866.14	0.04599	-0.0049833	-0.11389	-0.25959	-0.36145	-0.46395	-0.60448	-0.79217	-0.96404	-1.2919	-1.5108	-1.8045	-2.0479	-1.7969	-0.6856	0.47562	0.80127	0.83449	0.73319	0.40349	0.22686	0.086198	0.011577	-0.026818	-0.033608	-0.023967	-0.023557	-0.0021677	0.048439	0.059758	6.3301
865.39	0.033469	-0.0066606	-0.14497	-0.27025	-0.38227	-0.48427	-0.63	-0.81764	-1.0093	-1.6654	-1.5709	-1.9713	-2.2789	-2.1392	-0.9054	0.38381	0.77186	0.84279	0.73806	0.43611	0.23847	0.10455	0.023766	-0.01356	-0.022892	-0.024855	-0.020157	0.0043092	0.039589	0.053799	6.5996
862.18	0.032691	0.0042355	-0.16239	-0.27388	-0.38467	-0.48417	-0.6382	-0.81802	-1.0199	-1.5408	-1.7048	-2.0523	-2.19	-2.3137	-1.0331	0.26491	0.74452	0.85164	0.76973	0.44051	0.26577	0.11135	0.02647	-0.008279	-0.033762	-0.022339	-0.0099356	0.010826	0.025456	0.051414	6.7752
856.63	0.025653	-0.0084187	-0.1545	-0.26423	-0.37434	-0.48731	-0.66254	-0.85015	-1.0473	-1.4849	-1.7654	-2.1955	-2.5158	-2.3817	-0.98205	0.25733	0.7252	0.86866	0.80212	0.48156	0.27813	0.13423	0.041582	-0.00028471	-0.013944	-0.01461	-0.021228	-0.0013727	0.050773	0.062156	7.0521
858.02	0.018372	-0.0067178	-0.15336	-0.28924	-0.40032	-0.51139	-0.64718	-0.8702	-1.0775	-1.6233	-2.1188	-2.0993	-2.5829	-2.5012	-1.1054	-0.040744	0.69277	0.86056	0.79228	0.50031	0.28653	0.15337	0.049409	0.012214	0.0085849	-0.005851	-0.00049794	0.00026199	0.033651	0.046467	7.3351
861.01	0.026423	-0.016791	-0.15105	-0.27425	-0.41267	-0.51152	-0.68011	-0.90811	-1.0935	-1.7487	-1.8353	-2.4611	-2.6182	-2.7823	-1.3794	0.24674	0.65211	0.87473	0.82019	0.50414	0.31905	0.16294	0.067598	0.019291	-0.00972	-0.0049607	-0.015103	0.015723	0.035322	0.050621	7.621
865.07	0.019119	-0.024246	-0.16805	-0.27035	-0.40585	-0.51576	-0.6911	-0.92776	-1.1414	-1.7963	-2.1605	-2.3577	-2.8616	-2.9964	-1.5445	-0.11419	0.60476	0.87537	0.82483	0.53129	0.32458	0.17314	0.095125	0.028941	0.0035568	-0.0014723	0.0037814	0.01646	0.035156	0.047805	7.8766
869.23	0.010095	-0.014132	-0.16989	-0.32275	-0.41265	-0.53501	-0.72429	-0.92861	-1.1555	-1.7507	-2.1208	-2.6023	-2.9971	-3.0951	-1.7079	-0.17793	0.55075	0.86267	0.84028	0.56272	0.36059	0.20233	0.085142	0.059653	0.015058	0.0011216	-0.0073015	0.011544	0.041185	0.046724	8.2032
869.66	0.012769	-0.028282	-0.17509	-0.31393	-0.43188	-0.53853	-0.7314	-0.94841	-1.1881	-1.7128	-2.0709	-2.5188	-3.0745	-3.3805	-1.8398	-0.32465	0.49498	0.86225	0.84746	0.57528	0.36303	0.22041	0.11799	0.053455	0.032324	0.018355	0.014819	0.01718	0.048243	0.050118	8.5388
866.35	0.021778	-0.013342	-0.17753	-0.32208	-0.45889	-0.58701	-0.75917	-0.99271	-1.2388	-1.71	-2.1769	-2.9135	-3.4472	-3.6029	-2.0277	-0.43644	0.42436	0.85512	0.84985	0.61065	0.41175	0.22947	0.11323	0.071344	0.047307	0.028809	0.022562	0.010774	0.034215	0.03573	8.8667
862.29	0.018279	-0.030202	-0.16682	-0.3236	-0.46301	-0.56312	-0.77195	-1.0116	-1.2721	-1.9236	-2.3939	-3.047	-3.5873	-3.953	-2.2955	-0.50326	0.3384	0.85058	0.86576	0.63666	0.43394	0.26356	0.14169	0.081455	0.048359	0.024596	0.028674	0.031142	0.028129	0.040205	9.2218
858.23	-0.0078707	-0.032879	-0.17475	-0.3032	-0.46422	-0.58682	-0.7756	-1.036	-1.3126	-1.9796	-2.4547	-3.0614	-3.7909	-4.28	-2.3929	-0.70092	0.24448	0.84695	0.87584	0.64618	0.45723	0.28324	0.15289	0.090767	0.061923	0.044798	0.027946	0.028022	0.024677	0.036935	9.5858
854.07	0.0084551	-0.016924	-0.16484	-0.32848	-0.4556	-0.57335	-0.80471	-1.0653	-1.3692	-2.0835	-2.6755	-3.374	-3.9076	-4.4956	-2.9067	-0.93794	0.15149	0.8434	0.88612	0.6783	0.49236	0.2948	0.18008	0.12171	0.0706	0.041507	0.026351	0.026517	0.029302	0.042333	9.9361
850.65	0.013966	-0.023805	-0.19522	-0.34042	-0.46438	-0.61618	-0.82152	-1.0822	-1.3799	-1.9972	-2.6263	-3.2662	-4.1923	-4.7359	-3.0348	-1.1669	0.059335	0.83617	0.88106	0.70354	0.49969	0.33874	0.19673	0.13571	0.089381	0.059295	0.051679	0.035686	0.027612	0.032896	10.313
847.87	0.0039388	-0.028153	-0.19134	-0.31845	-0.48285	-0.60658	-0.82506	-1.1183	-1.4385	-2.1178	-2.7351	-3.3987	-4.395	-5.1705	-3.2587	-1.3025	-0.03354	0.81665	0.88049	0.71243	0.53088	0.35011	0.21424	0.13434	0.10148	0.082472	0.064063	0.044892	0.032239	0.03125	10.703
