13861	6	3	91	21.6	748	1	6	8	3.496	128	4096	10	0	0	0	0	447.43	947.82	1.4529e+006	0.11653	0.15063	40.103	0	0	1	0	0	0	11	0	0
977.14	0.021916	-0.052996	-0.13859	0.0011402	-0.29175	-0.32066	-0.38159	-0.43415	-0.45686	-0.59285	-0.32534	-0.21948	-0.012957	0.49765	0.73061	0.75889	0.361	-0.083818	-0.25176	-0.38013	-0.40614	-0.38316	-0.36477	-0.29194	-0.18584	-0.18633	-0.11616	-0.083672	-0.002032	0.031785	0.43214
975.44	0.022751	-0.037496	-0.13726	0.0042287	-0.27926	-0.30018	-0.38003	-0.4514	-0.46827	-0.56087	-0.36074	-0.25245	-0.13808	0.42877	0.75727	0.7684	0.42682	-0.027584	-0.20633	-0.33088	-0.37026	-0.37491	-0.31833	-0.25632	-0.17736	-0.18896	-0.11332	-0.070168	-0.0036124	0.03184	0.69516
974.17	0.010824	-0.057617	-0.13743	-0.013537	-0.27616	-0.32332	-0.38645	-0.47086	-0.51217	-0.51199	-0.4135	-0.4077	-0.052137	0.3207	0.63973	0.71207	0.4722	0.025463	-0.15238	-0.30674	-0.3497	-0.35917	-0.31798	-0.27632	-0.18714	-0.17228	-0.11347	-0.073857	-0.0036172	0.021966	0.97637
973.53	0.032368	-0.042032	-0.14225	-0.0011754	-0.30585	-0.34799	-0.42449	-0.48376	-0.52163	-0.64471	-0.50972	-0.3427	-0.27154	0.36749	0.79264	0.83547	0.52524	0.065109	-0.1118	-0.26349	-0.32263	-0.32204	-0.31355	-0.26076	-0.1755	-0.15084	-0.094549	-0.068146	0.011398	0.038008	1.2894
972.04	0.018038	-0.042098	-0.16926	-0.015114	-0.32196	-0.36034	-0.43924	-0.50973	-0.55059	-0.62912	-0.62406	-0.4086	-0.12288	0.19695	0.79385	0.73824	0.57254	0.15387	-0.053863	-0.21956	-0.28562	-0.31359	-0.29544	-0.26352	-0.16032	-0.16032	-0.11372	-0.052392	0.0027093	0.046475	1.5781
970.13	0.014871	-0.041433	-0.1617	-0.015144	-0.2895	-0.35344	-0.44902	-0.51784	-0.57989	-0.77151	-0.50277	-0.64687	-0.3354	0.22072	0.69339	0.87132	0.60131	0.17787	-0.0017973	-0.19943	-0.26114	-0.30279	-0.29447	-0.24351	-0.15253	-0.1421	-0.10174	-0.053218	0.014613	0.0458	1.8865
968.11	0.018913	-0.057978	-0.15571	-0.0074017	-0.32065	-0.39741	-0.46113	-0.57431	-0.60096	-0.71486	-0.73186	-0.73027	-0.30459	0.057167	0.72039	0.8484	0.65638	0.23166	0.039871	-0.15946	-0.25541	-0.27402	-0.27098	-0.23136	-0.17132	-0.13853	-0.098134	-0.0555	-0.0052287	0.040523	2.2222
966.62	-0.0075655	-0.060317	-0.17655	-0.013642	-0.36573	-0.40906	-0.50139	-0.58391	-0.64934	-0.79096	-0.69785	-0.73961	-0.39185	-0.083527	0.60207	0.89098	0.67641	0.29061	0.096085	-0.12916	-0.21259	-0.26953	-0.25037	-0.21111	-0.17306	-0.13021	-0.085276	-0.050511	0.0011316	0.013683	2.582
966.3	-0.0067649	-0.076825	-0.1663	-0.020658	-0.36497	-0.4126	-0.50678	-0.58094	-0.67865	-0.84124	-0.8211	-0.94536	-0.62088	-0.14614	0.57664	0.98213	0.71469	0.34167	0.14014	-0.09286	-0.19538	-0.23689	-0.23799	-0.21038	-0.16571	-0.12637	-0.088366	-0.061404	-0.0084237	0.020606	2.913
965.56	-0.0019463	-0.061131	-0.18785	-0.0043032	-0.36788	-0.42142	-0.51539	-0.61629	-0.70522	-0.80851	-0.85691	-0.78155	-0.68454	-0.29503	0.51731	0.89196	0.76602	0.39974	0.19571	-0.039208	-0.1507	-0.21496	-0.21245	-0.1915	-0.13399	-0.10862	-0.081538	-0.038956	-0.00046021	0.034474	3.2924
964.07	0.0020786	-0.053714	-0.18099	-0.0097753	-0.3667	-0.43824	-0.49748	-0.59102	-0.71705	-0.77636	-0.87584	-0.92283	-0.70934	-0.38175	0.48387	1.0258	0.79422	0.42846	0.24927	-0.0086422	-0.1147	-0.18249	-0.18935	-0.17432	-0.11416	-0.11112	-0.061712	-0.028839	0.0035295	0.035299	3.6323
962.48	0.0077291	-0.065092	-0.16458	-0.0066619	-0.36204	-0.42447	-0.52603	-0.67319	-0.75514	-0.88643	-0.82435	-0.96562	-0.94825	-0.4845	0.339	0.85337	0.83374	0.48886	0.3198	0.038606	-0.081752	-0.14747	-0.17559	-0.15152	-0.10246	-0.087164	-0.045673	-0.030344	0.013928	0.047708	4.0297
961.84	0.0085411	-0.060616	-0.19256	-0.0082321	-0.37633	-0.44865	-0.53613	-0.67364	-0.76717	-0.88701	-1.0898	-0.97451	-1.0123	-0.57128	0.23633	0.9452	0.84385	0.52759	0.35661	0.087583	-0.053384	-0.11961	-0.13814	-0.1333	-0.091377	-0.090338	-0.042627	-0.017979	0.0075388	0.040787	4.4164
961.09	0.0077403	-0.077995	-0.18873	-0.016071	-0.38805	-0.46693	-0.58007	-0.67256	-0.78316	-0.95476	-1.0553	-1.2811	-1.0052	-0.72119	0.14212	0.96254	0.84052	0.57753	0.40421	0.11339	-0.014711	-0.10407	-0.12963	-0.11667	-0.08475	-0.080272	-0.04035	-0.0063283	0.0099454	0.035409	4.8212
960.46	0.013404	-0.068997	-0.19284	-0.0019747	-0.40239	-0.4681	-0.59547	-0.69534	-0.88151	-1.1651	-1.0736	-1.2158	-1.2758	-0.75315	0.047744	0.91332	0.85863	0.6292	0.46786	0.1708	0.027184	-0.062979	-0.10699	-0.10159	-0.075125	-0.067841	-0.033444	-0.018005	0.0067474	0.040846	5.1865
959.39	0.0085629	-0.079644	-0.19545	-0.007469	-0.39843	-0.47803	-0.58561	-0.73285	-0.81617	-1.1076	-1.2961	-1.2502	-1.4522	-1.0692	0.0048209	0.77293	0.846	0.67267	0.50814	0.2001	0.057291	-0.052334	-0.085144	-0.080141	-0.065517	-0.054635	-0.043506	-0.015833	0.013973	0.019207	5.5683
957.8	-0.008447	-0.06541	-0.18378	-0.020842	-0.41585	-0.50196	-0.61444	-0.74447	-0.90249	-1.0926	-1.3603	-1.4597	-1.4785	-1.1657	-0.089889	0.79087	0.83701	0.70293	0.54421	0.24793	0.096233	-0.02518	-0.066424	-0.070675	-0.067865	-0.041425	-0.027357	-0.016592	0.022835	0.030874	5.9757
955.35	-0.00034092	-0.076948	-0.20429	-0.020108	-0.44434	-0.52215	-0.65527	-0.78727	-0.92493	-1.2219	-1.3371	-1.638	-1.7058	-1.3111	-0.27141	0.69266	0.83515	0.72879	0.60166	0.28448	0.11238	0.0045524	-0.048471	-0.047602	-0.042584	-0.051728	-0.032074	-0.014433	0.030949	0.033288	6.3437
953.55	-0.0076693	-0.064941	-0.21754	-0.018566	-0.4505	-0.53089	-0.68677	-0.80965	-0.97402	-1.3171	-1.4376	-1.6245	-1.821	-1.5673	-0.25464	0.57682	0.83593	0.75599	0.62895	0.32268	0.15241	0.033584	-0.025671	-0.03323	-0.035165	-0.021959	-0.025928	-0.010786	0.010024	0.041921	6.7555
950.78	-0.0052414	-0.065892	-0.20044	-0.01862	-0.45625	-0.53761	-0.6736	-0.8394	-1.0041	-1.304	-1.5222	-1.8464	-1.9787	-1.8741	-0.53296	0.53652	0.81741	0.78409	0.67938	0.35467	0.17921	0.060294	-0.014662	-0.006735	-0.021725	-0.025176	-0.021334	-0.015978	0.006816	0.025633	7.1474
948.87	0.0029297	-0.066787	-0.20246	-0.013105	-0.45539	-0.54735	-0.69776	-0.87178	-1.0521	-1.4849	-1.6237	-2.0845	-2.2158	-2.1009	-0.76002	0.35258	0.78676	0.81855	0.70317	0.40249	0.22358	0.080417	0.012281	-0.008364	-0.011216	-0.0094295	-0.01592	0.009098	0.011696	0.031949	7.5559
946.74	0.016879	-0.067703	-0.21344	-0.016314	-0.46802	-0.57025	-0.7298	-0.90206	-1.0787	-1.6244	-1.7439	-2.1144	-2.398	-2.2494	-0.89241	0.41238	0.75454	0.84032	0.74969	0.45312	0.25697	0.1282	0.039341	0.019131	0.0084026	0.010339	0.0074878	0.01874	0.014974	0.042224	7.9749
944.19	-0.00034495	-0.070187	-0.19697	-0.021142	-0.44154	-0.54919	-0.7417	-0.92722	-1.1153	-1.6714	-1.8026	-2.3725	-2.5257	-2.5437	-1.0608	0.26135	0.70709	0.85651	0.78512	0.47971	0.28662	0.14781	0.063363	0.032978	0.025849	0.018305	0.026312	0.0091431	0.016643	0.036828	8.3559
941.42	-0.0052935	-0.0727	-0.20406	-0.017206	-0.49938	-0.5665	-0.76457	-0.95517	-1.1492	-1.8303	-2.0334	-2.312	-2.7762	-2.7841	-1.353	0.075626	0.66929	0.86687	0.80224	0.51672	0.31569	0.17092	0.090737	0.040398	0.03884	0.024727	0.026389	0.027035	0.033041	0.044041	8.7519
939.4	-0.0044788	-0.070544	-0.19716	-0.0068256	-0.48067	-0.59043	-0.75777	-0.9768	-1.2163	-1.7142	-2.0468	-2.5199	-3.0257	-3.1442	-1.4701	-0.23005	0.60467	0.85825	0.82661	0.55946	0.35194	0.19823	0.11016	0.060873	0.048822	0.030365	0.024872	0.023361	0.019186	0.025152	9.1568
938.55	-0.011102	-0.07138	-0.2251	-0.014854	-0.50631	-0.61371	-0.78612	-1.0136	-1.2607	-1.9647	-2.2025	-2.683	-3.2723	-3.2196	-1.902	-0.17925	0.52604	0.87827	0.83986	0.57867	0.38867	0.23969	0.12069	0.077254	0.064108	0.038378	0.045386	0.012932	0.041341	0.031508	9.542
938.33	0.0087551	-0.056732	-0.22025	-0.0076366	-0.50373	-0.61735	-0.8009	-1.0457	-1.3004	-1.9651	-2.3116	-2.8021	-3.5331	-3.5265	-1.9639	-0.37489	0.46166	0.86622	0.85647	0.61707	0.41142	0.26165	0.13676	0.0936	0.082415	0.060751	0.054071	0.040564	0.02905	0.041809	9.9316
937.91	-0.0011747	-0.052896	-0.21055	-0.01727	-0.51116	-0.61588	-0.81434	-1.0568	-1.3357	-1.9231	-2.4484	-2.9728	-3.673	-3.9875	-2.2111	-0.49418	0.37284	0.87274	0.87015	0.65564	0.4537	0.27105	0.15929	0.11815	0.087791	0.080756	0.050152	0.032366	0.019216	0.038661	10.316
937.8	-0.0011764	-0.080704	-0.20812	-0.013259	-0.4896	-0.6352	-0.83289	-1.0708	-1.3793	-2.0521	-2.5121	-3.2442	-3.836	-4.2056	-2.5103	-0.75804	0.25197	0.85009	0.87259	0.65912	0.46266	0.30733	0.19543	0.13205	0.10153	0.082363	0.071456	0.039842	0.033168	0.038664	10.665
937.91	0.014554	-0.070657	-0.19829	-0.01406	-0.49314	-0.63513	-0.82972	-1.0911	-1.3949	-1.9918	-2.6748	-3.2607	-3.9657	-4.4067	-2.853	-0.87707	0.18578	0.84474	0.87797	0.69478	0.49499	0.33933	0.20905	0.14674	0.1122	0.095139	0.076181	0.045067	0.032343	0.034699	11.003
938.12	-0.0086242	-0.056745	-0.19661	-0.012453	-0.51375	-0.64549	-0.85721	-1.1431	-1.4324	-1.9827	-2.7556	-3.1838	-4.2901	-4.8892	-3.0282	-1.03	0.070593	0.84105	0.87543	0.71929	0.53455	0.35443	0.21703	0.15569	0.11979	0.10071	0.08405	0.054767	0.028235	0.023603	11.385
938.33	-0.010278	-0.081431	-0.21127	-0.022878	-0.53975	-0.65409	-0.88314	-1.1355	-1.4692	-2.1797	-2.9088	-3.4455	-4.3866	-5.0654	-3.3439	-1.2594	-0.055159	0.80761	0.87445	0.71828	0.54494	0.36362	0.23703	0.18178	0.12434	0.096693	0.073781	0.042058	0.033971	0.026765	11.698
937.06	-0.0036618	-0.045987	-0.20828	-0.011664	-0.52245	-0.66987	-0.84278	-1.1468	-1.4917	-2.2429	-2.94	-3.5265	-4.7263	-5.4838	-3.5333	-1.6018	-0.14517	0.78682	0.86937	0.76014	0.56513	0.37846	0.26467	0.19674	0.13978	0.11362	0.090463	0.063053	0.043049	0.029973	12.045
936.2	-0.01113	-0.063823	-0.20029	-0.017302	-0.52112	-0.65733	-0.89363	-1.1651	-1.5413	-2.2707	-2.9336	-3.6145	-4.8691	-5.7552	-3.7656	-1.7566	-0.28441	0.76123	0.87173	0.76424	0.5835	0.39823	0.26411	0.19283	0.1399	0.11052	0.084222	0.050387	0.01843	0.032381	12.3
936.1	-0.012789	-0.0824	-0.21259	-0.019718	-0.5302	-0.63197	-0.91607	-1.1865	-1.5525	-2.2882	-3.0519	-3.6065	-5.106	-5.9416	-4.1272	-1.8251	-0.39248	0.72712	0.86556	0.79075	0.60546	0.4253	0.28102	0.20922	0.14756	0.11534	0.10399	0.0474	0.027474	0.029209	12.62
935.25	-0.0069896	-0.069309	-0.19149	-0.0052471	-0.54695	-0.67468	-0.9223	-1.2285	-1.5927	-2.3764	-3.2998	-3.7541	-5.3471	-6.3836	-4.325	-2.296	-0.51325	0.70145	0.85459	0.80683	0.62144	0.42992	0.30784	0.21596	0.16146	0.12826	0.096175	0.072165	0.036551	0.029235	12.887
934.39	-0.040236	-0.069372	-0.21134	-0.022974	-0.52936	-0.68671	-0.95016	-1.2444	-1.663	-2.3958	-3.2483	-3.8256	-5.5887	-6.6564	-4.4967	-2.3579	-0.63752	0.66519	0.84595	0.80757	0.64558	0.44977	0.30812	0.22108	0.15701	0.1348	0.099428	0.075981	0.032464	0.024492	13.107
932.16	-0.011178	-0.066431	-0.2028	-0.01334	-0.53516	-0.66458	-0.94857	-1.2466	-1.6718	-2.5311	-3.4656	-4.0563	-5.733	-6.8589	-4.8968	-2.5861	-0.74014	0.61924	0.83145	0.82663	0.64712	0.47714	0.30644	0.21997	0.15893	0.13351	0.10046	0.061882	0.023463	0.020566	13.348
930.56	-0.027051	-0.051756	-0.20727	-0.0060819	-0.51701	-0.67278	-0.91532	-1.3014	-1.7048	-2.5009	-3.4624	-4.0462	-5.9641	-7.1875	-5.2065	-2.8221	-0.85255	0.58854	0.80371	0.83234	0.6719	0.48816	0.32961	0.24586	0.17995	0.15227	0.098248	0.068766	0.024328	0.023795	13.57
929.6	-0.029584	-0.072847	-0.17946	-0.022283	-0.533	-0.66023	-0.95661	-1.2706	-1.709	-2.5814	-3.4934	-4.2725	-6.1836	-7.3495	-5.3361	-2.9366	-0.95397	0.55825	0.80848	0.85294	0.67504	0.50738	0.34291	0.25848	0.18321	0.14355	0.1079	0.066575	0.026837	0.029413	13.739
929.07	-0.012886	-0.053399	-0.17627	-0.014194	-0.51784	-0.66414	-0.95638	-1.2812	-1.7418	-2.5916	-3.6142	-4.4118	-6.2364	-7.6385	-5.5078	-3.1187	-1.079	0.52057	0.79553	0.84484	0.69096	0.51277	0.34877	0.25698	0.18563	0.1388	0.11274	0.067365	0.019399	0.02943	13.887
928.01	-0.017085	-0.062045	-0.18225	-0.0085323	-0.52936	-0.68171	-0.94427	-1.2992	-1.7438	-2.6032	-3.6	-4.5024	-6.5148	-7.9324	-5.7452	-3.2513	-1.1694	0.5026	0.78774	0.86816	0.71384	0.51336	0.36458	0.26223	0.17736	0.15269	0.11207	0.060648	0.03269	0.025461	14.055
927.37	-0.043053	-0.064431	-0.16585	-0.01422	-0.51333	-0.67333	-0.94647	-1.305	-1.7785	-2.6137	-3.804	-4.5741	-6.7578	-8.1254	-5.9715	-3.4514	-1.2801	0.47993	0.77326	0.87393	0.71434	0.51798	0.36889	0.26984	0.19291	0.13582	0.092206	0.059934	0.021095	0.010256	14.183
926.52	-0.025492	-0.076215	-0.17593	-0.01992	-0.5293	-0.68635	-0.94734	-1.3137	-1.7961	-2.703	-3.8716	-4.544	-6.9451	-8.1981	-6.0482	-3.5666	-1.359	0.44405	0.75101	0.84975	0.70925	0.52102	0.36111	0.25769	0.18537	0.14484	0.093887	0.050913	0.026927	0.0086599	14.273
925.98	-0.03054	-0.075476	-0.19671	-0.0085509	-0.51044	-0.68143	-0.9658	-1.312	-1.8107	-2.6176	-3.8555	-4.6495	-6.9409	-8.5866	-6.3545	-3.7582	-1.4582	0.42037	0.73085	0.86317	0.70556	0.52558	0.36375	0.25866	0.18161	0.12793	0.10832	0.053213	0.024452	0.021504	14.336
925.66	-0.032227	-0.070026	-0.17112	-0.015059	-0.51975	-0.68344	-0.98016	-1.3132	-1.7914	-2.6272	-3.7926	-4.5911	-7.0009	-8.4833	-6.5349	-3.8371	-1.5059	0.39569	0.73189	0.86002	0.71483	0.5326	0.359	0.25379	0.18245	0.13364	0.10197	0.045663	0.016144	0.0078672	14.366
925.45	-0.023006	-0.081782	-0.17861	-0.0093703	-0.49978	-0.66497	-0.97415	-1.2962	-1.7958	-2.8367	-3.8577	-4.7381	-7.2168	-8.6323	-6.5007	-4.0191	-1.5336	0.37804	0.73444	0.87229	0.71499	0.52247	0.36152	0.25798	0.18481	0.13286	0.091597	0.055517	0.0094974	0.013489	14.383
925.45	-0.01965	-0.071608	-0.16123	-0.020757	-0.51074	-0.69512	-0.92973	-1.3284	-1.7726	-2.7584	-3.8026	-4.7638	-7.1674	-8.6814	-6.581	-4.1398	-1.5833	0.37804	0.72492	0.86797	0.72812	0.52332	0.36803	0.25633	0.17322	0.13043	0.10039	0.0434	0.0086647	0.012685	14.38
925.98	-0.045631	-0.095032	-0.17851	-0.019119	-0.50497	-0.68409	-0.97748	-1.3029	-1.8259	-2.6611	-3.9105	-4.7868	-7.0974	-8.6356	-6.684	-3.9392	-1.56	0.36453	0.72451	0.85541	0.72442	0.52558	0.36294	0.25701	0.17543	0.13521	0.10592	0.048672	-0.0071293	0.011075	14.371
926.62	-0.033031	-0.094184	-0.18665	-0.0020468	-0.50097	-0.64287	-0.94023	-1.3681	-1.8095	-2.7897	-3.807	-4.7835	-7.3477	-8.6867	-6.5815	-4.1518	-1.5672	0.3439	0.72163	0.8686	0.70917	0.5329	0.36594	0.25931	0.17685	0.12541	0.08669	0.046371	-0.010448	0.003849	14.371
927.05	-0.064005	-0.096485	-0.18078	-0.010166	-0.51897	-0.66028	-0.95691	-1.2997	-1.8166	-2.5712	-3.8144	-4.7727	-7.3936	-8.8458	-6.6141	-4.1327	-1.588	0.34817	0.71656	0.86648	0.72441	0.52498	0.36009	0.25423	0.17137	0.13101	0.087448	0.03879	-0.0013105	-0.0097778	14.371
928.43	-0.046348	-0.083081	-0.16978	-0.011773	-0.48634	-0.64161	-0.97957	-1.2681	-1.7852	-2.6715	-3.9002	-4.6287	-7.3251	-8.6942	-6.6753	-4.1093	-1.5782	0.36622	0.71154	0.8712	0.71433	0.52761	0.36442	0.2489	0.16264	0.11952	0.085725	0.044771	-0.015401	0.0030417	14.389
930.24	-0.037077	-0.079803	-0.1571	-0.011748	-0.4854	-0.6236	-0.90478	-1.3109	-1.7746	-2.623	-3.847	-4.7393	-7.3027	-8.726	-6.618	-3.9297	-1.5488	0.35933	0.74406	0.87637	0.72682	0.53593	0.36614	0.25089	0.16925	0.11526	0.081579	0.046944	-0.0021344	-0.0097442	14.384
932.05	-0.050333	-0.078094	-0.16666	-0.019803	-0.45726	-0.65145	-0.89219	-1.3059	-1.7696	-2.6784	-3.7848	-4.9005	-7.2476	-8.7091	-6.614	-4.0334	-1.563	0.38329	0.74025	0.86011	0.736	0.53998	0.35897	0.25698	0.18273	0.13192	0.10444	0.04535	0.001172	-0.0017535	14.393
932.59	-0.034486	-0.074944	-0.16164	-0.015755	-0.47421	-0.63172	-0.91179	-1.269	-1.7384	-2.7373	-3.7736	-4.8466	-7.407	-8.7447	-6.5395	-4.0825	-1.567	0.37603	0.74219	0.87332	0.72825	0.53882	0.35069	0.24944	0.17266	0.1222	0.079789	0.030296	0.0077753	0.007011	14.279
932.9	-0.046958	-0.085009	-0.16158	-0.010102	-0.46952	-0.63854	-0.94395	-1.2801	-1.7561	-2.6673	-3.745	-4.862	-7.2409	-8.7093	-6.5107	-3.9955	-1.5698	0.3671	0.73014	0.86104	0.7101	0.5183	0.34492	0.24689	0.15573	0.11895	0.078176	0.032539	-0.0013023	0.0030271	14.138
933.33	-0.065239	-0.085747	-0.14181	-0.014935	-0.43038	-0.62681	-0.90951	-1.286	-1.7442	-2.7006	-3.816	-4.7406	-7.1804	-8.6729	-6.4901	-3.8911	-1.5149	0.39244	0.74946	0.85295	0.71303	0.51382	0.33751	0.21641	0.13803	0.095606	0.067836	0.023513	-0.0078972	-0.015284	13.984
934.5	-0.056017	-0.10192	-0.16131	-0.0068629	-0.47414	-0.62076	-0.87287	-1.2721	-1.6866	-2.6196	-3.8567	-4.7092	-7.1388	-8.5002	-6.5084	-3.8692	-1.4696	0.38141	0.73988	0.85189	0.69182	0.50641	0.33225	0.21696	0.12638	0.082654	0.059835	0.0054893	-0.013652	-0.032756	13.837
935.78	-0.067559	-0.078558	-0.14799	-0.0076575	-0.45453	-0.60938	-0.89095	-1.2704	-1.7032	-2.5472	-3.8151	-4.6263	-6.9742	-8.3836	-6.288	-3.9065	-1.4209	0.40632	0.74358	0.84987	0.69006	0.49305	0.32134	0.21175	0.1285	0.078536	0.052638	0.01297	-0.025969	-0.015244	13.67
935.57	-0.068404	-0.090961	-0.14884	-0.013291	-0.45735	-0.58408	-0.88499	-1.2379	-1.691	-2.5994	-3.6254	-4.6613	-6.772	-8.1915	-6.1043	-3.5833	-1.3582	0.438	0.75315	0.8475	0.67723	0.47541	0.31739	0.19624	0.11706	0.080156	0.035254	-0.0020068	-0.027619	-0.027955	13.488
935.89	-0.060913	-0.10873	-0.14879	-0.012483	-0.44184	-0.58563	-0.87389	-1.235	-1.6833	-2.6502	-3.6151	-4.4645	-6.7778	-7.9626	-6.0405	-3.6247	-1.2971	0.44311	0.75055	0.82504	0.65428	0.46173	0.29396	0.18471	0.095623	0.044093	0.01864	-0.0035027	-0.031722	-0.039854	13.223
936.2	-0.069186	-0.087032	-0.17656	-0.0028294	-0.44711	-0.61437	-0.88977	-1.1953	-1.6622	-2.4342	-3.5413	-4.3442	-6.6533	-7.8629	-5.8094	-3.4188	-1.2181	0.46839	0.74872	0.82647	0.63459	0.44721	0.27215	0.16255	0.090243	0.044879	0.013102	-0.02371	-0.038286	-0.044602	13.032
936.52	-0.059214	-0.097056	-0.13969	-0.0092595	-0.44966	-0.58699	-0.83556	-1.2064	-1.6466	-2.5624	-3.5491	-4.47	-6.3578	-7.6827	-5.8515	-3.2217	-1.14	0.48225	0.76413	0.80914	0.63681	0.43608	0.25517	0.15595	0.090977	0.03606	0.013889	-0.019214	-0.044025	-0.023959	12.852
938.33	-0.064064	-0.087606	-0.1288	-0.0068333	-0.43349	-0.55261	-0.84856	-1.1804	-1.6292	-2.4287	-3.5061	-4.2074	-6.2805	-7.5228	-5.4007	-2.9859	-1.0439	0.53381	0.78611	0.82374	0.64367	0.4462	0.27795	0.1728	0.089275	0.044778	0.0051879	-0.0012545	-0.034919	-0.02708	12.547
940.36	-0.049889	-0.076635	-0.15297	-0.012423	-0.43435	-0.59071	-0.81298	-1.1526	-1.6123	-2.4063	-3.4805	-4.1646	-6.1535	-7.37	-5.2224	-2.9031	-0.93003	0.55535	0.79612	0.81348	0.62372	0.41833	0.27014	0.15206	0.074632	0.047072	0.0075387	-0.014663	-0.038117	-0.029392	12.294
943.01	-0.042338	-0.076418	-0.12573	-0.018774	-0.3937	-0.54465	-0.81528	-1.1282	-1.5576	-2.3739	-3.3446	-4.1949	-5.853	-6.9964	-5.094	-2.6664	-0.81367	0.59818	0.8211	0.79257	0.60666	0.41799	0.23586	0.14675	0.072146	0.014353	0.011439	-0.028739	-0.043722	-0.02537	12.015
945.25	-0.057024	-0.086199	-0.1311	-0.013951	-0.39903	-0.54597	-0.81869	-1.1264	-1.5523	-2.445	-3.2559	-3.9917	-5.7908	-6.7879	-4.8813	-2.5334	-0.72665	0.63324	0.81606	0.7907	0.59478	0.3894	0.22654	0.11804	0.052304	0.019079	-0.010502	-0.038308	-0.024895	-0.032384	11.722
946.74	-0.071697	-0.070763	-0.12685	-0.019494	-0.42696	-0.55464	-0.79988	-1.0922	-1.5405	-2.3731	-3.2418	-3.8428	-5.3789	-6.6734	-4.6471	-2.344	-0.63245	0.65045	0.82484	0.7726	0.57379	0.3796	0.21346	0.10976	0.034088	0.014297	-0.0065791	-0.038989	-0.048428	-0.036258	11.454
947.59	-0.058523	-0.082164	-0.13806	-0.01471	-0.39537	-0.5221	-0.7809	-1.1058	-1.4993	-2.3624	-3.1851	-3.7555	-5.3096	-6.3244	-4.4689	-2.0724	-0.54537	0.66806	0.83571	0.7559	0.55324	0.35339	0.18865	0.096729	0.038587	0.0040019	-0.0011081	-0.052266	-0.040264	-0.040929	11.121
948.12	-0.033919	-0.059965	-0.12343	-0.0083513	-0.40495	-0.52959	-0.77818	-1.0947	-1.4509	-2.3696	-3.0221	-3.5775	-5.0734	-6.0736	-4.2663	-2.0292	-0.44083	0.70231	0.84221	0.74201	0.53371	0.34151	0.18457	0.081321	0.012916	-0.0046952	-0.034659	-0.04854	-0.048357	-0.043258	10.83
949.72	-0.042857	-0.062915	-0.11758	-0.021019	-0.38203	-0.52179	-0.76168	-1.0654	-1.4477	-2.1875	-2.8919	-3.6969	-4.9685	-5.8803	-4.042	-1.8577	-0.35055	0.7236	0.84543	0.71892	0.52402	0.31263	0.16207	0.074731	0.0061167	-0.0086324	-0.026033	-0.053623	-0.036932	-0.043184	10.478
950.14	-0.051827	-0.057551	-0.10301	-0.0091268	-0.37563	-0.53106	-0.74388	-1.0157	-1.426	-2.1865	-2.828	-3.5615	-4.7656	-5.639	-3.8145	-1.6721	-0.25525	0.73624	0.83656	0.69591	0.50141	0.305	0.15249	0.042446	-0.0051787	-0.028348	-0.031471	-0.057286	-0.050684	-0.033782	10.182
950.46	-0.01178	-0.062102	-0.10459	-0.014666	-0.36928	-0.51015	-0.72542	-1.0388	-1.3975	-2.0078	-2.8092	-3.4935	-4.5553	-5.3428	-3.5703	-1.4364	-0.15521	0.75413	0.84631	0.69568	0.48207	0.28493	0.13739	0.049685	0.00084422	-0.024396	-0.036909	-0.05137	-0.031235	-0.01579	9.7942
950.25	-0.03221	-0.041538	-0.11348	-0.013878	-0.39159	-0.48695	-0.70205	-1.0318	-1.3309	-2.0507	-2.7562	-3.2769	-4.5242	-5.1371	-3.3454	-1.3612	-0.055273	0.77676	0.84881	0.67568	0.4606	0.28084	0.12158	0.027928	-0.016468	-0.048063	-0.051711	-0.06908	-0.049869	-0.027522	9.4393
949.4	0.0029281	-0.055307	-0.097446	-0.0067552	-0.36346	-0.51246	-0.73155	-0.97458	-1.2985	-2.0864	-2.6513	-3.2882	-4.2953	-4.7913	-3.1833	-1.1606	0.026987	0.79734	0.84185	0.65359	0.43541	0.23945	0.10742	0.017463	-0.035317	-0.059947	-0.058771	-0.059547	-0.037754	-0.030677	9.042
948.87	0.0070206	-0.026333	-0.11849	0.00038128	-0.36278	-0.49717	-0.70916	-0.96867	-1.3047	-1.9773	-2.617	-3.3152	-4.0003	-4.6984	-2.9678	-1.0099	0.13277	0.81422	0.8516	0.63546	0.42765	0.21958	0.090819	0.011014	-0.037598	-0.064718	-0.071277	-0.065486	-0.043453	-0.028344	8.6763
948.55	-0.015896	-0.024052	-0.09915	-0.017076	-0.36201	-0.49128	-0.68127	-0.96657	-1.2537	-1.8675	-2.3673	-3.199	-3.8891	-4.3254	-2.6297	-0.74104	0.21277	0.8119	0.84415	0.61295	0.40058	0.20465	0.063867	-0.0083668	-0.048923	-0.060001	-0.072862	-0.064033	-0.040222	-0.0064232	8.3302
947.38	0.0037535	-0.046252	-0.10655	-0.005974	-0.3357	-0.50662	-0.67069	-0.93137	-1.2365	-1.7678	-2.424	-3.1694	-3.6363	-4.0434	-2.276	-0.53979	0.29633	0.83543	0.84364	0.58675	0.37543	0.1807	0.052028	-0.023743	-0.068612	-0.081434	-0.090131	-0.087039	-0.038648	-0.022115	7.9129
946.53	0.016063	-0.027164	-0.10503	0.0043593	-0.36814	-0.44116	-0.653	-0.90631	-1.2095	-1.7779	-2.1929	-2.8786	-3.5348	-3.8474	-2.2084	-0.42224	0.37106	0.83878	0.81805	0.5603	0.35009	0.15998	0.035373	-0.036713	-0.077742	-0.093384	-0.099591	-0.085638	-0.021608	-0.015071	7.5453
945.89	-0.0028072	-0.021822	-0.10429	-0.011554	-0.35409	-0.48138	-0.65192	-0.87209	-1.1735	-1.7365	-2.0777	-2.7797	-3.2388	-3.5702	-1.896	-0.24535	0.45473	0.86278	0.82481	0.53874	0.31661	0.1442	0.022665	-0.052937	-0.09065	-0.10771	-0.080105	-0.081991	-0.044402	-0.01351	7.1126
944.5	0.0070546	-0.037957	-0.12472	-0.0012115	-0.36803	-0.47687	-0.64829	-0.88067	-1.122	-1.7049	-2.0717	-2.5651	-3.1063	-3.3113	-1.7416	-0.2119	0.5138	0.85448	0.80117	0.50912	0.29858	0.10758	-0.00041459	-0.074915	-0.099869	-0.10549	-0.10059	-0.088789	-0.047728	-0.01353	6.7434
943.01	0.0095345	-0.030335	-0.094043	-0.0067994	-0.33904	-0.45325	-0.62943	-0.83007	-1.1214	-1.6649	-1.9849	-2.4934	-2.9899	-3.1722	-1.5082	-0.00067129	0.59585	0.85409	0.79387	0.48115	0.26926	0.087625	-0.016378	-0.07422	-0.11065	-0.11837	-0.097608	-0.090414	-0.024954	-0.00094415	6.3468
941.63	0.017795	-0.033458	-0.085232	-0.0060104	-0.34492	-0.43561	-0.59665	-0.82884	-1.0563	-1.7871	-1.9067	-2.3958	-2.7431	-2.7514	-1.4053	0.075609	0.67158	0.84837	0.78569	0.46321	0.24546	0.076837	-0.034789	-0.090602	-0.11385	-0.10979	-0.095396	-0.078641	-0.008646	0.0037877	5.953
941.74	0.035109	-0.018841	-0.10068	-0.010007	-0.3413	-0.41203	-0.57744	-0.80272	-1.0137	-1.5817	-1.8163	-2.2606	-2.6132	-2.6306	-1.2562	0.12643	0.71136	0.84043	0.76847	0.44367	0.20915	0.054156	-0.047574	-0.09954	-0.10548	-0.1249	-0.10245	-0.084585	-0.015998	0.022724	5.5486
941.74	0.035931	-0.014228	-0.11939	-0.0052109	-0.31886	-0.41987	-0.55829	-0.76855	-0.98308	-1.5132	-1.8253	-2.0581	-2.3298	-2.3737	-0.97596	0.3044	0.74879	0.84479	0.73342	0.40299	0.19867	0.02561	-0.070754	-0.11744	-0.13054	-0.12808	-0.12838	-0.089793	-0.016817	0.0077329	5.1713
941.21	0.044201	0.012697	-0.11295	-0.0084126	-0.32713	-0.40877	-0.56167	-0.75108	-0.96635	-1.4542	-1.6189	-2.0677	-2.1933	-2.0859	-0.74869	0.60133	0.78747	0.82172	0.71279	0.36846	0.16731	-0.0063009	-0.089988	-0.11832	-0.14505	-0.14726	-0.12452	-0.091332	-0.016007	0.030631	4.7651
940.04	0.032694	-0.022727	-0.10005	-0.0084231	-0.31944	-0.39444	-0.55547	-0.72675	-0.91955	-1.4646	-1.6389	-1.8253	-2.0662	-1.992	-0.69698	0.50869	0.82186	0.80353	0.6692	0.32732	0.11825	-0.013878	-0.11012	-0.1641	-0.16958	-0.1602	-0.13097	-0.10412	-0.028308	0.014068	4.3815
938.87	0.017021	-0.014271	-0.10099	-0.0092364	-0.30814	-0.3958	-0.52082	-0.70318	-0.90178	-1.2347	-1.4691	-1.6329	-1.8576	-1.7046	-0.43432	0.71332	0.82207	0.77743	0.63176	0.28268	0.099792	-0.069481	-0.13351	-0.17165	-0.18122	-0.162	-0.14926	-0.11544	-0.038999	0.00063356	4.0252
937.8	0.024492	-0.015061	-0.1011	-0.0052328	-0.3193	-0.39888	-0.51295	-0.6762	-0.87519	-1.2533	-1.335	-1.711	-1.8109	-1.6017	-0.33805	0.62905	0.85241	0.73805	0.58476	0.243	0.05375	-0.083049	-0.15854	-0.18819	-0.17533	-0.17817	-0.15258	-0.11109	-0.029195	-0.0072886	3.6111
936.95	0.036945	-0.0065701	-0.10773	0.0011891	-0.29254	-0.39136	-0.51188	-0.67027	-0.81677	-1.0911	-1.2365	-1.543	-1.609	-1.3449	-0.18872	0.74033	0.87199	0.71332	0.55711	0.20915	0.016518	-0.11773	-0.17716	-0.19735	-0.18388	-0.18713	-0.1543	-0.10297	-0.01608	0.029976	3.2302
935.89	0.024541	-0.011995	-0.098853	-0.0052435	-0.28294	-0.36724	-0.48703	-0.62438	-0.77896	-1.0149	-1.2379	-1.375	-1.4805	-0.99103	-0.047938	0.80088	0.86725	0.67378	0.50366	0.17528	-0.0069928	-0.13053	-0.19104	-0.21067	-0.19097	-0.18333	-0.14894	-0.1233	-0.0309	0.012545	2.8553
934.08	0.039552	-0.017446	-0.077719	-0.011702	-0.28801	-0.34247	-0.46404	-0.5977	-0.73612	-1.0859	-1.0494	-1.3096	-1.3527	-0.87964	-0.012715	0.87931	0.86729	0.63994	0.47087	0.1329	-0.04928	-0.14687	-0.21236	-0.23159	-0.19747	-0.19332	-0.15715	-0.09353	-0.028488	0.0077963	2.494
932.69	0.050434	-0.009706	-0.078657	0.0036159	-0.24133	-0.32538	-0.44153	-0.60926	-0.69914	-0.84565	-1.1238	-1.2094	-1.183	-0.75126	0.33215	0.88919	0.87679	0.59952	0.41809	0.098022	-0.08599	-0.1827	-0.2272	-0.23686	-0.20849	-0.19039	-0.16294	-0.1147	-0.021929	0.022943	2.128
931.41	0.038832	-0.024493	-0.082877	-0.0182	-0.25799	-0.33464	-0.43362	-0.57309	-0.67627	-0.8814	-0.97036	-1.0149	-0.96349	-0.67111	0.31489	0.95036	0.85168	0.54482	0.36354	0.039893	-0.11383	-0.20672	-0.24852	-0.24623	-0.23028	-0.20353	-0.16634	-0.11185	-0.0095666	0.026964	1.7878
930.67	0.021343	-0.017509	-0.088705	-0.012553	-0.26273	-0.32256	-0.43551	-0.53156	-0.70384	-0.91674	-0.7978	-1.084	-0.86593	-0.52542	0.37717	0.91681	0.84413	0.50645	0.3055	0.0073406	-0.14982	-0.22812	-0.25277	-0.26536	-0.23047	-0.21979	-0.18078	-0.11345	-0.019497	-0.0033519	1.4611
929.71	0.044751	-0.015189	-0.086324	-0.00042006	-0.27209	-0.32024	-0.41269	-0.51398	-0.64886	-0.70107	-0.83515	-0.75188	-0.76017	-0.33081	0.49289	0.95211	0.81286	0.44959	0.23087	-0.031278	-0.1753	-0.26578	-0.30727	-0.28294	-0.23763	-0.21196	-0.17062	-0.10754	-0.014551	0.024615	1.1314
930.24	0.030534	-0.0081737	-0.096157	-0.0085118	-0.22834	-0.32094	-0.39695	-0.4931	-0.61032	-0.80459	-0.76165	-0.87953	-0.49736	-0.11116	0.69654	1.0288	0.79263	0.38845	0.18421	-0.086165	-0.21764	-0.29368	-0.31438	-0.28854	-0.25595	-0.2352	-0.16655	-0.13308	-0.0095786	0.023005	0.81829
931.73	0.043819	-0.0073838	-0.068048	-0.0020356	-0.24702	-0.28607	-0.3816	-0.47833	-0.57996	-0.68227	-0.68753	-0.72467	-0.55387	-0.086655	0.6069	0.83869	0.75929	0.33408	0.12251	-0.11772	-0.24908	-0.31442	-0.32357	-0.31028	-0.26398	-0.23402	-0.18216	-0.11407	-0.0087362	0.030942	0.55833
932.59	0.046277	0.005048	-0.099203	-0.001227	-0.22686	-0.27701	-0.36115	-0.45736	-0.55722	-0.66437	-0.61403	-0.65587	-0.51246	0.051227	0.57096	1.0262	0.70849	0.26865	0.061052	-0.17922	-0.27735	-0.33618	-0.32731	-0.32232	-0.26144	-0.23301	-0.18438	-0.12975	-0.020282	0.024538	0.2588
933.01	0.033774	0.001165	-0.07863	-0.012521	-0.2186	-0.25665	-0.35171	-0.4514	-0.51256	-0.595	-0.56827	-0.51083	-0.17705	0.13225	0.71214	0.88885	0.65808	0.22278	0.011495	-0.2048	-0.30896	-0.35213	-0.35137	-0.3156	-0.26669	-0.23772	-0.18429	-0.11241	0.0069458	0.047622	-0.033197
934.5	0.05366	-0.0027128	-0.082605	0.0044154	-0.20921	-0.24043	-0.33262	-0.43018	-0.48008	-0.56819	-0.46741	-0.46752	-0.39714	0.22913	0.78162	0.81058	0.62669	0.17235	-0.045823	-0.24461	-0.34098	-0.38118	-0.35886	-0.33887	-0.2632	-0.23253	-0.19904	-0.11148	-0.0054167	0.017333	-0.26288
937.91	0.054294	0.0088813	-0.092106	0.0011879	-0.19854	-0.26056	-0.31757	-0.42454	-0.47045	-0.50601	-0.43854	-0.33877	-0.10295	0.23634	0.82274	0.79063	0.56152	0.11572	-0.10822	-0.27265	-0.36646	-0.4034	-0.36799	-0.34581	-0.2775	-0.23808	-0.1786	-0.11332	-0.02345	0.023609	-0.46977
940.99	0.04834	0.0127	-0.066565	-0.013215	-0.18891	-0.25011	-0.3058	-0.39058	-0.45868	-0.50435	-0.34688	-0.41364	-0.086395	0.31593	0.8288	0.93221	0.51816	0.056021	-0.14996	-0.32519	-0.38139	-0.40964	-0.39638	-0.34061	-0.2743	-0.23172	-0.15049	-0.092842	0.0052491	0.064588	-0.69647
943.76	0.04902	-0.0042202	-0.072863	-0.0083898	-0.19552	-0.2372	-0.30414	-0.38862	-0.41266	-0.45166	-0.34586	-0.20201	-0.037662	0.41913	0.90503	0.73499	0.46794	-0.00067851	-0.19149	-0.34114	-0.41809	-0.41933	-0.39283	-0.35016	-0.28411	-0.25248	-0.15789	-0.097025	-0.0045502	0.030547	-0.90342
944.61	0.040756	-0.011884	-0.081719	-0.0051951	-0.18819	-0.23264	-0.29623	-0.368	-0.39975	-0.36598	-0.26462	-0.14295	0.10772	0.41875	0.79071	0.82726	0.39533	-0.078015	-0.27285	-0.40166	-0.44264	-0.43654	-0.40443	-0.35066	-0.2778	-0.24115	-0.14835	-0.11622	-0.0045446	0.028945	-1.0404
946.21	0.042327	-0.010334	-0.065389	-0.0075731	-0.17894	-0.23658	-0.2904	-0.34795	-0.39126	-0.34833	-0.24623	-0.22666	0.13977	0.60983	0.86781	0.67405	0.33637	-0.11952	-0.3096	-0.4246	-0.46837	-0.46003	-0.40772	-0.37112	-0.29396	-0.24628	-0.16061	-0.098996	-0.009417	0.029683	-1.1926
948.87	0.052029	0.0026713	-0.065204	-0.0019988	-0.20694	-0.22121	-0.29566	-0.35827	-0.36678	-0.43224	-0.16501	-0.18417	0.099192	0.61607	0.91755	0.68058	0.30313	-0.16071	-0.33966	-0.45453	-0.47826	-0.46291	-0.42879	-0.36927	-0.27203	-0.25586	-0.18199	-0.11054	-0.0045257	0.017855	-1.3144
951.52	0.054331	0.014843	-0.062608	-0.0051573	-0.19748	-0.22577	-0.31076	-0.34681	-0.36653	-0.36332	-0.20023	-0.13356	0.22717	0.59846	0.79363	0.72899	0.24914	-0.20253	-0.38805	-0.47842	-0.49768	-0.47242	-0.445	-0.37548	-0.29232	-0.23782	-0.19237	-0.10581	0.0043843	0.024051	-1.3966
953.01	0.04773	-0.01102	-0.074568	-0.007519	-0.19274	-0.21681	-0.308	-0.33581	-0.33956	-0.26978	-0.11085	-0.066677	0.19479	0.71652	0.87895	0.66087	0.21821	-0.23322	-0.40206	-0.48018	-0.51523	-0.48496	-0.42534	-0.37329	-0.25358	-0.24924	-0.16179	-0.10197	-0.0045045	0.02869	-1.4772
953.55	0.040374	-0.0072149	-0.091398	-0.0027795	-0.18643	-0.22702	-0.27455	-0.34527	-0.33472	-0.28653	-0.13749	-0.06664	0.1947	0.69233	0.85251	0.51824	0.17389	-0.27441	-0.45338	-0.51507	-0.51574	-0.4963	-0.43379	-0.36826	-0.2992	-0.24282	-0.17412	-0.098969	-0.0093445	0.038804	-1.5321
953.97	0.049309	0.0026585	-0.097783	-0.0083	-0.19874	-0.21487	-0.28047	-0.32986	-0.34853	-0.31172	-0.21754	-0.03329	0.27457	0.56523	0.94721	0.45943	0.14732	-0.30699	-0.47778	-0.52488	-0.53859	-0.51099	-0.4407	-0.37934	-0.24808	-0.25292	-0.16473	-0.098189	-0.0061139	0.03567	-1.5625
954.61	0.049276	-0.016311	-0.070431	-0.0051406	-0.19153	-0.23622	-0.2886	-0.33204	-0.34442	-0.48873	-0.21738	-0.049917	0.11457	0.64405	0.76516	0.51766	0.11271	-0.32742	-0.49744	-0.55378	-0.5438	-0.51396	-0.44987	-0.37668	-0.25316	-0.24412	-0.16152	-0.10033	-0.0069155	0.040318	-1.5716
955.46	0.042731	-0.017055	-0.081594	-0.0067108	-0.18428	-0.25233	-0.27626	-0.33255	-0.3294	-0.19323	-0.11055	0.14966	0.338	0.78589	0.92848	0.60073	0.098177	-0.33314	-0.5016	-0.54661	-0.54967	-0.51102	-0.45656	-0.37474	-0.26791	-0.23449	-0.17377	-0.094371	0.017253	0.031729	-1.5442
956.1	0.042703	0.00037978	-0.072724	-0.0067079	-0.19565	-0.23242	-0.28287	-0.3155	-0.32841	-0.27735	-0.021658	-0.033232	0.29787	0.6984	0.81571	0.52518	0.097309	-0.33549	-0.50894	-0.5571	-0.54216	-0.50159	-0.43893	-0.36648	-0.26773	-0.23198	-0.16591	-0.09211	0.0019485	0.040255	-1.5442
957.59	0.039392	-0.010211	-0.075811	-0.004339	-0.19888	-0.23806	-0.29071	-0.33341	-0.31863	-0.36944	-0.039367	-7.4167e-007	0.31336	0.73678	0.79723	0.53271	0.067555	-0.36069	-0.52347	-0.5579	-0.5548	-0.52393	-0.45947	-0.35791	-0.26656	-0.23162	-0.15716	-0.10002	-0.00046557	0.042521	-1.5488
959.29	0.037704	-0.0064171	-0.094844	-0.0011928	-0.20293	-0.23593	-0.27666	-0.33521	-0.31883	-0.25963	-0.074701	-0.0082769	0.35256	0.67243	0.93335	0.45689	0.058653	-0.36176	-0.53401	-0.56023	-0.54985	-0.51888	-0.44453	-0.37484	-0.25193	-0.24293	-0.17076	-0.08888	0.0027453	0.051739	-1.5579
960.35	0.015022	-0.021494	-0.089155	-0.0035432	-0.20182	-0.22284	-0.28837	-0.32926	-0.34159	-0.27612	-0.11882	-0.090985	0.23304	0.71104	0.78633	0.58102	0.045024	-0.38529	-0.54106	-0.57042	-0.56585	-0.51419	-0.47931	-0.37124	-0.2576	-0.25358	-0.17288	-0.091702	-0.011682	0.031567	-1.5595
960.03	0.042528	-0.015464	-0.10036	0.0066489	-0.21597	-0.25712	-0.30124	-0.33735	-0.33014	-0.39367	-0.056963	0.099299	0.28077	0.73491	0.73506	0.46486	0.043444	-0.3914	-0.56263	-0.57975	-0.57237	-0.51765	-0.44497	-0.3953	-0.2793	-0.25133	-0.15907	-0.085163	-0.0036704	0.04009	-1.5701
961.73	0.031148	-0.010167	-0.10336	-0.0074508	-0.2191	-0.25752	-0.29246	-0.33914	-0.33571	-0.31759	-0.17161	0.0082701	0.34372	0.66287	0.77663	0.50552	0.029027	-0.38388	-0.55782	-0.57209	-0.55793	-0.51509	-0.4434	-0.36035	-0.26839	-0.22906	-0.15648	-0.093755	-0.0020645	0.027659	-1.5579
963.54	0.034314	-0.041717	-0.091245	-0.0027492	-0.18975	-0.24425	-0.29341	-0.33135	-0.32971	-0.41731	-0.13606	-0.090684	0.32725	0.67732	0.76662	0.55425	0.03454	-0.39594	-0.54079	-0.57184	-0.55531	-0.51166	-0.44492	-0.3716	-0.25898	-0.2193	-0.14467	-0.088488	0.0043296	0.056138	-1.4925
965.13	0.033452	-0.022887	-0.10141	-0.0027446	-0.21658	-0.26256	-0.30189	-0.34112	-0.32073	-0.45	-0.047852	0.016467	0.29509	0.65269	0.94481	0.53681	0.045596	-0.37062	-0.52774	-0.55188	-0.54967	-0.49607	-0.41844	-0.34717	-0.24595	-0.22282	-0.1544	-0.075274	0.0051209	0.039109	-1.287
966.09	0.029401	-0.025114	-0.098142	-0.0043008	-0.22599	-0.26825	-0.30607	-0.34554	-0.35105	-0.26613	-0.20601	-0.057557	0.27901	0.64422	0.84995	0.56106	0.062996	-0.35921	-0.51962	-0.5472	-0.53026	-0.49476	-0.4227	-0.34128	-0.24201	-0.22105	-0.14429	-0.0781	0.017062	0.035993	-1.1469
966.73	0.018137	-0.03334	-0.10679	-0.0089702	-0.23021	-0.27402	-0.3178	-0.34294	-0.36459	-0.26596	-0.12683	0.049305	0.3104	0.68289	0.92616	0.69278	0.08356	-0.3369	-0.50486	-0.54684	-0.52363	-0.47808	-0.41853	-0.34026	-0.24407	-0.2116	-0.13501	-0.084573	-0.0052362	0.039043	-1.0023
967.37	0.030967	-0.025081	-0.12573	-0.0050728	-0.25801	-0.29081	-0.3243	-0.38468	-0.37352	-0.36571	-0.24964	-0.041051	0.25499	0.62773	0.76359	0.55208	0.10964	-0.31122	-0.4833	-0.52503	-0.51072	-0.4843	-0.41592	-0.33687	-0.23651	-0.20603	-0.13951	-0.067858	0.0035174	0.029034	-0.78473
968.22	0.023723	-0.019075	-0.11771	-0.0019589	-0.24207	-0.30496	-0.3486	-0.39147	-0.40147	-0.34874	-0.18803	-0.10665	0.30203	0.55691	0.83959	0.51039	0.14357	-0.27195	-0.44499	-0.48748	-0.49773	-0.46264	-0.40467	-0.33103	-0.2363	-0.20198	-0.15543	-0.077929	-0.0099988	0.040518	-0.58388
969.6	0.022087	-0.033239	-0.11912	-0.013601	-0.25393	-0.29776	-0.35703	-0.39328	-0.39632	-0.48117	-0.14396	-0.098305	0.049869	0.68087	0.65975	0.59197	0.18919	-0.25209	-0.41486	-0.45963	-0.47979	-0.44812	-0.41807	-0.32029	-0.21826	-0.21406	-0.13232	-0.085045	-0.001253	0.037396	-0.33285
970.34	0.017268	-0.042172	-0.12377	-0.0058326	-0.30163	-0.30683	-0.36122	-0.40956	-0.42575	-0.26496	-0.29262	-0.17191	0.16775	0.50114	0.78675	0.64085	0.24116	-0.17238	-0.35633	-0.43542	-0.44186	-0.43555	-0.38051	-0.31688	-0.21883	-0.18146	-0.12612	-0.092923	0.00033316	0.028178	-0.042323
969.81	0.014075	-0.036967	-0.13884	-0.0089417	-0.27217	-0.31123	-0.37257	-0.42084	-0.43285	-0.48937	-0.32782	-0.19657	0.10493	0.47025	0.74465	0.56712	0.29421	-0.15132	-0.32249	-0.41838	-0.42644	-0.41133	-0.36986	-0.29415	-0.19904	-0.18542	-0.12695	-0.068408	-0.0020473	0.033556	0.22382
