% Time() Angle(deg) Cn Ct Cm
0	12.681	1.1656	0.19276	-0.0047112
0.05	13.039	1.2066	0.20716	-0.0036575
0.1	13.488	1.2782	0.22527	-0.0069494
0.15	13.896	1.3344	0.24526	-0.0025473
0.2	14.356	1.3895	0.26045	-0.0051638
0.25	14.76	1.4484	0.28454	-0.004326
0.29	15.199	1.4853	0.30215	-0.00014413
0.34	15.618	1.5382	0.32064	-0.0054936
0.39	16.042	1.5683	0.33553	-0.0036513
0.44	16.446	1.5652	0.349	-0.00080637
0.49	16.911	1.5538	0.3581	0.00019591
0.54	17.3	1.5756	0.36997	-0.0037983
0.59	17.736	1.582	0.38134	-0.0049021
0.64	18.154	1.5905	0.39216	-0.0091155
0.69	18.59	1.6483	0.41279	-0.0099732
0.74	18.995	1.6788	0.42913	-0.012758
0.79	19.457	1.7448	0.45251	-0.018343
0.83	19.846	1.792	0.4649	-0.028902
0.88	20.284	1.868	0.48199	-0.040514
0.93	20.682	1.9307	0.4941	-0.04845
0.98	21.074	1.9718	0.49065	-0.064472
1.03	21.423	2.1027	0.47918	-0.082527
1.08	21.734	2.2151	0.40506	-0.09099
1.13	22.1	2.2513	0.28105	-0.13066
1.18	22.368	2.2493	0.20537	-0.17186
1.23	22.632	2.3116	0.14384	-0.25064
1.28	22.882	2.3496	0.053189	-0.35192
1.33	23.074	2.3512	0.0072717	-0.42947
1.37	23.22	2.2209	-0.040103	-0.45289
1.42	23.397	2.0672	-0.074102	-0.44364
1.47	23.597	1.8031	-0.12902	-0.42261
1.52	23.752	1.6957	-0.16287	-0.46085
1.57	23.959	1.5113	-0.14184	-0.37876
1.62	24.186	1.3995	-0.10419	-0.29571
1.67	24.434	1.344	-0.060488	-0.21509
1.72	24.671	1.3864	-0.031573	-0.19694
1.77	24.836	1.4654	-0.012125	-0.21021
1.82	25.012	1.4915	-0.011479	-0.22167
1.87	24.936	1.4738	-0.018828	-0.23745
1.91	24.961	1.4498	-0.034942	-0.25878
1.96	24.958	1.3458	-0.051616	-0.25436
2.01	24.94	1.3341	-0.056606	-0.25728
2.06	24.933	1.2189	-0.069631	-0.22865
2.11	24.948	1.1881	-0.076368	-0.21864
2.16	24.933	1.1889	-0.077614	-0.20675
2.21	24.949	1.2472	-0.076114	-0.21259
2.26	24.933	1.2926	-0.059738	-0.20388
2.31	24.94	1.324	-0.055768	-0.20485
2.36	24.838	1.3508	-0.054164	-0.20379
2.41	24.667	1.2728	-0.05597	-0.20077
2.45	24.497	1.1781	-0.059853	-0.1912
2.5	24.202	1.0497	-0.056247	-0.16086
2.55	23.919	0.94515	-0.05621	-0.13807
2.6	23.66	0.86649	-0.057514	-0.12336
2.65	23.338	0.82806	-0.056982	-0.11648
2.7	23.113	0.83546	-0.05177	-0.11167
2.75	22.832	0.84025	-0.052132	-0.10752
2.8	22.595	0.86074	-0.052995	-0.11193
2.85	22.301	0.87608	-0.054926	-0.11289
2.9	21.956	0.87583	-0.062522	-0.11527
2.95	21.637	0.87374	-0.065009	-0.11631
2.99	21.286	0.8545	-0.065181	-0.11191
3.04	20.914	0.82636	-0.063396	-0.10183
3.09	20.54	0.74724	-0.069443	-0.09468
3.14	20.165	0.698	-0.062467	-0.081669
3.19	19.737	0.6481	-0.057499	-0.07264
3.24	19.352	0.60474	-0.053369	-0.063758
3.29	19.002	0.54374	-0.053215	-0.058699
3.34	18.62	0.54002	-0.04817	-0.053805
3.39	18.241	0.52779	-0.046568	-0.054027
3.44	17.872	0.5063	-0.048129	-0.053315
3.49	17.508	0.48542	-0.052536	-0.051419
3.53	17.093	0.49998	-0.047391	-0.043765
3.58	16.722	0.5005	-0.050591	-0.049565
3.63	16.266	0.46807	-0.050446	-0.040497
3.68	15.91	0.46207	-0.049889	-0.040355
3.73	15.459	0.43947	-0.047012	-0.02981
3.78	15.049	0.41454	-0.050122	-0.028991
3.83	14.651	0.39598	-0.040441	-0.024292
3.88	14.227	0.36394	-0.02943	-0.015848
3.93	13.819	0.34834	-0.020554	-0.0077433
3.98	13.459	0.30985	-0.0098422	0.0066598
4.03	13.092	0.29951	0.001254	0.021506
4.07	12.765	0.29711	0.016368	0.039645
4.12	12.437	0.28863	0.022099	0.045659
4.17	12.111	0.32071	0.033421	0.050934
4.22	11.766	0.372	0.039233	0.050186
4.27	11.505	0.4395	0.048619	0.044976
4.32	11.186	0.48764	0.062132	0.048857
4.37	10.897	0.54091	0.067633	0.04417
4.42	10.546	0.58316	0.073294	0.042732
4.47	10.288	0.60057	0.070936	0.03878
4.52	10.063	0.63845	0.074738	0.033223
4.57	9.7957	0.66133	0.077634	0.032783
4.61	9.5737	0.66569	0.080956	0.02645
4.66	9.3789	0.66888	0.075314	0.023429
4.71	9.2308	0.67649	0.073826	0.017445
4.76	9.0601	0.69392	0.077067	0.014053
4.81	8.9544	0.7149	0.077725	0.0051106
4.86	8.8395	0.7164	0.081672	0.011936
4.91	8.7383	0.72177	0.079494	0.007678
4.96	8.634	0.75061	0.084277	0.010199
5.01	8.5811	0.77229	0.085726	0.0068136
5.06	8.5116	0.78931	0.087236	0.0074146
5.11	8.4798	0.78397	0.082946	0.0019522
5.15	8.4405	0.79318	0.087803	0.0045445
5.2	8.433	0.80339	0.087103	0.0012352
5.25	8.4768	0.79444	0.084288	0.00095111
5.3	8.4556	0.79151	0.088765	0.0016755
5.35	8.442	0.78643	0.0879	0.0041766
5.4	8.4451	0.78097	0.089587	0.0027171
5.45	8.4798	0.77905	0.083795	-0.0017826
5.5	8.4405	0.79724	0.09004	-0.00061138
5.55	8.5191	0.80227	0.089074	-0.00048614
5.6	8.6642	0.84429	0.096079	-0.0019999
5.65	8.8561	0.89713	0.10563	-0.00031403
5.69	9.039	0.93292	0.10884	-0.0022786
5.74	9.2867	0.98966	0.12244	-0.0028754
5.79	9.5163	1.0216	0.12596	-0.0060956
5.84	9.7836	1.0703	0.13317	-0.0079214
5.89	10.114	1.0822	0.14255	-0.0059134
5.94	10.419	1.0791	0.14561	-0.0078567
5.99	10.71	1.0884	0.15407	-0.0013291
6.04	10.995	1.0675	0.15474	0.00038977
6.09	11.32	1.0786	0.15651	-0.0083828
6.14	11.679	1.0913	0.16198	-0.0076336
6.19	12.027	1.1378	0.17525	-0.0098321
6.23	12.358	1.155	0.1861	-0.0041735
