12742	4	3	91	24.5	760	1	8	10	2.912	128	4096	10	0	0	0	0	372.72	970.9	1.4637e+006	0.11701	0.12435	40.465	0	0	1	0	0	0	11	0	0
968.53	0.035581	-0.029808	-0.12873	-0.2079	-0.27373	-0.25191	-0.41582	-0.47873	-0.49379	-0.58665	-0.47694	-0.34561	-0.00093765	0.46838	0.84646	0.6356	0.45097	0.0048146	-0.18755	-0.33402	-0.36293	-0.35508	-0.32539	-0.26128	-0.17102	-0.14904	-0.094471	-0.026247	0.035721	0.058348	1.1542
968.53	0.021149	-0.032051	-0.13664	-0.23121	-0.30689	-0.25022	-0.41954	-0.50958	-0.53504	-0.65318	-0.55584	-0.46043	-0.15844	0.30444	0.7613	0.81689	0.50713	0.070921	-0.13151	-0.27716	-0.33078	-0.34447	-0.30207	-0.23518	-0.17693	-0.1529	-0.11815	-0.05591	0.026983	0.041472	1.5584
967.47	0.017962	-0.023101	-0.13996	-0.24314	-0.30373	-0.25558	-0.45057	-0.53152	-0.56469	-0.6539	-0.62666	-0.46914	-0.087657	0.15631	0.77918	0.88376	0.58766	0.16348	-0.045975	-0.21973	-0.29426	-0.295	-0.26584	-0.22277	-0.1542	-0.14145	-0.075458	-0.041485	0.038944	0.046127	1.9215
967.47	-0.0012996	-0.04556	-0.1653	-0.26959	-0.31596	-0.27425	-0.47443	-0.54894	-0.59527	-0.67888	-0.59157	-0.68263	-0.33205	0.21101	0.711	0.88376	0.63676	0.22287	0.032117	-0.17271	-0.23147	-0.26067	-0.25495	-0.19347	-0.12611	-0.11821	-0.069341	-0.028449	0.02383	0.043821	2.3528
968	0.024369	-0.041045	-0.15175	-0.22901	-0.31578	-0.27664	-0.48162	-0.57396	-0.62323	-0.73676	-0.67895	-0.64123	-0.38702	0.078117	0.67652	0.83382	0.69893	0.29482	0.093478	-0.11985	-0.20231	-0.23602	-0.22604	-0.18703	-0.14082	-0.11118	-0.079239	-0.024813	0.021433	0.045333	2.7749
968	0.020359	-0.039548	-0.1565	-0.25933	-0.33848	-0.28682	-0.48907	-0.60246	-0.6431	-0.81164	-0.72282	-0.76431	-0.5131	-0.054673	0.54872	0.83382	0.73851	0.35503	0.16547	-0.075333	-0.15603	-0.19191	-0.20815	-0.17358	-0.13195	-0.093372	-0.051724	-0.02988	0.035744	0.046099	3.2347
967.58	0.01796	-0.03732	-0.17478	-0.26878	-0.36046	-0.309	-0.54221	-0.63202	-0.69384	-0.90356	-0.87233	-0.84675	-0.66309	-0.29691	0.54044	0.85068	0.79901	0.43238	0.23301	-0.015984	-0.12157	-0.183	-0.18179	-0.16178	-0.10466	-0.089541	-0.050219	-0.014687	0.029396	0.049192	3.6641
967.58	0.012343	-0.048549	-0.18111	-0.27734	-0.34649	-0.30815	-0.5027	-0.63439	-0.72366	-0.8786	-0.96886	-1.0274	-0.88382	-0.38287	0.38698	0.7847	0.82197	0.50873	0.31185	0.037625	-0.081541	-0.13642	-0.14367	-0.13011	-0.094309	-0.078695	-0.044102	-0.0096174	0.038939	0.058406	4.1268
967.26	0.025192	-0.039578	-0.17087	-0.2891	-0.36757	-0.31759	-0.54984	-0.68371	-0.78279	-0.95383	-0.99552	-1.118	-0.9945	-0.64092	0.30185	0.90048	0.86026	0.56321	0.38627	0.099519	-0.029753	-0.1054	-0.13282	-0.11351	-0.075853	-0.062452	-0.047941	-0.0038241	0.028609	0.054585	4.5862
966.51	0.0043227	-0.044854	-0.19241	-0.29712	-0.40282	-0.35095	-0.58832	-0.70247	-0.83545	-0.96291	-1.0841	-1.1189	-1.1689	-0.64923	0.15702	0.80207	0.84427	0.60951	0.42907	0.14749	0.0063645	-0.076851	-0.10878	-0.099335	-0.074433	-0.072579	-0.031903	0.00052324	0.028631	0.043865	5.0683
965.98	-0.00049821	-0.050129	-0.19569	-0.31053	-0.39342	-0.3503	-0.59238	-0.71078	-0.84356	-1.0468	-1.2781	-1.3004	-1.3037	-0.95484	0.10587	0.72816	0.85901	0.67952	0.49764	0.1897	0.037027	-0.046608	-0.075337	-0.085907	-0.058923	-0.05012	-0.033452	-0.013985	0.023867	0.035428	5.5274
966.62	0.011552	-0.053843	-0.17654	-0.30409	-0.41239	-0.3628	-0.62706	-0.765	-0.90117	-1.0628	-1.4266	-1.4557	-1.4528	-1.0715	-0.12456	0.78547	0.87192	0.71728	0.55271	0.23993	0.080994	4.9331e-005	-0.052705	-0.062866	-0.047046	-0.074897	-0.00051848	0.015022	0.041368	0.036175	6.0182
965.45	0.0051312	-0.055408	-0.19421	-0.32161	-0.40414	-0.35729	-0.63379	-0.77862	-0.91606	-1.0891	-1.27	-1.6303	-1.6995	-1.3078	-0.11617	0.71204	0.84758	0.75726	0.59973	0.29478	0.1275	0.021344	-0.037173	-0.035962	-0.032286	-0.02453	-0.013548	0.024475	0.031851	0.056228	6.4845
964.71	0.0051352	-0.051696	-0.19833	-0.3164	-0.43073	-0.37628	-0.65895	-0.80781	-0.95588	-1.2486	-1.5527	-1.6562	-1.8984	-1.5282	-0.4497	0.53061	0.85538	0.78848	0.65645	0.34464	0.16144	0.050867	-0.00053005	-0.026461	-0.0071034	-0.0090121	-0.0043562	0.022314	0.039055	0.046259	6.9538
964.07	0.010776	-0.066003	-0.20482	-0.33847	-0.44942	-0.39952	-0.69081	-0.85047	-1.0018	-1.4249	-1.6594	-1.888	-2.1766	-1.7801	-0.61254	0.51438	0.82337	0.81114	0.69645	0.39453	0.19621	0.089449	0.026797	-0.0089944	0.0025371	-0.0051303	-0.0028222	0.029597	0.041477	0.050913	7.4803
963.01	0.0011135	-0.070591	-0.21857	-0.35135	-0.46483	-0.41445	-0.70505	-0.89755	-1.0459	-1.5686	-1.7759	-2.0386	-2.2503	-2.1589	-0.85301	0.32436	0.77495	0.84272	0.74368	0.42646	0.25241	0.12321	0.045588	0.02759	0.014425	0.0034246	0.016379	0.036177	0.047914	0.044024	7.9522
961.52	-0.0069604	-0.05714	-0.20377	-0.35268	-0.48049	-0.42107	-0.72115	-0.91965	-1.1091	-1.5962	-1.8669	-2.2813	-2.4759	-2.4296	-1.0945	0.26675	0.72197	0.87475	0.77916	0.47277	0.29624	0.17192	0.080887	0.052333	0.036018	0.028373	0.035641	0.019473	0.049589	0.041774	8.4526
960.14	-0.0029276	-0.046663	-0.21044	-0.36181	-0.4759	-0.42766	-0.765	-0.9513	-1.1739	-1.7411	-2.0288	-2.4335	-2.6939	-2.8583	-1.3967	0.10922	0.65838	0.88713	0.81237	0.5308	0.3457	0.1977	0.10687	0.072356	0.03905	0.036219	0.03338	0.023149	0.046454	0.050348	8.9725
959.71	-0.0053547	-0.045174	-0.21134	-0.37922	-0.48403	-0.47318	-0.77361	-1.0188	-1.2044	-1.658	-2.3571	-2.567	-2.9415	-3.1826	-1.5263	-0.13186	0.57485	0.89351	0.8456	0.57012	0.38146	0.21839	0.143	0.098732	0.068134	0.051075	0.051894	0.048715	0.05289	0.047272	9.4348
958.12	0.0043606	-0.044494	-0.21249	-0.36728	-0.49895	-0.45255	-0.7764	-1.0261	-1.2551	-1.8877	-2.2458	-2.762	-3.2409	-3.5035	-1.899	-0.34032	0.48466	0.89071	0.86461	0.61271	0.41538	0.27074	0.16681	0.11329	0.08243	0.058199	0.057386	0.053184	0.048158	0.053556	9.9527
956.63	-0.0029383	-0.051376	-0.23524	-0.371	-0.51474	-0.47385	-0.80777	-1.0485	-1.3321	-1.8485	-2.4889	-3.0569	-3.6048	-3.8883	-2.2468	-0.57445	0.35487	0.8981	0.88896	0.65204	0.4581	0.29431	0.18202	0.13909	0.091532	0.081008	0.058249	0.059861	0.058691	0.040435	10.443
955.35	0.0084363	-0.060541	-0.22112	-0.36835	-0.52162	-0.47534	-0.82847	-1.0844	-1.3578	-1.9606	-2.51	-3.2273	-3.8012	-4.0755	-2.4483	-0.75062	0.25671	0.86408	0.88324	0.6763	0.48573	0.31787	0.20117	0.14329	0.10588	0.074057	0.069942	0.063606	0.046686	0.048267	10.925
953.97	-0.0053885	-0.05076	-0.19815	-0.36415	-0.51883	-0.49238	-0.85689	-1.1309	-1.4219	-2.1999	-2.8074	-3.3319	-4.0945	-4.7471	-3.0398	-1.0027	0.11655	0.83607	0.88298	0.70405	0.50873	0.36144	0.23776	0.16919	0.12628	0.10166	0.086331	0.069574	0.046754	0.035095	11.382
952.69	0.00030941	-0.045505	-0.21611	-0.3915	-0.52219	-0.50769	-0.91255	-1.1614	-1.4711	-2.1521	-2.8468	-3.4531	-4.4603	-5.1027	-3.3295	-1.3391	-0.040112	0.81996	0.89725	0.74436	0.55723	0.38848	0.25783	0.19113	0.14822	0.11596	0.10042	0.07114	0.053279	0.0523	11.887
950.57	-0.010308	-0.070751	-0.22626	-0.3797	-0.56247	-0.53904	-0.89031	-1.1833	-1.5188	-2.2247	-3.1212	-3.6112	-4.6949	-5.5038	-3.6927	-1.6443	-0.18608	0.79935	0.87302	0.76534	0.58724	0.40765	0.28612	0.20929	0.15231	0.12883	0.097534	0.084566	0.049352	0.026624	12.319
948.33	-0.017702	-0.064045	-0.20256	-0.38298	-0.53172	-0.49617	-0.94108	-1.2305	-1.5668	-2.2979	-3.0658	-3.6784	-5.0438	-5.9552	-3.8928	-1.8922	-0.34162	0.73718	0.87972	0.78313	0.60143	0.43279	0.29553	0.22432	0.1753	0.13783	0.10167	0.085505	0.050277	0.048624	12.797
948.01	-0.013611	-0.057954	-0.22202	-0.39184	-0.55775	-0.49807	-0.9414	-1.2609	-1.615	-2.4091	-3.2639	-3.8975	-5.3995	-6.356	-4.477	-2.2717	-0.51144	0.71231	0.86145	0.80612	0.63207	0.4713	0.325	0.24379	0.18516	0.14262	0.1056	0.092185	0.054355	0.044721	13.206
946.84	-0.02921	-0.055731	-0.20369	-0.40107	-0.54237	-0.51949	-0.96617	-1.2648	-1.6834	-2.2675	-3.3756	-4.0785	-5.4061	-6.6673	-4.7351	-2.5357	-0.7006	0.64471	0.84779	0.82819	0.6513	0.48942	0.34051	0.26271	0.19975	0.15308	0.12995	0.091561	0.029226	0.040067	13.646
945.99	-0.028416	-0.068031	-0.19091	-0.37915	-0.5509	-0.53905	-0.96094	-1.2951	-1.7169	-2.525	-3.5492	-4.2165	-5.9915	-7.0809	-5.0445	-2.7827	-0.85348	0.60364	0.8284	0.8399	0.6872	0.49738	0.36628	0.2678	0.20749	0.17065	0.13789	0.095345	0.056097	0.030679	14.078
945.78	-0.0432	-0.070344	-0.20878	-0.42142	-0.54745	-0.53483	-0.97488	-1.3213	-1.7447	-2.5511	-3.7834	-4.3686	-6.3235	-7.602	-5.4729	-3.1208	-1.0683	0.54129	0.80221	0.8519	0.69057	0.5092	0.37352	0.2792	0.21963	0.16277	0.14183	0.090182	0.026818	0.022046	14.496
945.03	-0.051449	-0.052006	-0.19435	-0.39626	-0.55772	-0.53612	-1.0146	-1.3491	-1.8283	-2.6639	-3.7954	-4.5906	-6.7159	-7.992	-6.0184	-3.3935	-1.2783	0.47397	0.76947	0.85679	0.72406	0.54642	0.4009	0.3005	0.2304	0.18748	0.14743	0.10656	0.039868	0.027566	14.852
945.03	-0.05638	-0.064269	-0.20408	-0.40901	-0.58186	-0.56739	-0.99779	-1.384	-1.8095	-2.5957	-3.993	-4.6074	-6.9984	-8.336	-6.2365	-3.8495	-1.4559	0.41403	0.75239	0.87453	0.73611	0.56399	0.41524	0.31023	0.22964	0.18668	0.15212	0.11175	0.042313	0.03071	15.195
944.08	-0.049035	-0.078143	-0.20185	-0.41261	-0.55739	-0.57144	-1.0431	-1.3878	-1.8536	-2.8031	-4.0781	-4.7888	-7.3448	-8.841	-6.6884	-4.1324	-1.6959	0.33186	0.71819	0.87964	0.75616	0.58466	0.4324	0.32921	0.24958	0.18767	0.16325	0.10593	0.054582	0.018937	15.57
942.59	-0.034285	-0.069046	-0.18591	-0.37893	-0.57082	-0.55318	-1.0363	-1.3835	-1.8817	-2.8674	-4.0575	-4.9986	-7.7367	-9.4004	-7.2852	-4.6045	-1.9018	0.26881	0.68742	0.8895	0.77186	0.59817	0.44986	0.33135	0.25756	0.21659	0.17449	0.12543	0.049769	0.028425	15.875
941.52	-0.054115	-0.091432	-0.20077	-0.40094	-0.57775	-0.55468	-1.039	-1.4445	-1.9616	-2.8792	-4.3777	-5.2152	-8.1181	-9.7161	-7.5124	-4.8386	-2.0846	0.20373	0.64457	0.89389	0.79209	0.60808	0.45116	0.33742	0.26013	0.19614	0.16605	0.11366	0.046557	0.020565	16.149
940.57	-0.0616	-0.093064	-0.19935	-0.38774	-0.55587	-0.54739	-1.0478	-1.4565	-1.9455	-2.9677	-4.4634	-5.4232	-8.3778	-10.088	-7.8884	-5.1829	-2.2407	0.15244	0.61403	0.90584	0.79612	0.6314	0.47003	0.36465	0.2642	0.22343	0.1615	0.11899	0.031877	0.021377	16.42
939.08	-0.067487	-0.083958	-0.21027	-0.38355	-0.56395	-0.54389	-1.0348	-1.4425	-2.0376	-2.8867	-4.371	-5.4487	-8.5941	-10.305	-8.0853	-5.3866	-2.3927	0.083634	0.5822	0.90387	0.79658	0.63493	0.46596	0.3538	0.27147	0.2166	0.16727	0.10425	0.045857	0.016664	16.638
938.65	-0.089025	-0.10791	-0.21771	-0.38212	-0.55521	-0.57387	-0.99305	-1.4546	-2.0212	-2.9566	-4.6173	-5.5781	-8.8418	-10.624	-8.4493	-5.6101	-2.5317	0.018086	0.55355	0.89408	0.78642	0.65038	0.48462	0.35968	0.27845	0.21031	0.17286	0.12894	0.03932	0.021421	16.878
937.05	-0.08089	-0.12124	-0.20827	-0.38116	-0.54533	-0.54068	-1.0571	-1.5241	-2.0586	-3.082	-4.5345	-5.825	-9.1254	-10.779	-8.7365	-6.0114	-2.6979	-0.048459	0.51614	0.8939	0.80559	0.65233	0.47661	0.37337	0.26748	0.21387	0.16368	0.11495	0.045134	0.0048051	17.043
935.99	-0.10587	-0.11441	-0.2216	-0.3816	-0.55047	-0.56147	-1.0375	-1.489	-2.038	-3.1372	-4.576	-5.891	-9.2499	-11.357	-8.905	-6.1546	-2.8262	-0.083592	0.50889	0.90003	0.81381	0.64293	0.486	0.37953	0.27695	0.21331	0.16308	0.11134	0.022988	0.0063988	17.189
935.14	-0.11012	-0.11606	-0.22344	-0.36343	-0.55729	-0.56461	-1.0137	-1.492	-2.0731	-3.1055	-4.7527	-5.9134	-9.5193	-11.383	-9.1689	-6.4333	-2.9639	-0.13195	0.46542	0.89232	0.81293	0.64352	0.49691	0.36594	0.26955	0.20148	0.16164	0.10469	0.016428	-0.0031306	17.337
934.18	-0.1094	-0.13402	-0.20973	-0.38072	-0.54973	-0.55641	-1.0565	-1.5223	-2.0982	-3.2553	-4.7939	-5.9194	-9.5617	-11.727	-9.3902	-6.4228	-3.0834	-0.17865	0.44549	0.88982	0.83327	0.67042	0.50467	0.3778	0.28055	0.22495	0.16656	0.11305	0.012324	-0.0023374	17.439
932.69	-0.10042	-0.12802	-0.23388	-0.36842	-0.53339	-0.52033	-1.0674	-1.482	-2.0825	-3.1569	-4.8471	-5.997	-9.6342	-11.786	-9.5202	-6.5786	-3.1623	-0.2071	0.4407	0.90322	0.83541	0.68082	0.50386	0.38497	0.2833	0.21728	0.16127	0.084685	0.010694	-0.010307	17.498
932.48	-0.12625	-0.14514	-0.22572	-0.39595	-0.52717	-0.52397	-1.0654	-1.5209	-2.1211	-3.1317	-4.6387	-6.0495	-9.6937	-11.991	-9.6639	-6.7427	-3.232	-0.23531	0.42034	0.89658	0.83805	0.67249	0.49752	0.37685	0.2849	0.20688	0.15734	0.095223	0.026377	-0.0063265	17.577
932.58	-0.14122	-0.14667	-0.24459	-0.35474	-0.55157	-0.538	-1.0359	-1.4616	-2.0605	-3.0018	-4.793	-6.0233	-9.6681	-12.071	-9.8131	-6.913	-3.2703	-0.24057	0.41086	0.89219	0.83469	0.68089	0.51764	0.38748	0.2841	0.2157	0.16288	0.096717	0.0049191	-0.035803	17.598
931.63	-0.12803	-0.16315	-0.23251	-0.37692	-0.54488	-0.51828	-1.0385	-1.4574	-2.1309	-3.074	-4.8161	-6.2597	-9.7599	-12.23	-9.7258	-7.0315	-3.3287	-0.26108	0.39711	0.90082	0.83637	0.67141	0.49636	0.3813	0.27287	0.20948	0.14081	0.087039	-3.2322e-005	-0.035043	17.592
930.99	-0.16398	-0.16871	-0.26229	-0.38445	-0.54707	-0.52834	-1.064	-1.4633	-2.0331	-3.1107	-4.7465	-6.1701	-9.8239	-12.076	-9.8299	-6.9678	-3.3244	-0.25597	0.39817	0.88773	0.82144	0.66507	0.49831	0.35934	0.26691	0.19031	0.14568	0.057745	-0.020695	-0.041452	17.532
931.41	-0.17725	-0.18807	-0.26957	-0.38832	-0.52868	-0.54484	-1.0495	-1.447	-2.0186	-3.1526	-4.9084	-6.1247	-9.7294	-12.111	-9.8874	-6.8275	-3.2999	-0.25145	0.40822	0.89674	0.83167	0.67496	0.49889	0.37317	0.26141	0.20148	0.14005	0.063737	-0.012426	-0.047815	17.571
932.05	-0.19462	-0.20581	-0.28172	-0.39452	-0.56005	-0.56208	-1.0442	-1.4468	-1.9974	-3.1072	-4.7775	-6.0523	-9.7881	-12.102	-9.8364	-6.6858	-3.328	-0.24599	0.40007	0.89527	0.81806	0.67534	0.50097	0.36633	0.26047	0.18687	0.1463	0.074217	-0.025627	-0.061332	17.589
931.31	-0.20061	-0.22153	-0.26796	-0.39564	-0.55051	-0.51934	-1.0303	-1.4538	-1.9919	-3.0145	-4.909	-6.1254	-9.8451	-12.015	-9.7114	-6.8368	-3.3085	-0.23914	0.4193	0.9157	0.84481	0.68522	0.50865	0.37403	0.26298	0.19587	0.15198	0.071267	-0.017384	-0.050214	17.562
931.84	-0.178	-0.19576	-0.28425	-0.4043	-0.5375	-0.53843	-1.0088	-1.397	-2.0336	-3.2635	-4.7604	-6.0792	-9.6185	-11.902	-9.7767	-6.7901	-3.3049	-0.25662	0.4041	0.8989	0.84188	0.6755	0.5019	0.37217	0.25899	0.19013	0.12967	0.063708	-0.030588	-0.062145	17.573
932.58	-0.19617	-0.21734	-0.27581	-0.39913	-0.5262	-0.54063	-0.96548	-1.4066	-1.982	-2.9413	-4.7566	-6.0573	-9.5536	-11.941	-9.6981	-6.6991	-3.2448	-0.23617	0.41793	0.90931	0.8347	0.6563	0.49343	0.35627	0.26262	0.19641	0.12956	0.071169	-0.027262	-0.051737	17.585
933.86	-0.21087	-0.21317	-0.26559	-0.3873	-0.5653	-0.52759	-0.9603	-1.4014	-1.9127	-3.0235	-4.5864	-5.9129	-9.5813	-11.86	-9.6054	-6.5959	-3.1715	-0.19453	0.44957	0.9149	0.83681	0.66557	0.49597	0.35742	0.24541	0.17527	0.12305	0.055316	-0.017337	-0.084287	17.447
933.22	-0.2002	-0.22108	-0.28793	-0.42306	-0.55663	-0.53851	-0.96172	-1.3383	-1.8633	-3.017	-4.5076	-5.9	-9.449	-11.706	-9.4352	-6.609	-3.1285	-0.18939	0.44752	0.90099	0.82924	0.64908	0.47534	0.3511	0.24251	0.17299	0.13106	0.051598	-0.032191	-0.06046	17.204
934.07	-0.19088	-0.217	-0.30325	-0.40897	-0.58054	-0.53714	-0.94155	-1.3199	-1.8442	-2.9194	-4.549	-5.9286	-9.2362	-11.607	-9.197	-6.3979	-3.028	-0.15143	0.45339	0.89931	0.82442	0.63409	0.46443	0.33683	0.23387	0.15919	0.10401	0.035047	-0.038754	-0.076314	17.1
935.35	-0.21552	-0.22599	-0.28973	-0.4567	-0.55355	-0.54343	-0.95645	-1.2771	-1.8124	-2.8379	-4.4429	-5.7592	-9.2236	-11.284	-9.2638	-6.3465	-2.9493	-0.14157	0.46454	0.86737	0.79732	0.61125	0.44448	0.31098	0.18155	0.14054	0.092794	0.025263	-0.052686	-0.080974	16.914
935.67	-0.20134	-0.21276	-0.33467	-0.4493	-0.56781	-0.54236	-0.92915	-1.2668	-1.8221	-2.682	-4.278	-5.6978	-9.1308	-11.07	-8.8199	-5.9947	-2.7944	-0.073094	0.49652	0.87475	0.79136	0.60174	0.42342	0.30105	0.19372	0.12848	0.074576	0.010275	-0.06007	-0.083331	16.609
934.39	-0.20577	-0.2549	-0.37038	-0.44186	-0.58758	-0.5554	-0.98831	-1.2817	-1.7391	-2.8236	-4.2839	-5.646	-8.9392	-10.794	-8.6555	-5.7723	-2.6605	-0.023998	0.53331	0.87424	0.79163	0.60088	0.43286	0.29736	0.18939	0.12865	0.07072	0.011039	-0.05274	-0.085036	16.396
935.24	-0.24211	-0.26784	-0.334	-0.4318	-0.54639	-0.54612	-0.94345	-1.2248	-1.6979	-2.5626	-4.1801	-5.3097	-8.6375	-10.428	-8.189	-5.5964	-2.4811	0.04536	0.56498	0.876	0.78442	0.58173	0.40349	0.27743	0.16628	0.11251	0.0667	0.011028	-0.064212	-0.097668	16.152
936.2	-0.24518	-0.26524	-0.33366	-0.45628	-0.59367	-0.52715	-0.91783	-1.1475	-1.5998	-2.6804	-4.067	-5.0751	-8.2701	-10.03	-7.837	-5.3093	-2.2756	0.11458	0.61298	0.88619	0.77631	0.57522	0.40307	0.2706	0.16687	0.10359	0.042136	-0.012184	-0.078119	-0.10312	15.82
935.56	-0.23207	-0.26852	-0.35436	-0.48797	-0.55975	-0.57839	-0.89765	-1.1065	-1.5763	-2.3551	-4.0788	-5.0192	-8.1698	-9.6245	-7.622	-5.0912	-2.1404	0.16379	0.62751	0.87997	0.746	0.56463	0.3945	0.25032	0.15475	0.085236	0.03742	-0.0069494	-0.081462	-0.10716	15.557
935.46	-0.24289	-0.23448	-0.39125	-0.4655	-0.6113	-0.5732	-0.94478	-1.1164	-1.5307	-2.4329	-3.925	-5.0282	-7.7142	-9.4316	-7.2967	-4.742	-1.9728	0.22874	0.65894	0.86813	0.73797	0.54863	0.37121	0.2356	0.13871	0.078835	0.027142	-0.03092	-0.09299	-0.10797	15.217
933.97	-0.22498	-0.27596	-0.36973	-0.51943	-0.56071	-0.5785	-0.91849	-1.0813	-1.4729	-2.2384	-3.7131	-4.7641	-7.4325	-9.0338	-6.9021	-4.2369	-1.7824	0.30469	0.71105	0.86695	0.72614	0.53173	0.35891	0.22778	0.12975	0.075753	0.020058	-0.046726	-0.093138	-0.11689	14.845
934.39	-0.25313	-0.26886	-0.37612	-0.46925	-0.60476	-0.56331	-0.88874	-1.0611	-1.4105	-2.0822	-3.5751	-4.5834	-7.1515	-8.6656	-6.4135	-3.7652	-1.579	0.37482	0.73584	0.87253	0.7063	0.5171	0.34021	0.20635	0.10902	0.054062	0.019256	-0.036206	-0.095566	-0.12161	14.505
933.75	-0.27659	-0.31015	-0.35423	-0.48892	-0.59794	-0.56809	-0.81906	-1.0208	-1.3473	-2.213	-3.5411	-4.4504	-6.8542	-8.2181	-6.2412	-3.6396	-1.3881	0.45156	0.77326	0.88082	0.71085	0.49798	0.32674	0.20567	0.1068	0.052491	0.001047	-0.033228	-0.095632	-0.12249	14.127
933.54	-0.25503	-0.27453	-0.32887	-0.54063	-0.60169	-0.53129	-0.80534	-0.95952	-1.3087	-2.0582	-3.26	-4.3323	-6.4309	-7.7584	-5.7832	-3.3242	-1.2013	0.50266	0.79073	0.86136	0.67929	0.48454	0.30827	0.17536	0.079237	0.029224	-0.017972	-0.065512	-0.12203	-0.15435	13.716
932.8	-0.23775	-0.28795	-0.39812	-0.4983	-0.59493	-0.50971	-0.73175	-0.97425	-1.2852	-2.103	-3.2534	-4.1825	-6.0354	-7.4323	-5.3811	-3.1471	-1.0208	0.57346	0.82753	0.83895	0.66029	0.44169	0.29964	0.14593	0.062432	0.028444	-0.026711	-0.069319	-0.1114	-0.14253	13.318
933.75	-0.28324	-0.34893	-0.39279	-0.45506	-0.54998	-0.48897	-0.78121	-0.89777	-1.2268	-2.0232	-3.141	-3.9059	-5.8005	-6.9065	-5.1018	-2.7593	-0.83924	0.62298	0.83454	0.82441	0.64172	0.44463	0.26709	0.1384	0.054708	0.0043356	-0.028268	-0.078254	-0.11706	-0.13124	12.873
933.54	-0.31242	-0.31177	-0.35923	-0.40759	-0.55553	-0.49524	-0.7837	-0.90043	-1.1812	-2.0323	-2.9598	-3.7792	-5.475	-6.5436	-4.7584	-2.589	-0.67366	0.66181	0.84259	0.79383	0.59957	0.39221	0.222	0.10642	0.027904	-0.021355	-0.048088	-0.086528	-0.13934	-0.15435	12.458
934.71	-0.31369	-0.29589	-0.3555	-0.48117	-0.52591	-0.4551	-0.71713	-0.83455	-1.1298	-1.7971	-2.8017	-3.732	-5.0112	-6.1876	-4.2848	-2.0735	-0.50561	0.71191	0.86821	0.7749	0.58664	0.37227	0.21125	0.095635	0.0087394	-0.021328	-0.059107	-0.1209	-0.14987	-0.17085	12.013
936.2	-0.28333	-0.30624	-0.36639	-0.45146	-0.51424	-0.48331	-0.71754	-0.81113	-1.0924	-1.8114	-2.77	-3.4206	-4.7914	-5.7498	-3.9608	-1.8571	-0.36078	0.75199	0.86448	0.75151	0.53703	0.3286	0.18679	0.070931	-0.012666	-0.037305	-0.074818	-0.11547	-0.14059	-0.16741	11.57
937.27	-0.27472	-0.28426	-0.32838	-0.44211	-0.52447	-0.45824	-0.63207	-0.8094	-1.0091	-1.6375	-2.6581	-3.2048	-4.5581	-5.3722	-3.5427	-1.6421	-0.18872	0.78792	0.87211	0.73022	0.51617	0.32063	0.16731	0.047148	-0.0088368	-0.06285	-0.079469	-0.11758	-0.14536	-0.1585	11.122
938.12	-0.24716	-0.23614	-0.30766	-0.4056	-0.49067	-0.39483	-0.60382	-0.73026	-1.0326	-1.7391	-2.4475	-3.1003	-4.2694	-5.1255	-3.1703	-1.4024	-0.074216	0.81783	0.87757	0.71254	0.4898	0.28747	0.15753	0.040571	-0.028651	-0.062793	-0.09438	-0.10926	-0.16983	-0.15202	10.683
938.86	-0.21471	-0.21049	-0.28457	-0.39486	-0.45158	-0.39364	-0.56878	-0.67991	-0.98376	-1.6605	-2.3913	-3.1571	-3.9817	-4.7591	-3.0535	-1.1888	0.039267	0.83029	0.87844	0.68818	0.47485	0.27124	0.12773	0.0283	-0.039294	-0.070724	-0.10455	-0.11813	-0.14101	-0.15111	10.271
940.67	-0.18871	-0.23011	-0.33696	-0.36849	-0.39772	-0.35187	-0.53241	-0.6672	-1.0102	-1.7343	-2.3055	-3.0328	-3.901	-4.4606	-2.96	-0.91503	0.14507	0.84702	0.87441	0.65207	0.44972	0.24298	0.10028	0.0021838	-0.054426	-0.086525	-0.10277	-0.1179	-0.12765	-0.13265	9.7881
941.74	-0.23384	-0.26522	-0.28858	-0.33051	-0.32369	-0.4151	-0.47054	-0.67702	-0.98469	-1.6468	-2.2307	-3.0462	-3.7104	-4.0702	-2.475	-0.65979	0.25229	0.85739	0.87731	0.6276	0.40083	0.22927	0.071394	-0.00025939	-0.064238	-0.094384	-0.10502	-0.12447	-0.12669	-0.15301	9.3396
942.27	-0.20899	-0.20128	-0.26403	-0.23207	-0.3253	-0.32775	-0.49707	-0.66769	-0.98178	-1.7314	-2.1303	-3.0192	-3.5545	-3.8433	-2.281	-0.56625	0.36922	0.86039	0.87448	0.60015	0.36757	0.18886	0.046591	-0.039286	-0.07407	-0.12297	-0.13401	-0.13704	-0.15765	-0.15214	8.8607
942.59	-0.27565	-0.22964	-0.22249	-0.23917	-0.35298	-0.26843	-0.45864	-0.67966	-0.99793	-1.6454	-2.1116	-2.7401	-3.27	-3.5292	-2.044	-0.37133	0.46663	0.881	0.85784	0.5754	0.34569	0.16615	0.03699	-0.050651	-0.10212	-0.13326	-0.13553	-0.1474	-0.13556	-0.16785	8.3967
945.14	-0.18535	-0.20603	-0.1384	-0.30065	-0.3109	-0.21733	-0.45587	-0.69728	-0.98975	-1.6409	-1.9442	-2.5226	-3.0595	-3.1757	-1.6981	-0.37033	0.53103	0.87428	0.82371	0.53247	0.29414	0.11969	0.0050339	-0.062673	-0.10639	-0.13052	-0.13908	-0.13292	-0.12949	-0.13595	7.9189
946.52	-0.13094	-0.11237	-0.16248	-0.27397	-0.25421	-0.22308	-0.43921	-0.67198	-0.95704	-1.6045	-1.9234	-2.4098	-2.9099	-3.0192	-1.4865	-0.057825	0.63547	0.88081	0.807	0.49796	0.28087	0.10698	-0.014856	-0.083626	-0.12588	-0.13746	-0.14513	-0.1342	-0.1228	-0.1177	7.4455
948.44	-0.090561	-0.10986	-0.17427	-0.26389	-0.24033	-0.19753	-0.45201	-0.67547	-0.95511	-1.5078	-2.0717	-2.2123	-2.5824	-2.8139	-1.2661	0.026436	0.67296	0.86691	0.78682	0.4734	0.24748	0.065914	-0.024349	-0.10123	-0.12864	-0.14666	-0.1425	-0.12876	-0.10632	-0.083776	6.9068
949.08	-0.12077	-0.12657	-0.17092	-0.2193	-0.20812	-0.19913	-0.46538	-0.66694	-0.91627	-1.5238	-1.7661	-2.1271	-2.4682	-2.5889	-1.1262	0.22822	0.73386	0.87152	0.77083	0.43188	0.23051	0.042542	-0.052885	-0.10923	-0.14513	-0.14893	-0.15955	-0.13236	-0.089223	-0.096245	6.3997
951.1	-0.10174	-0.088227	-0.10934	-0.1848	-0.18991	-0.21597	-0.4515	-0.69452	-0.9011	-1.4274	-1.7892	-2.1894	-2.2384	-2.1701	-0.88971	0.38715	0.77177	0.85672	0.74528	0.39152	0.18531	0.01834	-0.079681	-0.13236	-0.15911	-0.16437	-0.15065	-0.12914	-0.074469	-0.08276	5.9606
951.52	-0.05926	-0.051651	-0.1423	-0.14991	-0.20847	-0.22191	-0.44372	-0.65234	-0.86882	-1.2913	-1.485	-1.8628	-2.037	-2.0579	-0.63794	0.38698	0.80766	0.82528	0.70564	0.34606	0.15011	-0.0041042	-0.093094	-0.14599	-0.16355	-0.16588	-0.14359	-0.11509	-0.076053	-0.073353	5.4259
952.16	-0.043725	-0.047816	-0.10439	-0.13163	-0.18437	-0.20883	-0.42827	-0.62535	-0.81541	-1.2566	-1.5018	-1.8199	-1.9315	-1.5722	-0.42962	0.56274	0.84171	0.80059	0.66202	0.31398	0.098973	-0.041471	-0.10173	-0.15716	-0.16795	-0.16891	-0.16602	-0.12973	-0.059838	-0.054576	4.9758
952.27	-0.046982	-0.066821	-0.091505	-0.11738	-0.21275	-0.22087	-0.42823	-0.61563	-0.80988	-1.2142	-1.3946	-1.6195	-1.7711	-1.5799	-0.42957	0.57943	0.84645	0.77033	0.60957	0.25025	0.055103	-0.068869	-0.12622	-0.18127	-0.18821	-0.18542	-0.16134	-0.13707	-0.071953	-0.053789	4.4816
951.95	-0.0094775	-0.025	-0.068197	-0.11979	-0.21282	-0.19939	-0.45867	-0.61423	-0.76507	-1.0199	-1.2256	-1.5199	-1.5233	-1.3422	-0.022522	0.63831	0.86443	0.73696	0.55969	0.22938	0.030392	-0.10959	-0.15157	-0.18858	-0.20029	-0.18391	-0.16684	-0.1224	-0.053384	-0.05849	4.0631
952.05	0.0011263	-0.006739	-0.056118	-0.14903	-0.20392	-0.22351	-0.42302	-0.5868	-0.73857	-1.0706	-1.0917	-1.4112	-1.459	-1.0164	-0.022519	0.73882	0.86997	0.69722	0.51802	0.17236	-0.0070982	-0.14197	-0.18713	-0.20867	-0.19727	-0.19097	-0.1676	-0.12238	-0.053378	-0.038974	3.6019
952.69	0.031282	0.022154	-0.064928	-0.12128	-0.21975	-0.20268	-0.44242	-0.57113	-0.68294	-1.0276	-1.0553	-1.3102	-1.1378	-0.92054	0.046748	0.80534	0.87502	0.66143	0.47841	0.14879	-0.030208	-0.14602	-0.18858	-0.21979	-0.20314	-0.20186	-0.15661	-0.11053	-0.037995	-0.0038524	3.1361
954.5	0.04261	0.011489	-0.08487	-0.13998	-0.21667	-0.19284	-0.4174	-0.55961	-0.64754	-0.84845	-0.99994	-1.1579	-1.1676	-0.80791	0.19355	0.77036	0.86052	0.61804	0.43524	0.10419	-0.065951	-0.17474	-0.2245	-0.21616	-0.20875	-0.19677	-0.16639	-0.11326	-0.020992	0.021065	2.6777
954.08	0.033678	-0.014316	-0.062424	-0.12663	-0.22651	-0.19895	-0.37828	-0.52453	-0.64783	-0.84881	-0.99147	-0.94199	-0.88034	-0.60224	0.33196	0.80418	0.85769	0.55809	0.34855	0.038158	-0.10418	-0.20797	-0.2388	-0.25802	-0.22309	-0.20235	-0.15949	-0.099355	-0.01455	0.0070558	2.292
953.76	0.045901	0.00010809	-0.055215	-0.14403	-0.21507	-0.20676	-0.41168	-0.52149	-0.6465	-0.89132	-0.84934	-0.93398	-0.76066	-0.38842	0.35802	0.87974	0.83388	0.48684	0.28484	-0.0086843	-0.15677	-0.23789	-0.2594	-0.26935	-0.23066	-0.21657	-0.18902	-0.11261	-0.023429	0.018744	1.8501
954.29	0.042621	0.01149	-0.063213	-0.1408	-0.22026	-0.2161	-0.38197	-0.50033	-0.6097	-0.7811	-0.7955	-0.7753	-0.64836	-0.22181	0.53931	0.89597	0.8013	0.43152	0.22472	-0.049656	-0.19488	-0.27338	-0.28765	-0.27562	-0.25302	-0.21173	-0.17418	-0.11108	-0.015352	0.016398	1.4611
956.63	0.038457	0.0046493	-0.087084	-0.1436	-0.21354	-0.19069	-0.36445	-0.46467	-0.55794	-0.58552	-0.66926	-0.7651	-0.48731	-0.14224	0.53799	0.68523	0.75049	0.37126	0.15593	-0.098753	-0.21901	-0.30743	-0.29875	-0.29337	-0.26362	-0.23707	-0.20237	-0.13205	-0.011293	0.023349	1.0372
957.37	0.045727	0.022802	-0.073412	-0.14821	-0.21338	-0.19226	-0.34835	-0.4315	-0.55905	-0.62715	-0.64215	-0.62345	-0.3754	-0.08685	0.7185	0.96811	0.7203	0.30238	0.092218	-0.15119	-0.26008	-0.3105	-0.31975	-0.30114	-0.25519	-0.22749	-0.17671	-0.078519	-0.0016397	0.017121	0.6982
957.8	0.050572	0.0038864	-0.07338	-0.13007	-0.20093	-0.19303	-0.34368	-0.4385	-0.50242	-0.4923	-0.57981	-0.53195	-0.39911	0.1184	0.53734	0.83436	0.66959	0.24911	0.037035	-0.19862	-0.29961	-0.34751	-0.33218	-0.3138	-0.27748	-0.22895	-0.18822	-0.097507	-0.0040495	0.021767	0.34243
957.9	0.042458	0.020522	-0.050978	-0.12534	-0.19826	-0.1733	-0.32256	-0.43126	-0.4761	-0.65203	-0.51767	-0.63968	-0.19205	0.14208	0.67504	0.92592	0.63192	0.17025	-0.028055	-0.25025	-0.33049	-0.37388	-0.35965	-0.32337	-0.27745	-0.23832	-0.18279	-0.087253	0.013626	0.039605	0.01091
959.92	0.039944	0.012179	-0.064438	-0.14546	-0.18992	-0.16438	-0.29934	-0.41758	-0.45044	-0.47444	-0.54312	-0.47283	-0.056565	0.31504	0.73375	0.82422	0.55637	0.093789	-0.1067	-0.29378	-0.3646	-0.39781	-0.36595	-0.33466	-0.27463	-0.24016	-0.18472	-0.10751	0.0023738	0.027138	-0.30091
960.56	0.04396	0.035545	-0.055621	-0.12812	-0.17748	-0.1788	-0.27811	-0.40374	-0.43089	-0.43219	-0.43669	-0.36502	-0.16769	0.31483	0.76762	0.71567	0.47226	0.025364	-0.17841	-0.33513	-0.4031	-0.42306	-0.40567	-0.34799	-0.28711	-0.24858	-0.1715	-0.10014	0.012787	0.04027	-0.60213
961.52	0.043107	0.0061314	-0.068315	-0.12095	-0.1817	-0.17009	-0.29959	-0.38661	-0.3966	-0.61605	-0.50692	-0.2903	-0.0406	0.51896	0.84405	0.65686	0.42238	-0.030152	-0.23774	-0.37463	-0.44692	-0.42922	-0.40762	-0.36518	-0.30319	-0.26314	-0.18595	-0.081096	-0.016838	0.033274	-0.86994
963.01	0.052716	0.022669	-0.069004	-0.11764	-0.1665	-0.15704	-0.28265	-0.3518	-0.38677	-0.43945	-0.35623	-0.20736	0.062414	0.44751	0.86844	0.68899	0.33502	-0.10767	-0.29907	-0.44283	-0.47698	-0.47618	-0.4406	-0.37018	-0.29529	-0.28219	-0.18182	-0.099888	0.0071612	0.035538	-1.1119
963.75	0.051064	0.024153	-0.059413	-0.11598	-0.17251	-0.16033	-0.26896	-0.33802	-0.355	-0.27197	-0.2414	-0.10006	0.15734	0.58836	0.84211	0.72156	0.29263	-0.17232	-0.37038	-0.46071	-0.4908	-0.48484	-0.4301	-0.38738	-0.33217	-0.24698	-0.18706	-0.10127	-0.01041	0.041677	-1.3281
964.6	0.046191	0.0068636	-0.062537	-0.11822	-0.18287	-0.16018	-0.2777	-0.3409	-0.33858	-0.31347	-0.28521	-0.22349	0.14138	0.60352	0.83281	0.60511	0.19865	-0.23599	-0.41036	-0.51243	-0.51713	-0.49179	-0.45236	-0.37672	-0.29777	-0.25531	-0.17539	-0.10408	0.022306	0.048572	-1.5305
965.24	0.050986	0.030121	-0.060909	-0.11814	-0.17925	-0.14477	-0.27004	-0.3248	-0.31536	-0.43843	-0.10028	-0.075217	0.33094	0.71278	0.78954	0.61299	0.14534	-0.30386	-0.47468	-0.55921	-0.54904	-0.52013	-0.46843	-0.38599	-0.27905	-0.27533	-0.18677	-0.10982	0.0039559	0.044693	-1.7056
967.68	0.044437	0.00085457	-0.069462	-0.13263	-0.15784	-0.14271	-0.26936	-0.30814	-0.29622	-0.33745	-0.18778	-0.042194	0.21975	0.74221	0.74492	0.51246	0.058682	-0.35484	-0.53336	-0.57677	-0.5814	-0.54007	-0.46336	-0.38502	-0.28721	-0.25914	-0.17483	-0.095062	0.00156	0.033064	-1.8289
968.53	0.037183	0.018054	-0.062283	-0.12629	-0.16904	-0.13411	-0.27136	-0.31262	-0.28756	-0.37041	-0.056094	0.13008	0.3377	0.60887	0.79535	0.31427	-0.00069508	-0.42911	-0.59348	-0.60428	-0.60206	-0.54857	-0.47927	-0.36886	-0.2781	-0.26124	-0.19377	-0.10438	0.0015586	0.043007	-1.9751
968.85	0.046787	0.0090764	-0.069378	-0.10605	-0.17596	-0.14931	-0.24298	-0.29749	-0.26532	-0.32041	-0.10868	-0.0093338	0.29033	0.71012	0.75253	0.1906	-0.064746	-0.48234	-0.62584	-0.64279	-0.61362	-0.55819	-0.47057	-0.38218	-0.28687	-0.25496	-0.1876	-0.09784	-2.9565e-005	0.029189	-2.0848
969.17	0.041166	0.010569	-0.070937	-0.11534	-0.14103	-0.15774	-0.26002	-0.27684	-0.27286	-0.23719	-0.082361	0.023452	0.32173	0.8113	0.74378	0.26467	-0.11769	-0.53215	-0.67635	-0.66975	-0.63457	-0.56861	-0.49527	-0.41446	-0.30596	-0.26957	-0.18754	-0.097085	0.0023512	0.050645	-2.132
971.19	0.039479	-0.0043687	-0.081045	-0.1151	-0.17989	-0.14473	-0.26096	-0.29125	-0.26696	-0.31963	-0.047202	0.047927	0.44671	0.83297	0.84415	0.33807	-0.15531	-0.53696	-0.68702	-0.68726	-0.63951	-0.57475	-0.48494	-0.40098	-0.29428	-0.25743	-0.16201	-0.10482	0.018192	0.043654	-2.164
971.51	0.050657	0.013524	-0.069189	-0.12668	-0.17026	-0.15566	-0.2438	-0.29352	-0.25926	-0.18688	-0.047187	0.11333	0.44656	0.7004	0.77594	0.29687	-0.16708	-0.56044	-0.70794	-0.67553	-0.63461	-0.57538	-0.50183	-0.38666	-0.29344	-0.25427	-0.18099	-0.093244	0.022148	0.047464	-2.1883
972.04	0.028263	-0.0013847	-0.077034	-0.12893	-0.18147	-0.16065	-0.25183	-0.27839	-0.25455	-0.19506	-0.16946	0.12144	0.5091	0.71555	0.89432	0.23926	-0.19221	-0.57956	-0.74679	-0.69733	-0.65066	-0.58401	-0.53253	-0.39669	-0.30064	-0.26029	-0.18089	-0.10329	0.011052	0.0482	-2.1762
970.98	0.044286	-0.011082	-0.068438	-0.11977	-0.19733	-0.14645	-0.24913	-0.28737	-0.24721	-0.26165	-0.029715	0.097028	0.38397	0.87986	0.84433	0.23952	-0.20978	-0.59879	-0.7393	-0.70713	-0.65451	-0.57407	-0.49125	-0.39555	-0.28108	-0.25672	-0.19024	-0.081748	0.022953	0.052082	-2.1564
969.91	0.037932	-0.0096016	-0.083521	-0.12689	-0.17403	-0.15508	-0.25238	-0.2869	-0.24824	-0.24532	0.0052521	0.17085	0.52593	0.89642	0.7687	0.23154	-0.23371	-0.6113	-0.75977	-0.71861	-0.66618	-0.58692	-0.48868	-0.39124	-0.29983	-0.26086	-0.19655	-0.097011	0.011871	0.036052	-2.1472
969.91	0.031527	0.00010629	-0.086681	-0.12534	-0.18187	-0.16354	-0.25238	-0.28769	-0.25053	-0.29515	-0.091031	0.088949	0.31362	0.77169	0.76022	0.19862	-0.2345	-0.62568	-0.7575	-0.71285	-0.66383	-0.59671	-0.51662	-0.39914	-0.3072	-0.26473	-0.17595	-0.097011	0.01425	0.047542	-2.1701
969.38	0.02754	0.0083246	-0.074084	-0.13162	-0.20463	-0.15347	-0.25177	-0.27915	-0.24838	-0.22883	0.014026	0.26927	0.38461	0.85011	0.74361	0.23167	-0.23384	-0.62518	-0.76549	-0.72641	-0.67203	-0.5848	-0.5006	-0.41042	-0.30737	-0.26565	-0.16918	-0.09634	0.007906	0.040671	-2.1655
968.85	0.035568	-0.014098	-0.076496	-0.13635	-0.18643	-0.16456	-0.26308	-0.29749	-0.25386	-0.32041	0.092904	0.089046	0.38481	0.85837	0.78659	0.3224	-0.25215	-0.6306	-0.76742	-0.72104	-0.6771	-0.5892	-0.483	-0.40986	-0.28908	-0.27043	-0.17462	-0.10218	0.014266	0.048362	-2.1625
968.32	0.029974	-0.014106	-0.096318	-0.16286	-0.21184	-0.17398	-0.26918	-0.28658	-0.2731	-0.22908	-0.012268	0.14652	0.43229	0.78077	0.86367	0.39676	-0.23568	-0.61654	-0.76178	-0.71814	-0.65473	-0.58381	-0.50892	-0.39901	-0.28555	-0.25355	-0.17395	-0.084867	0.018246	0.039947	-2.0878
968.96	0.032359	-0.019329	-0.10337	-0.14177	-0.20647	-0.162	-0.26752	-0.30379	-0.2714	-0.12086	-0.073604	0.12183	0.41627	0.72564	0.74394	0.29766	-0.21734	-0.5958	-0.74917	-0.70037	-0.64646	-0.572	-0.47285	-0.39874	-0.27133	-0.25493	-0.16544	-0.078303	0.016647	0.053723	-1.8883
969.81	0.026726	-0.014084	-0.08906	-0.14398	-0.19757	-0.17964	-0.2829	-0.31063	-0.28794	-0.34501	-0.038519	0.031623	0.31366	0.84193	0.81983	0.31386	-0.19265	-0.57074	-0.72658	-0.68741	-0.65529	-0.55845	-0.45148	-0.37391	-0.27552	-0.2493	-0.14698	-0.078957	0.021392	0.039119	-1.698
971.29	0.021888	-0.0013858	-0.084981	-0.16391	-0.21032	-0.18697	-0.29732	-0.31725	-0.28826	-0.33619	0.013999	0.064285	0.4231	0.85621	0.72518	0.23121	-0.14425	-0.55042	-0.69677	-0.66993	-0.61285	-0.5462	-0.44846	-0.35756	-0.26258	-0.25432	-0.15133	-0.088215	0.0174	0.054358	-1.526
971.61	0.020283	-0.020022	-0.10545	-0.1592	-0.22416	-0.18606	-0.30464	-0.33213	-0.30796	-0.29462	-0.10834	-0.025665	0.32092	0.60694	0.92867	0.35434	-0.11581	-0.49871	-0.65728	-0.6385	-0.60328	-0.52323	-0.42352	-0.35823	-0.24262	-0.22493	-0.15965	-0.06655	0.00076059	0.045164	-1.2489
972.78	0.021854	-0.024464	-0.099025	-0.16753	-0.24735	-0.20862	-0.31985	-0.35221	-0.33117	-0.36052	-0.16061	0.096848	0.40678	0.70725	0.81733	0.45235	-0.047159	-0.44495	-0.6203	-0.60984	-0.58304	-0.5161	-0.45552	-0.34047	-0.25777	-0.21079	-0.13513	-0.064309	0.022911	0.038999	-1.0282
973.53	0.017052	-0.023702	-0.1202	-0.17204	-0.23153	-0.19666	-0.32256	-0.36374	-0.34915	-0.36851	-0.090693	-0.099042	0.35947	0.67565	0.77433	0.39464	0.0016695	-0.40583	-0.56784	-0.57822	-0.54749	-0.49865	-0.42346	-0.32919	-0.24802	-0.21679	-0.1525	-0.075057	0.012617	0.038208	-0.76951
974.69	0.0090665	-0.022188	-0.12634	-0.1811	-0.25987	-0.20737	-0.34586	-0.37195	-0.36847	-0.37635	-0.3171	0.080367	0.31991	0.65156	0.78188	0.45146	0.077123	-0.33965	-0.51598	-0.54642	-0.53047	-0.48264	-0.41987	-0.3288	-0.23671	-0.20192	-0.14245	-0.057713	0.015758	0.045785	-0.44847
975.01	0.025786	-0.034808	-0.11609	-0.19802	-0.24158	-0.22751	-0.33982	-0.39462	-0.38428	-0.26882	-0.17765	-0.14779	0.28069	0.69788	0.88312	0.57409	0.13996	-0.27219	-0.44886	-0.51023	-0.49369	-0.46302	-0.40429	-0.29726	-0.23077	-0.18801	-0.13102	-0.05482	0.029172	0.037386	-0.13358
975.76	0.02736	-0.022904	-0.13013	-0.19093	-0.22061	-0.24163	-0.35657	-0.41944	-0.41811	-0.29339	-0.34286	-0.10697	0.11632	0.50363	0.84864	0.55729	0.20737	-0.20553	-0.39665	-0.45668	-0.46141	-0.43025	-0.36773	-0.28683	-0.213	-0.19402	-0.13168	-0.071294	0.015741	0.03888	0.17972
975.23	0.021004	-0.01772	-0.11999	-0.18949	-0.26319	-0.24766	-0.37895	-0.44716	-0.43123	-0.50002	-0.3866	-0.31066	0.069449	0.60469	0.78989	0.63943	0.2939	-0.14504	-0.33067	-0.4201	-0.43441	-0.41346	-0.344	-0.28227	-0.18745	-0.17337	-0.12417	-0.050497	0.020486	0.039664	0.54617
974.91	0.029773	-0.016982	-0.12946	-0.20036	-0.29621	-0.23342	-0.40053	-0.44417	-0.46552	-0.41757	-0.33444	-0.12335	-0.0087657	0.47305	0.93398	0.67239	0.36943	-0.076886	-0.26457	-0.37767	-0.39405	-0.3852	-0.35183	-0.27136	-0.21025	-0.17189	-0.1189	-0.073513	0.012599	0.05873	0.87301
