14061	6	3	91	24	748	1	12	8	4.077	128	4096	10	0	0	0	0	521.92	957.94	1.4455e+006	0.11715	0.17402	40.481	0	0	1	0	0	0	11	0	0
897.89	0.039382	-0.018278	-0.15973	-0.2714	-0.38318	-0.45316	-0.60888	-0.73311	-0.84251	-1.1947	-1.1732	-1.3672	-1.537	-1.1945	-0.10048	0.7857	0.8855	0.7407	0.58816	0.27174	0.11289	0.0041225	-0.036954	-0.058411	-0.017158	-0.025139	-0.0094427	0.023272	0.044737	0.082583	5.8849
903.54	0.037417	-0.014957	-0.1494	-0.29053	-0.37892	-0.46032	-0.58831	-0.75821	-0.86426	-1.1338	-1.2975	-1.4026	-1.5527	-1.2456	-0.045083	0.73663	0.89353	0.77968	0.6202	0.31862	0.14748	0.026851	-0.0075645	-0.024131	-0.017842	0.0015606	-0.0011956	0.032432	0.056382	0.073023	6.112
909.19	0.051704	-0.0037106	-0.14763	-0.27879	-0.37192	-0.47822	-0.62035	-0.76951	-0.89957	-1.171	-1.3268	-1.5424	-1.6018	-1.2711	-0.21717	0.80227	0.88124	0.7965	0.65991	0.34297	0.18164	0.052775	-0.008345	-0.010498	-0.014584	-0.0075163	0.010205	0.027608	0.067883	0.070932	6.3528
917.93	0.044444	-0.017879	-0.15958	-0.26466	-0.39323	-0.4844	-0.63409	-0.79556	-0.94259	-1.3617	-1.4251	-1.6229	-1.8441	-1.4567	-0.43073	0.60337	0.85699	0.80144	0.66162	0.35274	0.1857	0.072083	0.0040344	-0.020413	-0.0089912	-0.0049967	-0.010041	0.041848	0.050468	0.066212	6.6435
926.13	0.033989	-0.031797	-0.16313	-0.27776	-0.3934	-0.50493	-0.62069	-0.81086	-0.94144	-1.3497	-1.6142	-1.7201	-1.9596	-1.6315	-0.48927	0.41707	0.83948	0.79966	0.67477	0.38064	0.20046	0.08852	0.0088773	-0.0012072	0.0042176	-0.0033333	-0.010752	0.033911	0.045037	0.061615	6.9492
931.13	0.0037865	-0.037847	-0.18858	-0.30779	-0.41488	-0.50486	-0.66305	-0.82542	-0.9904	-1.4462	-1.4596	-1.8217	-2.0309	-1.7608	-0.61064	0.43196	0.80123	0.81652	0.70265	0.39831	0.23037	0.10758	0.042781	0.016077	0.016486	-0.0017065	0.015526	0.029966	0.057191	0.055697	7.2609
934.22	0.01624	-0.011364	-0.14531	-0.28905	-0.40898	-0.50671	-0.65777	-0.82269	-1.0006	-1.3552	-1.6093	-1.8497	-2.0406	-2.0301	-0.59098	0.54159	0.78629	0.83667	0.73174	0.42347	0.25887	0.13177	0.062784	0.032426	0.023321	0.031993	0.039232	0.048619	0.066886	0.088918	7.5832
934.22	0.03037	-0.029196	-0.16827	-0.30597	-0.40084	-0.52867	-0.66318	-0.83992	-1.0077	-1.3466	-1.6003	-2.0793	-2.2447	-2.3215	-0.89995	0.30241	0.7461	0.84282	0.75451	0.46191	0.27106	0.15546	0.069229	0.043087	0.038634	0.036806	0.029729	0.036619	0.062768	0.05631	7.8614
935.5	0.029497	-0.021413	-0.16723	-0.2975	-0.43372	-0.53409	-0.68078	-0.86743	-1.0451	-1.5514	-1.8159	-2.1274	-2.5025	-2.4314	-1.1456	0.088719	0.70905	0.84605	0.75818	0.47408	0.29991	0.16117	0.082009	0.052035	0.039347	0.035155	0.036805	0.040314	0.03718	0.050673	8.1457
936.88	0.018681	-0.026019	-0.19478	-0.28501	-0.41414	-0.54294	-0.69671	-0.92012	-1.0838	-1.6609	-1.9673	-2.2345	-2.6454	-2.6538	-1.1967	0.028978	0.67121	0.86057	0.78133	0.50915	0.33108	0.18709	0.11242	0.073219	0.062191	0.050301	0.043856	0.05222	0.07491	0.052978	8.5206
934.54	0.014574	-0.018336	-0.17642	-0.31392	-0.4432	-0.53376	-0.70154	-0.91587	-1.1135	-1.5444	-2.054	-2.3336	-2.603	-2.7899	-1.3674	0.029051	0.65075	0.87678	0.8139	0.54886	0.36848	0.22564	0.13123	0.089799	0.07153	0.056041	0.066133	0.071095	0.047923	0.06583	8.8244
930.39	0.022983	-0.0082972	-0.17062	-0.32826	-0.44064	-0.54143	-0.7132	-0.95783	-1.163	-1.5253	-2.0449	-2.3269	-2.8278	-2.8755	-1.4887	-0.03945	0.58778	0.88952	0.83961	0.58133	0.39869	0.24279	0.16013	0.11078	0.099526	0.096567	0.085512	0.08497	0.076259	0.06852	9.1991
922.19	0.01982	-0.024079	-0.19124	-0.32628	-0.43173	-0.56316	-0.72892	-0.9489	-1.1813	-1.6524	-2.0631	-2.6146	-2.9191	-3.1634	-1.6629	-0.25614	0.52323	0.89031	0.86059	0.60207	0.42694	0.26124	0.17624	0.12091	0.096532	0.079547	0.072636	0.083446	0.074435	0.064296	9.539
915.16	0.019124	-0.025847	-0.18099	-0.34031	-0.46182	-0.58004	-0.78417	-0.99721	-1.2494	-1.7003	-2.2367	-2.7562	-3.2249	-3.5264	-2.0452	-0.39764	0.44437	0.87741	0.85438	0.61716	0.43685	0.2693	0.19323	0.13104	0.093365	0.089167	0.06915	0.065711	0.064917	0.050986	9.8682
909.94	-0.012338	-0.04271	-0.21486	-0.36377	-0.49512	-0.6366	-0.82275	-1.0231	-1.2997	-1.9491	-2.2962	-3.0339	-3.5116	-3.8457	-2.2292	-0.5227	0.36357	0.87433	0.86493	0.64701	0.45688	0.29865	0.18441	0.13096	0.11827	0.096268	0.096377	0.064549	0.063598	0.056179	10.241
903.22	0.0030443	-0.059066	-0.20543	-0.36814	-0.51657	-0.63678	-0.8113	-1.0486	-1.3306	-2.0527	-2.3885	-3.25	-3.5884	-4.0166	-2.5562	-0.73864	0.31114	0.86538	0.88516	0.67303	0.48382	0.32538	0.20328	0.15907	0.13578	0.098643	0.10283	0.082872	0.059811	0.05166	10.62
894.05	0.0013378	-0.036989	-0.20411	-0.37023	-0.51053	-0.62312	-0.84625	-1.091	-1.379	-2.0197	-2.5744	-3.3899	-4.0261	-4.4637	-2.7761	-0.8444	0.20293	0.87517	0.90983	0.70582	0.51936	0.36321	0.24578	0.20012	0.15077	0.13235	0.13119	0.098613	0.069031	0.061333	10.988
882.42	0.016314	-0.034192	-0.18162	-0.36999	-0.52874	-0.62854	-0.87947	-1.1219	-1.4349	-2.092	-2.618	-3.3986	-4.2002	-4.591	-3.0277	-1.0635	0.11358	0.87182	0.93179	0.75039	0.54772	0.39398	0.26864	0.20797	0.17545	0.14174	0.13376	0.11024	0.084766	0.07898	11.37
873.46	0.015593	-0.051956	-0.2212	-0.34793	-0.53804	-0.65754	-0.88684	-1.1904	-1.4598	-2.1411	-2.7809	-3.4335	-4.3656	-5.0363	-3.2287	-1.3485	0.024401	0.87607	0.94136	0.78093	0.59768	0.4279	0.29725	0.22764	0.17398	0.1492	0.13343	0.11457	0.071539	0.058525	11.789
867.91	0.014797	-0.046447	-0.2235	-0.37791	-0.54051	-0.68728	-0.92659	-1.2183	-1.5331	-2.3404	-3.0531	-3.5104	-4.8329	-5.3996	-3.7435	-1.5319	-0.10255	0.84385	0.9271	0.8034	0.612	0.44521	0.31649	0.26352	0.20146	0.15533	0.15815	0.10077	0.066676	0.062323	12.199
860.96	-0.0031192	-0.051868	-0.21641	-0.38096	-0.5645	-0.67948	-0.91814	-1.2379	-1.5918	-2.378	-3.1862	-3.7324	-5.1199	-5.9788	-3.9174	-1.7574	-0.2502	0.82968	0.94565	0.84324	0.65927	0.46809	0.35052	0.26209	0.21306	0.17225	0.14998	0.12193	0.095817	0.05851	12.584
854.66	-0.0085938	-0.040388	-0.21083	-0.38905	-0.57064	-0.7085	-0.9536	-1.2749	-1.6114	-2.3579	-3.1203	-3.7878	-5.2023	-6.2882	-4.3034	-2.0225	-0.3883	0.79642	0.94232	0.87	0.68101	0.51965	0.36808	0.29809	0.24308	0.20597	0.1684	0.13185	0.095623	0.078066	12.998
847.39	0.023403	-0.026204	-0.18913	-0.36219	-0.56057	-0.73104	-0.9754	-1.3165	-1.6776	-2.4256	-3.3875	-3.9609	-5.5439	-6.5563	-4.6712	-2.3883	-0.56883	0.7461	0.94261	0.89913	0.71732	0.53811	0.39966	0.3133	0.27387	0.21039	0.18643	0.16275	0.081911	0.0726	13.387
841.84	-0.0078028	-0.064231	-0.23588	-0.37978	-0.56127	-0.73782	-0.99555	-1.3635	-1.7546	-2.4225	-3.5007	-4.1381	-5.8161	-7.0127	-4.9176	-2.6884	-0.73275	0.72177	0.93054	0.91359	0.74371	0.56514	0.42197	0.32629	0.26972	0.22424	0.18678	0.13553	0.08611	0.060723	13.76
840.66	-0.029981	-0.061736	-0.22345	-0.39464	-0.59924	-0.75643	-1.0201	-1.3854	-1.7869	-2.7133	-3.7278	-4.4179	-6.2598	-7.67	-5.4444	-3.0339	-0.89508	0.65932	0.8856	0.91392	0.74204	0.54994	0.42166	0.32674	0.265	0.21564	0.18176	0.15239	0.07067	0.053738	14.22
839.8	-0.026314	-0.062662	-0.23554	-0.40042	-0.60086	-0.75622	-1.0297	-1.4178	-1.8346	-2.7065	-3.9136	-4.621	-6.6112	-8.0289	-5.7053	-3.3696	-1.0839	0.62089	0.88737	0.93956	0.78258	0.57781	0.44809	0.34532	0.28315	0.2346	0.19869	0.15588	0.08082	0.051138	14.595
839.7	-0.024467	-0.046281	-0.22736	-0.40675	-0.60496	-0.78467	-1.0702	-1.4536	-1.8709	-2.8987	-3.9444	-4.8203	-6.9209	-8.3001	-6.099	-3.4936	-1.2565	0.55938	0.86652	0.95774	0.80529	0.62496	0.47324	0.37091	0.29852	0.24891	0.22162	0.15506	0.10191	0.057337	14.996
839.38	-0.017076	-0.06097	-0.21011	-0.41497	-0.61324	-0.73803	-1.0526	-1.445	-1.9184	-2.8231	-3.9561	-4.8315	-7.0962	-8.5464	-6.288	-3.7611	-1.4377	0.4931	0.84675	0.97332	0.83726	0.65158	0.48777	0.3884	0.30801	0.26954	0.22523	0.17766	0.10012	0.058245	15.387
839.27	-0.042981	-0.060977	-0.20648	-0.39619	-0.60325	-0.78018	-1.0802	-1.4489	-1.9856	-2.833	-4.0476	-4.9836	-7.3607	-9.061	-6.7506	-4.1325	-1.6305	0.43448	0.81365	0.96678	0.85094	0.6592	0.50757	0.41766	0.32509	0.27226	0.23495	0.18353	0.10654	0.060022	15.763
842.37	-0.036373	-0.06419	-0.21118	-0.40546	-0.6241	-0.77925	-1.0857	-1.4917	-1.9546	-2.9564	-4.2343	-5.3613	-7.8406	-9.5931	-7.4209	-4.5246	-1.8628	0.3179	0.75841	0.95754	0.8478	0.66991	0.51374	0.41703	0.32135	0.27214	0.23233	0.18785	0.068697	0.049218	16.149
847.93	-0.059944	-0.073167	-0.23961	-0.42943	-0.61403	-0.81577	-1.1117	-1.5271	-2.0159	-3.1081	-4.3368	-5.4292	-8.266	-9.976	-7.6738	-5.022	-2.0367	0.25289	0.70845	0.96915	0.8709	0.68511	0.52902	0.42604	0.33358	0.28362	0.22819	0.18083	0.085491	0.046266	16.489
853.49	-0.065011	-0.081176	-0.18689	-0.41428	-0.62093	-0.79122	-1.1104	-1.5405	-2.0643	-2.984	-4.5771	-5.5986	-8.65	-10.257	-7.9717	-5.2418	-2.2631	0.17334	0.66688	0.94414	0.85189	0.69361	0.53527	0.44571	0.34984	0.28879	0.24491	0.17637	0.084934	0.051189	16.898
859.15	-0.050121	-0.069682	-0.19724	-0.41506	-0.58241	-0.77837	-1.1098	-1.5366	-2.0783	-3.0206	-4.5075	-5.645	-8.6995	-10.611	-8.3512	-5.4673	-2.4586	0.10437	0.62407	0.96206	0.89223	0.72586	0.5554	0.4615	0.36752	0.31393	0.2631	0.19804	0.087957	0.049987	17.268
863.1	-0.069685	-0.092859	-0.21587	-0.4088	-0.58562	-0.81284	-1.1198	-1.5376	-2.049	-3.0161	-4.6344	-5.7111	-9.1634	-10.931	-8.7716	-5.8676	-2.6746	0.011641	0.58637	0.95951	0.88551	0.72803	0.56419	0.47092	0.36584	0.31771	0.25589	0.19308	0.089337	0.044594	17.57
870.26	-0.069112	-0.090432	-0.19649	-0.40111	-0.59634	-0.79579	-1.1628	-1.5795	-2.1028	-3.2134	-4.7426	-5.8832	-9.4299	-11.284	-9.126	-6.1586	-2.8982	-0.086549	0.52845	0.95345	0.88957	0.73113	0.57512	0.45913	0.37269	0.30476	0.25549	0.16733	0.080645	0.03569	17.886
879.12	-0.098445	-0.11835	-0.21804	-0.39878	-0.59609	-0.81297	-1.1552	-1.5462	-2.1035	-3.1902	-4.8687	-6.0137	-9.7426	-11.609	-9.5406	-6.6321	-3.0808	-0.15757	0.47973	0.92206	0.88924	0.73635	0.56419	0.47106	0.3787	0.3068	0.25123	0.17999	0.066702	0.030257	18.232
885.84	-0.085427	-0.13054	-0.20946	-0.39406	-0.60874	-0.78457	-1.0959	-1.5647	-2.1543	-3.3297	-4.8318	-6.1205	-9.8926	-11.879	-9.7755	-6.771	-3.2528	-0.24718	0.41978	0.93037	0.88678	0.74772	0.5752	0.46143	0.3726	0.31378	0.24933	0.18179	0.07836	0.038415	18.55
891.92	-0.085715	-0.12315	-0.20975	-0.39981	-0.56385	-0.7783	-1.1006	-1.5789	-2.1255	-3.1354	-4.875	-6.1678	-10.082	-12.112	-10.005	-7.0111	-3.4342	-0.3182	0.38978	0.92045	0.89947	0.74617	0.60251	0.48062	0.37888	0.315	0.27832	0.18998	0.087314	0.043984	18.848
895.01	-0.091491	-0.10897	-0.20817	-0.35638	-0.55341	-0.73434	-1.1242	-1.5572	-2.114	-3.1335	-4.9246	-6.2353	-10.064	-12.526	-10.366	-7.3614	-3.6406	-0.39964	0.33352	0.91103	0.89721	0.76215	0.60043	0.47981	0.37996	0.32899	0.26248	0.18854	0.087873	0.02972	19.083
900.24	-0.085785	-0.1381	-0.21888	-0.39361	-0.5746	-0.73099	-1.1417	-1.566	-2.1692	-3.2227	-4.962	-6.2962	-10.133	-12.781	-10.609	-7.691	-3.7897	-0.48942	0.28515	0.9022	0.88609	0.74543	0.59443	0.48213	0.38968	0.30626	0.26424	0.18122	0.058298	0.026248	19.34
907.7	-0.1193	-0.14096	-0.24662	-0.36881	-0.59873	-0.74306	-1.0743	-1.5321	-2.1407	-3.3205	-5.2112	-6.3319	-10.016	-13.017	-10.767	-8.0234	-3.9586	-0.54146	0.23028	0.88775	0.86543	0.75149	0.59701	0.47395	0.37702	0.31778	0.25229	0.17587	0.059515	0.02603	19.586
912.07	-0.1349	-0.15934	-0.25888	-0.38768	-0.57919	-0.7521	-1.1387	-1.5331	-2.1483	-3.4105	-5.1397	-6.5541	-10.319	-13.17	-11.113	-8.1862	-4.1177	-0.60636	0.18735	0.88174	0.87626	0.75483	0.5958	0.48176	0.36972	0.30886	0.25351	0.1635	0.042356	0.012872	19.761
913.99	-0.14821	-0.15901	-0.23403	-0.38686	-0.55394	-0.74514	-1.1277	-1.633	-2.2701	-3.3505	-5.1196	-6.6099	-10.072	-13.523	-11.342	-8.5357	-4.2935	-0.68682	0.15566	0.8764	0.8927	0.76363	0.61596	0.48494	0.3846	0.32872	0.24974	0.17773	0.055738	0.010406	19.952
912.28	-0.14678	-0.15295	-0.23782	-0.35128	-0.54942	-0.74743	-1.0665	-1.584	-2.164	-3.1537	-5.1571	-6.6397	-10.325	-13.772	-11.562	-8.6917	-4.4484	-0.74388	0.11495	0.88154	0.89604	0.76852	0.61546	0.48332	0.38924	0.32358	0.24048	0.17268	0.05078	-0.0017917	20.115
912.07	-0.14512	-0.15299	-0.22528	-0.36127	-0.54398	-0.7197	-1.1174	-1.5625	-2.2465	-3.2692	-5.1676	-6.798	-10.444	-13.999	-11.873	-8.8337	-4.5872	-0.80616	0.094868	0.86862	0.89625	0.77737	0.61561	0.49436	0.37521	0.29983	0.23972	0.16197	0.033917	0.0063543	20.27
913.77	-0.16354	-0.16221	-0.23827	-0.3886	-0.55499	-0.75429	-1.0837	-1.5932	-2.2471	-3.2808	-5.4182	-6.881	-10.575	-14.321	-12.085	-9.0443	-4.7002	-0.86124	0.056159	0.84953	0.89042	0.75515	0.60704	0.48337	0.35494	0.31239	0.22227	0.15323	0.024592	-0.010733	20.409
913.35	-0.16872	-0.17974	-0.26103	-0.369	-0.55618	-0.72409	-1.1024	-1.5855	-2.2231	-3.1235	-5.337	-6.8668	-10.438	-14.41	-12.226	-9.2145	-4.7905	-0.89669	0.043337	0.85429	0.89333	0.78494	0.62299	0.48696	0.37782	0.30597	0.23048	0.15867	0.034714	-0.013178	20.467
911.22	-0.1836	-0.20241	-0.27173	-0.39052	-0.54357	-0.75551	-1.0891	-1.5774	-2.1154	-3.069	-5.1631	-6.7172	-10.638	-14.502	-12.409	-9.3937	-4.8749	-0.92582	0.016873	0.85454	0.90375	0.77636	0.61205	0.48221	0.37949	0.30093	0.23264	0.14443	0.039017	-0.0091314	20.543
906.63	-0.18709	-0.19944	-0.28494	-0.37921	-0.55284	-0.67966	-1.1678	-1.6885	-2.1571	-3.0312	-5.0956	-6.7862	-10.33	-14.433	-12.326	-9.538	-4.9316	-0.92597	0.031521	0.88615	0.91167	0.7925	0.64005	0.49732	0.37431	0.29584	0.21913	0.14671	0.025633	-0.0058998	20.572
901.84	-0.20359	-0.21656	-0.2856	-0.37371	-0.53423	-0.73333	-1.2524	-1.6915	-2.2301	-3.1277	-5.2545	-6.7518	-10.512	-14.602	-12.437	-9.4029	-4.929	-0.91633	0.021928	0.86874	0.92662	0.78882	0.6276	0.49317	0.36361	0.28993	0.22111	0.14205	0.023209	-0.014993	20.561
899.38	-0.23954	-0.25581	-0.29064	-0.43834	-0.52535	-0.79922	-1.227	-1.7711	-2.2271	-3.2347	-5.1083	-6.9557	-10.583	-14.785	-12.535	-9.4818	-4.9356	-0.94438	0.018725	0.86756	0.90551	0.79185	0.60588	0.47918	0.35187	0.27906	0.21267	0.12607	0.0018838	-0.032383	20.54
896.19	-0.25599	-0.25995	-0.32502	-0.36095	-0.58097	-0.78558	-1.2305	-1.8116	-2.2673	-3.1025	-5.0697	-6.8653	-10.536	-14.635	-12.562	-9.5602	-4.9207	-0.92669	0.031889	0.86799	0.90874	0.7638	0.60048	0.45696	0.34355	0.28089	0.21343	0.11401	0.012194	-0.04991	20.545
892.88	-0.26389	-0.27552	-0.29876	-0.4508	-0.56893	-0.80228	-1.395	-1.8999	-2.2351	-3.1681	-4.8983	-6.7484	-10.464	-14.427	-12.303	-9.4436	-4.8471	-0.91449	0.04515	0.8712	0.91806	0.77814	0.60439	0.46723	0.33521	0.25843	0.19102	0.094817	-0.041196	-0.07173	20.551
887.97	-0.28459	-0.28846	-0.2892	-0.42363	-0.56541	-0.88067	-1.4238	-1.9509	-2.2999	-2.9497	-4.7915	-6.6426	-9.989	-14.345	-12.018	-9.2891	-4.8282	-0.90476	0.06027	0.87601	0.90432	0.76819	0.60264	0.46118	0.32659	0.25732	0.17291	0.095341	-0.03709	-0.077147	20.561
882.1	-0.31289	-0.28545	-0.32065	-0.46228	-0.53947	-0.87257	-1.4423	-2.0837	-2.4066	-2.9876	-4.8426	-6.7318	-10.289	-14.226	-12.033	-9.17	-4.7318	-0.86239	0.082292	0.8746	0.9	0.77151	0.58617	0.44949	0.30931	0.23185	0.16735	0.066585	-0.053913	-0.10377	20.531
879.12	-0.29629	-0.2996	-0.33394	-0.46471	-0.61916	-0.92689	-1.7458	-2.1858	-2.3761	-3.1994	-4.8494	-6.4745	-9.9335	-13.75	-11.53	-8.9379	-4.4794	-0.77755	0.15433	0.89755	0.91429	0.77323	0.57789	0.44404	0.30629	0.23008	0.14183	0.042101	-0.065476	-0.10328	20.444
877.09	-0.29078	-0.31929	-0.32074	-0.40829	-0.55508	-1.0048	-1.7992	-2.128	-2.4508	-3.5466	-4.4153	-6.2359	-9.2956	-12.446	-10.39	-8.2579	-4.1203	-0.64739	0.21239	0.91691	0.9216	0.79215	0.60068	0.45031	0.32331	0.23061	0.15819	0.051786	-0.053344	-0.10775	20.286
871.54	-0.2659	-0.26814	-0.3052	-0.39016	-0.66139	-1.0489	-1.7585	-2.2057	-2.5784	-3.2457	-4.4823	-5.6923	-8.1908	-12.291	-10.097	-8.045	-3.9743	-0.57523	0.25582	0.95022	0.93705	0.78812	0.60796	0.45845	0.33029	0.2424	0.1575	0.061763	-0.066928	-0.11185	20.172
866.52	-0.2549	-0.26467	-0.30785	-0.43672	-0.72275	-1.1658	-1.7962	-2.4032	-2.5208	-2.9577	-3.9889	-5.3678	-7.8158	-11.524	-9.3557	-7.6035	-3.7329	-0.47625	0.32587	0.98519	0.95475	0.79998	0.62017	0.46376	0.34211	0.25591	0.1789	0.086382	-0.060211	-0.087632	20.038
859.9	-0.24964	-0.25829	-0.263	-0.42958	-0.79121	-1.3399	-2.0373	-2.354	-2.5041	-2.9618	-3.7728	-5.2982	-7.9824	-11.112	-9.1688	-7.4022	-3.5443	-0.39496	0.38809	0.99464	0.97094	0.79511	0.60831	0.45931	0.33227	0.24306	0.16651	0.068305	-0.058884	-0.10645	19.842
855.73	-0.25992	-0.22485	-0.23922	-0.45718	-0.90664	-1.5162	-2.1383	-2.575	-2.6252	-2.7503	-3.8209	-5.1291	-7.2636	-10.645	-8.6351	-7.1491	-3.3037	-0.29137	0.43112	0.99015	0.93307	0.76941	0.57081	0.40783	0.27955	0.18995	0.12237	0.037521	-0.071763	-0.12347	19.584
854.98	-0.22927	-0.19285	-0.2905	-0.56147	-1.1762	-1.8478	-2.0853	-2.4554	-2.451	-2.7338	-3.715	-4.8827	-7.1451	-10.009	-8.1411	-6.6513	-3.0575	-0.21002	0.47783	0.97982	0.93033	0.74882	0.56339	0.39744	0.26558	0.18485	0.12593	0.049026	-0.064624	-0.10272	19.43
852.74	-0.19346	-0.16958	-0.31822	-0.63798	-1.4618	-1.8161	-2.0798	-2.2786	-2.4939	-2.6843	-3.8144	-4.4298	-6.7077	-8.8469	-7.1953	-6.0325	-2.7035	-0.083513	0.5479	1.0077	0.92833	0.74708	0.55339	0.38231	0.25957	0.18095	0.10805	0.046691	-0.059379	-0.091662	19.255
850.71	-0.16836	-0.14785	-0.29286	-0.83859	-1.5477	-1.8282	-1.9822	-2.0057	-2.6042	-2.7665	-3.6838	-4.2163	-5.9706	-8.2282	-6.6211	-5.4653	-2.3956	0.022424	0.60353	1.0073	0.93322	0.72841	0.55029	0.39763	0.24926	0.18666	0.10657	0.034448	-0.033288	-0.079653	18.978
846.75	-0.13247	-0.14341	-0.35666	-0.9554	-1.5549	-1.8823	-1.9855	-2.2458	-2.162	-2.7984	-3.4503	-3.6637	-5.2869	-7.3023	-5.6488	-4.8782	-2.1092	0.13207	0.67305	1.0157	0.90619	0.72995	0.52708	0.36963	0.24366	0.16364	0.10095	0.030469	-0.053437	-0.075637	18.679
845.79	-0.14455	-0.16926	-0.51829	-1.1701	-1.5737	-1.7563	-2.0295	-2.262	-2.3761	-2.6588	-3.4141	-4.0717	-4.5264	-6.5419	-5.1189	-4.5063	-1.7909	0.25159	0.71978	0.99613	0.91081	0.69058	0.50098	0.33654	0.21603	0.13281	0.079195	0.0089658	-0.041671	-0.069574	18.449
848.78	-0.20533	-0.26423	-0.69157	-1.252	-1.5363	-1.7317	-2.0818	-2.3208	-2.3617	-2.7538	-2.9918	-3.29	-4.2049	-5.6281	-4.7607	-3.8699	-1.5093	0.35128	0.77082	0.98979	0.88166	0.66765	0.47439	0.32723	0.20853	0.12351	0.071071	0.021317	-0.054215	-0.064076	18.144
850.49	-0.27796	-0.32672	-0.8253	-1.3831	-1.5719	-1.6298	-1.9505	-2.2206	-2.4961	-2.2084	-2.4467	-3.2086	-3.8108	-5.4124	-4.2663	-3.346	-1.2667	0.42971	0.80722	0.97467	0.86649	0.65701	0.46016	0.31847	0.19129	0.13031	0.062231	-0.0034431	-0.052297	-0.078799	17.872
852.1	-0.30477	-0.44765	-0.93703	-1.3522	-1.5124	-1.5015	-1.962	-2.1886	-2.1971	-2.3744	-2.3325	-2.55	-2.9354	-4.4528	-3.6388	-2.8527	-1.0062	0.51946	0.8496	0.9822	0.84704	0.63443	0.43986	0.29089	0.15568	0.10016	0.049959	-0.028929	-0.083808	-0.11876	17.573
851.35	-0.41357	-0.58161	-0.96755	-1.3914	-1.5098	-1.6176	-2.1018	-1.979	-2.2007	-2.1305	-2.0253	-1.7592	-2.5528	-3.7552	-3.0317	-2.3678	-0.74256	0.60572	0.90722	0.97463	0.83351	0.6322	0.43494	0.27945	0.16085	0.082646	0.021326	-0.038831	-0.14896	-0.18258	17.226
851.35	-0.57409	-0.68795	-1.107	-1.3463	-1.482	-1.7294	-1.7892	-1.9043	-1.9279	-1.9791	-1.8059	-1.9271	-2.2392	-3.2312	-2.557	-1.9741	-0.4879	0.69153	0.92187	0.9615	0.80318	0.59226	0.39338	0.23266	0.12473	0.055355	-0.012566	-0.10632	-0.23845	-0.29778	16.908
853.91	-0.7715	-0.80123	-1.1773	-1.3908	-1.4756	-1.6838	-1.8185	-1.8035	-1.7826	-1.7939	-1.8502	-2.0144	-1.8484	-2.2387	-2.2112	-1.5663	-0.27111	0.75867	0.93284	0.93432	0.74564	0.55252	0.35165	0.20325	0.075771	0.013939	-0.070575	-0.14211	-0.31163	-0.40564	16.584
854.02	-0.86778	-0.78587	-1.1646	-1.4179	-1.607	-1.6356	-1.6747	-1.6607	-1.7702	-1.8597	-1.5616	-1.5398	-1.8482	-1.8844	-1.9599	-1.1363	-0.10332	0.79221	0.94475	0.88748	0.69575	0.5043	0.30842	0.15299	0.025511	-0.038716	-0.10002	-0.19706	-0.37647	-0.46649	16.258
852.85	-0.76428	-0.75128	-1.0979	-1.3766	-1.5141	-1.6821	-1.7447	-1.5722	-1.548	-1.664	-1.3049	-1.3183	-1.5288	-1.4792	-1.5951	-0.99749	0.063619	0.85105	0.94605	0.87373	0.67445	0.45401	0.2859	0.12625	0.02471	-0.052831	-0.13572	-0.22034	-0.41669	-0.49763	15.874
849	-0.74488	-0.75554	-1.0704	-1.1923	-1.4732	-1.6317	-1.5453	-1.4656	-1.4966	-1.3205	-0.98076	-1.2775	-1.356	-1.3167	-1.5246	-0.67302	0.16858	0.88391	0.95725	0.85231	0.64531	0.4216	0.24286	0.091628	-0.038365	-0.11398	-0.17206	-0.27251	-0.44939	-0.53226	15.557
843.65	-0.78641	-0.8187	-1.1952	-1.207	-1.5125	-1.5535	-1.4961	-1.3859	-1.272	-1.2811	-0.98697	-1.3515	-1.2019	-1.2802	-1.4267	-0.45972	0.26591	0.89924	0.95636	0.8019	0.60259	0.38491	0.20514	0.058609	-0.058108	-0.13336	-0.20385	-0.3141	-0.49785	-0.59728	15.148
840.12	-0.89322	-0.86869	-1.0771	-1.2738	-1.4807	-1.4252	-1.274	-1.2568	-1.2113	-1.2385	-1.1427	-1.2816	-1.2523	-1.3486	-1.3443	-0.51863	0.35457	0.9294	0.93942	0.77582	0.55812	0.33382	0.17196	0.015996	-0.096664	-0.15533	-0.22848	-0.31209	-0.4862	-0.56265	14.793
837.77	-0.72891	-0.84952	-0.9878	-1.1804	-1.3537	-1.3116	-1.3008	-1.1899	-1.1273	-1.367	-1.2067	-1.2662	-1.3651	-1.3524	-1.2497	-0.32959	0.43878	0.92515	0.94293	0.74466	0.53431	0.33004	0.12302	-0.0022485	-0.11059	-0.19513	-0.23707	-0.31965	-0.46093	-0.51368	14.405
834.35	-0.68816	-0.70023	-0.97533	-1.1663	-1.1425	-1.2147	-1.1333	-0.98544	-1.1035	-1.2375	-1.0997	-1.2523	-1.3889	-1.367	-1.2252	-0.30224	0.51128	0.95354	0.95735	0.72763	0.49737	0.28306	0.10729	-0.04266	-0.12219	-0.19323	-0.25311	-0.32852	-0.48218	-0.52023	14.011
830.71	-0.60424	-0.6937	-0.90951	-1.0391	-1.0489	-1.0175	-1.0905	-0.99621	-1.0309	-1.0974	-1.0637	-1.1526	-1.2022	-1.2911	-0.93267	-0.063386	0.58637	0.96957	0.93947	0.70776	0.47395	0.26812	0.091448	-0.044692	-0.13306	-0.2031	-0.26669	-0.31647	-0.45465	-0.50194	13.656
826.01	-0.67631	-0.71695	-0.90078	-1.0058	-1.0068	-1.0113	-1.0696	-0.98983	-1.0027	-1.0257	-0.9361	-1.0342	-1.126	-1.3259	-0.86809	0.013519	0.62218	0.96118	0.9466	0.67315	0.44999	0.24189	0.078299	-0.061639	-0.15373	-0.20426	-0.26911	-0.32675	-0.42743	-0.44813	13.235
824.61	-0.66992	-0.75768	-0.86699	-0.87699	-0.9306	-0.99114	-1.0286	-0.9785	-1.0851	-1.0372	-1.0715	-1.1323	-1.2296	-1.3556	-0.85954	0.042596	0.65668	0.95783	0.90461	0.63073	0.38813	0.19147	0.017272	-0.097049	-0.18782	-0.25731	-0.31083	-0.37914	-0.44868	-0.47772	12.83
827.18	-0.70444	-0.74307	-0.83559	-0.85243	-0.92261	-0.85806	-0.83706	-1.0347	-0.95478	-1.1216	-0.96556	-1.1864	-1.0414	-1.5433	-0.74719	0.1293	0.68983	0.93799	0.89204	0.58729	0.34929	0.13257	-0.0046231	-0.13657	-0.21577	-0.26829	-0.30808	-0.3822	-0.4659	-0.48253	12.434
830.18	-0.62802	-0.661	-0.73475	-0.81852	-0.79205	-0.81838	-0.79494	-0.93687	-0.9344	-0.9526	-0.88026	-1.0768	-0.94574	-1.4923	-0.78425	0.33068	0.73256	0.92966	0.86585	0.55922	0.31327	0.10923	-0.049941	-0.15546	-0.23998	-0.29531	-0.32479	-0.36225	-0.46422	-0.49869	12.09
835.21	-0.54521	-0.57464	-0.66612	-0.69373	-0.72962	-0.76137	-0.91796	-0.86336	-0.83045	-0.889	-0.6513	-0.97524	-1.0131	-1.3565	-0.58203	0.42426	0.76759	0.91129	0.84132	0.51667	0.29411	0.088689	-0.045133	-0.15361	-0.21969	-0.2702	-0.29271	-0.33993	-0.43009	-0.44142	11.707
838.95	-0.45763	-0.52459	-0.6595	-0.62872	-0.68909	-0.73449	-0.86658	-0.7207	-0.77472	-0.68341	-0.82044	-1.1319	-1.0086	-1.5307	-0.6679	0.53651	0.78152	0.91407	0.82882	0.50771	0.27379	0.073213	-0.057495	-0.15657	-0.23235	-0.26721	-0.30287	-0.34259	-0.40524	-0.42705	11.291
845.58	-0.46506	-0.53161	-0.55738	-0.58196	-0.65871	-0.72291	-0.74976	-0.72139	-0.77652	-0.78283	-0.75375	-1.1887	-1.2803	-1.5276	-0.69193	0.5606	0.80167	0.91079	0.80237	0.46409	0.25188	0.049263	-0.081968	-0.18434	-0.23899	-0.27044	-0.31625	-0.33908	-0.39843	-0.40437	10.923
856.58	-0.44096	-0.44784	-0.45989	-0.54548	-0.6532	-0.62258	-0.5852	-0.68887	-0.67845	-0.64113	-0.982	-1.2013	-1.3529	-1.6051	-0.66379	0.4323	0.80031	0.878	0.78007	0.43111	0.22117	0.038475	-0.094097	-0.18108	-0.24761	-0.27833	-0.28627	-0.31509	-0.33222	-0.35147	10.566
868.01	-0.39669	-0.40356	-0.43971	-0.53396	-0.55505	-0.50374	-0.64646	-0.58271	-0.5911	-0.81828	-0.78319	-1.3685	-1.2912	-1.6537	-0.58852	0.45417	0.81448	0.85415	0.74192	0.3951	0.19201	0.0079079	-0.11107	-0.19634	-0.2427	-0.27726	-0.28591	-0.2956	-0.31632	-0.30404	10.215
880.18	-0.3718	-0.34779	-0.42667	-0.44106	-0.47537	-0.56299	-0.58508	-0.50502	-0.57369	-0.7246	-0.92672	-1.2954	-1.5246	-1.5621	-0.4211	0.52044	0.83021	0.85726	0.73333	0.3987	0.17641	0.005105	-0.10611	-0.18841	-0.22797	-0.25384	-0.26851	-0.2732	-0.29533	-0.27789	9.85
888.83	-0.32275	-0.33137	-0.40442	-0.42915	-0.46505	-0.53535	-0.52178	-0.52942	-0.44242	-0.58162	-0.72664	-1.2918	-1.424	-1.4023	-0.30565	0.66799	0.83161	0.82122	0.70721	0.3625	0.15334	-0.018075	-0.13218	-0.20295	-0.24265	-0.25222	-0.2659	-0.26266	-0.27168	-0.28773	9.5178
898.96	-0.26384	-0.30588	-0.3385	-0.41929	-0.45792	-0.44166	-0.46615	-0.38795	-0.41604	-0.6826	-0.90737	-1.4186	-1.5352	-1.3697	-0.36642	0.44743	0.81287	0.79005	0.66905	0.33888	0.12542	-0.038103	-0.13655	-0.20407	-0.23276	-0.27272	-0.26866	-0.26438	-0.24465	-0.25142	9.1115
911.96	-0.24049	-0.28564	-0.32443	-0.38607	-0.41433	-0.46507	-0.40652	-0.38998	-0.36468	-0.876	-1.1644	-1.5116	-1.5802	-1.4828	-0.4426	0.3623	0.80212	0.77068	0.63458	0.29117	0.10448	-0.079178	-0.15524	-0.21796	-0.26238	-0.26143	-0.26646	-0.24985	-0.24032	-0.23888	8.7957
923.79	-0.21556	-0.2318	-0.33521	-0.32491	-0.36421	-0.43068	-0.23892	-0.29625	-0.39525	-0.97815	-1.1312	-1.4149	-1.5269	-1.341	-0.41907	0.6341	0.81756	0.74482	0.61931	0.28226	0.094105	-0.063613	-0.15814	-0.216	-0.23966	-0.26539	-0.24302	-0.22542	-0.21225	-0.20284	8.4768
935.28	-0.23117	-0.22121	-0.32454	-0.29838	-0.33715	-0.3543	-0.26914	-0.33356	-0.4331	-0.75943	-1.0809	-1.338	-1.4593	-1.2599	-0.13174	0.67748	0.80669	0.72338	0.58738	0.26855	0.062906	-0.07974	-0.15217	-0.21662	-0.24895	-0.25491	-0.24794	-0.23314	-0.21211	-0.18843	8.1321
942.52	-0.21951	-0.21951	-0.23345	-0.26334	-0.2727	-0.22617	-0.21504	-0.28548	-0.49336	-0.65959	-0.91947	-1.1929	-1.2943	-1.0256	-0.095727	0.87549	0.82488	0.72305	0.56731	0.24956	0.068869	-0.082483	-0.1526	-0.2109	-0.23035	-0.23228	-0.23113	-0.2083	-0.19089	-0.18462	7.7889
948.27	-0.21082	-0.19145	-0.22395	-0.2546	-0.18729	-0.21182	-0.21678	-0.31768	-0.51221	-0.72355	-0.94077	-1.194	-1.1658	-1.0752	0.13098	0.76078	0.83362	0.70568	0.5484	0.21775	0.040425	-0.097826	-0.17073	-0.2177	-0.23423	-0.23404	-0.23987	-0.20556	-0.1946	-0.18585	7.4546
954.75	-0.18742	-0.19015	-0.20638	-0.17403	-0.13822	-0.22413	-0.19265	-0.36447	-0.53895	-0.81143	-1.0945	-1.2026	-1.2697	-1.0362	-0.0945	0.63861	0.81271	0.66822	0.50933	0.2029	0.012313	-0.12118	-0.18455	-0.21782	-0.2229	-0.24187	-0.23127	-0.2115	-0.18683	-0.17759	7.1081
960.6	-0.16284	-0.11736	-0.18758	-0.162	-0.16817	-0.16466	-0.20349	-0.37262	-0.53875	-0.80649	-1.1055	-1.1952	-1.2223	-0.8725	-0.093925	0.65964	0.81334	0.65646	0.48791	0.16511	-0.0075245	-0.12291	-0.19283	-0.23085	-0.22229	-0.23571	-0.22139	-0.19125	-0.17368	-0.16336	6.8069
964.75	-0.1388	-0.12437	-0.15501	-0.1457	-0.18496	-0.13417	-0.20859	-0.39961	-0.54334	-0.71118	-0.83668	-1.1242	-0.97196	-0.90795	0.086007	0.72297	0.80984	0.63067	0.45388	0.14951	-0.014577	-0.14287	-0.20838	-0.23463	-0.23542	-0.24092	-0.23654	-0.18607	-0.15538	-0.14032	6.5103
967.09	-0.13525	-0.11732	-0.10473	-0.13601	-0.1417	-0.12706	-0.22524	-0.39706	-0.52596	-0.64284	-0.83466	-1.0065	-0.97748	-0.69467	0.30753	0.84501	0.82611	0.6232	0.44444	0.14172	-0.020823	-0.13108	-0.18531	-0.22851	-0.2097	-0.20468	-0.20307	-0.16171	-0.12636	-0.11002	6.2665
965.6	-0.073544	-0.043249	-0.065218	-0.13388	-0.10779	-0.14681	-0.26368	-0.40243	-0.52677	-0.66886	-0.77438	-0.99164	-0.97109	-0.5783	0.19697	0.78846	0.82738	0.58761	0.41702	0.11714	-0.044448	-0.1452	-0.19963	-0.22331	-0.21151	-0.22052	-0.19266	-0.17066	-0.11062	-0.094797	5.9712
964.64	0.00043547	-0.021518	-0.067664	-0.10982	-0.11929	-0.14866	-0.2774	-0.43221	-0.54493	-0.77806	-0.82797	-1.0667	-0.98787	-0.6494	0.22282	0.74787	0.80835	0.55671	0.40146	0.09327	-0.059448	-0.17568	-0.22011	-0.24736	-0.22358	-0.22307	-0.20052	-0.15921	-0.093973	-0.084879	5.7122
963.05	-0.01972	-0.029072	-0.086073	-0.091246	-0.11948	-0.18214	-0.30407	-0.43214	-0.54353	-0.80444	-0.82934	-1.0108	-0.86279	-0.65048	0.20606	0.84027	0.81207	0.56956	0.38156	0.087623	-0.065855	-0.16201	-0.22126	-0.22231	-0.22395	-0.19932	-0.16936	-0.13983	-0.068559	-0.053388	5.4713
959.54	0.0052919	-0.014085	-0.061637	-0.07432	-0.11376	-0.19906	-0.31871	-0.43132	-0.59486	-0.74862	-0.77043	-1.0144	-0.80235	-0.50316	0.27558	0.80176	0.81424	0.56651	0.37149	0.073804	-0.073218	-0.17167	-0.20952	-0.22233	-0.20315	-0.19926	-0.16381	-0.1177	-0.051968	-0.023383	5.2834
954.43	0.0028809	-0.027819	-0.073204	-0.07945	-0.12587	-0.20099	-0.31059	-0.43363	-0.58951	-0.74419	-0.82792	-0.95328	-0.70275	-0.42662	0.32889	0.92309	0.83465	0.55578	0.37501	0.069183	-0.071224	-0.15684	-0.19881	-0.22512	-0.20424	-0.18541	-0.15383	-0.11466	-0.033701	-0.0017126	5.1107
946.24	0.047218	0.034705	-0.029309	-0.073774	-0.12785	-0.2088	-0.31709	-0.44548	-0.56725	-0.70806	-0.70048	-0.97832	-0.73302	-0.39837	0.34047	1.0407	0.83297	0.54237	0.36275	0.066407	-0.064617	-0.1582	-0.20769	-0.21007	-0.1924	-0.18226	-0.14265	-0.092698	-0.031553	-0.017432	4.9182
938.69	0.016163	-0.0028213	-0.024646	-0.079981	-0.16579	-0.22097	-0.3473	-0.44661	-0.59073	-0.6966	-0.85086	-0.91004	-0.77954	-0.45794	0.32563	0.83656	0.83151	0.54062	0.33832	0.047387	-0.088596	-0.17969	-0.21176	-0.21829	-0.19624	-0.16696	-0.1375	-0.10613	-0.027709	-0.0049072	4.7863
932.73	0.017932	-0.00983	-0.019877	-0.085333	-0.16323	-0.2523	-0.3503	-0.47575	-0.59768	-0.80468	-0.84718	-0.96695	-0.83359	-0.32309	0.38077	0.87613	0.84422	0.54759	0.35621	0.040848	-0.094861	-0.1588	-0.20666	-0.21229	-0.18139	-0.17205	-0.13679	-0.080519	-0.0056095	0.020553	4.6484
924.32	0.033216	0.010454	-0.027518	-0.096697	-0.18757	-0.2546	-0.37065	-0.49085	-0.58631	-0.85558	-0.81817	-0.83825	-0.86593	-0.26877	0.35746	0.97907	0.86102	0.52061	0.34676	0.046398	-0.096547	-0.1765	-0.20365	-0.21256	-0.18226	-0.16226	-0.13643	-0.082009	-0.02481	0.014309	4.5089
915.37	0.042023	0.02638	-0.026112	-0.097642	-0.20879	-0.2804	-0.38767	-0.48728	-0.63488	-0.82875	-0.88181	-1.0374	-0.81607	-0.36225	0.37897	0.89275	0.85437	0.54453	0.35095	0.049468	-0.072603	-0.15922	-0.17769	-0.17196	-0.14107	-0.13028	-0.10221	-0.055253	0.011098	0.023378	4.4543
903.97	0.040836	0.057961	-0.037459	-0.10803	-0.20207	-0.26669	-0.38378	-0.49258	-0.61506	-0.66099	-0.66749	-0.82196	-0.60698	-0.34173	0.53887	1.0099	0.87277	0.56229	0.35619	0.056271	-0.07856	-0.1691	-0.18992	-0.18091	-0.16184	-0.13275	-0.10349	-0.049748	0.024859	0.05326	4.3982
894.69	0.056881	0.04561	-0.042129	-0.13523	-0.22589	-0.29239	-0.39582	-0.52852	-0.66113	-0.76687	-0.75033	-0.86601	-0.65591	-0.37907	0.53523	0.94907	0.88781	0.58005	0.34758	0.05507	-0.077676	-0.16643	-0.19357	-0.18792	-0.16671	-0.13748	-0.1087	-0.072193	0.016516	0.013952	4.33
889.04	0.063356	0.041825	-0.0941	-0.15811	-0.25014	-0.31364	-0.42998	-0.56204	-0.64203	-0.98919	-0.93658	-1.0234	-0.79733	-0.42401	0.39948	0.86534	0.88139	0.54588	0.35144	0.067987	-0.087565	-0.16571	-0.17194	-0.17877	-0.14686	-0.11812	-0.09275	-0.049794	0.037393	0.060842	4.3361
881.25	0.053343	0.012609	-0.077546	-0.17317	-0.27728	-0.35367	-0.4436	-0.56614	-0.76356	-0.90653	-0.94486	-1.0956	-0.76978	-0.50496	0.41238	0.90014	0.88745	0.55536	0.37286	0.078551	-0.059904	-0.14744	-0.1709	-0.16123	-0.14572	-0.11321	-0.084335	-0.045465	0.01502	0.052948	4.3679
874.63	0.059072	0.039203	-0.083387	-0.18481	-0.25909	-0.35165	-0.45932	-0.57129	-0.66614	-0.95943	-1.0782	-0.98577	-0.79304	-0.45691	0.33061	0.92519	0.89679	0.57927	0.38239	0.086444	-0.03518	-0.13861	-0.15928	-0.14931	-0.13456	-0.10207	-0.073131	-0.035393	0.048569	0.059295	4.3512
866.84	0.091851	0.046239	-0.083253	-0.19081	-0.28189	-0.34724	-0.45763	-0.59145	-0.65591	-0.8101	-0.78425	-0.93049	-0.75618	-0.4523	0.40018	0.92431	0.92076	0.59774	0.39852	0.094587	-0.04338	-0.13256	-0.16419	-0.15595	-0.12586	-0.10472	-0.07635	-0.03167	0.045454	0.0804	4.3543
861.71	0.06086	0.026341	-0.084637	-0.19544	-0.2767	-0.36359	-0.45449	-0.58075	-0.69158	-0.75883	-0.96628	-0.98211	-0.92	-0.48131	0.41215	0.9113	0.92179	0.6232	0.41281	0.10163	-0.040113	-0.13426	-0.14682	-0.15688	-0.11582	-0.089686	-0.065642	-0.026981	0.033222	0.067945	4.3633
860.75	0.060025	0.013749	-0.1141	-0.22539	-0.28977	-0.38593	-0.48852	-0.62679	-0.76111	-0.92812	-1.1055	-1.3062	-0.95647	-0.6136	0.27846	0.86596	0.92816	0.62676	0.4235	0.11194	-0.033981	-0.11236	-0.15398	-0.13837	-0.12675	-0.11068	-0.077749	-0.0099142	0.056503	0.049029	4.3664
859.47	0.057404	0.01967	-0.13121	-0.20559	-0.29905	-0.36645	-0.48337	-0.60901	-0.75278	-0.93887	-1.1368	-1.0956	-1.091	-0.6673	0.31726	0.96009	0.92509	0.65826	0.44461	0.12604	-0.015479	-0.11161	-0.13757	-0.15194	-0.10614	-0.11346	-0.071839	-0.0066696	0.047633	0.066394	4.3527
859.26	0.061034	0.022202	-0.11252	-0.20476	-0.31781	-0.38183	-0.507	-0.6261	-0.7831	-0.96723	-0.95917	-1.1883	-1.0646	-0.79944	0.25015	0.95105	0.91551	0.66893	0.46009	0.1465	-0.012832	-0.10336	-0.14111	-0.13772	-0.096175	-0.094303	-0.062386	0.00067029	0.048542	0.077652	4.3724
858.94	0.060152	0.0070345	-0.11702	-0.20922	-0.31006	-0.38292	-0.51642	-0.62722	-0.77736	-0.91132	-0.87055	-1.1703	-0.994	-0.6325	0.27905	0.98855	0.95599	0.68351	0.49613	0.17071	0.011034	-0.078542	-0.12276	-0.11547	-0.095379	-0.089103	-0.071884	-0.014832	0.050351	0.083736	4.5332
860.32	0.053737	-0.0064471	-0.12574	-0.243	-0.34197	-0.41093	-0.54409	-0.66985	-0.80105	-0.90049	-1.2146	-1.1499	-1.0545	-0.60512	0.32653	0.91277	0.9304	0.68909	0.50215	0.17229	0.026023	-0.078415	-0.12169	-0.11884	-0.097719	-0.095929	-0.064028	-0.014808	0.043114	0.049919	4.7121
865.13	0.026513	-0.013945	-0.15072	-0.27907	-0.36253	-0.45704	-0.57192	-0.70774	-0.78805	-1.0817	-1.2373	-1.3363	-1.2426	-0.95132	0.067308	0.79699	0.90841	0.68147	0.50021	0.17226	0.010078	-0.085291	-0.12449	-0.13413	-0.09635	-0.084134	-0.06966	-0.022014	0.039317	0.060806	4.8439
872.28	0.036088	-0.017153	-0.17144	-0.27074	-0.36925	-0.4514	-0.58541	-0.70897	-0.84604	-1.1282	-1.1395	-1.3163	-1.4597	-1.0562	0.066755	0.74472	0.90974	0.69093	0.51376	0.20012	0.012607	-0.078248	-0.11743	-0.12073	-0.089819	-0.080007	-0.042796	-0.016211	0.052227	0.053492	5.0122
878.16	0.021698	-0.03436	-0.16855	-0.26893	-0.38698	-0.45493	-0.59053	-0.7304	-0.87829	-1.0932	-1.3156	-1.416	-1.3978	-1.0147	0.0099525	0.74882	0.90715	0.7237	0.53205	0.21423	0.050569	-0.054313	-0.090071	-0.1016	-0.0713	-0.064964	-0.045036	-0.0073237	0.042239	0.045521	5.2137
883.92	0.025949	-0.016108	-0.14492	-0.26547	-0.3749	-0.46589	-0.59811	-0.73344	-0.86336	-1.0769	-1.1918	-1.4427	-1.3715	-1.0679	-0.092747	0.79812	0.9073	0.74499	0.57421	0.25437	0.083743	-0.018176	-0.069045	-0.074069	-0.048987	-0.047582	-0.012938	0.011748	0.05154	0.0696	5.4122
887.97	0.041572	-0.0054312	-0.14598	-0.27019	-0.37414	-0.46007	-0.58969	-0.7413	-0.84859	-1.0448	-1.3298	-1.3735	-1.4683	-1.0801	0.0098425	0.83042	0.89626	0.75083	0.60794	0.28736	0.11586	0.013965	-0.044147	-0.045261	-0.037486	-0.047365	-0.02621	0.021954	0.055638	0.065098	5.6365
